Survey,FIPS,FIPS,Region,Division,County,,1-unit,,,2-units,,,3-4 units,,,5+ units,,,1-unit rep,,,2-units rep,,,3-4 units rep,,, 5+units rep
Date,State,County,Code,Code,Name,Bldgs,Units,Value,Bldgs,Units,Value,Bldgs,Units,Value,Bldgs,Units,Value,Bldgs,Units,Value,Bldgs,Units,Value,Bldgs,Units,Value,Bldgs,Units,Value
 
200502,01,001,3,6,Autauga County                ,49,49,2458825,0,0,0,0,0,0,0,0,0,49,49,2458825,0,0,0,0,0,0,0,0,0
200502,01,007,3,6,Bibb County                   ,1,1,70000,0,0,0,0,0,0,0,0,0,0,0,0,0,0,0,0,0,0,0,0,0
200502,01,009,3,6,Blount County                 ,9,9,1246045,0,0,0,0,0,0,0,0,0,9,9,1246045,0,0,0,0,0,0,0,0,0
200502,01,021,3,6,Chilton County                ,5,5,1017000,0,0,0,0,0,0,0,0,0,5,5,1017000,0,0,0,0,0,0,0,0,0
200502,01,037,3,6,Coosa County                  ,0,0,0,0,0,0,0,0,0,3,44,2200000,0,0,0,0,0,0,0,0,0,3,44,2200000
200502,01,073,3,6,Jefferson County              ,520,520,95479767,0,0,0,0,0,0,0,0,0,484,484,91903171,0,0,0,0,0,0,0,0,0
200502,01,081,3,6,Lee County                    ,215,215,31291108,1,2,120537,0,0,0,6,69,4646024,215,215,31291108,1,2,120537,0,0,0,6,69,4646024
200502,01,115,3,6,St. Clair County              ,73,73,8669033,0,0,0,0,0,0,20,160,7950000,67,67,7769033,0,0,0,0,0,0,20,160,7950000
200502,01,117,3,6,Shelby County                 ,467,467,69837675,0,0,0,0,0,0,0,0,0,279,279,42403894,0,0,0,0,0,0,0,0,0
200502,01,127,3,6,Walker County                 ,7,7,874142,0,0,0,0,0,0,0,0,0,6,6,764000,0,0,0,0,0,0,0,0,0
200502,02,000,4,9,Alaska Balance of State       ,26,26,5012041,0,0,0,0,0,0,0,0,0,0,0,0,0,0,0,0,0,0,0,0,0
200502,02,013,4,9,Aleutians East Borough        ,0,0,0,0,0,0,0,0,0,0,0,0,0,0,0,0,0,0,0,0,0,0,0,0
200502,02,016,4,9,Aleutians West Census Area    ,2,2,203260,0,0,0,0,0,0,0,0,0,0,0,0,0,0,0,0,0,0,0,0,0
200502,02,020,4,9,Anchorage Borough             ,39,39,10982330,15,30,5079225,3,12,1708005,0,0,0,39,39,10982330,15,30,5079225,3,12,1708005,0,0,0
200502,02,050,4,9,Bethel Census Area            ,0,0,0,0,0,0,0,0,0,0,0,0,0,0,0,0,0,0,0,0,0,0,0,0
200502,02,060,4,9,Bristol Bay Borough           ,0,0,0,0,0,0,0,0,0,0,0,0,0,0,0,0,0,0,0,0,0,0,0,0
200502,02,090,4,9,Fairbanks North Star Borough  ,7,7,838648,0,0,0,0,0,0,0,0,0,5,5,655000,0,0,0,0,0,0,0,0,0
200502,02,100,4,9,Haines Borough                ,0,0,0,0,0,0,0,0,0,0,0,0,0,0,0,0,0,0,0,0,0,0,0,0
200502,02,110,4,9,Juneau Borough                ,2,2,544460,0,0,0,0,0,0,0,0,0,2,2,544460,0,0,0,0,0,0,0,0,0
200502,02,122,4,9,Kenai Peninsula Borough       ,10,10,1358278,0,0,0,0,0,0,0,0,0,6,6,634400,0,0,0,0,0,0,0,0,0
200502,02,130,4,9,Ketchikan Gateway Borough     ,1,1,163714,3,6,588969,1,3,212488,0,0,0,1,1,163714,3,6,588969,1,3,212488,0,0,0
200502,02,150,4,9,Kodiak Island Borough         ,6,6,1201656,0,0,0,0,0,0,0,0,0,2,2,551784,0,0,0,0,0,0,0,0,0
200502,02,170,4,9,Matanuska-Susitna Borough     ,25,25,3175443,4,8,785292,0,0,0,0,0,0,10,10,1525443,4,8,785292,0,0,0,0,0,0
200502,02,180,4,9,Nome Census Area              ,0,0,0,0,0,0,0,0,0,0,0,0,0,0,0,0,0,0,0,0,0,0,0,0
200502,02,185,4,9,North Slope Borough           ,1,1,163714,0,0,0,0,0,0,0,0,0,1,1,163714,0,0,0,0,0,0,0,0,0
200502,02,188,4,9,Northwest Arctic Borough      ,0,0,0,0,0,0,0,0,0,0,0,0,0,0,0,0,0,0,0,0,0,0,0,0
200502,02,201,4,9,Prince of Wales-Outer Ketchika,0,0,0,0,0,0,0,0,0,0,0,0,0,0,0,0,0,0,0,0,0,0,0,0
200502,02,220,4,9,Sitka Borough                 ,5,5,491273,2,4,291254,0,0,0,0,0,0,0,0,0,0,0,0,0,0,0,0,0,0
200502,02,232,4,9,Skagway-Hoonah-Angoon Census A,0,0,0,0,0,0,0,0,0,0,0,0,0,0,0,0,0,0,0,0,0,0,0,0
200502,02,261,4,9,Valdez-Cordova Census Area    ,2,2,550000,0,0,0,0,0,0,0,0,0,2,2,550000,0,0,0,0,0,0,0,0,0
200502,02,280,4,9,Wrangell-Petersburg Census Are,2,2,218980,0,0,0,0,0,0,0,0,0,2,2,218980,0,0,0,0,0,0,0,0,0
200502,02,282,4,9,Yakutat Borough               ,0,0,0,0,0,0,0,0,0,0,0,0,0,0,0,0,0,0,0,0,0,0,0,0
200502,02,290,4,9,Yukon-Koyukuk Census Area     ,0,0,0,0,0,0,0,0,0,0,0,0,0,0,0,0,0,0,0,0,0,0,0,0
200502,04,013,4,8,Maricopa County               ,6643,6643,1202463487,10,20,2490621,28,93,9605891,33,777,66448610,6523,6523,1189362910,10,20,2490621,28,93,9605891,32,772,66149367
200502,04,019,4,8,Pima County                   ,1509,1509,261586901,5,10,829502,3,12,1029194,1,9,600210,1313,1313,238693311,0,0,0,2,8,778010,0,0,0
200502,04,021,4,8,Pinal County                  ,1345,1345,166413477,2,4,230798,3,12,818000,2,40,2685678,1220,1220,151421039,1,2,117000,3,12,818000,0,0,0
200502,05,023,3,7,Cleburne County               ,9,9,563500,0,0,0,0,0,0,0,0,0,9,9,563500,0,0,0,0,0,0,0,0,0
200502,05,025,3,7,Cleveland County              ,0,0,0,0,0,0,0,0,0,0,0,0,0,0,0,0,0,0,0,0,0,0,0,0
200502,05,027,3,7,Columbia County               ,1,1,100000,0,0,0,0,0,0,0,0,0,1,1,100000,0,0,0,0,0,0,0,0,0
200502,05,035,3,7,Crittenden County             ,40,40,5194198,0,0,0,0,0,0,0,0,0,28,28,4668972,0,0,0,0,0,0,0,0,0
200502,05,059,3,7,Hot Spring County             ,0,0,0,0,0,0,0,0,0,0,0,0,0,0,0,0,0,0,0,0,0,0,0,0
200502,05,061,3,7,Howard County                 ,2,2,192787,0,0,0,0,0,0,0,0,0,0,0,0,0,0,0,0,0,0,0,0,0
200502,05,099,3,7,Nevada County                 ,42,42,6687560,0,0,0,0,0,0,1,5,448624,0,0,0,0,0,0,0,0,0,0,0,0
200502,06,001,4,9,Alameda County                ,114,114,40951025,0,0,0,1,3,564740,3,48,7739023,100,100,36728877,0,0,0,1,3,564740,1,22,5700424
200502,06,003,4,9,Alpine County                 ,0,0,0,0,0,0,0,0,0,0,0,0,0,0,0,0,0,0,0,0,0,0,0,0
200502,06,009,4,9,Calaveras County              ,108,108,28061598,0,0,0,1,3,329945,0,0,0,108,108,28061598,0,0,0,1,3,329945,0,0,0
200502,06,013,4,9,Contra Costa County           ,662,662,184257803,1,2,259715,0,0,0,5,121,13710847,629,629,177162853,1,2,259715,0,0,0,3,87,10630411
200502,06,017,4,9,El Dorado County              ,162,162,45702091,0,0,0,0,0,0,9,100,6504135,162,162,45702091,0,0,0,0,0,0,9,100,6504135
200502,06,033,4,9,Lake County                   ,64,64,11881255,0,0,0,0,0,0,0,0,0,64,64,11881255,0,0,0,0,0,0,0,0,0
200502,06,037,4,9,Los Angeles County            ,1576,1576,348869790,38,76,8155959,15,51,5092360,70,1875,199140987,1386,1386,297293309,36,72,7786771,9,32,3746568,58,1764,190277344
200502,06,041,4,9,Marin County                  ,50,50,16446259,0,0,0,0,0,0,4,56,6238600,41,41,13506757,0,0,0,0,0,0,4,56,6238600
200502,06,045,4,9,Mendocino County              ,33,33,2962458,1,2,195000,0,0,0,0,0,0,29,29,2559676,1,2,195000,0,0,0,0,0,0
200502,06,049,4,9,Modoc County                  ,1,1,229988,0,0,0,0,0,0,0,0,0,1,1,229988,0,0,0,0,0,0,0,0,0
200502,06,051,4,9,Mono County                   ,8,8,1516998,0,0,0,0,0,0,0,0,0,1,1,545372,0,0,0,0,0,0,0,0,0
200502,06,059,4,9,Orange County                 ,444,444,108157390,8,16,3023034,17,54,8093329,13,439,46363648,382,382,84805116,6,12,2354314,16,51,7673016,10,385,42399998
200502,06,061,4,9,Placer County                 ,696,696,159062857,0,0,0,0,0,0,1,20,1963634,687,687,157062002,0,0,0,0,0,0,1,20,1963634
200502,06,063,4,9,Plumas County                 ,14,14,1780026,0,0,0,0,0,0,0,0,0,14,14,1780026,0,0,0,0,0,0,0,0,0
200502,06,065,4,9,Riverside County              ,3472,3472,659438001,6,12,897532,4,12,1102353,27,374,22981103,3207,3207,612826745,5,10,716716,4,12,1102353,24,263,15182608
200502,06,067,4,9,Sacramento County             ,1208,1208,246160201,7,14,1418949,0,0,0,22,220,21636059,1208,1208,246160201,7,14,1418949,0,0,0,22,220,21636059
200502,06,069,4,9,San Benito County             ,14,14,2720264,0,0,0,0,0,0,0,0,0,14,14,2720264,0,0,0,0,0,0,0,0,0
200502,06,071,4,9,San Bernardino County         ,1792,1792,324319613,0,0,0,0,0,0,7,403,24468235,1606,1606,292754218,0,0,0,0,0,0,6,394,23933506
200502,06,073,4,9,San Diego County              ,1138,1138,267789432,15,30,2944847,24,84,7042552,63,2336,182676621,1133,1133,266625163,15,30,2944847,24,84,7042552,62,2325,182190862
200502,06,075,4,9,San Francisco County          ,8,8,1375690,5,10,1013535,5,16,1469803,4,59,4575642,8,8,1375690,5,10,1013535,5,16,1469803,4,59,4575642
200502,06,077,4,9,San Joaquin County            ,1181,1181,244002633,2,4,487381,0,0,0,1,6,513681,1062,1062,225116204,1,2,346757,0,0,0,1,6,513681
200502,06,081,4,9,San Mateo County              ,73,73,32985084,0,0,0,1,3,408541,4,31,4763130,50,50,19933271,0,0,0,1,3,408541,2,21,3130936
200502,06,085,4,9,Santa Clara County            ,340,340,96079378,1,2,269777,4,13,2043014,18,393,37759320,315,315,89333243,1,2,269777,4,13,2043014,17,324,30175125
200502,06,091,4,9,Sierra County                 ,1,1,146242,0,0,0,0,0,0,0,0,0,1,1,146242,0,0,0,0,0,0,0,0,0
200502,06,113,4,9,Yolo County                   ,212,212,50117633,4,8,1035253,0,0,0,0,0,0,204,204,48864596,4,8,1035253,0,0,0,0,0,0
200502,08,001,4,8,Adams County                  ,539,539,91697743,0,0,0,0,0,0,9,152,6202323,507,507,87227470,0,0,0,0,0,0,8,144,5753734
200502,08,005,4,8,Arapahoe County               ,384,384,86271693,0,0,0,2,8,900000,17,132,11882706,383,383,85697450,0,0,0,2,8,900000,17,132,11882706
200502,08,014,4,8,Broomfield County             ,69,69,16974764,2,4,494462,0,0,0,0,0,0,69,69,16974764,2,4,494462,0,0,0,0,0,0
200502,08,015,4,8,Chaffee County                ,16,16,2717777,0,0,0,0,0,0,0,0,0,16,16,2717777,0,0,0,0,0,0,0,0,0
200502,08,019,4,8,Clear Creek County            ,5,5,985714,0,0,0,0,0,0,0,0,0,4,4,887240,0,0,0,0,0,0,0,0,0
200502,08,023,4,8,Costilla County               ,0,0,0,0,0,0,0,0,0,0,0,0,0,0,0,0,0,0,0,0,0,0,0,0
200502,08,031,4,8,Denver County                 ,214,214,42158651,8,16,2466518,3,11,946251,7,213,18771224,214,214,42158651,8,16,2466518,3,11,946251,7,213,18771224
200502,08,033,4,8,Dolores County                ,1,1,163714,0,0,0,0,0,0,0,0,0,1,1,163714,0,0,0,0,0,0,0,0,0
200502,08,035,4,8,Douglas County                ,866,866,195004085,0,0,0,1,3,436113,1,20,2572256,863,863,193877193,0,0,0,1,3,436113,1,20,2572256
200502,08,039,4,8,Elbert County                 ,32,32,4718257,0,0,0,0,0,0,0,0,0,20,20,3021485,0,0,0,0,0,0,0,0,0
200502,08,041,4,8,El Paso County                ,1025,1025,144197393,1,2,429986,1,4,872539,6,84,11411661,1025,1025,144197393,1,2,429986,1,4,872539,6,84,11411661
200502,08,047,4,8,Gilpin County                 ,11,11,1501242,0,0,0,0,0,0,0,0,0,2,2,370270,0,0,0,0,0,0,0,0,0
200502,08,049,4,8,Grand County                  ,55,55,13039703,1,2,216781,1,3,243397,2,10,1104090,0,0,0,0,0,0,0,0,0,0,0,0
200502,08,059,4,8,Jefferson County              ,171,171,44322988,2,4,410132,4,12,1574947,1,5,468750,166,166,43602633,0,0,0,4,12,1574947,0,0,0
200502,08,069,4,8,Larimer County                ,342,342,65629766,3,6,953621,5,18,2103115,4,28,2727815,342,342,65629766,3,6,953621,5,18,2103115,4,28,2727815
200502,08,077,4,8,Mesa County                   ,190,190,32322771,0,0,0,0,0,0,0,0,0,190,190,32322771,0,0,0,0,0,0,0,0,0
200502,08,093,4,8,Park County                   ,25,25,2825614,0,0,0,0,0,0,0,0,0,25,25,2825614,0,0,0,0,0,0,0,0,0
200502,08,101,4,8,Pueblo County                 ,169,169,28896934,2,4,199098,0,0,0,0,0,0,169,169,28896934,2,4,199098,0,0,0,0,0,0
200502,08,107,4,8,Routt County                  ,19,19,6483999,0,0,0,0,0,0,1,16,1000000,19,19,6483999,0,0,0,0,0,0,1,16,1000000
200502,08,113,4,8,San Miguel County             ,2,2,2174554,0,0,0,0,0,0,0,0,0,2,2,2174554,0,0,0,0,0,0,0,0,0
200502,08,119,4,8,Teller County                 ,25,25,5947261,0,0,0,0,0,0,0,0,0,24,24,5797261,0,0,0,0,0,0,0,0,0
200502,08,123,4,8,Weld County                   ,561,561,98378539,0,0,0,1,3,487235,0,0,0,535,535,92784062,0,0,0,1,3,487235,0,0,0
200502,10,001,3,5,Kent County                   ,295,295,36034114,0,0,0,1,4,408549,0,0,0,288,288,35317752,0,0,0,1,4,408549,0,0,0
200502,10,003,3,5,New Castle County             ,285,285,25814836,0,0,0,0,0,0,6,62,1187309,161,161,15489549,0,0,0,0,0,0,0,0,0
200502,10,005,3,5,Sussex County                 ,572,572,74094960,0,0,0,0,0,0,0,0,0,572,572,74094960,0,0,0,0,0,0,0,0,0
200502,11,001,3,5,Washington  DC                ,25,25,4595275,0,0,0,2,7,501000,3,351,70402713,25,25,4595275,0,0,0,2,7,501000,3,351,70402713
200502,12,003,3,5,Baker County                  ,27,27,2829606,0,0,0,0,0,0,0,0,0,27,27,2829606,0,0,0,0,0,0,0,0,0
200502,12,009,3,5,Brevard County                ,806,806,140790710,0,0,0,4,16,1650096,10,86,20545206,355,355,70563655,0,0,0,4,16,1650096,9,75,19357026
200502,12,011,3,5,Broward County                ,532,532,91638209,10,20,1593975,8,30,2164751,20,235,22022683,417,417,75508489,9,18,1448022,4,16,1176955,11,121,14393130
200502,12,013,3,5,Calhoun County                ,12,12,1319000,0,0,0,0,0,0,0,0,0,12,12,1319000,0,0,0,0,0,0,0,0,0
200502,12,015,3,5,Charlotte County              ,430,430,75339038,8,16,1553040,5,19,2284500,10,136,14902034,417,417,73260633,7,14,1385000,3,12,1547000,9,127,13349878
200502,12,019,3,5,Clay County                   ,513,513,56248863,0,0,0,0,0,0,7,42,5579000,512,512,55848840,0,0,0,0,0,0,7,42,5579000
200502,12,021,3,5,Collier County                ,614,614,159168153,20,40,6464000,8,32,6050000,18,182,22420000,614,614,159168153,20,40,6464000,8,32,6050000,18,182,22420000
200502,12,023,3,5,Columbia County               ,78,78,7663507,0,0,0,0,0,0,0,0,0,78,78,7663507,0,0,0,0,0,0,0,0,0
200502,12,031,3,5,Duval County                  ,1065,1065,149688256,0,0,0,0,0,0,18,535,33658440,1063,1063,149229734,0,0,0,0,0,0,18,535,33658440
200502,12,033,3,5,Escambia County               ,402,402,55745248,0,0,0,3,9,673273,1,13,861146,402,402,55745248,0,0,0,3,9,673273,1,13,861146
200502,12,041,3,5,Gilchrist County              ,12,12,1444476,0,0,0,0,0,0,0,0,0,0,0,0,0,0,0,0,0,0,0,0,0
200502,12,047,3,5,Hamilton County               ,5,5,427570,0,0,0,0,0,0,0,0,0,5,5,427570,0,0,0,0,0,0,0,0,0
200502,12,049,3,5,Hardee County                 ,15,15,1486174,0,0,0,0,0,0,0,0,0,15,15,1486174,0,0,0,0,0,0,0,0,0
200502,12,053,3,5,Hernando County               ,666,666,89403143,1,2,144045,0,0,0,1,7,420000,666,666,89403143,1,2,144045,0,0,0,1,7,420000
200502,12,055,3,5,Highlands County              ,160,160,23503838,1,2,144804,0,0,0,3,15,993630,158,158,23353294,1,2,144804,0,0,0,3,15,993630
200502,12,057,3,5,Hillsborough County           ,2243,2243,344449321,42,84,9076699,10,40,7302628,5,290,25536568,2242,2242,344209593,42,84,9076699,10,40,7302628,5,290,25536568
200502,12,061,3,5,Indian River County           ,329,329,66182438,1,2,125000,5,19,3129972,6,78,7648758,125,125,23648170,1,2,125000,3,12,2177220,0,0,0
200502,12,063,3,5,Jackson County                ,36,36,3950650,0,0,0,0,0,0,0,0,0,36,36,3950650,0,0,0,0,0,0,0,0,0
200502,12,065,3,5,Jefferson County              ,20,20,2255428,4,8,658880,0,0,0,0,0,0,13,13,1420489,4,8,658880,0,0,0,0,0,0
200502,12,067,3,5,Lafayette County              ,4,4,438618,0,0,0,0,0,0,0,0,0,0,0,0,0,0,0,0,0,0,0,0,0
200502,12,069,3,5,Lake County                   ,838,838,110527916,4,8,529743,0,0,0,4,49,2521070,185,185,27152386,2,4,365243,0,0,0,0,0,0
200502,12,071,3,5,Lee County                    ,3460,3460,558657490,8,16,1029268,17,68,5982538,94,992,115812551,3460,3460,558657490,8,16,1029268,17,68,5982538,94,992,115812551
200502,12,073,3,5,Leon County                   ,263,263,38110180,10,20,1210955,2,8,598465,8,91,4901363,112,112,17199404,6,12,784018,2,8,598465,1,6,397452
200502,12,077,3,5,Liberty County                ,2,2,195967,0,0,0,0,0,0,0,0,0,0,0,0,0,0,0,0,0,0,0,0,0
200502,12,081,3,5,Manatee County                ,736,736,137900706,0,0,0,1,3,250000,9,174,9922574,731,731,136734087,0,0,0,1,3,250000,9,174,9922574
200502,12,083,3,5,Marion County                 ,982,982,127184092,14,28,1280000,1,4,175000,0,0,0,982,982,127184092,14,28,1280000,1,4,175000,0,0,0
200502,12,085,3,5,Martin County                 ,144,144,29869219,0,0,0,0,0,0,0,0,0,143,143,29311008,0,0,0,0,0,0,0,0,0
200502,12,086,3,5,Miami-Dade County             ,1487,1487,203427927,41,82,6674781,10,38,2022700,55,1534,245880787,1365,1365,184117836,41,82,6674781,9,35,1902700,48,1472,241064614
200502,12,089,3,5,Nassau County                 ,181,181,30011965,1,2,147420,0,0,0,0,0,0,173,173,28627136,1,2,147420,0,0,0,0,0,0
200502,12,095,3,5,Orange County                 ,1598,1598,250032575,0,0,0,2,8,1226720,47,1118,114064197,1597,1597,249564987,0,0,0,2,8,1226720,47,1118,114064197
200502,12,097,3,5,Osceola County                ,1054,1054,163690000,3,6,409891,0,0,0,1,18,747214,1054,1054,163690000,3,6,409891,0,0,0,1,18,747214
200502,12,099,3,5,Palm Beach County             ,1401,1401,327609849,1,2,165380,10,37,3092194,42,693,92358852,1305,1305,297050166,1,2,165380,10,37,3092194,37,605,83985850
200502,12,101,3,5,Pasco County                  ,980,980,151078867,9,18,970250,66,207,14114872,50,582,29297801,978,978,150811199,9,18,970250,66,207,14114872,50,582,29297801
200502,12,103,3,5,Pinellas County               ,371,371,63694790,1,2,405720,1,4,783360,5,154,12208380,366,366,62498550,0,0,0,1,4,783360,5,154,12208380
200502,12,105,3,5,Polk County                   ,1272,1272,144508002,2,4,244044,0,0,0,21,322,17621444,1245,1245,141631848,2,4,244044,0,0,0,21,322,17621444
200502,12,109,3,5,St. Johns County              ,690,690,190906413,1,2,127218,0,0,0,4,59,6179548,684,684,190037183,1,2,127218,0,0,0,4,59,6179548
200502,12,111,3,5,St. Lucie County              ,1332,1332,163661383,0,0,0,3,9,1106390,3,51,2697906,1326,1326,162798085,0,0,0,0,0,0,0,0,0
200502,12,113,3,5,Santa Rosa County             ,204,204,27881986,1,2,144804,0,0,0,0,0,0,204,204,27881986,1,2,144804,0,0,0,0,0,0
200502,12,115,3,5,Sarasota County               ,957,957,159920157,0,0,0,3,10,1503920,17,438,54502812,776,776,123622669,0,0,0,1,3,637500,12,397,49757106
200502,12,117,3,5,Seminole County               ,615,615,90181471,0,0,0,1,4,299232,0,0,0,615,615,90181471,0,0,0,1,4,299232,0,0,0
200502,12,119,3,5,Sumter County                 ,432,432,81285113,0,0,0,0,0,0,0,0,0,432,432,81285113,0,0,0,0,0,0,0,0,0
200502,12,123,3,5,Taylor County                 ,11,11,1483000,0,0,0,0,0,0,0,0,0,11,11,1483000,0,0,0,0,0,0,0,0,0
200502,12,125,3,5,Union County                  ,5,5,384990,0,0,0,0,0,0,0,0,0,5,5,384990,0,0,0,0,0,0,0,0,0
200502,12,127,3,5,Volusia County                ,818,818,139111631,3,6,633212,0,0,0,9,120,10844700,650,650,109677415,2,4,541863,0,0,0,0,0,0
200502,12,129,3,5,Wakulla County                ,58,58,7356728,0,0,0,0,0,0,0,0,0,58,58,7356728,0,0,0,0,0,0,0,0,0
200502,12,131,3,5,Walton County                 ,302,302,145331111,0,0,0,0,0,0,9,396,69597506,302,302,145331111,0,0,0,0,0,0,9,396,69597506
200502,13,005,3,5,Bacon County                  ,1,1,204000,0,0,0,0,0,0,0,0,0,1,1,204000,0,0,0,0,0,0,0,0,0
200502,13,013,3,5,Barrow County                 ,240,240,20014787,0,0,0,0,0,0,0,0,0,240,240,20014787,0,0,0,0,0,0,0,0,0
200502,13,015,3,5,Bartow County                 ,158,158,21783164,2,4,289607,3,12,897697,0,0,0,150,150,20778458,2,4,289607,3,12,897697,0,0,0
200502,13,029,3,5,Bryan County                  ,57,57,17654520,0,0,0,0,0,0,0,0,0,24,24,11354628,0,0,0,0,0,0,0,0,0
200502,13,035,3,5,Butts County                  ,33,33,3205000,0,0,0,0,0,0,0,0,0,32,32,3125000,0,0,0,0,0,0,0,0,0
200502,13,045,3,5,Carroll County                ,188,188,21048071,1,2,90000,0,0,0,2,15,800080,188,188,21048071,1,2,90000,0,0,0,2,15,800080
200502,13,057,3,5,Cherokee County               ,585,585,79304333,0,0,0,1,3,164000,0,0,0,585,585,79304333,0,0,0,1,3,164000,0,0,0
200502,13,059,3,5,Clarke County                 ,150,150,15765065,0,0,0,0,0,0,1,46,2259424,79,79,7871466,0,0,0,0,0,0,0,0,0
200502,13,063,3,5,Clayton County                ,210,210,27303542,0,0,0,0,0,0,0,0,0,210,210,27303542,0,0,0,0,0,0,0,0,0
200502,13,067,3,5,Cobb County                   ,691,691,124099219,0,0,454784,0,0,1795996,3,150,13894050,691,691,124099219,0,0,454784,0,0,1795996,3,150,13894050
200502,13,077,3,5,Coweta County                 ,307,307,46520457,0,0,0,0,0,0,0,0,0,307,307,46520457,0,0,0,0,0,0,0,0,0
200502,13,085,3,5,Dawson County                 ,70,70,11802544,0,0,0,0,0,0,0,0,0,70,70,11802544,0,0,0,0,0,0,0,0,0
200502,13,089,3,5,DeKalb County                 ,363,363,48129034,0,0,0,4,14,1047314,19,419,26786261,363,363,48129034,0,0,0,4,14,1047314,19,419,26786261
200502,13,097,3,5,Douglas County                ,264,264,19339470,0,0,0,0,0,0,0,0,0,264,264,19339470,0,0,0,0,0,0,0,0,0
200502,13,113,3,5,Fayette County                ,135,135,32342292,0,0,0,0,0,0,0,0,0,109,109,27074371,0,0,0,0,0,0,0,0,0
200502,13,117,3,5,Forsyth County                ,573,573,71001683,0,0,0,0,0,0,0,0,0,573,573,71001683,0,0,0,0,0,0,0,0,0
200502,13,121,3,5,Fulton County                 ,1242,1242,152875443,13,26,1938043,0,0,0,16,1143,75763396,1181,1181,146284410,12,24,1737643,0,0,0,15,1138,75383396
200502,13,127,3,5,Glynn County                  ,115,115,24060915,0,0,0,0,0,0,0,0,0,115,115,24060915,0,0,0,0,0,0,0,0,0
200502,13,129,3,5,Gordon County                 ,84,84,10848099,0,0,0,4,15,603750,0,0,0,71,71,9530800,0,0,0,3,12,440000,0,0,0
200502,13,133,3,5,Greene County                 ,26,26,9699162,0,0,0,0,0,0,0,0,0,26,26,9699162,0,0,0,0,0,0,0,0,0
200502,13,135,3,5,Gwinnett County               ,1541,1541,182930399,0,0,0,0,0,0,0,0,0,1532,1532,181932026,0,0,0,0,0,0,0,0,0
200502,13,143,3,5,Haralson County               ,36,36,3807972,0,0,0,1,3,175000,0,0,0,34,34,3627881,0,0,0,0,0,0,0,0,0
200502,13,145,3,5,Harris County                 ,83,83,18723185,0,0,0,0,0,0,0,0,0,83,83,18723185,0,0,0,0,0,0,0,0,0
200502,13,149,3,5,Heard County                  ,11,11,1386755,0,0,0,0,0,0,0,0,0,0,0,0,0,0,0,0,0,0,0,0,0
200502,13,151,3,5,Henry County                  ,603,603,104952000,0,0,0,0,0,0,3,39,1706609,559,559,101095466,0,0,0,0,0,0,0,0,0
200502,13,157,3,5,Jackson County                ,123,123,22063510,0,0,0,0,0,0,0,0,0,123,123,22063510,0,0,0,0,0,0,0,0,0
200502,13,159,3,5,Jasper County                 ,22,22,2174829,0,0,0,0,0,0,0,0,0,10,10,991800,0,0,0,0,0,0,0,0,0
200502,13,169,3,5,Jones County                  ,53,53,6478000,0,0,0,0,0,0,0,0,0,53,53,6478000,0,0,0,0,0,0,0,0,0
200502,13,171,3,5,Lamar County                  ,33,33,3785200,0,0,0,0,0,0,0,0,0,33,33,3785200,0,0,0,0,0,0,0,0,0
200502,13,177,3,5,Lee County                    ,61,61,6971462,0,0,0,0,0,0,0,0,0,0,0,0,0,0,0,0,0,0,0,0,0
200502,13,189,3,5,McDuffie County               ,7,7,1211000,0,0,0,0,0,0,0,0,0,7,7,1211000,0,0,0,0,0,0,0,0,0
200502,13,199,3,5,Meriwether County             ,15,15,1956035,0,0,0,0,0,0,1,5,138944,3,3,393353,0,0,0,0,0,0,0,0,0
200502,13,211,3,5,Morgan County                 ,42,42,6470087,0,0,0,0,0,0,1,6,324306,26,26,4088000,0,0,0,0,0,0,0,0,0
200502,13,215,3,5,Muscogee County               ,152,152,16817072,0,0,0,1,4,193344,0,0,0,152,152,16817072,0,0,0,1,4,193344,0,0,0
200502,13,217,3,5,Newton County                 ,292,292,38460280,0,0,0,0,0,0,0,0,0,292,292,38460280,0,0,0,0,0,0,0,0,0
200502,13,223,3,5,Paulding County               ,520,520,60634856,0,0,0,0,0,0,0,0,0,520,520,60634856,0,0,0,0,0,0,0,0,0
200502,13,227,3,5,Pickens County                ,77,77,15345396,0,0,0,0,0,0,1,17,676136,75,75,15150496,0,0,0,0,0,0,0,0,0
200502,13,231,3,5,Pike County                   ,35,35,3878609,0,0,0,0,0,0,0,0,0,0,0,0,0,0,0,0,0,0,0,0,0
200502,13,237,3,5,Putnam County                 ,40,40,7085798,0,0,0,0,0,0,0,0,0,19,19,4000000,0,0,0,0,0,0,0,0,0
200502,13,239,3,5,Quitman County                ,0,0,0,0,0,0,0,0,0,0,0,0,0,0,0,0,0,0,0,0,0,0,0,0
200502,13,247,3,5,Rockdale County               ,104,104,14757444,0,0,0,0,0,0,0,0,0,104,104,14757444,0,0,0,0,0,0,0,0,0
200502,13,255,3,5,Spalding County               ,105,105,11783069,0,0,0,0,0,0,0,0,0,105,105,11783069,0,0,0,0,0,0,0,0,0
200502,13,291,3,5,Union County                  ,79,79,10346804,0,0,0,0,0,0,0,0,0,79,79,10346804,0,0,0,0,0,0,0,0,0
200502,13,297,3,5,Walton County                 ,292,292,38879909,0,0,0,1,4,230000,0,0,0,282,282,37997769,0,0,0,1,4,230000,0,0,0
200502,13,313,3,5,Whitfield County              ,65,65,7790908,0,0,0,2,7,383740,5,34,1679680,0,0,0,0,0,0,0,0,0,0,0,0
200502,13,321,3,5,Worth County                  ,11,11,1218579,0,0,0,0,0,0,0,0,0,11,11,1218579,0,0,0,0,0,0,0,0,0
200502,15,001,4,9,Hawaii County                 ,340,340,69441413,0,0,0,0,0,0,0,0,0,340,340,69441413,0,0,0,0,0,0,0,0,0
200502,15,003,4,9,Honolulu County               ,389,389,64709183,9,18,2052482,1,3,432000,1,35,6428714,157,157,25703034,6,12,1177939,0,0,0,0,0,0
200502,15,007,4,9,Kauai County                  ,77,77,23538869,0,0,0,0,0,0,1,5,668100,38,38,12160200,0,0,0,0,0,0,0,0,0
200502,15,009,4,9,Maui County                   ,128,128,22011034,4,8,810828,0,0,0,6,36,2791917,128,128,22011034,4,8,810828,0,0,0,6,36,2791917
200502,16,001,4,8,Ada County                    ,866,866,166107702,14,28,3674737,8,32,6268000,0,0,0,735,735,138866994,14,28,3674737,8,32,6268000,0,0,0
200502,16,015,4,8,Boise County                  ,16,16,1859222,0,0,0,0,0,0,0,0,0,16,16,1859222,0,0,0,0,0,0,0,0,0
200502,16,027,4,8,Canyon County                 ,420,420,56289873,4,8,523451,10,40,1936550,0,0,0,420,420,56289873,4,8,523451,10,40,1936550,0,0,0
200502,16,045,4,8,Gem County                    ,17,17,2386368,0,0,0,0,0,0,0,0,0,17,17,2386368,0,0,0,0,0,0,0,0,0
200502,16,073,4,8,Owyhee County                 ,12,12,1075242,0,0,0,0,0,0,0,0,0,9,9,805584,0,0,0,0,0,0,0,0,0
200502,17,005,2,3,Bond County                   ,2,2,221045,1,2,280000,0,0,0,0,0,0,2,2,221045,1,2,280000,0,0,0,0,0,0
200502,17,013,2,3,Calhoun County                ,1,1,75000,0,0,0,0,0,0,0,0,0,1,1,75000,0,0,0,0,0,0,0,0,0
200502,17,027,2,3,Clinton County                ,25,25,3998336,0,0,0,0,0,0,0,0,0,18,18,3057400,0,0,0,0,0,0,0,0,0
200502,17,031,2,3,Cook County                   ,580,580,135884449,7,14,1402895,81,267,23187956,48,1028,71537662,515,515,120255871,7,14,1402895,81,267,23187956,44,970,67328928
200502,17,037,2,3,DeKalb County                 ,77,77,14429241,1,2,193250,3,12,745275,2,10,407778,55,55,11446525,0,0,0,3,12,745275,0,0,0
200502,17,039,2,3,De Witt County                ,3,3,520618,0,0,0,0,0,0,0,0,0,3,3,520618,0,0,0,0,0,0,0,0,0
200502,17,043,2,3,DuPage County                 ,481,481,128872814,2,4,720000,3,11,1159252,2,30,2999631,443,443,116423157,2,4,720000,3,11,1159252,1,24,2000016
200502,17,063,2,3,Grundy County                 ,35,35,6914213,1,2,185000,0,0,0,1,5,256410,22,22,4357532,0,0,0,0,0,0,0,0,0
200502,17,083,2,3,Jersey County                 ,9,9,1256212,0,0,0,0,0,0,0,0,0,5,5,813433,0,0,0,0,0,0,0,0,0
200502,17,089,2,3,Kane County                   ,620,620,131570548,1,2,277786,0,0,0,0,0,0,585,585,122476160,1,2,277786,0,0,0,0,0,0
200502,17,093,2,3,Kendall County                ,144,144,24886251,1,2,320000,2,8,909694,0,0,0,144,144,24886251,1,2,320000,2,8,909694,0,0,0
200502,17,097,2,3,Lake County                   ,446,446,98062569,0,0,0,3,10,1315483,6,112,11448200,381,381,86898648,0,0,0,3,10,1315483,4,102,10623200
200502,17,111,2,3,McHenry County                ,182,182,35929930,2,4,450710,14,56,4582648,2,14,707250,167,167,33519788,0,0,0,14,56,4582648,0,0,0
200502,17,117,2,3,Macoupin County               ,18,18,2682155,0,0,0,0,0,0,0,0,0,16,16,2452614,0,0,0,0,0,0,0,0,0
200502,17,119,2,3,Madison County                ,171,171,31126470,0,0,0,2,6,356468,1,20,300000,158,158,29785306,0,0,0,0,0,0,1,20,300000
200502,17,133,2,3,Monroe County                 ,50,50,7590020,0,0,0,1,4,550000,0,0,0,46,46,7211078,0,0,0,1,4,550000,0,0,0
200502,17,163,2,3,St. Clair County              ,194,194,29920670,4,8,779840,0,0,0,1,5,202083,137,137,20750985,1,2,150000,0,0,0,0,0,0
200502,17,197,2,3,Will County                   ,826,826,166133670,1,2,250000,0,0,0,1,5,317560,814,814,164747741,1,2,250000,0,0,0,0,0,0
200502,18,001,2,3,Adams County                  ,10,10,1244100,0,0,0,0,0,0,0,0,0,10,10,1244100,0,0,0,0,0,0,0,0,0
200502,18,003,2,3,Allen County                  ,198,198,35823985,0,0,0,0,0,0,1,36,846000,198,198,35823985,0,0,0,0,0,0,1,36,846000
200502,18,011,2,3,Boone County                  ,72,72,14501265,0,0,0,0,0,0,0,0,0,72,72,14501265,0,0,0,0,0,0,0,0,0
200502,18,013,2,3,Brown County                  ,8,8,684361,0,0,0,0,0,0,0,0,0,2,2,325373,0,0,0,0,0,0,0,0,0
200502,18,019,2,3,Clark County                  ,147,147,23188249,2,4,400000,0,0,0,0,0,0,145,145,23002781,2,4,400000,0,0,0,0,0,0
200502,18,029,2,3,Dearborn County               ,21,21,3294400,0,0,0,0,0,0,0,0,0,21,21,3294400,0,0,0,0,0,0,0,0,0
200502,18,043,2,3,Floyd County                  ,36,36,7011490,0,0,0,0,0,0,0,0,0,28,28,6128667,0,0,0,0,0,0,0,0,0
200502,18,047,2,3,Franklin County               ,3,3,448000,0,0,0,0,0,0,0,0,0,3,3,448000,0,0,0,0,0,0,0,0,0
200502,18,057,2,3,Hamilton County               ,465,465,94914082,0,0,0,8,28,2353653,0,0,0,463,463,94840332,0,0,0,8,28,2353653,0,0,0
200502,18,059,2,3,Hancock County                ,104,104,17832401,0,0,0,0,0,0,0,0,0,104,104,17832401,0,0,0,0,0,0,0,0,0
200502,18,061,2,3,Harrison County               ,12,12,1461960,0,0,0,0,0,0,0,0,0,12,12,1461960,0,0,0,0,0,0,0,0,0
200502,18,063,2,3,Hendricks County              ,189,189,31150966,1,2,231440,0,0,0,0,0,0,185,185,30528488,1,2,231440,0,0,0,0,0,0
200502,18,065,2,3,Henry County                  ,13,13,1643974,4,8,560000,1,3,86000,1,50,2352700,13,13,1643974,4,8,560000,1,3,86000,1,50,2352700
200502,18,069,2,3,Huntington County             ,18,18,2484935,0,0,0,0,0,0,0,0,0,18,18,2484935,0,0,0,0,0,0,0,0,0
200502,18,073,2,3,Jasper County                 ,21,21,2858561,0,0,0,0,0,0,0,0,0,18,18,2481867,0,0,0,0,0,0,0,0,0
200502,18,079,2,3,Jennings County               ,11,11,819805,0,0,0,0,0,0,0,0,0,11,11,819805,0,0,0,0,0,0,0,0,0
200502,18,081,2,3,Johnson County                ,150,150,24790432,1,2,97625,1,4,300000,0,0,0,148,148,24522440,0,0,0,1,4,300000,0,0,0
200502,18,087,2,3,Lagrange County               ,13,13,1062013,0,0,0,0,0,0,0,0,0,0,0,0,0,0,0,0,0,0,0,0,0
200502,18,089,2,3,Lake County                   ,188,188,34720096,17,34,4365924,10,37,2433304,1,5,299102,174,174,32800858,15,30,4068240,6,23,1392000,0,0,0
200502,18,097,2,3,Marion County                 ,310,310,49159424,9,18,2115593,1,4,475000,8,317,16970560,310,310,49159424,9,18,2115593,1,4,475000,8,317,16970560
200502,18,109,2,3,Morgan County                 ,27,27,5598624,0,0,0,0,0,0,0,0,0,27,27,5598624,0,0,0,0,0,0,0,0,0
200502,18,111,2,3,Newton County                 ,3,3,323000,0,0,0,0,0,0,0,0,0,3,3,323000,0,0,0,0,0,0,0,0,0
200502,18,115,2,3,Ohio County                   ,4,4,453000,0,0,0,0,0,0,0,0,0,4,4,453000,0,0,0,0,0,0,0,0,0
200502,18,125,2,3,Pike County                   ,2,2,199224,0,0,0,0,0,0,0,0,0,0,0,0,0,0,0,0,0,0,0,0,0
200502,18,127,2,3,Porter County                 ,140,140,28256732,3,6,620000,0,0,0,1,6,500000,140,140,28256732,3,6,620000,0,0,0,1,6,500000
200502,18,133,2,3,Putnam County                 ,14,14,1846550,1,2,260000,0,0,0,0,0,0,3,3,494450,1,2,260000,0,0,0,0,0,0
200502,18,145,2,3,Shelby County                 ,48,48,6112268,1,2,86000,1,3,0,0,0,0,48,48,6112268,1,2,86000,0,0,0,0,0,0
200502,18,155,2,3,Switzerland County            ,9,9,524396,0,0,0,0,0,0,0,0,0,0,0,0,0,0,0,0,0,0,0,0,0
200502,18,157,2,3,Tippecanoe County             ,88,88,13557332,0,0,0,0,0,0,0,0,0,88,88,13557332,0,0,0,0,0,0,0,0,0
200502,18,163,2,3,Vanderburgh County            ,99,99,12209900,0,0,0,5,20,757185,0,0,0,99,99,12209900,0,0,0,5,20,757185,0,0,0
200502,18,167,2,3,Vigo County                   ,33,33,3833210,4,8,681332,1,3,195719,1,5,174500,20,20,2162929,4,8,681332,1,3,195719,0,0,0
200502,18,175,2,3,Washington County             ,7,7,959400,0,0,0,0,0,0,0,0,0,3,3,431400,0,0,0,0,0,0,0,0,0
200502,18,179,2,3,Wells County                  ,11,11,1789554,0,0,0,0,0,0,0,0,0,11,11,1789554,0,0,0,0,0,0,0,0,0
200502,18,181,2,3,White County                  ,3,3,392492,0,0,0,0,0,0,0,0,0,3,3,392492,0,0,0,0,0,0,0,0,0
200502,19,049,2,4,Dallas County                 ,38,38,6860777,0,0,0,0,0,0,0,0,0,35,35,6494110,0,0,0,0,0,0,0,0,0
200502,19,077,2,4,Guthrie County                ,4,4,952000,0,0,0,0,0,0,0,0,0,4,4,952000,0,0,0,0,0,0,0,0,0
200502,19,085,2,4,Harrison County               ,3,3,488060,0,0,0,0,0,0,0,0,0,3,3,488060,0,0,0,0,0,0,0,0,0
200502,19,121,2,4,Madison County                ,13,13,2062144,0,0,0,0,0,0,0,0,0,3,3,465000,0,0,0,0,0,0,0,0,0
200502,19,129,2,4,Mills County                  ,1,1,200000,0,0,0,0,0,0,0,0,0,1,1,200000,0,0,0,0,0,0,0,0,0
200502,19,153,2,4,Polk County                   ,398,398,65742102,0,0,0,0,0,0,1,18,1913047,395,395,65405442,0,0,0,0,0,0,1,18,1913047
200502,19,155,2,4,Pottawattamie County          ,49,49,7910324,0,0,0,0,0,0,1,8,487227,40,40,6749035,0,0,0,0,0,0,0,0,0
200502,19,181,2,4,Warren County                 ,28,28,4396901,2,4,484183,0,0,0,0,0,0,27,27,4209414,2,4,484183,0,0,0,0,0,0
200502,20,055,2,4,Finney County                 ,1,1,70000,0,0,0,0,0,0,0,0,0,1,1,70000,0,0,0,0,0,0,0,0,0
200502,20,059,2,4,Franklin County               ,8,8,1091600,0,0,0,1,4,165000,0,0,0,7,7,1027850,0,0,0,1,4,165000,0,0,0
200502,20,063,2,4,Gove County                   ,0,0,0,0,0,0,0,0,0,0,0,0,0,0,0,0,0,0,0,0,0,0,0,0
200502,20,091,2,4,Johnson County                ,434,434,98272899,0,0,0,4,12,1196200,0,0,0,434,434,98272899,0,0,0,4,12,1196200,0,0,0
200502,20,103,2,4,Leavenworth County            ,68,68,8968793,1,2,190220,0,0,0,0,0,0,68,68,8968793,1,2,190220,0,0,0,0,0,0
200502,20,121,2,4,Miami County                  ,28,28,4560759,0,0,0,0,0,0,0,0,0,13,13,2044909,0,0,0,0,0,0,0,0,0
200502,20,129,2,4,Morton County                 ,0,0,0,0,0,0,0,0,0,0,0,0,0,0,0,0,0,0,0,0,0,0,0,0
200502,20,151,2,4,Pratt County                  ,0,0,0,0,0,0,0,0,0,0,0,0,0,0,0,0,0,0,0,0,0,0,0,0
200502,20,183,2,4,Smith County                  ,0,0,0,0,0,0,0,0,0,0,0,0,0,0,0,0,0,0,0,0,0,0,0,0
200502,20,209,2,4,Wyandotte County              ,82,82,10634806,3,6,510000,0,0,0,0,0,0,82,82,10634806,3,6,510000,0,0,0,0,0,0
200502,21,005,3,6,Anderson County               ,39,39,3391590,0,0,0,0,0,0,0,0,0,39,39,3391590,0,0,0,0,0,0,0,0,0
200502,21,015,3,6,Boone County                  ,190,190,23664806,0,0,0,0,0,0,1,24,1162264,190,190,23664806,0,0,0,0,0,0,1,24,1162264
200502,21,021,3,6,Boyle County                  ,13,13,1830500,0,0,0,0,0,0,0,0,0,13,13,1830500,0,0,0,0,0,0,0,0,0
200502,21,029,3,6,Bullitt County                ,137,137,17331771,0,0,0,0,0,0,0,0,0,137,137,17331771,0,0,0,0,0,0,0,0,0
200502,21,037,3,6,Campbell County               ,38,38,5325355,0,0,0,0,0,0,2,16,765156,11,11,1466636,0,0,0,0,0,0,0,0,0
200502,21,049,3,6,Clark County                  ,62,62,5908374,0,0,0,0,0,0,0,0,0,0,0,0,0,0,0,0,0,0,0,0,0
200502,21,059,3,6,Daviess County                ,43,43,4114053,2,4,172120,1,4,135200,0,0,0,43,43,4114053,2,4,172120,1,4,135200,0,0,0
200502,21,067,3,6,Fayette County                ,336,336,45189666,1,2,151333,0,0,0,1,7,356041,144,144,20820700,0,0,0,0,0,0,0,0,0
200502,21,077,3,6,Gallatin County               ,2,2,200000,0,0,0,0,0,0,0,0,0,2,2,200000,0,0,0,0,0,0,0,0,0
200502,21,081,3,6,Grant County                  ,16,16,1830000,2,4,200000,0,0,0,0,0,0,16,16,1830000,2,4,200000,0,0,0,0,0,0
200502,21,103,3,6,Henry County                  ,6,6,795000,0,0,0,0,0,0,0,0,0,6,6,795000,0,0,0,0,0,0,0,0,0
200502,21,111,3,6,Jefferson County              ,465,465,62699153,0,0,0,2,6,286619,5,63,2856666,196,196,26894851,0,0,0,0,0,0,0,0,0
200502,21,113,3,6,Jessamine County              ,105,105,17723005,2,4,232000,0,0,0,0,0,0,105,105,17723005,2,4,232000,0,0,0,0,0,0
200502,21,117,3,6,Kenton County                 ,132,132,17405399,0,0,0,0,0,0,5,28,999622,90,90,13538833,0,0,0,0,0,0,0,0,0
200502,21,137,3,6,Lincoln County                ,15,15,1964583,0,0,0,0,0,0,0,0,0,15,15,1964583,0,0,0,0,0,0,0,0,0
200502,21,151,3,6,Madison County                ,56,56,5345757,5,10,624388,4,16,565000,2,11,377285,13,13,1391000,0,0,0,4,16,565000,0,0,0
200502,21,157,3,6,Marshall County               ,15,15,1818135,0,0,0,0,0,0,0,0,0,0,0,0,0,0,0,0,0,0,0,0,0
200502,21,163,3,6,Meade County                  ,21,21,2037600,0,0,0,0,0,0,0,0,0,20,20,1972600,0,0,0,0,0,0,0,0,0
200502,21,167,3,6,Mercer County                 ,21,21,1810655,0,0,0,1,4,187560,0,0,0,21,21,1810655,0,0,0,1,4,187560,0,0,0
200502,21,179,3,6,Nelson County                 ,111,111,11458500,0,0,0,0,0,0,0,0,0,111,111,11458500,0,0,0,0,0,0,0,0,0
200502,21,185,3,6,Oldham County                 ,79,79,16068034,0,0,0,0,0,0,1,14,899231,22,22,3006881,0,0,0,0,0,0,0,0,0
200502,21,191,3,6,Pendleton County              ,0,0,0,0,0,0,0,0,0,0,0,0,0,0,0,0,0,0,0,0,0,0,0,0
200502,21,209,3,6,Scott County                  ,101,101,13262650,1,2,156900,0,0,0,3,18,810000,101,101,13262650,1,2,156900,0,0,0,3,18,810000
200502,21,211,3,6,Shelby County                 ,77,77,12030838,0,0,0,3,12,859000,0,0,0,77,77,12030838,0,0,0,3,12,859000,0,0,0
200502,21,213,3,6,Simpson County                ,14,14,1219846,0,0,0,0,0,0,0,0,0,14,14,1219846,0,0,0,0,0,0,0,0,0
200502,21,215,3,6,Spencer County                ,30,30,4100292,0,0,0,0,0,0,0,0,0,30,30,4100292,0,0,0,0,0,0,0,0,0
200502,21,221,3,6,Trigg County                  ,3,3,229685,0,0,0,0,0,0,0,0,0,0,0,0,0,0,0,0,0,0,0,0,0
200502,21,239,3,6,Woodford County               ,15,15,2874647,1,2,126000,0,0,0,0,0,0,4,4,732000,0,0,0,0,0,0,0,0,0
200502,22,051,3,7,Jefferson Parish              ,211,211,32453152,2,4,265000,0,0,0,0,0,0,208,208,32249928,2,4,265000,0,0,0,0,0,0
200502,22,071,3,7,Orleans Parish                ,87,87,11600390,16,32,16512472,3,10,695593,0,0,0,41,41,5603733,6,12,868821,0,0,0,0,0,0
200502,22,075,3,7,Plaquemines Parish            ,12,12,1119840,0,0,0,0,0,0,0,0,0,12,12,1119840,0,0,0,0,0,0,0,0,0
200502,22,087,3,7,St. Bernard Parish            ,10,10,1472000,0,0,0,0,0,0,0,0,0,10,10,1472000,0,0,0,0,0,0,0,0,0
200502,22,089,3,7,St. Charles Parish            ,61,61,9854125,0,0,0,0,0,0,0,0,0,61,61,9854125,0,0,0,0,0,0,0,0,0
200502,22,095,3,7,St. John the Baptist Parish   ,31,31,3443775,0,0,0,0,0,0,0,0,0,31,31,3443775,0,0,0,0,0,0,0,0,0
200502,22,103,3,7,St. Tammany Parish            ,672,672,105779549,0,0,0,0,0,0,1,5,400000,651,651,101823093,0,0,0,0,0,0,0,0,0
200502,22,109,3,7,Terrebonne Parish             ,70,70,5359664,0,0,0,0,0,0,0,0,0,70,70,5359664,0,0,0,0,0,0,0,0,0
200502,23,000,1,1,Maine Unorganized Territory   ,22,22,2921604,0,0,0,0,0,0,0,0,0,0,0,0,0,0,0,0,0,0,0,0,0
200502,24,003,3,5,Anne Arundel County           ,305,305,40296793,0,0,0,0,0,0,4,50,5254316,293,293,38724867,0,0,0,0,0,0,4,50,5254316
200502,24,005,3,5,Baltimore County              ,163,163,27773412,0,0,0,3,12,897697,4,53,3818470,163,163,27773412,0,0,0,3,12,897697,4,53,3818470
200502,24,009,3,5,Calvert County                ,85,85,14415680,0,0,0,0,0,0,0,0,0,85,85,14415680,0,0,0,0,0,0,0,0,0
200502,24,013,3,5,Carroll County                ,108,108,18572321,6,12,2100000,1,3,224424,0,0,0,108,108,18572321,6,12,2100000,1,3,224424,0,0,0
200502,24,015,3,5,Cecil County                  ,99,99,17403886,0,0,0,1,3,270000,2,53,1259616,36,36,5955980,0,0,0,0,0,0,1,42,722400
200502,24,017,3,5,Charles County                ,144,144,30170236,0,0,0,1,3,231250,1,30,1900000,128,128,27697193,0,0,0,0,0,0,1,30,1900000
200502,24,021,3,5,Frederick County              ,148,148,18918611,0,0,0,0,0,0,0,0,157500,148,148,18918611,0,0,0,0,0,0,0,0,157500
200502,24,023,3,5,Garrett County                ,17,17,3837450,0,0,0,0,0,0,0,0,0,17,17,3837450,0,0,0,0,0,0,0,0,0
200502,24,025,3,5,Harford County                ,250,250,40034010,0,0,0,0,0,0,6,64,5580000,250,250,40034010,0,0,0,0,0,0,6,64,5580000
200502,24,027,3,5,Howard County                 ,165,165,26667152,0,0,0,0,0,0,2,127,8412734,165,165,26667152,0,0,0,0,0,0,2,127,8412734
200502,24,031,3,5,Montgomery County             ,358,358,82639220,0,0,0,0,0,0,2,183,11985164,343,343,80865515,0,0,0,0,0,0,1,156,10333752
200502,24,033,3,5,Prince George's County        ,396,396,66259774,0,0,0,0,0,0,0,0,0,396,396,66259774,0,0,0,0,0,0,0,0,0
200502,24,035,3,5,Queen Anne's County           ,32,32,7166400,0,0,0,0,0,0,0,0,0,30,30,6737200,0,0,0,0,0,0,0,0,0
200502,24,510,3,5,Baltimore (Independent City)  ,48,48,4282770,0,0,0,0,0,0,1,40,2974220,30,30,2960000,0,0,0,0,0,0,0,0,0
200502,25,009,1,1,Essex County                  ,103,103,25683913,6,12,1126652,1,3,283333,7,75,5555287,68,68,18806276,2,4,274000,0,0,0,1,7,300000
200502,25,017,1,1,Middlesex County              ,272,272,56019808,14,28,3587865,5,19,1851424,10,527,56163242,211,211,45302115,9,18,2458997,3,12,1373800,5,489,52751020
200502,25,019,1,1,Nantucket County              ,33,33,11605200,0,0,0,0,0,0,0,0,0,33,33,11605200,0,0,0,0,0,0,0,0,0
200502,25,021,1,1,Norfolk County                ,145,145,40352596,0,0,0,1,4,421000,5,149,16210665,136,136,38052741,0,0,0,1,4,421000,1,15,1737000
200502,25,023,1,1,Plymouth County               ,195,195,35100206,3,6,530154,3,12,1159048,2,10,632812,135,135,26061608,1,2,178081,3,12,1159048,0,0,0
200502,25,025,1,1,Suffolk County                ,2,2,327158,8,16,1505594,4,12,948519,2,36,2387124,2,2,327158,8,16,1505594,4,12,948519,2,36,2387124
200502,26,000,2,3,Michigan Balance of State     ,19,19,836731,0,0,0,0,0,0,0,0,0,0,0,0,0,0,0,0,0,0,0,0,0
200502,26,001,2,3,Alcona County                 ,2,2,195000,0,0,0,0,0,0,0,0,0,2,2,195000,0,0,0,0,0,0,0,0,0
200502,26,015,2,3,Barry County                  ,58,58,8181978,0,0,0,1,3,0,0,0,0,56,56,8005608,0,0,0,0,0,0,0,0,0
200502,26,019,2,3,Benzie County                 ,23,23,4128000,0,0,0,0,0,0,0,0,0,23,23,4128000,0,0,0,0,0,0,0,0,0
200502,26,029,2,3,Charlevoix County             ,17,17,2125000,0,0,0,2,6,862500,0,0,0,0,0,0,0,0,0,0,0,0,0,0,0
200502,26,031,2,3,Cheboygan County              ,13,13,1465000,0,0,0,0,0,0,0,0,0,13,13,1465000,0,0,0,0,0,0,0,0,0
200502,26,047,2,3,Emmet County                  ,23,23,4543417,2,4,629480,1,4,423901,1,20,1230000,17,17,3776444,2,4,629480,1,4,423901,1,20,1230000
200502,26,051,2,3,Gladwin County                ,21,21,2720741,0,0,0,0,0,0,0,0,0,21,21,2720741,0,0,0,0,0,0,0,0,0
200502,26,067,2,3,Ionia County                  ,42,42,4938546,0,0,0,0,0,0,1,16,600000,12,12,1251000,0,0,0,0,0,0,1,16,600000
200502,26,079,2,3,Kalkaska County               ,7,7,851500,0,0,0,0,0,0,0,0,0,7,7,851500,0,0,0,0,0,0,0,0,0
200502,26,081,2,3,Kent County                   ,579,579,96620763,3,6,459000,0,0,0,1,5,254676,521,521,89510367,2,4,352000,0,0,0,0,0,0
200502,26,087,2,3,Lapeer County                 ,72,72,11081695,0,0,0,0,0,0,0,0,0,71,71,10971000,0,0,0,0,0,0,0,0,0
200502,26,089,2,3,Leelanau County               ,15,15,1821960,0,0,0,0,0,0,0,0,0,15,15,1821960,0,0,0,0,0,0,0,0,0
200502,26,093,2,3,Livingston County             ,202,202,36649479,1,2,140000,1,4,414000,2,28,2166162,202,202,36649479,1,2,140000,1,4,414000,2,28,2166162
200502,26,099,2,3,Macomb County                 ,444,444,62890118,0,0,0,0,0,0,10,120,12056848,440,440,62267641,0,0,0,0,0,0,10,120,12056848
200502,26,103,2,3,Marquette County              ,8,8,1710500,0,0,0,0,0,0,0,0,0,8,8,1710500,0,0,0,0,0,0,0,0,0
200502,26,113,2,3,Missaukee County              ,11,11,1425150,0,0,0,0,0,0,0,0,0,11,11,1425150,0,0,0,0,0,0,0,0,0
200502,26,123,2,3,Newaygo County                ,41,41,3920024,0,0,0,0,0,0,0,0,0,32,32,3166366,0,0,0,0,0,0,0,0,0
200502,26,125,2,3,Oakland County                ,671,671,132612656,1,2,400000,6,21,2607849,6,46,3617048,596,596,120190058,1,2,400000,5,18,2237064,5,41,3115798
200502,26,129,2,3,Ogemaw County                 ,14,14,1639820,0,0,0,0,0,0,0,0,0,14,14,1639820,0,0,0,0,0,0,0,0,0
200502,26,133,2,3,Osceola County                ,9,9,824500,0,0,0,0,0,0,0,0,0,9,9,824500,0,0,0,0,0,0,0,0,0
200502,26,137,2,3,Otsego County                 ,13,13,1555794,0,0,0,0,0,0,1,5,302859,0,0,0,0,0,0,0,0,0,0,0,0
200502,26,141,2,3,Presque Isle County           ,10,10,959180,0,0,0,0,0,0,0,0,0,0,0,0,0,0,0,0,0,0,0,0,0
200502,26,147,2,3,St. Clair County              ,161,161,20423830,1,2,156900,0,0,0,0,0,0,125,125,16735289,1,2,156900,0,0,0,0,0,0
200502,26,163,2,3,Wayne County                  ,578,578,94614094,7,14,1367792,11,42,4323155,13,132,6900811,566,566,92832757,7,14,1367792,11,42,4323155,13,132,6900811
200502,27,003,2,4,Anoka County                  ,230,230,41004040,0,0,0,0,0,0,0,0,0,149,149,29934850,0,0,0,0,0,0,0,0,0
200502,27,019,2,4,Carver County                 ,95,95,27861665,0,0,0,0,0,0,0,0,0,83,83,25569562,0,0,0,0,0,0,0,0,0
200502,27,025,2,4,Chisago County                ,25,25,4129653,0,0,0,0,0,0,1,5,232031,16,16,2391064,0,0,0,0,0,0,0,0,0
200502,27,037,2,4,Dakota County                 ,141,141,34231862,2,4,587225,5,17,3102507,7,56,7463667,125,125,31366753,2,4,587225,5,17,3102507,6,49,6852635
200502,27,053,2,4,Hennepin County               ,250,250,82583295,0,0,0,0,0,0,8,243,34039998,244,244,81201748,0,0,0,0,0,0,5,226,32203727
200502,27,059,2,4,Isanti County                 ,31,31,4930182,0,0,0,0,0,0,0,0,0,31,31,4930182,0,0,0,0,0,0,0,0,0
200502,27,123,2,4,Ramsey County                 ,51,51,8577596,0,0,0,0,0,0,2,81,7109578,49,49,8064190,0,0,0,0,0,0,1,73,6365000
200502,27,139,2,4,Scott County                  ,183,183,38105164,0,0,0,0,0,0,0,0,0,115,115,26791863,0,0,0,0,0,0,0,0,0
200502,27,141,2,4,Sherburne County              ,86,86,14492968,0,0,0,0,0,0,0,0,0,78,78,13248014,0,0,0,0,0,0,0,0,0
200502,27,163,2,4,Washington County             ,241,241,58483153,2,4,566263,0,0,0,1,76,11272000,233,233,56679263,1,2,262220,0,0,0,1,76,11272000
200502,27,171,2,4,Wright County                 ,169,169,28699014,0,0,0,2,7,734944,0,0,0,144,144,25314996,0,0,0,0,0,0,0,0,0
200502,28,021,3,6,Claiborne County              ,0,0,0,0,0,0,0,0,0,0,0,0,0,0,0,0,0,0,0,0,0,0,0,0
200502,28,029,3,6,Copiah County                 ,1,1,75000,0,0,0,0,0,0,0,0,0,1,1,75000,0,0,0,0,0,0,0,0,0
200502,28,033,3,6,DeSoto County                 ,312,312,34879903,0,0,0,0,0,0,0,0,0,312,312,34879903,0,0,0,0,0,0,0,0,0
200502,28,039,3,6,George County                 ,0,0,0,0,0,0,0,0,0,0,0,0,0,0,0,0,0,0,0,0,0,0,0,0
200502,28,071,3,6,Lafayette County              ,16,16,2375000,0,0,0,0,0,0,0,0,0,16,16,2375000,0,0,0,0,0,0,0,0,0
200502,28,091,3,6,Marion County                 ,0,0,0,0,0,0,0,0,0,0,0,0,0,0,0,0,0,0,0,0,0,0,0,0
200502,28,093,3,6,Marshall County               ,31,31,3169800,0,0,0,0,0,0,0,0,0,8,8,516200,0,0,0,0,0,0,0,0,0
200502,28,137,3,6,Tate County                   ,28,28,2492047,0,0,0,0,0,0,0,0,0,1,1,70000,0,0,0,0,0,0,0,0,0
200502,28,143,3,6,Tunica County                 ,8,8,523490,0,0,0,0,0,0,0,0,0,8,8,523490,0,0,0,0,0,0,0,0,0
200502,28,153,3,6,Wayne County                  ,0,0,0,0,0,0,0,0,0,0,0,0,0,0,0,0,0,0,0,0,0,0,0,0
200502,29,001,2,4,Adair County                  ,0,0,0,1,2,135000,0,0,0,0,0,0,0,0,0,1,2,135000,0,0,0,0,0,0
200502,29,013,2,4,Bates County                  ,0,0,0,0,0,0,0,0,0,0,0,0,0,0,0,0,0,0,0,0,0,0,0,0
200502,29,019,2,4,Boone County                  ,178,178,24430604,6,12,1025247,0,0,0,5,48,1917831,121,121,16475000,0,0,0,0,0,0,3,24,768000
200502,29,025,2,4,Caldwell County               ,4,4,491672,0,0,0,0,0,0,0,0,0,0,0,0,0,0,0,0,0,0,0,0,0
200502,29,037,2,4,Cass County                   ,123,123,20145983,13,26,2914047,0,0,0,0,0,0,113,113,19075875,13,26,2914047,0,0,0,0,0,0
200502,29,047,2,4,Clay County                   ,95,95,14569916,0,0,0,0,0,0,1,16,506000,95,95,14569916,0,0,0,0,0,0,1,16,506000
200502,29,049,2,4,Clinton County                ,16,16,2432425,0,0,0,0,0,0,0,0,0,15,15,2346846,0,0,0,0,0,0,0,0,0
200502,29,065,2,4,Dent County                   ,1,1,90000,0,0,0,0,0,0,0,0,0,1,1,90000,0,0,0,0,0,0,0,0,0
200502,29,071,2,4,Franklin County               ,91,91,17030371,1,2,212480,1,3,253832,0,0,0,61,61,11999250,0,0,0,0,0,0,0,0,0
200502,29,077,2,4,Greene County                 ,301,301,50450385,9,18,1520000,0,0,0,0,0,0,301,301,50450385,9,18,1520000,0,0,0,0,0,0
200502,29,079,2,4,Grundy County                 ,2,2,159160,0,0,0,0,0,0,0,0,0,0,0,0,0,0,0,0,0,0,0,0,0
200502,29,095,2,4,Jackson County                ,603,603,93267813,28,56,4875956,18,72,6091959,15,169,8194002,601,601,93047643,28,56,4875956,18,72,6091959,15,169,8194002
200502,29,099,2,4,Jefferson County              ,182,182,24171151,2,4,370750,0,0,0,0,0,0,172,172,23129701,2,4,370750,0,0,0,0,0,0
200502,29,105,2,4,Laclede County                ,6,6,580909,2,4,220000,0,0,0,0,0,0,0,0,0,0,0,0,0,0,0,0,0,0
200502,29,107,2,4,Lafayette County              ,11,11,1324847,0,0,0,0,0,0,0,0,0,2,2,80000,0,0,0,0,0,0,0,0,0
200502,29,113,2,4,Lincoln County                ,41,41,5125587,0,0,0,0,0,0,0,0,0,41,41,5125587,0,0,0,0,0,0,0,0,0
200502,29,141,2,4,Morgan County                 ,0,0,0,0,0,0,0,0,0,0,0,0,0,0,0,0,0,0,0,0,0,0,0,0
200502,29,161,2,4,Phelps County                 ,11,11,1728570,1,2,190120,2,8,569700,0,0,0,11,11,1728570,1,2,190120,2,8,569700,0,0,0
200502,29,165,2,4,Platte County                 ,51,51,12032860,0,0,0,0,0,0,0,0,0,49,49,11832860,0,0,0,0,0,0,0,0,0
200502,29,177,2,4,Ray County                    ,12,12,1424375,3,6,321000,0,0,0,0,0,0,10,10,1199000,3,6,321000,0,0,0,0,0,0
200502,29,183,2,4,St. Charles County            ,493,493,71346927,6,12,1426909,3,11,995300,2,40,3444420,493,493,71346927,6,12,1426909,3,11,995300,2,40,3444420
200502,29,189,2,4,St. Louis County              ,268,268,62705881,5,10,662000,1,3,450000,1,14,4472000,260,260,61541681,5,10,662000,1,3,450000,1,14,4472000
200502,29,219,2,4,Warren County                 ,66,66,9503502,1,2,228231,0,0,0,0,0,0,62,62,8503502,1,2,228231,0,0,0,0,0,0
200502,29,221,2,4,Washington County             ,0,0,0,0,0,0,0,0,0,0,0,0,0,0,0,0,0,0,0,0,0,0,0,0
200502,29,510,2,4,St. Louis (Independent City)  ,42,42,6535349,0,0,0,3,10,830189,6,65,5562404,32,32,5205974,0,0,0,2,7,592274,2,16,1108032
200502,30,023,4,8,Deer Lodge County             ,0,0,18000,0,0,0,0,0,0,0,0,0,0,0,18000,0,0,0,0,0,0,0,0,0
200502,30,063,4,8,Missoula County               ,102,102,11782345,0,0,0,0,0,0,3,53,3253419,102,102,11782345,0,0,0,0,0,0,3,53,3253419
200502,31,025,2,4,Cass County                   ,15,15,1729799,0,0,0,0,0,0,0,0,0,14,14,1639063,0,0,0,0,0,0,0,0,0
200502,31,033,2,4,Cheyenne County               ,5,5,791000,0,0,0,0,0,0,0,0,0,5,5,791000,0,0,0,0,0,0,0,0,0
200502,31,055,2,4,Douglas County                ,333,333,39054547,3,6,539726,4,15,1174374,5,120,5522792,325,325,38063497,3,6,539726,4,15,1174374,5,120,5522792
200502,31,077,2,4,Greeley County                ,0,0,0,0,0,0,0,0,0,0,0,0,0,0,0,0,0,0,0,0,0,0,0,0
200502,31,105,2,4,Kimball County                ,0,0,0,0,0,0,0,0,0,0,0,0,0,0,0,0,0,0,0,0,0,0,0,0
200502,31,153,2,4,Sarpy County                  ,186,186,30021822,2,4,464469,0,0,0,1,15,954531,186,186,30021822,2,4,464469,0,0,0,1,15,954531
200502,31,155,2,4,Saunders County               ,12,12,2426842,0,0,0,0,0,0,0,0,0,10,10,2192055,0,0,0,0,0,0,0,0,0
200502,31,177,2,4,Washington County             ,8,8,1253986,0,0,0,1,4,250000,0,0,0,8,8,1253986,0,0,0,1,4,250000,0,0,0
200502,32,001,4,8,Churchill County              ,31,31,4501590,0,0,0,0,0,0,0,0,0,31,31,4501590,0,0,0,0,0,0,0,0,0
200502,32,003,4,8,Clark County                  ,3904,3904,539604229,10,20,2745874,81,254,18315917,10,489,82976922,3904,3904,539604229,10,20,2745874,81,254,18315917,10,489,82976922
200502,32,005,4,8,Douglas County                ,137,137,26054072,0,0,0,0,0,0,10,50,2838810,137,137,26054072,0,0,0,0,0,0,10,50,2838810
200502,32,007,4,8,Elko County                   ,11,11,602472,0,0,0,0,0,0,0,0,0,11,11,602472,0,0,0,0,0,0,0,0,0
200502,32,013,4,8,Humboldt County               ,8,8,1116436,0,0,0,0,0,0,0,0,0,8,8,1116436,0,0,0,0,0,0,0,0,0
200502,32,015,4,8,Lander County                 ,0,0,0,0,0,0,0,0,0,0,0,0,0,0,0,0,0,0,0,0,0,0,0,0
200502,32,017,4,8,Lincoln County                ,3,3,475000,0,0,0,0,0,0,0,0,0,3,3,475000,0,0,0,0,0,0,0,0,0
200502,32,019,4,8,Lyon County                   ,47,47,9326428,0,0,0,0,0,0,0,0,0,47,47,9326428,0,0,0,0,0,0,0,0,0
200502,32,021,4,8,Mineral County                ,1,1,30262,0,0,0,0,0,0,0,0,0,0,0,0,0,0,0,0,0,0,0,0,0
200502,32,027,4,8,Pershing County               ,0,0,0,0,0,0,0,0,0,0,0,0,0,0,0,0,0,0,0,0,0,0,0,0
200502,32,029,4,8,Storey County                 ,8,8,1035340,0,0,0,0,0,0,0,0,0,5,5,668105,0,0,0,0,0,0,0,0,0
200502,32,031,4,8,Washoe County                 ,382,382,65938938,1,2,150000,3,11,660000,2,33,2129062,236,236,43625968,1,2,150000,3,11,660000,0,0,0
200502,32,033,4,8,White Pine County             ,1,1,145828,0,0,0,0,0,0,0,0,0,0,0,0,0,0,0,0,0,0,0,0,0
200502,32,510,4,8,Carson City (Independent City),14,14,2799596,0,0,0,0,0,0,1,24,1525904,14,14,2799596,0,0,0,0,0,0,1,24,1525904
200502,33,015,1,1,Rockingham County             ,130,130,26080187,9,18,2209850,0,0,0,4,35,1863501,82,82,18683667,8,16,2011250,0,0,0,1,10,663090
200502,33,017,1,1,Strafford County              ,65,65,8978929,1,2,186875,0,0,0,2,10,324692,45,45,6618474,0,0,0,0,0,0,0,0,17000
200502,34,001,1,2,Atlantic County               ,224,224,27864316,1,2,355085,1,4,900000,0,0,0,191,191,22507826,1,2,355085,1,4,900000,0,0,0
200502,34,003,1,2,Bergen County                 ,117,117,41574383,15,30,3907158,1,4,128000,5,191,12232655,82,82,30789708,9,18,2854850,1,4,128000,3,177,12059815
200502,34,005,1,2,Burlington County             ,121,121,18968431,0,0,0,1,3,106471,1,5,287833,71,71,13595117,0,0,0,0,0,0,0,0,0
200502,34,007,1,2,Camden County                 ,149,149,38710410,0,0,0,0,0,0,5,31,3108624,125,125,35520599,0,0,0,0,0,0,3,16,1750650
200502,34,009,1,2,Cape May County               ,157,157,35570396,54,108,16778006,8,32,3189200,15,208,28750440,143,143,34283365,54,108,16778006,8,32,3189200,15,208,28750440
200502,34,011,1,2,Cumberland County             ,50,50,5710598,0,0,0,0,0,0,0,0,0,44,44,5036442,0,0,0,0,0,0,0,0,0
200502,34,013,1,2,Essex County                  ,73,73,54077605,42,84,7472953,17,53,4037653,7,266,17920046,62,62,52222061,40,80,7264293,16,50,4023778,5,251,16133405
200502,34,015,1,2,Gloucester County             ,213,213,25213107,0,0,0,0,0,0,2,15,735446,163,163,20229227,0,0,0,0,0,0,0,0,0
200502,34,017,1,2,Hudson County                 ,32,32,4140043,58,116,9397530,3,10,796322,19,352,53976418,18,18,2410908,54,108,8782802,1,4,291926,17,311,50618555
200502,34,019,1,2,Hunterdon County              ,72,72,10444889,0,0,0,0,0,0,1,60,3085000,24,24,4419410,0,0,0,0,0,0,1,60,3085000
200502,34,021,1,2,Mercer County                 ,58,58,7593864,0,0,0,1,3,600,3,25,1621241,51,51,6644470,0,0,0,1,3,600,0,0,0
200502,34,023,1,2,Middlesex County              ,274,274,38055495,0,0,0,2,7,480001,9,85,7331802,256,256,36447637,0,0,0,2,7,480001,4,54,4455400
200502,34,025,1,2,Monmouth County               ,228,228,42548381,1,2,2883,2,6,141611,6,58,2369889,164,164,32550989,0,0,0,1,3,125000,0,0,0
200502,34,027,1,2,Morris County                 ,95,95,20900397,0,0,0,0,0,0,6,50,3622330,63,63,14969323,0,0,0,0,0,0,0,0,0
200502,34,029,1,2,Ocean County                  ,373,373,57566880,4,8,1191119,0,0,0,1,5,353125,251,251,45013853,4,8,1191119,0,0,0,0,0,0
200502,34,031,1,2,Passaic County                ,42,42,7149068,2,4,300700,0,0,0,1,5,429589,12,12,3537279,2,4,300700,0,0,0,0,0,0
200502,34,033,1,2,Salem County                  ,33,33,4146279,0,0,0,0,0,0,0,0,0,32,32,3969700,0,0,0,0,0,0,0,0,0
200502,34,035,1,2,Somerset County               ,131,131,22471381,0,0,0,0,0,0,1,8,520000,125,125,20736456,0,0,0,0,0,0,1,8,520000
200502,34,037,1,2,Sussex County                 ,57,57,10627312,0,0,0,0,0,0,1,5,586503,35,35,6957365,0,0,0,0,0,0,0,0,0
200502,34,039,1,2,Union County                  ,47,47,8906352,27,54,3186794,0,0,0,5,76,3860877,35,35,7172045,0,0,0,0,0,0,0,0,0
200502,34,041,1,2,Warren County                 ,52,52,6654666,0,0,0,0,0,0,0,0,0,10,10,1777535,0,0,0,0,0,0,0,0,0
200502,35,000,4,8,New Mexico Balance of State   ,320,320,70723333,0,0,0,0,0,0,0,0,0,320,320,70723333,0,0,0,0,0,0,0,0,0
200502,35,001,4,8,Bernalillo County             ,699,699,109126859,0,0,0,0,0,0,1,13,650000,639,639,96596339,0,0,0,0,0,0,1,13,650000
200502,35,005,4,8,Chaves County                 ,17,17,3102085,0,0,0,0,0,0,0,0,0,15,15,2868412,0,0,0,0,0,0,0,0,0
200502,35,007,4,8,Colfax County                 ,11,11,2425570,0,0,0,0,0,0,0,0,0,0,0,0,0,0,0,0,0,0,0,0,0
200502,35,009,4,8,Curry County                  ,35,35,4789441,0,0,0,0,0,0,1,6,192000,27,27,3533960,0,0,0,0,0,0,0,0,0
200502,35,013,4,8,Dona Ana County               ,214,214,42113985,0,0,0,0,0,0,6,72,2825286,81,81,23278135,0,0,0,0,0,0,0,0,0
200502,35,015,4,8,Eddy County                   ,10,10,999186,0,0,0,0,0,0,0,0,0,0,0,0,0,0,0,0,0,0,0,0,0
200502,35,025,4,8,Lea County                    ,11,11,1689879,0,0,0,0,0,0,0,0,0,11,11,1689879,0,0,0,0,0,0,0,0,0
200502,35,027,4,8,Lincoln County                ,28,28,4792247,0,0,0,0,0,0,0,0,0,0,0,0,0,0,0,0,0,0,0,0,0
200502,35,028,4,8,Los Alamos County             ,14,14,3397127,0,0,0,0,0,0,0,0,0,14,14,3397127,0,0,0,0,0,0,0,0,0
200502,35,029,4,8,Luna County                   ,10,10,954677,0,0,0,0,0,0,0,0,0,10,10,954677,0,0,0,0,0,0,0,0,0
200502,35,031,4,8,McKinley County               ,3,3,448300,0,0,0,0,0,0,0,0,0,3,3,448300,0,0,0,0,0,0,0,0,0
200502,35,035,4,8,Otero County                  ,38,38,6829549,3,6,507303,7,26,1793142,6,30,2069010,38,38,6829549,3,6,507303,7,26,1793142,6,30,2069010
200502,35,039,4,8,Rio Arriba County             ,2,2,295900,0,0,0,0,0,0,0,0,0,0,0,0,0,0,0,0,0,0,0,0,0
200502,35,041,4,8,Roosevelt County              ,5,5,590000,2,4,224000,0,0,0,0,0,0,5,5,590000,2,4,224000,0,0,0,0,0,0
200502,35,043,4,8,Sandoval County               ,156,156,14800824,0,0,0,1,3,87264,0,0,0,0,0,0,0,0,0,0,0,0,0,0,0
200502,35,045,4,8,San Juan County               ,46,46,7984675,0,0,0,0,0,0,0,0,0,46,46,7984675,0,0,0,0,0,0,0,0,0
200502,35,049,4,8,Santa Fe County               ,86,86,10841070,0,0,0,0,0,0,0,0,0,0,0,0,0,0,0,0,0,0,0,0,0
200502,35,051,4,8,Sierra County                 ,1,1,130000,0,0,0,0,0,0,0,0,0,1,1,130000,0,0,0,0,0,0,0,0,0
200502,35,053,4,8,Socorro County                ,1,1,55000,0,0,0,0,0,0,0,0,0,1,1,55000,0,0,0,0,0,0,0,0,0
200502,35,055,4,8,Taos County                   ,31,31,3851801,0,0,0,0,0,0,0,0,0,1,1,300000,0,0,0,0,0,0,0,0,0
200502,35,061,4,8,Valencia County               ,69,69,8168987,0,0,0,0,0,0,0,0,0,38,38,5336207,0,0,0,0,0,0,0,0,0
200502,36,005,1,2,Bronx County                  ,7,7,1145052,15,30,2551781,47,141,11145102,7,119,7890771,7,7,1145052,15,30,2551781,47,141,11145102,7,119,7890771
200502,36,047,1,2,Kings County                  ,4,4,654316,77,154,13099141,63,195,15413438,56,1075,71282175,4,4,654316,77,154,13099141,63,195,15413438,56,1075,71282175
200502,36,059,1,2,Nassau County                 ,94,94,36405910,1,2,154456,0,0,0,0,0,0,79,79,33745553,0,0,0,0,0,0,0,0,0
200502,36,061,1,2,New York County               ,0,0,0,0,0,0,2,8,632346,15,1115,73934535,0,0,0,0,0,0,2,8,632346,15,1115,73934535
200502,36,079,1,2,Putnam County                 ,23,23,5627880,0,0,0,0,0,0,0,0,0,8,8,2198000,0,0,0,0,0,0,0,0,0
200502,36,081,1,2,Queens County                 ,45,45,7361051,113,226,19223415,79,242,19128472,11,127,8421243,45,45,7361051,113,226,19223415,79,242,19128472,11,127,8421243
200502,36,085,1,2,Richmond County               ,91,91,14106205,54,108,9322655,1,3,216769,1,5,346939,24,24,3925894,17,34,2892018,0,0,0,0,0,0
200502,36,087,1,2,Rockland County               ,30,30,7647248,0,0,0,3,10,701804,1,5,331545,26,26,7104000,0,0,0,1,3,380000,1,5,331545
200502,36,103,1,2,Suffolk County                ,454,454,101265641,0,0,0,1,3,0,3,23,1782247,411,411,92849425,0,0,0,0,0,0,2,16,1060944
200502,36,119,1,2,Westchester County            ,88,88,26780417,7,14,1251650,0,0,0,7,59,10194930,28,28,8179530,3,6,629000,0,0,0,2,26,6353340
200502,37,003,3,5,Alexander County              ,26,26,5038582,0,0,0,0,0,0,0,0,0,12,12,2335600,0,0,0,0,0,0,0,0,0
200502,37,007,3,5,Anson County                  ,9,9,1283199,0,0,0,0,0,0,0,0,0,9,9,1283199,0,0,0,0,0,0,0,0,0
200502,37,009,3,5,Ashe County                   ,34,34,4916580,0,0,0,0,0,0,0,0,0,34,34,4916580,0,0,0,0,0,0,0,0,0
200502,37,019,3,5,Brunswick County              ,750,750,105863727,0,0,0,0,0,0,6,36,4154400,570,570,81969103,0,0,0,0,0,0,6,36,4154400
200502,37,025,3,5,Cabarrus County               ,355,355,45163308,0,0,0,0,0,0,1,18,100520,355,355,45163308,0,0,0,0,0,0,1,18,100520
200502,37,027,3,5,Caldwell County               ,44,44,5716900,0,0,0,0,0,0,0,0,0,44,44,5716900,0,0,0,0,0,0,0,0,0
200502,37,037,3,5,Chatham County                ,105,105,25598331,0,0,0,0,0,0,6,48,2792947,54,54,13704005,0,0,0,0,0,0,6,48,2792947
200502,37,039,3,5,Cherokee County               ,88,88,10302045,0,0,0,0,0,0,0,0,0,88,88,10302045,0,0,0,0,0,0,0,0,0
200502,37,049,3,5,Craven County                 ,158,158,17372864,1,2,86028,0,0,0,0,0,0,126,126,14092710,0,0,0,0,0,0,0,0,0
200502,37,053,3,5,Currituck County              ,78,78,18763876,0,0,0,0,0,0,0,0,0,30,30,8479369,0,0,0,0,0,0,0,0,0
200502,37,059,3,5,Davie County                  ,64,64,10736386,0,0,0,0,0,0,0,0,0,64,64,10736386,0,0,0,0,0,0,0,0,0
200502,37,063,3,5,Durham County                 ,329,329,50797531,0,0,0,0,0,0,0,0,0,329,329,50797531,0,0,0,0,0,0,0,0,0
200502,37,067,3,5,Forsyth County                ,497,497,62730115,0,0,0,0,0,0,0,0,0,497,497,62730115,0,0,0,0,0,0,0,0,0
200502,37,069,3,5,Franklin County               ,96,96,14624214,0,0,0,0,0,0,0,0,0,96,96,14624214,0,0,0,0,0,0,0,0,0
200502,37,071,3,5,Gaston County                 ,214,214,29838229,3,6,435344,0,0,0,4,32,3425601,214,214,29838229,3,6,435344,0,0,0,4,32,3425601
200502,37,081,3,5,Guilford County               ,621,621,103209157,2,4,161000,0,0,0,4,32,1919144,557,557,94915421,2,4,161000,0,0,0,1,12,705639
200502,37,089,3,5,Henderson County              ,141,141,24269546,4,8,556000,0,0,0,3,22,1574200,141,141,24269546,4,8,556000,0,0,0,3,22,1574200
200502,37,097,3,5,Iredell County                ,292,292,44647954,0,0,0,0,0,0,7,80,4896625,0,0,0,0,0,0,0,0,0,0,0,0
200502,37,099,3,5,Jackson County                ,64,64,18022003,0,0,0,1,4,1000000,1,18,300000,64,64,18022003,0,0,0,1,4,1000000,1,18,300000
200502,37,101,3,5,Johnston County               ,249,249,32768709,2,4,395200,0,0,0,0,0,0,142,142,18307769,0,0,0,0,0,0,0,0,0
200502,37,109,3,5,Lincoln County                ,107,107,14233966,2,4,173692,1,3,166667,0,0,0,0,0,0,0,0,0,0,0,0,0,0,0
200502,37,113,3,5,Macon County                  ,49,49,10475965,0,0,0,0,0,0,0,0,0,49,49,10475965,0,0,0,0,0,0,0,0,0
200502,37,119,3,5,Mecklenburg County            ,1142,1142,156084456,4,8,579215,0,0,0,6,51,3378342,1142,1142,156084456,4,8,579215,0,0,0,6,51,3378342
200502,37,129,3,5,New Hanover County            ,431,431,73133573,24,48,7584432,0,0,0,4,51,4089765,403,403,70361559,24,48,7584432,0,0,0,4,51,4089765
200502,37,135,3,5,Orange County                 ,163,163,30408508,2,4,413514,1,3,312000,0,0,0,55,55,14308275,1,2,200000,0,0,0,0,0,0
200502,37,137,3,5,Pamlico County                ,7,7,1797850,0,0,0,0,0,0,0,0,0,7,7,1797850,0,0,0,0,0,0,0,0,0
200502,37,141,3,5,Pender County                 ,171,171,22522105,12,24,3319124,3,12,972480,0,0,0,169,169,22283555,12,24,3319124,3,12,972480,0,0,0
200502,37,145,3,5,Person County                 ,44,44,6921000,0,0,0,0,0,0,0,0,0,44,44,6921000,0,0,0,0,0,0,0,0,0
200502,37,149,3,5,Polk County                   ,25,25,4005293,0,0,0,0,0,0,0,0,0,25,25,4005293,0,0,0,0,0,0,0,0,0
200502,37,151,3,5,Randolph County               ,83,83,9501920,6,12,322000,0,0,0,1,8,3239515,83,83,9501920,6,12,322000,0,0,0,1,8,3239515
200502,37,157,3,5,Rockingham County             ,58,58,8880689,0,0,0,0,0,0,0,0,0,57,57,8764260,0,0,0,0,0,0,0,0,0
200502,37,159,3,5,Rowan County                  ,103,103,17828000,0,0,0,0,0,0,0,0,0,103,103,17828000,0,0,0,0,0,0,0,0,0
200502,37,163,3,5,Sampson County                ,33,33,4331327,0,0,0,0,0,0,1,42,2880831,33,33,4331327,0,0,0,0,0,0,1,42,2880831
200502,37,167,3,5,Stanly County                 ,60,60,6290578,1,2,78342,0,0,0,2,10,534960,0,0,0,0,0,0,0,0,0,0,0,0
200502,37,171,3,5,Surry County                  ,32,32,4114639,0,0,0,0,0,0,0,0,0,13,13,1632726,0,0,0,0,0,0,0,0,0
200502,37,175,3,5,Transylvania County           ,29,29,5823450,0,0,0,0,0,0,0,0,0,29,29,5823450,0,0,0,0,0,0,0,0,0
200502,37,179,3,5,Union County                  ,546,546,99944554,0,0,0,0,0,0,0,0,0,546,546,99944554,0,0,0,0,0,0,0,0,0
200502,37,183,3,5,Wake County                   ,1535,1535,283164688,14,28,1907920,0,0,0,0,0,0,1534,1534,283076088,14,28,1907920,0,0,0,0,0,0
200502,37,195,3,5,Wilson County                 ,57,57,6158986,0,0,0,0,0,0,0,0,0,57,57,6158986,0,0,0,0,0,0,0,0,0
200502,39,015,2,3,Brown County                  ,18,18,2778000,0,0,0,2,6,685000,0,0,0,18,18,2778000,0,0,0,2,6,685000,0,0,0
200502,39,017,2,3,Butler County                 ,257,257,46304888,0,0,0,0,0,0,2,16,1000000,142,142,25421665,0,0,0,0,0,0,2,16,1000000
200502,39,025,2,3,Clermont County               ,165,165,26284574,0,0,0,2,8,454836,1,5,400000,165,165,26284574,0,0,0,2,8,454836,1,5,400000
200502,39,035,2,3,Cuyahoga County               ,229,229,48027488,0,0,0,4,13,2636878,2,10,733919,147,147,36705747,0,0,0,3,9,2455000,0,0,0
200502,39,041,2,3,Delaware County               ,220,220,41546410,1,2,230000,0,0,0,0,0,0,217,217,41065780,1,2,230000,0,0,0,0,0,0
200502,39,045,2,3,Fairfield County              ,66,66,13451977,0,0,0,1,4,257812,0,0,0,49,49,10656155,0,0,0,0,0,0,0,0,0
200502,39,049,2,3,Franklin County               ,554,554,111053843,1,2,370000,3,9,761495,14,152,9014198,511,511,104430781,1,2,370000,3,9,761495,13,144,8796812
200502,39,055,2,3,Geauga County                 ,35,35,10029297,0,0,0,0,0,0,0,0,0,35,35,10029297,0,0,0,0,0,0,0,0,0
200502,39,061,2,3,Hamilton County               ,218,218,39022488,0,0,0,3,11,910221,6,44,3098021,162,162,30295200,0,0,0,1,4,327000,4,24,1828000
200502,39,085,2,3,Lake County                   ,68,68,14477614,0,0,0,1,3,280000,0,0,0,64,64,13992226,0,0,0,0,0,0,0,0,0
200502,39,089,2,3,Licking County                ,78,78,15101317,0,0,0,0,0,0,0,0,0,78,78,15101317,0,0,0,0,0,0,0,0,0
200502,39,093,2,3,Lorain County                 ,229,229,46885371,5,10,1048000,1,3,393120,1,14,518000,216,216,45113909,5,10,1048000,0,0,0,1,14,518000
200502,39,097,2,3,Madison County                ,17,17,2186464,0,0,0,0,0,0,1,5,238137,9,9,1468106,0,0,0,0,0,0,0,0,0
200502,39,103,2,3,Medina County                 ,150,150,27552488,0,0,0,0,0,0,1,6,415512,150,150,27552488,0,0,0,0,0,0,1,6,415512
200502,39,117,2,3,Morrow County                 ,16,16,2262720,0,0,0,0,0,0,0,0,0,12,12,1886181,0,0,0,0,0,0,0,0,0
200502,39,129,2,3,Pickaway County               ,13,13,2129086,0,0,0,0,0,0,0,0,0,10,10,1713049,0,0,0,0,0,0,0,0,0
200502,39,159,2,3,Union County                  ,45,45,8044898,0,0,0,0,0,0,0,0,0,45,45,8044898,0,0,0,0,0,0,0,0,0
200502,39,165,2,3,Warren County                 ,296,296,49809656,3,6,414718,3,11,1234869,1,8,700000,292,292,49311724,3,6,414718,3,11,1234869,1,8,700000
200502,39,169,2,3,Wayne County                  ,36,36,6890573,6,12,1868000,2,8,1000000,0,0,0,36,36,6890573,6,12,1868000,2,8,1000000,0,0,0
200502,40,017,3,7,Canadian County               ,61,61,9950900,0,0,0,0,0,0,0,0,0,61,61,9950900,0,0,0,0,0,0,0,0,0
200502,40,021,3,7,Cherokee County               ,12,12,1160012,0,0,0,0,0,0,2,27,1916413,0,0,0,0,0,0,0,0,0,0,0,0
200502,40,027,3,7,Cleveland County              ,225,225,31584441,11,22,2002600,0,0,0,10,170,11544346,223,223,31452227,11,22,2002600,0,0,0,10,170,11544346
200502,40,029,3,7,Coal County                   ,0,0,0,0,0,0,0,0,0,0,0,0,0,0,0,0,0,0,0,0,0,0,0,0
200502,40,037,3,7,Creek County                  ,25,25,3104500,0,0,0,0,0,0,0,0,0,24,24,2954500,0,0,0,0,0,0,0,0,0
200502,40,051,3,7,Grady County                  ,16,16,2402263,1,2,150000,0,0,0,0,0,0,5,5,600725,0,0,0,0,0,0,0,0,0
200502,40,081,3,7,Lincoln County                ,4,4,285857,0,0,0,0,0,0,0,0,0,2,2,148000,0,0,0,0,0,0,0,0,0
200502,40,083,3,7,Logan County                  ,2,2,165000,0,0,0,0,0,0,0,0,0,2,2,165000,0,0,0,0,0,0,0,0,0
200502,40,087,3,7,McClain County                ,48,48,6413426,0,0,0,0,0,0,0,0,0,37,37,5254566,0,0,0,0,0,0,0,0,0
200502,40,099,3,7,Murray County                 ,4,4,299000,0,0,0,0,0,0,0,0,0,4,4,299000,0,0,0,0,0,0,0,0,0
200502,40,109,3,7,Oklahoma County               ,736,736,117727851,5,10,726269,0,0,0,3,123,12019851,439,439,79166185,1,2,144804,0,0,0,1,103,10800000
200502,40,111,3,7,Okmulgee County               ,1,1,29771,0,0,0,0,0,0,0,0,0,0,0,0,0,0,0,0,0,0,0,0,0
200502,40,113,3,7,Osage County                  ,26,26,2475958,0,0,0,0,0,0,1,5,208333,21,21,1923019,0,0,0,0,0,0,0,0,0
200502,40,117,3,7,Pawnee County                 ,1,1,13200,0,0,0,0,0,0,0,0,0,0,0,0,0,0,0,0,0,0,0,0,0
200502,40,131,3,7,Rogers County                 ,62,62,9526407,11,22,1140740,0,0,0,0,0,0,61,61,9428074,11,22,1140740,0,0,0,0,0,0
200502,40,143,3,7,Tulsa County                  ,453,453,71597567,0,0,0,0,0,0,1,5,125000,435,435,69451283,0,0,0,0,0,0,0,0,0
200502,40,145,3,7,Wagoner County                ,79,79,10823492,0,0,0,0,0,0,0,0,0,79,79,10823492,0,0,0,0,0,0,0,0,0
200502,41,000,4,9,Oregon Balance of State       ,29,29,5316224,0,0,0,0,0,0,0,0,0,29,29,5316224,0,0,0,0,0,0,0,0,0
200502,41,001,4,9,Baker County                  ,5,5,544669,0,0,0,0,0,0,0,0,0,5,5,544669,0,0,0,0,0,0,0,0,0
200502,41,005,4,9,Clackamas County              ,311,311,79116675,0,0,0,0,0,0,4,44,3745836,292,292,74463708,0,0,0,0,0,0,4,44,3745836
200502,41,009,4,9,Columbia County               ,54,54,8885221,0,0,0,3,10,350860,0,0,0,37,37,6286392,0,0,0,3,10,350860,0,0,0
200502,41,017,4,9,Deschutes County              ,505,505,101999946,18,36,4139113,9,31,2442067,0,0,0,505,505,101999946,18,36,4139113,9,31,2442067,0,0,0
200502,41,019,4,9,Douglas County                ,63,63,10642918,1,2,223605,3,11,916225,0,0,0,63,63,10642918,1,2,223605,3,11,916225,0,0,0
200502,41,025,4,9,Harney County                 ,0,0,0,0,0,0,0,0,0,0,0,0,0,0,0,0,0,0,0,0,0,0,0,0
200502,41,033,4,9,Josephine County              ,84,84,14306616,11,22,2186209,2,7,753366,0,0,0,47,47,8648343,11,22,2186209,2,7,753366,0,0,0
200502,41,035,4,9,Klamath County                ,43,43,9714465,6,12,1533420,0,0,0,0,0,0,43,43,9714465,6,12,1533420,0,0,0,0,0,0
200502,41,045,4,9,Malheur County                ,1,1,148050,0,0,0,0,0,0,0,0,0,1,1,148050,0,0,0,0,0,0,0,0,0
200502,41,051,4,9,Multnomah County              ,254,254,42963025,15,30,3180441,27,103,8935899,13,111,8695452,254,254,42963025,15,30,3180441,27,103,8935899,13,111,8695452
200502,41,059,4,9,Umatilla County               ,20,20,3020916,4,8,773065,0,0,0,0,0,0,20,20,3020916,4,8,773065,0,0,0,0,0,0
200502,41,061,4,9,Union County                  ,7,7,1663620,0,0,0,0,0,0,0,0,0,7,7,1663620,0,0,0,0,0,0,0,0,0
200502,41,067,4,9,Washington County             ,518,518,107779790,3,6,718965,13,52,4981920,15,101,8974952,500,500,103588565,3,6,718965,13,52,4981920,15,101,8974952
200502,41,071,4,9,Yamhill County                ,114,114,20464994,3,6,688727,1,3,355000,0,0,0,91,91,15738734,3,6,688727,1,3,355000,0,0,0
200502,42,001,1,2,Adams County                  ,69,69,11962320,0,0,0,0,0,0,0,0,0,69,69,11962320,0,0,0,0,0,0,0,0,0
200502,42,003,1,2,Allegheny County              ,181,181,34880699,0,0,0,3,11,580782,4,33,2492712,134,134,27479174,0,0,0,1,4,360000,0,0,0
200502,42,005,1,2,Armstrong County              ,6,6,735280,0,0,0,2,6,262500,0,0,0,0,0,0,0,0,0,0,0,0,0,0,0
200502,42,007,1,2,Beaver County                 ,37,37,6420923,0,0,0,2,6,90000,0,0,0,31,31,5766300,0,0,0,0,0,0,0,0,0
200502,42,017,1,2,Bucks County                  ,175,175,32408001,0,0,0,3,9,892500,4,72,2812410,152,152,29867737,0,0,0,2,6,658500,0,0,0
200502,42,019,1,2,Butler County                 ,84,84,16137692,0,0,0,2,8,425000,2,10,360178,61,61,12824233,0,0,0,2,8,425000,0,0,0
200502,42,025,1,2,Carbon County                 ,35,35,4500554,1,2,10000,0,0,0,0,0,0,25,25,3206612,1,2,10000,0,0,0,0,0,0
200502,42,029,1,2,Chester County                ,350,350,64764620,0,0,0,1,3,131000,3,26,1842338,316,316,58786090,0,0,0,1,3,131000,1,12,787550
200502,42,045,1,2,Delaware County               ,86,86,18464100,2,4,380000,1,3,410000,0,0,0,65,65,14100440,2,4,380000,0,0,0,0,0,0
200502,42,051,1,2,Fayette County                ,25,25,2929463,0,0,0,1,3,100000,0,0,0,3,3,335000,0,0,0,0,0,0,0,0,0
200502,42,055,1,2,Franklin County               ,93,93,15482979,1,2,75000,1,4,286940,2,10,887909,93,93,15482979,1,2,75000,1,4,286940,2,10,887909
200502,42,065,1,2,Jefferson County              ,6,6,480870,0,0,0,0,0,0,0,0,0,6,6,480870,0,0,0,0,0,0,0,0,0
200502,42,077,1,2,Lehigh County                 ,184,184,24699105,1,2,100000,0,0,0,0,0,0,160,160,20942711,1,2,100000,0,0,0,0,0,0
200502,42,091,1,2,Montgomery County             ,259,259,47847301,0,0,0,0,0,0,6,404,18760235,206,206,39698696,0,0,0,0,0,0,5,399,18532962
200502,42,095,1,2,Northampton County            ,212,212,35284665,0,0,0,1,3,292100,3,21,1800308,172,172,29057455,0,0,0,1,3,292100,0,0,0
200502,42,101,1,2,Philadelphia County           ,24,24,3925893,4,8,680475,3,10,790433,17,337,22346133,24,24,3925893,4,8,680475,3,10,790433,17,337,22346133
200502,42,103,1,2,Pike County                   ,67,67,10991359,0,0,0,0,0,0,0,0,0,53,53,8728848,0,0,0,0,0,0,0,0,0
200502,42,125,1,2,Washington County             ,90,90,18024363,0,0,0,0,0,0,0,0,0,85,85,17309221,0,0,0,0,0,0,0,0,0
200502,42,129,1,2,Westmoreland County           ,100,100,17137793,0,0,0,0,0,0,1,5,125000,74,74,13836355,0,0,0,0,0,0,0,0,0
200502,44,001,1,1,Bristol County                ,4,4,656220,0,0,0,1,4,246000,0,0,0,4,4,656220,0,0,0,1,4,246000,0,0,0
200502,44,003,1,1,Kent County                   ,23,23,3511046,1,2,129000,0,0,0,2,10,533910,6,6,944442,1,2,129000,0,0,0,0,0,0
200502,44,005,1,1,Newport County                ,20,20,3728158,0,0,0,0,0,0,0,0,0,20,20,3728158,0,0,0,0,0,0,0,0,0
200502,44,007,1,1,Providence County             ,108,108,13619526,3,6,459863,0,0,0,1,11,175000,91,91,11432712,3,6,459863,0,0,0,1,11,175000
200502,44,009,1,1,Washington County             ,51,51,9543836,0,0,0,0,0,0,1,6,236930,38,38,7142027,0,0,0,0,0,0,1,6,236930
200502,45,009,3,5,Bamberg County                ,4,4,471676,0,0,0,0,0,0,0,0,0,4,4,471676,0,0,0,0,0,0,0,0,0
200502,45,015,3,5,Berkeley County               ,227,227,33198388,0,0,0,0,0,0,1,13,874262,139,139,20675744,0,0,0,0,0,0,0,0,0
200502,45,017,3,5,Calhoun County                ,14,14,2216548,0,0,0,0,0,0,0,0,0,14,14,2216548,0,0,0,0,0,0,0,0,0
200502,45,019,3,5,Charleston County             ,556,556,99655643,5,10,710956,6,21,3413728,13,141,9393916,357,357,71388217,4,8,576000,3,11,2764000,5,36,4720000
200502,45,035,3,5,Dorchester County             ,237,237,35561825,0,0,0,0,0,0,5,120,8398536,206,206,30820438,0,0,0,0,0,0,5,120,8398536
200502,45,039,3,5,Fairfield County              ,20,20,2139742,0,0,0,0,0,0,0,0,0,6,6,516000,0,0,0,0,0,0,0,0,0
200502,45,045,3,5,Greenville County             ,638,638,66193373,3,6,329214,0,0,0,0,0,0,614,614,63510562,1,2,110000,0,0,0,0,0,0
200502,45,047,3,5,Greenwood County              ,39,39,5444761,2,4,434620,0,0,0,0,0,0,39,39,5444761,2,4,434620,0,0,0,0,0,0
200502,45,055,3,5,Kershaw County                ,113,113,10752624,0,0,0,0,0,0,0,0,0,113,113,10752624,0,0,0,0,0,0,0,0,0
200502,45,059,3,5,Laurens County                ,23,23,2988362,0,0,0,0,0,0,0,0,0,22,22,2906854,0,0,0,0,0,0,0,0,0
200502,45,063,3,5,Lexington County              ,361,361,45642167,0,0,0,1,3,126000,0,0,0,352,352,44020735,0,0,0,1,3,126000,0,0,0
200502,45,077,3,5,Pickens County                ,98,98,16177665,2,4,318000,0,0,0,2,10,313334,74,74,13573185,2,4,318000,0,0,0,0,0,0
200502,45,079,3,5,Richland County               ,496,496,60766405,0,0,0,1,3,55000,9,135,7644733,75,75,12522463,0,0,0,0,0,0,0,0,0
200502,45,081,3,5,Saluda County                 ,6,6,730592,0,0,0,0,0,0,0,0,0,6,6,730592,0,0,0,0,0,0,0,0,0
200502,45,091,3,5,York County                   ,464,464,67846758,0,0,0,1,4,481583,3,18,1541186,336,336,46153944,0,0,0,0,0,0,0,0,0
200502,46,005,2,4,Beadle County                 ,0,0,0,0,0,0,0,0,0,0,0,0,0,0,0,0,0,0,0,0,0,0,0,0
200502,46,069,2,4,Hyde County                   ,0,0,0,0,0,0,0,0,0,0,0,0,0,0,0,0,0,0,0,0,0,0,0,0
200502,46,121,2,4,Todd County                   ,0,0,0,0,0,0,0,0,0,0,0,0,0,0,0,0,0,0,0,0,0,0,0,0
200502,47,011,3,6,Bradley County                ,85,85,11247200,2,4,340000,0,0,0,0,0,0,85,85,11247200,2,4,340000,0,0,0,0,0,0
200502,47,015,3,6,Cannon County                 ,0,0,0,0,0,0,0,0,0,0,0,0,0,0,0,0,0,0,0,0,0,0,0,0
200502,47,021,3,6,Cheatham County               ,22,22,2888500,0,0,0,1,4,483000,0,0,0,18,18,2188500,0,0,0,0,0,0,0,0,0
200502,47,025,3,6,Claiborne County              ,12,12,686000,0,0,0,0,0,0,0,0,0,12,12,686000,0,0,0,0,0,0,0,0,0
200502,47,037,3,6,Davidson County               ,566,566,93145681,13,26,5137631,0,0,0,21,573,67993000,565,565,92628413,13,26,5137631,0,0,0,21,573,67993000
200502,47,039,3,6,Decatur County                ,0,0,0,0,0,0,0,0,0,0,0,0,0,0,0,0,0,0,0,0,0,0,0,0
200502,47,043,3,6,Dickson County                ,14,14,1809579,2,4,100000,0,0,0,0,0,0,11,11,1629579,0,0,0,0,0,0,0,0,0
200502,47,047,3,6,Fayette County                ,64,64,18237001,0,0,0,0,0,0,0,0,0,44,44,15651900,0,0,0,0,0,0,0,0,0
200502,47,049,3,6,Fentress County               ,0,0,0,1,2,25000,0,0,0,0,0,0,0,0,0,0,0,0,0,0,0,0,0,0
200502,47,063,3,6,Hamblen County                ,35,35,3932910,4,8,800000,0,0,0,0,0,0,35,35,3932910,4,8,800000,0,0,0,0,0,0
200502,47,071,3,6,Hardin County                 ,3,3,217500,0,0,0,0,0,0,0,0,0,3,3,217500,0,0,0,0,0,0,0,0,0
200502,47,081,3,6,Hickman County                ,1,1,195000,0,0,0,0,0,0,0,0,0,1,1,195000,0,0,0,0,0,0,0,0,0
200502,47,091,3,6,Johnson County                ,0,0,0,0,0,0,0,0,0,0,0,0,0,0,0,0,0,0,0,0,0,0,0,0
200502,47,093,3,6,Knox County                   ,485,485,55498137,5,10,834500,1,3,563508,0,0,0,447,447,52852120,5,10,834500,1,3,563508,0,0,0
200502,47,111,3,6,Macon County                  ,0,0,0,0,0,0,0,0,0,0,0,0,0,0,0,0,0,0,0,0,0,0,0,0
200502,47,113,3,6,Madison County                ,78,78,9787060,0,0,0,0,0,0,0,0,0,78,78,9787060,0,0,0,0,0,0,0,0,0
200502,47,125,3,6,Montgomery County             ,283,283,26168337,0,0,0,2,6,200000,0,0,0,283,283,26168337,0,0,0,2,6,200000,0,0,0
200502,47,141,3,6,Putnam County                 ,70,70,8250200,3,6,193014,0,0,0,8,99,4016299,70,70,8250200,3,6,193014,0,0,0,8,99,4016299
200502,47,147,3,6,Robertson County              ,60,60,6160047,4,8,325000,0,0,0,0,0,0,56,56,5776377,4,8,325000,0,0,0,0,0,0
200502,47,149,3,6,Rutherford County             ,619,619,76921146,1,2,174266,0,0,0,10,219,15934752,619,619,76921146,1,2,174266,0,0,0,10,219,15934752
200502,47,157,3,6,Shelby County                 ,742,742,143848862,0,0,0,6,22,2848310,1,16,500000,742,742,143848862,0,0,0,6,22,2848310,1,16,500000
200502,47,159,3,6,Smith County                  ,9,9,1132161,0,0,0,0,0,0,1,72,4769424,8,8,1093411,0,0,0,0,0,0,1,72,4769424
200502,47,165,3,6,Sumner County                 ,192,192,27817597,2,4,55760,2,6,605436,0,0,0,192,192,27817597,2,4,55760,2,6,605436,0,0,0
200502,47,167,3,6,Tipton County                 ,78,78,8080714,0,0,0,0,0,0,0,0,0,50,50,5408030,0,0,0,0,0,0,0,0,0
200502,47,169,3,6,Trousdale County              ,3,3,265176,0,0,0,0,0,0,0,0,0,1,1,94000,0,0,0,0,0,0,0,0,0
200502,47,179,3,6,Washington County             ,119,119,17364875,0,0,0,0,0,0,0,0,0,55,55,9332601,0,0,0,0,0,0,0,0,0
200502,47,187,3,6,Williamson County             ,289,289,86824470,0,0,0,0,0,0,0,0,0,289,289,86824470,0,0,0,0,0,0,0,0,0
200502,47,189,3,6,Wilson County                 ,215,215,35256802,3,6,390000,0,0,0,0,0,0,214,214,35197502,3,6,390000,0,0,0,0,0,0
200502,48,013,3,7,Atascosa County               ,12,12,1381121,1,2,90000,0,0,0,0,0,0,6,6,890000,1,2,90000,0,0,0,0,0,0
200502,48,015,3,7,Austin County                 ,8,8,869000,0,0,0,0,0,0,0,0,0,8,8,869000,0,0,0,0,0,0,0,0,0
200502,48,019,3,7,Bandera County                ,0,0,0,0,0,0,0,0,0,0,0,0,0,0,0,0,0,0,0,0,0,0,0,0
200502,48,021,3,7,Bastrop County                ,38,38,2716333,0,0,0,2,8,277050,0,0,0,10,10,841877,0,0,0,0,0,0,0,0,0
200502,48,029,3,7,Bexar County                  ,1294,1294,178239269,10,20,1220220,21,84,4600978,46,920,67408400,1218,1218,166826397,10,20,1220220,21,84,4600978,46,920,67408400
200502,48,039,3,7,Brazoria County               ,587,587,99432049,0,0,0,0,0,0,25,588,19968463,582,582,99006637,0,0,0,0,0,0,25,588,19968463
200502,48,041,3,7,Brazos County                 ,131,131,18202978,5,10,802302,25,100,3875000,14,243,11969734,109,109,15841121,2,4,370524,25,100,3875000,11,210,11167412
200502,48,055,3,7,Caldwell County               ,15,15,1505628,0,0,0,0,0,0,0,0,0,6,6,636964,0,0,0,0,0,0,0,0,0
200502,48,063,3,7,Camp County                   ,3,3,192000,0,0,0,0,0,0,0,0,0,3,3,192000,0,0,0,0,0,0,0,0,0
200502,48,071,3,7,Chambers County               ,73,73,9478908,0,0,0,0,0,0,0,0,0,73,73,9478908,0,0,0,0,0,0,0,0,0
200502,48,085,3,7,Collin County                 ,1873,1873,345074454,0,0,0,2,8,630000,11,388,12871782,1779,1779,327430737,0,0,0,2,8,630000,11,388,12871782
200502,48,091,3,7,Comal County                  ,280,280,54495480,3,6,292685,1,3,0,0,0,0,278,278,54211426,3,6,292685,0,0,0,0,0,0
200502,48,113,3,7,Dallas County                 ,1400,1400,247724873,1,2,144804,0,0,0,84,820,61973400,1318,1318,230770285,1,2,144804,0,0,0,84,820,61973400
200502,48,117,3,7,Deaf Smith County             ,2,2,280000,0,0,0,0,0,0,0,0,0,2,2,280000,0,0,0,0,0,0,0,0,0
200502,48,119,3,7,Delta County                  ,0,0,0,0,0,0,0,0,0,0,0,0,0,0,0,0,0,0,0,0,0,0,0,0
200502,48,121,3,7,Denton County                 ,577,577,89606361,4,8,323800,0,0,0,2,29,1908470,505,505,78590786,4,8,323800,0,0,0,0,0,0
200502,48,133,3,7,Eastland County               ,0,0,0,0,0,0,0,0,0,0,0,0,0,0,0,0,0,0,0,0,0,0,0,0
200502,48,135,3,7,Ector County                  ,20,20,2851524,0,0,0,0,0,0,0,0,0,20,20,2851524,0,0,0,0,0,0,0,0,0
200502,48,139,3,7,Ellis County                  ,230,230,31968564,1,2,175000,3,12,525000,0,0,0,219,219,30292952,1,2,175000,3,12,525000,0,0,0
200502,48,151,3,7,Fisher County                 ,0,0,0,0,0,0,0,0,0,0,0,0,0,0,0,0,0,0,0,0,0,0,0,0
200502,48,157,3,7,Fort Bend County              ,616,616,84533274,0,0,0,0,0,0,2,24,1200000,609,609,83599761,0,0,0,0,0,0,0,0,0
200502,48,167,3,7,Galveston County              ,422,422,59287857,1,2,237900,1,3,356850,4,22,1594860,415,415,58604455,1,2,237900,1,3,356850,4,22,1594860
200502,48,187,3,7,Guadalupe County              ,152,152,22897820,0,0,0,0,0,0,0,0,0,114,114,16828999,0,0,0,0,0,0,0,0,0
200502,48,201,3,7,Harris County                 ,4757,4757,548350363,32,64,3043233,4,15,785624,108,1738,106967434,4703,4703,530144274,32,64,3043233,4,15,785624,108,1738,106967434
200502,48,209,3,7,Hays County                   ,242,242,32666820,1,2,122022,0,0,0,1,29,1797963,156,156,21419887,0,0,0,0,0,0,0,0,0
200502,48,215,3,7,Hidalgo County                ,906,906,100818631,3,6,248804,50,195,12790644,20,289,19143938,876,876,99523394,3,6,248804,48,189,12484644,20,289,19143938
200502,48,231,3,7,Hunt County                   ,22,22,2367810,0,0,0,0,0,0,0,0,0,22,22,2367810,0,0,0,0,0,0,0,0,0
200502,48,233,3,7,Hutchinson County             ,0,0,0,0,0,0,0,0,0,0,0,0,0,0,0,0,0,0,0,0,0,0,0,0
200502,48,251,3,7,Johnson County                ,134,134,14008577,0,0,0,0,0,0,0,0,0,126,126,13070847,0,0,0,0,0,0,0,0,0
200502,48,257,3,7,Kaufman County                ,119,119,13291583,1,2,124362,0,0,0,0,0,0,112,112,12486985,1,2,124362,0,0,0,0,0,0
200502,48,259,3,7,Kendall County                ,74,74,13316490,0,0,0,0,0,0,0,0,0,25,25,2836161,0,0,0,0,0,0,0,0,0
200502,48,271,3,7,Kinney County                 ,0,0,0,0,0,0,0,0,0,0,0,0,0,0,0,0,0,0,0,0,0,0,0,0
200502,48,291,3,7,Liberty County                ,41,41,4084570,0,0,0,0,0,0,0,0,0,39,39,3842352,0,0,0,0,0,0,0,0,0
200502,48,307,3,7,McCulloch County              ,0,0,0,0,0,0,0,0,0,0,0,0,0,0,0,0,0,0,0,0,0,0,0,0
200502,48,323,3,7,Maverick County               ,35,35,2637436,0,0,0,0,0,0,0,0,0,19,19,1644132,0,0,0,0,0,0,0,0,0
200502,48,325,3,7,Medina County                 ,10,10,592488,0,0,0,0,0,0,0,0,0,1,1,140000,0,0,0,0,0,0,0,0,0
200502,48,329,3,7,Midland County                ,47,47,5992524,0,0,0,0,0,0,0,0,0,47,47,5992524,0,0,0,0,0,0,0,0,0
200502,48,339,3,7,Montgomery County             ,918,918,139089238,0,0,0,0,0,0,33,450,17723338,897,897,136603782,0,0,0,0,0,0,33,450,17723338
200502,48,353,3,7,Nolan County                  ,2,2,218000,0,0,0,0,0,0,0,0,0,2,2,218000,0,0,0,0,0,0,0,0,0
200502,48,359,3,7,Oldham County                 ,0,0,0,0,0,0,0,0,0,0,0,0,0,0,0,0,0,0,0,0,0,0,0,0
200502,48,367,3,7,Parker County                 ,67,67,8307819,0,0,0,0,0,0,0,0,0,23,23,3709584,0,0,0,0,0,0,0,0,0
200502,48,375,3,7,Potter County                 ,146,146,23640603,0,0,0,0,0,0,0,0,0,146,146,23640603,0,0,0,0,0,0,0,0,0
200502,48,383,3,7,Reagan County                 ,1,1,12667,0,0,0,0,0,0,0,0,0,0,0,0,0,0,0,0,0,0,0,0,0
200502,48,385,3,7,Real County                   ,0,0,0,0,0,0,0,0,0,0,0,0,0,0,0,0,0,0,0,0,0,0,0,0
200502,48,397,3,7,Rockwall County               ,314,314,55433187,0,0,0,1,4,285840,0,0,0,314,314,55433187,0,0,0,1,4,285840,0,0,0
200502,48,407,3,7,San Jacinto County            ,0,0,0,0,0,0,0,0,0,0,0,0,0,0,0,0,0,0,0,0,0,0,0,0
200502,48,435,3,7,Sutton County                 ,0,0,0,0,0,0,0,0,0,0,0,0,0,0,0,0,0,0,0,0,0,0,0,0
200502,48,437,3,7,Swisher County                ,0,0,0,0,0,0,0,0,0,0,0,0,0,0,0,0,0,0,0,0,0,0,0,0
200502,48,439,3,7,Tarrant County                ,1804,1804,273415401,22,44,2849397,1,3,699999,49,1152,82856973,1610,1610,239059632,21,42,2729397,1,3,699999,49,1152,82856973
200502,48,451,3,7,Tom Green County              ,42,42,5377350,0,0,0,0,0,0,0,0,0,42,42,5377350,0,0,0,0,0,0,0,0,0
200502,48,453,3,7,Travis County                 ,1073,1073,152982731,38,76,5967919,0,0,0,22,417,9702700,1035,1035,146298853,38,76,5967919,0,0,0,22,417,9702700
200502,48,463,3,7,Uvalde County                 ,7,7,533400,0,0,0,0,0,0,0,0,0,7,7,533400,0,0,0,0,0,0,0,0,0
200502,48,469,3,7,Victoria County               ,16,16,1914653,0,0,0,0,0,0,0,0,0,16,16,1914653,0,0,0,0,0,0,0,0,0
200502,48,471,3,7,Walker County                 ,11,11,1585337,0,0,0,0,0,0,0,0,0,11,11,1585337,0,0,0,0,0,0,0,0,0
200502,48,473,3,7,Waller County                 ,9,9,491430,0,0,0,0,0,0,3,27,600001,7,7,312000,0,0,0,0,0,0,0,0,0
200502,48,479,3,7,Webb County                   ,270,270,22728117,1,2,74364,1,3,122410,2,11,412483,0,0,0,0,0,0,0,0,0,0,0,0
200502,48,491,3,7,Williamson County             ,778,778,101049981,0,0,0,0,0,0,1,8,2045000,776,776,100863925,0,0,0,0,0,0,1,8,2045000
200502,48,493,3,7,Wilson County                 ,5,5,622829,0,0,0,0,0,0,0,0,0,2,2,225972,0,0,0,0,0,0,0,0,0
200502,48,497,3,7,Wise County                   ,37,37,3805148,0,0,0,0,0,0,0,0,0,34,34,3478012,0,0,0,0,0,0,0,0,0
200502,49,009,4,8,Daggett County                ,0,0,0,0,0,0,0,0,0,0,0,0,0,0,0,0,0,0,0,0,0,0,0,0
200502,49,021,4,8,Iron County                   ,71,71,10017280,0,0,0,0,0,0,2,21,1461052,55,55,7864627,0,0,0,0,0,0,2,21,1461052
200502,49,033,4,8,Rich County                   ,8,8,1033547,0,0,0,0,0,0,1,5,313351,0,0,0,0,0,0,0,0,0,0,0,0
200502,49,035,4,8,Salt Lake County              ,807,807,128576826,3,6,697940,4,12,1078525,13,459,31918120,675,675,108041022,1,2,301014,3,9,954201,10,430,30226954
200502,49,039,4,8,Sanpete County                ,3,3,509923,0,0,0,0,0,0,0,0,0,3,3,509923,0,0,0,0,0,0,0,0,0
200502,49,043,4,8,Summit County                 ,74,74,15023900,1,2,251311,1,3,344370,4,53,13715442,35,35,8468297,1,2,251311,1,3,344370,4,53,13715442
200502,49,045,4,8,Tooele County                 ,81,81,10419543,0,0,0,0,0,0,0,0,0,81,81,10419543,0,0,0,0,0,0,0,0,0
200502,49,051,4,8,Wasatch County                ,41,41,8812538,0,0,0,0,0,0,0,0,0,20,20,3900083,0,0,0,0,0,0,0,0,0
200502,51,003,3,5,Albemarle County              ,101,101,20528525,2,4,532554,1,3,235739,4,64,3552320,0,0,0,0,0,0,0,0,0,0,0,0
200502,51,007,3,5,Amelia County                 ,16,16,2306922,0,0,0,0,0,0,0,0,0,6,6,883076,0,0,0,0,0,0,0,0,0
200502,51,013,3,5,Arlington County              ,1,1,128627,0,0,0,0,0,0,0,0,0,0,0,0,0,0,0,0,0,0,0,0,0
200502,51,015,3,5,Augusta County                ,75,75,11604500,0,0,0,1,4,180000,4,33,2965000,75,75,11604500,0,0,0,1,4,180000,4,33,2965000
200502,51,019,3,5,Bedford County                ,95,95,17189902,0,0,0,1,4,495000,0,0,0,95,95,17189902,0,0,0,1,4,495000,0,0,0
200502,51,023,3,5,Botetourt County              ,25,25,4070006,0,0,0,0,0,0,0,0,0,25,25,4070006,0,0,0,0,0,0,0,0,0
200502,51,031,3,5,Campbell County               ,44,44,6294234,0,0,0,0,0,0,0,0,0,27,27,3752100,0,0,0,0,0,0,0,0,0
200502,51,033,3,5,Caroline County               ,115,115,17801502,0,0,0,1,4,239000,0,0,0,115,115,17801502,0,0,0,1,4,239000,0,0,0
200502,51,036,3,5,Charles City County           ,3,3,376000,0,0,0,0,0,0,0,0,0,3,3,376000,0,0,0,0,0,0,0,0,0
200502,51,041,3,5,Chesterfield County           ,307,307,41959657,0,0,0,12,43,3216749,16,247,16361774,307,307,41959657,0,0,0,12,43,3216749,16,247,16361774
200502,51,043,3,5,Clarke County                 ,18,18,4105568,0,0,0,0,0,0,0,0,0,18,18,4105568,0,0,0,0,0,0,0,0,0
200502,51,049,3,5,Cumberland County             ,7,7,859700,0,0,0,0,0,0,0,0,0,7,7,859700,0,0,0,0,0,0,0,0,0
200502,51,053,3,5,Dinwiddie County              ,37,37,3784173,0,0,0,0,0,0,0,0,0,0,0,0,0,0,0,0,0,0,0,0,0
200502,51,059,3,5,Fairfax County                ,424,424,57950796,0,0,0,0,0,0,8,79,5233118,424,424,57950796,0,0,0,0,0,0,8,79,5233118
200502,51,061,3,5,Fauquier County               ,163,163,38562191,0,0,0,0,0,0,0,0,0,145,145,35336196,0,0,0,0,0,0,0,0,0
200502,51,065,3,5,Fluvanna County               ,41,41,8610750,0,0,0,0,0,0,0,0,0,41,41,8610750,0,0,0,0,0,0,0,0,0
200502,51,067,3,5,Franklin County               ,72,72,16137918,0,0,0,0,0,0,0,0,0,72,72,16137918,0,0,0,0,0,0,0,0,0
200502,51,069,3,5,Frederick County              ,159,159,32468349,0,0,0,0,0,0,0,0,0,159,159,32468349,0,0,0,0,0,0,0,0,0
200502,51,073,3,5,Gloucester County             ,39,39,7768046,0,0,0,0,0,0,0,0,0,39,39,7768046,0,0,0,0,0,0,0,0,0
200502,51,075,3,5,Goochland County              ,43,43,11068739,0,0,0,0,0,0,0,0,0,43,43,11068739,0,0,0,0,0,0,0,0,0
200502,51,079,3,5,Greene County                 ,37,37,7201000,0,0,0,0,0,0,0,0,0,37,37,7201000,0,0,0,0,0,0,0,0,0
200502,51,085,3,5,Hanover County                ,122,122,17832296,0,0,0,0,0,0,1,9,305871,54,54,7072499,0,0,0,0,0,0,0,0,0
200502,51,087,3,5,Henrico County                ,286,286,39089453,0,0,0,8,24,1795395,17,85,5630570,286,286,39089453,0,0,0,8,24,1795395,17,85,5630570
200502,51,093,3,5,Isle of Wight County          ,56,56,7502556,0,0,0,0,0,0,0,0,0,0,0,0,0,0,0,0,0,0,0,0,0
200502,51,095,3,5,James City County             ,98,98,19781143,0,0,0,0,0,0,0,0,0,98,98,19781143,0,0,0,0,0,0,0,0,0
200502,51,097,3,5,King and Queen County         ,4,4,429416,0,0,0,0,0,0,0,0,0,4,4,429416,0,0,0,0,0,0,0,0,0
200502,51,099,3,5,King George County            ,71,71,9299026,0,0,0,0,0,0,0,0,0,71,71,9299026,0,0,0,0,0,0,0,0,0
200502,51,101,3,5,King William County           ,31,31,3526363,0,0,0,0,0,0,0,0,0,31,31,3526363,0,0,0,0,0,0,0,0,0
200502,51,107,3,5,Loudoun County                ,749,749,110682104,0,0,0,0,0,0,2,51,2040000,749,749,110682104,0,0,0,0,0,0,2,51,2040000
200502,51,109,3,5,Louisa County                 ,83,83,13417572,0,0,0,0,0,0,0,0,0,83,83,13417572,0,0,0,0,0,0,0,0,0
200502,51,115,3,5,Mathews County                ,9,9,2326352,0,0,0,0,0,0,0,0,0,9,9,2326352,0,0,0,0,0,0,0,0,0
200502,51,119,3,5,Middlesex County              ,16,16,2489988,0,0,0,0,0,0,0,0,0,16,16,2489988,0,0,0,0,0,0,0,0,0
200502,51,127,3,5,New Kent County               ,40,40,5958609,0,0,0,0,0,0,0,0,0,40,40,5958609,0,0,0,0,0,0,0,0,0
200502,51,137,3,5,Orange County                 ,97,97,18658069,0,0,0,0,0,0,8,64,3008000,97,97,18658069,0,0,0,0,0,0,8,64,3008000
200502,51,143,3,5,Pittsylvania County           ,37,37,4578315,0,0,0,1,3,105000,1,5,295125,0,0,0,0,0,0,0,0,0,0,0,0
200502,51,145,3,5,Powhatan County               ,79,79,17659699,0,0,0,0,0,0,0,0,0,79,79,17659699,0,0,0,0,0,0,0,0,0
200502,51,149,3,5,Prince George County          ,36,36,4285552,0,0,0,0,0,0,0,0,0,36,36,4285552,0,0,0,0,0,0,0,0,0
200502,51,153,3,5,Prince William County         ,546,546,73168929,0,0,0,0,0,0,14,257,11941872,541,541,71457821,0,0,0,0,0,0,14,257,11941872
200502,51,157,3,5,Rappahannock County           ,5,5,1008000,0,0,0,0,0,0,0,0,0,5,5,1008000,0,0,0,0,0,0,0,0,0
200502,51,161,3,5,Roanoke County                ,50,50,3179016,0,0,0,0,0,0,0,0,0,50,50,3179016,0,0,0,0,0,0,0,0,0
200502,51,163,3,5,Rockbridge County             ,28,28,4384357,0,0,0,0,0,0,0,0,0,18,18,2514186,0,0,0,0,0,0,0,0,0
200502,51,169,3,5,Scott County                  ,5,5,492035,0,0,0,0,0,0,0,0,0,5,5,492035,0,0,0,0,0,0,0,0,0
200502,51,171,3,5,Shenandoah County             ,69,69,10416405,0,0,0,0,0,0,0,0,0,69,69,10416405,0,0,0,0,0,0,0,0,0
200502,51,177,3,5,Spotsylvania County           ,273,273,47138730,0,0,0,0,0,0,2,38,941364,0,0,0,0,0,0,0,0,0,0,0,0
200502,51,179,3,5,Stafford County               ,174,174,30606385,0,0,0,0,0,0,0,0,0,174,174,30606385,0,0,0,0,0,0,0,0,0
200502,51,181,3,5,Surry County                  ,16,16,1609238,0,0,0,0,0,0,0,0,0,10,10,1030232,0,0,0,0,0,0,0,0,0
200502,51,183,3,5,Sussex County                 ,3,3,194140,0,0,0,0,0,0,0,0,0,3,3,194140,0,0,0,0,0,0,0,0,0
200502,51,187,3,5,Warren County                 ,40,40,6465510,0,0,0,0,0,0,0,0,0,40,40,6465510,0,0,0,0,0,0,0,0,0
200502,51,199,3,5,York County                   ,56,56,8613960,0,0,0,0,0,0,0,0,0,56,56,8613960,0,0,0,0,0,0,0,0,0
200502,51,510,3,5,Alexandria (Independent City) ,29,29,5316975,0,0,0,0,0,0,0,0,0,29,29,5316975,0,0,0,0,0,0,0,0,0
200502,51,530,3,5,Buena Vista (Independent City),1,1,100000,0,0,0,0,0,0,0,0,0,1,1,100000,0,0,0,0,0,0,0,0,0
200502,51,550,3,5,Chesapeake(Independent City)  ,272,272,44671822,0,0,0,8,32,1899700,0,0,0,272,272,44671822,0,0,0,8,32,1899700,0,0,0
200502,51,570,3,5,Colonial Heights (Independent ,12,12,2022000,0,0,0,0,0,0,0,0,0,12,12,2022000,0,0,0,0,0,0,0,0,0
200502,51,580,3,5,Covington (Independent City)  ,0,0,0,0,0,0,0,0,0,0,0,0,0,0,0,0,0,0,0,0,0,0,0,0
200502,51,600,3,5,Fairfax (Independent City)    ,6,6,1450469,0,0,0,0,0,0,0,0,0,6,6,1450469,0,0,0,0,0,0,0,0,0
200502,51,610,3,5,Falls Church (Independent City,9,9,496126,0,0,0,0,0,0,0,0,0,9,9,496126,0,0,0,0,0,0,0,0,0
200502,51,630,3,5,Fredericksburg(Independent Cit,21,21,3503901,0,0,0,0,0,0,0,0,0,17,17,2688000,0,0,0,0,0,0,0,0,0
200502,51,650,3,5,Hampton (Independent City)    ,52,52,5237374,0,0,0,0,0,0,2,38,1309599,34,34,3272700,0,0,0,0,0,0,0,0,0
200502,51,660,3,5,Harrisonburg (Independent City,80,80,6907989,4,8,622000,0,0,0,0,0,0,80,80,6907989,4,8,622000,0,0,0,0,0,0
200502,51,670,3,5,Hopewell (Independent City)   ,7,7,441796,0,0,0,0,0,0,0,0,0,0,0,0,0,0,0,0,0,0,0,0,0
200502,51,680,3,5,Lynchburg (Independent City)  ,49,49,6782170,0,0,0,0,0,0,0,0,0,49,49,6782170,0,0,0,0,0,0,0,0,0
200502,51,683,3,5,Manassas (Independent City)   ,23,23,2476872,0,0,0,0,0,0,0,0,0,0,0,0,0,0,0,0,0,0,0,0,0
200502,51,685,3,5,Manassas Park (Independent Cit,12,12,1437310,0,0,0,0,0,0,2,17,746621,0,0,0,0,0,0,0,0,0,0,0,0
200502,51,700,3,5,Newport News (Independent City,20,20,2461967,0,0,0,0,0,0,0,0,0,20,20,2461967,0,0,0,0,0,0,0,0,0
200502,51,710,3,5,Norfolk (Independent City)    ,69,69,10329795,1,2,144804,0,0,0,3,28,2918164,69,69,10329795,1,2,144804,0,0,0,3,28,2918164
200502,51,730,3,5,Petersburg (Independent City) ,1,1,60900,0,0,0,0,0,0,0,0,0,1,1,60900,0,0,0,0,0,0,0,0,0
200502,51,735,3,5,Poquoson (Independent City)   ,7,7,1490439,0,0,0,0,0,0,0,0,0,2,2,413000,0,0,0,0,0,0,0,0,0
200502,51,740,3,5,Portsmouth (Independent City) ,11,11,1503441,0,0,0,0,0,0,0,0,0,11,11,1503441,0,0,0,0,0,0,0,0,0
200502,51,760,3,5,Richmond (Independent City)   ,54,54,8365577,0,0,0,0,0,0,7,142,10431855,54,54,8365577,0,0,0,0,0,0,7,142,10431855
200502,51,770,3,5,Roanoke (Independent City)    ,25,25,2726835,0,0,0,0,0,0,0,0,0,25,25,2726835,0,0,0,0,0,0,0,0,0
200502,51,800,3,5,Suffolk (Independent City)    ,136,136,18587991,0,0,0,0,0,0,0,0,0,136,136,18587991,0,0,0,0,0,0,0,0,0
200502,51,810,3,5,Virginia Beach (Independent Ci,107,107,14624375,8,16,1158429,0,0,0,6,127,8412734,107,107,14624375,8,16,1158429,0,0,0,6,127,8412734
200502,51,830,3,5,Williamsburg (Independent City,14,14,2949522,0,0,0,0,0,0,0,0,0,14,14,2949522,0,0,0,0,0,0,0,0,0
200502,53,011,4,9,Clark County                  ,508,508,79662906,2,4,346396,0,0,0,10,80,7898666,473,473,72188775,1,2,141003,0,0,0,10,80,7898666
200502,53,033,4,9,King County                   ,829,829,214039639,19,38,4384775,26,95,8830138,16,686,58284952,774,774,199973446,19,38,4384775,26,95,8830138,13,665,54660530
200502,53,041,4,9,Lewis County                  ,48,48,5804339,0,0,0,0,0,0,2,11,677096,1,1,70000,0,0,0,0,0,0,0,0,0
200502,53,053,4,9,Pierce County                 ,701,701,118856557,7,14,1174847,2,8,769147,11,144,30607056,679,679,115739519,6,12,992455,1,4,382431,9,134,29996158
200502,53,059,4,9,Skamania County               ,13,13,1822650,0,0,0,0,0,0,0,0,0,13,13,1822650,0,0,0,0,0,0,0,0,0
200502,53,061,4,9,Snohomish County              ,805,805,130195728,20,40,3824006,4,15,1361971,9,48,3755235,637,637,109539286,16,32,3243312,3,11,1010490,1,6,465319
200502,54,037,3,5,Jefferson County              ,154,154,30613381,1,2,309200,0,0,0,0,0,0,81,81,16046272,0,0,0,0,0,0,0,0,0
200502,55,021,2,3,Columbia County               ,22,22,4437904,1,2,200000,0,0,0,0,0,0,19,19,4053060,1,2,200000,0,0,0,0,0,0
200502,55,025,2,3,Dane County                   ,293,293,60376793,3,6,501141,4,14,1443418,13,264,19793920,245,245,52938553,1,2,62500,1,4,576000,10,249,18770000
200502,55,031,2,3,Douglas County                ,9,9,873686,0,0,0,0,0,0,0,0,0,9,9,873686,0,0,0,0,0,0,0,0,0
200502,55,037,2,3,Florence County               ,0,0,0,0,0,0,0,0,0,0,0,0,0,0,0,0,0,0,0,0,0,0,0,0
200502,55,049,2,3,Iowa County                   ,15,15,1933500,0,0,0,0,0,0,0,0,0,14,14,1810000,0,0,0,0,0,0,0,0,0
200502,55,059,2,3,Kenosha County                ,93,93,17597079,0,0,0,0,0,0,0,0,0,87,87,16650135,0,0,0,0,0,0,0,0,0
200502,55,079,2,3,Milwaukee County              ,125,125,22635485,1,2,198283,5,19,2112500,5,156,15986420,123,123,22218817,1,2,198283,4,16,1850000,5,156,15986420
200502,55,089,2,3,Ozaukee County                ,47,47,12027604,2,4,520000,4,16,2220000,1,5,984849,35,35,7086285,2,4,520000,4,16,2220000,0,0,0
200502,55,093,2,3,Pierce County                 ,25,25,4385800,1,2,365000,0,0,0,0,0,0,24,24,4235800,1,2,365000,0,0,0,0,0,0
200502,55,109,2,3,St. Croix County              ,95,95,18440305,1,2,210000,0,0,0,3,15,1602500,73,73,15327398,1,2,210000,0,0,0,3,15,1602500
200502,55,113,2,3,Sawyer County                 ,4,4,290100,0,0,0,0,0,0,0,0,0,4,4,290100,0,0,0,0,0,0,0,0,0
200502,55,131,2,3,Washington County             ,83,83,16786176,7,14,1599609,0,0,0,3,40,7455000,57,57,11262000,5,10,1220000,0,0,0,2,35,7330000
200502,55,133,2,3,Waukesha County               ,206,206,52258996,0,0,0,2,8,820000,3,30,2659257,188,188,47196410,0,0,0,2,8,820000,1,16,1500000
200502,56,019,4,8,Johnson County                ,2,2,59700,0,0,0,0,0,0,0,0,0,2,2,59700,0,0,0,0,0,0,0,0,0
200502,56,025,4,8,Natrona County                ,39,39,7846632,0,0,0,0,0,0,0,0,0,33,33,6715778,0,0,0,0,0,0,0,0,0
200502,56,039,4,8,Teton County                  ,13,13,4994538,0,0,0,1,3,832950,2,10,493188,8,8,3953300,0,0,0,0,0,0,0,0,0
