Survey,FIPS,FIPS,Region,Division,County,,1-unit,,,2-units,,,3-4 units,,,5+ units,,,1-unit rep,,,2-units rep,,,3-4 units rep,,, 5+units rep
Date,State,County,Code,Code,Name,Bldgs,Units,Value,Bldgs,Units,Value,Bldgs,Units,Value,Bldgs,Units,Value,Bldgs,Units,Value,Bldgs,Units,Value,Bldgs,Units,Value,Bldgs,Units,Value
 
200602,01,001,3,6,Autauga County                ,60,60,10278811,0,0,0,0,0,0,0,0,0,60,60,10278811,0,0,0,0,0,0,0,0,0
200602,01,007,3,6,Bibb County                   ,0,0,0,0,0,0,0,0,0,0,0,0,0,0,0,0,0,0,0,0,0,0,0,0
200602,01,009,3,6,Blount County                 ,5,5,849610,0,0,0,0,0,0,0,0,0,5,5,849610,0,0,0,0,0,0,0,0,0
200602,01,021,3,6,Chilton County                ,10,10,1460417,0,0,0,0,0,0,2,10,612244,7,7,795000,0,0,0,0,0,0,0,0,0
200602,01,037,3,6,Coosa County                  ,0,0,0,0,0,0,0,0,0,0,0,0,0,0,0,0,0,0,0,0,0,0,0,0
200602,01,073,3,6,Jefferson County              ,651,651,116085383,0,0,0,3,9,540000,15,306,14594992,624,624,112447576,0,0,0,3,9,540000,15,306,14594992
200602,01,081,3,6,Lee County                    ,278,278,42812039,6,12,774376,0,0,0,0,0,0,278,278,42812039,6,12,774376,0,0,0,0,0,0
200602,01,115,3,6,St. Clair County              ,119,119,13298049,5,10,400000,0,0,0,0,0,0,119,119,13298049,5,10,400000,0,0,0,0,0,0
200602,01,117,3,6,Shelby County                 ,404,404,65956532,0,0,0,0,0,0,0,0,0,205,205,35390863,0,0,0,0,0,0,0,0,0
200602,01,127,3,6,Walker County                 ,9,9,1553250,0,0,0,0,0,0,0,0,0,7,7,1280000,0,0,0,0,0,0,0,0,0
200602,02,000,4,9,Alaska Balance of State       ,28,28,5360505,0,0,0,0,0,0,0,0,0,0,0,0,0,0,0,0,0,0,0,0,0
200602,02,013,4,9,Aleutians East Borough        ,0,0,0,0,0,0,0,0,0,0,0,0,0,0,0,0,0,0,0,0,0,0,0,0
200602,02,016,4,9,Aleutians West Census Area    ,1,1,96302,0,0,0,0,0,0,0,0,0,0,0,0,0,0,0,0,0,0,0,0,0
200602,02,020,4,9,Anchorage Borough             ,57,57,12034097,3,6,1700187,5,16,1541759,2,165,18552830,57,57,12034097,3,6,1700187,5,16,1541759,2,165,18552830
200602,02,050,4,9,Bethel Census Area            ,5,5,739130,0,0,0,0,0,0,0,0,0,0,0,0,0,0,0,0,0,0,0,0,0
200602,02,060,4,9,Bristol Bay Borough           ,3,3,362352,0,0,0,0,0,0,0,0,0,3,3,362352,0,0,0,0,0,0,0,0,0
200602,02,090,4,9,Fairbanks North Star Borough  ,11,11,1597414,1,2,200000,0,0,0,0,0,0,7,7,1173000,1,2,200000,0,0,0,0,0,0
200602,02,100,4,9,Haines Borough                ,0,0,0,0,0,0,0,0,0,0,0,0,0,0,0,0,0,0,0,0,0,0,0,0
200602,02,110,4,9,Juneau Borough                ,5,5,1603458,0,0,0,0,0,0,0,0,0,5,5,1603458,0,0,0,0,0,0,0,0,0
200602,02,122,4,9,Kenai Peninsula Borough       ,8,8,1365742,0,0,0,0,0,0,0,0,0,6,6,1045000,0,0,0,0,0,0,0,0,0
200602,02,130,4,9,Ketchikan Gateway Borough     ,4,4,694704,0,0,0,0,0,0,0,0,0,4,4,694704,0,0,0,0,0,0,0,0,0
200602,02,150,4,9,Kodiak Island Borough         ,2,2,431465,0,0,0,0,0,0,0,0,0,2,2,431465,0,0,0,0,0,0,0,0,0
200602,02,170,4,9,Matanuska-Susitna Borough     ,13,13,1857516,3,6,581675,0,0,0,0,0,0,7,7,1197516,3,6,581675,0,0,0,0,0,0
200602,02,180,4,9,Nome Census Area              ,0,0,0,0,0,0,0,0,0,0,0,0,0,0,0,0,0,0,0,0,0,0,0,0
200602,02,185,4,9,North Slope Borough           ,0,0,0,0,0,0,0,0,0,0,0,0,0,0,0,0,0,0,0,0,0,0,0,0
200602,02,188,4,9,Northwest Arctic Borough      ,0,0,0,0,0,0,0,0,0,0,0,0,0,0,0,0,0,0,0,0,0,0,0,0
200602,02,201,4,9,Prince of Wales-Outer Ketchika,0,0,0,0,0,0,0,0,0,0,0,0,0,0,0,0,0,0,0,0,0,0,0,0
200602,02,220,4,9,Sitka Borough                 ,5,5,1019615,0,0,0,0,0,0,0,0,0,0,0,0,0,0,0,0,0,0,0,0,0
200602,02,232,4,9,Skagway-Hoonah-Angoon Census A,1,1,161235,0,0,0,0,0,0,0,0,0,0,0,0,0,0,0,0,0,0,0,0,0
200602,02,261,4,9,Valdez-Cordova Census Area    ,1,1,220000,0,0,0,0,0,0,0,0,0,1,1,220000,0,0,0,0,0,0,0,0,0
200602,02,280,4,9,Wrangell-Petersburg Census Are,1,1,354000,0,0,0,0,0,0,0,0,0,1,1,354000,0,0,0,0,0,0,0,0,0
200602,02,282,4,9,Yakutat Borough               ,1,1,110500,0,0,0,0,0,0,0,0,0,0,0,0,0,0,0,0,0,0,0,0,0
200602,02,290,4,9,Yukon-Koyukuk Census Area     ,0,0,0,0,0,0,0,0,0,0,0,0,0,0,0,0,0,0,0,0,0,0,0,0
200602,04,013,4,8,Maricopa County               ,5160,5160,952966199,39,78,7869623,118,379,37477427,104,1481,149924766,5128,5128,946632334,39,78,7869623,118,379,37477427,102,1465,147824818
200602,04,019,4,8,Pima County                   ,1379,1379,245951970,12,24,1789587,8,28,2362688,6,134,10823879,1081,1081,205438216,1,2,80180,6,22,2065322,0,0,0
200602,04,021,4,8,Pinal County                  ,1514,1514,202071108,8,16,937586,8,30,1876048,2,11,580158,1347,1347,182159724,5,10,546254,2,8,362989,0,0,0
200602,05,023,3,7,Cleburne County               ,8,8,1009500,0,0,0,0,0,0,0,0,0,8,8,1009500,0,0,0,0,0,0,0,0,0
200602,05,025,3,7,Cleveland County              ,0,0,0,0,0,0,0,0,0,0,0,0,0,0,0,0,0,0,0,0,0,0,0,0
200602,05,027,3,7,Columbia County               ,2,2,335000,0,0,0,0,0,0,0,0,0,2,2,335000,0,0,0,0,0,0,0,0,0
200602,05,035,3,7,Crittenden County             ,38,38,6040995,0,0,0,0,0,0,1,28,1300000,38,38,6040995,0,0,0,0,0,0,1,28,1300000
200602,05,059,3,7,Hot Spring County             ,0,0,0,0,0,0,0,0,0,0,0,0,0,0,0,0,0,0,0,0,0,0,0,0
200602,05,061,3,7,Howard County                 ,3,3,273748,0,0,0,0,0,0,0,0,0,0,0,0,0,0,0,0,0,0,0,0,0
200602,05,099,3,7,Nevada County                 ,42,42,6687560,0,0,0,0,0,0,2,10,897248,0,0,0,0,0,0,0,0,0,0,0,0
200602,06,001,4,9,Alameda County                ,220,220,63052597,3,6,1252808,6,22,3393697,20,494,74495287,208,208,58445401,3,6,1252808,6,22,3393697,19,489,73649997
200602,06,003,4,9,Alpine County                 ,0,0,0,0,0,0,0,0,0,0,0,0,0,0,0,0,0,0,0,0,0,0,0,0
200602,06,009,4,9,Calaveras County              ,80,80,24044413,0,0,0,0,0,0,0,0,0,80,80,24044413,0,0,0,0,0,0,0,0,0
200602,06,013,4,9,Contra Costa County           ,509,509,144773352,0,0,0,0,0,0,4,50,4433253,477,477,137811441,0,0,0,0,0,0,2,17,1443418
200602,06,017,4,9,El Dorado County              ,130,130,41725634,3,6,692720,0,0,0,0,0,0,130,130,41725634,3,6,692720,0,0,0,0,0,0
200602,06,037,4,9,Los Angeles County            ,1775,1775,397416240,68,136,15847572,18,61,6141725,87,2724,350428402,1660,1660,367457963,62,124,14602426,11,38,4573306,69,2527,325516225
200602,06,041,4,9,Marin County                  ,57,57,19850089,1,2,286824,1,3,452472,2,39,3843472,8,8,5413256,0,0,0,0,0,0,0,0,0
200602,06,045,4,9,Mendocino County              ,26,26,3870125,1,2,198594,1,4,427406,0,0,0,26,26,3870125,0,0,0,1,4,427406,0,0,0
200602,06,049,4,9,Modoc County                  ,0,0,0,0,0,0,0,0,0,0,0,0,0,0,0,0,0,0,0,0,0,0,0,0
200602,06,051,4,9,Mono County                   ,13,13,3555289,0,0,0,1,4,1094571,1,6,1121033,0,0,0,0,0,0,0,0,0,0,0,0
200602,06,059,4,9,Orange County                 ,600,600,184572086,5,10,2076711,29,108,28104782,34,897,122337020,561,561,170477781,0,0,0,28,105,27435105,32,873,121242435
200602,06,061,4,9,Placer County                 ,415,415,102535790,0,0,0,0,0,0,2,28,2420628,409,409,101211611,0,0,0,0,0,0,2,28,2420628
200602,06,063,4,9,Plumas County                 ,12,12,1513413,0,0,0,0,0,0,0,0,0,12,12,1513413,0,0,0,0,0,0,0,0,0
200602,06,065,4,9,Riverside County              ,4391,4391,876858279,39,78,9239695,15,55,5760237,80,1189,102542077,3815,3815,778977039,39,78,9239695,10,38,4235538,73,1134,96835581
200602,06,067,4,9,Sacramento County             ,965,965,151890117,6,12,1240787,6,19,1959496,8,48,5717954,946,946,148208889,6,12,1240787,6,19,1959496,8,48,5717954
200602,06,069,4,9,San Benito County             ,12,12,2435023,0,0,0,0,0,0,0,0,0,4,4,943446,0,0,0,0,0,0,0,0,0
200602,06,071,4,9,San Bernardino County         ,1791,1791,329371864,0,0,0,4,12,659600,10,87,7925833,1361,1361,250254145,0,0,0,4,12,659600,7,67,6506624
200602,06,073,4,9,San Diego County              ,846,846,234805453,12,24,2473245,15,55,6993897,43,995,90992767,824,824,230239099,11,22,2335645,14,52,6619504,43,995,90992767
200602,06,075,4,9,San Francisco County          ,10,10,1795811,2,4,424662,3,9,829356,6,613,52994463,10,10,1795811,2,4,424662,3,9,829356,6,613,52994463
200602,06,077,4,9,San Joaquin County            ,567,567,141721516,1,2,234478,0,0,0,8,70,7477719,493,493,124835373,1,2,234478,0,0,0,8,70,7477719
200602,06,081,4,9,San Mateo County              ,82,82,34037257,0,0,0,0,0,0,3,16,2031117,56,56,19750221,0,0,0,0,0,0,0,0,0
200602,06,085,4,9,Santa Clara County            ,341,341,101789858,0,0,0,7,26,3102486,12,223,28920179,314,314,94871038,0,0,0,7,26,3102486,11,202,26627837
200602,06,091,4,9,Sierra County                 ,1,1,120384,0,0,0,0,0,0,0,0,0,1,1,120384,0,0,0,0,0,0,0,0,0
200602,06,113,4,9,Yolo County                   ,101,101,20336169,0,0,0,2,8,924674,0,0,0,101,101,20336169,0,0,0,2,8,924674,0,0,0
200602,08,001,4,8,Adams County                  ,377,377,63436980,1,2,115150,0,0,0,4,30,2580462,310,310,52628370,1,2,115150,0,0,0,4,30,2580462
200602,08,005,4,8,Arapahoe County               ,614,614,139436080,1,2,121788,1,4,231264,3,135,12764642,610,610,138095614,1,2,121788,1,4,231264,3,135,12764642
200602,08,014,4,8,Broomfield County             ,124,124,27314280,1,2,108254,0,0,0,0,0,0,124,124,27314280,1,2,108254,0,0,0,0,0,0
200602,08,015,4,8,Chaffee County                ,24,24,3250446,0,0,0,0,0,0,0,0,0,24,24,3250446,0,0,0,0,0,0,0,0,0
200602,08,019,4,8,Clear Creek County            ,4,4,919801,0,0,0,0,0,0,0,0,0,2,2,411550,0,0,0,0,0,0,0,0,0
200602,08,023,4,8,Costilla County               ,4,4,652794,0,0,0,0,0,0,0,0,0,0,0,0,0,0,0,0,0,0,0,0,0
200602,08,031,4,8,Denver County                 ,319,319,67967148,11,22,3838444,1,4,381546,2,378,72287862,319,319,67967148,11,22,3838444,1,4,381546,2,378,72287862
200602,08,033,4,8,Dolores County                ,1,1,173676,0,0,0,0,0,0,0,0,0,1,1,173676,0,0,0,0,0,0,0,0,0
200602,08,035,4,8,Douglas County                ,734,734,186060764,0,0,0,0,0,0,0,0,0,734,734,186060764,0,0,0,0,0,0,0,0,0
200602,08,039,4,8,Elbert County                 ,50,50,8816385,0,0,0,0,0,0,0,0,0,50,50,8816385,0,0,0,0,0,0,0,0,0
200602,08,041,4,8,El Paso County                ,856,856,130549923,3,6,504900,3,9,1267961,6,34,3759155,856,856,130549923,3,6,504900,3,9,1267961,6,34,3759155
200602,08,047,4,8,Gilpin County                 ,15,15,1214372,0,0,0,0,0,0,0,0,0,6,6,83400,0,0,0,0,0,0,0,0,0
200602,08,049,4,8,Grand County                  ,63,63,14964286,0,0,0,0,0,0,1,5,552045,0,0,0,0,0,0,0,0,0,0,0,0
200602,08,059,4,8,Jefferson County              ,140,140,38113522,4,8,1368422,1,4,264000,5,308,29226582,140,140,38113522,4,8,1368422,1,4,264000,5,308,29226582
200602,08,069,4,8,Larimer County                ,303,303,63728758,5,10,1117225,5,17,2135084,3,26,2643406,297,297,62451583,5,10,1117225,4,14,1762389,3,26,2643406
200602,08,077,4,8,Mesa County                   ,230,230,40873906,1,2,283513,0,0,0,0,0,0,230,230,40873906,1,2,283513,0,0,0,0,0,0
200602,08,093,4,8,Park County                   ,21,21,3228579,0,0,0,0,0,0,0,0,0,21,21,3228579,0,0,0,0,0,0,0,0,0
200602,08,101,4,8,Pueblo County                 ,194,194,31535018,43,86,3862990,0,0,0,0,0,0,194,194,31535018,43,86,3862990,0,0,0,0,0,0
200602,08,107,4,8,Routt County                  ,39,39,8458753,0,0,0,0,0,0,1,23,6784050,39,39,8458753,0,0,0,0,0,0,1,23,6784050
200602,08,119,4,8,Teller County                 ,23,23,6438893,0,0,0,0,0,0,0,0,0,22,22,6377393,0,0,0,0,0,0,0,0,0
200602,08,123,4,8,Weld County                   ,509,509,100187269,1,2,108102,1,4,196275,4,40,3395474,441,441,88033530,0,0,0,0,0,0,3,28,2752717
200602,10,001,3,5,Kent County                   ,279,279,37396758,0,0,0,0,0,0,0,0,0,139,139,19214952,0,0,0,0,0,0,0,0,0
200602,10,003,3,5,New Castle County             ,220,220,20987782,0,0,0,0,0,0,4,33,852977,90,90,9448018,0,0,0,0,0,0,1,12,450000
200602,10,005,3,5,Sussex County                 ,352,352,53833698,17,34,3349849,6,24,3217200,16,122,10683448,352,352,53833698,17,34,3349849,6,24,3217200,16,122,10683448
200602,11,001,3,5,Washington  DC                ,7,7,1730000,0,0,0,0,0,0,8,734,23796370,7,7,1730000,0,0,0,0,0,0,8,734,23796370
200602,12,003,3,5,Baker County                  ,36,36,4467664,0,0,0,0,0,0,0,0,0,36,36,4467664,0,0,0,0,0,0,0,0,0
200602,12,009,3,5,Brevard County                ,916,916,195708716,3,6,1040712,3,12,3420957,25,530,76142808,905,905,194286527,2,4,753218,2,8,2788817,21,484,68045939
200602,12,011,3,5,Broward County                ,625,625,107821243,8,16,1255770,1,3,321506,24,501,65374331,401,401,82819715,8,16,1255770,1,3,321506,12,370,54803988
200602,12,013,3,5,Calhoun County                ,12,12,1542207,0,0,0,0,0,0,0,0,0,11,11,1475540,0,0,0,0,0,0,0,0,0
200602,12,015,3,5,Charlotte County              ,401,401,68070877,3,6,591864,4,14,1600053,15,238,29778525,25,25,5889143,0,0,0,0,0,0,4,78,15006496
200602,12,019,3,5,Clay County                   ,303,303,38735332,0,0,0,0,0,0,0,0,0,301,301,38492650,0,0,0,0,0,0,0,0,0
200602,12,021,3,5,Collier County                ,549,549,139077557,0,0,0,21,83,23173000,7,48,37388000,549,549,139077557,0,0,0,21,83,23173000,7,48,37388000
200602,12,023,3,5,Columbia County               ,75,75,7267467,0,0,0,0,0,0,0,0,0,49,49,4713967,0,0,0,0,0,0,0,0,0
200602,12,031,3,5,Duval County                  ,1406,1406,226558458,0,0,0,1,3,850000,40,796,44979803,1406,1406,226558458,0,0,0,1,3,850000,40,796,44979803
200602,12,033,3,5,Escambia County               ,247,247,38019330,0,0,0,0,0,0,7,35,2680597,247,247,38019330,0,0,0,0,0,0,7,35,2680597
200602,12,041,3,5,Gilchrist County              ,18,18,2329352,0,0,0,0,0,0,0,0,0,0,0,0,0,0,0,0,0,0,0,0,0
200602,12,047,3,5,Hamilton County               ,8,8,876045,0,0,0,0,0,0,0,0,0,8,8,876045,0,0,0,0,0,0,0,0,0
200602,12,049,3,5,Hardee County                 ,17,17,1234917,0,0,0,0,0,0,1,5,171458,12,12,824170,0,0,0,0,0,0,0,0,0
200602,12,053,3,5,Hernando County               ,871,871,182811337,0,0,0,0,0,0,1,8,840450,871,871,182811337,0,0,0,0,0,0,1,8,840450
200602,12,055,3,5,Highlands County              ,189,189,33673135,1,2,285893,0,0,0,0,0,0,120,120,21515403,0,0,0,0,0,0,0,0,0
200602,12,057,3,5,Hillsborough County           ,1698,1698,284606804,27,54,8050594,2,7,584630,46,940,87256024,1698,1698,284606804,27,54,8050594,2,7,584630,46,940,87256024
200602,12,061,3,5,Indian River County           ,685,685,153146375,0,0,0,0,0,0,3,52,6300000,685,685,153146375,0,0,0,0,0,0,3,52,6300000
200602,12,063,3,5,Jackson County                ,27,27,3481481,1,2,70000,0,0,0,0,0,0,27,27,3481481,1,2,70000,0,0,0,0,0,0
200602,12,065,3,5,Jefferson County              ,14,14,1956948,0,0,0,0,0,0,0,0,0,14,14,1956948,0,0,0,0,0,0,0,0,0
200602,12,067,3,5,Lafayette County              ,4,4,724284,0,0,0,0,0,0,0,0,0,4,4,724284,0,0,0,0,0,0,0,0,0
200602,12,069,3,5,Lake County                   ,1003,1003,152467591,4,8,742142,0,0,0,2,24,1306644,227,227,51301347,2,4,529740,0,0,0,0,0,0
200602,12,071,3,5,Lee County                    ,3202,3202,605649317,2,4,313943,20,80,6597204,86,914,109461276,3202,3202,605649317,2,4,313943,20,80,6597204,86,914,109461276
200602,12,073,3,5,Leon County                   ,242,242,40027937,3,6,469527,2,8,521884,15,225,16307142,46,46,8536392,0,0,0,0,0,0,0,0,0
200602,12,077,3,5,Liberty County                ,2,2,370000,0,0,0,0,0,0,0,0,0,2,2,370000,0,0,0,0,0,0,0,0,0
200602,12,081,3,5,Manatee County                ,554,554,146456329,1,2,400000,3,12,2187960,38,595,60318266,552,552,145832481,0,0,0,3,12,2187960,36,585,58240170
200602,12,083,3,5,Marion County                 ,1200,1200,178213404,0,0,0,0,0,0,22,192,3557000,1200,1200,178213404,0,0,0,0,0,0,22,192,3557000
200602,12,085,3,5,Martin County                 ,122,122,33235921,2,4,345750,1,4,2137200,1,12,4791600,121,121,31357009,2,4,345750,1,4,2137200,1,12,4791600
200602,12,086,3,5,Miami-Dade County             ,1490,1490,276789942,29,58,5207180,4,12,1160900,64,2002,132132314,1446,1446,263400857,29,58,5207180,4,12,1160900,61,1922,114971459
200602,12,089,3,5,Nassau County                 ,192,192,38936722,0,0,0,0,0,0,0,0,0,192,192,38936722,0,0,0,0,0,0,0,0,0
200602,12,095,3,5,Orange County                 ,1880,1880,302464674,3,6,470914,15,51,4430471,5,158,33752108,1880,1880,302464674,3,6,470914,15,51,4430471,5,158,33752108
200602,12,097,3,5,Osceola County                ,893,893,196322738,0,0,0,43,131,19254033,11,174,24557204,893,893,196322738,0,0,0,43,131,19254033,11,174,24557204
200602,12,099,3,5,Palm Beach County             ,1289,1289,292888169,4,8,1561346,1,4,578918,43,830,166323309,1242,1242,280708467,1,2,150000,1,4,578918,37,779,159818606
200602,12,101,3,5,Pasco County                  ,1114,1114,196475908,0,0,0,11,39,2580100,14,84,7943250,1111,1111,195888721,0,0,0,11,39,2580100,14,84,7943250
200602,12,103,3,5,Pinellas County               ,291,291,57307492,0,0,0,0,0,0,3,60,10363658,291,291,57307492,0,0,0,0,0,0,3,60,10363658
200602,12,105,3,5,Polk County                   ,2531,2531,295736015,10,20,1222964,1,3,180000,64,1046,115882721,2520,2520,294402535,10,20,1222964,1,3,180000,64,1046,115882721
200602,12,109,3,5,St. Johns County              ,606,606,167785605,1,2,204182,1,4,1378104,8,122,13862860,594,594,165479999,0,0,0,1,4,1378104,8,122,13862860
200602,12,111,3,5,St. Lucie County              ,1178,1178,150300882,10,20,1003162,2,7,939754,10,66,7940724,1178,1178,150300882,10,20,1003162,2,7,939754,10,66,7940724
200602,12,113,3,5,Santa Rosa County             ,184,184,26905124,0,0,0,0,0,0,0,0,0,184,184,26905124,0,0,0,0,0,0,0,0,0
200602,12,115,3,5,Sarasota County               ,1315,1315,188306275,4,8,913222,0,0,0,22,254,43409221,1315,1315,188306275,4,8,913222,0,0,0,22,254,43409221
200602,12,117,3,5,Seminole County               ,321,321,55294492,0,0,0,0,0,0,1,7,435007,318,318,54973466,0,0,0,0,0,0,0,0,0
200602,12,119,3,5,Sumter County                 ,1056,1056,179581705,5,10,1367765,0,0,0,0,0,0,1055,1055,179486609,5,10,1367765,0,0,0,0,0,0
200602,12,123,3,5,Taylor County                 ,14,14,2878806,0,0,0,0,0,0,0,0,0,13,13,2754400,0,0,0,0,0,0,0,0,0
200602,12,125,3,5,Union County                  ,15,15,1402080,0,0,0,0,0,0,0,0,0,15,15,1402080,0,0,0,0,0,0,0,0,0
200602,12,127,3,5,Volusia County                ,598,598,118548461,3,6,450000,0,0,0,7,113,12384459,491,491,99840936,3,6,450000,0,0,0,1,33,6194677
200602,12,129,3,5,Wakulla County                ,136,136,14153404,0,0,0,0,0,0,0,0,0,136,136,14153404,0,0,0,0,0,0,0,0,0
200602,12,131,3,5,Walton County                 ,191,191,161965482,0,0,0,0,0,0,10,81,5598120,189,189,161784490,0,0,0,0,0,0,10,81,5598120
200602,13,005,3,5,Bacon County                  ,0,0,0,0,0,0,0,0,0,0,0,0,0,0,0,0,0,0,0,0,0,0,0,0
200602,13,013,3,5,Barrow County                 ,157,157,14252396,0,0,0,0,0,0,0,0,0,157,157,14252396,0,0,0,0,0,0,0,0,0
200602,13,015,3,5,Bartow County                 ,114,114,16536754,0,0,0,0,0,0,0,0,0,108,108,15721784,0,0,0,0,0,0,0,0,0
200602,13,029,3,5,Bryan County                  ,97,97,16507936,0,0,0,1,4,900000,0,0,0,42,42,6400745,0,0,0,1,4,900000,0,0,0
200602,13,035,3,5,Butts County                  ,48,48,4599902,0,0,0,0,0,0,0,0,0,0,0,0,0,0,0,0,0,0,0,0,0
200602,13,045,3,5,Carroll County                ,241,241,26661673,0,0,0,0,0,0,0,0,0,241,241,26661673,0,0,0,0,0,0,0,0,0
200602,13,057,3,5,Cherokee County               ,469,469,62328491,0,0,0,0,0,0,2,94,12217274,469,469,62328491,0,0,0,0,0,0,2,94,12217274
200602,13,059,3,5,Clarke County                 ,95,95,9039689,0,0,0,0,0,0,5,70,2990650,95,95,9039689,0,0,0,0,0,0,5,70,2990650
200602,13,063,3,5,Clayton County                ,271,271,38656577,0,0,0,0,0,0,0,0,0,269,269,38302291,0,0,0,0,0,0,0,0,0
200602,13,067,3,5,Cobb County                   ,703,703,153964848,1,2,150855,9,34,4808842,11,159,12519216,703,703,153964848,1,2,150855,9,34,4808842,11,159,12519216
200602,13,077,3,5,Coweta County                 ,333,333,59201654,0,0,0,2,8,1169363,0,0,0,327,327,58701099,0,0,0,2,8,1169363,0,0,0
200602,13,085,3,5,Dawson County                 ,90,90,14526491,0,0,0,0,0,0,0,0,0,90,90,14526491,0,0,0,0,0,0,0,0,0
200602,13,089,3,5,DeKalb County                 ,604,604,93147605,0,0,0,0,0,0,11,455,41960240,604,604,93147605,0,0,0,0,0,0,11,455,41960240
200602,13,097,3,5,Douglas County                ,246,246,19381020,0,0,0,0,0,0,0,0,0,246,246,19381020,0,0,0,0,0,0,0,0,0
200602,13,113,3,5,Fayette County                ,141,141,32953480,0,0,0,0,0,0,0,0,0,124,124,29811440,0,0,0,0,0,0,0,0,0
200602,13,117,3,5,Forsyth County                ,738,738,97187533,0,0,0,0,0,0,40,579,23974140,738,738,97187533,0,0,0,0,0,0,40,579,23974140
200602,13,121,3,5,Fulton County                 ,1329,1329,171019202,6,12,941828,0,0,0,19,934,71053926,1318,1318,169742502,6,12,941828,0,0,0,17,918,70308236
200602,13,127,3,5,Glynn County                  ,190,190,40094618,1,2,175738,0,0,0,2,20,6603077,119,119,26485088,0,0,0,0,0,0,1,12,4710500
200602,13,133,3,5,Greene County                 ,40,40,18290028,0,0,0,0,0,0,0,0,0,40,40,18290028,0,0,0,0,0,0,0,0,0
200602,13,135,3,5,Gwinnett County               ,1427,1427,186522099,0,0,0,0,0,0,0,0,0,1391,1391,182145164,0,0,0,0,0,0,0,0,0
200602,13,143,3,5,Haralson County               ,22,22,2967570,0,0,0,0,0,0,0,0,0,20,20,2732032,0,0,0,0,0,0,0,0,0
200602,13,145,3,5,Harris County                 ,82,82,18633445,0,0,0,0,0,0,0,0,0,82,82,18633445,0,0,0,0,0,0,0,0,0
200602,13,149,3,5,Heard County                  ,6,6,805508,0,0,0,0,0,0,0,0,0,0,0,0,0,0,0,0,0,0,0,0,0
200602,13,151,3,5,Henry County                  ,555,555,98609275,0,0,0,6,24,3508742,2,45,2980890,456,456,88053733,0,0,0,6,24,3508742,0,0,0
200602,13,159,3,5,Jasper County                 ,37,37,3758881,0,0,0,0,0,0,0,0,0,37,37,3758881,0,0,0,0,0,0,0,0,0
200602,13,169,3,5,Jones County                  ,25,25,5196237,0,0,0,0,0,0,0,0,0,25,25,5196237,0,0,0,0,0,0,0,0,0
200602,13,171,3,5,Lamar County                  ,21,21,2900794,0,0,0,0,0,0,1,5,374062,21,21,2900794,0,0,0,0,0,0,0,0,0
200602,13,177,3,5,Lee County                    ,66,66,7542802,0,0,0,0,0,0,0,0,0,0,0,0,0,0,0,0,0,0,0,0,0
200602,13,189,3,5,McDuffie County               ,9,9,1737000,0,0,0,0,0,0,0,0,0,9,9,1737000,0,0,0,0,0,0,0,0,0
200602,13,199,3,5,Meriwether County             ,25,25,3461918,0,0,0,0,0,0,0,0,0,25,25,3461918,0,0,0,0,0,0,0,0,0
200602,13,211,3,5,Morgan County                 ,45,45,7978900,0,0,0,0,0,0,0,0,0,45,45,7978900,0,0,0,0,0,0,0,0,0
200602,13,215,3,5,Muscogee County               ,119,119,12387303,1,2,165680,1,3,131481,4,59,5567333,0,0,0,0,0,0,0,0,0,0,0,0
200602,13,217,3,5,Newton County                 ,327,327,43279293,0,0,0,0,0,0,0,0,0,327,327,43279293,0,0,0,0,0,0,0,0,0
200602,13,223,3,5,Paulding County               ,601,601,89905326,0,0,0,17,68,2720000,0,0,0,601,601,89905326,0,0,0,17,68,2720000,0,0,0
200602,13,227,3,5,Pickens County                ,64,64,15255000,0,0,0,0,0,0,0,0,0,64,64,15255000,0,0,0,0,0,0,0,0,0
200602,13,231,3,5,Pike County                   ,42,42,5589696,0,0,0,0,0,0,0,0,0,0,0,0,0,0,0,0,0,0,0,0,0
200602,13,237,3,5,Putnam County                 ,86,86,15064103,0,0,0,0,0,0,0,0,0,63,63,11892300,0,0,0,0,0,0,0,0,0
200602,13,239,3,5,Quitman County                ,0,0,0,0,0,0,0,0,0,0,0,0,0,0,0,0,0,0,0,0,0,0,0,0
200602,13,247,3,5,Rockdale County               ,240,240,39771175,0,0,0,3,10,768704,0,0,0,240,240,39771175,0,0,0,3,10,768704,0,0,0
200602,13,255,3,5,Spalding County               ,89,89,11840633,0,0,0,0,0,0,0,0,0,89,89,11840633,0,0,0,0,0,0,0,0,0
200602,13,291,3,5,Union County                  ,90,90,13364992,0,0,0,0,0,0,0,0,0,90,90,13364992,0,0,0,0,0,0,0,0,0
200602,13,297,3,5,Walton County                 ,214,214,32681901,8,16,1221480,0,0,0,0,0,0,196,196,31103119,8,16,1221480,0,0,0,0,0,0
200602,13,313,3,5,Whitfield County              ,77,77,9186630,1,2,87949,2,8,463308,2,12,631802,0,0,0,0,0,0,0,0,0,0,0,0
200602,13,321,3,5,Worth County                  ,11,11,1273900,0,0,0,0,0,0,0,0,0,11,11,1273900,0,0,0,0,0,0,0,0,0
200602,15,001,4,9,Hawaii County                 ,473,473,117310446,0,0,0,0,0,0,1,16,2100000,473,473,117310446,0,0,0,0,0,0,1,16,2100000
200602,15,003,4,9,Honolulu County               ,294,294,71932688,0,0,0,0,0,0,1,352,16935714,294,294,71932688,0,0,0,0,0,0,1,352,16935714
200602,15,007,4,9,Kauai County                  ,57,57,16772077,0,0,0,0,0,0,0,0,0,25,25,8018800,0,0,0,0,0,0,0,0,0
200602,15,009,4,9,Maui County                   ,175,175,31426691,0,0,0,0,0,0,0,0,0,175,175,31426691,0,0,0,0,0,0,0,0,0
200602,16,001,4,8,Ada County                    ,1025,1025,222649109,1,2,275000,26,103,5201366,0,0,0,1017,1017,221228743,1,2,275000,25,100,5064438,0,0,0
200602,16,015,4,8,Boise County                  ,2,2,364252,0,0,0,0,0,0,0,0,0,2,2,364252,0,0,0,0,0,0,0,0,0
200602,16,027,4,8,Canyon County                 ,552,552,78819568,1,2,162299,6,24,1175235,1,7,299934,439,439,62583649,0,0,0,0,0,0,0,0,0
200602,16,045,4,8,Gem County                    ,27,27,3812601,1,2,186799,0,0,0,0,0,0,27,27,3812601,1,2,186799,0,0,0,0,0,0
200602,16,073,4,8,Owyhee County                 ,14,14,2004812,0,0,0,0,0,0,0,0,0,9,9,1452473,0,0,0,0,0,0,0,0,0
200602,17,005,2,3,Bond County                   ,6,6,915000,0,0,0,0,0,0,0,0,0,6,6,915000,0,0,0,0,0,0,0,0,0
200602,17,013,2,3,Calhoun County                ,3,3,380000,0,0,0,0,0,0,0,0,0,3,3,380000,0,0,0,0,0,0,0,0,0
200602,17,027,2,3,Clinton County                ,43,43,8344811,0,0,0,0,0,0,0,0,0,39,39,7678240,0,0,0,0,0,0,0,0,0
200602,17,031,2,3,Cook County                   ,802,802,190448804,17,34,3285238,93,298,28151728,87,3104,241131776,756,756,178000292,17,34,3285238,93,298,28151728,79,2975,229676413
200602,17,037,2,3,DeKalb County                 ,103,103,18288379,0,0,0,2,8,496490,3,23,1248556,81,81,15296573,0,0,0,2,8,496490,1,12,800000
200602,17,039,2,3,De Witt County                ,3,3,530000,0,0,0,0,0,0,0,0,0,3,3,530000,0,0,0,0,0,0,0,0,0
200602,17,043,2,3,DuPage County                 ,279,279,103720579,1,2,667000,4,16,1424000,4,134,19601985,221,221,89759529,1,2,667000,4,16,1424000,4,134,19601985
200602,17,063,2,3,Grundy County                 ,36,36,6541418,1,2,185000,0,0,0,2,11,564102,24,24,4146182,0,0,0,0,0,0,0,0,0
200602,17,083,2,3,Jersey County                 ,17,17,2739932,0,0,0,0,0,0,2,10,578496,13,13,2259046,0,0,0,0,0,0,0,0,0
200602,17,089,2,3,Kane County                   ,569,569,132551990,0,0,0,1,3,287558,1,5,427988,480,480,116055638,0,0,0,0,0,0,0,0,0
200602,17,093,2,3,Kendall County                ,233,233,35322600,0,0,0,0,0,0,4,64,1522000,233,233,35322600,0,0,0,0,0,0,4,64,1522000
200602,17,097,2,3,Lake County                   ,358,358,86426607,2,4,750000,9,33,2090940,4,24,2562026,311,311,69681586,2,4,750000,8,30,1528440,1,5,234516
200602,17,111,2,3,McHenry County                ,252,252,53046135,5,10,1359180,0,0,0,7,61,4317935,244,244,51765681,3,6,904000,0,0,0,6,48,3635836
200602,17,117,2,3,Macoupin County               ,15,15,2381130,0,0,0,0,0,0,0,0,0,11,11,1731545,0,0,0,0,0,0,0,0,0
200602,17,119,2,3,Madison County                ,131,131,22745951,2,4,303266,1,3,170366,0,0,0,106,106,18913527,0,0,0,0,0,0,0,0,0
200602,17,133,2,3,Monroe County                 ,41,41,7162709,2,4,386498,0,0,0,0,0,0,31,31,5620588,2,4,386498,0,0,0,0,0,0
200602,17,163,2,3,St. Clair County              ,229,229,34979127,2,4,365000,2,7,336000,2,10,364286,146,146,21449828,2,4,365000,0,0,0,0,0,0
200602,17,197,2,3,Will County                   ,782,782,164229918,1,2,340000,0,0,0,6,212,10566874,742,742,156170871,1,2,340000,0,0,0,4,202,10027723
200602,18,001,2,3,Adams County                  ,12,12,1763000,0,0,0,0,0,0,0,0,0,12,12,1763000,0,0,0,0,0,0,0,0,0
200602,18,003,2,3,Allen County                  ,172,172,32653465,0,0,0,0,0,0,0,0,0,172,172,32653465,0,0,0,0,0,0,0,0,0
200602,18,011,2,3,Boone County                  ,67,67,16411457,0,0,0,0,0,0,0,0,0,67,67,16411457,0,0,0,0,0,0,0,0,0
200602,18,013,2,3,Brown County                  ,10,10,1726641,0,0,0,0,0,0,0,0,0,9,9,1563954,0,0,0,0,0,0,0,0,0
200602,18,019,2,3,Clark County                  ,126,126,20598650,0,0,0,2,8,550000,3,22,1200000,126,126,20598650,0,0,0,2,8,550000,3,22,1200000
200602,18,029,2,3,Dearborn County               ,24,24,4672000,0,0,0,1,4,340000,1,8,850000,24,24,4672000,0,0,0,1,4,340000,1,8,850000
200602,18,043,2,3,Floyd County                  ,60,60,13898549,0,0,0,3,11,922000,0,0,0,54,54,12974075,0,0,0,3,11,922000,0,0,0
200602,18,047,2,3,Franklin County               ,10,10,1653000,0,0,0,0,0,0,0,0,0,10,10,1653000,0,0,0,0,0,0,0,0,0
200602,18,057,2,3,Hamilton County               ,471,471,97552990,8,16,1253422,3,12,645000,5,69,7503000,469,469,97385353,8,16,1253422,3,12,645000,5,69,7503000
200602,18,059,2,3,Hancock County                ,87,87,14245491,0,0,0,0,0,0,0,0,0,87,87,14245491,0,0,0,0,0,0,0,0,0
200602,18,061,2,3,Harrison County               ,18,18,2738727,0,0,0,0,0,0,0,0,0,18,18,2738727,0,0,0,0,0,0,0,0,0
200602,18,063,2,3,Hendricks County              ,219,219,41633175,2,4,714000,0,0,0,0,0,0,215,215,40982429,2,4,714000,0,0,0,0,0,0
200602,18,065,2,3,Henry County                  ,9,9,1509725,0,0,0,0,0,0,0,0,0,8,8,1356725,0,0,0,0,0,0,0,0,0
200602,18,069,2,3,Huntington County             ,12,12,2262000,0,0,0,0,0,0,0,0,0,12,12,2262000,0,0,0,0,0,0,0,0,0
200602,18,073,2,3,Jasper County                 ,19,19,4030728,0,0,0,0,0,0,0,0,0,19,19,4030728,0,0,0,0,0,0,0,0,0
200602,18,079,2,3,Jennings County               ,14,14,1266781,2,4,294000,0,0,0,0,0,0,14,14,1266781,2,4,294000,0,0,0,0,0,0
200602,18,081,2,3,Johnson County                ,267,267,46758621,3,6,388499,0,0,0,8,120,5868000,267,267,46758621,1,2,193249,0,0,0,8,120,5868000
200602,18,087,2,3,Lagrange County               ,33,33,5053236,0,0,0,0,0,0,0,0,0,33,33,5053236,0,0,0,0,0,0,0,0,0
200602,18,089,2,3,Lake County                   ,198,198,40415408,16,32,3534961,2,7,776436,1,13,942435,187,187,38974350,15,30,3378897,1,4,553300,0,0,0
200602,18,097,2,3,Marion County                 ,324,324,57494931,13,26,2400609,7,27,2278219,8,89,7015248,324,324,57494931,13,26,2400609,7,27,2278219,8,89,7015248
200602,18,109,2,3,Morgan County                 ,43,43,5756289,2,4,425000,3,12,600000,1,5,230000,32,32,3969457,2,4,425000,3,12,600000,1,5,230000
200602,18,111,2,3,Newton County                 ,4,4,506666,0,0,0,0,0,0,0,0,0,2,2,230000,0,0,0,0,0,0,0,0,0
200602,18,115,2,3,Ohio County                   ,6,6,888000,0,0,0,0,0,0,0,0,0,6,6,888000,0,0,0,0,0,0,0,0,0
200602,18,125,2,3,Pike County                   ,4,4,400000,0,0,0,0,0,0,0,0,0,4,4,400000,0,0,0,0,0,0,0,0,0
200602,18,127,2,3,Porter County                 ,119,119,25552162,7,14,1480092,3,11,932612,0,0,0,119,119,25552162,7,14,1480092,3,11,932612,0,0,0
200602,18,133,2,3,Putnam County                 ,5,5,868864,0,0,0,0,0,0,0,0,0,5,5,868864,0,0,0,0,0,0,0,0,0
200602,18,145,2,3,Shelby County                 ,25,25,4021093,0,0,0,1,3,0,0,0,0,25,25,4021093,0,0,0,0,0,0,0,0,0
200602,18,155,2,3,Switzerland County            ,11,11,640928,0,0,0,0,0,0,0,0,0,0,0,0,0,0,0,0,0,0,0,0,0
200602,18,157,2,3,Tippecanoe County             ,103,103,16085913,0,0,0,0,0,0,3,38,2200000,57,57,8647408,0,0,0,0,0,0,3,38,2200000
200602,18,163,2,3,Vanderburgh County            ,86,86,8983697,0,0,0,0,0,0,0,0,0,86,86,8983697,0,0,0,0,0,0,0,0,0
200602,18,167,2,3,Vigo County                   ,24,24,2941930,1,2,107500,1,3,214286,3,41,1625257,7,7,966370,0,0,0,0,0,0,0,0,0
200602,18,175,2,3,Washington County             ,8,8,911516,0,0,0,0,0,0,0,0,0,8,8,911516,0,0,0,0,0,0,0,0,0
200602,18,179,2,3,Wells County                  ,3,3,521318,0,0,0,1,3,276844,0,0,0,3,3,521318,0,0,0,1,3,276844,0,0,0
200602,18,181,2,3,White County                  ,10,10,1758800,0,0,0,0,0,0,0,0,0,10,10,1758800,0,0,0,0,0,0,0,0,0
200602,18,183,2,3,Whitley County                ,13,13,2165000,2,4,452000,0,0,0,0,0,0,13,13,2165000,2,4,452000,0,0,0,0,0,0
200602,19,049,2,4,Dallas County                 ,54,54,10096583,0,0,0,0,0,0,0,0,0,54,54,10096583,0,0,0,0,0,0,0,0,0
200602,19,077,2,4,Guthrie County                ,0,0,0,0,0,0,0,0,0,0,0,0,0,0,0,0,0,0,0,0,0,0,0,0
200602,19,085,2,4,Harrison County               ,2,2,347545,0,0,0,0,0,0,0,0,0,2,2,347545,0,0,0,0,0,0,0,0,0
200602,19,121,2,4,Madison County                ,15,15,2566583,0,0,0,0,0,0,0,0,0,3,3,554175,0,0,0,0,0,0,0,0,0
200602,19,129,2,4,Mills County                  ,1,1,140000,1,2,193249,0,0,0,0,0,0,1,1,140000,1,2,193249,0,0,0,0,0,0
200602,19,153,2,4,Polk County                   ,377,377,60790471,6,12,1007120,0,0,0,11,163,13842764,377,377,60790471,6,12,1007120,0,0,0,11,163,13842764
200602,19,155,2,4,Pottawattamie County          ,43,43,5801517,0,0,0,0,0,0,1,5,250000,19,19,3159045,0,0,0,0,0,0,0,0,0
200602,19,181,2,4,Warren County                 ,43,43,7865421,0,0,0,0,0,0,1,6,454480,38,38,7021611,0,0,0,0,0,0,1,6,454480
200602,20,055,2,4,Finney County                 ,1,1,180000,0,0,0,0,0,0,0,0,0,1,1,180000,0,0,0,0,0,0,0,0,0
200602,20,059,2,4,Franklin County               ,26,26,4086419,3,6,997050,0,0,0,0,0,0,26,26,4086419,3,6,997050,0,0,0,0,0,0
200602,20,063,2,4,Gove County                   ,0,0,0,0,0,0,0,0,0,0,0,0,0,0,0,0,0,0,0,0,0,0,0,0
200602,20,091,2,4,Johnson County                ,397,397,97429852,2,4,326800,5,15,1703080,14,176,9674700,397,397,97429852,2,4,326800,5,15,1703080,14,176,9674700
200602,20,103,2,4,Leavenworth County            ,85,85,12365114,0,0,0,0,0,0,0,0,0,85,85,12365114,0,0,0,0,0,0,0,0,0
200602,20,107,2,4,Linn County                   ,7,7,1125551,0,0,0,0,0,0,0,0,0,0,0,0,0,0,0,0,0,0,0,0,0
200602,20,121,2,4,Miami County                  ,27,27,3910776,0,0,0,0,0,0,0,0,0,17,17,2136128,0,0,0,0,0,0,0,0,0
200602,20,129,2,4,Morton County                 ,0,0,0,0,0,0,0,0,0,0,0,0,0,0,0,0,0,0,0,0,0,0,0,0
200602,20,151,2,4,Pratt County                  ,0,0,0,0,0,0,0,0,0,0,0,0,0,0,0,0,0,0,0,0,0,0,0,0
200602,20,183,2,4,Smith County                  ,0,0,0,0,0,0,0,0,0,0,0,0,0,0,0,0,0,0,0,0,0,0,0,0
200602,20,209,2,4,Wyandotte County              ,32,32,4186781,0,0,0,0,0,0,2,11,407482,6,6,1055337,0,0,0,0,0,0,0,0,0
200602,21,005,3,6,Anderson County               ,31,31,4352500,0,0,0,0,0,0,0,0,0,31,31,4352500,0,0,0,0,0,0,0,0,0
200602,21,015,3,6,Boone County                  ,161,161,22259979,1,2,156971,0,0,0,0,0,0,161,161,22259979,1,2,156971,0,0,0,0,0,0
200602,21,021,3,6,Boyle County                  ,20,20,2935881,2,4,200900,0,0,0,0,0,0,12,12,1737796,1,2,95000,0,0,0,0,0,0
200602,21,029,3,6,Bullitt County                ,100,100,16471478,0,0,0,0,0,0,1,8,370000,100,100,16471478,0,0,0,0,0,0,1,8,370000
200602,21,037,3,6,Campbell County               ,29,29,4507399,0,0,0,0,0,0,1,5,309420,20,20,3274907,0,0,0,0,0,0,0,0,0
200602,21,049,3,6,Clark County                  ,54,54,6089070,0,0,0,0,0,0,0,0,0,0,0,0,0,0,0,0,0,0,0,0,0
200602,21,059,3,6,Daviess County                ,41,41,3683168,0,0,0,2,8,480000,0,0,0,41,41,3683168,0,0,0,2,8,480000,0,0,0
200602,21,067,3,6,Fayette County                ,236,236,35275025,0,0,0,8,31,3842200,5,122,7264000,236,236,35275025,0,0,0,8,31,3842200,5,122,7264000
200602,21,077,3,6,Gallatin County               ,6,6,857000,0,0,0,0,0,0,0,0,0,6,6,857000,0,0,0,0,0,0,0,0,0
200602,21,081,3,6,Grant County                  ,23,23,2753452,0,0,0,0,0,0,0,0,0,11,11,1268000,0,0,0,0,0,0,0,0,0
200602,21,103,3,6,Henry County                  ,13,13,2106600,0,0,0,0,0,0,0,0,0,13,13,2106600,0,0,0,0,0,0,0,0,0
200602,21,111,3,6,Jefferson County              ,2,2,397000,0,0,0,0,0,0,0,0,0,2,2,397000,0,0,0,0,0,0,0,0,0
200602,21,113,3,6,Jessamine County              ,79,79,17333200,0,0,0,3,12,1194000,0,0,0,79,79,17333200,0,0,0,3,12,1194000,0,0,0
200602,21,117,3,6,Kenton County                 ,136,136,17727328,1,2,110000,2,6,193848,5,29,1275862,81,81,12354454,1,2,110000,0,0,0,1,6,459531
200602,21,137,3,6,Lincoln County                ,9,9,1336500,0,0,0,0,0,0,0,0,0,9,9,1336500,0,0,0,0,0,0,0,0,0
200602,21,151,3,6,Madison County                ,42,42,3650439,0,0,0,0,0,0,0,0,0,42,42,3650439,0,0,0,0,0,0,0,0,0
200602,21,157,3,6,Marshall County               ,1,1,121209,0,0,0,0,0,0,1,5,277778,0,0,0,0,0,0,0,0,0,0,0,0
200602,21,163,3,6,Meade County                  ,18,18,2293667,0,0,0,0,0,0,0,0,0,17,17,2187000,0,0,0,0,0,0,0,0,0
200602,21,167,3,6,Mercer County                 ,8,8,977500,0,0,0,0,0,0,0,0,0,8,8,977500,0,0,0,0,0,0,0,0,0
200602,21,179,3,6,Nelson County                 ,77,77,8873896,0,0,0,0,0,0,0,0,0,77,77,8873896,0,0,0,0,0,0,0,0,0
200602,21,185,3,6,Oldham County                 ,127,127,27720260,0,0,0,0,0,0,0,0,0,0,0,0,0,0,0,0,0,0,0,0,0
200602,21,191,3,6,Pendleton County              ,0,0,0,0,0,0,0,0,0,0,0,0,0,0,0,0,0,0,0,0,0,0,0,0
200602,21,205,3,6,Rowan County                  ,0,0,0,0,0,0,0,0,0,0,0,0,0,0,0,0,0,0,0,0,0,0,0,0
200602,21,209,3,6,Scott County                  ,100,100,14011869,0,0,0,0,0,0,1,5,213327,41,41,6133320,0,0,0,0,0,0,0,0,0
200602,21,211,3,6,Shelby County                 ,53,53,9189000,4,8,612400,0,0,0,0,0,0,53,53,9189000,4,8,612400,0,0,0,0,0,0
200602,21,213,3,6,Simpson County                ,19,19,2283930,0,0,0,0,0,0,0,0,0,11,11,1453100,0,0,0,0,0,0,0,0,0
200602,21,215,3,6,Spencer County                ,30,30,4386704,0,0,0,0,0,0,0,0,0,30,30,4386704,0,0,0,0,0,0,0,0,0
200602,21,221,3,6,Trigg County                  ,3,3,229686,0,0,0,0,0,0,0,0,0,0,0,0,0,0,0,0,0,0,0,0,0
200602,21,239,3,6,Woodford County               ,22,22,5557894,0,0,0,0,0,0,0,0,0,7,7,1681000,0,0,0,0,0,0,0,0,0
200602,22,051,3,7,Jefferson Parish              ,53,53,8726966,1,2,150000,0,0,0,0,0,0,52,52,8568073,1,2,150000,0,0,0,0,0,0
200602,22,071,3,7,Orleans Parish                ,0,0,0,0,0,0,0,0,0,0,0,0,0,0,0,0,0,0,0,0,0,0,0,0
200602,22,075,3,7,Plaquemines Parish            ,14,14,1424140,0,0,0,0,0,0,0,0,0,0,0,0,0,0,0,0,0,0,0,0,0
200602,22,087,3,7,St. Bernard Parish            ,0,0,0,0,0,0,0,0,0,0,0,0,0,0,0,0,0,0,0,0,0,0,0,0
200602,22,089,3,7,St. Charles Parish            ,29,29,4971093,0,0,0,0,0,0,0,0,0,29,29,4971093,0,0,0,0,0,0,0,0,0
200602,22,095,3,7,St. John the Baptist Parish   ,31,31,3988423,0,0,0,1,3,150000,0,0,0,11,11,1564985,0,0,0,0,0,0,0,0,0
200602,22,103,3,7,St. Tammany Parish            ,313,313,51790443,0,0,0,0,0,0,1,17,1376290,61,61,10709342,0,0,0,0,0,0,0,0,0
200602,22,109,3,7,Terrebonne Parish             ,168,168,13539560,0,0,0,0,0,0,0,0,0,168,168,13539560,0,0,0,0,0,0,0,0,0
200602,23,000,1,1,Maine Unorganized Territory   ,25,25,3320005,0,0,0,0,0,0,0,0,0,0,0,0,0,0,0,0,0,0,0,0,0
200602,24,003,3,5,Anne Arundel County           ,287,287,42700338,0,0,0,0,0,0,1,5,525432,269,269,39334122,0,0,0,0,0,0,0,0,0
200602,24,005,3,5,Baltimore County              ,196,196,28659806,0,0,0,0,0,0,1,5,382942,196,196,28659806,0,0,0,0,0,0,1,5,382942
200602,24,009,3,5,Calvert County                ,51,51,8969002,0,0,0,0,0,0,0,0,0,51,51,8969002,0,0,0,0,0,0,0,0,0
200602,24,013,3,5,Carroll County                ,153,153,23537619,1,2,156971,6,18,1503334,0,0,0,153,153,23537619,1,2,156971,6,18,1503334,0,0,0
200602,24,015,3,5,Cecil County                  ,69,69,11930763,1,2,100000,0,0,0,1,8,462745,24,24,4464000,0,0,0,0,0,0,0,0,0
200602,24,017,3,5,Charles County                ,145,145,32579827,0,0,0,0,0,0,3,24,4800000,135,135,31013981,0,0,0,0,0,0,3,24,4800000
200602,24,021,3,5,Frederick County              ,210,210,27901190,0,0,0,0,0,0,0,0,50000,210,210,27901190,0,0,0,0,0,0,0,0,50000
200602,24,023,3,5,Garrett County                ,17,17,3671000,0,0,0,0,0,0,0,0,0,17,17,3671000,0,0,0,0,0,0,0,0,0
200602,24,025,3,5,Harford County                ,192,192,29432493,1,2,156971,0,0,0,0,0,0,186,186,27640283,1,2,156971,0,0,0,0,0,0
200602,24,027,3,5,Howard County                 ,199,199,29098477,0,0,0,0,0,0,16,116,8884265,199,199,29098477,0,0,0,0,0,0,16,116,8884265
200602,24,031,3,5,Montgomery County             ,184,184,32143408,0,0,0,0,0,0,1,158,12100982,184,184,32143408,0,0,0,0,0,0,1,158,12100982
200602,24,033,3,5,Prince George County          ,590,590,95182186,0,0,0,0,0,0,0,0,0,590,590,95182186,0,0,0,0,0,0,0,0,0
200602,24,035,3,5,Queen Anne County             ,138,138,14799982,0,0,0,0,0,0,0,0,0,137,137,14622482,0,0,0,0,0,0,0,0,0
200602,24,510,3,5,Baltimore (Independent City)  ,73,73,7382995,0,0,0,0,0,0,5,52,6844479,0,0,0,0,0,0,0,0,0,0,0,0
200602,25,009,1,1,Essex County                  ,148,148,35860582,11,22,2181129,1,3,392500,6,54,6139501,99,99,25910677,3,6,765500,0,0,0,1,15,2632000
200602,25,017,1,1,Middlesex County              ,272,272,56223490,16,32,4332591,2,7,907000,8,68,7609062,203,203,43610554,11,22,3127713,2,7,907000,1,27,3519695
200602,25,019,1,1,Nantucket County              ,36,36,16714629,0,0,0,0,0,0,0,0,0,36,36,16714629,0,0,0,0,0,0,0,0,0
200602,25,021,1,1,Norfolk County                ,89,89,29232423,3,6,552000,0,0,0,7,110,10367056,61,61,22593952,3,6,552000,0,0,0,0,0,0
200602,25,023,1,1,Plymouth County               ,200,200,32758954,9,18,415693,0,0,0,5,169,21205964,132,132,22192771,9,18,415693,0,0,0,5,169,21205964
200602,25,025,1,1,Suffolk County                ,15,15,2779458,17,34,3275418,5,15,1356820,7,173,21819714,15,15,2779458,16,32,3037418,5,15,1356820,7,173,21819714
200602,26,000,2,3,Michigan Balance of State     ,20,20,878635,0,0,0,0,0,0,0,0,0,0,0,0,0,0,0,0,0,0,0,0,0
200602,26,001,2,3,Alcona County                 ,0,0,0,0,0,0,0,0,0,0,0,0,0,0,0,0,0,0,0,0,0,0,0,0
200602,26,009,2,3,Antrim County                 ,11,11,1125979,0,0,0,0,0,0,0,0,0,11,11,1125979,0,0,0,0,0,0,0,0,0
200602,26,015,2,3,Barry County                  ,26,26,3389599,0,0,0,0,0,0,0,0,0,24,24,3063000,0,0,0,0,0,0,0,0,0
200602,26,019,2,3,Benzie County                 ,15,15,3895000,0,0,0,0,0,0,0,0,0,15,15,3895000,0,0,0,0,0,0,0,0,0
200602,26,029,2,3,Charlevoix County             ,20,20,2591182,0,0,0,0,0,0,0,0,0,0,0,0,0,0,0,0,0,0,0,0,0
200602,26,031,2,3,Cheboygan County              ,10,10,1128000,0,0,0,0,0,0,0,0,0,10,10,1128000,0,0,0,0,0,0,0,0,0
200602,26,047,2,3,Emmet County                  ,13,13,2347938,0,0,0,1,4,357378,2,11,1082174,2,2,270394,0,0,0,0,0,0,1,6,644000
200602,26,051,2,3,Gladwin County                ,14,14,1932740,1,2,187037,0,0,0,0,0,0,14,14,1932740,1,2,187037,0,0,0,0,0,0
200602,26,067,2,3,Ionia County                  ,27,27,820347,0,0,0,0,0,0,0,0,0,4,4,494040,0,0,0,0,0,0,0,0,0
200602,26,079,2,3,Kalkaska County               ,1,1,150000,0,0,0,0,0,0,0,0,0,1,1,150000,0,0,0,0,0,0,0,0,0
200602,26,081,2,3,Kent County                   ,271,271,47458571,6,12,1470000,3,10,692136,2,27,3055968,226,226,42975682,6,12,1470000,1,4,211000,0,0,0
200602,26,087,2,3,Lapeer County                 ,33,33,6655036,0,0,0,0,0,0,0,0,0,31,31,6453750,0,0,0,0,0,0,0,0,0
200602,26,089,2,3,Leelanau County               ,18,18,2590300,0,0,0,0,0,0,0,0,0,18,18,2590300,0,0,0,0,0,0,0,0,0
200602,26,093,2,3,Livingston County             ,84,84,17931111,2,4,655197,0,0,0,0,0,0,84,84,17931111,2,4,655197,0,0,0,0,0,0
200602,26,099,2,3,Macomb County                 ,218,218,35269330,0,0,0,0,0,0,9,105,10302156,218,218,35269330,0,0,0,0,0,0,9,105,10302156
200602,26,103,2,3,Marquette County              ,15,15,2057000,0,0,0,0,0,0,0,0,0,15,15,2057000,0,0,0,0,0,0,0,0,0
200602,26,113,2,3,Missaukee County              ,5,5,690265,0,0,0,0,0,0,0,0,0,5,5,690265,0,0,0,0,0,0,0,0,0
200602,26,123,2,3,Newaygo County                ,13,13,1182718,0,0,0,0,0,0,0,0,0,5,5,494796,0,0,0,0,0,0,0,0,0
200602,26,125,2,3,Oakland County                ,309,309,74621096,9,18,1878862,2,7,574000,6,50,5437540,256,256,67441372,8,16,1718862,1,3,245000,4,40,4022004
200602,26,129,2,3,Ogemaw County                 ,9,9,708500,0,0,0,0,0,0,2,36,1900000,9,9,708500,0,0,0,0,0,0,2,36,1900000
200602,26,133,2,3,Osceola County                ,7,7,973000,0,0,0,0,0,0,0,0,0,7,7,973000,0,0,0,0,0,0,0,0,0
200602,26,137,2,3,Otsego County                 ,14,14,1651613,0,0,0,0,0,0,0,0,0,0,0,0,0,0,0,0,0,0,0,0,0
200602,26,141,2,3,Presque Isle County           ,7,7,729000,0,0,0,0,0,0,0,0,0,7,7,729000,0,0,0,0,0,0,0,0,0
200602,26,147,2,3,St. Clair County              ,78,78,11150433,0,0,0,0,0,0,1,5,318790,61,61,9252047,0,0,0,0,0,0,0,0,0
200602,26,163,2,3,Wayne County                  ,344,344,57277172,1,2,193191,2,7,574167,8,104,9817908,316,316,52857476,0,0,0,0,0,0,2,41,5678526
200602,27,003,2,4,Anoka County                  ,208,208,38795671,0,0,0,0,0,0,0,0,0,203,203,37805671,0,0,0,0,0,0,0,0,0
200602,27,019,2,4,Carver County                 ,84,84,23501848,0,0,0,1,3,347161,2,10,1415583,70,70,20295703,0,0,0,1,3,347161,1,5,552459
200602,27,025,2,4,Chisago County                ,29,29,4801398,0,0,0,0,0,0,0,0,0,24,24,4126215,0,0,0,0,0,0,0,0,0
200602,27,037,2,4,Dakota County                 ,217,217,44729208,3,6,1050000,1,4,601000,1,5,561325,198,198,41604275,3,6,1050000,1,4,601000,0,0,0
200602,27,053,2,4,Hennepin County               ,344,344,102104788,0,0,0,0,0,0,3,97,8937742,337,337,100644661,0,0,0,0,0,0,1,79,7198000
200602,27,059,2,4,Isanti County                 ,26,26,4419964,0,0,0,0,0,0,1,26,4579312,26,26,4419964,0,0,0,0,0,0,1,26,4579312
200602,27,123,2,4,Ramsey County                 ,51,51,11151501,1,2,193249,0,0,0,3,88,10680800,51,51,11151501,1,2,193249,0,0,0,2,82,9609371
200602,27,139,2,4,Scott County                  ,158,158,42177701,2,4,515000,0,0,0,0,0,0,148,148,40470477,2,4,515000,0,0,0,0,0,0
200602,27,141,2,4,Sherburne County              ,133,133,26109028,0,0,0,0,0,0,0,0,0,132,132,25942182,0,0,0,0,0,0,0,0,0
200602,27,163,2,4,Washington County             ,247,247,65688500,0,0,0,0,0,0,0,0,0,240,240,64128826,0,0,0,0,0,0,0,0,0
200602,27,171,2,4,Wright County                 ,186,186,34515743,1,2,226293,1,4,605200,0,0,0,146,146,28877261,1,2,226293,1,4,605200,0,0,0
200602,28,021,3,6,Claiborne County              ,0,0,0,0,0,0,0,0,0,0,0,0,0,0,0,0,0,0,0,0,0,0,0,0
200602,28,033,3,6,DeSoto County                 ,368,368,43548950,0,0,0,0,0,0,0,0,0,368,368,43548950,0,0,0,0,0,0,0,0,0
200602,28,039,3,6,George County                 ,0,0,0,0,0,0,0,0,0,0,0,0,0,0,0,0,0,0,0,0,0,0,0,0
200602,28,071,3,6,Lafayette County              ,32,32,4781743,0,0,0,0,0,0,0,0,0,20,20,3042000,0,0,0,0,0,0,0,0,0
200602,28,091,3,6,Marion County                 ,2,2,60000,0,0,0,0,0,0,0,0,0,2,2,60000,0,0,0,0,0,0,0,0,0
200602,28,093,3,6,Marshall County               ,33,33,3826107,0,0,0,0,0,0,0,0,0,20,20,2303000,0,0,0,0,0,0,0,0,0
200602,28,137,3,6,Tate County                   ,33,33,3134031,0,0,0,0,0,0,0,0,0,4,4,534000,0,0,0,0,0,0,0,0,0
200602,28,143,3,6,Tunica County                 ,15,15,1106742,0,0,0,0,0,0,0,0,0,14,14,1080742,0,0,0,0,0,0,0,0,0
200602,28,153,3,6,Wayne County                  ,0,0,0,0,0,0,0,0,0,0,0,0,0,0,0,0,0,0,0,0,0,0,0,0
200602,29,001,2,4,Adair County                  ,0,0,0,1,2,100000,0,0,0,0,0,0,0,0,0,1,2,100000,0,0,0,0,0,0
200602,29,013,2,4,Bates County                  ,10,10,555000,0,0,0,0,0,0,0,0,0,10,10,555000,0,0,0,0,0,0,0,0,0
200602,29,019,2,4,Boone County                  ,185,185,32192000,40,80,6930000,2,6,900000,0,0,0,185,185,32192000,40,80,6930000,2,6,900000,0,0,0
200602,29,025,2,4,Caldwell County               ,6,6,976120,0,0,0,0,0,0,0,0,0,0,0,0,0,0,0,0,0,0,0,0,0
200602,29,037,2,4,Cass County                   ,147,147,24712379,3,6,491646,1,3,144296,0,0,0,114,114,20253998,2,4,382000,0,0,0,0,0,0
200602,29,047,2,4,Clay County                   ,62,62,10094942,0,0,0,1,3,390000,1,5,650000,62,62,10094942,0,0,0,0,0,0,0,0,0
200602,29,049,2,4,Clinton County                ,23,23,3160832,1,2,188700,0,0,0,0,0,0,23,23,3160832,1,2,188700,0,0,0,0,0,0
200602,29,065,2,4,Dent County                   ,4,4,470560,0,0,0,0,0,0,0,0,0,4,4,470560,0,0,0,0,0,0,0,0,0
200602,29,071,2,4,Franklin County               ,60,60,12367661,3,6,819540,1,3,400155,3,16,805847,35,35,7493408,3,6,819540,1,3,400155,1,6,606959
200602,29,079,2,4,Grundy County                 ,1,1,79580,0,0,0,0,0,0,0,0,0,0,0,0,0,0,0,0,0,0,0,0,0
200602,29,095,2,4,Jackson County                ,558,558,95660334,65,130,10861717,29,116,9007452,18,462,34994927,556,556,95292342,65,130,10861717,29,116,9007452,18,462,34994927
200602,29,099,2,4,Jefferson County              ,215,215,29121505,1,2,164000,0,0,0,0,0,0,211,211,28780345,1,2,164000,0,0,0,0,0,0
200602,29,105,2,4,Laclede County                ,6,6,601670,2,4,228532,0,0,0,1,5,164286,0,0,0,0,0,0,0,0,0,0,0,0
200602,29,107,2,4,Lafayette County              ,23,23,2775750,2,4,260000,0,0,0,0,0,0,19,19,2173182,2,4,260000,0,0,0,0,0,0
200602,29,113,2,4,Lincoln County                ,39,39,4947100,0,0,0,0,0,0,0,0,0,39,39,4947100,0,0,0,0,0,0,0,0,0
200602,29,141,2,4,Morgan County                 ,0,0,0,0,0,0,0,0,0,0,0,0,0,0,0,0,0,0,0,0,0,0,0,0
200602,29,161,2,4,Phelps County                 ,12,12,1476825,0,0,0,1,4,284850,0,0,0,12,12,1476825,0,0,0,1,4,284850,0,0,0
200602,29,165,2,4,Platte County                 ,73,73,15580958,0,0,0,6,24,2349026,0,0,0,70,70,14572913,0,0,0,6,24,2349026,0,0,0
200602,29,177,2,4,Ray County                    ,7,7,913750,0,0,0,0,0,0,0,0,0,6,6,785000,0,0,0,0,0,0,0,0,0
200602,29,183,2,4,St. Charles County            ,444,444,87735011,3,6,957708,4,14,796000,4,64,5118420,444,444,87735011,3,6,957708,4,14,796000,4,64,5118420
200602,29,189,2,4,St. Louis County              ,161,161,49447480,0,0,0,0,0,0,0,0,0,148,148,47346977,0,0,0,0,0,0,0,0,0
200602,29,219,2,4,Warren County                 ,67,67,10010221,0,0,0,0,0,0,0,0,0,63,63,9200555,0,0,0,0,0,0,0,0,0
200602,29,221,2,4,Washington County             ,0,0,0,0,0,0,0,0,0,0,0,0,0,0,0,0,0,0,0,0,0,0,0,0
200602,29,510,2,4,St. Louis (Independent City)  ,18,18,2174920,1,2,113250,0,0,0,2,43,3360332,0,0,0,0,0,0,0,0,0,0,0,0
200602,30,023,4,8,Deer Lodge County             ,3,3,409961,0,0,0,0,0,0,0,0,0,1,1,143000,0,0,0,0,0,0,0,0,0
200602,30,063,4,8,Missoula County               ,45,45,6770581,1,2,164455,0,0,0,0,0,0,45,45,6770581,1,2,164455,0,0,0,0,0,0
200602,31,025,2,4,Cass County                   ,16,16,1822340,1,2,157000,0,0,0,0,0,0,16,16,1822340,1,2,157000,0,0,0,0,0,0
200602,31,033,2,4,Cheyenne County               ,4,4,384756,0,0,0,0,0,0,0,0,0,4,4,384756,0,0,0,0,0,0,0,0,0
200602,31,055,2,4,Douglas County                ,311,311,36148698,3,6,657991,0,0,0,0,0,0,303,303,35168784,3,6,657991,0,0,0,0,0,0
200602,31,077,2,4,Greeley County                ,0,0,0,0,0,0,0,0,0,0,0,0,0,0,0,0,0,0,0,0,0,0,0,0
200602,31,105,2,4,Kimball County                ,0,0,0,0,0,0,0,0,0,0,0,0,0,0,0,0,0,0,0,0,0,0,0,0
200602,31,153,2,4,Sarpy County                  ,250,250,39329357,1,2,190060,0,0,0,0,0,0,250,250,39329357,1,2,190060,0,0,0,0,0,0
200602,31,155,2,4,Saunders County               ,19,19,3073179,0,0,0,0,0,0,2,13,892953,18,18,3003179,0,0,0,0,0,0,1,8,543475
200602,31,177,2,4,Washington County             ,13,13,2144240,0,0,0,0,0,0,0,0,0,13,13,2144240,0,0,0,0,0,0,0,0,0
200602,32,001,4,8,Churchill County              ,62,62,8687010,0,0,0,0,0,0,0,0,0,62,62,8687010,0,0,0,0,0,0,0,0,0
200602,32,003,4,8,Clark County                  ,4680,4680,611212085,0,0,0,26,94,6324278,43,2423,467371849,4680,4680,611212085,0,0,0,26,94,6324278,43,2423,467371849
200602,32,005,4,8,Douglas County                ,112,112,25547916,1,2,250297,0,0,0,0,0,0,112,112,25547916,1,2,250297,0,0,0,0,0,0
200602,32,007,4,8,Elko County                   ,19,19,1890024,3,6,549000,0,0,0,0,0,0,19,19,1890024,3,6,549000,0,0,0,0,0,0
200602,32,013,4,8,Humboldt County               ,6,6,867004,0,0,0,0,0,0,0,0,0,6,6,867004,0,0,0,0,0,0,0,0,0
200602,32,015,4,8,Lander County                 ,0,0,0,0,0,0,0,0,0,0,0,0,0,0,0,0,0,0,0,0,0,0,0,0
200602,32,017,4,8,Lincoln County                ,8,8,1225000,0,0,0,0,0,0,0,0,0,8,8,1225000,0,0,0,0,0,0,0,0,0
200602,32,019,4,8,Lyon County                   ,84,84,13739065,0,0,0,0,0,0,2,10,626850,71,71,12358964,0,0,0,0,0,0,0,0,0
200602,32,021,4,8,Mineral County                ,2,2,180262,0,0,0,0,0,0,0,0,0,1,1,150000,0,0,0,0,0,0,0,0,0
200602,32,027,4,8,Pershing County               ,0,0,0,0,0,0,0,0,0,0,0,0,0,0,0,0,0,0,0,0,0,0,0,0
200602,32,029,4,8,Storey County                 ,3,3,449392,0,0,0,0,0,0,0,0,0,3,3,449392,0,0,0,0,0,0,0,0,0
200602,32,031,4,8,Washoe County                 ,583,583,110303997,1,2,135000,1,4,135000,1,92,33000003,583,583,110303997,1,2,135000,1,4,135000,1,92,33000003
200602,32,033,4,8,White Pine County             ,0,0,0,0,0,0,0,0,0,0,0,0,0,0,0,0,0,0,0,0,0,0,0,0
200602,32,510,4,8,Carson City (Independent City),6,6,2083415,0,0,0,0,0,0,0,0,0,6,6,2083415,0,0,0,0,0,0,0,0,0
200602,33,015,1,1,Rockingham County             ,130,130,23928583,5,10,1890820,0,0,0,4,45,4211841,77,77,14972416,3,6,975120,0,0,0,1,20,2649000
200602,33,017,1,1,Strafford County              ,59,59,9335540,2,4,350000,0,0,0,0,0,0,36,36,5539228,2,4,350000,0,0,0,0,0,0
200602,34,001,1,2,Atlantic County               ,238,238,27664704,3,6,682208,3,12,1405400,1,35,351500,213,213,24973503,2,4,329600,3,12,1405400,1,35,351500
200602,34,003,1,2,Bergen County                 ,156,156,54771997,24,48,6719470,0,0,0,19,154,9249704,127,127,46097033,17,34,5413000,0,0,0,12,114,7054000
200602,34,005,1,2,Burlington County             ,148,148,23002920,3,6,67240,0,0,0,4,31,1245718,112,112,18954215,3,6,67240,0,0,0,0,0,0
200602,34,007,1,2,Camden County                 ,119,119,14231286,1,2,186281,0,0,0,1,5,222000,104,104,12830733,1,2,186281,0,0,0,0,0,0
200602,34,009,1,2,Cape May County               ,140,140,40885308,42,84,14270598,5,20,3112400,13,144,22709827,139,139,40758718,42,84,14270598,5,20,3112400,13,144,22709827
200602,34,011,1,2,Cumberland County             ,90,90,8222896,0,0,0,0,0,0,0,0,0,49,49,4781061,0,0,0,0,0,0,0,0,0
200602,34,013,1,2,Essex County                  ,134,134,29700206,79,158,14101895,45,140,10515271,7,46,2215574,122,122,27645694,78,156,13986504,45,140,10515271,3,24,78801
200602,34,015,1,2,Gloucester County             ,172,172,29181941,0,0,0,0,0,0,2,29,1216467,153,153,27268639,0,0,0,0,0,0,1,19,1189000
200602,34,017,1,2,Hudson County                 ,121,121,11907562,55,110,10258470,15,49,1392601,15,188,9123670,91,91,9363270,30,60,6202617,12,40,836502,7,52,1660002
200602,34,019,1,2,Hunterdon County              ,50,50,8379925,0,0,0,0,0,0,0,0,0,32,32,5795767,0,0,0,0,0,0,0,0,0
200602,34,021,1,2,Mercer County                 ,131,131,13768548,1,2,57600,0,0,0,1,16,1902083,119,119,11337800,1,2,57600,0,0,0,0,0,0
200602,34,023,1,2,Middlesex County              ,220,220,32916168,2,4,179300,0,0,0,21,191,9899915,207,207,31683566,2,4,179300,0,0,0,16,150,4003433
200602,34,025,1,2,Monmouth County               ,282,282,57169872,8,16,1402100,8,26,3261487,8,43,2869961,239,239,49911853,8,16,1402100,8,26,3261487,3,18,2425715
200602,34,027,1,2,Morris County                 ,113,113,24085675,0,0,0,1,3,392657,5,168,13902420,80,80,17349336,0,0,0,0,0,0,2,153,13415200
200602,34,029,1,2,Ocean County                  ,353,353,53867070,2,4,607293,0,0,0,1,16,100001,323,323,49109630,1,2,550000,0,0,0,1,16,100001
200602,34,031,1,2,Passaic County                ,30,30,5205632,4,8,401000,1,3,129375,2,89,4914280,10,10,2243550,4,8,401000,0,0,0,1,74,3919645
200602,34,033,1,2,Salem County                  ,31,31,4413788,0,0,0,0,0,0,0,0,0,24,24,3643199,0,0,0,0,0,0,0,0,0
200602,34,035,1,2,Somerset County               ,35,35,8982485,0,0,0,0,0,0,0,0,0,30,30,7796242,0,0,0,0,0,0,0,0,0
200602,34,037,1,2,Sussex County                 ,109,109,16801643,0,0,0,1,3,1174480,1,12,2016000,90,90,13881932,0,0,0,1,3,1174480,1,12,2016000
200602,34,039,1,2,Union County                  ,91,91,16010781,19,38,2802865,1,3,197500,1,5,406750,76,76,13765423,19,38,2802865,1,3,197500,0,0,0
200602,34,041,1,2,Warren County                 ,38,38,6245106,0,0,0,0,0,0,1,5,79174,18,18,3917700,0,0,0,0,0,0,0,0,0
200602,35,000,4,8,New Mexico Balance of State   ,289,289,61167356,0,0,0,0,0,0,0,0,0,289,289,61167356,0,0,0,0,0,0,0,0,0
200602,35,001,4,8,Bernalillo County             ,748,748,99221641,0,0,0,2,8,446304,3,58,2776553,71,71,14268011,0,0,0,0,0,0,0,0,0
200602,35,005,4,8,Chaves County                 ,15,15,2185688,0,0,0,0,0,0,0,0,0,14,14,1996000,0,0,0,0,0,0,0,0,0
200602,35,007,4,8,Colfax County                 ,9,9,2096435,0,0,0,0,0,0,0,0,0,0,0,0,0,0,0,0,0,0,0,0,0
200602,35,009,4,8,Curry County                  ,33,33,5984315,0,0,0,0,0,0,0,0,0,33,33,5984315,0,0,0,0,0,0,0,0,0
200602,35,013,4,8,Dona Ana County               ,413,413,72006652,1,2,104400,2,8,1012000,2,70,4620000,408,408,71497120,1,2,104400,2,8,1012000,2,70,4620000
200602,35,015,4,8,Eddy County                   ,7,7,824930,0,0,0,0,0,0,0,0,0,5,5,509116,0,0,0,0,0,0,0,0,0
200602,35,025,4,8,Lea County                    ,11,11,1921135,0,0,0,0,0,0,0,0,0,11,11,1921135,0,0,0,0,0,0,0,0,0
200602,35,027,4,8,Lincoln County                ,27,27,4656978,0,0,0,0,0,0,0,0,0,11,11,1910437,0,0,0,0,0,0,0,0,0
200602,35,028,4,8,Los Alamos County             ,14,14,3616816,0,0,0,0,0,0,0,0,0,6,6,2040830,0,0,0,0,0,0,0,0,0
200602,35,029,4,8,Luna County                   ,9,9,1055847,0,0,0,0,0,0,0,0,0,0,0,0,0,0,0,0,0,0,0,0,0
200602,35,031,4,8,McKinley County               ,13,13,1642024,0,0,0,0,0,0,0,0,0,12,12,1494000,0,0,0,0,0,0,0,0,0
200602,35,035,4,8,Otero County                  ,49,49,9118423,1,2,126294,0,0,0,1,18,3272774,49,49,9118423,1,2,126294,0,0,0,1,18,3272774
200602,35,039,4,8,Rio Arriba County             ,2,2,287986,0,0,0,0,0,0,0,0,0,2,2,287986,0,0,0,0,0,0,0,0,0
200602,35,041,4,8,Roosevelt County              ,3,3,560733,0,0,0,2,7,267273,0,0,0,2,2,445000,0,0,0,1,4,150000,0,0,0
200602,35,043,4,8,Sandoval County               ,161,161,15331628,0,0,0,2,6,174528,0,0,0,0,0,0,0,0,0,0,0,0,0,0,0
200602,35,045,4,8,San Juan County               ,67,67,11308334,0,0,0,0,0,0,0,0,0,67,67,11308334,0,0,0,0,0,0,0,0,0
200602,35,049,4,8,Santa Fe County               ,74,74,9999248,0,0,0,0,0,0,0,0,0,0,0,0,0,0,0,0,0,0,0,0,0
200602,35,051,4,8,Sierra County                 ,0,0,0,0,0,0,0,0,0,0,0,0,0,0,0,0,0,0,0,0,0,0,0,0
200602,35,053,4,8,Socorro County                ,1,1,270000,0,0,0,4,16,900000,0,0,0,1,1,270000,0,0,0,4,16,900000,0,0,0
200602,35,055,4,8,Taos County                   ,38,38,4731139,0,0,0,0,0,0,0,0,0,10,10,1661000,0,0,0,0,0,0,0,0,0
200602,35,061,4,8,Valencia County               ,56,56,7554363,0,0,0,0,0,0,0,0,0,23,23,4134551,0,0,0,0,0,0,0,0,0
200602,36,005,1,2,Bronx County                  ,8,8,1419639,17,34,3166783,95,286,25870039,7,267,21551076,8,8,1419639,17,34,3166783,95,286,25870039,7,267,21551076
200602,36,047,1,2,Kings County                  ,6,6,1064729,51,102,9500350,82,251,22704124,55,876,70706901,6,6,1064729,51,102,9500350,82,251,22704124,55,876,70706901
200602,36,059,1,2,Nassau County                 ,157,157,47418090,4,8,670987,0,0,0,1,15,2531319,136,136,43557521,1,2,135257,0,0,0,0,0,100000
200602,36,061,1,2,New York County               ,1,1,177455,0,0,0,1,3,271364,11,1633,131808641,1,1,177455,0,0,0,1,3,271364,11,1633,131808641
200602,36,079,1,2,Putnam County                 ,18,18,5915709,0,0,0,0,0,0,0,0,0,12,12,4353265,0,0,0,0,0,0,0,0,0
200602,36,081,1,2,Queens County                 ,51,51,9050195,134,268,24961704,109,340,30754591,23,379,30591227,51,51,9050195,134,268,24961704,109,340,30754591,23,379,30591227
200602,36,085,1,2,Richmond County               ,59,59,10469833,31,62,5774723,0,0,0,4,62,5004369,59,59,10469833,31,62,5774723,0,0,0,4,62,5004369
200602,36,087,1,2,Rockland County               ,36,36,7235852,1,2,186281,6,19,1956664,1,9,1422198,29,29,6022658,1,2,186281,2,7,1405000,0,0,0
200602,36,103,1,2,Suffolk County                ,514,514,130155509,0,0,0,1,3,225000,10,140,11300190,436,436,112522659,0,0,0,1,3,225000,10,140,11300190
200602,36,119,1,2,Westchester County            ,99,99,38694135,4,8,680720,0,0,0,6,98,14303519,42,42,25712280,1,2,250000,0,0,0,3,67,11500000
200602,37,003,3,5,Alexander County              ,22,22,4732660,0,0,0,0,0,0,0,0,0,22,22,4732660,0,0,0,0,0,0,0,0,0
200602,37,007,3,5,Anson County                  ,5,5,813700,0,0,0,0,0,0,0,0,0,5,5,813700,0,0,0,0,0,0,0,0,0
200602,37,009,3,5,Ashe County                   ,36,36,7917052,0,0,0,0,0,0,0,0,0,36,36,7917052,0,0,0,0,0,0,0,0,0
200602,37,019,3,5,Brunswick County              ,627,627,89585500,1,2,120165,3,9,1052865,1,8,761651,142,142,25034292,0,0,0,2,6,745365,0,0,0
200602,37,025,3,5,Cabarrus County               ,448,448,58507805,0,0,0,0,0,0,0,0,0,448,448,58507805,0,0,0,0,0,0,0,0,0
200602,37,027,3,5,Caldwell County               ,58,58,8148395,0,0,0,0,0,0,0,0,0,58,58,8148395,0,0,0,0,0,0,0,0,0
200602,37,037,3,5,Chatham County                ,107,107,33915307,0,0,0,0,0,0,0,0,0,107,107,33915307,0,0,0,0,0,0,0,0,0
200602,37,039,3,5,Cherokee County               ,70,70,9499173,0,0,0,0,0,0,0,0,0,70,70,9499173,0,0,0,0,0,0,0,0,0
200602,37,049,3,5,Craven County                 ,182,182,22832227,0,0,0,0,0,0,2,16,800000,182,182,22832227,0,0,0,0,0,0,2,16,800000
200602,37,053,3,5,Currituck County              ,70,70,21305466,0,0,0,0,0,0,0,0,0,21,21,7112498,0,0,0,0,0,0,0,0,0
200602,37,059,3,5,Davie County                  ,68,68,10764369,0,0,0,0,0,0,0,0,0,0,0,0,0,0,0,0,0,0,0,0,0
200602,37,063,3,5,Durham County                 ,333,333,60076149,0,0,0,0,0,0,0,0,0,333,333,60076149,0,0,0,0,0,0,0,0,0
200602,37,067,3,5,Forsyth County                ,535,535,64751677,0,0,0,0,0,0,0,0,0,535,535,64751677,0,0,0,0,0,0,0,0,0
200602,37,069,3,5,Franklin County               ,101,101,15147976,0,0,0,0,0,0,0,0,0,101,101,15147976,0,0,0,0,0,0,0,0,0
200602,37,071,3,5,Gaston County                 ,255,255,39824378,2,4,286176,0,0,0,0,0,0,255,255,39824378,2,4,286176,0,0,0,0,0,0
200602,37,081,3,5,Guilford County               ,649,649,108425621,0,0,0,0,0,0,8,130,7794704,280,280,37510160,0,0,0,0,0,0,3,42,1837947
200602,37,089,3,5,Henderson County              ,115,115,22948517,0,0,0,6,22,1603000,3,15,1095000,115,115,22948517,0,0,0,6,22,1603000,3,15,1095000
200602,37,097,3,5,Iredell County                ,297,297,45412725,1,2,132206,0,0,0,5,82,5021049,0,0,0,0,0,0,0,0,0,0,0,0
200602,37,101,3,5,Johnston County               ,301,301,42525224,1,2,383250,0,0,0,0,0,0,301,301,42525224,1,2,383250,0,0,0,0,0,0
200602,37,105,3,5,Lee County                    ,56,56,7950639,0,0,0,0,0,0,7,168,12834820,56,56,7950639,0,0,0,0,0,0,7,168,12834820
200602,37,109,3,5,Lincoln County                ,108,108,13268128,0,0,0,0,0,0,0,0,0,0,0,0,0,0,0,0,0,0,0,0,0
200602,37,113,3,5,Macon County                  ,66,66,20450611,0,0,0,0,0,0,0,0,0,66,66,20450611,0,0,0,0,0,0,0,0,0
200602,37,119,3,5,Mecklenburg County            ,1435,1435,209830722,3,6,470914,0,0,0,7,328,25121025,1435,1435,209830722,3,6,470914,0,0,0,7,328,25121025
200602,37,129,3,5,New Hanover County            ,342,342,71340091,5,10,1408318,1,4,343642,3,40,10423473,309,309,67662425,5,10,1408318,1,4,343642,3,40,10423473
200602,37,135,3,5,Orange County                 ,188,188,30407025,0,0,0,0,0,0,0,0,0,47,47,8189050,0,0,0,0,0,0,0,0,0
200602,37,137,3,5,Pamlico County                ,15,15,3249790,0,0,0,0,0,0,0,0,0,15,15,3249790,0,0,0,0,0,0,0,0,0
200602,37,141,3,5,Pender County                 ,109,109,15763427,1,2,255080,0,0,0,0,0,0,95,95,13932753,0,0,0,0,0,0,0,0,0
200602,37,145,3,5,Person County                 ,37,37,7102000,0,0,0,0,0,0,0,0,0,37,37,7102000,0,0,0,0,0,0,0,0,0
200602,37,147,3,5,Pitt County                   ,270,270,31051863,17,34,2177300,0,0,0,11,88,2911000,270,270,31051863,17,34,2177300,0,0,0,11,88,2911000
200602,37,149,3,5,Polk County                   ,25,25,3765352,0,0,0,0,0,0,0,0,0,25,25,3765352,0,0,0,0,0,0,0,0,0
200602,37,151,3,5,Randolph County               ,98,98,13794590,1,2,80000,0,0,0,0,0,0,98,98,13794590,1,2,80000,0,0,0,0,0,0
200602,37,157,3,5,Rockingham County             ,40,40,6285107,0,0,0,0,0,0,2,12,761696,36,36,5849882,0,0,0,0,0,0,0,0,0
200602,37,159,3,5,Rowan County                  ,105,105,19260000,0,0,0,0,0,0,0,0,0,105,105,19260000,0,0,0,0,0,0,0,0,0
200602,37,163,3,5,Sampson County                ,22,22,2788117,0,0,0,0,0,0,0,0,0,22,22,2788117,0,0,0,0,0,0,0,0,0
200602,37,167,3,5,Stanly County                 ,61,61,6395256,2,4,156740,0,0,0,2,10,534960,0,0,0,0,0,0,0,0,0,0,0,0
200602,37,171,3,5,Surry County                  ,36,36,6207432,0,0,0,0,0,0,0,0,0,36,36,6207432,0,0,0,0,0,0,0,0,0
200602,37,175,3,5,Transylvania County           ,32,32,9202793,0,0,0,0,0,0,0,0,0,32,32,9202793,0,0,0,0,0,0,0,0,0
200602,37,179,3,5,Union County                  ,706,706,135612479,0,0,0,0,0,0,0,0,0,706,706,135612479,0,0,0,0,0,0,0,0,0
200602,37,183,3,5,Wake County                   ,1735,1735,365062601,31,62,5487208,2,8,581304,30,926,57149190,1735,1735,365062601,31,62,5487208,2,8,581304,30,926,57149190
200602,37,195,3,5,Wilson County                 ,74,74,8818445,2,4,159788,0,0,0,0,0,0,74,74,8818445,2,4,159788,0,0,0,0,0,0
200602,39,015,2,3,Brown County                  ,15,15,2336000,0,0,0,0,0,0,0,0,0,15,15,2336000,0,0,0,0,0,0,0,0,0
200602,39,017,2,3,Butler County                 ,262,262,51893523,0,0,0,0,0,0,0,0,0,262,262,51893523,0,0,0,0,0,0,0,0,0
200602,39,025,2,3,Clermont County               ,118,118,20239715,2,4,420000,0,0,0,2,25,976450,118,118,20239715,2,4,420000,0,0,0,2,25,976450
200602,39,035,2,3,Cuyahoga County               ,147,147,30940738,1,2,125000,2,6,272816,0,0,0,77,77,20623021,0,0,0,0,0,0,0,0,0
200602,39,041,2,3,Delaware County               ,236,236,43477985,0,0,0,0,0,0,0,0,0,235,235,43381318,0,0,0,0,0,0,0,0,0
200602,39,045,2,3,Fairfield County              ,92,92,20404945,0,0,0,1,3,86250,2,13,266500,72,72,16247383,0,0,0,0,0,0,0,0,0
200602,39,049,2,3,Franklin County               ,425,425,99978632,1,2,557707,18,65,5333729,4,34,1988000,385,385,93614855,1,2,557707,18,65,5333729,4,34,1988000
200602,39,055,2,3,Geauga County                 ,30,30,7499200,0,0,0,0,0,0,0,0,0,30,30,7499200,0,0,0,0,0,0,0,0,0
200602,39,061,2,3,Hamilton County               ,150,150,34639534,0,0,0,1,4,400000,10,505,21780602,67,67,13717330,0,0,0,1,4,400000,7,467,19579000
200602,39,085,2,3,Lake County                   ,110,110,21928601,0,0,0,1,4,640000,0,0,0,97,97,20458856,0,0,0,1,4,640000,0,0,0
200602,39,089,2,3,Licking County                ,59,59,10647645,2,4,500000,7,27,2817375,0,0,0,59,59,10647645,2,4,500000,6,24,2607375,0,0,0
200602,39,093,2,3,Lorain County                 ,243,243,40989254,1,2,100000,4,14,2133120,0,0,0,209,209,35834568,1,2,100000,2,8,840000,0,0,0
200602,39,097,2,3,Madison County                ,13,13,1959385,0,0,0,0,0,0,0,0,0,13,13,1959385,0,0,0,0,0,0,0,0,0
200602,39,103,2,3,Medina County                 ,124,124,27676475,0,0,0,3,12,1057207,0,0,0,124,124,27676475,0,0,0,3,12,1057207,0,0,0
200602,39,117,2,3,Morrow County                 ,25,25,3659287,0,0,0,1,3,75000,0,0,0,18,18,2980364,0,0,0,0,0,0,0,0,0
200602,39,129,2,3,Pickaway County               ,10,10,1610882,0,0,0,0,0,0,0,0,0,8,8,1488400,0,0,0,0,0,0,0,0,0
200602,39,159,2,3,Union County                  ,43,43,8525930,0,0,0,0,0,0,0,0,0,43,43,8525930,0,0,0,0,0,0,0,0,0
200602,39,165,2,3,Warren County                 ,239,239,60604183,0,0,0,2,8,1252000,0,0,0,219,219,57189499,0,0,0,2,8,1252000,0,0,0
200602,39,169,2,3,Wayne County                  ,32,32,5757885,1,2,90000,1,4,300000,0,0,0,32,32,5757885,1,2,90000,1,4,300000,0,0,0
200602,40,017,3,7,Canadian County               ,104,104,17807058,0,0,0,1,4,200000,0,0,0,104,104,17807058,0,0,0,1,4,200000,0,0,0
200602,40,021,3,7,Cherokee County               ,9,9,1244550,0,0,0,0,0,0,1,7,303924,6,6,947000,0,0,0,0,0,0,0,0,0
200602,40,027,3,7,Cleveland County              ,223,223,33672332,2,4,160426,2,7,525000,1,60,900000,216,216,33017933,2,4,160426,2,7,525000,1,60,900000
200602,40,029,3,7,Coal County                   ,0,0,0,0,0,0,0,0,0,0,0,0,0,0,0,0,0,0,0,0,0,0,0,0
200602,40,037,3,7,Creek County                  ,24,24,2968118,0,0,0,0,0,0,0,0,0,23,23,2857000,0,0,0,0,0,0,0,0,0
200602,40,051,3,7,Grady County                  ,21,21,4119142,0,0,0,0,0,0,0,0,0,17,17,3797862,0,0,0,0,0,0,0,0,0
200602,40,081,3,7,Lincoln County                ,5,5,853578,0,0,0,0,0,0,0,0,0,4,4,764000,0,0,0,0,0,0,0,0,0
200602,40,083,3,7,Logan County                  ,11,11,1404500,0,0,0,0,0,0,0,0,0,10,10,1367000,0,0,0,0,0,0,0,0,0
200602,40,087,3,7,McClain County                ,50,50,6662326,0,0,0,0,0,0,0,0,0,5,5,843000,0,0,0,0,0,0,0,0,0
200602,40,099,3,7,Murray County                 ,3,3,263298,0,0,0,0,0,0,0,0,0,2,2,183000,0,0,0,0,0,0,0,0,0
200602,40,109,3,7,Oklahoma County               ,860,860,140617967,2,4,290234,0,0,0,2,31,2065703,182,182,49342917,0,0,0,0,0,0,0,0,0
200602,40,111,3,7,Okmulgee County               ,2,2,159931,0,0,0,0,0,0,1,5,260769,0,0,0,0,0,0,0,0,0,0,0,0
200602,40,113,3,7,Osage County                  ,29,29,4803734,0,0,0,0,0,0,0,0,0,29,29,4803734,0,0,0,0,0,0,0,0,0
200602,40,117,3,7,Pawnee County                 ,0,0,0,0,0,0,0,0,0,0,0,0,0,0,0,0,0,0,0,0,0,0,0,0
200602,40,131,3,7,Rogers County                 ,113,113,13094931,0,0,0,0,0,0,0,0,0,112,112,12978104,0,0,0,0,0,0,0,0,0
200602,40,143,3,7,Tulsa County                  ,495,495,90098857,15,30,2354569,0,0,0,0,0,0,495,495,90098857,15,30,2354569,0,0,0,0,0,0
200602,40,145,3,7,Wagoner County                ,102,102,13862721,0,0,0,0,0,0,0,0,0,102,102,13862721,0,0,0,0,0,0,0,0,0
200602,41,000,4,9,Oregon Balance of State       ,34,34,6220478,0,0,0,0,0,0,0,0,0,15,15,2824098,0,0,0,0,0,0,0,0,0
200602,41,001,4,9,Baker County                  ,4,4,467273,0,0,0,0,0,0,0,0,0,4,4,467273,0,0,0,0,0,0,0,0,0
200602,41,005,4,9,Clackamas County              ,374,374,92426519,1,2,212331,1,4,750000,1,15,1250000,331,331,81680911,1,2,212331,1,4,750000,1,15,1250000
200602,41,009,4,9,Columbia County               ,58,58,11835547,0,0,0,0,0,0,0,0,0,48,48,9910052,0,0,0,0,0,0,0,0,0
200602,41,017,4,9,Deschutes County              ,553,553,120955757,6,12,1405179,0,0,0,7,66,5600272,499,499,106717341,6,12,1405179,0,0,0,7,66,5600272
200602,41,025,4,9,Harney County                 ,0,0,0,0,0,0,0,0,0,0,0,0,0,0,0,0,0,0,0,0,0,0,0,0
200602,41,033,4,9,Josephine County              ,90,90,14286733,11,22,2289097,0,0,0,2,16,1787539,51,51,8251899,11,22,2289097,0,0,0,2,16,1787539
200602,41,035,4,9,Klamath County                ,35,35,7106730,1,2,224905,1,4,407550,0,0,0,35,35,7106730,1,2,224905,1,4,407550,0,0,0
200602,41,045,4,9,Malheur County                ,4,4,952690,0,0,0,0,0,0,0,0,0,4,4,952690,0,0,0,0,0,0,0,0,0
200602,41,051,4,9,Multnomah County              ,218,218,41302211,3,6,618555,2,7,593752,6,266,26895987,218,218,41302211,3,6,618555,2,7,593752,6,266,26895987
200602,41,059,4,9,Umatilla County               ,14,14,1848425,6,12,1015920,0,0,0,0,0,0,14,14,1848425,6,12,1015920,0,0,0,0,0,0
200602,41,061,4,9,Union County                  ,3,3,440332,1,2,253727,0,0,0,0,0,0,3,3,440332,1,2,253727,0,0,0,0,0,0
200602,41,067,4,9,Washington County             ,553,553,110536096,3,6,694084,17,59,4628004,18,226,22792198,501,501,98027595,3,6,694084,17,59,4628004,17,212,21487439
200602,41,071,4,9,Yamhill County                ,119,119,22306293,1,2,260784,1,4,318168,0,0,0,105,105,19991052,0,0,0,1,4,318168,0,0,0
200602,42,001,1,2,Adams County                  ,78,78,14951043,0,0,0,0,0,0,0,0,0,78,78,14951043,0,0,0,0,0,0,0,0,0
200602,42,003,1,2,Allegheny County              ,265,265,52574756,8,16,996712,5,16,1286291,11,103,7016972,212,212,46658242,7,14,883142,3,10,702858,3,51,3594332
200602,42,005,1,2,Armstrong County              ,9,9,1082756,0,0,0,2,7,306250,0,0,0,1,1,80000,0,0,0,0,0,0,0,0,0
200602,42,007,1,2,Beaver County                 ,29,29,5158791,0,0,0,1,4,440000,0,0,0,21,21,4050458,0,0,0,1,4,440000,0,0,0
200602,42,017,1,2,Bucks County                  ,245,245,47163897,0,0,0,0,0,0,2,27,1340856,215,215,42474915,0,0,0,0,0,0,0,0,0
200602,42,019,1,2,Butler County                 ,89,89,15847531,1,2,290000,0,0,0,0,0,0,68,68,12950692,1,2,290000,0,0,0,0,0,0
200602,42,025,1,2,Carbon County                 ,86,86,12661502,0,0,0,0,0,0,0,0,0,75,75,11136012,0,0,0,0,0,0,0,0,0
200602,42,029,1,2,Chester County                ,340,340,68024676,0,0,0,0,0,0,3,39,3518250,261,261,59899143,0,0,0,0,0,0,2,22,2500000
200602,42,045,1,2,Delaware County               ,117,117,24424401,0,0,0,0,0,0,0,0,0,75,75,13825372,0,0,0,0,0,0,0,0,0
200602,42,051,1,2,Fayette County                ,32,32,4702625,0,0,0,0,0,0,0,0,0,16,16,2774417,0,0,0,0,0,0,0,0,0
200602,42,055,1,2,Franklin County               ,134,134,18440011,12,24,968145,0,0,0,0,0,0,101,101,14871855,12,24,968145,0,0,0,0,0,0
200602,42,065,1,2,Jefferson County              ,7,7,520000,0,0,0,1,3,250000,0,0,0,7,7,520000,0,0,0,1,3,250000,0,0,0
200602,42,077,1,2,Lehigh County                 ,206,206,29404619,0,0,0,0,0,0,1,10,600000,173,173,25064843,0,0,0,0,0,0,1,10,600000
200602,42,091,1,2,Montgomery County             ,266,266,42034168,2,4,849415,3,11,1256810,3,44,1924000,214,214,34038352,2,4,849415,3,11,1256810,3,44,1924000
200602,42,095,1,2,Northampton County            ,223,223,38488194,2,4,200000,0,0,0,2,11,806000,147,147,22825876,2,4,200000,0,0,0,1,6,450000
200602,42,101,1,2,Philadelphia County           ,73,73,12954200,7,14,1303970,3,11,995001,19,454,36644901,73,73,12954200,7,14,1303970,3,11,995001,19,454,36644901
200602,42,103,1,2,Pike County                   ,119,119,23534666,0,0,0,0,0,0,0,0,0,108,108,21769922,0,0,0,0,0,0,0,0,0
200602,42,125,1,2,Washington County             ,93,93,18770032,1,2,150000,1,4,350000,0,0,0,88,88,17918290,0,0,0,1,4,350000,0,0,0
200602,42,129,1,2,Westmoreland County           ,115,115,20491177,2,4,269200,1,3,237130,2,11,275000,58,58,11622125,1,2,80000,0,0,0,0,0,0
200602,44,001,1,1,Bristol County                ,8,8,2016920,0,0,0,0,0,0,0,0,0,8,8,2016920,0,0,0,0,0,0,0,0,0
200602,44,003,1,1,Kent County                   ,26,26,4661180,0,0,0,1,3,187620,2,10,589582,14,14,3287470,0,0,0,0,0,0,0,0,0
200602,44,005,1,1,Newport County                ,22,22,6062053,0,0,0,0,0,0,1,6,564000,22,22,6062053,0,0,0,0,0,0,1,6,564000
200602,44,007,1,1,Providence County             ,103,103,16929648,11,22,1705000,1,3,75000,4,41,2434056,72,72,12000137,11,22,1705000,1,3,75000,0,0,0
200602,44,009,1,1,Washington County             ,99,99,16622453,1,2,138500,0,0,0,0,0,0,76,76,13135751,0,0,0,0,0,0,0,0,0
200602,45,009,3,5,Bamberg County                ,4,4,456500,0,0,0,0,0,0,0,0,0,4,4,456500,0,0,0,0,0,0,0,0,0
200602,45,015,3,5,Berkeley County               ,322,322,44690999,0,0,0,0,0,0,2,10,747496,157,157,21457220,0,0,0,0,0,0,0,0,0
200602,45,017,3,5,Calhoun County                ,5,5,739507,0,0,0,0,0,0,0,0,0,4,4,627507,0,0,0,0,0,0,0,0,0
200602,45,019,3,5,Charleston County             ,732,732,138860610,0,0,0,2,7,925145,26,400,44062499,585,585,110422680,0,0,0,2,7,925145,24,367,40757607
200602,45,035,3,5,Dorchester County             ,292,292,49158410,0,0,0,0,0,0,0,0,0,292,292,49158410,0,0,0,0,0,0,0,0,0
200602,45,039,3,5,Fairfield County              ,16,16,1856018,0,0,0,0,0,0,0,0,0,0,0,0,0,0,0,0,0,0,0,0,0
200602,45,045,3,5,Greenville County             ,847,847,87272162,0,0,0,1,3,225000,1,5,582993,815,815,83196653,0,0,0,0,0,0,0,0,0
200602,45,047,3,5,Greenwood County              ,28,28,5322211,0,0,0,0,0,0,0,0,0,28,28,5322211,0,0,0,0,0,0,0,0,0
200602,45,055,3,5,Kershaw County                ,80,80,8265609,0,0,0,0,0,0,0,0,0,80,80,8265609,0,0,0,0,0,0,0,0,0
200602,45,059,3,5,Laurens County                ,15,15,2895993,0,0,0,0,0,0,0,0,0,14,14,2832419,0,0,0,0,0,0,0,0,0
200602,45,063,3,5,Lexington County              ,384,384,49096045,0,0,0,4,16,810000,0,0,0,237,237,31434893,0,0,0,4,16,810000,0,0,0
200602,45,077,3,5,Pickens County                ,83,83,18483273,0,0,0,0,0,0,3,53,3438677,77,77,17461427,0,0,0,0,0,0,1,14,1031000
200602,45,079,3,5,Richland County               ,584,584,68621293,2,4,215622,0,0,0,6,106,5976873,124,124,15762802,0,0,0,0,0,0,0,0,0
200602,45,081,3,5,Saluda County                 ,10,10,1647585,0,0,0,0,0,0,0,0,0,10,10,1647585,0,0,0,0,0,0,0,0,0
200602,45,085,3,5,Sumter County                 ,98,98,9501222,2,4,262346,2,7,593383,0,0,0,0,0,0,0,0,0,0,0,0,0,0,0
200602,45,091,3,5,York County                   ,465,465,75559500,1,2,199583,3,10,1021178,4,26,2794803,182,182,24904428,0,0,0,0,0,0,0,0,0
200602,46,005,2,4,Beadle County                 ,1,1,150000,0,0,0,0,0,0,0,0,0,1,1,150000,0,0,0,0,0,0,0,0,0
200602,46,069,2,4,Hyde County                   ,0,0,0,0,0,0,0,0,0,0,0,0,0,0,0,0,0,0,0,0,0,0,0,0
200602,46,121,2,4,Todd County                   ,0,0,0,0,0,0,0,0,0,10,100,7694000,0,0,0,0,0,0,0,0,0,10,100,7694000
200602,47,011,3,6,Bradley County                ,100,100,15022325,3,6,305000,1,3,170000,0,0,0,100,100,15022325,3,6,305000,1,3,170000,0,0,0
200602,47,015,3,6,Cannon County                 ,3,3,342000,0,0,0,0,0,0,0,0,0,3,3,342000,0,0,0,0,0,0,0,0,0
200602,47,021,3,6,Cheatham County               ,52,52,8223300,0,0,0,0,0,0,0,0,0,52,52,8223300,0,0,0,0,0,0,0,0,0
200602,47,037,3,6,Davidson County               ,540,540,82932256,14,28,2197598,0,0,0,4,157,12024393,540,540,82932256,14,28,2197598,0,0,0,4,157,12024393
200602,47,039,3,6,Decatur County                ,1,1,53000,0,0,0,0,0,0,0,0,0,1,1,53000,0,0,0,0,0,0,0,0,0
200602,47,043,3,6,Dickson County                ,40,40,5807441,1,2,50000,0,0,0,0,0,0,36,36,5567441,0,0,0,0,0,0,0,0,0
200602,47,047,3,6,Fayette County                ,136,136,30367515,0,0,0,0,0,0,0,0,0,136,136,30367515,0,0,0,0,0,0,0,0,0
200602,47,063,3,6,Hamblen County                ,35,35,3707450,0,0,0,0,0,0,0,0,0,35,35,3707450,0,0,0,0,0,0,0,0,0
200602,47,071,3,6,Hardin County                 ,3,3,179245,0,0,0,0,0,0,0,0,0,2,2,133000,0,0,0,0,0,0,0,0,0
200602,47,081,3,6,Hickman County                ,1,1,132000,0,0,0,0,0,0,0,0,0,1,1,132000,0,0,0,0,0,0,0,0,0
200602,47,091,3,6,Johnson County                ,1,1,125000,0,0,0,0,0,0,0,0,0,1,1,125000,0,0,0,0,0,0,0,0,0
200602,47,093,3,6,Knox County                   ,481,481,59987831,3,6,460900,0,0,0,13,179,10250085,481,481,59987831,3,6,460900,0,0,0,13,179,10250085
200602,47,111,3,6,Macon County                  ,0,0,0,0,0,0,0,0,0,0,0,0,0,0,0,0,0,0,0,0,0,0,0,0
200602,47,113,3,6,Madison County                ,123,123,16594300,2,4,190000,0,0,0,0,0,0,123,123,16594300,2,4,190000,0,0,0,0,0,0
200602,47,125,3,6,Montgomery County             ,210,210,22762135,0,0,0,0,0,0,1,6,285000,210,210,22762135,0,0,0,0,0,0,1,6,285000
200602,47,141,3,6,Putnam County                 ,77,77,10348433,2,4,162400,1,4,221020,0,0,0,77,77,10348433,2,4,162400,1,4,221020,0,0,0
200602,47,147,3,6,Robertson County              ,114,114,12390950,0,0,0,0,0,0,0,0,0,103,103,10944192,0,0,0,0,0,0,0,0,0
200602,47,149,3,6,Rutherford County             ,658,658,97642680,1,2,130910,0,0,0,0,0,0,658,658,97642680,1,2,130910,0,0,0,0,0,0
200602,47,157,3,6,Shelby County                 ,547,547,121725859,0,0,0,0,0,0,9,242,12521680,547,547,121725859,0,0,0,0,0,0,9,242,12521680
200602,47,159,3,6,Smith County                  ,18,18,2548799,0,0,0,0,0,0,0,0,0,18,18,2548799,0,0,0,0,0,0,0,0,0
200602,47,165,3,6,Sumner County                 ,265,265,43765358,0,0,0,0,0,0,0,0,0,265,265,43765358,0,0,0,0,0,0,0,0,0
200602,47,167,3,6,Tipton County                 ,76,76,7760771,0,0,0,0,0,0,0,0,0,65,65,6965350,0,0,0,0,0,0,0,0,0
200602,47,169,3,6,Trousdale County              ,3,3,248800,0,0,0,0,0,0,0,0,0,3,3,248800,0,0,0,0,0,0,0,0,0
200602,47,179,3,6,Washington County             ,146,146,20168216,3,6,340000,2,6,360000,1,5,298291,114,114,16126142,3,6,340000,2,6,360000,0,0,0
200602,47,187,3,6,Williamson County             ,304,304,70421449,0,0,0,0,0,0,0,0,0,295,295,69506195,0,0,0,0,0,0,0,0,0
200602,47,189,3,6,Wilson County                 ,178,178,33158730,0,0,0,0,0,0,0,0,0,178,178,33158730,0,0,0,0,0,0,0,0,0
200602,48,013,3,7,Atascosa County               ,14,14,1292062,0,0,0,1,3,52500,0,0,0,10,10,849721,0,0,0,0,0,0,0,0,0
200602,48,015,3,7,Austin County                 ,4,4,653676,0,0,0,1,3,0,0,0,0,3,3,517000,0,0,0,0,0,0,0,0,0
200602,48,019,3,7,Bandera County                ,0,0,0,0,0,0,0,0,0,0,0,0,0,0,0,0,0,0,0,0,0,0,0,0
200602,48,021,3,7,Bastrop County                ,50,50,3450655,0,0,0,0,0,0,0,0,0,50,50,3450655,0,0,0,0,0,0,0,0,0
200602,48,029,3,7,Bexar County                  ,1788,1788,267865452,34,68,4977967,45,180,15033336,75,1622,128977765,1665,1665,251679760,34,68,4977967,45,180,15033336,71,1550,126445947
200602,48,039,3,7,Brazoria County               ,480,480,77390980,0,0,0,1,3,183000,1,5,175000,473,473,76651509,0,0,0,0,0,0,0,0,0
200602,48,041,3,7,Brazos County                 ,178,178,26148504,0,0,0,0,0,0,7,44,3503433,178,178,26148504,0,0,0,0,0,0,7,44,3503433
200602,48,055,3,7,Caldwell County               ,31,31,1840700,0,0,0,0,0,0,0,0,0,26,26,1196486,0,0,0,0,0,0,0,0,0
200602,48,063,3,7,Camp County                   ,1,1,75000,0,0,0,0,0,0,0,0,0,1,1,75000,0,0,0,0,0,0,0,0,0
200602,48,071,3,7,Chambers County               ,45,45,6961192,0,0,0,0,0,0,0,0,0,43,43,6689652,0,0,0,0,0,0,0,0,0
200602,48,085,3,7,Collin County                 ,2018,2018,385516019,2,4,250600,0,0,0,3,235,10046171,1961,1961,376445656,2,4,250600,0,0,0,3,235,10046171
200602,48,091,3,7,Comal County                  ,403,403,74961956,0,0,0,0,0,0,0,0,0,401,401,74608436,0,0,0,0,0,0,0,0,0
200602,48,113,3,7,Dallas County                 ,1618,1618,312091571,10,20,1569713,7,25,2087963,27,768,62885364,1569,1569,296805908,10,20,1569713,7,25,2087963,27,768,62885364
200602,48,117,3,7,Deaf Smith County             ,1,1,75000,0,0,0,0,0,0,0,0,0,1,1,75000,0,0,0,0,0,0,0,0,0
200602,48,119,3,7,Delta County                  ,8,8,1169788,0,0,0,0,0,0,0,0,0,8,8,1169788,0,0,0,0,0,0,0,0,0
200602,48,121,3,7,Denton County                 ,504,504,97528421,0,0,0,0,0,0,0,0,0,463,463,91414216,0,0,0,0,0,0,0,0,0
200602,48,133,3,7,Eastland County               ,0,0,0,0,0,0,0,0,0,0,0,0,0,0,0,0,0,0,0,0,0,0,0,0
200602,48,135,3,7,Ector County                  ,42,42,6942931,0,0,0,0,0,0,0,0,0,42,42,6942931,0,0,0,0,0,0,0,0,0
200602,48,139,3,7,Ellis County                  ,249,249,35053875,0,0,0,0,0,0,1,5,242000,188,188,28045247,0,0,0,0,0,0,0,0,0
200602,48,157,3,7,Fort Bend County              ,785,785,112568932,0,0,0,1,3,65000,18,351,20665124,512,512,73735030,0,0,0,1,3,65000,15,313,19522940
200602,48,167,3,7,Galveston County              ,470,470,74986249,9,18,561390,0,0,0,0,0,0,299,299,45447322,9,18,561390,0,0,0,0,0,0
200602,48,187,3,7,Guadalupe County              ,266,266,39584253,0,0,0,0,0,0,0,0,0,259,259,38915283,0,0,0,0,0,0,0,0,0
200602,48,201,3,7,Harris County                 ,5275,5275,635235572,16,32,2469713,7,26,2328259,77,2289,167473620,5262,5262,630495741,16,32,2469713,7,26,2328259,77,2289,167473620
200602,48,209,3,7,Hays County                   ,312,312,41647176,0,0,0,0,0,0,5,96,5736814,210,210,28218600,0,0,0,0,0,0,0,0,0
200602,48,215,3,7,Hidalgo County                ,1181,1181,126505777,5,10,784856,16,61,4499656,5,42,1945916,1096,1096,121538687,5,10,784856,14,55,4285370,4,37,1805416
200602,48,231,3,7,Hunt County                   ,20,20,2897437,1,2,100000,1,4,200000,0,0,0,18,18,2635761,1,2,100000,1,4,200000,0,0,0
200602,48,233,3,7,Hutchinson County             ,0,0,0,0,0,0,0,0,0,0,0,0,0,0,0,0,0,0,0,0,0,0,0,0
200602,48,251,3,7,Johnson County                ,148,148,18365234,0,0,0,0,0,0,0,0,0,130,130,15283036,0,0,0,0,0,0,0,0,0
200602,48,257,3,7,Kaufman County                ,172,172,20646225,0,0,0,0,0,0,0,0,0,167,167,20027225,0,0,0,0,0,0,0,0,0
200602,48,259,3,7,Kendall County                ,115,115,19905346,0,0,0,0,0,0,0,0,0,61,61,8350586,0,0,0,0,0,0,0,0,0
200602,48,271,3,7,Kinney County                 ,0,0,0,0,0,0,0,0,0,0,0,0,0,0,0,0,0,0,0,0,0,0,0,0
200602,48,291,3,7,Liberty County                ,40,40,3506390,0,0,0,0,0,0,0,0,0,24,24,2140990,0,0,0,0,0,0,0,0,0
200602,48,307,3,7,McCulloch County              ,0,0,0,0,0,0,0,0,0,0,0,0,0,0,0,0,0,0,0,0,0,0,0,0
200602,48,323,3,7,Maverick County               ,40,40,2175744,0,0,0,0,0,0,0,0,0,24,24,1213345,0,0,0,0,0,0,0,0,0
200602,48,325,3,7,Medina County                 ,7,7,843550,0,0,0,0,0,0,0,0,0,6,6,740328,0,0,0,0,0,0,0,0,0
200602,48,329,3,7,Midland County                ,77,77,9226246,0,0,0,0,0,0,0,0,0,77,77,9226246,0,0,0,0,0,0,0,0,0
200602,48,339,3,7,Montgomery County             ,1115,1115,181441493,2,4,280000,0,0,0,1,30,885000,1093,1093,178805590,2,4,280000,0,0,0,1,30,885000
200602,48,353,3,7,Nolan County                  ,0,0,0,0,0,0,0,0,0,0,0,0,0,0,0,0,0,0,0,0,0,0,0,0
200602,48,359,3,7,Oldham County                 ,0,0,0,0,0,0,0,0,0,0,0,0,0,0,0,0,0,0,0,0,0,0,0,0
200602,48,367,3,7,Parker County                 ,68,68,8704215,9,18,678133,0,0,0,2,11,296479,16,16,2649062,8,16,559800,0,0,0,0,0,0
200602,48,375,3,7,Potter County                 ,166,166,28167222,0,0,0,0,0,0,0,0,0,166,166,28167222,0,0,0,0,0,0,0,0,0
200602,48,383,3,7,Reagan County                 ,0,0,0,0,0,0,0,0,0,0,0,0,0,0,0,0,0,0,0,0,0,0,0,0
200602,48,385,3,7,Real County                   ,0,0,0,0,0,0,0,0,0,0,0,0,0,0,0,0,0,0,0,0,0,0,0,0
200602,48,397,3,7,Rockwall County               ,201,201,40098565,0,0,0,0,0,0,0,0,0,170,170,35417240,0,0,0,0,0,0,0,0,0
200602,48,407,3,7,San Jacinto County            ,0,0,0,0,0,0,0,0,0,0,0,0,0,0,0,0,0,0,0,0,0,0,0,0
200602,48,435,3,7,Sutton County                 ,0,0,0,0,0,0,0,0,0,0,0,0,0,0,0,0,0,0,0,0,0,0,0,0
200602,48,437,3,7,Swisher County                ,0,0,0,0,0,0,0,0,0,0,0,0,0,0,0,0,0,0,0,0,0,0,0,0
200602,48,439,3,7,Tarrant County                ,2190,2190,352126924,20,40,2067202,0,0,0,1,194,10131721,1859,1859,287468450,18,36,1824702,0,0,0,1,194,10131721
200602,48,451,3,7,Tom Green County              ,75,75,10815900,0,0,0,0,0,0,0,0,0,75,75,10815900,0,0,0,0,0,0,0,0,0
200602,48,453,3,7,Travis County                 ,1893,1893,235877200,30,60,10419093,2,8,700000,21,656,41507799,1878,1878,232146184,30,60,10419093,2,8,700000,20,651,40801637
200602,48,463,3,7,Uvalde County                 ,4,4,321600,0,0,0,0,0,0,0,0,0,4,4,321600,0,0,0,0,0,0,0,0,0
200602,48,469,3,7,Victoria County               ,23,23,2583546,0,0,0,2,8,475862,1,13,627568,11,11,1225949,0,0,0,0,0,0,0,0,0
200602,48,471,3,7,Walker County                 ,12,12,2045028,0,0,0,0,0,0,0,0,0,12,12,2045028,0,0,0,0,0,0,0,0,0
200602,48,473,3,7,Waller County                 ,11,11,973000,0,0,0,0,0,0,4,32,755751,7,7,724750,0,0,0,0,0,0,0,0,0
200602,48,479,3,7,Webb County                   ,277,277,25657162,1,2,84344,2,6,204683,3,81,3678675,0,0,0,0,0,0,0,0,0,0,0,0
200602,48,491,3,7,Williamson County             ,1071,1071,138207963,0,0,0,26,104,8667347,0,0,0,1070,1070,138145037,0,0,0,26,104,8667347,0,0,0
200602,48,493,3,7,Wilson County                 ,6,6,601842,0,0,0,1,3,159051,0,0,0,1,1,148500,0,0,0,0,0,0,0,0,0
200602,48,497,3,7,Wise County                   ,21,21,2788285,0,0,0,0,0,0,0,0,0,21,21,2788285,0,0,0,0,0,0,0,0,0
200602,49,009,4,8,Daggett County                ,2,2,204484,0,0,0,0,0,0,0,0,0,2,2,204484,0,0,0,0,0,0,0,0,0
200602,49,019,4,8,Grand County                  ,8,8,1214098,0,0,0,0,0,0,0,0,0,8,8,1214098,0,0,0,0,0,0,0,0,0
200602,49,021,4,8,Iron County                   ,72,72,11319385,7,14,1083943,0,0,0,0,0,0,25,25,4448235,0,0,0,0,0,0,0,0,0
200602,49,033,4,8,Rich County                   ,9,9,2254348,0,0,0,0,0,0,0,0,0,2,2,761811,0,0,0,0,0,0,0,0,0
200602,49,035,4,8,Salt Lake County              ,819,819,156188666,2,4,396926,5,16,1718109,4,37,2673013,709,709,141355294,0,0,0,4,12,1354531,0,0,0
200602,49,039,4,8,Sanpete County                ,4,4,451477,0,0,0,0,0,0,0,0,0,4,4,451477,0,0,0,0,0,0,0,0,0
200602,49,043,4,8,Summit County                 ,48,48,13495835,0,0,0,0,0,0,0,0,0,48,48,13495835,0,0,0,0,0,0,0,0,0
200602,49,045,4,8,Tooele County                 ,53,53,7385793,0,0,0,0,0,0,0,0,0,29,29,4122457,0,0,0,0,0,0,0,0,0
200602,49,051,4,8,Wasatch County                ,54,54,13235456,2,4,283894,0,0,0,0,0,0,21,21,4806460,0,0,0,0,0,0,0,0,0
200602,51,003,3,5,Albemarle County              ,117,117,25330379,2,4,514644,2,6,464558,3,93,5350439,0,0,0,0,0,0,0,0,0,0,0,0
200602,51,007,3,5,Amelia County                 ,24,24,4008425,0,0,0,0,0,0,0,0,0,24,24,4008425,0,0,0,0,0,0,0,0,0
200602,51,013,3,5,Arlington County              ,30,30,10406502,0,0,0,0,0,0,2,422,20900000,30,30,10406502,0,0,0,0,0,0,2,422,20900000
200602,51,015,3,5,Augusta County                ,62,62,11119465,0,0,0,0,0,0,0,0,0,62,62,11119465,0,0,0,0,0,0,0,0,0
200602,51,019,3,5,Bedford County                ,126,126,29186300,0,0,0,0,0,0,0,0,0,126,126,29186300,0,0,0,0,0,0,0,0,0
200602,51,023,3,5,Botetourt County              ,29,29,5980552,0,0,0,0,0,0,0,0,0,29,29,5980552,0,0,0,0,0,0,0,0,0
200602,51,031,3,5,Campbell County               ,43,43,6377767,0,0,0,0,0,0,0,0,0,43,43,6377767,0,0,0,0,0,0,0,0,0
200602,51,033,3,5,Caroline County               ,81,81,13660528,0,0,0,0,0,0,0,0,0,32,32,6399702,0,0,0,0,0,0,0,0,0
200602,51,036,3,5,Charles City County           ,6,6,1642376,0,0,0,0,0,0,0,0,0,6,6,1642376,0,0,0,0,0,0,0,0,0
200602,51,037,3,5,Charlotte County              ,11,11,1020032,0,0,0,0,0,0,0,0,0,11,11,1020032,0,0,0,0,0,0,0,0,0
200602,51,041,3,5,Chesterfield County           ,343,343,50154660,4,8,627885,4,14,1169260,4,36,2757186,343,343,50154660,4,8,627885,4,14,1169260,4,36,2757186
200602,51,043,3,5,Clarke County                 ,16,16,2302000,0,0,0,0,0,0,0,0,0,16,16,2302000,0,0,0,0,0,0,0,0,0
200602,51,049,3,5,Cumberland County             ,10,10,1489900,0,0,0,0,0,0,0,0,0,10,10,1489900,0,0,0,0,0,0,0,0,0
200602,51,053,3,5,Dinwiddie County              ,39,39,3992707,0,0,0,0,0,0,0,0,0,0,0,0,0,0,0,0,0,0,0,0,0
200602,51,059,3,5,Fairfax County                ,294,294,43531902,0,0,0,0,0,0,15,436,33392582,294,294,43531902,0,0,0,0,0,0,15,436,33392582
200602,51,061,3,5,Fauquier County               ,84,84,18357994,0,0,0,0,0,0,0,0,0,70,70,15953173,0,0,0,0,0,0,0,0,0
200602,51,065,3,5,Fluvanna County               ,41,41,8080650,0,0,0,0,0,0,0,0,0,41,41,8080650,0,0,0,0,0,0,0,0,0
200602,51,067,3,5,Franklin County               ,81,81,20188636,0,0,0,0,0,0,0,0,0,81,81,20188636,0,0,0,0,0,0,0,0,0
200602,51,069,3,5,Frederick County              ,152,152,28898371,0,0,0,0,0,0,1,5,311719,65,65,13575238,0,0,0,0,0,0,0,0,0
200602,51,073,3,5,Gloucester County             ,35,35,7894828,0,0,0,0,0,0,0,0,0,35,35,7894828,0,0,0,0,0,0,0,0,0
200602,51,075,3,5,Goochland County              ,42,42,11244702,0,0,0,0,0,0,0,0,0,42,42,11244702,0,0,0,0,0,0,0,0,0
200602,51,079,3,5,Greene County                 ,30,30,7134111,0,0,0,0,0,0,0,0,0,30,30,7134111,0,0,0,0,0,0,0,0,0
200602,51,085,3,5,Hanover County                ,93,93,17967058,0,0,0,0,0,0,0,0,0,93,93,17967058,0,0,0,0,0,0,0,0,0
200602,51,087,3,5,Henrico County                ,296,296,43282156,1,2,156971,0,0,0,0,0,0,296,296,43282156,1,2,156971,0,0,0,0,0,0
200602,51,093,3,5,Isle of Wight County          ,74,74,16852152,0,0,0,0,0,0,0,0,0,74,74,16852152,0,0,0,0,0,0,0,0,0
200602,51,095,3,5,James City County             ,252,252,37217526,0,0,0,0,0,0,0,0,0,252,252,37217526,0,0,0,0,0,0,0,0,0
200602,51,097,3,5,King and Queen County         ,6,6,904000,0,0,0,0,0,0,0,0,0,6,6,904000,0,0,0,0,0,0,0,0,0
200602,51,099,3,5,King George County            ,12,12,1781999,0,0,0,0,0,0,0,0,0,12,12,1781999,0,0,0,0,0,0,0,0,0
200602,51,101,3,5,King William County           ,40,40,6657423,0,0,0,0,0,0,0,0,0,40,40,6657423,0,0,0,0,0,0,0,0,0
200602,51,107,3,5,Loudoun County                ,632,632,95980706,0,0,0,0,0,0,1,99,7582261,632,632,95980706,0,0,0,0,0,0,1,99,7582261
200602,51,109,3,5,Louisa County                 ,115,115,26807855,0,0,0,0,0,0,0,0,0,115,115,26807855,0,0,0,0,0,0,0,0,0
200602,51,115,3,5,Mathews County                ,9,9,2575467,0,0,0,0,0,0,0,0,0,9,9,2575467,0,0,0,0,0,0,0,0,0
200602,51,119,3,5,Middlesex County              ,17,17,3296194,0,0,0,1,4,326763,0,0,0,7,7,1400172,0,0,0,0,0,0,0,0,0
200602,51,127,3,5,New Kent County               ,45,45,10925095,0,0,0,0,0,0,0,0,0,45,45,10925095,0,0,0,0,0,0,0,0,0
200602,51,137,3,5,Orange County                 ,69,69,14931820,0,0,0,0,0,0,0,0,0,69,69,14931820,0,0,0,0,0,0,0,0,0
200602,51,143,3,5,Pittsylvania County           ,40,40,4971724,0,0,0,0,0,0,0,0,0,0,0,0,0,0,0,0,0,0,0,0,0
200602,51,145,3,5,Powhatan County               ,63,63,16928509,0,0,0,0,0,0,0,0,0,63,63,16928509,0,0,0,0,0,0,0,0,0
200602,51,149,3,5,Prince George County          ,37,37,5710868,0,0,0,0,0,0,0,0,0,37,37,5710868,0,0,0,0,0,0,0,0,0
200602,51,153,3,5,Prince William County         ,583,583,86004218,0,0,0,0,0,0,2,56,4288956,581,581,85317182,0,0,0,0,0,0,2,56,4288956
200602,51,157,3,5,Rappahannock County           ,9,9,2238000,0,0,0,0,0,0,0,0,0,9,9,2238000,0,0,0,0,0,0,0,0,0
200602,51,161,3,5,Roanoke County                ,101,101,6177623,1,2,51732,0,0,0,0,0,0,0,0,0,0,0,0,0,0,0,0,0,0
200602,51,163,3,5,Rockbridge County             ,24,24,5380038,0,0,0,0,0,0,0,0,0,24,24,5380038,0,0,0,0,0,0,0,0,0
200602,51,165,3,5,Rockingham County             ,144,144,27466268,0,0,0,0,0,0,0,0,0,144,144,27466268,0,0,0,0,0,0,0,0,0
200602,51,169,3,5,Scott County                  ,4,4,414000,0,0,0,0,0,0,0,0,0,4,4,414000,0,0,0,0,0,0,0,0,0
200602,51,171,3,5,Shenandoah County             ,86,86,14339819,0,0,0,0,0,0,0,0,0,86,86,14339819,0,0,0,0,0,0,0,0,0
200602,51,177,3,5,Spotsylvania County           ,220,220,43430609,0,0,0,0,0,0,2,23,1244374,0,0,0,0,0,0,0,0,0,0,0,0
200602,51,179,3,5,Stafford County               ,158,158,23103313,0,0,0,0,0,0,2,56,4288956,158,158,23103313,0,0,0,0,0,0,2,56,4288956
200602,51,181,3,5,Surry County                  ,8,8,906616,0,0,0,0,0,0,0,0,0,8,8,906616,0,0,0,0,0,0,0,0,0
200602,51,183,3,5,Sussex County                 ,8,8,784233,0,0,0,0,0,0,0,0,0,6,6,465900,0,0,0,0,0,0,0,0,0
200602,51,187,3,5,Warren County                 ,65,65,14039025,0,0,0,0,0,0,0,0,0,65,65,14039025,0,0,0,0,0,0,0,0,0
200602,51,199,3,5,York County                   ,21,21,3429788,0,0,0,0,0,0,0,0,0,21,21,3429788,0,0,0,0,0,0,0,0,0
200602,51,510,3,5,Alexandria (Independent City) ,37,37,5269365,0,0,0,0,0,0,1,75,8906865,37,37,5269365,0,0,0,0,0,0,1,75,8906865
200602,51,530,3,5,Buena Vista (Independent City),2,2,250000,0,0,0,0,0,0,0,0,0,2,2,250000,0,0,0,0,0,0,0,0,0
200602,51,550,3,5,Chesapeake(Independent City)  ,215,215,32538680,1,2,161100,0,0,0,0,0,0,215,215,32538680,1,2,161100,0,0,0,0,0,0
200602,51,570,3,5,Colonial Heights (Independent ,6,6,726000,0,0,0,0,0,0,0,0,0,6,6,726000,0,0,0,0,0,0,0,0,0
200602,51,580,3,5,Covington (Independent City)  ,0,0,0,0,0,0,0,0,0,0,0,0,0,0,0,0,0,0,0,0,0,0,0,0
200602,51,600,3,5,Fairfax (Independent City)    ,4,4,736383,0,0,0,0,0,0,0,0,0,4,4,736383,0,0,0,0,0,0,0,0,0
200602,51,610,3,5,Falls Church (Independent City,2,2,596212,0,0,0,0,0,0,0,0,0,0,0,0,0,0,0,0,0,0,0,0,0
200602,51,630,3,5,Fredericksburg(Independent Cit,28,28,4348336,0,0,0,0,0,0,0,0,0,0,0,0,0,0,0,0,0,0,0,0,0
200602,51,650,3,5,Hampton (Independent City)    ,30,30,5444600,0,0,0,0,0,0,3,140,12960714,30,30,5444600,0,0,0,0,0,0,3,140,12960714
200602,51,660,3,5,Harrisonburg (Independent City,28,28,2270000,0,0,0,0,0,0,0,0,0,28,28,2270000,0,0,0,0,0,0,0,0,0
200602,51,670,3,5,Hopewell (Independent City)   ,21,21,918940,0,0,0,0,0,0,0,0,0,21,21,918940,0,0,0,0,0,0,0,0,0
200602,51,680,3,5,Lynchburg (Independent City)  ,30,30,4473565,0,0,0,0,0,0,0,0,0,30,30,4473565,0,0,0,0,0,0,0,0,0
200602,51,683,3,5,Manassas (Independent City)   ,26,26,2779386,0,0,0,0,0,0,0,0,0,0,0,0,0,0,0,0,0,0,0,0,0
200602,51,685,3,5,Manassas Park (Independent Cit,13,13,1577814,0,0,0,0,0,0,2,19,834459,0,0,0,0,0,0,0,0,0,0,0,0
200602,51,700,3,5,Newport News (Independent City,45,45,4667361,0,0,0,0,0,0,2,20,1300000,45,45,4667361,0,0,0,0,0,0,2,20,1300000
200602,51,710,3,5,Norfolk (Independent City)    ,66,66,10166723,5,10,957885,0,0,0,1,16,4042542,34,34,4971599,1,2,156971,0,0,0,0,0,0
200602,51,730,3,5,Petersburg (Independent City) ,3,3,170000,0,0,0,1,3,318850,0,0,0,1,1,50000,0,0,0,0,0,0,0,0,0
200602,51,735,3,5,Poquoson (Independent City)   ,10,10,2635303,0,0,0,0,0,0,0,0,0,4,4,1443100,0,0,0,0,0,0,0,0,0
200602,51,740,3,5,Portsmouth (Independent City) ,49,49,2222201,0,0,0,0,0,0,0,0,0,49,49,2222201,0,0,0,0,0,0,0,0,0
200602,51,760,3,5,Richmond (Independent City)   ,82,82,11959716,0,0,0,0,0,0,0,0,0,82,82,11959716,0,0,0,0,0,0,0,0,0
200602,51,770,3,5,Roanoke (Independent City)    ,4,4,1122375,0,0,0,0,0,0,0,0,0,4,4,1122375,0,0,0,0,0,0,0,0,0
200602,51,800,3,5,Suffolk (Independent City)    ,127,127,18570384,1,2,156971,0,0,0,0,0,0,127,127,18570384,1,2,156971,0,0,0,0,0,0
200602,51,810,3,5,Virginia Beach (Independent Ci,116,116,16961926,15,30,2354569,9,34,2839630,8,68,5208018,116,116,16961926,15,30,2354569,9,34,2839630,8,68,5208018
200602,51,830,3,5,Williamsburg (Independent City,4,4,2399900,0,0,0,0,0,0,0,0,0,4,4,2399900,0,0,0,0,0,0,0,0,0
200602,53,011,4,9,Clark County                  ,423,423,72564909,0,0,0,0,0,0,11,128,10220776,391,391,65738365,0,0,0,0,0,0,11,128,10220776
200602,53,033,4,9,King County                   ,891,891,229858090,19,38,4034297,24,91,9300408,22,343,30625574,849,849,218107670,19,38,4034297,22,85,8331873,19,250,21995310
200602,53,041,4,9,Lewis County                  ,59,59,8857781,2,4,256250,0,0,0,0,0,0,59,59,8857781,2,4,256250,0,0,0,0,0,0
200602,53,053,4,9,Pierce County                 ,799,799,142845251,30,60,5279572,11,38,4381287,37,216,21987497,780,780,139980121,28,56,4912388,10,34,3997567,35,203,21201683
200602,53,059,4,9,Skamania County               ,15,15,2594176,0,0,0,0,0,0,0,0,0,15,15,2594176,0,0,0,0,0,0,0,0,0
200602,53,061,4,9,Snohomish County              ,788,788,135001418,25,50,5606237,3,10,887576,10,153,12510499,619,619,113725500,16,32,4205649,1,4,368602,2,73,6310923
200602,54,037,3,5,Jefferson County              ,149,149,29289710,1,2,300000,0,0,0,0,0,0,138,138,27992140,1,2,300000,0,0,0,0,0,0
200602,55,021,2,3,Columbia County               ,29,29,5315113,2,4,470000,1,3,400000,1,14,1000000,28,28,5213361,2,4,470000,1,3,400000,1,14,1000000
200602,55,025,2,3,Dane County                   ,262,262,61786463,14,28,4312800,9,31,2943053,16,349,61234474,214,214,54551216,11,22,3605000,3,11,1260000,12,327,59735000
200602,55,031,2,3,Douglas County                ,6,6,425000,0,0,0,0,0,0,0,0,0,6,6,425000,0,0,0,0,0,0,0,0,0
200602,55,037,2,3,Florence County               ,2,2,103850,0,0,0,0,0,0,0,0,0,0,0,0,0,0,0,0,0,0,0,0,0
200602,55,049,2,3,Iowa County                   ,7,7,946726,1,2,195000,0,0,0,2,10,452442,4,4,519000,0,0,0,0,0,0,0,0,0
200602,55,059,2,3,Kenosha County                ,84,84,17973414,0,0,0,10,40,5000000,0,0,0,81,81,17352306,0,0,0,10,40,5000000,0,0,0
200602,55,079,2,3,Milwaukee County              ,119,119,26908637,6,12,1102499,4,15,1645969,7,78,4566425,117,117,26475161,6,12,1102499,4,15,1645969,7,78,4566425
200602,55,089,2,3,Ozaukee County                ,41,41,11277800,2,4,500000,0,0,0,0,0,0,31,31,7167782,2,4,500000,0,0,0,0,0,0
200602,55,093,2,3,Pierce County                 ,34,34,5464520,0,0,0,0,0,0,0,0,0,32,32,5405400,0,0,0,0,0,0,0,0,0
200602,55,109,2,3,St. Croix County              ,69,69,13287005,1,2,225889,0,0,0,1,6,360000,40,40,9021060,0,0,0,0,0,0,0,0,0
200602,55,113,2,3,Sawyer County                 ,11,11,987000,0,0,0,0,0,0,0,0,0,11,11,987000,0,0,0,0,0,0,0,0,0
200602,55,131,2,3,Washington County             ,80,80,15679740,6,12,1525064,0,0,0,1,5,333333,57,57,10174907,3,6,910000,0,0,0,0,0,0
200602,55,133,2,3,Waukesha County               ,210,210,62289900,3,6,687000,1,4,370000,2,13,1298958,195,195,57986101,1,2,300000,1,4,370000,1,8,750000
200602,56,019,4,8,Johnson County                ,1,1,55000,0,0,0,0,0,0,0,0,0,1,1,55000,0,0,0,0,0,0,0,0,0
200602,56,039,4,8,Teton County                  ,15,15,13057883,1,2,129906,2,8,2221200,2,11,531644,10,10,12032000,0,0,0,0,0,0,0,0,0
