Survey,FIPS,FIPS,Region,Division,County,,1-unit,,,2-units,,,3-4 units,,,5+ units,,,1-unit rep,,,2-units rep,,,3-4 units rep,,, 5+units rep
Date,State,County,Code,Code,Name,Bldgs,Units,Value,Bldgs,Units,Value,Bldgs,Units,Value,Bldgs,Units,Value,Bldgs,Units,Value,Bldgs,Units,Value,Bldgs,Units,Value,Bldgs,Units,Value
 
200702,01,001,3,6,Autauga County                ,61,61,10076488,0,0,0,0,0,0,0,0,0,61,61,10076488,0,0,0,0,0,0,0,0,0
200702,01,007,3,6,Bibb County                   ,1,1,157048,0,0,0,0,0,0,0,0,0,1,1,157048,0,0,0,0,0,0,0,0,0
200702,01,009,3,6,Blount County                 ,7,7,1223830,0,0,0,0,0,0,0,0,0,7,7,1223830,0,0,0,0,0,0,0,0,0
200702,01,021,3,6,Chilton County                ,11,11,1827440,0,0,0,0,0,0,0,0,0,9,9,1523000,0,0,0,0,0,0,0,0,0
200702,01,037,3,6,Coosa County                  ,0,0,0,0,0,0,0,0,0,0,0,0,0,0,0,0,0,0,0,0,0,0,0,0
200702,01,073,3,6,Jefferson County              ,420,420,82408344,0,0,0,0,0,0,1,48,5322456,411,411,81337192,0,0,0,0,0,0,1,48,5322456
200702,01,081,3,6,Lee County                    ,181,181,33014390,6,12,1213369,0,0,0,4,136,17074250,181,181,33014390,6,12,1213369,0,0,0,4,136,17074250
200702,01,115,3,6,St. Clair County              ,78,78,11227613,0,0,0,0,0,0,0,0,0,78,78,11227613,0,0,0,0,0,0,0,0,0
200702,01,117,3,6,Shelby County                 ,341,341,58783959,0,0,0,0,0,0,0,0,0,211,211,35927249,0,0,0,0,0,0,0,0,0
200702,01,127,3,6,Walker County                 ,13,13,1975000,0,0,0,0,0,0,0,0,0,13,13,1975000,0,0,0,0,0,0,0,0,0
200702,02,000,4,9,Alaska Balance of State       ,21,21,4029647,0,0,0,0,0,0,0,0,0,0,0,0,0,0,0,0,0,0,0,0,0
200702,02,013,4,9,Aleutians East Borough        ,0,0,0,0,0,0,0,0,0,0,0,0,0,0,0,0,0,0,0,0,0,0,0,0
200702,02,016,4,9,Aleutians West Census Area    ,1,1,98300,0,0,0,0,0,0,0,0,0,0,0,0,0,0,0,0,0,0,0,0,0
200702,02,020,4,9,Anchorage Borough             ,28,28,9864617,21,42,6269160,1,4,719762,2,65,3474500,28,28,9864617,21,42,6269160,1,4,719762,2,65,3474500
200702,02,050,4,9,Bethel Census Area            ,5,5,715135,0,0,0,0,0,0,0,0,0,0,0,0,0,0,0,0,0,0,0,0,0
200702,02,060,4,9,Bristol Bay Borough           ,0,0,0,0,0,0,0,0,0,0,0,0,0,0,0,0,0,0,0,0,0,0,0,0
200702,02,090,4,9,Fairbanks North Star Borough  ,16,16,2863648,0,0,0,0,0,0,0,0,0,14,14,2680000,0,0,0,0,0,0,0,0,0
200702,02,100,4,9,Haines Borough                ,0,0,0,0,0,0,0,0,0,0,0,0,0,0,0,0,0,0,0,0,0,0,0,0
200702,02,110,4,9,Juneau Borough                ,4,4,1063643,1,2,334419,0,0,0,0,0,0,4,4,1063643,1,2,334419,0,0,0,0,0,0
200702,02,122,4,9,Kenai Peninsula Borough       ,6,6,1129041,2,4,139500,0,0,0,0,0,0,4,4,744199,1,2,81000,0,0,0,0,0,0
200702,02,130,4,9,Ketchikan Gateway Borough     ,4,4,745272,0,0,0,0,0,0,1,6,659262,4,4,745272,0,0,0,0,0,0,1,6,659262
200702,02,150,4,9,Kodiak Island Borough         ,2,2,284032,0,0,0,0,0,0,0,0,0,2,2,284032,0,0,0,0,0,0,0,0,0
200702,02,170,4,9,Matanuska-Susitna Borough     ,11,11,1591590,0,0,0,0,0,0,0,0,0,5,5,931590,0,0,0,0,0,0,0,0,0
200702,02,180,4,9,Nome Census Area              ,0,0,0,0,0,0,0,0,0,0,0,0,0,0,0,0,0,0,0,0,0,0,0,0
200702,02,185,4,9,North Slope Borough           ,3,3,558954,0,0,0,0,0,0,0,0,0,3,3,558954,0,0,0,0,0,0,0,0,0
200702,02,188,4,9,Northwest Arctic Borough      ,0,0,0,0,0,0,0,0,0,0,0,0,0,0,0,0,0,0,0,0,0,0,0,0
200702,02,201,4,9,Prince of Wales-Outer Ketchika,1,1,170355,4,8,872104,0,0,0,0,0,0,0,0,0,4,8,872104,0,0,0,0,0,0
200702,02,220,4,9,Sitka Borough                 ,3,3,660032,0,0,0,0,0,0,1,5,449762,0,0,0,0,0,0,0,0,0,0,0,0
200702,02,232,4,9,Skagway-Hoonah-Angoon Census A,0,0,0,0,0,0,0,0,0,0,0,0,0,0,0,0,0,0,0,0,0,0,0,0
200702,02,261,4,9,Valdez-Cordova Census Area    ,3,3,230000,0,0,0,0,0,0,0,0,0,3,3,230000,0,0,0,0,0,0,0,0,0
200702,02,280,4,9,Wrangell-Petersburg Census Are,0,0,0,0,0,0,0,0,0,0,0,0,0,0,0,0,0,0,0,0,0,0,0,0
200702,02,282,4,9,Yakutat Borough               ,0,0,0,0,0,0,0,0,0,0,0,0,0,0,0,0,0,0,0,0,0,0,0,0
200702,02,290,4,9,Yukon-Koyukuk Census Area     ,0,0,0,0,0,0,0,0,0,0,0,0,0,0,0,0,0,0,0,0,0,0,0,0
200702,04,013,4,8,Maricopa County               ,4013,4013,776458758,12,24,2624477,68,208,22003080,132,2005,200056600,3959,3959,763044062,12,24,2624477,68,208,22003080,129,1981,196903108
200702,04,019,4,8,Pima County                   ,836,836,151856181,13,26,2510729,5,17,1029017,2,17,977869,330,330,67138731,0,0,0,0,0,0,0,0,0
200702,04,021,4,8,Pinal County                  ,1390,1390,172010265,4,8,486312,5,20,1549448,0,0,0,1243,1243,152242003,2,4,224000,3,12,1066000,0,0,0
200702,05,023,3,7,Cleburne County               ,2,2,330000,0,0,0,0,0,0,0,0,0,2,2,330000,0,0,0,0,0,0,0,0,0
200702,05,025,3,7,Cleveland County              ,0,0,0,0,0,0,0,0,0,0,0,0,0,0,0,0,0,0,0,0,0,0,0,0
200702,05,027,3,7,Columbia County               ,1,1,150000,0,0,0,0,0,0,0,0,0,1,1,150000,0,0,0,0,0,0,0,0,0
200702,05,035,3,7,Crittenden County             ,37,37,6247752,0,0,0,0,0,0,0,0,0,37,37,6247752,0,0,0,0,0,0,0,0,0
200702,05,059,3,7,Hot Spring County             ,1,1,87000,0,0,0,0,0,0,0,0,0,1,1,87000,0,0,0,0,0,0,0,0,0
200702,05,061,3,7,Howard County                 ,1,1,92283,0,0,0,0,0,0,0,0,0,0,0,0,0,0,0,0,0,0,0,0,0
200702,05,099,3,7,Nevada County                 ,1,1,95520,0,0,0,0,0,0,0,0,0,1,1,95520,0,0,0,0,0,0,0,0,0
200702,06,001,4,9,Alameda County                ,137,137,43185992,2,4,747782,5,16,4126645,9,161,28108770,121,121,37148471,1,2,272439,5,16,4126645,9,161,28108770
200702,06,003,4,9,Alpine County                 ,0,0,0,0,0,0,0,0,0,0,0,0,0,0,0,0,0,0,0,0,0,0,0,0
200702,06,009,4,9,Calaveras County              ,33,33,9935048,0,0,0,0,0,0,0,0,0,33,33,9935048,0,0,0,0,0,0,0,0,0
200702,06,013,4,9,Contra Costa County           ,619,619,180520696,0,0,0,3,9,1606556,2,28,2536830,594,594,175176997,0,0,0,2,6,1330104,0,0,0
200702,06,017,4,9,El Dorado County              ,83,83,24835224,0,0,0,0,0,0,0,0,0,83,83,24835224,0,0,0,0,0,0,0,0,0
200702,06,037,4,9,Los Angeles County            ,1236,1236,283115652,45,90,10325093,44,152,13706943,79,1312,185046148,1171,1171,264562423,41,82,9533711,38,131,11950155,64,1195,174981708
200702,06,041,4,9,Marin County                  ,35,35,14364480,0,0,0,1,3,452472,2,25,2463764,7,7,5636430,0,0,0,0,0,0,0,0,0
200702,06,045,4,9,Mendocino County              ,30,30,5340132,3,6,246000,1,3,154604,0,0,0,29,29,5184723,3,6,246000,0,0,0,0,0,0
200702,06,049,4,9,Modoc County                  ,3,3,337405,0,0,0,0,0,0,0,0,0,3,3,337405,0,0,0,0,0,0,0,0,0
200702,06,051,4,9,Mono County                   ,14,14,4556252,1,2,595219,0,0,0,1,26,5496076,0,0,0,0,0,0,0,0,0,0,0,0
200702,06,059,4,9,Orange County                 ,345,345,107202761,6,12,2341964,2,6,1079232,20,498,87840594,322,322,97681411,0,0,0,2,6,1079232,19,493,87223087
200702,06,061,4,9,Placer County                 ,356,356,75921632,0,0,0,1,4,411630,1,5,408933,356,356,75921632,0,0,0,1,4,411630,1,5,408933
200702,06,063,4,9,Plumas County                 ,18,18,1724855,0,0,0,0,0,0,0,0,0,18,18,1724855,0,0,0,0,0,0,0,0,0
200702,06,065,4,9,Riverside County              ,1990,1990,463905719,9,18,1987370,1,3,298646,62,608,42683709,1879,1879,440817419,8,16,1827401,0,0,0,59,575,39362650
200702,06,067,4,9,Sacramento County             ,720,720,137776386,3,6,731238,8,30,3495082,20,225,25143113,718,718,137315213,3,6,731238,8,30,3495082,20,225,25143113
200702,06,069,4,9,San Benito County             ,5,5,2113324,0,0,0,0,0,0,1,5,322306,5,5,2113324,0,0,0,0,0,0,0,0,0
200702,06,071,4,9,San Bernardino County         ,1320,1320,269128678,17,34,2626015,53,205,19132048,10,58,6244092,1206,1206,248960900,13,26,1885494,52,202,18936725,10,58,6244092
200702,06,073,4,9,San Diego County              ,618,618,160414166,16,32,3750071,43,135,16135299,25,580,69286914,600,600,157885184,14,28,3155314,43,135,16135299,25,580,69286914
200702,06,075,4,9,San Francisco County          ,9,9,1679887,4,8,906421,2,6,634866,1,6,648453,9,9,1679887,4,8,906421,2,6,634866,1,6,648453
200702,06,077,4,9,San Joaquin County            ,411,411,98099844,0,0,0,1,3,437285,2,21,2675019,411,411,98099844,0,0,0,1,3,437285,2,21,2675019
200702,06,081,4,9,San Mateo County              ,54,54,19868197,0,0,0,1,3,750000,3,15,2201843,43,43,16249621,0,0,0,1,3,750000,0,0,0
200702,06,085,4,9,Santa Clara County            ,357,357,98853456,8,16,1986957,0,0,0,22,190,22921869,336,336,93767874,8,16,1986957,0,0,0,20,179,21454860
200702,06,091,4,9,Sierra County                 ,2,2,539830,0,0,0,0,0,0,0,0,0,2,2,539830,0,0,0,0,0,0,0,0,0
200702,06,113,4,9,Yolo County                   ,226,226,40551185,2,4,472236,2,8,998984,5,35,4724705,226,226,40551185,2,4,472236,2,8,998984,5,35,4724705
200702,08,001,4,8,Adams County                  ,243,243,31930761,1,2,122450,0,0,0,1,5,520071,190,190,23154408,1,2,122450,0,0,0,0,0,0
200702,08,005,4,8,Arapahoe County               ,265,265,70319285,0,0,0,10,37,5584499,21,577,48401677,264,264,69139069,0,0,0,10,37,5584499,21,577,48401677
200702,08,014,4,8,Broomfield County             ,96,96,24590560,0,0,0,0,0,0,0,0,0,96,96,24590560,0,0,0,0,0,0,0,0,0
200702,08,015,4,8,Chaffee County                ,30,30,5434719,0,0,0,0,0,0,0,0,0,30,30,5434719,0,0,0,0,0,0,0,0,0
200702,08,019,4,8,Clear Creek County            ,5,5,1970227,0,0,0,0,0,0,0,0,0,2,2,1354816,0,0,0,0,0,0,0,0,0
200702,08,023,4,8,Costilla County               ,2,2,326398,0,0,0,0,0,0,0,0,0,0,0,0,0,0,0,0,0,0,0,0,0
200702,08,031,4,8,Denver County                 ,201,201,41828305,8,16,1835194,0,0,0,8,510,55526502,201,201,41828305,8,16,1835194,0,0,0,8,510,55526502
200702,08,033,4,8,Dolores County                ,0,0,0,0,0,0,0,0,0,0,0,0,0,0,0,0,0,0,0,0,0,0,0,0
200702,08,035,4,8,Douglas County                ,290,290,69158689,0,0,0,4,12,1727100,0,0,0,290,290,69158689,0,0,0,4,12,1727100,0,0,0
200702,08,039,4,8,Elbert County                 ,19,19,5749493,0,0,0,0,0,0,0,0,0,19,19,5749493,0,0,0,0,0,0,0,0,0
200702,08,041,4,8,El Paso County                ,434,434,79999319,5,10,949400,3,12,1045308,0,0,0,434,434,79999319,5,10,949400,3,12,1045308,0,0,0
200702,08,047,4,8,Gilpin County                 ,24,24,3700964,0,0,0,0,0,0,0,0,0,18,18,2946982,0,0,0,0,0,0,0,0,0
200702,08,049,4,8,Grand County                  ,47,47,11564442,1,2,216781,1,3,256085,2,10,1104090,2,2,923993,0,0,0,0,0,0,0,0,0
200702,08,059,4,8,Jefferson County              ,95,95,24751244,1,2,449894,2,6,604280,5,97,9481502,94,94,24493943,1,2,449894,2,6,604280,5,97,9481502
200702,08,069,4,8,Larimer County                ,174,174,38886223,0,0,0,0,0,0,2,29,3116148,171,171,38094887,0,0,0,0,0,0,1,24,2593812
200702,08,077,4,8,Mesa County                   ,188,188,35693506,0,0,0,0,0,0,0,0,0,188,188,35693506,0,0,0,0,0,0,0,0,0
200702,08,093,4,8,Park County                   ,26,26,4343794,0,0,0,0,0,0,0,0,0,26,26,4343794,0,0,0,0,0,0,0,0,0
200702,08,101,4,8,Pueblo County                 ,147,147,24424137,5,10,1151702,0,0,0,0,0,0,147,147,24424137,5,10,1151702,0,0,0,0,0,0
200702,08,107,4,8,Routt County                  ,12,12,5265808,0,0,0,0,0,0,1,10,2440650,12,12,5265808,0,0,0,0,0,0,1,10,2440650
200702,08,119,4,8,Teller County                 ,16,16,4224742,0,0,0,0,0,0,0,0,0,7,7,2002877,0,0,0,0,0,0,0,0,0
200702,08,123,4,8,Weld County                   ,268,268,60544456,0,0,0,0,0,0,10,192,5556000,256,256,59269142,0,0,0,0,0,0,10,192,5556000
200702,10,001,3,5,Kent County                   ,221,221,30435764,0,0,0,0,0,0,0,0,0,151,151,20023341,0,0,0,0,0,0,0,0,0
200702,10,003,3,5,New Castle County             ,215,215,18988650,0,0,0,0,0,0,6,60,1934880,204,204,18235884,0,0,0,0,0,0,4,48,1742880
200702,10,005,3,5,Sussex County                 ,321,321,46786817,7,14,1819386,3,11,2594600,5,32,4200138,321,321,46786817,7,14,1819386,3,11,2594600,5,32,4200138
200702,11,001,3,5,Washington  DC                ,402,402,50792120,0,0,0,2,8,360000,2,357,35640000,402,402,50792120,0,0,0,2,8,360000,2,357,35640000
200702,12,003,3,5,Baker County                  ,33,33,4307338,0,0,0,0,0,0,0,0,0,33,33,4307338,0,0,0,0,0,0,0,0,0
200702,12,009,3,5,Brevard County                ,447,447,94656582,2,4,200000,2,7,1360800,1,6,1068750,444,444,93999053,2,4,200000,2,7,1360800,0,0,0
200702,12,011,3,5,Broward County                ,350,350,47755033,15,30,2714305,5,18,2380717,13,312,48176657,262,262,35999203,14,28,2569729,4,15,2162169,6,56,7111067
200702,12,013,3,5,Calhoun County                ,4,4,313000,0,0,0,0,0,0,0,0,0,4,4,313000,0,0,0,0,0,0,0,0,0
200702,12,015,3,5,Charlotte County              ,278,278,59374067,8,16,2363260,0,0,0,4,28,6097510,278,278,59374067,8,16,2363260,0,0,0,4,28,6097510
200702,12,019,3,5,Clay County                   ,176,176,22297519,0,0,0,0,0,0,0,0,0,176,176,22297519,0,0,0,0,0,0,0,0,0
200702,12,021,3,5,Collier County                ,264,264,75406531,1,2,400000,6,24,6818000,10,99,11486000,264,264,75406531,1,2,400000,6,24,6818000,10,99,11486000
200702,12,023,3,5,Columbia County               ,73,73,7077180,0,0,0,0,0,0,0,0,0,15,15,1395500,0,0,0,0,0,0,0,0,0
200702,12,031,3,5,Duval County                  ,575,575,98823731,19,38,2753379,2,7,1278000,43,1017,78074573,575,575,98823731,19,38,2753379,2,7,1278000,43,1017,78074573
200702,12,033,3,5,Escambia County               ,176,176,26804542,3,6,477557,0,0,0,29,226,20790891,176,176,26804542,3,6,477557,0,0,0,29,226,20790891
200702,12,041,3,5,Gilchrist County              ,10,10,1273614,0,0,0,0,0,0,0,0,0,0,0,0,0,0,0,0,0,0,0,0,0
200702,12,047,3,5,Hamilton County               ,7,7,580000,0,0,0,0,0,0,0,0,0,7,7,580000,0,0,0,0,0,0,0,0,0
200702,12,049,3,5,Hardee County                 ,13,13,908020,0,0,0,0,0,0,0,0,0,13,13,908020,0,0,0,0,0,0,0,0,0
200702,12,053,3,5,Hernando County               ,232,232,46652145,0,0,0,0,0,0,1,5,1193184,230,230,46194418,0,0,0,0,0,0,1,5,1193184
200702,12,055,3,5,Highlands County              ,532,532,96672131,0,0,0,0,0,0,7,210,14040600,532,532,96672131,0,0,0,0,0,0,7,210,14040600
200702,12,057,3,5,Hillsborough County           ,747,747,136996347,0,0,0,36,109,12052650,12,244,20745864,747,747,136996347,0,0,0,36,109,12052650,12,244,20745864
200702,12,061,3,5,Indian River County           ,255,255,60038015,4,8,837278,2,8,861627,1,5,1487050,98,98,26352405,4,8,837278,1,4,360000,0,0,0
200702,12,063,3,5,Jackson County                ,20,20,3091106,3,6,600000,0,0,0,0,0,0,20,20,3091106,3,6,600000,0,0,0,0,0,0
200702,12,065,3,5,Jefferson County              ,22,22,3084979,0,0,0,0,0,0,0,0,0,22,22,3084979,0,0,0,0,0,0,0,0,0
200702,12,067,3,5,Lafayette County              ,2,2,345778,0,0,0,0,0,0,0,0,0,0,0,0,0,0,0,0,0,0,0,0,0
200702,12,069,3,5,Lake County                   ,613,613,94950021,8,16,2068843,0,0,0,18,371,21042146,123,123,28598351,8,16,2068843,0,0,0,14,336,19224116
200702,12,071,3,5,Lee County                    ,1057,1057,224581024,6,12,842845,3,12,2049388,33,308,49689285,1057,1057,224581024,6,12,842845,3,12,2049388,33,308,49689285
200702,12,073,3,5,Leon County                   ,206,206,31601483,3,6,446400,8,32,2365654,6,142,9504137,72,72,13608281,0,0,0,0,0,0,0,0,0
200702,12,077,3,5,Liberty County                ,4,4,520000,0,0,0,0,0,0,0,0,0,4,4,520000,0,0,0,0,0,0,0,0,0
200702,12,081,3,5,Manatee County                ,232,232,47678014,4,8,660000,3,12,977940,8,94,27428665,227,227,46553626,3,6,300000,3,12,977940,7,88,26991660
200702,12,083,3,5,Marion County                 ,625,625,100913568,0,0,0,10,38,1831000,1,7,200000,625,625,100913568,0,0,0,10,38,1831000,1,7,200000
200702,12,085,3,5,Martin County                 ,73,73,27013249,0,0,0,0,0,0,0,0,0,71,71,20974969,0,0,0,0,0,0,0,0,0
200702,12,086,3,5,Miami-Dade County             ,669,669,104435437,23,46,5282481,1,3,291488,22,1000,39632163,338,338,54000754,14,28,2934290,0,0,0,5,160,20064350
200702,12,089,3,5,Nassau County                 ,114,114,20546642,0,0,0,0,0,0,0,0,0,111,111,20267041,0,0,0,0,0,0,0,0,0
200702,12,095,3,5,Orange County                 ,703,703,124377800,6,12,3846232,3,11,880707,23,334,32717531,696,696,121637702,6,12,3846232,3,11,880707,22,329,31116837
200702,12,097,3,5,Osceola County                ,512,512,109082434,0,0,0,0,0,0,11,339,67035844,512,512,109082434,0,0,0,0,0,0,11,339,67035844
200702,12,099,3,5,Palm Beach County             ,330,330,99183498,5,10,1641249,1,3,630906,7,99,12473096,258,258,75899059,4,8,1424769,0,0,0,2,64,6180106
200702,12,101,3,5,Pasco County                  ,312,312,57921863,18,36,3758671,11,33,4526940,20,336,26702406,311,311,57749609,18,36,3758671,11,33,4526940,20,336,26702406
200702,12,103,3,5,Pinellas County               ,137,137,42194769,1,2,745000,1,4,1057155,0,0,0,137,137,42194769,1,2,745000,1,4,1057155,0,0,0
200702,12,105,3,5,Polk County                   ,623,623,98090214,4,8,498949,0,0,0,0,0,0,586,586,92388200,4,8,498949,0,0,0,0,0,0
200702,12,109,3,5,St. Johns County              ,318,318,95416986,5,10,1000000,0,0,0,11,166,19304144,312,312,94378196,5,10,1000000,0,0,0,11,166,19304144
200702,12,111,3,5,St. Lucie County              ,282,282,56421048,0,0,0,0,0,0,8,148,9386747,282,282,56421048,0,0,0,0,0,0,8,148,9386747
200702,12,113,3,5,Santa Rosa County             ,107,107,16885080,1,2,153325,0,0,0,0,0,0,107,107,16885080,1,2,153325,0,0,0,0,0,0
200702,12,115,3,5,Sarasota County               ,230,230,56228611,6,12,3261246,1,4,691169,3,24,3022953,230,230,56228611,6,12,3261246,1,4,691169,3,24,3022953
200702,12,117,3,5,Seminole County               ,197,197,46134224,3,6,660000,0,0,0,0,0,0,188,188,44739182,3,6,660000,0,0,0,0,0,0
200702,12,119,3,5,Sumter County                 ,382,382,61510134,0,0,0,0,0,0,0,0,0,382,382,61510134,0,0,0,0,0,0,0,0,0
200702,12,123,3,5,Taylor County                 ,12,12,1366380,0,0,0,0,0,0,0,0,0,3,3,329500,0,0,0,0,0,0,0,0,0
200702,12,125,3,5,Union County                  ,11,11,1167040,0,0,0,0,0,0,0,0,0,11,11,1167040,0,0,0,0,0,0,0,0,0
200702,12,127,3,5,Volusia County                ,359,359,82107329,1,2,231997,0,0,0,9,81,13720296,204,204,56505521,1,2,231997,0,0,0,4,20,8486582
200702,12,129,3,5,Wakulla County                ,76,76,12258624,0,0,0,0,0,0,0,0,0,76,76,12258624,0,0,0,0,0,0,0,0,0
200702,12,131,3,5,Walton County                 ,126,126,52816651,0,0,0,0,0,0,0,0,0,126,126,52816651,0,0,0,0,0,0,0,0,0
200702,13,005,3,5,Bacon County                  ,2,2,275000,0,0,0,0,0,0,0,0,0,2,2,275000,0,0,0,0,0,0,0,0,0
200702,13,013,3,5,Barrow County                 ,193,193,16630314,0,0,0,0,0,0,0,0,0,163,163,13342498,0,0,0,0,0,0,0,0,0
200702,13,015,3,5,Bartow County                 ,108,108,17760485,0,0,0,3,12,824040,0,0,0,101,101,16736921,0,0,0,3,12,824040,0,0,0
200702,13,029,3,5,Bryan County                  ,53,53,9901104,0,0,0,0,0,0,2,13,1210000,13,13,2549484,0,0,0,0,0,0,2,13,1210000
200702,13,035,3,5,Butts County                  ,11,11,965461,0,0,0,0,0,0,0,0,0,0,0,0,0,0,0,0,0,0,0,0,0
200702,13,045,3,5,Carroll County                ,153,153,19210623,0,0,0,0,0,0,0,0,0,153,153,19210623,0,0,0,0,0,0,0,0,0
200702,13,057,3,5,Cherokee County               ,437,437,63575383,0,0,0,0,0,0,0,0,0,437,437,63575383,0,0,0,0,0,0,0,0,0
200702,13,059,3,5,Clarke County                 ,170,170,14606151,0,0,0,0,0,0,8,120,6181585,170,170,14606151,0,0,0,0,0,0,8,120,6181585
200702,13,063,3,5,Clayton County                ,248,248,37780512,0,0,0,0,0,0,0,0,0,245,245,37307637,0,0,0,0,0,0,0,0,0
200702,13,067,3,5,Cobb County                   ,422,422,90445338,5,10,1441634,12,48,6416922,18,111,22170074,409,409,89252778,5,10,1441634,12,48,6416922,18,111,22170074
200702,13,077,3,5,Coweta County                 ,170,170,36038053,0,0,0,0,0,0,0,0,0,164,164,34942759,0,0,0,0,0,0,0,0,0
200702,13,085,3,5,Dawson County                 ,61,61,15486749,0,0,0,0,0,0,0,0,0,61,61,15486749,0,0,0,0,0,0,0,0,0
200702,13,089,3,5,DeKalb County                 ,414,414,109187350,0,0,0,0,0,0,51,811,68983827,414,414,109187350,0,0,0,0,0,0,51,811,68983827
200702,13,097,3,5,Douglas County                ,204,204,18177040,0,0,0,0,0,0,0,0,0,204,204,18177040,0,0,0,0,0,0,0,0,0
200702,13,113,3,5,Fayette County                ,60,60,13929868,0,0,0,0,0,0,0,0,0,60,60,13929868,0,0,0,0,0,0,0,0,0
200702,13,117,3,5,Forsyth County                ,546,546,67007505,0,0,0,0,0,0,0,0,0,546,546,67007505,0,0,0,0,0,0,0,0,0
200702,13,121,3,5,Fulton County                 ,725,725,117287273,5,10,836951,3,12,964305,14,1344,119998769,675,675,113504811,5,10,836951,3,12,964305,14,1344,119998769
200702,13,127,3,5,Glynn County                  ,100,100,23036624,0,0,0,0,0,0,1,5,86500,48,48,11155985,0,0,0,0,0,0,0,0,0
200702,13,133,3,5,Greene County                 ,37,37,18671623,0,0,0,0,0,0,0,0,0,37,37,18671623,0,0,0,0,0,0,0,0,0
200702,13,135,3,5,Gwinnett County               ,942,942,144885616,2,4,341813,4,12,1091049,0,0,0,887,887,140301462,2,4,341813,4,12,1091049,0,0,0
200702,13,143,3,5,Haralson County               ,18,18,2465895,0,0,0,1,3,120000,0,0,0,14,14,2198673,0,0,0,0,0,0,0,0,0
200702,13,145,3,5,Harris County                 ,48,48,10515440,0,0,0,0,0,0,0,0,0,48,48,10515440,0,0,0,0,0,0,0,0,0
200702,13,149,3,5,Heard County                  ,7,7,1031696,0,0,0,0,0,0,0,0,0,3,3,494096,0,0,0,0,0,0,0,0,0
200702,13,151,3,5,Henry County                  ,365,365,66545734,0,0,0,0,0,0,2,10,437592,309,309,59985034,0,0,0,0,0,0,0,0,0
200702,13,159,3,5,Jasper County                 ,15,15,2846373,0,0,0,0,0,0,0,0,0,15,15,2846373,0,0,0,0,0,0,0,0,0
200702,13,169,3,5,Jones County                  ,59,59,9036071,0,0,0,0,0,0,0,0,0,59,59,9036071,0,0,0,0,0,0,0,0,0
200702,13,171,3,5,Lamar County                  ,15,15,1660293,0,0,0,0,0,0,0,0,0,12,12,1464245,0,0,0,0,0,0,0,0,0
200702,13,177,3,5,Lee County                    ,44,44,5028550,0,0,0,0,0,0,0,0,0,0,0,0,0,0,0,0,0,0,0,0,0
200702,13,189,3,5,McDuffie County               ,8,8,1590655,0,0,0,0,0,0,0,0,0,5,5,1119000,0,0,0,0,0,0,0,0,0
200702,13,199,3,5,Meriwether County             ,26,26,3847629,0,0,0,0,0,0,0,0,0,19,19,2842018,0,0,0,0,0,0,0,0,0
200702,13,211,3,5,Morgan County                 ,39,39,6769136,0,0,0,0,0,0,0,0,0,39,39,6769136,0,0,0,0,0,0,0,0,0
200702,13,215,3,5,Muscogee County               ,89,89,9462939,0,0,0,2,6,273964,5,48,3380206,0,0,0,0,0,0,0,0,0,0,0,0
200702,13,217,3,5,Newton County                 ,228,228,27846399,0,0,0,0,0,0,0,0,0,228,228,27846399,0,0,0,0,0,0,0,0,0
200702,13,223,3,5,Paulding County               ,369,369,57824851,0,0,0,0,0,0,0,0,0,331,331,51982919,0,0,0,0,0,0,0,0,0
200702,13,227,3,5,Pickens County                ,48,48,8818626,0,0,0,0,0,0,0,0,0,28,28,4758000,0,0,0,0,0,0,0,0,0
200702,13,231,3,5,Pike County                   ,33,33,4006828,0,0,0,0,0,0,0,0,0,5,5,415000,0,0,0,0,0,0,0,0,0
200702,13,237,3,5,Putnam County                 ,105,105,22491438,0,0,0,0,0,0,0,0,0,105,105,22491438,0,0,0,0,0,0,0,0,0
200702,13,239,3,5,Quitman County                ,0,0,0,0,0,0,0,0,0,0,0,0,0,0,0,0,0,0,0,0,0,0,0,0
200702,13,247,3,5,Rockdale County               ,129,129,32587659,0,0,0,0,0,0,0,0,0,129,129,32587659,0,0,0,0,0,0,0,0,0
200702,13,255,3,5,Spalding County               ,62,62,9195125,0,0,0,0,0,0,0,0,0,57,57,8637559,0,0,0,0,0,0,0,0,0
200702,13,291,3,5,Union County                  ,49,49,7789780,0,0,0,0,0,0,0,0,0,49,49,7789780,0,0,0,0,0,0,0,0,0
200702,13,297,3,5,Walton County                 ,171,171,23270573,0,0,0,1,3,0,0,0,0,171,171,23270573,0,0,0,0,0,0,0,0,0
200702,13,313,3,5,Whitfield County              ,57,57,5730411,2,4,198174,1,3,170982,2,14,715802,0,0,0,0,0,0,0,0,0,0,0,0
200702,13,321,3,5,Worth County                  ,10,10,1272800,0,0,0,0,0,0,0,0,0,10,10,1272800,0,0,0,0,0,0,0,0,0
200702,15,001,4,9,Hawaii County                 ,306,306,108075088,1,2,200000,2,8,2778928,6,55,10659152,178,178,78072852,1,2,200000,0,0,0,0,0,0
200702,15,003,4,9,Honolulu County               ,263,263,61961152,0,0,0,3,12,1210356,9,569,72289802,171,171,43079825,0,0,0,0,0,0,1,394,40000000
200702,15,007,4,9,Kauai County                  ,52,52,22250679,0,0,0,0,0,0,0,0,0,52,52,22250679,0,0,0,0,0,0,0,0,0
200702,15,009,4,9,Maui County                   ,168,168,33751858,1,2,235184,0,0,0,7,114,12320607,168,168,33751858,1,2,235184,0,0,0,7,114,12320607
200702,16,001,4,8,Ada County                    ,476,476,112061006,16,32,3147010,35,140,6364000,2,14,1890000,476,476,112061006,16,32,3147010,35,140,6364000,2,14,1890000
200702,16,015,4,8,Boise County                  ,1,1,229155,0,0,0,0,0,0,0,0,0,1,1,229155,0,0,0,0,0,0,0,0,0
200702,16,027,4,8,Canyon County                 ,274,274,45165787,3,6,573924,0,0,0,0,0,0,273,273,45061941,3,6,573924,0,0,0,0,0,0
200702,16,045,4,8,Gem County                    ,11,11,1412749,0,0,0,0,0,0,0,0,0,2,2,375662,0,0,0,0,0,0,0,0,0
200702,16,073,4,8,Owyhee County                 ,9,9,1548166,0,0,0,0,0,0,0,0,0,5,5,966430,0,0,0,0,0,0,0,0,0
200702,17,005,2,3,Bond County                   ,9,9,1271000,0,0,0,0,0,0,0,0,0,9,9,1271000,0,0,0,0,0,0,0,0,0
200702,17,013,2,3,Calhoun County                ,10,10,1105000,1,2,160000,0,0,0,0,0,0,10,10,1105000,1,2,160000,0,0,0,0,0,0
200702,17,027,2,3,Clinton County                ,24,24,4323363,0,0,0,0,0,0,0,0,0,22,22,4254410,0,0,0,0,0,0,0,0,0
200702,17,031,2,3,Cook County                   ,489,489,122479036,11,22,2250870,53,164,14598960,65,3977,337892945,441,441,111593011,11,22,2250870,53,164,14598960,59,3880,329527783
200702,17,037,2,3,DeKalb County                 ,92,92,14993328,0,0,0,0,0,0,1,5,203889,71,71,12223358,0,0,0,0,0,0,0,0,0
200702,17,039,2,3,De Witt County                ,3,3,222000,0,0,0,0,0,0,0,0,0,3,3,222000,0,0,0,0,0,0,0,0,0
200702,17,043,2,3,DuPage County                 ,192,192,56058400,0,0,0,0,0,0,3,36,3713631,149,149,47081600,0,0,0,0,0,0,0,0,0
200702,17,063,2,3,Grundy County                 ,18,18,2569781,0,0,0,0,0,0,2,11,564102,15,15,2088138,0,0,0,0,0,0,0,0,0
200702,17,083,2,3,Jersey County                 ,7,7,1166198,0,0,0,0,0,0,1,5,289248,5,5,919406,0,0,0,0,0,0,0,0,0
200702,17,089,2,3,Kane County                   ,305,305,68734011,1,2,315000,0,0,0,0,0,0,301,301,68014442,1,2,315000,0,0,0,0,0,0
200702,17,093,2,3,Kendall County                ,161,161,24718787,0,0,0,0,0,0,0,0,0,160,160,24618787,0,0,0,0,0,0,0,0,0
200702,17,097,2,3,Lake County                   ,184,184,53314797,0,0,0,0,0,0,4,61,11415395,160,160,47945055,0,0,0,0,0,0,1,45,9200000
200702,17,111,2,3,McHenry County                ,174,174,31615530,3,6,736498,2,8,625557,0,0,0,143,143,26360623,1,2,350000,2,8,625557,0,0,0
200702,17,117,2,3,Macoupin County               ,4,4,573068,0,0,0,0,0,0,0,0,0,3,3,447763,0,0,0,0,0,0,0,0,0
200702,17,119,2,3,Madison County                ,117,117,21131466,0,0,0,0,0,0,1,6,557000,85,85,15314330,0,0,0,0,0,0,1,6,557000
200702,17,133,2,3,Monroe County                 ,22,22,4166150,1,2,204625,1,3,276844,0,0,0,17,17,3357648,1,2,204625,0,0,0,0,0,0
200702,17,163,2,3,St. Clair County              ,165,165,23535653,5,10,703600,0,0,0,2,13,537500,115,115,15196730,3,6,435600,0,0,0,1,8,350000
200702,17,197,2,3,Will County                   ,438,438,101970081,0,0,0,0,0,0,1,5,317560,433,433,101455079,0,0,0,0,0,0,0,0,0
200702,18,001,2,3,Adams County                  ,3,3,386314,0,0,0,0,0,0,0,0,0,2,2,265000,0,0,0,0,0,0,0,0,0
200702,18,003,2,3,Allen County                  ,129,129,27053073,0,0,0,0,0,0,0,0,0,129,129,27053073,0,0,0,0,0,0,0,0,0
200702,18,011,2,3,Boone County                  ,57,57,12896547,1,2,400000,0,0,0,0,0,0,47,47,11077963,1,2,400000,0,0,0,0,0,0
200702,18,013,2,3,Brown County                  ,7,7,1212766,0,0,0,0,0,0,0,0,0,3,3,551644,0,0,0,0,0,0,0,0,0
200702,18,019,2,3,Clark County                  ,168,168,31344383,0,0,0,1,3,268668,3,77,4890311,168,168,31344383,0,0,0,1,3,268668,3,77,4890311
200702,18,029,2,3,Dearborn County               ,12,12,1597550,0,0,0,0,0,0,0,0,0,12,12,1597550,0,0,0,0,0,0,0,0,0
200702,18,043,2,3,Floyd County                  ,32,32,8192803,0,0,0,0,0,0,2,22,2250000,27,27,7474800,0,0,0,0,0,0,2,22,2250000
200702,18,047,2,3,Franklin County               ,5,5,954000,0,0,0,0,0,0,0,0,0,5,5,954000,0,0,0,0,0,0,0,0,0
200702,18,057,2,3,Hamilton County               ,378,378,78962359,0,0,0,0,0,0,6,96,5707206,377,377,78790896,0,0,0,0,0,0,6,96,5707206
200702,18,059,2,3,Hancock County                ,59,59,10847373,0,0,0,0,0,0,0,0,0,50,50,9599849,0,0,0,0,0,0,0,0,0
200702,18,061,2,3,Harrison County               ,25,25,4055000,0,0,0,0,0,0,0,0,0,25,25,4055000,0,0,0,0,0,0,0,0,0
200702,18,063,2,3,Hendricks County              ,130,130,21734758,0,0,0,0,0,0,0,0,0,125,125,20865895,0,0,0,0,0,0,0,0,0
200702,18,065,2,3,Henry County                  ,5,5,439500,0,0,0,0,0,0,0,0,0,5,5,439500,0,0,0,0,0,0,0,0,0
200702,18,069,2,3,Huntington County             ,9,9,1642000,0,0,0,0,0,0,0,0,0,9,9,1642000,0,0,0,0,0,0,0,0,0
200702,18,073,2,3,Jasper County                 ,19,19,3134932,0,0,0,0,0,0,0,0,0,19,19,3134932,0,0,0,0,0,0,0,0,0
200702,18,079,2,3,Jennings County               ,4,4,385900,0,0,0,0,0,0,0,0,0,4,4,385900,0,0,0,0,0,0,0,0,0
200702,18,081,2,3,Johnson County                ,102,102,16382239,0,0,0,0,0,0,0,0,0,102,102,16382239,0,0,0,0,0,0,0,0,0
200702,18,087,2,3,Lagrange County               ,13,13,1407441,0,0,0,0,0,0,0,0,0,0,0,0,0,0,0,0,0,0,0,0,0
200702,18,089,2,3,Lake County                   ,145,145,28827658,11,22,2280992,1,3,223136,0,0,0,143,143,28613650,11,22,2280992,0,0,0,0,0,0
200702,18,097,2,3,Marion County                 ,197,197,31731191,1,2,204625,3,11,894225,0,0,0,186,186,29816134,1,2,204625,3,11,894225,0,0,0
200702,18,109,2,3,Morgan County                 ,11,11,1965000,1,2,225000,0,0,0,0,0,0,11,11,1965000,1,2,225000,0,0,0,0,0,0
200702,18,111,2,3,Newton County                 ,2,2,338333,0,0,0,0,0,0,0,0,0,1,1,200000,0,0,0,0,0,0,0,0,0
200702,18,115,2,3,Ohio County                   ,1,1,150000,0,0,0,0,0,0,0,0,0,1,1,150000,0,0,0,0,0,0,0,0,0
200702,18,125,2,3,Pike County                   ,2,2,295000,0,0,0,0,0,0,0,0,0,2,2,295000,0,0,0,0,0,0,0,0,0
200702,18,127,2,3,Porter County                 ,88,88,20493592,4,8,1891203,1,3,236550,0,0,0,69,69,15894216,4,8,1891203,0,0,0,0,0,0
200702,18,133,2,3,Putnam County                 ,10,10,1730169,0,0,0,0,0,0,0,0,0,10,10,1730169,0,0,0,0,0,0,0,0,0
200702,18,145,2,3,Shelby County                 ,11,11,1741155,0,0,0,0,0,0,0,0,0,11,11,1741155,0,0,0,0,0,0,0,0,0
200702,18,155,2,3,Switzerland County            ,6,6,349596,0,0,0,0,0,0,0,0,0,0,0,0,0,0,0,0,0,0,0,0,0
200702,18,157,2,3,Tippecanoe County             ,83,83,14104515,1,2,250000,0,0,0,0,0,0,83,83,14104515,1,2,250000,0,0,0,0,0,0
200702,18,163,2,3,Vanderburgh County            ,37,37,4583197,1,2,95000,0,0,0,4,38,1113106,0,0,0,0,0,0,0,0,0,0,0,0
200702,18,167,2,3,Vigo County                   ,20,20,2727627,6,12,1190988,1,3,200500,3,29,1361387,14,14,2085591,6,12,1190988,1,3,200500,1,8,535320
200702,18,175,2,3,Washington County             ,6,6,821185,0,0,0,0,0,0,1,8,723437,3,3,452505,0,0,0,0,0,0,1,8,723437
200702,18,179,2,3,Wells County                  ,4,4,735526,0,0,0,0,0,0,0,0,0,4,4,735526,0,0,0,0,0,0,0,0,0
200702,18,181,2,3,White County                  ,4,4,613290,0,0,0,0,0,0,0,0,0,0,0,0,0,0,0,0,0,0,0,0,0
200702,18,183,2,3,Whitley County                ,7,7,1331000,0,0,0,0,0,0,0,0,0,7,7,1331000,0,0,0,0,0,0,0,0,0
200702,19,049,2,4,Dallas County                 ,38,38,7079984,0,0,0,0,0,0,0,0,0,36,36,6858442,0,0,0,0,0,0,0,0,0
200702,19,077,2,4,Guthrie County                ,4,4,516000,0,0,0,0,0,0,0,0,0,4,4,516000,0,0,0,0,0,0,0,0,0
200702,19,085,2,4,Harrison County               ,5,5,860525,0,0,0,0,0,0,0,0,0,4,4,735525,0,0,0,0,0,0,0,0,0
200702,19,121,2,4,Madison County                ,9,9,1599145,0,0,0,0,0,0,0,0,0,0,0,0,0,0,0,0,0,0,0,0,0
200702,19,129,2,4,Mills County                  ,1,1,140000,0,0,0,0,0,0,0,0,0,1,1,140000,0,0,0,0,0,0,0,0,0
200702,19,153,2,4,Polk County                   ,215,215,34809046,0,0,0,0,0,0,5,36,4468723,215,215,34809046,0,0,0,0,0,0,5,36,4468723
200702,19,155,2,4,Pottawattamie County          ,25,25,3218949,0,0,0,0,0,0,0,0,0,25,25,3218949,0,0,0,0,0,0,0,0,0
200702,19,181,2,4,Warren County                 ,38,38,5287613,0,0,0,0,0,0,0,0,0,38,38,5287613,0,0,0,0,0,0,0,0,0
200702,20,055,2,4,Finney County                 ,1,1,152615,0,0,0,0,0,0,0,0,0,0,0,0,0,0,0,0,0,0,0,0,0
200702,20,059,2,4,Franklin County               ,9,9,3101555,0,0,0,0,0,0,0,0,0,9,9,3101555,0,0,0,0,0,0,0,0,0
200702,20,063,2,4,Gove County                   ,0,0,0,0,0,0,0,0,0,0,0,0,0,0,0,0,0,0,0,0,0,0,0,0
200702,20,091,2,4,Johnson County                ,212,212,63276118,1,2,179550,3,9,904690,0,0,0,211,211,62785768,1,2,179550,3,9,904690,0,0,0
200702,20,103,2,4,Leavenworth County            ,54,54,7859015,0,0,0,0,0,0,0,0,0,46,46,6624276,0,0,0,0,0,0,0,0,0
200702,20,107,2,4,Linn County                   ,4,4,705199,0,0,0,0,0,0,0,0,0,1,1,183881,0,0,0,0,0,0,0,0,0
200702,20,121,2,4,Miami County                  ,20,20,3050587,0,0,0,0,0,0,0,0,0,13,13,1622249,0,0,0,0,0,0,0,0,0
200702,20,129,2,4,Morton County                 ,0,0,0,0,0,0,0,0,0,0,0,0,0,0,0,0,0,0,0,0,0,0,0,0
200702,20,151,2,4,Pratt County                  ,1,1,153000,0,0,0,0,0,0,0,0,0,1,1,153000,0,0,0,0,0,0,0,0,0
200702,20,183,2,4,Smith County                  ,0,0,0,0,0,0,0,0,0,0,0,0,0,0,0,0,0,0,0,0,0,0,0,0
200702,20,209,2,4,Wyandotte County              ,45,45,6213241,0,0,0,1,4,220000,0,0,0,45,45,6213241,0,0,0,1,4,220000,0,0,0
200702,21,005,3,6,Anderson County               ,28,28,3218090,0,0,0,0,0,0,0,0,0,28,28,3218090,0,0,0,0,0,0,0,0,0
200702,21,015,3,6,Boone County                  ,164,164,22154052,3,6,778136,0,0,0,0,0,0,164,164,22154052,3,6,778136,0,0,0,0,0,0
200702,21,021,3,6,Boyle County                  ,6,6,1074000,7,14,720000,0,0,0,0,0,0,6,6,1074000,7,14,720000,0,0,0,0,0,0
200702,21,029,3,6,Bullitt County                ,74,74,11486250,0,0,0,0,0,0,1,16,800000,74,74,11486250,0,0,0,0,0,0,1,16,800000
200702,21,037,3,6,Campbell County               ,83,83,13267778,0,0,0,1,3,559380,0,0,0,82,82,13150778,0,0,0,0,0,0,0,0,0
200702,21,049,3,6,Clark County                  ,28,28,4419562,0,0,0,0,0,0,0,0,0,0,0,0,0,0,0,0,0,0,0,0,0
200702,21,053,3,6,Clinton County                ,0,0,0,0,0,0,0,0,0,0,0,0,0,0,0,0,0,0,0,0,0,0,0,0
200702,21,059,3,6,Daviess County                ,33,33,2849696,0,0,0,0,0,0,0,0,0,33,33,2849696,0,0,0,0,0,0,0,0,0
200702,21,067,3,6,Fayette County                ,254,254,31872160,0,0,0,1,4,477011,2,35,1779656,0,0,0,0,0,0,0,0,0,0,0,0
200702,21,077,3,6,Gallatin County               ,2,2,151336,0,0,0,0,0,0,0,0,0,2,2,151336,0,0,0,0,0,0,0,0,0
200702,21,081,3,6,Grant County                  ,14,14,1890432,0,0,0,0,0,0,1,5,200000,7,7,960000,0,0,0,0,0,0,0,0,0
200702,21,103,3,6,Henry County                  ,4,4,693000,0,0,0,0,0,0,0,0,0,4,4,693000,0,0,0,0,0,0,0,0,0
200702,21,111,3,6,Jefferson County              ,236,236,37581698,0,0,0,7,28,1497720,2,14,1760000,236,236,37581698,0,0,0,7,28,1497720,2,14,1760000
200702,21,113,3,6,Jessamine County              ,36,36,9673800,0,0,0,0,0,0,0,0,0,36,36,9673800,0,0,0,0,0,0,0,0,0
200702,21,117,3,6,Kenton County                 ,95,95,12227288,0,0,0,0,0,0,3,16,500105,62,62,8576896,0,0,0,0,0,0,0,0,0
200702,21,137,3,6,Lincoln County                ,15,15,2384627,0,0,0,0,0,0,0,0,0,15,15,2384627,0,0,0,0,0,0,0,0,0
200702,21,151,3,6,Madison County                ,53,53,4690815,3,6,348516,1,4,180000,2,10,337918,18,18,1626650,2,4,220000,1,4,180000,0,0,0
200702,21,157,3,6,Marshall County               ,4,4,484836,0,0,0,0,0,0,0,0,0,0,0,0,0,0,0,0,0,0,0,0,0
200702,21,163,3,6,Meade County                  ,9,9,1156000,1,2,62500,0,0,0,0,0,0,7,7,906000,0,0,0,0,0,0,0,0,0
200702,21,167,3,6,Mercer County                 ,17,17,1444000,4,8,674000,0,0,0,0,0,0,17,17,1444000,4,8,674000,0,0,0,0,0,0
200702,21,179,3,6,Nelson County                 ,36,36,4136914,0,0,0,1,3,110000,0,0,0,36,36,4136914,0,0,0,1,3,110000,0,0,0
200702,21,185,3,6,Oldham County                 ,62,62,15639902,0,0,0,0,0,0,0,0,0,0,0,0,0,0,0,0,0,0,0,0,0
200702,21,191,3,6,Pendleton County              ,0,0,0,0,0,0,0,0,0,0,0,0,0,0,0,0,0,0,0,0,0,0,0,0
200702,21,205,3,6,Rowan County                  ,2,2,181754,0,0,0,0,0,0,0,0,0,0,0,0,0,0,0,0,0,0,0,0,0
200702,21,209,3,6,Scott County                  ,78,78,10158199,0,0,0,0,0,0,0,0,0,78,78,10158199,0,0,0,0,0,0,0,0,0
200702,21,211,3,6,Shelby County                 ,46,46,8955925,0,0,0,2,8,520000,0,0,0,46,46,8955925,0,0,0,2,8,520000,0,0,0
200702,21,213,3,6,Simpson County                ,10,10,1086880,0,0,0,0,0,0,0,0,0,5,5,520000,0,0,0,0,0,0,0,0,0
200702,21,215,3,6,Spencer County                ,27,27,4259569,0,0,0,0,0,0,0,0,0,27,27,4259569,0,0,0,0,0,0,0,0,0
200702,21,221,3,6,Trigg County                  ,2,2,270000,0,0,0,0,0,0,0,0,0,2,2,270000,0,0,0,0,0,0,0,0,0
200702,21,239,3,6,Woodford County               ,36,36,9100700,0,0,0,0,0,0,1,5,205000,36,36,9100700,0,0,0,0,0,0,1,5,205000
200702,22,051,3,7,Jefferson Parish              ,118,118,21205209,0,0,0,1,4,500000,0,0,0,117,117,21079188,0,0,0,1,4,500000,0,0,0
200702,22,071,3,7,Orleans Parish                ,130,130,20151321,24,48,3609435,0,0,0,0,0,0,130,130,20151321,24,48,3609435,0,0,0,0,0,0
200702,22,075,3,7,Plaquemines Parish            ,23,23,1888175,0,0,0,0,0,0,0,0,0,23,23,1888175,0,0,0,0,0,0,0,0,0
200702,22,087,3,7,St. Bernard Parish            ,36,36,3240207,1,2,50000,0,0,0,0,0,0,36,36,3240207,1,2,50000,0,0,0,0,0,0
200702,22,089,3,7,St. Charles Parish            ,16,16,2939000,0,0,0,0,0,0,0,0,0,16,16,2939000,0,0,0,0,0,0,0,0,0
200702,22,095,3,7,St. John the Baptist Parish   ,14,14,2056294,0,0,0,0,0,0,0,0,0,0,0,0,0,0,0,0,0,0,0,0,0
200702,22,103,3,7,St. Tammany Parish            ,336,336,68652210,0,0,0,0,0,0,26,288,30000000,336,336,68652210,0,0,0,0,0,0,26,288,30000000
200702,22,109,3,7,Terrebonne Parish             ,39,39,12006749,0,0,0,0,0,0,0,0,0,39,39,12006749,0,0,0,0,0,0,0,0,0
200702,23,000,1,1,Maine Unorganized Territory   ,16,16,2124803,0,0,0,0,0,0,0,0,0,0,0,0,0,0,0,0,0,0,0,0,0
200702,24,003,3,5,Anne Arundel County           ,190,190,30622600,0,0,0,0,0,0,5,31,4964753,180,180,28428598,0,0,0,0,0,0,1,5,412430
200702,24,005,3,5,Baltimore County              ,170,170,26846555,2,4,341813,0,0,0,1,27,2227122,170,170,26846555,2,4,341813,0,0,0,1,27,2227122
200702,24,009,3,5,Calvert County                ,51,51,8051847,0,0,0,0,0,0,0,0,0,51,51,8051847,0,0,0,0,0,0,0,0,0
200702,24,013,3,5,Carroll County                ,53,53,8990998,2,4,306650,3,9,683938,0,0,0,53,53,8990998,2,4,306650,3,9,683938,0,0,0
200702,24,015,3,5,Cecil County                  ,53,53,8570000,0,0,0,0,0,0,1,15,2250000,53,53,8570000,0,0,0,0,0,0,1,15,2250000
200702,24,017,3,5,Charles County                ,133,133,28473659,0,0,0,0,0,0,1,5,316667,119,119,26217729,0,0,0,0,0,0,0,0,0
200702,24,021,3,5,Frederick County              ,78,78,13534822,0,0,0,0,0,0,1,53,5241223,78,78,13534822,0,0,0,0,0,0,1,53,5241223
200702,24,023,3,5,Garrett County                ,15,15,4383000,0,0,0,0,0,0,0,0,0,15,15,4383000,0,0,0,0,0,0,0,0,0
200702,24,025,3,5,Harford County                ,171,171,28375454,2,4,341813,3,12,1091049,6,68,12173976,171,171,28375454,2,4,341813,3,12,1091049,6,68,12173976
200702,24,027,3,5,Howard County                 ,145,145,22945403,0,0,0,0,0,0,1,16,1319776,145,145,22945403,0,0,0,0,0,0,1,16,1319776
200702,24,031,3,5,Montgomery County             ,297,297,72294524,5,10,1520000,0,0,0,2,101,11000000,297,297,72294524,5,10,1520000,0,0,0,2,101,11000000
200702,24,033,3,5,Prince George County          ,285,285,46905292,0,0,0,0,0,0,2,252,24920532,285,285,46905292,0,0,0,0,0,0,2,252,24920532
200702,24,035,3,5,Queen Anne County             ,28,28,5401824,0,0,0,0,0,0,0,0,0,20,20,4578900,0,0,0,0,0,0,0,0,0
200702,24,510,3,5,Baltimore (Independent City)  ,68,68,7965114,0,0,0,0,0,0,3,78,10269670,0,0,0,0,0,0,0,0,0,0,0,0
200702,25,009,1,1,Essex County                  ,72,72,18418136,6,12,1410398,2,7,858200,7,62,7639612,42,42,11789852,5,10,1220700,2,7,858200,2,21,4003000
200702,25,017,1,1,Middlesex County              ,150,150,32814910,8,16,2173788,4,13,723571,18,1047,192662580,94,94,23030785,5,10,1599420,3,10,520000,13,997,188141398
200702,25,019,1,1,Nantucket County              ,44,44,18184650,0,0,0,0,0,0,0,0,0,44,44,18184650,0,0,0,0,0,0,0,0,0
200702,25,021,1,1,Norfolk County                ,60,60,20520205,4,8,1001954,0,0,0,12,207,18682251,33,33,13233500,1,2,250000,0,0,0,2,44,2684870
200702,25,023,1,1,Plymouth County               ,128,128,26000146,2,4,513106,2,6,718694,6,66,6654730,43,43,10892540,0,0,0,0,0,73200,5,60,6425000
200702,25,025,1,1,Suffolk County                ,9,9,1750039,6,12,1182663,2,6,457082,2,13,961827,8,8,1472610,6,12,1182663,2,6,457082,2,13,961827
200702,26,000,2,3,Michigan Balance of State     ,14,14,1360707,0,0,0,0,0,0,0,0,0,14,14,1360707,0,0,0,0,0,0,0,0,0
200702,26,001,2,3,Alcona County                 ,3,3,560000,0,0,0,0,0,0,0,0,0,3,3,560000,0,0,0,0,0,0,0,0,0
200702,26,009,2,3,Antrim County                 ,9,9,2105349,0,0,0,0,0,0,0,0,0,9,9,2105349,0,0,0,0,0,0,0,0,0
200702,26,015,2,3,Barry County                  ,14,14,1618000,0,0,0,0,0,0,0,0,0,14,14,1618000,0,0,0,0,0,0,0,0,0
200702,26,019,2,3,Benzie County                 ,7,7,1001000,0,0,0,0,0,0,0,0,0,7,7,1001000,0,0,0,0,0,0,0,0,0
200702,26,029,2,3,Charlevoix County             ,13,13,1677111,0,0,0,0,0,0,0,0,0,0,0,0,0,0,0,0,0,0,0,0,0
200702,26,031,2,3,Cheboygan County              ,5,5,1059000,0,0,0,0,0,0,0,0,0,5,5,1059000,0,0,0,0,0,0,0,0,0
200702,26,047,2,3,Emmet County                  ,9,9,1205882,0,0,0,0,0,0,0,0,0,9,9,1205882,0,0,0,0,0,0,0,0,0
200702,26,051,2,3,Gladwin County                ,6,6,893825,0,0,0,0,0,0,0,0,0,6,6,893825,0,0,0,0,0,0,0,0,0
200702,26,067,2,3,Ionia County                  ,21,21,721144,0,0,0,0,0,0,0,0,0,3,3,206000,0,0,0,0,0,0,0,0,0
200702,26,079,2,3,Kalkaska County               ,7,7,894642,0,0,0,0,0,0,0,0,0,5,5,632000,0,0,0,0,0,0,0,0,0
200702,26,081,2,3,Kent County                   ,169,169,31355774,0,0,0,1,3,255000,2,23,2497179,142,142,28561442,0,0,0,0,0,0,0,0,0
200702,26,087,2,3,Lapeer County                 ,7,7,1268000,0,0,0,0,0,0,0,0,0,7,7,1268000,0,0,0,0,0,0,0,0,0
200702,26,089,2,3,Leelanau County               ,4,4,672332,0,0,0,0,0,0,0,0,0,4,4,672332,0,0,0,0,0,0,0,0,0
200702,26,093,2,3,Livingston County             ,44,44,7815270,0,0,0,1,3,124280,0,0,0,39,39,7313527,0,0,0,1,3,124280,0,0,0
200702,26,099,2,3,Macomb County                 ,211,211,35513459,1,2,145000,1,3,232727,0,0,0,209,209,35337202,0,0,0,0,0,0,0,0,0
200702,26,103,2,3,Marquette County              ,4,4,839000,0,0,0,0,0,0,0,0,0,4,4,839000,0,0,0,0,0,0,0,0,0
200702,26,113,2,3,Missaukee County              ,2,2,297942,0,0,0,0,0,0,0,0,0,2,2,297942,0,0,0,0,0,0,0,0,0
200702,26,123,2,3,Newaygo County                ,9,9,1063098,0,0,0,0,0,0,0,0,0,6,6,828000,0,0,0,0,0,0,0,0,0
200702,26,125,2,3,Oakland County                ,186,186,46072746,1,2,217594,0,0,0,1,7,493509,148,148,38183378,1,2,217594,0,0,0,0,0,0
200702,26,129,2,3,Ogemaw County                 ,2,2,160000,0,0,0,0,0,0,0,0,0,2,2,160000,0,0,0,0,0,0,0,0,0
200702,26,133,2,3,Osceola County                ,3,3,183000,0,0,0,0,0,0,0,0,0,3,3,183000,0,0,0,0,0,0,0,0,0
200702,26,137,2,3,Otsego County                 ,4,4,592062,0,0,0,0,0,0,0,0,0,0,0,0,0,0,0,0,0,0,0,0,0
200702,26,141,2,3,Presque Isle County           ,1,1,163000,0,0,0,0,0,0,0,0,0,1,1,163000,0,0,0,0,0,0,0,0,0
200702,26,147,2,3,St. Clair County              ,22,22,2837371,0,0,0,0,0,0,0,0,0,14,14,1994223,0,0,0,0,0,0,0,0,0
200702,26,163,2,3,Wayne County                  ,139,139,30350881,0,0,0,0,0,0,3,30,3336950,136,136,29868630,0,0,0,0,0,0,3,30,3336950
200702,27,003,2,4,Anoka County                  ,91,91,19108820,0,0,0,0,0,0,0,0,0,87,87,18393375,0,0,0,0,0,0,0,0,0
200702,27,019,2,4,Carver County                 ,78,78,20664362,0,0,0,0,0,0,0,0,0,71,71,18787421,0,0,0,0,0,0,0,0,0
200702,27,025,2,4,Chisago County                ,10,10,1766794,0,0,0,0,0,0,0,0,0,10,10,1766794,0,0,0,0,0,0,0,0,0
200702,27,037,2,4,Dakota County                 ,93,93,23186967,0,0,0,1,4,591000,1,6,945389,92,92,22917410,0,0,0,1,4,591000,1,6,945389
200702,27,053,2,4,Hennepin County               ,156,156,64970083,1,2,300000,0,0,0,5,203,25150950,149,149,62867625,1,2,300000,0,0,0,2,185,23083104
200702,27,059,2,4,Isanti County                 ,19,19,3014031,0,0,0,0,0,0,0,0,0,15,15,2398879,0,0,0,0,0,0,0,0,0
200702,27,123,2,4,Ramsey County                 ,28,28,6900119,0,0,0,0,0,0,0,0,0,27,27,6640008,0,0,0,0,0,0,0,0,0
200702,27,139,2,4,Scott County                  ,86,86,20607171,0,0,0,0,0,0,0,0,0,86,86,20607171,0,0,0,0,0,0,0,0,0
200702,27,141,2,4,Sherburne County              ,29,29,5182362,0,0,0,0,0,0,0,0,0,29,29,5182362,0,0,0,0,0,0,0,0,0
200702,27,163,2,4,Washington County             ,157,157,44196483,0,0,0,0,0,0,0,0,0,136,136,40925380,0,0,0,0,0,0,0,0,0
200702,27,171,2,4,Wright County                 ,72,72,13821862,0,0,0,0,0,0,0,0,0,72,72,13821862,0,0,0,0,0,0,0,0,0
200702,28,021,3,6,Claiborne County              ,0,0,0,0,0,0,0,0,0,0,0,0,0,0,0,0,0,0,0,0,0,0,0,0
200702,28,033,3,6,DeSoto County                 ,303,303,39049072,0,0,0,0,0,0,0,0,0,265,265,33533077,0,0,0,0,0,0,0,0,0
200702,28,039,3,6,George County                 ,2,2,201103,0,0,0,0,0,0,0,0,0,2,2,201103,0,0,0,0,0,0,0,0,0
200702,28,071,3,6,Lafayette County              ,44,44,6362780,0,0,0,0,0,0,0,0,0,44,44,6362780,0,0,0,0,0,0,0,0,0
200702,28,091,3,6,Marion County                 ,2,2,250000,0,0,0,0,0,0,0,0,0,2,2,250000,0,0,0,0,0,0,0,0,0
200702,28,093,3,6,Marshall County               ,54,54,9175923,0,0,0,0,0,0,0,0,0,53,53,9129000,0,0,0,0,0,0,0,0,0
200702,28,137,3,6,Tate County                   ,25,25,2323354,0,0,0,0,0,0,0,0,0,5,5,530000,0,0,0,0,0,0,0,0,0
200702,28,143,3,6,Tunica County                 ,2,2,120000,0,0,0,0,0,0,0,0,0,2,2,120000,0,0,0,0,0,0,0,0,0
200702,28,153,3,6,Wayne County                  ,0,0,0,0,0,0,0,0,0,0,0,0,0,0,0,0,0,0,0,0,0,0,0,0
200702,29,001,2,4,Adair County                  ,0,0,0,0,0,0,0,0,0,0,0,0,0,0,0,0,0,0,0,0,0,0,0,0
200702,29,013,2,4,Bates County                  ,1,1,90000,0,0,0,1,4,150000,0,0,0,1,1,90000,0,0,0,1,4,150000,0,0,0
200702,29,019,2,4,Boone County                  ,78,78,14086400,23,46,2390000,1,4,350000,6,60,5940000,78,78,14086400,23,46,2390000,1,4,350000,6,60,5940000
200702,29,025,2,4,Caldwell County               ,3,3,521318,0,0,0,0,0,0,0,0,0,0,0,0,0,0,0,0,0,0,0,0,0
200702,29,037,2,4,Cass County                   ,61,61,9961998,1,2,219750,1,3,144296,0,0,0,42,42,6849427,0,0,0,0,0,0,0,0,0
200702,29,047,2,4,Clay County                   ,31,31,5189684,0,0,0,0,0,0,0,0,0,31,31,5189684,0,0,0,0,0,0,0,0,0
200702,29,049,2,4,Clinton County                ,16,16,2062242,0,0,0,0,0,0,0,0,0,16,16,2062242,0,0,0,0,0,0,0,0,0
200702,29,065,2,4,Dent County                   ,5,5,574000,0,0,0,0,0,0,0,0,0,5,5,574000,0,0,0,0,0,0,0,0,0
200702,29,071,2,4,Franklin County               ,44,44,8718644,7,14,1477536,0,0,0,1,9,506250,25,25,4955685,7,14,1477536,0,0,0,0,0,0
200702,29,079,2,4,Grundy County                 ,1,1,79580,0,0,0,0,0,0,0,0,0,0,0,0,0,0,0,0,0,0,0,0,0
200702,29,095,2,4,Jackson County                ,256,256,44868652,22,44,2524119,4,16,1105891,2,12,802980,253,253,44488234,22,44,2524119,4,16,1105891,2,12,802980
200702,29,099,2,4,Jefferson County              ,130,130,17939861,0,0,0,0,0,0,0,0,0,130,130,17939861,0,0,0,0,0,0,0,0,0
200702,29,105,2,4,Laclede County                ,4,4,399112,2,4,226892,0,0,0,0,0,0,0,0,0,0,0,0,0,0,0,0,0,0
200702,29,107,2,4,Lafayette County              ,9,9,1564518,0,0,0,0,0,0,0,0,0,3,3,521882,0,0,0,0,0,0,0,0,0
200702,29,113,2,4,Lincoln County                ,22,22,2722313,0,0,0,0,0,0,0,0,0,22,22,2722313,0,0,0,0,0,0,0,0,0
200702,29,141,2,4,Morgan County                 ,0,0,0,0,0,0,0,0,0,0,0,0,0,0,0,0,0,0,0,0,0,0,0,0
200702,29,161,2,4,Phelps County                 ,5,5,753782,9,18,1539320,1,3,232278,1,5,201500,2,2,267310,9,18,1539320,0,0,0,0,0,0
200702,29,165,2,4,Platte County                 ,20,20,4714782,0,0,0,0,0,0,0,0,0,19,19,4534353,0,0,0,0,0,0,0,0,0
200702,29,177,2,4,Ray County                    ,5,5,742253,0,0,0,0,0,0,0,0,0,4,4,546000,0,0,0,0,0,0,0,0,0
200702,29,183,2,4,St. Charles County            ,391,391,73713097,3,6,725441,6,21,1325800,3,36,3886068,391,391,73713097,3,6,725441,6,21,1325800,3,36,3886068
200702,29,189,2,4,St. Louis County              ,224,224,65998071,0,0,0,0,0,0,2,40,2436198,212,212,64252729,0,0,0,0,0,0,2,40,2436198
200702,29,219,2,4,Warren County                 ,48,48,7707387,1,2,230140,1,4,384869,0,0,0,46,46,7282367,1,2,230140,1,4,384869,0,0,0
200702,29,221,2,4,Washington County             ,0,0,0,0,0,0,0,0,0,0,0,0,0,0,0,0,0,0,0,0,0,0,0,0
200702,29,510,2,4,St. Louis (Independent City)  ,53,53,6093177,0,0,0,19,65,6474963,10,86,9137794,41,41,4566007,0,0,0,18,61,6051235,9,54,3911550
200702,30,023,4,8,Deer Lodge County             ,1,1,50000,0,0,0,0,0,0,0,0,0,1,1,50000,0,0,0,0,0,0,0,0,0
200702,30,063,4,8,Missoula County               ,56,56,7940104,1,2,107981,3,12,657358,3,48,2654744,56,56,7940104,1,2,107981,3,12,657358,3,48,2654744
200702,31,025,2,4,Cass County                   ,9,9,1068675,0,0,0,0,0,0,0,0,0,9,9,1068675,0,0,0,0,0,0,0,0,0
200702,31,033,2,4,Cheyenne County               ,2,2,254500,3,6,537969,0,0,0,0,0,0,2,2,254500,3,6,537969,0,0,0,0,0,0
200702,31,055,2,4,Douglas County                ,211,211,24336654,0,0,0,0,0,0,0,0,0,207,207,23845498,0,0,0,0,0,0,0,0,0
200702,31,077,2,4,Greeley County                ,0,0,0,0,0,0,0,0,0,0,0,0,0,0,0,0,0,0,0,0,0,0,0,0
200702,31,105,2,4,Kimball County                ,0,0,0,0,0,0,0,0,0,0,0,0,0,0,0,0,0,0,0,0,0,0,0,0
200702,31,153,2,4,Sarpy County                  ,135,135,23988139,0,0,0,2,8,728584,0,0,0,135,135,23988139,0,0,0,2,8,728584,0,0,0
200702,31,155,2,4,Saunders County               ,11,11,1862505,0,0,0,0,0,0,1,8,543475,11,11,1862505,0,0,0,0,0,0,1,8,543475
200702,31,177,2,4,Washington County             ,5,5,695428,0,0,0,0,0,0,0,0,0,5,5,695428,0,0,0,0,0,0,0,0,0
200702,32,001,4,8,Churchill County              ,23,23,3482719,0,0,0,0,0,0,0,0,0,23,23,3482719,0,0,0,0,0,0,0,0,0
200702,32,003,4,8,Clark County                  ,2376,2376,320007700,1,2,352169,24,85,6590594,12,465,79934845,2376,2376,320007700,1,2,352169,24,85,6590594,12,465,79934845
200702,32,005,4,8,Douglas County                ,23,23,6404780,0,0,0,0,0,0,0,0,0,23,23,6404780,0,0,0,0,0,0,0,0,0
200702,32,007,4,8,Elko County                   ,19,19,1901463,2,4,228180,0,0,0,0,0,0,12,12,1416050,2,4,228180,0,0,0,0,0,0
200702,32,013,4,8,Humboldt County               ,12,12,1454275,0,0,0,0,0,0,0,0,0,12,12,1454275,0,0,0,0,0,0,0,0,0
200702,32,015,4,8,Lander County                 ,0,0,0,0,0,0,0,0,0,0,0,0,0,0,0,0,0,0,0,0,0,0,0,0
200702,32,017,4,8,Lincoln County                ,2,2,950000,0,0,0,0,0,0,0,0,0,2,2,950000,0,0,0,0,0,0,0,0,0
200702,32,019,4,8,Lyon County                   ,75,75,12773496,0,0,0,0,0,0,0,0,0,48,48,8283677,0,0,0,0,0,0,0,0,0
200702,32,021,4,8,Mineral County                ,1,1,91300,0,0,0,0,0,0,0,0,0,0,0,0,0,0,0,0,0,0,0,0,0
200702,32,027,4,8,Pershing County               ,0,0,0,0,0,0,0,0,0,0,0,0,0,0,0,0,0,0,0,0,0,0,0,0
200702,32,029,4,8,Storey County                 ,7,7,1130993,0,0,0,0,0,0,0,0,0,7,7,1130993,0,0,0,0,0,0,0,0,0
200702,32,031,4,8,Washoe County                 ,261,261,51027962,4,8,537344,5,16,2196978,1,39,4378700,261,261,51027962,4,8,537344,5,16,2196978,1,39,4378700
200702,32,033,4,8,White Pine County             ,0,0,0,0,0,0,0,0,0,0,0,0,0,0,0,0,0,0,0,0,0,0,0,0
200702,32,510,4,8,Carson City (Independent City),8,8,1724998,0,0,0,0,0,0,0,0,0,8,8,1724998,0,0,0,0,0,0,0,0,0
200702,33,015,1,1,Rockingham County             ,85,85,18305814,0,0,0,0,0,0,2,10,815797,56,56,12365349,0,0,0,0,0,0,0,0,0
200702,33,017,1,1,Strafford County              ,49,49,9121701,2,4,489000,0,0,0,0,0,0,23,23,4808585,2,4,489000,0,0,0,0,0,0
200702,34,001,1,2,Atlantic County               ,228,228,33477169,16,32,4132242,0,0,0,0,0,0,216,216,31919857,16,32,4132242,0,0,0,0,0,0
200702,34,003,1,2,Bergen County                 ,96,96,32922552,10,20,2041732,1,3,347571,13,256,20513510,59,59,22374053,7,14,1310300,0,0,0,9,199,15590000
200702,34,005,1,2,Burlington County             ,142,142,21665802,4,8,655454,0,0,0,6,65,3075850,111,111,15777313,2,4,44068,0,0,0,5,60,2825000
200702,34,007,1,2,Camden County                 ,115,115,10593521,0,0,0,1,3,171403,3,16,848962,99,99,9181428,0,0,0,0,0,0,0,0,0
200702,34,009,1,2,Cape May County               ,85,85,27255752,13,26,3572640,2,7,660000,3,88,8420000,80,80,26574611,13,26,3572640,2,7,660000,3,88,8420000
200702,34,011,1,2,Cumberland County             ,77,77,9560934,1,2,261143,0,0,0,0,0,0,57,57,7697896,0,0,0,0,0,0,0,0,0
200702,34,013,1,2,Essex County                  ,33,33,9446155,50,100,10770138,41,125,10658316,9,109,5092508,27,27,8269550,49,98,10627975,40,122,10515697,5,88,3306780
200702,34,015,1,2,Gloucester County             ,143,143,23377328,0,0,0,0,0,0,0,0,0,115,115,20847612,0,0,0,0,0,0,0,0,0
200702,34,017,1,2,Hudson County                 ,47,47,6383455,28,56,5088426,5,17,1361079,11,487,22469284,34,34,5097350,10,20,1777680,4,13,1153200,7,336,4546235
200702,34,019,1,2,Hunterdon County              ,26,26,7148709,0,0,0,0,0,0,2,12,617000,19,19,5905019,0,0,0,0,0,0,0,0,0
200702,34,021,1,2,Mercer County                 ,77,77,10371985,1,2,115200,0,0,0,0,0,0,58,58,8929211,1,2,115200,0,0,0,0,0,0
200702,34,023,1,2,Middlesex County              ,133,133,18804135,0,0,0,0,0,0,8,92,8987263,120,120,17322412,0,0,0,0,0,0,5,66,5215332
200702,34,025,1,2,Monmouth County               ,161,161,35783694,2,4,40100,3,9,780797,7,45,803596,116,116,28478510,2,4,40100,2,6,774191,4,20,147335
200702,34,027,1,2,Morris County                 ,83,83,22562787,0,0,0,0,0,0,12,90,5788470,58,58,16886835,0,0,0,0,0,0,6,44,3439778
200702,34,029,1,2,Ocean County                  ,229,229,42276568,2,4,206500,1,3,345000,2,10,630715,221,221,41190899,1,2,165500,1,3,345000,1,5,345000
200702,34,031,1,2,Passaic County                ,33,33,6544844,2,4,390398,1,4,193700,2,48,1938400,28,28,5307118,1,2,265000,1,4,193700,2,48,1938400
200702,34,033,1,2,Salem County                  ,37,37,6113138,0,0,0,0,0,0,1,5,242424,33,33,5672717,0,0,0,0,0,0,0,0,0
200702,34,035,1,2,Somerset County               ,53,53,9344346,0,0,0,1,3,298118,4,43,3797652,46,46,7654402,0,0,0,0,0,0,0,0,0
200702,34,037,1,2,Sussex County                 ,49,49,10812383,0,0,0,0,0,0,1,10,1000000,32,32,7912540,0,0,0,0,0,0,1,10,1000000
200702,34,039,1,2,Union County                  ,69,69,13125348,17,34,2548503,0,0,0,5,27,1696559,46,46,10272422,7,14,1092200,0,0,0,1,6,427001
200702,34,041,1,2,Warren County                 ,28,28,4681363,0,0,0,0,0,0,1,5,389196,11,11,1613450,0,0,0,0,0,0,0,0,0
200702,35,000,4,8,New Mexico Balance of State   ,178,178,45576581,0,0,0,0,0,0,0,0,0,178,178,45576581,0,0,0,0,0,0,0,0,0
200702,35,001,4,8,Bernalillo County             ,448,448,74515201,1,2,198200,1,3,152958,4,53,6034804,237,237,45336548,1,2,198200,0,0,0,3,26,4664785
200702,35,005,4,8,Chaves County                 ,6,6,1094096,0,0,0,0,0,0,0,0,0,0,0,0,0,0,0,0,0,0,0,0,0
200702,35,007,4,8,Colfax County                 ,7,7,2233379,0,0,0,0,0,0,0,0,0,0,0,0,0,0,0,0,0,0,0,0,0
200702,35,009,4,8,Curry County                  ,32,32,6693285,0,0,0,0,0,0,0,0,0,32,32,6693285,0,0,0,0,0,0,0,0,0
200702,35,013,4,8,Dona Ana County               ,286,286,45356953,3,6,505080,0,0,0,0,0,0,286,286,45356953,3,6,505080,0,0,0,0,0,0
200702,35,015,4,8,Eddy County                   ,12,12,1965811,0,0,0,0,0,0,0,0,0,6,6,959499,0,0,0,0,0,0,0,0,0
200702,35,025,4,8,Lea County                    ,14,14,2860463,1,2,198000,0,0,0,0,0,0,14,14,2860463,1,2,198000,0,0,0,0,0,0
200702,35,027,4,8,Lincoln County                ,23,23,3945783,0,0,0,1,3,131650,0,0,0,0,0,0,0,0,0,0,0,0,0,0,0
200702,35,028,4,8,Los Alamos County             ,5,5,1832480,0,0,0,0,0,0,0,0,0,5,5,1832480,0,0,0,0,0,0,0,0,0
200702,35,029,4,8,Luna County                   ,16,16,2872516,0,0,0,0,0,0,0,0,0,12,12,2404387,0,0,0,0,0,0,0,0,0
200702,35,031,4,8,McKinley County               ,8,8,647000,0,0,0,0,0,0,0,0,0,8,8,647000,0,0,0,0,0,0,0,0,0
200702,35,035,4,8,Otero County                  ,24,24,5382018,0,0,0,0,0,0,0,0,0,13,13,3325160,0,0,0,0,0,0,0,0,0
200702,35,039,4,8,Rio Arriba County             ,4,4,843236,0,0,0,0,0,0,0,0,0,4,4,843236,0,0,0,0,0,0,0,0,0
200702,35,041,4,8,Roosevelt County              ,8,8,658000,2,4,149000,0,0,0,0,0,0,8,8,658000,2,4,149000,0,0,0,0,0,0
200702,35,043,4,8,Sandoval County               ,158,158,25587348,0,0,0,1,3,87264,0,0,0,105,105,20544339,0,0,0,0,0,0,0,0,0
200702,35,045,4,8,San Juan County               ,63,63,9975151,0,0,0,0,0,0,0,0,0,63,63,9975151,0,0,0,0,0,0,0,0,0
200702,35,049,4,8,Santa Fe County               ,50,50,6642924,0,0,0,0,0,0,0,0,0,0,0,0,0,0,0,0,0,0,0,0,0
200702,35,051,4,8,Sierra County                 ,0,0,0,0,0,0,0,0,0,0,0,0,0,0,0,0,0,0,0,0,0,0,0,0
200702,35,053,4,8,Socorro County                ,3,3,626000,0,0,0,0,0,0,0,0,0,3,3,626000,0,0,0,0,0,0,0,0,0
200702,35,055,4,8,Taos County                   ,25,25,3102153,0,0,0,0,0,0,0,0,0,0,0,0,0,0,0,0,0,0,0,0,0
200702,35,061,4,8,Valencia County               ,38,38,4741202,0,0,0,0,0,0,0,0,0,0,0,0,0,0,0,0,0,0,0,0,0
200702,36,005,1,2,Bronx County                  ,9,9,1754139,46,92,9556795,51,153,14343847,13,518,40495568,9,9,1754139,46,92,9556795,51,153,14343847,13,518,40495568
200702,36,047,1,2,Kings County                  ,0,0,0,26,52,5249480,98,299,24745798,32,535,37730174,0,0,0,26,52,5249480,98,299,24745798,32,535,37730174
200702,36,059,1,2,Nassau County                 ,147,147,34963762,3,6,525083,0,0,0,1,16,1354560,114,114,27189120,2,4,370600,0,0,0,1,16,1354560
200702,36,061,1,2,New York County               ,0,0,0,0,0,0,1,4,375003,21,1216,92284938,0,0,0,0,0,0,1,4,375003,21,1216,92284938
200702,36,079,1,2,Putnam County                 ,10,10,2766632,0,0,0,0,0,0,0,0,0,4,4,1299000,0,0,0,0,0,0,0,0,0
200702,36,081,1,2,Queens County                 ,27,27,4903812,109,218,21846469,83,249,20602945,16,965,69639430,27,27,4903812,109,218,21846469,83,249,20602945,16,965,69639430
200702,36,085,1,2,Richmond County               ,56,56,10173526,32,64,6419925,0,0,0,1,19,1312867,56,56,10173526,32,64,6419925,0,0,0,1,19,1312867
200702,36,087,1,2,Rockland County               ,36,36,9223823,0,0,0,2,6,900000,2,10,781768,32,32,8504000,0,0,0,2,6,900000,2,10,781768
200702,36,103,1,2,Suffolk County                ,243,243,63417535,1,2,350000,6,24,4662000,0,0,0,199,199,55447118,1,2,350000,6,24,4662000,0,0,0
200702,36,119,1,2,Westchester County            ,66,66,22291554,3,6,543574,0,0,0,1,5,194001,39,39,14219409,2,4,400000,0,0,0,0,0,0
200702,37,003,3,5,Alexander County              ,62,62,6848739,0,0,0,0,0,0,0,0,0,62,62,6848739,0,0,0,0,0,0,0,0,0
200702,37,007,3,5,Anson County                  ,11,11,1738155,0,0,0,0,0,0,0,0,0,11,11,1738155,0,0,0,0,0,0,0,0,0
200702,37,009,3,5,Ashe County                   ,30,30,5615000,0,0,0,0,0,0,0,0,0,30,30,5615000,0,0,0,0,0,0,0,0,0
200702,37,011,3,5,Avery County                  ,23,23,7071024,0,0,0,1,4,974850,0,0,0,23,23,7071024,0,0,0,1,4,974850,0,0,0
200702,37,019,3,5,Brunswick County              ,417,417,67862386,0,0,0,0,0,0,1,6,615440,53,53,14502424,0,0,0,0,0,0,0,0,0
200702,37,025,3,5,Cabarrus County               ,429,429,59345509,0,0,0,0,0,0,0,0,0,429,429,59345509,0,0,0,0,0,0,0,0,0
200702,37,027,3,5,Caldwell County               ,45,45,8936700,0,0,0,0,0,0,0,0,0,45,45,8936700,0,0,0,0,0,0,0,0,0
200702,37,037,3,5,Chatham County                ,104,104,32452280,0,0,0,0,0,0,0,0,0,104,104,32452280,0,0,0,0,0,0,0,0,0
200702,37,039,3,5,Cherokee County               ,62,62,8581602,0,0,0,0,0,0,0,0,0,62,62,8581602,0,0,0,0,0,0,0,0,0
200702,37,049,3,5,Craven County                 ,144,144,15433923,0,0,0,1,3,130000,1,30,3550000,144,144,15433923,0,0,0,1,3,130000,1,30,3550000
200702,37,053,3,5,Currituck County              ,39,39,11213319,0,0,0,0,0,0,0,0,0,39,39,11213319,0,0,0,0,0,0,0,0,0
200702,37,059,3,5,Davie County                  ,47,47,7625401,1,2,106688,0,0,0,0,0,0,0,0,0,0,0,0,0,0,0,0,0,0
200702,37,063,3,5,Durham County                 ,274,274,50047596,4,8,780060,0,0,0,0,0,0,274,274,50047596,4,8,780060,0,0,0,0,0,0
200702,37,067,3,5,Forsyth County                ,678,678,55275001,0,0,0,0,0,0,0,0,0,678,678,55275001,0,0,0,0,0,0,0,0,0
200702,37,069,3,5,Franklin County               ,111,111,18374207,0,0,0,0,0,0,0,0,0,111,111,18374207,0,0,0,0,0,0,0,0,0
200702,37,071,3,5,Gaston County                 ,212,212,28872822,0,0,0,0,0,0,0,0,0,212,212,28872822,0,0,0,0,0,0,0,0,0
200702,37,081,3,5,Guilford County               ,479,479,80796550,2,4,876366,1,3,852188,9,124,6768888,286,286,40906927,2,4,876366,1,3,852188,8,96,4892000
200702,37,089,3,5,Henderson County              ,242,242,44345770,0,0,0,0,0,0,0,0,0,242,242,44345770,0,0,0,0,0,0,0,0,0
200702,37,097,3,5,Iredell County                ,267,267,40825527,0,0,0,0,0,0,5,60,3673567,0,0,0,0,0,0,0,0,0,0,0,0
200702,37,101,3,5,Johnston County               ,322,322,51572475,0,0,0,4,12,789775,0,0,0,321,321,51452026,0,0,0,2,6,659775,0,0,0
200702,37,105,3,5,Lee County                    ,62,62,9979351,0,0,0,0,0,0,0,0,0,62,62,9979351,0,0,0,0,0,0,0,0,0
200702,37,109,3,5,Lincoln County                ,96,96,10999780,0,0,0,0,0,0,0,0,0,0,0,0,0,0,0,0,0,0,0,0,0
200702,37,113,3,5,Macon County                  ,42,42,13786795,5,10,1133332,0,0,0,1,12,566660,42,42,13786795,5,10,1133332,0,0,0,1,12,566660
200702,37,119,3,5,Mecklenburg County            ,1516,1516,238084910,0,0,0,2,6,545524,33,779,77036089,1516,1516,238084910,0,0,0,2,6,545524,33,779,77036089
200702,37,129,3,5,New Hanover County            ,231,231,48328943,0,0,0,1,3,242414,20,417,33454063,101,101,24341183,0,0,0,0,0,0,17,372,28939365
200702,37,135,3,5,Orange County                 ,68,68,19024832,0,0,0,0,0,0,0,0,0,68,68,19024832,0,0,0,0,0,0,0,0,0
200702,37,137,3,5,Pamlico County                ,19,19,3983117,0,0,0,1,3,318000,0,0,0,12,12,2452424,0,0,0,0,0,0,0,0,0
200702,37,141,3,5,Pender County                 ,103,103,14403661,0,0,0,0,0,0,0,0,0,97,97,13814375,0,0,0,0,0,0,0,0,0
200702,37,145,3,5,Person County                 ,27,27,4985000,1,2,65000,0,0,0,0,0,0,27,27,4985000,1,2,65000,0,0,0,0,0,0
200702,37,147,3,5,Pitt County                   ,218,218,30063860,19,38,2768700,0,0,0,26,256,10679976,218,218,30063860,19,38,2768700,0,0,0,26,256,10679976
200702,37,149,3,5,Polk County                   ,26,26,5084700,0,0,0,1,4,427200,0,0,0,14,14,3157660,0,0,0,1,4,427200,0,0,0
200702,37,151,3,5,Randolph County               ,76,76,12813864,1,2,50000,0,0,0,0,0,0,76,76,12813864,1,2,50000,0,0,0,0,0,0
200702,37,157,3,5,Rockingham County             ,52,52,8038704,1,2,140243,0,0,0,0,0,0,52,52,8038704,1,2,140243,0,0,0,0,0,0
200702,37,159,3,5,Rowan County                  ,99,99,19046299,0,0,0,0,0,0,1,13,845835,61,61,12197000,0,0,0,0,0,0,0,0,0
200702,37,163,3,5,Sampson County                ,15,15,2336051,0,0,0,1,3,192000,0,0,0,15,15,2336051,0,0,0,1,3,192000,0,0,0
200702,37,167,3,5,Stanly County                 ,56,56,5871089,2,4,156724,0,0,0,2,10,534960,0,0,0,0,0,0,0,0,0,0,0,0
200702,37,171,3,5,Surry County                  ,26,26,4782614,0,0,0,0,0,0,0,0,0,26,26,4782614,0,0,0,0,0,0,0,0,0
200702,37,175,3,5,Transylvania County           ,49,49,18394431,0,0,0,0,0,0,0,0,0,49,49,18394431,0,0,0,0,0,0,0,0,0
200702,37,179,3,5,Union County                  ,591,591,133633208,0,0,0,0,0,0,0,0,0,591,591,133633208,0,0,0,0,0,0,0,0,0
200702,37,181,3,5,Vance County                  ,16,16,2219322,0,0,0,0,0,0,0,0,0,9,9,1121200,0,0,0,0,0,0,0,0,0
200702,37,183,3,5,Wake County                   ,1523,1523,354413712,0,0,0,24,73,5547499,3,92,6390103,1523,1523,354413712,0,0,0,24,73,5547499,3,92,6390103
200702,37,195,3,5,Wilson County                 ,85,85,10359119,2,4,209698,0,0,0,0,0,0,85,85,10359119,2,4,209698,0,0,0,0,0,0
200702,39,015,2,3,Brown County                  ,16,16,2625000,0,0,0,0,0,0,0,0,0,16,16,2625000,0,0,0,0,0,0,0,0,0
200702,39,017,2,3,Butler County                 ,136,136,26028641,0,0,0,0,0,0,0,0,0,136,136,26028641,0,0,0,0,0,0,0,0,0
200702,39,025,2,3,Clermont County               ,83,83,14024097,2,4,480000,0,0,0,3,144,4269450,83,83,14024097,2,4,480000,0,0,0,3,144,4269450
200702,39,035,2,3,Cuyahoga County               ,133,133,38903499,0,0,0,2,6,272816,1,5,530305,91,91,32948869,0,0,0,0,0,0,0,0,0
200702,39,041,2,3,Delaware County               ,150,150,28404620,0,0,0,1,4,210000,5,40,4000000,150,150,28404620,0,0,0,1,4,210000,5,40,4000000
200702,39,045,2,3,Fairfield County              ,38,38,7310600,0,0,0,1,4,358224,0,0,0,25,25,5195758,0,0,0,1,4,358224,0,0,0
200702,39,049,2,3,Franklin County               ,336,336,74396693,0,0,0,11,44,5561120,17,148,11587302,295,295,67310739,0,0,0,11,44,5561120,17,148,11587302
200702,39,055,2,3,Geauga County                 ,23,23,5291733,0,0,0,0,0,0,0,0,0,23,23,5291733,0,0,0,0,0,0,0,0,0
200702,39,061,2,3,Hamilton County               ,89,89,23895060,0,0,0,1,4,600000,4,96,5142409,41,41,11549400,0,0,0,1,4,600000,2,60,3000000
200702,39,085,2,3,Lake County                   ,72,72,15530553,0,0,0,0,0,0,2,10,789744,36,36,7614916,0,0,0,0,0,0,0,0,0
200702,39,089,2,3,Licking County                ,46,46,7948709,0,0,0,2,8,680000,0,0,0,45,45,7778104,0,0,0,2,8,680000,0,0,0
200702,39,093,2,3,Lorain County                 ,133,133,23665795,1,2,275000,2,6,786240,0,0,0,121,121,21760609,1,2,275000,0,0,0,0,0,0
200702,39,097,2,3,Madison County                ,8,8,1294961,0,0,0,0,0,0,0,0,0,6,6,1103287,0,0,0,0,0,0,0,0,0
200702,39,103,2,3,Medina County                 ,85,85,19659593,0,0,0,0,0,0,0,0,0,85,85,19659593,0,0,0,0,0,0,0,0,0
200702,39,117,2,3,Morrow County                 ,10,10,1638452,0,0,0,0,0,0,0,0,0,7,7,1287169,0,0,0,0,0,0,0,0,0
200702,39,129,2,3,Pickaway County               ,10,10,2000762,0,0,0,0,0,0,0,0,0,10,10,2000762,0,0,0,0,0,0,0,0,0
200702,39,159,2,3,Union County                  ,27,27,5356544,0,0,0,0,0,0,0,0,0,27,27,5356544,0,0,0,0,0,0,0,0,0
200702,39,165,2,3,Warren County                 ,142,142,36721327,0,0,0,2,8,1600000,3,15,2182096,138,138,35981589,0,0,0,2,8,1600000,3,15,2182096
200702,39,169,2,3,Wayne County                  ,34,34,4322550,0,0,0,0,0,0,0,0,0,34,34,4322550,0,0,0,0,0,0,0,0,0
200702,40,017,3,7,Canadian County               ,59,59,11534701,0,0,0,0,0,0,0,0,0,59,59,11534701,0,0,0,0,0,0,0,0,0
200702,40,021,3,7,Cherokee County               ,7,7,971000,0,0,0,0,0,0,1,14,350000,7,7,971000,0,0,0,0,0,0,1,14,350000
200702,40,027,3,7,Cleveland County              ,131,131,21322992,0,0,0,0,0,0,0,0,0,125,125,20577002,0,0,0,0,0,0,0,0,0
200702,40,029,3,7,Coal County                   ,0,0,0,0,0,0,0,0,0,0,0,0,0,0,0,0,0,0,0,0,0,0,0,0
200702,40,037,3,7,Creek County                  ,23,23,3339306,0,0,0,0,0,0,0,0,0,22,22,3276700,0,0,0,0,0,0,0,0,0
200702,40,051,3,7,Grady County                  ,13,13,3010127,0,0,0,0,0,0,0,0,0,11,11,2833000,0,0,0,0,0,0,0,0,0
200702,40,081,3,7,Lincoln County                ,7,7,628224,0,0,0,0,0,0,0,0,0,7,7,628224,0,0,0,0,0,0,0,0,0
200702,40,083,3,7,Logan County                  ,8,8,1000000,0,0,0,0,0,0,0,0,0,8,8,1000000,0,0,0,0,0,0,0,0,0
200702,40,087,3,7,McClain County                ,40,40,5203304,0,0,0,0,0,0,0,0,0,20,20,2532400,0,0,0,0,0,0,0,0,0
200702,40,099,3,7,Murray County                 ,2,2,301077,0,0,0,0,0,0,0,0,0,1,1,185000,0,0,0,0,0,0,0,0,0
200702,40,109,3,7,Oklahoma County               ,606,606,104803865,3,6,435648,0,0,0,2,23,1500727,171,171,46660903,0,0,0,0,0,0,0,0,0
200702,40,111,3,7,Okmulgee County               ,2,2,61076,0,0,0,0,0,0,0,0,0,0,0,0,0,0,0,0,0,0,0,0,0
200702,40,113,3,7,Osage County                  ,25,25,4345500,0,0,0,0,0,0,0,0,0,25,25,4345500,0,0,0,0,0,0,0,0,0
200702,40,117,3,7,Pawnee County                 ,0,0,0,0,0,0,0,0,0,0,0,0,0,0,0,0,0,0,0,0,0,0,0,0
200702,40,131,3,7,Rogers County                 ,73,73,10405857,0,0,0,0,0,0,0,0,0,73,73,10405857,0,0,0,0,0,0,0,0,0
200702,40,143,3,7,Tulsa County                  ,404,404,77842036,8,16,1328437,3,9,818287,5,388,6467127,404,404,77842036,8,16,1328437,3,9,818287,5,388,6467127
200702,40,145,3,7,Wagoner County                ,62,62,9183406,0,0,0,0,0,0,0,0,0,62,62,9183406,0,0,0,0,0,0,0,0,0
200702,41,000,4,9,Oregon Balance of State       ,29,29,5093096,0,0,0,0,0,0,0,0,0,0,0,0,0,0,0,0,0,0,0,0,0
200702,41,001,4,9,Baker County                  ,3,3,642156,0,0,0,0,0,0,0,0,0,3,3,642156,0,0,0,0,0,0,0,0,0
200702,41,005,4,9,Clackamas County              ,335,335,73476937,5,10,1322339,0,0,0,5,45,4077834,322,322,70405079,5,10,1322339,0,0,0,5,45,4077834
200702,41,009,4,9,Columbia County               ,26,26,5174145,0,0,0,0,0,0,0,0,0,13,13,2323712,0,0,0,0,0,0,0,0,0
200702,41,017,4,9,Deschutes County              ,324,324,70921977,3,6,847941,3,10,935935,0,0,0,250,250,59897577,3,6,847941,1,3,377859,0,0,0
200702,41,025,4,9,Harney County                 ,1,1,228500,0,0,0,0,0,0,0,0,0,1,1,228500,0,0,0,0,0,0,0,0,0
200702,41,033,4,9,Josephine County              ,51,51,8248373,4,8,956699,0,0,0,0,0,0,21,21,3617337,4,8,956699,0,0,0,0,0,0
200702,41,035,4,9,Klamath County                ,37,37,8710125,0,0,0,0,0,0,0,0,0,37,37,8710125,0,0,0,0,0,0,0,0,0
200702,41,045,4,9,Malheur County                ,5,5,921828,0,0,0,0,0,0,0,0,0,5,5,921828,0,0,0,0,0,0,0,0,0
200702,41,051,4,9,Multnomah County              ,290,290,59404183,29,58,6343626,7,23,2558261,12,1257,136659777,290,290,59404183,29,58,6343626,7,23,2558261,12,1257,136659777
200702,41,059,4,9,Umatilla County               ,17,17,2834812,2,4,331238,0,0,0,0,0,0,17,17,2834812,2,4,331238,0,0,0,0,0,0
200702,41,061,4,9,Union County                  ,9,9,1548708,0,0,0,0,0,0,0,0,0,6,6,917600,0,0,0,0,0,0,0,0,0
200702,41,067,4,9,Washington County             ,332,332,75898392,0,0,0,1,3,210057,13,75,8484876,273,273,63133235,0,0,0,1,3,210057,10,59,6504861
200702,41,071,4,9,Yamhill County                ,126,126,23117854,0,0,0,0,0,0,0,0,0,125,125,22986494,0,0,0,0,0,0,0,0,0
200702,42,001,1,2,Adams County                  ,46,46,10484460,0,0,0,0,0,0,0,0,0,46,46,10484460,0,0,0,0,0,0,0,0,0
200702,42,003,1,2,Allegheny County              ,221,221,46151915,0,0,0,3,10,1615664,5,40,3024522,189,189,39964533,0,0,0,3,10,1615664,0,0,0
200702,42,005,1,2,Armstrong County              ,9,9,1072877,0,0,0,2,7,306250,0,0,0,1,1,139000,0,0,0,0,0,0,0,0,0
200702,42,007,1,2,Beaver County                 ,25,25,5390617,0,0,0,1,3,307500,1,5,503904,23,23,5006044,0,0,0,0,0,0,0,0,0
200702,42,017,1,2,Bucks County                  ,147,147,24645789,0,0,0,2,8,976674,2,11,702441,121,121,20971700,0,0,0,2,8,976674,0,0,0
200702,42,019,1,2,Butler County                 ,92,92,19169664,1,2,190000,0,0,0,0,0,0,80,80,17431603,0,0,0,0,0,0,0,0,0
200702,42,025,1,2,Carbon County                 ,46,46,7324584,0,0,0,0,0,0,0,0,0,40,40,6454825,0,0,0,0,0,0,0,0,0
200702,42,029,1,2,Chester County                ,247,247,44284807,0,0,0,2,8,1320000,3,15,1279545,212,212,39650031,0,0,0,2,8,1320000,0,0,0
200702,42,045,1,2,Delaware County               ,47,47,10983060,0,0,0,1,3,410000,0,0,0,26,26,5091632,0,0,0,0,0,0,0,0,0
200702,42,051,1,2,Fayette County                ,4,4,432200,0,0,0,0,0,0,0,0,0,3,3,370000,0,0,0,0,0,0,0,0,0
200702,42,055,1,2,Franklin County               ,73,73,12541382,6,12,576000,0,0,0,0,0,0,60,60,10987838,6,12,576000,0,0,0,0,0,0
200702,42,065,1,2,Jefferson County              ,2,2,373800,0,0,0,0,0,0,0,0,0,2,2,373800,0,0,0,0,0,0,0,0,0
200702,42,077,1,2,Lehigh County                 ,123,123,24952052,0,0,0,1,3,200000,0,0,0,105,105,21831302,0,0,0,1,3,200000,0,0,0
200702,42,091,1,2,Montgomery County             ,277,277,49499060,1,2,220650,3,9,936000,2,17,1372166,230,230,41980594,1,2,220650,0,0,0,0,0,0
200702,42,095,1,2,Northampton County            ,163,163,31095677,0,0,0,1,3,168750,2,10,828483,76,76,16570651,0,0,0,0,0,0,0,0,0
200702,42,101,1,2,Philadelphia County           ,58,58,10348171,1,2,207756,1,3,228541,5,457,32649176,58,58,10348171,1,2,207756,1,3,228541,5,457,32649176
200702,42,103,1,2,Pike County                   ,71,71,14869081,0,0,0,0,0,0,0,0,0,59,59,12777637,0,0,0,0,0,0,0,0,0
200702,42,125,1,2,Washington County             ,70,70,16448839,0,0,0,3,9,990000,0,0,0,67,67,16076784,0,0,0,3,9,990000,0,0,0
200702,42,129,1,2,Westmoreland County           ,88,88,16397104,3,6,640000,0,0,0,2,45,5025000,60,60,11763719,3,6,640000,0,0,0,1,40,4900000
200702,44,001,1,1,Bristol County                ,3,3,1925000,0,0,0,0,0,0,0,0,0,3,3,1925000,0,0,0,0,0,0,0,0,0
200702,44,003,1,1,Kent County                   ,42,42,6125787,0,0,0,1,3,487074,0,0,0,35,35,5425982,0,0,0,0,0,0,0,0,0
200702,44,005,1,1,Newport County                ,22,22,3799540,0,0,0,0,0,0,0,0,0,22,22,3799540,0,0,0,0,0,0,0,0,0
200702,44,007,1,1,Providence County             ,58,58,7467474,23,46,3001502,1,4,144500,5,110,6688816,53,53,6487868,23,46,3001502,1,4,144500,5,110,6688816
200702,44,009,1,1,Washington County             ,78,78,16872399,0,0,0,0,0,0,0,0,0,68,68,15231065,0,0,0,0,0,0,0,0,0
200702,45,009,3,5,Bamberg County                ,0,0,0,0,0,0,0,0,0,0,0,0,0,0,0,0,0,0,0,0,0,0,0,0
200702,45,015,3,5,Berkeley County               ,191,191,32788598,0,0,0,0,0,0,2,10,803908,68,68,13851595,0,0,0,0,0,0,0,0,0
200702,45,017,3,5,Calhoun County                ,10,10,1659050,0,0,0,0,0,0,0,0,0,10,10,1659050,0,0,0,0,0,0,0,0,0
200702,45,019,3,5,Charleston County             ,511,511,104900954,0,0,0,5,15,4305000,0,0,0,509,509,103872570,0,0,0,5,15,4305000,0,0,0
200702,45,035,3,5,Dorchester County             ,146,146,30711665,0,0,0,0,0,0,0,0,0,146,146,30711665,0,0,0,0,0,0,0,0,0
200702,45,039,3,5,Fairfield County              ,17,17,1649964,0,0,0,0,0,0,0,0,0,7,7,490000,0,0,0,0,0,0,0,0,0
200702,45,041,3,5,Florence County               ,76,76,10222300,0,0,0,0,0,0,0,0,0,0,0,0,0,0,0,0,0,0,0,0,0
200702,45,045,3,5,Greenville County             ,724,724,77618706,0,0,0,5,18,1019520,1,5,315517,693,693,73598104,0,0,0,5,18,1019520,0,0,0
200702,45,047,3,5,Greenwood County              ,23,23,3644243,6,12,1223400,3,12,813024,0,0,0,23,23,3644243,6,12,1223400,3,12,813024,0,0,0
200702,45,055,3,5,Kershaw County                ,102,102,10806607,0,0,0,0,0,0,0,0,0,102,102,10806607,0,0,0,0,0,0,0,0,0
200702,45,059,3,5,Laurens County                ,30,30,4630329,0,0,0,0,0,0,0,0,0,28,28,4466277,0,0,0,0,0,0,0,0,0
200702,45,063,3,5,Lexington County              ,437,437,65621957,0,0,0,0,0,0,0,0,0,437,437,65621957,0,0,0,0,0,0,0,0,0
200702,45,077,3,5,Pickens County                ,93,93,25299916,0,0,0,0,0,0,0,0,0,88,88,24305908,0,0,0,0,0,0,0,0,0
200702,45,079,3,5,Richland County               ,429,429,52642820,2,4,215622,0,0,0,5,88,4968398,119,119,16880106,0,0,0,0,0,0,0,0,0
200702,45,081,3,5,Saluda County                 ,5,5,1004548,0,0,0,0,0,0,0,0,0,5,5,1004548,0,0,0,0,0,0,0,0,0
200702,45,085,3,5,Sumter County                 ,87,87,10062765,2,4,195467,0,0,0,11,252,9597180,57,57,7024842,0,0,0,0,0,0,11,252,9597180
200702,45,091,3,5,York County                   ,372,372,65973766,0,0,0,2,7,714824,5,87,8835117,163,163,29929616,0,0,0,0,0,0,3,72,7222731
200702,46,005,2,4,Beadle County                 ,0,0,0,0,0,0,0,0,0,0,0,0,0,0,0,0,0,0,0,0,0,0,0,0
200702,46,069,2,4,Hyde County                   ,2,2,259118,0,0,0,0,0,0,0,0,0,0,0,0,0,0,0,0,0,0,0,0,0
200702,46,121,2,4,Todd County                   ,0,0,0,0,0,0,0,0,0,0,0,0,0,0,0,0,0,0,0,0,0,0,0,0
200702,47,011,3,6,Bradley County                ,85,85,12368400,3,6,316000,1,3,250000,1,5,444000,85,85,12368400,3,6,316000,1,3,250000,1,5,444000
200702,47,015,3,6,Cannon County                 ,0,0,0,0,0,0,0,0,0,0,0,0,0,0,0,0,0,0,0,0,0,0,0,0
200702,47,021,3,6,Cheatham County               ,37,37,5989987,0,0,0,0,0,0,0,0,0,26,26,3912389,0,0,0,0,0,0,0,0,0
200702,47,037,3,6,Davidson County               ,538,538,97111590,62,124,10596204,0,0,0,14,178,17602598,538,538,97111590,62,124,10596204,0,0,0,14,178,17602598
200702,47,039,3,6,Decatur County                ,1,1,170000,0,0,0,0,0,0,0,0,0,1,1,170000,0,0,0,0,0,0,0,0,0
200702,47,043,3,6,Dickson County                ,64,64,8311373,1,2,50000,0,0,0,0,0,0,62,62,8191373,0,0,0,0,0,0,0,0,0
200702,47,047,3,6,Fayette County                ,113,113,23049796,0,0,0,0,0,0,0,0,0,96,96,18669110,0,0,0,0,0,0,0,0,0
200702,47,063,3,6,Hamblen County                ,49,49,5567517,0,0,0,0,0,0,0,0,0,49,49,5567517,0,0,0,0,0,0,0,0,0
200702,47,071,3,6,Hardin County                 ,2,2,530000,0,0,0,0,0,0,0,0,0,2,2,530000,0,0,0,0,0,0,0,0,0
200702,47,081,3,6,Hickman County                ,0,0,0,0,0,0,0,0,0,0,0,0,0,0,0,0,0,0,0,0,0,0,0,0
200702,47,091,3,6,Johnson County                ,0,0,0,0,0,0,0,0,0,0,0,0,0,0,0,0,0,0,0,0,0,0,0,0
200702,47,093,3,6,Knox County                   ,462,462,55232659,0,0,0,0,0,0,1,17,786803,419,419,51440407,0,0,0,0,0,0,0,0,0
200702,47,111,3,6,Macon County                  ,0,0,0,0,0,0,0,0,0,0,0,0,0,0,0,0,0,0,0,0,0,0,0,0
200702,47,113,3,6,Madison County                ,56,56,10921414,4,8,240000,0,0,0,1,80,3869235,56,56,10921414,4,8,240000,0,0,0,1,80,3869235
200702,47,125,3,6,Montgomery County             ,251,251,30243045,1,2,100000,11,44,1713600,7,73,5042950,251,251,30243045,1,2,100000,11,44,1713600,7,73,5042950
200702,47,141,3,6,Putnam County                 ,89,89,13347857,1,2,174080,0,0,0,1,8,444708,89,89,13347857,1,2,174080,0,0,0,1,8,444708
200702,47,147,3,6,Robertson County              ,77,77,9882470,0,0,0,0,0,0,0,0,0,74,74,9510007,0,0,0,0,0,0,0,0,0
200702,47,149,3,6,Rutherford County             ,578,578,91914044,0,0,0,0,0,0,3,40,2156300,548,548,89067976,0,0,0,0,0,0,3,40,2156300
200702,47,157,3,6,Shelby County                 ,373,373,91058955,0,0,0,0,0,0,30,570,37188726,373,373,91058955,0,0,0,0,0,0,30,570,37188726
200702,47,159,3,6,Smith County                  ,11,11,1741018,0,0,0,0,0,0,0,0,0,11,11,1741018,0,0,0,0,0,0,0,0,0
200702,47,165,3,6,Sumner County                 ,198,198,31348571,2,4,234614,3,10,349584,1,5,369000,159,159,22187240,0,0,0,0,0,0,1,5,369000
200702,47,167,3,6,Tipton County                 ,61,61,7042794,0,0,0,0,0,0,0,0,0,43,43,5147940,0,0,0,0,0,0,0,0,0
200702,47,169,3,6,Trousdale County              ,7,7,821270,0,0,0,0,0,0,0,0,0,7,7,821270,0,0,0,0,0,0,0,0,0
200702,47,179,3,6,Washington County             ,47,47,7147898,0,0,0,0,0,0,0,0,0,20,20,3737399,0,0,0,0,0,0,0,0,0
200702,47,187,3,6,Williamson County             ,190,190,45460394,0,0,0,0,0,0,0,0,0,144,144,25438206,0,0,0,0,0,0,0,0,0
200702,47,189,3,6,Wilson County                 ,192,192,33886754,0,0,0,0,0,0,0,0,0,191,191,33802379,0,0,0,0,0,0,0,0,0
200702,48,013,3,7,Atascosa County               ,18,18,1987830,0,0,0,0,0,0,0,0,0,17,17,1920700,0,0,0,0,0,0,0,0,0
200702,48,015,3,7,Austin County                 ,3,3,350000,0,0,0,0,0,0,0,0,0,3,3,350000,0,0,0,0,0,0,0,0,0
200702,48,019,3,7,Bandera County                ,2,2,623340,0,0,0,0,0,0,0,0,0,2,2,623340,0,0,0,0,0,0,0,0,0
200702,48,021,3,7,Bastrop County                ,19,19,1450923,0,0,0,0,0,0,0,0,0,19,19,1450923,0,0,0,0,0,0,0,0,0
200702,48,029,3,7,Bexar County                  ,1043,1043,170893570,19,38,2913172,9,36,3072420,28,822,56655224,950,950,158548381,19,38,2913172,9,36,3072420,24,776,55082552
200702,48,039,3,7,Brazoria County               ,350,350,60881252,0,0,0,0,0,0,21,126,7024952,344,344,60116517,0,0,0,0,0,0,21,126,7024952
200702,48,041,3,7,Brazos County                 ,128,128,20415306,10,20,859782,0,0,0,13,280,15840000,128,128,20415306,10,20,859782,0,0,0,13,280,15840000
200702,48,055,3,7,Caldwell County               ,7,7,773315,0,0,0,0,0,0,0,0,0,2,2,267999,0,0,0,0,0,0,0,0,0
200702,48,063,3,7,Camp County                   ,1,1,64000,0,0,0,0,0,0,0,0,0,1,1,64000,0,0,0,0,0,0,0,0,0
200702,48,071,3,7,Chambers County               ,80,80,12904195,0,0,0,0,0,0,0,0,0,80,80,12904195,0,0,0,0,0,0,0,0,0
200702,48,085,3,7,Collin County                 ,1107,1107,218435087,0,0,0,1,4,363683,11,302,29865082,1087,1087,212280530,0,0,0,1,4,363683,11,302,29865082
200702,48,091,3,7,Comal County                  ,261,261,55959871,0,0,0,0,0,0,0,0,0,261,261,55959871,0,0,0,0,0,0,0,0,0
200702,48,113,3,7,Dallas County                 ,1025,1025,251204228,2,4,341814,6,23,7595023,33,1134,173435454,983,983,237285308,2,4,341814,6,23,7595023,33,1134,173435454
200702,48,117,3,7,Deaf Smith County             ,12,12,1575000,0,0,0,0,0,0,0,0,0,12,12,1575000,0,0,0,0,0,0,0,0,0
200702,48,119,3,7,Delta County                  ,0,0,0,0,0,0,0,0,0,0,0,0,0,0,0,0,0,0,0,0,0,0,0,0
200702,48,121,3,7,Denton County                 ,397,397,89802178,5,10,1548851,0,0,0,2,52,4287076,366,366,83518142,5,10,1548851,0,0,0,0,0,0
200702,48,133,3,7,Eastland County               ,0,0,0,0,0,0,0,0,0,0,0,0,0,0,0,0,0,0,0,0,0,0,0,0
200702,48,135,3,7,Ector County                  ,27,27,4703500,0,0,0,0,0,0,0,0,0,27,27,4703500,0,0,0,0,0,0,0,0,0
200702,48,139,3,7,Ellis County                  ,220,220,32163198,0,0,0,0,0,0,0,0,0,210,210,30851116,0,0,0,0,0,0,0,0,0
200702,48,157,3,7,Fort Bend County              ,1343,1343,224440020,0,0,0,1,4,1891330,12,264,26107224,1328,1328,222529489,0,0,0,1,4,1891330,12,264,26107224
200702,48,167,3,7,Galveston County              ,548,548,88122767,2,4,111164,3,11,1161503,1,90,21000000,481,481,79069790,0,0,0,2,8,1015600,1,90,21000000
200702,48,187,3,7,Guadalupe County              ,273,273,44790300,0,0,0,0,0,0,0,0,0,273,273,44790300,0,0,0,0,0,0,0,0,0
200702,48,201,3,7,Harris County                 ,4288,4288,643357945,31,62,5068476,12,47,4038709,85,2258,181987693,4268,4268,636759687,31,62,5068476,12,47,4038709,82,2219,180022260
200702,48,209,3,7,Hays County                   ,206,206,29747644,0,0,0,0,0,0,4,65,3901753,106,106,15161388,0,0,0,0,0,0,0,0,0
200702,48,215,3,7,Hidalgo County                ,901,901,110844100,6,12,868239,15,55,4476930,3,30,2966730,829,829,106017715,5,10,784206,15,55,4476930,3,30,2966730
200702,48,231,3,7,Hunt County                   ,10,10,989117,0,0,0,0,0,0,0,0,0,9,9,864820,0,0,0,0,0,0,0,0,0
200702,48,233,3,7,Hutchinson County             ,0,0,0,0,0,0,0,0,0,0,0,0,0,0,0,0,0,0,0,0,0,0,0,0
200702,48,251,3,7,Johnson County                ,177,177,20960656,7,14,938807,0,0,0,0,0,0,173,173,20413950,7,14,938807,0,0,0,0,0,0
200702,48,257,3,7,Kaufman County                ,78,78,9368799,0,0,0,0,0,0,0,0,0,8,8,1062300,0,0,0,0,0,0,0,0,0
200702,48,259,3,7,Kendall County                ,70,70,15514257,0,0,0,0,0,0,0,0,0,34,34,7811865,0,0,0,0,0,0,0,0,0
200702,48,271,3,7,Kinney County                 ,0,0,0,0,0,0,0,0,0,0,0,0,0,0,0,0,0,0,0,0,0,0,0,0
200702,48,291,3,7,Liberty County                ,45,45,5200625,0,0,0,0,0,0,0,0,0,43,43,4988791,0,0,0,0,0,0,0,0,0
200702,48,307,3,7,McCulloch County              ,1,1,147000,0,0,0,0,0,0,0,0,0,1,1,147000,0,0,0,0,0,0,0,0,0
200702,48,323,3,7,Maverick County               ,27,27,1561230,0,0,0,0,0,0,0,0,0,12,12,678342,0,0,0,0,0,0,0,0,0
200702,48,325,3,7,Medina County                 ,4,4,375992,0,0,0,0,0,0,0,0,0,2,2,180000,0,0,0,0,0,0,0,0,0
200702,48,329,3,7,Midland County                ,88,88,11652964,0,0,0,0,0,0,0,0,0,88,88,11652964,0,0,0,0,0,0,0,0,0
200702,48,339,3,7,Montgomery County             ,898,898,168348266,0,0,0,2,8,200000,5,120,2500000,883,883,166554960,0,0,0,2,8,200000,5,120,2500000
200702,48,353,3,7,Nolan County                  ,0,0,0,0,0,0,0,0,0,0,0,0,0,0,0,0,0,0,0,0,0,0,0,0
200702,48,359,3,7,Oldham County                 ,0,0,0,0,0,0,0,0,0,0,0,0,0,0,0,0,0,0,0,0,0,0,0,0
200702,48,367,3,7,Parker County                 ,61,61,9233652,0,0,0,2,8,576587,0,0,0,58,58,8753539,0,0,0,2,8,576587,0,0,0
200702,48,375,3,7,Potter County                 ,128,128,26335581,0,0,0,0,0,0,0,0,0,128,128,26335581,0,0,0,0,0,0,0,0,0
200702,48,383,3,7,Reagan County                 ,0,0,0,0,0,0,0,0,0,0,0,0,0,0,0,0,0,0,0,0,0,0,0,0
200702,48,385,3,7,Real County                   ,0,0,0,0,0,0,0,0,0,0,0,0,0,0,0,0,0,0,0,0,0,0,0,0
200702,48,397,3,7,Rockwall County               ,125,125,28419087,0,0,0,0,0,0,1,141,8000000,125,125,28419087,0,0,0,0,0,0,1,141,8000000
200702,48,407,3,7,San Jacinto County            ,0,0,0,0,0,0,0,0,0,0,0,0,0,0,0,0,0,0,0,0,0,0,0,0
200702,48,435,3,7,Sutton County                 ,0,0,0,0,0,0,0,0,0,0,0,0,0,0,0,0,0,0,0,0,0,0,0,0
200702,48,437,3,7,Swisher County                ,0,0,0,0,0,0,0,0,0,0,0,0,0,0,0,0,0,0,0,0,0,0,0,0
200702,48,439,3,7,Tarrant County                ,1500,1500,257640607,25,50,2880849,0,0,0,27,570,40187262,1407,1407,233264367,25,50,2880849,0,0,0,27,570,40187262
200702,48,451,3,7,Tom Green County              ,50,50,7865060,0,0,0,0,0,0,0,0,0,50,50,7865060,0,0,0,0,0,0,0,0,0
200702,48,453,3,7,Travis County                 ,1177,1177,186361756,24,48,3662321,8,32,2431780,26,983,81377470,1160,1160,181931138,23,46,3526471,8,32,2431780,25,978,80671308
200702,48,463,3,7,Uvalde County                 ,2,2,140000,0,0,0,0,0,0,0,0,0,2,2,140000,0,0,0,0,0,0,0,0,0
200702,48,469,3,7,Victoria County               ,12,12,1456928,0,0,0,0,0,0,0,0,0,0,0,0,0,0,0,0,0,0,0,0,0
200702,48,471,3,7,Walker County                 ,11,11,1937193,1,2,150000,0,0,0,0,0,0,11,11,1937193,1,2,150000,0,0,0,0,0,0
200702,48,473,3,7,Waller County                 ,6,6,532578,0,0,0,0,0,0,2,21,465858,5,5,397733,0,0,0,0,0,0,0,0,0
200702,48,479,3,7,Webb County                   ,240,240,24621773,0,0,0,2,8,320270,2,63,4005008,140,140,15645499,0,0,0,1,4,172584,1,48,3271087
200702,48,491,3,7,Williamson County             ,772,772,124550337,3,6,681422,0,0,0,0,0,0,768,768,124215615,3,6,681422,0,0,0,0,0,0
200702,48,493,3,7,Wilson County                 ,4,4,566742,0,0,0,0,0,0,0,0,0,2,2,317950,0,0,0,0,0,0,0,0,0
200702,48,497,3,7,Wise County                   ,13,13,1627296,0,0,0,0,0,0,0,0,0,12,12,1582296,0,0,0,0,0,0,0,0,0
200702,49,009,4,8,Daggett County                ,0,0,0,0,0,0,0,0,0,0,0,0,0,0,0,0,0,0,0,0,0,0,0,0
200702,49,019,4,8,Grand County                  ,13,13,2272102,0,0,0,0,0,0,0,0,0,13,13,2272102,0,0,0,0,0,0,0,0,0
200702,49,021,4,8,Iron County                   ,76,76,12497424,4,8,715870,0,0,0,2,14,886116,24,24,4240917,0,0,0,0,0,0,0,0,0
200702,49,033,4,8,Rich County                   ,10,10,2453195,0,0,0,0,0,0,0,0,0,8,8,2027877,0,0,0,0,0,0,0,0,0
200702,49,035,4,8,Salt Lake County              ,608,608,117112463,3,6,655736,2,6,398823,13,270,22300550,546,546,107617331,0,0,0,0,0,0,9,168,14443977
200702,49,039,4,8,Sanpete County                ,4,4,499498,0,0,0,0,0,0,0,0,0,4,4,499498,0,0,0,0,0,0,0,0,0
200702,49,043,4,8,Summit County                 ,55,55,16221283,1,2,254960,2,7,1066565,4,81,25906319,28,28,9303563,0,0,0,1,3,595000,2,63,22790857
200702,49,045,4,8,Tooele County                 ,57,57,9122695,0,0,0,1,4,222230,0,0,0,43,43,7165349,0,0,0,0,0,0,0,0,0
200702,49,051,4,8,Wasatch County                ,62,62,22180632,0,0,0,0,0,0,0,0,0,62,62,22180632,0,0,0,0,0,0,0,0,0
200702,51,003,3,5,Albemarle County              ,90,90,28370098,0,0,0,0,0,0,0,0,0,90,90,28370098,0,0,0,0,0,0,0,0,0
200702,51,007,3,5,Amelia County                 ,15,15,2880720,0,0,0,0,0,0,0,0,0,15,15,2880720,0,0,0,0,0,0,0,0,0
200702,51,013,3,5,Arlington County              ,18,18,4444164,0,0,0,1,3,925000,1,71,6131953,9,9,1861500,0,0,0,0,0,0,0,0,0
200702,51,015,3,5,Augusta County                ,68,68,12989330,0,0,0,0,0,0,0,0,0,38,38,7869315,0,0,0,0,0,0,0,0,0
200702,51,019,3,5,Bedford County                ,99,99,24766582,0,0,0,0,0,0,0,0,0,99,99,24766582,0,0,0,0,0,0,0,0,0
200702,51,023,3,5,Botetourt County              ,28,28,4538600,0,0,0,0,0,0,0,0,0,28,28,4538600,0,0,0,0,0,0,0,0,0
200702,51,031,3,5,Campbell County               ,43,43,6344893,0,0,0,0,0,0,0,0,0,25,25,3774687,0,0,0,0,0,0,0,0,0
200702,51,033,3,5,Caroline County               ,46,46,8970837,0,0,0,0,0,0,0,0,0,46,46,8970837,0,0,0,0,0,0,0,0,0
200702,51,036,3,5,Charles City County           ,4,4,630634,0,0,0,0,0,0,0,0,0,0,0,0,0,0,0,0,0,0,0,0,0
200702,51,037,3,5,Charlotte County              ,12,12,1128098,0,0,0,0,0,0,0,0,0,8,8,734000,0,0,0,0,0,0,0,0,0
200702,51,041,3,5,Chesterfield County           ,247,247,38987434,1,2,153325,4,16,1275601,2,11,1005776,247,247,38987434,1,2,153325,4,16,1275601,2,11,1005776
200702,51,043,3,5,Clarke County                 ,5,5,1071000,0,0,0,0,0,0,0,0,0,5,5,1071000,0,0,0,0,0,0,0,0,0
200702,51,049,3,5,Cumberland County             ,7,7,720000,0,0,0,0,0,0,0,0,0,7,7,720000,0,0,0,0,0,0,0,0,0
200702,51,053,3,5,Dinwiddie County              ,18,18,2109104,0,0,0,0,0,0,0,0,0,0,0,0,0,0,0,0,0,0,0,0,0
200702,51,059,3,5,Fairfax County                ,174,174,27519193,0,0,0,0,0,0,4,138,12564228,174,174,27519193,0,0,0,0,0,0,4,138,12564228
200702,51,061,3,5,Fauquier County               ,46,46,9629603,0,0,0,0,0,0,0,0,0,41,41,8701360,0,0,0,0,0,0,0,0,0
200702,51,065,3,5,Fluvanna County               ,23,23,4741225,0,0,0,0,0,0,0,0,0,23,23,4741225,0,0,0,0,0,0,0,0,0
200702,51,067,3,5,Franklin County               ,52,52,16485725,0,0,0,0,0,0,0,0,0,52,52,16485725,0,0,0,0,0,0,0,0,0
200702,51,069,3,5,Frederick County              ,71,71,12809960,0,0,0,0,0,0,0,0,0,71,71,12809960,0,0,0,0,0,0,0,0,0
200702,51,073,3,5,Gloucester County             ,64,64,10640104,0,0,0,0,0,0,0,0,0,64,64,10640104,0,0,0,0,0,0,0,0,0
200702,51,075,3,5,Goochland County              ,37,37,11016923,0,0,0,0,0,0,0,0,0,37,37,11016923,0,0,0,0,0,0,0,0,0
200702,51,079,3,5,Greene County                 ,21,21,6151880,0,0,0,0,0,0,0,0,0,21,21,6151880,0,0,0,0,0,0,0,0,0
200702,51,085,3,5,Hanover County                ,97,97,19352354,0,0,0,0,0,0,0,0,0,97,97,19352354,0,0,0,0,0,0,0,0,0
200702,51,087,3,5,Henrico County                ,246,246,38901684,0,0,0,0,0,0,1,5,494455,246,246,38901684,0,0,0,0,0,0,1,5,494455
200702,51,093,3,5,Isle of Wight County          ,38,38,6694038,0,0,0,0,0,0,0,0,0,38,38,6694038,0,0,0,0,0,0,0,0,0
200702,51,095,3,5,James City County             ,121,121,41981020,0,0,0,0,0,0,0,0,0,121,121,41981020,0,0,0,0,0,0,0,0,0
200702,51,097,3,5,King and Queen County         ,10,10,1669898,0,0,0,0,0,0,0,0,0,10,10,1669898,0,0,0,0,0,0,0,0,0
200702,51,099,3,5,King George County            ,37,37,5882078,0,0,0,0,0,0,0,0,0,37,37,5882078,0,0,0,0,0,0,0,0,0
200702,51,101,3,5,King William County           ,41,41,6382493,0,0,0,0,0,0,0,0,0,41,41,6382493,0,0,0,0,0,0,0,0,0
200702,51,107,3,5,Loudoun County                ,374,374,61169553,0,0,0,0,0,0,0,0,0,374,374,61169553,0,0,0,0,0,0,0,0,0
200702,51,109,3,5,Louisa County                 ,84,84,14632544,0,0,0,0,0,0,0,0,0,84,84,14632544,0,0,0,0,0,0,0,0,0
200702,51,115,3,5,Mathews County                ,13,13,3297000,0,0,0,0,0,0,0,0,0,13,13,3297000,0,0,0,0,0,0,0,0,0
200702,51,119,3,5,Middlesex County              ,25,25,4853040,0,0,0,0,0,0,0,0,0,25,25,4853040,0,0,0,0,0,0,0,0,0
200702,51,127,3,5,New Kent County               ,30,30,7987762,0,0,0,0,0,0,0,0,0,30,30,7987762,0,0,0,0,0,0,0,0,0
200702,51,137,3,5,Orange County                 ,55,55,12693157,0,0,0,0,0,0,0,0,0,55,55,12693157,0,0,0,0,0,0,0,0,0
200702,51,143,3,5,Pittsylvania County           ,27,27,3352361,0,0,0,0,0,0,0,0,0,0,0,0,0,0,0,0,0,0,0,0,0
200702,51,145,3,5,Powhatan County               ,33,33,8849589,0,0,0,0,0,0,0,0,0,33,33,8849589,0,0,0,0,0,0,0,0,0
200702,51,149,3,5,Prince George County          ,26,26,4327934,0,0,0,0,0,0,1,24,624322,26,26,4327934,0,0,0,0,0,0,1,24,624322
200702,51,153,3,5,Prince William County         ,416,416,60720050,0,0,0,0,0,0,0,0,0,416,416,60720050,0,0,0,0,0,0,0,0,0
200702,51,157,3,5,Rappahannock County           ,6,6,1593467,0,0,0,0,0,0,0,0,0,2,2,701000,0,0,0,0,0,0,0,0,0
200702,51,161,3,5,Roanoke County                ,41,41,4039232,0,0,0,0,0,0,1,5,245375,0,0,0,0,0,0,0,0,0,0,0,0
200702,51,163,3,5,Rockbridge County             ,18,18,4386828,0,0,0,0,0,0,0,0,0,18,18,4386828,0,0,0,0,0,0,0,0,0
200702,51,165,3,5,Rockingham County             ,108,108,19301020,0,0,0,0,0,0,0,0,0,108,108,19301020,0,0,0,0,0,0,0,0,0
200702,51,169,3,5,Scott County                  ,1,1,175000,0,0,0,0,0,0,0,0,0,1,1,175000,0,0,0,0,0,0,0,0,0
200702,51,171,3,5,Shenandoah County             ,31,31,5948561,0,0,0,0,0,0,0,0,0,31,31,5948561,0,0,0,0,0,0,0,0,0
200702,51,177,3,5,Spotsylvania County           ,124,124,28246866,0,0,0,0,0,0,1,12,509824,44,44,13036865,0,0,0,0,0,0,0,0,0
200702,51,179,3,5,Stafford County               ,128,128,20208141,0,0,0,0,0,0,0,0,0,128,128,20208141,0,0,0,0,0,0,0,0,0
200702,51,181,3,5,Surry County                  ,9,9,1304635,0,0,0,0,0,0,0,0,0,0,0,0,0,0,0,0,0,0,0,0,0
200702,51,183,3,5,Sussex County                 ,21,21,1933600,0,0,0,0,0,0,0,0,0,21,21,1933600,0,0,0,0,0,0,0,0,0
200702,51,187,3,5,Warren County                 ,31,31,6132000,0,0,0,0,0,0,0,0,0,31,31,6132000,0,0,0,0,0,0,0,0,0
200702,51,199,3,5,York County                   ,37,37,7096074,0,0,0,6,18,2160000,0,0,0,37,37,7096074,0,0,0,6,18,2160000,0,0,0
200702,51,510,3,5,Alexandria (Independent City) ,4,4,632046,0,0,0,0,0,0,0,0,0,4,4,632046,0,0,0,0,0,0,0,0,0
200702,51,530,3,5,Buena Vista (Independent City),4,4,516533,0,0,0,0,0,0,0,0,0,3,3,360000,0,0,0,0,0,0,0,0,0
200702,51,550,3,5,Chesapeake(Independent City)  ,108,108,20069287,0,0,0,0,0,0,0,0,0,108,108,20069287,0,0,0,0,0,0,0,0,0
200702,51,570,3,5,Colonial Heights (Independent ,0,0,0,0,0,0,0,0,0,0,0,0,0,0,0,0,0,0,0,0,0,0,0,0
200702,51,580,3,5,Covington (Independent City)  ,0,0,0,0,0,0,0,0,0,0,0,0,0,0,0,0,0,0,0,0,0,0,0,0
200702,51,600,3,5,Fairfax (Independent City)    ,7,7,2214603,0,0,0,0,0,0,0,0,0,7,7,2214603,0,0,0,0,0,0,0,0,0
200702,51,610,3,5,Falls Church (Independent City,3,3,566104,0,0,0,0,0,0,0,0,0,0,0,0,0,0,0,0,0,0,0,0,0
200702,51,630,3,5,Fredericksburg(Independent Cit,13,13,3016000,0,0,0,0,0,0,0,0,0,13,13,3016000,0,0,0,0,0,0,0,0,0
200702,51,650,3,5,Hampton (Independent City)    ,36,36,7034389,0,0,0,0,0,0,2,40,1359234,22,22,4325000,0,0,0,0,0,0,0,0,0
200702,51,660,3,5,Harrisonburg (Independent City,26,26,2849501,0,0,0,0,0,0,0,0,0,26,26,2849501,0,0,0,0,0,0,0,0,0
200702,51,670,3,5,Hopewell (Independent City)   ,32,32,2129295,0,0,0,0,0,0,0,0,0,32,32,2129295,0,0,0,0,0,0,0,0,0
200702,51,680,3,5,Lynchburg (Independent City)  ,47,47,8822609,0,0,0,0,0,0,0,0,0,47,47,8822609,0,0,0,0,0,0,0,0,0
200702,51,683,3,5,Manassas (Independent City)   ,16,16,1857374,0,0,0,0,0,0,0,0,0,0,0,0,0,0,0,0,0,0,0,0,0
200702,51,685,3,5,Manassas Park (Independent Cit,10,10,1209962,0,0,0,0,0,0,2,14,614864,0,0,0,0,0,0,0,0,0,0,0,0
200702,51,700,3,5,Newport News (Independent City,22,22,2755487,0,0,0,0,0,0,22,345,16003372,12,12,1531776,0,0,0,0,0,0,20,316,14784000
200702,51,710,3,5,Norfolk (Independent City)    ,44,44,6948656,0,0,0,0,0,0,0,0,0,44,44,6948656,0,0,0,0,0,0,0,0,0
200702,51,730,3,5,Petersburg (Independent City) ,3,3,250680,0,0,0,0,0,0,0,0,0,3,3,250680,0,0,0,0,0,0,0,0,0
200702,51,735,3,5,Poquoson (Independent City)   ,6,6,1368782,0,0,0,0,0,0,0,0,0,1,1,178000,0,0,0,0,0,0,0,0,0
200702,51,740,3,5,Portsmouth (Independent City) ,34,34,5376248,0,0,0,0,0,0,11,156,15426996,34,34,5376248,0,0,0,0,0,0,11,156,15426996
200702,51,760,3,5,Richmond (Independent City)   ,54,54,8627621,0,0,0,0,0,0,0,0,0,54,54,8627621,0,0,0,0,0,0,0,0,0
200702,51,770,3,5,Roanoke (Independent City)    ,10,10,1615373,0,0,0,0,0,0,0,0,0,10,10,1615373,0,0,0,0,0,0,0,0,0
200702,51,800,3,5,Suffolk (Independent City)    ,83,83,13125560,0,0,0,0,0,0,0,0,0,83,83,13125560,0,0,0,0,0,0,0,0,0
200702,51,810,3,5,Virginia Beach (Independent Ci,109,109,17187614,8,16,1332089,4,15,1184680,12,69,6429759,109,109,17187614,8,16,1332089,4,15,1184680,12,69,6429759
200702,51,830,3,5,Williamsburg (Independent City,10,10,716400,0,0,0,0,0,0,0,0,0,10,10,716400,0,0,0,0,0,0,0,0,0
200702,53,011,4,9,Clark County                  ,309,309,54014787,5,10,781074,0,0,0,2,21,1984370,117,117,22911501,5,10,781074,0,0,0,2,21,1984370
200702,53,033,4,9,King County                   ,766,766,210840907,85,170,20098916,52,175,18869856,28,1905,226676453,754,754,207813022,85,170,20098916,52,175,18869856,26,1895,225504349
200702,53,041,4,9,Lewis County                  ,85,85,9977807,3,6,520502,0,0,0,0,0,0,85,85,9977807,3,6,520502,0,0,0,0,0,0
200702,53,053,4,9,Pierce County                 ,707,707,123114465,21,42,4793120,3,10,1217409,11,200,21249012,692,692,119620374,21,42,4793120,1,3,313242,8,184,18391635
200702,53,059,4,9,Skamania County               ,17,17,3363337,0,0,0,0,0,0,0,0,0,17,17,3363337,0,0,0,0,0,0,0,0,0
200702,53,061,4,9,Snohomish County              ,699,699,122360143,15,30,3787038,2,6,537574,13,156,14837446,585,585,108082998,8,16,2679756,0,0,0,4,78,8765625
200702,54,037,3,5,Jefferson County              ,55,55,17171907,0,0,0,0,0,0,0,0,0,51,51,16701276,0,0,0,0,0,0,0,0,0
200702,55,021,2,3,Columbia County               ,19,19,3582390,2,4,390000,0,0,0,0,0,0,14,14,2591000,2,4,390000,0,0,0,0,0,0
200702,55,025,2,3,Dane County                   ,143,143,36964435,7,14,1481366,1,4,440000,8,133,12449192,138,138,35741242,6,12,1292000,1,4,440000,6,121,11675000
200702,55,031,2,3,Douglas County                ,6,6,664971,0,0,0,0,0,0,0,0,0,6,6,664971,0,0,0,0,0,0,0,0,0
200702,55,037,2,3,Florence County               ,1,1,51925,0,0,0,0,0,0,0,0,0,0,0,0,0,0,0,0,0,0,0,0,0
200702,55,049,2,3,Iowa County                   ,5,5,854437,1,2,40000,0,0,0,1,5,226221,4,4,710000,1,2,40000,0,0,0,0,0,0
200702,55,059,2,3,Kenosha County                ,60,60,12569413,0,0,0,0,0,0,1,9,700000,57,57,12052060,0,0,0,0,0,0,1,9,700000
200702,55,079,2,3,Milwaukee County              ,42,42,10563704,0,0,0,5,20,3077250,2,324,26437530,41,41,10348767,0,0,0,5,20,3077250,2,324,26437530
200702,55,089,2,3,Ozaukee County                ,25,25,6889901,1,2,350000,0,0,0,0,0,0,17,17,3243747,1,2,350000,0,0,0,0,0,0
200702,55,093,2,3,Pierce County                 ,11,11,2720000,0,0,0,0,0,0,0,0,0,11,11,2720000,0,0,0,0,0,0,0,0,0
200702,55,109,2,3,St. Croix County              ,32,32,6783273,0,0,0,0,0,0,0,0,0,23,23,5381970,0,0,0,0,0,0,0,0,0
200702,55,113,2,3,Sawyer County                 ,6,6,832000,0,0,0,1,4,275000,0,0,0,6,6,832000,0,0,0,1,4,275000,0,0,0
200702,55,131,2,3,Washington County             ,54,54,11657765,2,4,475000,0,0,0,2,32,2400000,49,49,9745076,2,4,475000,0,0,0,2,32,2400000
200702,55,133,2,3,Waukesha County               ,133,133,42502242,1,2,525000,0,0,0,0,0,0,127,127,40817855,1,2,525000,0,0,0,0,0,0
200702,56,019,4,8,Johnson County                ,12,12,1559977,1,2,235040,0,0,0,0,0,0,12,12,1559977,1,2,235040,0,0,0,0,0,0
200702,56,039,4,8,Teton County                  ,23,23,21040787,1,2,129906,2,7,1943550,2,10,486006,18,18,20011900,0,0,0,0,0,0,0,0,0
