Survey,FIPS,FIPS,Region,Division,County,,1-unit,,,2-units,,,3-4 units,,,5+ units,,,1-unit rep,,,2-units rep,,,3-4 units rep,,, 5+units rep
Date,State,County,Code,Code,Name,Bldgs,Units,Value,Bldgs,Units,Value,Bldgs,Units,Value,Bldgs,Units,Value,Bldgs,Units,Value,Bldgs,Units,Value,Bldgs,Units,Value,Bldgs,Units,Value
 
200904,01,001,3,6,Autauga County                ,33,33,5234476,0,0,0,0,0,0,0,0,0,33,33,5234476,0,0,0,0,0,0,0,0,0
200904,01,007,3,6,Bibb County                   ,2,2,300363,0,0,0,0,0,0,0,0,0,2,2,300363,0,0,0,0,0,0,0,0,0
200904,01,009,3,6,Blount County                 ,5,5,1122320,0,0,0,0,0,0,0,0,0,5,5,1122320,0,0,0,0,0,0,0,0,0
200904,01,021,3,6,Chilton County                ,9,9,1154200,0,0,0,0,0,0,0,0,0,8,8,1070000,0,0,0,0,0,0,0,0,0
200904,01,037,3,6,Coosa County                  ,0,0,0,0,0,0,0,0,0,0,0,0,0,0,0,0,0,0,0,0,0,0,0,0
200904,01,073,3,6,Jefferson County              ,360,360,57240915,0,0,0,0,0,0,4,32,2456215,319,319,50064306,0,0,0,0,0,0,0,0,0
200904,01,081,3,6,Lee County                    ,200,200,37113563,0,0,0,2,8,1036826,2,22,2142926,168,168,29652910,0,0,0,2,8,1036826,0,0,0
200904,01,115,3,6,St. Clair County              ,37,37,4579530,0,0,0,0,0,0,0,0,0,37,37,4579530,0,0,0,0,0,0,0,0,0
200904,01,117,3,6,Shelby County                 ,149,149,26247519,2,4,198000,0,0,0,0,0,0,70,70,12268873,2,4,198000,0,0,0,0,0,0
200904,01,127,3,6,Walker County                 ,5,5,876833,0,0,0,0,0,0,0,0,0,4,4,670000,0,0,0,0,0,0,0,0,0
200904,02,000,4,9,Alaska Balance of State       ,12,12,2842009,0,0,0,0,0,0,0,0,0,5,5,1622382,0,0,0,0,0,0,0,0,0
200904,02,013,4,9,Aleutians East Borough        ,0,0,0,0,0,0,0,0,0,0,0,0,0,0,0,0,0,0,0,0,0,0,0,0
200904,02,016,4,9,Aleutians West Census Area    ,1,1,98141,0,0,0,0,0,0,0,0,0,0,0,0,0,0,0,0,0,0,0,0,0
200904,02,020,4,9,Anchorage Borough             ,63,63,19248574,0,0,0,1,4,642260,1,18,3745008,63,63,19248574,0,0,0,1,4,642260,1,18,3745008
200904,02,050,4,9,Bethel Census Area            ,0,0,0,0,0,0,0,0,0,0,0,0,0,0,0,0,0,0,0,0,0,0,0,0
200904,02,060,4,9,Bristol Bay Borough           ,0,0,0,0,0,0,0,0,0,0,0,0,0,0,0,0,0,0,0,0,0,0,0,0
200904,02,090,4,9,Fairbanks North Star Borough  ,7,7,1219065,0,0,0,0,0,0,0,0,0,0,0,0,0,0,0,0,0,0,0,0,0
200904,02,100,4,9,Haines Borough                ,0,0,0,0,0,0,0,0,0,0,0,0,0,0,0,0,0,0,0,0,0,0,0,0
200904,02,110,4,9,Juneau Borough                ,4,4,996266,0,0,0,0,0,0,0,0,0,0,0,0,0,0,0,0,0,0,0,0,0
200904,02,122,4,9,Kenai Peninsula Borough       ,6,6,1040000,0,0,0,0,0,0,0,0,0,6,6,1040000,0,0,0,0,0,0,0,0,0
200904,02,130,4,9,Ketchikan Gateway Borough     ,9,9,1996796,0,0,0,0,0,0,0,0,0,9,9,1996796,0,0,0,0,0,0,0,0,0
200904,02,150,4,9,Kodiak Island Borough         ,4,4,791901,0,0,0,0,0,0,0,0,0,4,4,791901,0,0,0,0,0,0,0,0,0
200904,02,170,4,9,Matanuska-Susitna Borough     ,8,8,1661833,1,2,344420,0,0,0,0,0,0,8,8,1661833,1,2,344420,0,0,0,0,0,0
200904,02,180,4,9,Nome Census Area              ,1,1,286756,0,0,0,0,0,0,0,0,0,1,1,286756,0,0,0,0,0,0,0,0,0
200904,02,185,4,9,North Slope Borough           ,4,4,888488,0,0,0,0,0,0,0,0,0,4,4,888488,0,0,0,0,0,0,0,0,0
200904,02,188,4,9,Northwest Arctic Borough      ,0,0,0,0,0,0,0,0,0,0,0,0,0,0,0,0,0,0,0,0,0,0,0,0
200904,02,201,4,9,Prince of Wales-Outer Ketchika,0,0,0,2,4,625328,0,0,0,0,0,0,0,0,0,2,4,625328,0,0,0,0,0,0
200904,02,220,4,9,Sitka Borough                 ,2,2,561486,1,2,454968,0,0,0,0,0,0,0,0,0,0,0,0,0,0,0,0,0,0
200904,02,232,4,9,Skagway-Hoonah-Angoon Census A,2,2,458056,0,0,0,0,0,0,0,0,0,2,2,458056,0,0,0,0,0,0,0,0,0
200904,02,261,4,9,Valdez-Cordova Census Area    ,3,3,482000,0,0,0,0,0,0,0,0,0,3,3,482000,0,0,0,0,0,0,0,0,0
200904,02,280,4,9,Wrangell-Petersburg Census Are,0,0,0,0,0,0,0,0,0,0,0,0,0,0,0,0,0,0,0,0,0,0,0,0
200904,02,282,4,9,Yakutat Borough               ,0,0,0,0,0,0,0,0,0,0,0,0,0,0,0,0,0,0,0,0,0,0,0,0
200904,02,290,4,9,Yukon-Koyukuk Census Area     ,0,0,0,0,0,0,0,0,0,0,0,0,0,0,0,0,0,0,0,0,0,0,0,0
200904,04,013,4,8,Maricopa County               ,1233,1233,285961897,4,8,1123632,5,16,885638,12,562,78482893,1233,1233,285961897,4,8,1123632,5,16,885638,12,562,78482893
200904,04,019,4,8,Pima County                   ,536,536,105016342,5,10,1005194,0,0,0,3,16,890115,366,366,72720981,0,0,0,0,0,0,0,0,0
200904,04,021,4,8,Pinal County                  ,534,534,71322548,0,0,0,0,0,0,0,0,0,479,479,63723850,0,0,0,0,0,0,0,0,0
200904,05,023,3,7,Cleburne County               ,2,2,300000,0,0,0,0,0,0,0,0,0,2,2,300000,0,0,0,0,0,0,0,0,0
200904,05,025,3,7,Cleveland County              ,0,0,0,0,0,0,0,0,0,0,0,0,0,0,0,0,0,0,0,0,0,0,0,0
200904,05,027,3,7,Columbia County               ,2,2,250000,0,0,0,0,0,0,0,0,0,2,2,250000,0,0,0,0,0,0,0,0,0
200904,05,035,3,7,Crittenden County             ,17,17,2933094,0,0,0,0,0,0,0,0,0,16,16,2755547,0,0,0,0,0,0,0,0,0
200904,05,059,3,7,Hot Spring County             ,2,2,200000,0,0,0,0,0,0,0,0,0,2,2,200000,0,0,0,0,0,0,0,0,0
200904,05,061,3,7,Howard County                 ,1,1,102636,0,0,0,0,0,0,0,0,0,0,0,0,0,0,0,0,0,0,0,0,0
200904,05,099,3,7,Nevada County                 ,0,0,0,0,0,0,0,0,0,0,0,0,0,0,0,0,0,0,0,0,0,0,0,0
200904,06,001,4,9,Alameda County                ,218,218,58138212,7,14,2467550,2,7,826771,13,267,55715980,217,217,57861717,7,14,2467550,2,7,826771,12,260,55147225
200904,06,003,4,9,Alpine County                 ,3,3,696167,0,0,0,0,0,0,0,0,0,3,3,696167,0,0,0,0,0,0,0,0,0
200904,06,009,4,9,Calaveras County              ,18,18,4763581,0,0,0,0,0,0,0,0,0,18,18,4763581,0,0,0,0,0,0,0,0,0
200904,06,013,4,9,Contra Costa County           ,225,225,56329192,0,0,0,0,0,0,8,55,8295310,210,210,52824827,0,0,0,0,0,0,4,34,6392689
200904,06,017,4,9,El Dorado County              ,57,57,17996177,0,0,0,0,0,0,0,0,0,57,57,17996177,0,0,0,0,0,0,0,0,0
200904,06,037,4,9,Los Angeles County            ,648,648,187309042,72,144,20283355,13,45,9620752,39,991,136770873,595,595,172848442,71,142,20191989,13,45,9620752,27,891,125919876
200904,06,041,4,9,Marin County                  ,33,33,13726326,0,0,0,0,0,0,5,103,19778562,15,15,6892253,0,0,0,0,0,0,1,82,17709000
200904,06,045,4,9,Mendocino County              ,32,32,3737621,0,0,0,0,0,0,0,0,0,32,32,3737621,0,0,0,0,0,0,0,0,0
200904,06,049,4,9,Modoc County                  ,1,1,136800,0,0,0,0,0,0,0,0,0,1,1,136800,0,0,0,0,0,0,0,0,0
200904,06,051,4,9,Mono County                   ,5,5,1512609,0,0,0,0,0,0,0,0,0,1,1,957393,0,0,0,0,0,0,0,0,0
200904,06,059,4,9,Orange County                 ,305,305,101897068,2,4,2215356,5,17,1258963,3,25,2239751,291,291,92646883,1,2,1700000,5,17,1258963,3,25,2239751
200904,06,061,4,9,Placer County                 ,325,325,79858533,0,0,0,0,0,0,0,0,0,325,325,79858533,0,0,0,0,0,0,0,0,0
200904,06,063,4,9,Plumas County                 ,8,8,1782945,0,0,0,0,0,0,0,0,0,8,8,1782945,0,0,0,0,0,0,0,0,0
200904,06,065,4,9,Riverside County              ,891,891,228670376,1,2,177288,7,24,3997181,29,441,36410804,873,873,224684876,1,2,177288,7,24,3997181,29,441,36410804
200904,06,067,4,9,Sacramento County             ,239,239,51229063,0,0,0,7,21,2199793,0,0,0,235,235,50306971,0,0,0,7,21,2199793,0,0,0
200904,06,069,4,9,San Benito County             ,1,1,400000,0,0,0,0,0,0,0,0,0,0,0,0,0,0,0,0,0,0,0,0,0
200904,06,071,4,9,San Bernardino County         ,425,425,80853056,0,0,0,1,3,410278,6,154,13658122,410,410,78241574,0,0,0,1,3,410278,5,146,13079458
200904,06,073,4,9,San Diego County              ,501,501,159941591,6,12,2136100,12,42,8577508,31,500,61874349,489,489,157374189,6,12,2136100,12,42,8577508,31,500,61874349
200904,06,075,4,9,San Francisco County          ,4,4,869788,6,12,3729976,3,9,2755545,1,15,3510000,4,4,869788,6,12,3729976,3,9,2755545,1,15,3510000
200904,06,077,4,9,San Joaquin County            ,173,173,37751235,0,0,0,0,0,0,1,5,607541,151,151,33100033,0,0,0,0,0,0,0,0,0
200904,06,081,4,9,San Mateo County              ,72,72,33805409,3,6,1203784,1,3,232048,1,6,1872187,59,59,29454873,3,6,1203784,1,3,232048,0,0,0
200904,06,085,4,9,Santa Clara County            ,130,130,57335234,7,14,1886221,1,3,243948,2,18,3840000,119,119,54472065,7,14,1886221,1,3,243948,2,18,3840000
200904,06,091,4,9,Sierra County                 ,2,2,484459,0,0,0,0,0,0,0,0,0,2,2,484459,0,0,0,0,0,0,0,0,0
200904,06,113,4,9,Yolo County                   ,80,80,21956759,0,0,0,0,0,0,6,83,12688981,80,80,21956759,0,0,0,0,0,0,6,83,12688981
200904,08,001,4,8,Adams County                  ,98,98,20485280,3,6,948195,0,0,0,0,0,0,83,83,17755169,3,6,948195,0,0,0,0,0,0
200904,08,005,4,8,Arapahoe County               ,138,138,35606290,0,0,0,0,0,0,9,328,29877245,138,138,35606290,0,0,0,0,0,0,9,328,29877245
200904,08,014,4,8,Broomfield County             ,43,43,13333223,0,0,0,0,0,0,0,0,0,43,43,13333223,0,0,0,0,0,0,0,0,0
200904,08,015,4,8,Chaffee County                ,29,29,8452892,0,0,0,0,0,0,0,0,0,29,29,8452892,0,0,0,0,0,0,0,0,0
200904,08,019,4,8,Clear Creek County            ,2,2,1236948,0,0,0,0,0,0,0,0,0,2,2,1236948,0,0,0,0,0,0,0,0,0
200904,08,023,4,8,Costilla County               ,1,1,163199,0,0,0,0,0,0,0,0,0,0,0,0,0,0,0,0,0,0,0,0,0
200904,08,031,4,8,Denver County                 ,140,140,27085894,8,16,2701354,0,0,0,4,161,19904098,140,140,27085894,8,16,2701354,0,0,0,4,161,19904098
200904,08,033,4,8,Dolores County                ,0,0,0,0,0,0,0,0,0,0,0,0,0,0,0,0,0,0,0,0,0,0,0,0
200904,08,035,4,8,Douglas County                ,177,177,47082319,0,0,0,0,0,0,2,250,27139329,177,177,47082319,0,0,0,0,0,0,2,250,27139329
200904,08,039,4,8,Elbert County                 ,14,14,3865281,0,0,0,0,0,0,0,0,0,14,14,3865281,0,0,0,0,0,0,0,0,0
200904,08,041,4,8,El Paso County                ,325,325,103815219,4,8,1479373,0,0,0,0,0,0,325,325,103815219,4,8,1479373,0,0,0,0,0,0
200904,08,047,4,8,Gilpin County                 ,2,2,1062000,0,0,0,0,0,0,0,0,0,2,2,1062000,0,0,0,0,0,0,0,0,0
200904,08,049,4,8,Grand County                  ,34,34,8038505,0,0,0,0,0,0,0,0,0,0,0,0,0,0,0,0,0,0,0,0,0
200904,08,059,4,8,Jefferson County              ,72,72,20136103,3,6,617900,1,3,461025,2,16,2648388,71,71,19847882,3,6,617900,1,3,461025,2,16,2648388
200904,08,069,4,8,Larimer County                ,87,87,24018178,0,0,0,1,4,667164,1,20,1601547,87,87,24018178,0,0,0,1,4,667164,1,20,1601547
200904,08,077,4,8,Mesa County                   ,111,111,19945860,0,0,0,0,0,0,0,0,0,111,111,19945860,0,0,0,0,0,0,0,0,0
200904,08,093,4,8,Park County                   ,26,26,3708492,0,0,0,0,0,0,0,0,0,26,26,3708492,0,0,0,0,0,0,0,0,0
200904,08,101,4,8,Pueblo County                 ,54,54,9255968,0,0,0,1,4,355000,0,0,0,54,54,9255968,0,0,0,1,4,355000,0,0,0
200904,08,107,4,8,Routt County                  ,26,26,22831707,0,0,0,0,0,0,0,0,0,26,26,22831707,0,0,0,0,0,0,0,0,0
200904,08,119,4,8,Teller County                 ,12,12,3572706,0,0,0,0,0,0,0,0,0,6,6,2021740,0,0,0,0,0,0,0,0,0
200904,08,123,4,8,Weld County                   ,188,188,38694391,0,0,0,0,0,0,4,23,665562,148,148,28263691,0,0,0,0,0,0,0,0,0
200904,10,001,3,5,Kent County                   ,186,186,24283804,0,0,0,0,0,0,0,0,0,183,183,23958529,0,0,0,0,0,0,0,0,0
200904,10,003,3,5,New Castle County             ,164,164,13263431,0,0,0,0,0,0,3,15,240000,157,157,12858097,0,0,0,0,0,0,0,0,0
200904,10,005,3,5,Sussex County                 ,328,328,45922090,2,4,108800,2,8,1083646,1,24,1089550,328,328,45922090,2,4,108800,2,8,1083646,1,24,1089550
200904,11,001,3,5,Washington  DC                ,60,60,10393137,0,0,0,1,4,381103,2,220,20360809,43,43,7586916,0,0,0,1,4,381103,1,212,19636886
200904,12,003,3,5,Baker County                  ,12,12,1526260,0,0,0,0,0,0,0,0,0,12,12,1526260,0,0,0,0,0,0,0,0,0
200904,12,009,3,5,Brevard County                ,206,206,54413107,0,0,0,1,4,635557,6,84,10377552,206,206,54413107,0,0,0,1,4,635557,6,84,10377552
200904,12,011,3,5,Broward County                ,145,145,33428412,0,0,0,32,128,7491296,7,100,4186211,86,86,25516984,0,0,0,32,128,7491296,3,80,2880700
200904,12,013,3,5,Calhoun County                ,8,8,1582862,0,0,0,0,0,0,0,0,0,7,7,1442350,0,0,0,0,0,0,0,0,0
200904,12,015,3,5,Charlotte County              ,109,109,23813182,1,2,259000,1,4,751000,0,0,0,109,109,23813182,1,2,259000,1,4,751000,0,0,0
200904,12,019,3,5,Clay County                   ,95,95,16046793,5,10,1102941,0,0,0,2,16,1212672,95,95,16046793,5,10,1102941,0,0,0,2,16,1212672
200904,12,021,3,5,Collier County                ,179,179,53252662,0,0,0,4,16,3741000,4,60,9652000,179,179,53252662,0,0,0,4,16,3741000,4,60,9652000
200904,12,023,3,5,Columbia County               ,37,37,3588559,0,0,0,0,0,0,0,0,0,2,2,221000,0,0,0,0,0,0,0,0,0
200904,12,031,3,5,Duval County                  ,392,392,69640828,5,10,858531,0,0,0,43,1126,109077756,391,391,69241625,5,10,858531,0,0,0,43,1126,109077756
200904,12,033,3,5,Escambia County               ,130,130,23112820,2,4,367215,0,0,0,11,66,6113370,130,130,23112820,2,4,367215,0,0,0,11,66,6113370
200904,12,041,3,5,Gilchrist County              ,11,11,1088665,0,0,0,0,0,0,0,0,0,0,0,0,0,0,0,0,0,0,0,0,0
200904,12,043,3,5,Glades County                 ,12,12,1358122,0,0,0,0,0,0,0,0,0,12,12,1358122,0,0,0,0,0,0,0,0,0
200904,12,047,3,5,Hamilton County               ,4,4,357750,0,0,0,0,0,0,0,0,0,4,4,357750,0,0,0,0,0,0,0,0,0
200904,12,049,3,5,Hardee County                 ,9,9,787431,0,0,0,0,0,0,0,0,0,6,6,435204,0,0,0,0,0,0,0,0,0
200904,12,053,3,5,Hernando County               ,100,100,13171294,0,0,0,0,0,0,0,0,0,99,99,12731514,0,0,0,0,0,0,0,0,0
200904,12,055,3,5,Highlands County              ,13,13,2828954,1,2,303480,0,0,0,0,0,0,10,10,1964716,1,2,303480,0,0,0,0,0,0
200904,12,057,3,5,Hillsborough County           ,640,640,150490237,0,0,0,5,15,834350,12,334,22176703,634,634,149683329,0,0,0,5,15,834350,12,334,22176703
200904,12,061,3,5,Indian River County           ,103,103,33359998,0,0,0,0,0,0,0,0,0,103,103,33359998,0,0,0,0,0,0,0,0,0
200904,12,063,3,5,Jackson County                ,27,27,3446504,0,0,0,0,0,0,0,0,0,27,27,3446504,0,0,0,0,0,0,0,0,0
200904,12,065,3,5,Jefferson County              ,8,8,1326830,0,0,0,0,0,0,0,0,0,8,8,1326830,0,0,0,0,0,0,0,0,0
200904,12,067,3,5,Lafayette County              ,3,3,478612,0,0,0,0,0,0,0,0,0,2,2,324360,0,0,0,0,0,0,0,0,0
200904,12,069,3,5,Lake County                   ,169,169,44025818,0,0,0,0,0,0,7,174,22287520,166,166,43235060,0,0,0,0,0,0,6,168,21821520
200904,12,071,3,5,Lee County                    ,214,214,60085264,0,0,0,1,4,1167909,4,27,12945042,181,181,49487183,0,0,0,1,4,1167909,1,8,1203840
200904,12,073,3,5,Leon County                   ,141,141,21484979,3,6,467959,0,0,0,4,80,3615372,59,59,7847253,0,0,0,0,0,0,0,0,0
200904,12,077,3,5,Liberty County                ,6,6,515600,0,0,0,0,0,0,0,0,0,6,6,515600,0,0,0,0,0,0,0,0,0
200904,12,081,3,5,Manatee County                ,205,205,32533697,4,8,519000,3,12,1298306,7,44,4114134,205,205,32533697,4,8,519000,3,12,1298306,7,44,4114134
200904,12,083,3,5,Marion County                 ,99,99,21720897,9,18,1663355,0,0,0,0,0,0,98,98,21571342,9,18,1663355,0,0,0,0,0,0
200904,12,085,3,5,Martin County                 ,32,32,18524525,0,0,0,0,0,0,0,0,0,30,30,15342543,0,0,0,0,0,0,0,0,0
200904,12,086,3,5,Miami-Dade County             ,152,152,28162782,17,34,2485670,0,0,0,12,226,25999752,139,139,25589084,17,34,2485670,0,0,0,7,192,16443759
200904,12,089,3,5,Nassau County                 ,57,57,11108151,0,0,0,0,0,0,0,0,0,30,30,5685112,0,0,0,0,0,0,0,0,0
200904,12,095,3,5,Orange County                 ,539,539,120604645,6,12,1756414,3,9,1415091,5,37,3256884,536,536,118916541,6,12,1756414,3,9,1415091,5,37,3256884
200904,12,097,3,5,Osceola County                ,156,156,36303038,0,0,0,1,4,869075,12,432,47709632,156,156,36303038,0,0,0,1,4,869075,12,432,47709632
200904,12,099,3,5,Palm Beach County             ,240,240,70655242,2,4,652477,2,8,986018,13,281,18475526,204,204,54915888,1,2,499144,2,8,986018,6,246,13763640
200904,12,101,3,5,Pasco County                  ,300,300,52209907,9,18,2628992,0,0,0,16,225,22523475,300,300,52209907,9,18,2628992,0,0,0,16,225,22523475
200904,12,103,3,5,Pinellas County               ,71,71,24760726,0,0,0,0,0,0,12,381,31834268,70,70,23905899,0,0,0,0,0,0,12,381,31834268
200904,12,105,3,5,Polk County                   ,351,351,62572979,0,0,0,0,0,0,0,0,0,332,332,58299524,0,0,0,0,0,0,0,0,0
200904,12,107,3,5,Putnam County                 ,9,9,1338836,0,0,0,0,0,0,0,0,0,3,3,539000,0,0,0,0,0,0,0,0,0
200904,12,109,3,5,St. Johns County              ,283,283,65148953,0,0,0,0,0,0,2,28,2600000,283,283,65148953,0,0,0,0,0,0,2,28,2600000
200904,12,111,3,5,St. Lucie County              ,85,85,8905707,0,0,0,3,9,1031105,4,23,1933532,67,67,5171789,0,0,0,0,0,0,0,0,0
200904,12,113,3,5,Santa Rosa County             ,136,136,24132969,0,0,0,0,0,0,0,0,0,136,136,24132969,0,0,0,0,0,0,0,0,0
200904,12,115,3,5,Sarasota County               ,141,141,37799197,0,0,0,0,0,0,2,24,7692044,141,141,37799197,0,0,0,0,0,0,2,24,7692044
200904,12,117,3,5,Seminole County               ,162,162,35623309,3,6,709275,1,4,395498,0,0,0,162,162,35623309,3,6,709275,1,4,395498,0,0,0
200904,12,119,3,5,Sumter County                 ,543,543,144750476,3,6,642015,0,0,0,1,118,8400000,543,543,144750476,3,6,642015,0,0,0,1,118,8400000
200904,12,123,3,5,Taylor County                 ,5,5,547000,0,0,0,0,0,0,0,0,0,5,5,547000,0,0,0,0,0,0,0,0,0
200904,12,125,3,5,Union County                  ,6,6,585070,0,0,0,0,0,0,0,0,0,6,6,585070,0,0,0,0,0,0,0,0,0
200904,12,127,3,5,Volusia County                ,169,169,47524976,0,0,0,0,0,0,4,32,3134891,116,116,35644769,0,0,0,0,0,0,0,0,0
200904,12,129,3,5,Wakulla County                ,22,22,3032503,0,0,0,0,0,0,0,0,0,22,22,3032503,0,0,0,0,0,0,0,0,0
200904,12,131,3,5,Walton County                 ,56,56,17088471,3,6,450000,0,0,0,0,0,0,56,56,17088471,3,6,450000,0,0,0,0,0,0
200904,12,133,3,5,Washington County             ,16,16,2398244,0,0,0,0,0,0,0,0,0,16,16,2398244,0,0,0,0,0,0,0,0,0
200904,13,005,3,5,Bacon County                  ,1,1,200000,0,0,0,0,0,0,0,0,0,1,1,200000,0,0,0,0,0,0,0,0,0
200904,13,013,3,5,Barrow County                 ,29,29,2235035,0,0,0,0,0,0,0,0,0,29,29,2235035,0,0,0,0,0,0,0,0,0
200904,13,015,3,5,Bartow County                 ,52,52,9269600,0,0,0,0,0,0,0,0,0,52,52,9269600,0,0,0,0,0,0,0,0,0
200904,13,029,3,5,Bryan County                  ,65,65,10262631,0,0,0,0,0,0,0,0,0,65,65,10262631,0,0,0,0,0,0,0,0,0
200904,13,035,3,5,Butts County                  ,5,5,265350,0,0,0,0,0,0,0,0,0,5,5,265350,0,0,0,0,0,0,0,0,0
200904,13,045,3,5,Carroll County                ,23,23,3454384,0,0,0,0,0,0,0,0,0,23,23,3454384,0,0,0,0,0,0,0,0,0
200904,13,057,3,5,Cherokee County               ,149,149,24270782,0,0,0,0,0,0,0,0,0,139,139,22362806,0,0,0,0,0,0,0,0,0
200904,13,059,3,5,Clarke County                 ,63,63,8811383,0,0,0,0,0,0,1,14,755364,31,31,4496701,0,0,0,0,0,0,0,0,0
200904,13,063,3,5,Clayton County                ,16,16,2814890,0,0,0,0,0,0,0,0,0,16,16,2814890,0,0,0,0,0,0,0,0,0
200904,13,067,3,5,Cobb County                   ,129,129,26307935,0,0,0,1,4,513557,1,5,1151999,115,115,24053695,0,0,0,1,4,513557,1,5,1151999
200904,13,077,3,5,Coweta County                 ,71,71,17463647,0,0,0,0,0,0,0,0,0,59,59,15255250,0,0,0,0,0,0,0,0,0
200904,13,085,3,5,Dawson County                 ,10,10,1733000,0,0,0,0,0,0,0,0,0,10,10,1733000,0,0,0,0,0,0,0,0,0
200904,13,089,3,5,DeKalb County                 ,84,84,26041650,0,0,0,0,0,0,1,5,873465,74,74,22875962,0,0,0,0,0,0,0,0,0
200904,13,095,3,5,Dougherty County              ,7,7,780768,3,6,450162,1,3,152768,0,0,0,0,0,0,0,0,0,0,0,0,0,0,0
200904,13,097,3,5,Douglas County                ,31,31,3313343,0,0,0,0,0,0,0,0,0,31,31,3313343,0,0,0,0,0,0,0,0,0
200904,13,113,3,5,Fayette County                ,27,27,7333297,0,0,0,0,0,0,0,0,0,19,19,5078352,0,0,0,0,0,0,0,0,0
200904,13,117,3,5,Forsyth County                ,206,206,25581490,0,0,0,0,0,0,0,0,0,206,206,25581490,0,0,0,0,0,0,0,0,0
200904,13,121,3,5,Fulton County                 ,237,237,40007821,1,2,424745,0,0,0,3,36,2443053,228,228,38501038,1,2,424745,0,0,0,3,36,2443053
200904,13,127,3,5,Glynn County                  ,91,91,23861719,0,0,0,0,0,0,0,0,0,0,0,0,0,0,0,0,0,0,0,0,0
200904,13,133,3,5,Greene County                 ,23,23,8353955,0,0,0,0,0,0,0,0,0,23,23,8353955,0,0,0,0,0,0,0,0,0
200904,13,135,3,5,Gwinnett County               ,215,215,35884287,0,0,0,0,0,0,4,102,6843678,208,208,34823684,0,0,0,0,0,0,4,102,6843678
200904,13,143,3,5,Haralson County               ,6,6,976135,0,0,0,1,3,50000,0,0,0,3,3,456564,0,0,0,1,3,50000,0,0,0
200904,13,145,3,5,Harris County                 ,35,35,8002500,0,0,0,0,0,0,0,0,0,35,35,8002500,0,0,0,0,0,0,0,0,0
200904,13,149,3,5,Heard County                  ,2,2,268742,0,0,0,0,0,0,0,0,0,0,0,0,0,0,0,0,0,0,0,0,0
200904,13,151,3,5,Henry County                  ,91,91,15681199,0,0,0,1,4,684411,0,0,0,90,90,15413047,0,0,0,1,4,684411,0,0,0
200904,13,159,3,5,Jasper County                 ,21,21,2869130,0,0,0,0,0,0,0,0,0,21,21,2869130,0,0,0,0,0,0,0,0,0
200904,13,169,3,5,Jones County                  ,20,20,2344000,1,2,60000,0,0,0,0,0,0,20,20,2344000,1,2,60000,0,0,0,0,0,0
200904,13,171,3,5,Lamar County                  ,9,9,1107659,0,0,0,0,0,0,0,0,0,9,9,1107659,0,0,0,0,0,0,0,0,0
200904,13,177,3,5,Lee County                    ,33,33,3771409,0,0,0,0,0,0,0,0,0,0,0,0,0,0,0,0,0,0,0,0,0
200904,13,189,3,5,McDuffie County               ,7,7,977000,0,0,0,0,0,0,0,0,0,7,7,977000,0,0,0,0,0,0,0,0,0
200904,13,199,3,5,Meriwether County             ,12,12,2016688,0,0,0,0,0,0,0,0,0,8,8,1411520,0,0,0,0,0,0,0,0,0
200904,13,211,3,5,Morgan County                 ,6,6,1094355,0,0,0,0,0,0,0,0,0,2,2,256052,0,0,0,0,0,0,0,0,0
200904,13,213,3,5,Murray County                 ,17,17,2613302,0,0,0,0,0,0,0,0,0,17,17,2613302,0,0,0,0,0,0,0,0,0
200904,13,215,3,5,Muscogee County               ,65,65,6882519,1,2,165680,2,6,272622,4,41,3099891,0,0,0,0,0,0,0,0,0,0,0,0
200904,13,217,3,5,Newton County                 ,15,15,2533364,0,0,0,0,0,0,0,0,0,15,15,2533364,0,0,0,0,0,0,0,0,0
200904,13,223,3,5,Paulding County               ,127,127,22309415,0,0,0,0,0,0,0,0,0,96,96,16967705,0,0,0,0,0,0,0,0,0
200904,13,227,3,5,Pickens County                ,13,13,3858000,0,0,0,0,0,0,0,0,0,13,13,3858000,0,0,0,0,0,0,0,0,0
200904,13,231,3,5,Pike County                   ,18,18,2472327,0,0,0,0,0,0,0,0,0,3,3,533000,0,0,0,0,0,0,0,0,0
200904,13,237,3,5,Putnam County                 ,17,17,3145251,0,0,0,0,0,0,0,0,0,17,17,3145251,0,0,0,0,0,0,0,0,0
200904,13,239,3,5,Quitman County                ,2,2,178500,0,0,0,0,0,0,0,0,0,2,2,178500,0,0,0,0,0,0,0,0,0
200904,13,247,3,5,Rockdale County               ,14,14,4335408,0,0,0,0,0,0,0,0,0,14,14,4335408,0,0,0,0,0,0,0,0,0
200904,13,255,3,5,Spalding County               ,42,42,5140375,0,0,0,0,0,0,0,0,0,42,42,5140375,0,0,0,0,0,0,0,0,0
200904,13,291,3,5,Union County                  ,31,31,5501793,0,0,0,0,0,0,0,0,0,31,31,5501793,0,0,0,0,0,0,0,0,0
200904,13,297,3,5,Walton County                 ,21,21,3271440,0,0,0,0,0,0,0,0,0,20,20,3136440,0,0,0,0,0,0,0,0,0
200904,13,313,3,5,Whitfield County              ,29,29,3400267,0,0,0,1,3,143250,1,5,247052,11,11,1288752,0,0,0,0,0,0,0,0,0
200904,13,321,3,5,Worth County                  ,13,13,1782600,0,0,0,0,0,0,0,0,0,13,13,1782600,0,0,0,0,0,0,0,0,0
200904,15,001,4,9,Hawaii County                 ,263,263,52818064,0,0,0,1,3,1500000,0,0,0,263,263,52818064,0,0,0,1,3,1500000,0,0,0
200904,15,003,4,9,Honolulu County               ,183,183,61253455,0,0,0,0,0,0,3,59,7568397,132,132,43078647,0,0,0,0,0,0,1,44,5700000
200904,15,007,4,9,Kauai County                  ,61,61,17421500,0,0,0,0,0,0,17,255,126183193,61,61,17421500,0,0,0,0,0,0,17,255,126183193
200904,15,009,4,9,Maui County                   ,88,88,19466544,1,2,276720,8,29,7049900,2,60,13540000,88,88,19466544,1,2,276720,8,29,7049900,2,60,13540000
200904,16,001,4,8,Ada County                    ,293,293,57813314,1,2,240208,26,98,3020100,0,0,0,256,256,49154204,1,2,240208,26,98,3020100,0,0,0
200904,16,015,4,8,Boise County                  ,6,6,936895,0,0,0,0,0,0,0,0,0,6,6,936895,0,0,0,0,0,0,0,0,0
200904,16,027,4,8,Canyon County                 ,105,105,13248990,0,0,0,1,3,175388,0,0,0,83,83,10544467,0,0,0,0,0,0,0,0,0
200904,16,045,4,8,Gem County                    ,3,3,592823,0,0,0,0,0,0,0,0,0,3,3,592823,0,0,0,0,0,0,0,0,0
200904,16,073,4,8,Owyhee County                 ,2,2,470658,0,0,0,0,0,0,0,0,0,1,1,199439,0,0,0,0,0,0,0,0,0
200904,17,005,2,3,Bond County                   ,10,10,1263099,0,0,0,0,0,0,0,0,0,9,9,1103555,0,0,0,0,0,0,0,0,0
200904,17,013,2,3,Calhoun County                ,6,6,810000,0,0,0,0,0,0,0,0,0,6,6,810000,0,0,0,0,0,0,0,0,0
200904,17,027,2,3,Clinton County                ,36,36,7493352,1,2,260000,0,0,0,0,0,0,32,32,6598600,1,2,260000,0,0,0,0,0,0
200904,17,031,2,3,Cook County                   ,165,165,52880224,9,18,3295000,16,49,9792436,11,87,21516101,138,138,44269927,9,18,3295000,16,49,9792436,8,54,19050000
200904,17,037,2,3,DeKalb County                 ,29,29,5358511,0,0,0,0,0,0,2,11,624889,20,20,4154000,0,0,0,0,0,0,1,6,421000
200904,17,039,2,3,De Witt County                ,9,9,1730000,0,0,0,0,0,0,0,0,0,9,9,1730000,0,0,0,0,0,0,0,0,0
200904,17,043,2,3,DuPage County                 ,109,109,39103749,1,2,400000,0,0,0,2,11,1003318,86,86,31514534,1,2,400000,0,0,0,0,0,0
200904,17,063,2,3,Grundy County                 ,13,13,1916647,0,0,0,0,0,0,2,10,512820,10,10,1435000,0,0,0,0,0,0,0,0,0
200904,17,083,2,3,Jersey County                 ,7,7,1191882,0,0,0,0,0,0,1,5,289248,5,5,938647,0,0,0,0,0,0,0,0,0
200904,17,089,2,3,Kane County                   ,113,113,23410181,0,0,0,1,4,461046,0,0,0,104,104,21563108,0,0,0,1,4,461046,0,0,0
200904,17,093,2,3,Kendall County                ,56,56,9857761,0,0,0,0,0,0,0,0,0,16,16,3923837,0,0,0,0,0,0,0,0,0
200904,17,097,2,3,Lake County                   ,120,120,29881338,0,0,0,0,0,0,2,10,1250000,102,102,22839849,0,0,0,0,0,0,0,0,0
200904,17,111,2,3,McHenry County                ,66,66,11445795,1,2,291398,0,0,0,2,12,147425,42,42,7810710,0,0,0,0,0,0,2,12,147425
200904,17,117,2,3,Macoupin County               ,12,12,2536765,0,0,0,0,0,0,0,0,0,6,6,1370078,0,0,0,0,0,0,0,0,0
200904,17,119,2,3,Madison County                ,81,81,17856108,0,0,0,0,0,0,3,20,1206810,68,68,15092885,0,0,0,0,0,0,3,20,1206810
200904,17,133,2,3,Monroe County                 ,26,26,4743933,0,0,0,0,0,0,0,0,0,22,22,3893248,0,0,0,0,0,0,0,0,0
200904,17,163,2,3,St. Clair County              ,130,130,25280281,3,6,510000,0,0,0,1,16,850000,84,84,14813068,3,6,510000,0,0,0,1,16,850000
200904,17,197,2,3,Will County                   ,104,104,26098805,0,0,0,0,0,0,0,0,0,74,74,20121986,0,0,0,0,0,0,0,0,0
200904,18,001,2,3,Adams County                  ,14,14,1633300,0,0,0,0,0,0,0,0,0,14,14,1633300,0,0,0,0,0,0,0,0,0
200904,18,003,2,3,Allen County                  ,140,140,23252927,0,0,0,0,0,0,1,8,1500000,140,140,23252927,0,0,0,0,0,0,1,8,1500000
200904,18,011,2,3,Boone County                  ,64,64,12808937,1,2,200000,0,0,0,0,0,0,64,64,12808937,1,2,200000,0,0,0,0,0,0
200904,18,013,2,3,Brown County                  ,45,45,9193956,0,0,0,0,0,0,0,0,0,45,45,9193956,0,0,0,0,0,0,0,0,0
200904,18,019,2,3,Clark County                  ,75,75,11968073,4,8,540000,0,0,0,0,0,0,72,72,11418387,4,8,540000,0,0,0,0,0,0
200904,18,029,2,3,Dearborn County               ,23,23,3151300,2,4,240000,0,0,0,1,6,347000,23,23,3151300,2,4,240000,0,0,0,1,6,347000
200904,18,043,2,3,Floyd County                  ,30,30,6646687,1,2,95000,0,0,0,0,0,0,26,26,6065500,1,2,95000,0,0,0,0,0,0
200904,18,047,2,3,Franklin County               ,12,12,2445000,0,0,0,0,0,0,0,0,0,12,12,2445000,0,0,0,0,0,0,0,0,0
200904,18,049,2,3,Fulton County                 ,6,6,1052832,0,0,0,0,0,0,0,0,0,5,5,900000,0,0,0,0,0,0,0,0,0
200904,18,057,2,3,Hamilton County               ,388,388,70486322,17,34,3739389,1,4,359534,18,235,14742305,388,388,70486322,17,34,3739389,1,4,359534,18,235,14742305
200904,18,059,2,3,Hancock County                ,42,42,6655908,1,2,368000,0,0,0,1,5,245040,27,27,4729600,1,2,368000,0,0,0,0,0,0
200904,18,061,2,3,Harrison County               ,16,16,3272442,0,0,0,0,0,0,0,0,0,16,16,3272442,0,0,0,0,0,0,0,0,0
200904,18,063,2,3,Hendricks County              ,139,139,25416811,0,0,0,0,0,0,0,0,0,136,136,24823405,0,0,0,0,0,0,0,0,0
200904,18,065,2,3,Henry County                  ,4,4,525167,0,0,0,0,0,0,0,0,0,4,4,525167,0,0,0,0,0,0,0,0,0
200904,18,069,2,3,Huntington County             ,3,3,490213,0,0,0,0,0,0,0,0,0,3,3,490213,0,0,0,0,0,0,0,0,0
200904,18,073,2,3,Jasper County                 ,24,24,4469888,1,2,216099,0,0,0,0,0,0,20,20,3661704,0,0,0,0,0,0,0,0,0
200904,18,079,2,3,Jennings County               ,14,14,1867922,0,0,0,0,0,0,0,0,0,14,14,1867922,0,0,0,0,0,0,0,0,0
200904,18,081,2,3,Johnson County                ,70,70,13630651,0,0,0,0,0,0,8,64,3882780,63,63,12874570,0,0,0,0,0,0,8,64,3882780
200904,18,087,2,3,Lagrange County               ,15,15,2347313,0,0,0,0,0,0,0,0,0,0,0,0,0,0,0,0,0,0,0,0,0
200904,18,089,2,3,Lake County                   ,140,140,29429287,4,8,700000,1,3,327000,0,0,0,133,133,28215109,4,8,700000,1,3,327000,0,0,0
200904,18,097,2,3,Marion County                 ,181,181,31562165,0,0,0,0,0,0,2,130,6714245,181,181,31562165,0,0,0,0,0,0,2,130,6714245
200904,18,105,2,3,Monroe County                 ,52,52,8497753,0,0,0,0,0,0,4,36,2536210,52,52,8497753,0,0,0,0,0,0,4,36,2536210
200904,18,109,2,3,Morgan County                 ,17,17,3096000,0,0,0,0,0,0,0,0,0,17,17,3096000,0,0,0,0,0,0,0,0,0
200904,18,111,2,3,Newton County                 ,6,6,751666,0,0,0,0,0,0,0,0,0,4,4,475000,0,0,0,0,0,0,0,0,0
200904,18,115,2,3,Ohio County                   ,3,3,250000,0,0,0,0,0,0,0,0,0,3,3,250000,0,0,0,0,0,0,0,0,0
200904,18,125,2,3,Pike County                   ,6,6,894307,0,0,0,0,0,0,0,0,0,6,6,894307,0,0,0,0,0,0,0,0,0
200904,18,127,2,3,Porter County                 ,55,55,13940041,0,0,0,0,0,0,0,0,0,54,54,13518871,0,0,0,0,0,0,0,0,0
200904,18,133,2,3,Putnam County                 ,10,10,1236000,0,0,0,0,0,0,0,0,0,10,10,1236000,0,0,0,0,0,0,0,0,0
200904,18,145,2,3,Shelby County                 ,9,9,1945000,0,0,0,1,3,0,0,0,0,9,9,1945000,0,0,0,0,0,0,0,0,0
200904,18,155,2,3,Switzerland County            ,9,9,524395,0,0,0,0,0,0,0,0,0,0,0,0,0,0,0,0,0,0,0,0,0
200904,18,157,2,3,Tippecanoe County             ,85,85,15287597,0,0,0,0,0,0,1,5,429991,66,66,11464027,0,0,0,0,0,0,0,0,0
200904,18,163,2,3,Vanderburgh County            ,42,42,5430892,0,0,0,0,0,0,5,25,5290777,0,0,0,0,0,0,0,0,0,0,0,0
200904,18,167,2,3,Vigo County                   ,33,33,5162705,1,2,190859,0,0,0,2,11,628232,27,27,4420447,0,0,0,0,0,0,0,0,0
200904,18,175,2,3,Washington County             ,6,6,870219,0,0,0,0,0,0,0,0,0,1,1,140000,0,0,0,0,0,0,0,0,0
200904,18,179,2,3,Wells County                  ,11,11,2253425,0,0,0,0,0,0,0,0,0,11,11,2253425,0,0,0,0,0,0,0,0,0
200904,18,181,2,3,White County                  ,11,11,1354500,0,0,0,0,0,0,0,0,0,11,11,1354500,0,0,0,0,0,0,0,0,0
200904,18,183,2,3,Whitley County                ,15,15,2470000,0,0,0,0,0,0,0,0,0,15,15,2470000,0,0,0,0,0,0,0,0,0
200904,19,049,2,4,Dallas County                 ,40,40,7959889,0,0,0,0,0,0,0,0,0,39,39,7812389,0,0,0,0,0,0,0,0,0
200904,19,077,2,4,Guthrie County                ,5,5,1000000,0,0,0,0,0,0,0,0,0,5,5,1000000,0,0,0,0,0,0,0,0,0
200904,19,085,2,4,Harrison County               ,5,5,1021913,0,0,0,0,0,0,0,0,0,5,5,1021913,0,0,0,0,0,0,0,0,0
200904,19,121,2,4,Madison County                ,8,8,1713533,0,0,0,0,0,0,0,0,0,2,2,495000,0,0,0,0,0,0,0,0,0
200904,19,129,2,4,Mills County                  ,5,5,710000,0,0,0,0,0,0,0,0,0,5,5,710000,0,0,0,0,0,0,0,0,0
200904,19,153,2,4,Polk County                   ,258,258,51351392,2,4,478000,0,0,0,0,0,0,248,248,49880666,2,4,478000,0,0,0,0,0,0
200904,19,155,2,4,Pottawattamie County          ,36,36,5534494,1,2,157527,0,0,0,0,0,0,25,25,4035122,1,2,157527,0,0,0,0,0,0
200904,19,181,2,4,Warren County                 ,39,39,8683341,0,0,0,0,0,0,0,0,0,38,38,8445359,0,0,0,0,0,0,0,0,0
200904,20,055,2,4,Finney County                 ,4,4,622679,0,0,0,0,0,0,0,0,0,4,4,622679,0,0,0,0,0,0,0,0,0
200904,20,059,2,4,Franklin County               ,9,9,1133500,0,0,0,1,4,296759,0,0,0,9,9,1133500,0,0,0,1,4,296759,0,0,0
200904,20,063,2,4,Gove County                   ,0,0,0,0,0,0,0,0,0,0,0,0,0,0,0,0,0,0,0,0,0,0,0,0
200904,20,091,2,4,Johnson County                ,162,162,40869748,3,6,832138,1,4,639296,0,0,0,154,154,38599774,2,4,620000,1,4,639296,0,0,0
200904,20,103,2,4,Leavenworth County            ,42,42,6620106,0,0,0,0,0,0,0,0,0,42,42,6620106,0,0,0,0,0,0,0,0,0
200904,20,107,2,4,Linn County                   ,11,11,2058078,0,0,0,0,0,0,0,0,0,7,7,1485000,0,0,0,0,0,0,0,0,0
200904,20,121,2,4,Miami County                  ,13,13,2555706,0,0,0,0,0,0,0,0,0,7,7,921525,0,0,0,0,0,0,0,0,0
200904,20,129,2,4,Morton County                 ,1,1,200000,0,0,0,0,0,0,0,0,0,0,0,0,0,0,0,0,0,0,0,0,0
200904,20,151,2,4,Pratt County                  ,0,0,0,3,6,405000,0,0,0,0,0,0,0,0,0,3,6,405000,0,0,0,0,0,0
200904,20,183,2,4,Smith County                  ,1,1,119314,1,2,198498,0,0,0,0,0,0,0,0,0,0,0,0,0,0,0,0,0,0
200904,20,209,2,4,Wyandotte County              ,32,32,4885107,0,0,0,0,0,0,0,0,0,32,32,4885107,0,0,0,0,0,0,0,0,0
200904,21,005,3,6,Anderson County               ,10,10,1689792,0,0,0,0,0,0,0,0,0,10,10,1689792,0,0,0,0,0,0,0,0,0
200904,21,015,3,6,Boone County                  ,100,100,13092770,0,0,0,0,0,0,0,0,0,100,100,13092770,0,0,0,0,0,0,0,0,0
200904,21,021,3,6,Boyle County                  ,6,6,1067000,0,0,0,2,8,500000,0,0,0,6,6,1067000,0,0,0,2,8,500000,0,0,0
200904,21,029,3,6,Bullitt County                ,51,51,8142388,0,0,0,0,0,0,1,23,1385000,34,34,5185090,0,0,0,0,0,0,1,23,1385000
200904,21,037,3,6,Campbell County               ,26,26,4067508,3,6,532240,4,15,1396200,0,0,0,26,26,4067508,3,6,532240,4,15,1396200,0,0,0
200904,21,049,3,6,Clark County                  ,19,19,3204836,0,0,0,0,0,0,0,0,0,0,0,0,0,0,0,0,0,0,0,0,0
200904,21,059,3,6,Daviess County                ,62,62,5284255,0,0,0,0,0,0,0,0,0,62,62,5284255,0,0,0,0,0,0,0,0,0
200904,21,067,3,6,Fayette County                ,249,249,33946857,4,8,1070000,1,4,300000,2,148,10444905,249,249,33946857,4,8,1070000,1,4,300000,2,148,10444905
200904,21,077,3,6,Gallatin County               ,4,4,225055,0,0,0,0,0,0,0,0,0,4,4,225055,0,0,0,0,0,0,0,0,0
200904,21,081,3,6,Grant County                  ,8,8,1146000,0,0,0,0,0,0,0,0,0,8,8,1146000,0,0,0,0,0,0,0,0,0
200904,21,103,3,6,Henry County                  ,7,7,1011000,0,0,0,0,0,0,0,0,0,7,7,1011000,0,0,0,0,0,0,0,0,0
200904,21,111,3,6,Jefferson County              ,191,191,35041785,1,2,200000,3,9,1176573,1,16,640000,191,191,35041785,1,2,200000,3,9,1176573,1,16,640000
200904,21,113,3,6,Jessamine County              ,21,21,4879875,0,0,0,0,0,0,0,0,0,21,21,4879875,0,0,0,0,0,0,0,0,0
200904,21,117,3,6,Kenton County                 ,77,77,9297764,0,0,0,1,3,96924,4,20,506744,54,54,6835693,0,0,0,0,0,0,0,0,0
200904,21,137,3,6,Lincoln County                ,10,10,1774170,0,0,0,0,0,0,0,0,0,10,10,1774170,0,0,0,0,0,0,0,0,0
200904,21,151,3,6,Madison County                ,34,34,3054533,4,8,517888,0,0,0,4,20,674288,10,10,960000,0,0,0,0,0,0,0,0,0
200904,21,157,3,6,Marshall County               ,5,5,662383,0,0,0,0,0,0,1,5,277778,1,1,177547,0,0,0,0,0,0,0,0,0
200904,21,163,3,6,Meade County                  ,19,19,2583719,0,0,0,2,6,192858,1,5,200000,17,17,2340000,0,0,0,0,0,0,0,0,0
200904,21,167,3,6,Mercer County                 ,14,14,2129000,2,4,260000,0,0,0,0,0,0,14,14,2129000,2,4,260000,0,0,0,0,0,0
200904,21,179,3,6,Nelson County                 ,41,41,5510144,0,0,0,0,0,0,0,0,0,41,41,5510144,0,0,0,0,0,0,0,0,0
200904,21,185,3,6,Oldham County                 ,45,45,11795631,0,0,0,0,0,0,0,0,0,0,0,0,0,0,0,0,0,0,0,0,0
200904,21,191,3,6,Pendleton County              ,0,0,0,0,0,0,0,0,0,0,0,0,0,0,0,0,0,0,0,0,0,0,0,0
200904,21,205,3,6,Rowan County                  ,0,0,0,0,0,0,0,0,0,0,0,0,0,0,0,0,0,0,0,0,0,0,0,0
200904,21,209,3,6,Scott County                  ,79,79,9623000,0,0,0,0,0,0,0,0,0,79,79,9623000,0,0,0,0,0,0,0,0,0
200904,21,211,3,6,Shelby County                 ,32,32,3892898,0,0,0,0,0,0,0,0,0,32,32,3892898,0,0,0,0,0,0,0,0,0
200904,21,213,3,6,Simpson County                ,11,11,1582722,4,8,390000,0,0,0,0,0,0,9,9,1330000,4,8,390000,0,0,0,0,0,0
200904,21,215,3,6,Spencer County                ,15,15,2475979,0,0,0,0,0,0,0,0,0,8,8,1411520,0,0,0,0,0,0,0,0,0
200904,21,221,3,6,Trigg County                  ,3,3,471000,0,0,0,0,0,0,0,0,0,3,3,471000,0,0,0,0,0,0,0,0,0
200904,21,239,3,6,Woodford County               ,18,18,3045000,1,2,250000,0,0,0,0,0,0,18,18,3045000,1,2,250000,0,0,0,0,0,0
200904,22,009,3,7,Avoyelles Parish              ,10,10,1139100,0,0,0,0,0,0,0,0,0,0,0,0,0,0,0,0,0,0,0,0,0
200904,22,039,3,7,Evangeline Parish             ,14,14,2853750,0,0,0,0,0,0,0,0,0,14,14,2853750,0,0,0,0,0,0,0,0,0
200904,22,051,3,7,Jefferson Parish              ,96,96,13541346,0,0,0,0,0,0,2,20,2000000,89,89,12379673,0,0,0,0,0,0,2,20,2000000
200904,22,071,3,7,Orleans Parish                ,319,319,41291683,46,92,4934289,0,0,0,2,211,20000000,319,319,41291683,46,92,4934289,0,0,0,2,211,20000000
200904,22,075,3,7,Plaquemines Parish            ,21,21,2441914,0,0,0,0,0,0,0,0,0,21,21,2441914,0,0,0,0,0,0,0,0,0
200904,22,077,3,7,Pointe Coupee Parish          ,26,26,4022360,0,0,0,0,0,0,0,0,0,26,26,4022360,0,0,0,0,0,0,0,0,0
200904,22,087,3,7,St. Bernard Parish            ,23,23,2916816,0,0,0,0,0,0,0,0,0,23,23,2916816,0,0,0,0,0,0,0,0,0
200904,22,089,3,7,St. Charles Parish            ,32,32,6089185,0,0,0,0,0,0,0,0,0,17,17,2881692,0,0,0,0,0,0,0,0,0
200904,22,091,3,7,St. Helena Parish             ,4,4,531477,0,0,0,0,0,0,0,0,0,0,0,0,0,0,0,0,0,0,0,0,0
200904,22,095,3,7,St. John the Baptist Parish   ,19,19,3361470,1,2,150000,0,0,0,0,0,0,19,19,3361470,1,2,150000,0,0,0,0,0,0
200904,22,103,3,7,St. Tammany Parish            ,184,184,27629267,0,0,0,0,0,0,1,5,416667,176,176,26073314,0,0,0,0,0,0,0,0,0
200904,22,109,3,7,Terrebonne Parish             ,75,75,17037187,0,0,0,0,0,0,0,0,0,75,75,17037187,0,0,0,0,0,0,0,0,0
200904,22,117,3,7,Washington Parish             ,32,32,3858224,0,0,0,0,0,0,0,0,0,32,32,3858224,0,0,0,0,0,0,0,0,0
200904,23,000,1,1,Maine Unorganized Territory   ,22,22,2921604,0,0,0,0,0,0,0,0,0,0,0,0,0,0,0,0,0,0,0,0,0
200904,24,003,3,5,Anne Arundel County           ,249,249,44451653,0,0,0,0,0,0,4,124,8462620,248,248,44140571,0,0,0,0,0,0,4,124,8462620
200904,24,005,3,5,Baltimore County              ,103,103,23310964,0,0,0,0,0,0,4,81,8200000,103,103,23310964,0,0,0,0,0,0,4,81,8200000
200904,24,009,3,5,Calvert County                ,74,74,13174447,0,0,0,0,0,0,0,0,0,74,74,13174447,0,0,0,0,0,0,0,0,0
200904,24,013,3,5,Carroll County                ,18,18,4072869,0,0,0,0,0,0,0,0,0,18,18,4072869,0,0,0,0,0,0,0,0,0
200904,24,015,3,5,Cecil County                  ,60,60,8655965,0,0,0,0,0,0,1,11,947486,45,45,5978000,0,0,0,0,0,0,0,0,0
200904,24,017,3,5,Charles County                ,172,172,43823184,0,0,0,0,0,0,7,156,14127000,163,163,42427070,0,0,0,0,0,0,7,156,14127000
200904,24,021,3,5,Frederick County              ,171,171,32405198,0,0,0,0,0,0,5,33,3869500,140,140,26115072,0,0,0,0,0,0,5,33,3869500
200904,24,023,3,5,Garrett County                ,29,29,6651514,0,0,0,0,0,0,0,0,0,29,29,6651514,0,0,0,0,0,0,0,0,0
200904,24,025,3,5,Harford County                ,140,140,26824304,0,0,0,0,0,0,2,28,2090000,140,140,26824304,0,0,0,0,0,0,2,28,2090000
200904,24,027,3,5,Howard County                 ,222,222,49172830,0,0,0,0,0,0,2,32,4000000,222,222,49172830,0,0,0,0,0,0,2,32,4000000
200904,24,031,3,5,Montgomery County             ,268,268,95642367,0,0,0,0,0,0,0,0,0,264,264,94887560,0,0,0,0,0,0,0,0,0
200904,24,033,3,5,Prince George County          ,297,297,43856288,0,0,0,0,0,0,1,171,15839186,294,294,42948620,0,0,0,0,0,0,1,171,15839186
200904,24,035,3,5,Queen Anne County             ,29,29,5794331,1,2,175000,1,3,450000,0,0,0,29,29,5794331,1,2,175000,1,3,450000,0,0,0
200904,24,510,3,5,Baltimore (Independent City)  ,35,35,4285596,0,0,0,0,0,0,7,80,11478996,24,24,2748400,0,0,0,0,0,0,6,49,8994900
200904,25,009,1,1,Essex County                  ,87,87,25677028,8,16,2005211,2,6,322000,3,15,1330989,58,58,18073309,5,10,1208285,2,6,322000,0,0,0
200904,25,017,1,1,Middlesex County              ,230,230,58392269,15,30,4087446,2,7,1094000,12,167,16187011,180,180,50035697,12,24,3445625,2,7,1094000,5,132,12992956
200904,25,019,1,1,Nantucket County              ,11,11,4810100,0,0,0,0,0,0,0,0,0,11,11,4810100,0,0,0,0,0,0,0,0,0
200904,25,021,1,1,Norfolk County                ,109,109,37803122,0,0,0,1,3,718177,17,490,50927808,86,86,28160911,0,0,0,1,3,718177,13,470,49242436
200904,25,023,1,1,Plymouth County               ,131,131,26964743,0,0,0,3,11,2022423,8,194,17970773,67,67,15999451,0,0,0,2,8,1726980,7,189,17794101
200904,25,025,1,1,Suffolk County                ,8,8,1685990,5,10,1457423,2,7,1105200,11,110,14912125,7,7,1541639,3,6,1050000,2,7,1105200,10,105,14247000
200904,26,000,2,3,Michigan Balance of State     ,11,11,1040436,0,0,0,0,0,0,0,0,0,11,11,1040436,0,0,0,0,0,0,0,0,0
200904,26,001,2,3,Alcona County                 ,2,2,250000,0,0,0,0,0,0,0,0,0,2,2,250000,0,0,0,0,0,0,0,0,0
200904,26,009,2,3,Antrim County                 ,4,4,623232,0,0,0,0,0,0,0,0,0,4,4,623232,0,0,0,0,0,0,0,0,0
200904,26,015,2,3,Barry County                  ,21,21,2604875,0,0,0,0,0,0,0,0,0,2,2,460000,0,0,0,0,0,0,0,0,0
200904,26,019,2,3,Benzie County                 ,14,14,1687399,0,0,0,0,0,0,0,0,0,7,7,796289,0,0,0,0,0,0,0,0,0
200904,26,029,2,3,Charlevoix County             ,24,24,3531268,0,0,0,0,0,0,0,0,0,0,0,0,0,0,0,0,0,0,0,0,0
200904,26,031,2,3,Cheboygan County              ,7,7,1189000,0,0,0,0,0,0,0,0,0,7,7,1189000,0,0,0,0,0,0,0,0,0
200904,26,047,2,3,Emmet County                  ,4,4,1599324,0,0,0,0,0,0,0,0,0,4,4,1599324,0,0,0,0,0,0,0,0,0
200904,26,051,2,3,Gladwin County                ,4,4,651534,0,0,0,0,0,0,0,0,0,4,4,651534,0,0,0,0,0,0,0,0,0
200904,26,059,2,3,Hillsdale County              ,5,5,1017158,0,0,0,0,0,0,0,0,0,5,5,1017158,0,0,0,0,0,0,0,0,0
200904,26,067,2,3,Ionia County                  ,17,17,2264322,0,0,0,0,0,0,0,0,0,0,0,0,0,0,0,0,0,0,0,0,0
200904,26,079,2,3,Kalkaska County               ,5,5,1126000,0,0,0,0,0,0,0,0,0,5,5,1126000,0,0,0,0,0,0,0,0,0
200904,26,081,2,3,Kent County                   ,116,116,22287197,1,2,240000,1,4,360000,0,0,0,105,105,20921139,1,2,240000,1,4,360000,0,0,0
200904,26,087,2,3,Lapeer County                 ,5,5,522500,0,0,0,0,0,0,0,0,0,4,4,370000,0,0,0,0,0,0,0,0,0
200904,26,089,2,3,Leelanau County               ,12,12,2680572,0,0,0,0,0,0,0,0,0,12,12,2680572,0,0,0,0,0,0,0,0,0
200904,26,093,2,3,Livingston County             ,20,20,4133868,0,0,0,0,0,0,0,0,0,17,17,3827842,0,0,0,0,0,0,0,0,0
200904,26,099,2,3,Macomb County                 ,60,60,13364266,1,2,306174,0,0,0,0,0,0,52,52,11225241,1,2,306174,0,0,0,0,0,0
200904,26,103,2,3,Marquette County              ,8,8,1555000,0,0,0,0,0,0,0,0,0,8,8,1555000,0,0,0,0,0,0,0,0,0
200904,26,113,2,3,Missaukee County              ,3,3,467762,0,0,0,0,0,0,0,0,0,0,0,0,0,0,0,0,0,0,0,0,0
200904,26,123,2,3,Newaygo County                ,8,8,1024066,0,0,0,0,0,0,0,0,0,2,2,129000,0,0,0,0,0,0,0,0,0
200904,26,125,2,3,Oakland County                ,94,94,25600492,0,0,0,1,3,238365,0,0,0,71,71,20341608,0,0,0,0,0,0,0,0,0
200904,26,129,2,3,Ogemaw County                 ,4,4,658485,0,0,0,0,0,0,0,0,0,4,4,658485,0,0,0,0,0,0,0,0,0
200904,26,133,2,3,Osceola County                ,8,8,635500,0,0,0,0,0,0,0,0,0,8,8,635500,0,0,0,0,0,0,0,0,0
200904,26,137,2,3,Otsego County                 ,7,7,1638887,0,0,0,0,0,0,1,5,442926,0,0,0,0,0,0,0,0,0,0,0,0
200904,26,141,2,3,Presque Isle County           ,5,5,606000,1,2,190000,0,0,0,0,0,0,5,5,606000,1,2,190000,0,0,0,0,0,0
200904,26,147,2,3,St. Clair County              ,35,35,1306377,0,0,0,0,0,0,0,0,0,29,29,715790,0,0,0,0,0,0,0,0,0
200904,26,163,2,3,Wayne County                  ,69,69,14136478,0,0,0,8,24,2256000,0,0,0,67,67,13970391,0,0,0,8,24,2256000,0,0,0
200904,27,003,2,4,Anoka County                  ,78,78,18266399,0,0,0,0,0,0,1,12,1693702,71,71,16733878,0,0,0,0,0,0,1,12,1693702
200904,27,019,2,4,Carver County                 ,59,59,16407595,0,0,0,1,4,600000,0,0,0,55,55,15469236,0,0,0,1,4,600000,0,0,0
200904,27,025,2,4,Chisago County                ,5,5,820323,0,0,0,0,0,0,0,0,0,4,4,623134,0,0,0,0,0,0,0,0,0
200904,27,037,2,4,Dakota County                 ,75,75,19619463,0,0,0,0,0,0,1,10,1500000,64,64,16896549,0,0,0,0,0,0,1,10,1500000
200904,27,053,2,4,Hennepin County               ,168,168,55066757,2,4,760110,0,0,0,1,6,960756,167,167,54485564,2,4,760110,0,0,0,1,6,960756
200904,27,059,2,4,Isanti County                 ,3,3,402775,0,0,0,0,0,0,0,0,0,0,0,0,0,0,0,0,0,0,0,0,0
200904,27,123,2,4,Ramsey County                 ,16,16,3089822,0,0,0,2,6,320000,3,184,3171908,15,15,2891730,0,0,0,2,6,320000,2,177,2236200
200904,27,139,2,4,Scott County                  ,76,76,19083025,0,0,0,0,0,0,0,0,0,70,70,17850910,0,0,0,0,0,0,0,0,0
200904,27,141,2,4,Sherburne County              ,15,15,2716489,0,0,0,0,0,0,0,0,0,15,15,2716489,0,0,0,0,0,0,0,0,0
200904,27,163,2,4,Washington County             ,133,133,33219239,1,2,387660,0,0,0,0,0,0,131,131,32430920,1,2,387660,0,0,0,0,0,0
200904,27,171,2,4,Wright County                 ,48,48,8198425,0,0,0,0,0,0,1,5,454545,18,18,3651008,0,0,0,0,0,0,0,0,0
200904,28,021,3,6,Claiborne County              ,0,0,0,0,0,0,0,0,0,0,0,0,0,0,0,0,0,0,0,0,0,0,0,0
200904,28,033,3,6,DeSoto County                 ,114,114,14930674,0,0,0,0,0,0,0,0,0,78,78,8921820,0,0,0,0,0,0,0,0,0
200904,28,039,3,6,George County                 ,1,1,60000,0,0,0,0,0,0,0,0,0,1,1,60000,0,0,0,0,0,0,0,0,0
200904,28,071,3,6,Lafayette County              ,13,13,1716400,2,4,475000,0,0,0,0,0,0,13,13,1716400,2,4,475000,0,0,0,0,0,0
200904,28,091,3,6,Marion County                 ,1,1,230000,0,0,0,0,0,0,0,0,0,1,1,230000,0,0,0,0,0,0,0,0,0
200904,28,093,3,6,Marshall County               ,27,27,4549705,0,0,0,0,0,0,0,0,0,7,7,1306000,0,0,0,0,0,0,0,0,0
200904,28,137,3,6,Tate County                   ,18,18,1664860,0,0,0,0,0,0,1,5,500000,1,1,100000,0,0,0,0,0,0,0,0,0
200904,28,143,3,6,Tunica County                 ,2,2,160715,0,0,0,0,0,0,0,0,0,0,0,0,0,0,0,0,0,0,0,0,0
200904,28,153,3,6,Wayne County                  ,4,4,260000,0,0,0,0,0,0,0,0,0,4,4,260000,0,0,0,0,0,0,0,0,0
200904,29,001,2,4,Adair County                  ,2,2,1100142,1,2,242075,0,0,0,0,0,0,2,2,1100142,1,2,242075,0,0,0,0,0,0
200904,29,013,2,4,Bates County                  ,0,0,0,0,0,0,0,0,0,0,0,0,0,0,0,0,0,0,0,0,0,0,0,0
200904,29,019,2,4,Boone County                  ,178,178,22639729,9,18,1910000,0,0,0,2,54,3445109,178,178,22639729,9,18,1910000,0,0,0,2,54,3445109
200904,29,025,2,4,Caldwell County               ,3,3,592010,0,0,0,0,0,0,0,0,0,0,0,0,0,0,0,0,0,0,0,0,0
200904,29,037,2,4,Cass County                   ,36,36,6838237,1,2,90000,0,0,0,0,0,0,27,27,5787328,1,2,90000,0,0,0,0,0,0
200904,29,047,2,4,Clay County                   ,18,18,3570489,0,0,0,0,0,0,1,5,175925,14,14,2940700,0,0,0,0,0,0,0,0,0
200904,29,049,2,4,Clinton County                ,9,9,1571326,0,0,0,0,0,0,0,0,0,1,1,137500,0,0,0,0,0,0,0,0,0
200904,29,065,2,4,Dent County                   ,0,0,0,0,0,0,0,0,0,0,0,0,0,0,0,0,0,0,0,0,0,0,0,0
200904,29,071,2,4,Franklin County               ,78,78,15748833,1,2,280000,0,0,0,0,0,0,63,63,12511819,1,2,280000,0,0,0,0,0,0
200904,29,079,2,4,Grundy County                 ,0,0,0,0,0,0,0,0,0,0,0,0,0,0,0,0,0,0,0,0,0,0,0,0
200904,29,095,2,4,Jackson County                ,62,62,11777782,8,16,882792,10,40,2453835,4,33,2212000,62,62,11777782,8,16,882792,10,40,2453835,4,33,2212000
200904,29,099,2,4,Jefferson County              ,158,158,21468366,0,0,0,0,0,0,0,0,0,158,158,21468366,0,0,0,0,0,0,0,0,0
200904,29,105,2,4,Laclede County                ,4,4,399131,2,4,254398,0,0,0,2,10,500000,0,0,0,0,0,0,0,0,0,0,0,0
200904,29,107,2,4,Lafayette County              ,8,8,1577877,0,0,0,0,0,0,0,0,0,0,0,0,0,0,0,0,0,0,0,0,0
200904,29,113,2,4,Lincoln County                ,13,13,1689157,0,0,0,0,0,0,1,5,250000,10,10,1080600,0,0,0,0,0,0,1,5,250000
200904,29,141,2,4,Morgan County                 ,0,0,0,0,0,0,0,0,0,0,0,0,0,0,0,0,0,0,0,0,0,0,0,0
200904,29,161,2,4,Phelps County                 ,9,9,881660,2,4,519310,2,7,722660,0,0,0,9,9,881660,2,4,519310,2,7,722660,0,0,0
200904,29,165,2,4,Platte County                 ,21,21,4236879,0,0,0,0,0,0,0,0,0,20,20,4159662,0,0,0,0,0,0,0,0,0
200904,29,177,2,4,Ray County                    ,10,10,1499980,0,0,0,0,0,0,0,0,0,8,8,1131000,0,0,0,0,0,0,0,0,0
200904,29,183,2,4,St. Charles County            ,277,277,51901811,2,4,288000,11,41,3707986,5,42,3910218,252,252,43997662,2,4,288000,11,41,3707986,5,42,3910218
200904,29,189,2,4,St. Louis County              ,133,133,46596303,0,0,0,0,0,0,1,6,308662,72,72,24682644,0,0,0,0,0,0,0,0,0
200904,29,219,2,4,Warren County                 ,32,32,5819206,0,0,0,1,3,318456,0,0,0,29,29,5259755,0,0,0,1,3,318456,0,0,0
200904,29,221,2,4,Washington County             ,1,1,40000,0,0,0,0,0,0,0,0,0,1,1,40000,0,0,0,0,0,0,0,0,0
200904,29,510,2,4,St. Louis (Independent City)  ,34,34,5128923,0,0,0,2,7,750850,1,8,979382,26,26,4067000,0,0,0,1,4,424500,0,0,0
200904,30,023,4,8,Deer Lodge County             ,1,1,44000,0,0,0,0,0,0,0,0,0,1,1,44000,0,0,0,0,0,0,0,0,0
200904,30,063,4,8,Missoula County               ,54,54,7061763,3,6,351346,0,0,0,0,0,0,54,54,7061763,3,6,351346,0,0,0,0,0,0
200904,31,025,2,4,Cass County                   ,13,13,1890590,0,0,0,0,0,0,0,0,0,13,13,1890590,0,0,0,0,0,0,0,0,0
200904,31,033,2,4,Cheyenne County               ,1,1,168000,0,0,0,0,0,0,0,0,0,1,1,168000,0,0,0,0,0,0,0,0,0
200904,31,055,2,4,Douglas County                ,329,329,35374542,1,2,87666,0,0,0,9,165,9819708,327,327,35047349,1,2,87666,0,0,0,8,160,9211720
200904,31,077,2,4,Greeley County                ,0,0,0,0,0,0,0,0,0,0,0,0,0,0,0,0,0,0,0,0,0,0,0,0
200904,31,105,2,4,Kimball County                ,0,0,0,0,0,0,0,0,0,0,0,0,0,0,0,0,0,0,0,0,0,0,0,0
200904,31,153,2,4,Sarpy County                  ,325,325,57168492,0,0,0,0,0,0,0,0,0,325,325,57168492,0,0,0,0,0,0,0,0,0
200904,31,155,2,4,Saunders County               ,15,15,2365183,0,0,0,0,0,0,0,0,0,15,15,2365183,0,0,0,0,0,0,0,0,0
200904,31,177,2,4,Washington County             ,5,5,686687,0,0,0,0,0,0,0,0,0,5,5,686687,0,0,0,0,0,0,0,0,0
200904,32,001,4,8,Churchill County              ,7,7,1617657,0,0,0,0,0,0,0,0,0,7,7,1617657,0,0,0,0,0,0,0,0,0
200904,32,003,4,8,Clark County                  ,833,833,114645649,5,10,1290320,18,55,4478169,26,583,33222859,831,831,114109638,5,10,1290320,18,55,4478169,26,583,33222859
200904,32,005,4,8,Douglas County                ,11,11,4320505,0,0,0,0,0,0,0,0,0,11,11,4320505,0,0,0,0,0,0,0,0,0
200904,32,007,4,8,Elko County                   ,34,34,2419442,0,0,0,0,0,0,0,0,0,34,34,2419442,0,0,0,0,0,0,0,0,0
200904,32,013,4,8,Humboldt County               ,7,7,829564,3,6,544302,0,0,0,0,0,0,7,7,829564,3,6,544302,0,0,0,0,0,0
200904,32,015,4,8,Lander County                 ,0,0,0,0,0,0,0,0,0,0,0,0,0,0,0,0,0,0,0,0,0,0,0,0
200904,32,017,4,8,Lincoln County                ,6,6,1015304,0,0,0,0,0,0,0,0,0,5,5,818000,0,0,0,0,0,0,0,0,0
200904,32,019,4,8,Lyon County                   ,2,2,234840,0,0,0,0,0,0,0,0,0,2,2,234840,0,0,0,0,0,0,0,0,0
200904,32,021,4,8,Mineral County                ,1,1,160375,0,0,0,0,0,0,0,0,0,0,0,0,0,0,0,0,0,0,0,0,0
200904,32,027,4,8,Pershing County               ,5,5,116256,0,0,0,0,0,0,0,0,0,5,5,116256,0,0,0,0,0,0,0,0,0
200904,32,029,4,8,Storey County                 ,2,2,371942,0,0,0,0,0,0,0,0,0,0,0,0,0,0,0,0,0,0,0,0,0
200904,32,031,4,8,Washoe County                 ,173,173,35693382,0,0,0,0,0,0,2,48,4792635,145,145,28784138,0,0,0,0,0,0,1,42,4163720
200904,32,033,4,8,White Pine County             ,4,4,916983,0,0,0,0,0,0,0,0,0,4,4,916983,0,0,0,0,0,0,0,0,0
200904,32,510,4,8,Carson City (Independent City),11,11,1497314,0,0,0,0,0,0,0,0,0,11,11,1497314,0,0,0,0,0,0,0,0,0
200904,33,015,1,1,Rockingham County             ,73,73,16256252,1,2,250000,1,4,480000,2,15,743000,56,56,12497913,1,2,250000,1,4,480000,2,15,743000
200904,33,017,1,1,Strafford County              ,52,52,7918027,5,10,545978,0,0,0,1,5,430084,41,41,5922722,5,10,545978,0,0,0,0,0,0
200904,34,001,1,2,Atlantic County               ,123,123,17126198,0,0,0,0,0,0,2,11,1305000,100,100,14637290,0,0,0,0,0,0,2,11,1305000
200904,34,003,1,2,Bergen County                 ,145,145,54203512,8,16,2093852,3,9,1180000,6,52,5466854,76,76,36061871,4,8,1274150,3,9,1180000,2,18,2265003
200904,34,005,1,2,Burlington County             ,131,131,20975528,0,0,0,0,0,0,2,10,498258,93,93,15644994,0,0,0,0,0,0,0,0,0
200904,34,007,1,2,Camden County                 ,78,78,12467729,0,0,0,0,0,0,6,62,3505413,37,37,7595369,0,0,0,0,0,0,1,36,2225000
200904,34,009,1,2,Cape May County               ,70,70,14055472,10,20,3621300,0,0,0,0,0,0,63,63,12590915,10,20,3621300,0,0,0,0,0,0
200904,34,011,1,2,Cumberland County             ,66,66,7419819,0,0,0,1,3,343114,0,0,0,43,43,4788897,0,0,0,0,0,0,0,0,0
200904,34,013,1,2,Essex County                  ,53,53,11820185,5,10,911550,5,15,916000,9,284,27500460,30,30,6938398,5,10,911550,5,15,916000,5,264,25783000
200904,34,015,1,2,Gloucester County             ,154,154,24292044,0,0,0,0,0,0,4,42,1175964,137,137,22034742,0,0,0,0,0,0,4,42,1175964
200904,34,017,1,2,Hudson County                 ,20,20,3072983,23,46,5011160,3,9,86000,16,1035,265002475,10,10,1439700,22,44,4822130,3,9,86000,12,1010,262180000
200904,34,019,1,2,Hunterdon County              ,118,118,14435601,0,0,0,0,0,0,1,5,203395,115,115,13724535,0,0,0,0,0,0,0,0,0
200904,34,021,1,2,Mercer County                 ,60,60,11326628,0,0,0,0,0,0,1,8,757936,46,46,8960344,0,0,0,0,0,0,1,8,757936
200904,34,023,1,2,Middlesex County              ,123,123,20396287,0,0,0,0,0,0,5,34,3160303,109,109,18050623,0,0,0,0,0,0,2,14,1388100
200904,34,025,1,2,Monmouth County               ,188,188,37855817,1,2,4476,0,0,0,14,82,7258185,160,160,32551085,0,0,0,0,0,0,7,42,3012550
200904,34,027,1,2,Morris County                 ,87,87,27893749,1,2,113600,0,0,0,4,230,14383671,46,46,18608094,1,2,113600,0,0,0,2,220,13748586
200904,34,029,1,2,Ocean County                  ,236,236,40506272,0,0,0,0,0,0,1,14,591000,216,216,35914903,0,0,0,0,0,0,1,14,591000
200904,34,031,1,2,Passaic County                ,47,47,7746377,11,22,961620,0,0,0,2,10,1162346,23,23,3756275,8,16,484000,0,0,0,0,0,0
200904,34,033,1,2,Salem County                  ,9,9,889700,0,0,0,0,0,0,0,0,0,7,7,689930,0,0,0,0,0,0,0,0,0
200904,34,035,1,2,Somerset County               ,64,64,11582602,0,0,0,0,0,0,5,25,2300909,54,54,10142836,0,0,0,0,0,0,0,0,0
200904,34,037,1,2,Sussex County                 ,42,42,8131870,2,4,82700,0,0,0,1,5,25000,23,23,4422151,2,4,82700,0,0,0,0,0,0
200904,34,039,1,2,Union County                  ,50,50,11605994,8,16,1181916,2,6,345700,4,20,1452783,20,20,5365881,3,6,451100,0,0,0,0,0,0
200904,34,041,1,2,Warren County                 ,30,30,5130617,0,0,0,0,0,0,0,0,0,23,23,3797146,0,0,0,0,0,0,0,0,0
200904,35,000,4,8,New Mexico Balance of State   ,284,284,57254630,0,0,0,0,0,0,0,0,0,284,284,57254630,0,0,0,0,0,0,0,0,0
200904,35,001,4,8,Bernalillo County             ,232,232,42058723,0,0,0,2,7,985409,4,69,5310046,34,34,5807613,0,0,0,0,0,0,0,0,0
200904,35,005,4,8,Chaves County                 ,7,7,1218819,0,0,0,0,0,0,0,0,0,4,4,690000,0,0,0,0,0,0,0,0,0
200904,35,007,4,8,Colfax County                 ,2,2,721504,0,0,0,0,0,0,0,0,0,0,0,0,0,0,0,0,0,0,0,0,0
200904,35,009,4,8,Curry County                  ,63,63,13319272,2,4,509090,0,0,0,0,0,0,63,63,13319272,2,4,509090,0,0,0,0,0,0
200904,35,013,4,8,Dona Ana County               ,273,273,48841171,0,0,0,0,0,0,33,233,12378000,269,269,48126252,0,0,0,0,0,0,33,233,12378000
200904,35,015,4,8,Eddy County                   ,31,31,4840754,0,0,0,0,0,0,0,0,0,26,26,3958225,0,0,0,0,0,0,0,0,0
200904,35,025,4,8,Lea County                    ,6,6,1362733,0,0,0,0,0,0,0,0,0,6,6,1362733,0,0,0,0,0,0,0,0,0
200904,35,027,4,8,Lincoln County                ,15,15,2606560,0,0,0,2,6,263300,0,0,0,1,1,159041,0,0,0,0,0,0,0,0,0
200904,35,028,4,8,Los Alamos County             ,0,0,0,0,0,0,0,0,0,0,0,0,0,0,0,0,0,0,0,0,0,0,0,0
200904,35,029,4,8,Luna County                   ,8,8,1455107,0,0,0,0,0,0,0,0,0,0,0,0,0,0,0,0,0,0,0,0,0
200904,35,031,4,8,McKinley County               ,0,0,0,0,0,0,0,0,0,0,0,0,0,0,0,0,0,0,0,0,0,0,0,0
200904,35,035,4,8,Otero County                  ,1,1,225000,0,0,0,0,0,0,0,0,0,1,1,225000,0,0,0,0,0,0,0,0,0
200904,35,039,4,8,Rio Arriba County             ,0,0,0,0,0,0,0,0,0,0,0,0,0,0,0,0,0,0,0,0,0,0,0,0
200904,35,041,4,8,Roosevelt County              ,6,6,1060000,0,0,0,0,0,0,0,0,0,6,6,1060000,0,0,0,0,0,0,0,0,0
200904,35,043,4,8,Sandoval County               ,191,191,31896555,0,0,0,3,11,935833,0,0,0,142,142,21615109,0,0,0,0,0,0,0,0,0
200904,35,045,4,8,San Juan County               ,66,66,11066752,0,0,0,4,12,469760,0,0,0,62,62,10405899,0,0,0,4,12,469760,0,0,0
200904,35,049,4,8,Santa Fe County               ,26,26,3466607,0,0,0,0,0,0,0,0,0,0,0,0,0,0,0,0,0,0,0,0,0
200904,35,051,4,8,Sierra County                 ,0,0,0,0,0,0,0,0,0,0,0,0,0,0,0,0,0,0,0,0,0,0,0,0
200904,35,053,4,8,Socorro County                ,2,2,532000,0,0,0,0,0,0,0,0,0,2,2,532000,0,0,0,0,0,0,0,0,0
200904,35,055,4,8,Taos County                   ,23,23,3135495,0,0,0,0,0,0,0,0,0,7,7,1381000,0,0,0,0,0,0,0,0,0
200904,35,061,4,8,Valencia County               ,19,19,2366428,0,0,0,0,0,0,0,0,0,0,0,0,0,0,0,0,0,0,0,0,0
200904,36,005,1,2,Bronx County                  ,22,22,4906042,5,10,1062037,7,23,2335765,17,162,15998841,22,22,4906042,5,10,1062037,7,23,2335765,17,162,15998841
200904,36,047,1,2,Kings County                  ,0,0,0,8,16,1712838,11,35,3585240,16,139,13883252,0,0,0,8,16,1712838,11,35,3585240,16,139,13883252
200904,36,059,1,2,Nassau County                 ,97,97,38589193,0,0,0,0,0,0,0,0,0,89,89,35528865,0,0,0,0,0,0,0,0,0
200904,36,061,1,2,New York County               ,0,0,0,0,0,0,0,0,0,7,255,22209411,0,0,0,0,0,0,0,0,0,7,255,22209411
200904,36,079,1,2,Putnam County                 ,6,6,2205960,0,0,0,0,0,0,0,0,0,4,4,1530000,0,0,0,0,0,0,0,0,0
200904,36,081,1,2,Queens County                 ,51,51,11313130,74,148,16057603,28,89,9259239,22,411,40240237,51,51,11313130,74,148,16057603,28,89,9259239,22,411,40240237
200904,36,085,1,2,Richmond County               ,48,48,10647353,50,100,10783309,0,0,0,1,8,757936,48,48,10647353,50,100,10783309,0,0,0,1,8,757936
200904,36,087,1,2,Rockland County               ,24,24,6222040,0,0,0,0,0,0,1,7,663194,22,22,5848040,0,0,0,0,0,0,1,7,663194
200904,36,103,1,2,Suffolk County                ,238,238,77368600,0,0,0,0,0,0,4,96,9095232,192,192,65087814,0,0,0,0,0,0,4,96,9095232
200904,36,119,1,2,Westchester County            ,51,51,22563026,1,2,200000,0,0,0,2,176,23178550,33,33,15813343,1,2,200000,0,0,0,2,176,23178550
200904,37,003,3,5,Alexander County              ,45,45,4833960,0,0,0,0,0,0,0,0,0,45,45,4833960,0,0,0,0,0,0,0,0,0
200904,37,007,3,5,Anson County                  ,9,9,1567415,0,0,0,0,0,0,0,0,0,9,9,1567415,0,0,0,0,0,0,0,0,0
200904,37,009,3,5,Ashe County                   ,25,25,4184400,0,0,0,0,0,0,0,0,0,25,25,4184400,0,0,0,0,0,0,0,0,0
200904,37,011,3,5,Avery County                  ,18,18,11947927,0,0,0,1,4,700000,0,0,0,18,18,11947927,0,0,0,1,4,700000,0,0,0
200904,37,019,3,5,Brunswick County              ,285,285,50458416,0,0,0,0,0,0,9,190,32068972,200,200,35114103,0,0,0,0,0,0,9,190,32068972
200904,37,025,3,5,Cabarrus County               ,132,132,20505022,2,4,270504,0,0,0,9,224,14007976,132,132,20505022,2,4,270504,0,0,0,9,224,14007976
200904,37,027,3,5,Caldwell County               ,43,43,8650000,0,0,0,0,0,0,0,0,0,43,43,8650000,0,0,0,0,0,0,0,0,0
200904,37,037,3,5,Chatham County                ,65,65,15583487,0,0,0,0,0,0,0,0,0,65,65,15583487,0,0,0,0,0,0,0,0,0
200904,37,039,3,5,Cherokee County               ,28,28,4311838,0,0,0,0,0,0,0,0,0,28,28,4311838,0,0,0,0,0,0,0,0,0
200904,37,049,3,5,Craven County                 ,92,92,9292760,0,0,0,0,0,0,2,48,1900000,45,45,5832840,0,0,0,0,0,0,2,48,1900000
200904,37,053,3,5,Currituck County              ,37,37,8225115,0,0,0,0,0,0,0,0,0,37,37,8225115,0,0,0,0,0,0,0,0,0
200904,37,059,3,5,Davie County                  ,10,10,2973795,0,0,0,0,0,0,0,0,0,10,10,2973795,0,0,0,0,0,0,0,0,0
200904,37,063,3,5,Durham County                 ,263,263,49834154,0,0,0,7,28,869000,18,428,9071161,263,263,49834154,0,0,0,7,28,869000,18,428,9071161
200904,37,067,3,5,Forsyth County                ,187,187,26502775,0,0,0,0,0,0,1,8,370000,187,187,26502775,0,0,0,0,0,0,1,8,370000
200904,37,069,3,5,Franklin County               ,36,36,6641612,0,0,0,0,0,0,0,0,0,36,36,6641612,0,0,0,0,0,0,0,0,0
200904,37,071,3,5,Gaston County                 ,147,147,34581069,0,0,0,0,0,0,0,0,0,147,147,34581069,0,0,0,0,0,0,0,0,0
200904,37,081,3,5,Guilford County               ,293,293,55279653,1,2,128630,1,4,276988,9,199,11034465,187,187,30689755,1,2,128630,1,4,276988,9,199,11034465
200904,37,089,3,5,Henderson County              ,104,104,18856006,0,0,0,0,0,0,0,0,0,104,104,18856006,0,0,0,0,0,0,0,0,0
200904,37,093,3,5,Hoke County                   ,172,172,30514249,0,0,0,0,0,0,0,0,0,172,172,30514249,0,0,0,0,0,0,0,0,0
200904,37,097,3,5,Iredell County                ,184,184,28771242,0,0,0,0,0,0,0,0,0,184,184,28771242,0,0,0,0,0,0,0,0,0
200904,37,101,3,5,Johnston County               ,178,178,27441577,0,0,0,0,0,0,0,0,0,162,162,25156175,0,0,0,0,0,0,0,0,0
200904,37,105,3,5,Lee County                    ,29,29,4304710,0,0,0,0,0,0,0,0,0,29,29,4304710,0,0,0,0,0,0,0,0,0
200904,37,109,3,5,Lincoln County                ,92,92,20471075,1,2,110000,0,0,0,0,0,0,0,0,0,0,0,0,0,0,0,0,0,0
200904,37,113,3,5,Macon County                  ,39,39,6688470,0,0,0,0,0,0,0,0,0,39,39,6688470,0,0,0,0,0,0,0,0,0
200904,37,119,3,5,Mecklenburg County            ,287,287,50951409,0,0,0,1,4,381103,12,710,63801523,287,287,50951409,0,0,0,1,4,381103,12,710,63801523
200904,37,127,3,5,Nash County                   ,92,92,10064349,0,0,0,0,0,0,0,0,0,92,92,10064349,0,0,0,0,0,0,0,0,0
200904,37,129,3,5,New Hanover County            ,102,102,22586685,1,2,238793,1,4,145000,2,42,3888537,72,72,15575182,0,0,0,1,4,145000,0,0,0
200904,37,135,3,5,Orange County                 ,50,50,18593061,0,0,0,0,0,0,21,120,14484000,46,46,17357743,0,0,0,0,0,0,21,120,14484000
200904,37,137,3,5,Pamlico County                ,20,20,4730687,0,0,0,0,0,0,0,0,0,20,20,4730687,0,0,0,0,0,0,0,0,0
200904,37,141,3,5,Pender County                 ,44,44,5630017,0,0,0,0,0,0,3,15,1559925,30,30,3765110,0,0,0,0,0,0,0,0,0
200904,37,145,3,5,Person County                 ,15,15,2087000,0,0,0,3,12,928888,3,15,1161111,15,15,2087000,0,0,0,3,12,928888,3,15,1161111
200904,37,147,3,5,Pitt County                   ,126,126,14402471,9,18,1754700,0,0,0,0,0,0,126,126,14402471,9,18,1754700,0,0,0,0,0,0
200904,37,149,3,5,Polk County                   ,14,14,3196140,0,0,0,0,0,0,0,0,0,14,14,3196140,0,0,0,0,0,0,0,0,0
200904,37,151,3,5,Randolph County               ,73,73,13615686,0,0,0,0,0,0,3,24,855340,67,67,13270836,0,0,0,0,0,0,3,24,855340
200904,37,157,3,5,Rockingham County             ,31,31,7232831,0,0,0,0,0,0,0,0,0,31,31,7232831,0,0,0,0,0,0,0,0,0
200904,37,159,3,5,Rowan County                  ,67,67,14505746,0,0,0,0,0,0,0,0,0,67,67,14505746,0,0,0,0,0,0,0,0,0
200904,37,163,3,5,Sampson County                ,25,25,3734003,0,0,0,0,0,0,0,0,0,25,25,3734003,0,0,0,0,0,0,0,0,0
200904,37,167,3,5,Stanly County                 ,39,39,4088789,0,0,0,0,0,0,0,0,0,0,0,0,0,0,0,0,0,0,0,0,0
200904,37,171,3,5,Surry County                  ,31,31,5409347,0,0,0,0,0,0,0,0,0,31,31,5409347,0,0,0,0,0,0,0,0,0
200904,37,175,3,5,Transylvania County           ,25,25,5636145,0,0,0,0,0,0,0,0,0,25,25,5636145,0,0,0,0,0,0,0,0,0
200904,37,179,3,5,Union County                  ,175,175,28976677,0,0,0,0,0,0,0,0,0,175,175,28976677,0,0,0,0,0,0,0,0,0
200904,37,181,3,5,Vance County                  ,10,10,1179362,0,0,0,0,0,0,0,0,0,8,8,857000,0,0,0,0,0,0,0,0,0
200904,37,183,3,5,Wake County                   ,892,892,172136806,3,6,686250,0,0,0,1,10,900000,863,863,166190793,3,6,686250,0,0,0,1,10,900000
200904,37,195,3,5,Wilson County                 ,33,33,4605059,0,0,0,0,0,0,1,36,2210710,33,33,4605059,0,0,0,0,0,0,1,36,2210710
200904,39,015,2,3,Brown County                  ,11,11,1710000,0,0,0,0,0,0,0,0,0,11,11,1710000,0,0,0,0,0,0,0,0,0
200904,39,017,2,3,Butler County                 ,138,138,25526707,0,0,0,1,4,400000,0,0,0,136,136,25230723,0,0,0,1,4,400000,0,0,0
200904,39,025,2,3,Clermont County               ,109,109,17181648,0,0,0,0,0,0,0,0,0,109,109,17181648,0,0,0,0,0,0,0,0,0
200904,39,035,2,3,Cuyahoga County               ,100,100,18667117,1,2,205000,0,0,0,1,5,530305,60,60,13156874,1,2,205000,0,0,0,0,0,0
200904,39,041,2,3,Delaware County               ,133,133,26526224,0,0,0,1,4,275000,2,12,1000000,133,133,26526224,0,0,0,1,4,275000,2,12,1000000
200904,39,045,2,3,Fairfield County              ,56,56,10671005,0,0,0,0,0,0,0,0,0,45,45,8803701,0,0,0,0,0,0,0,0,0
200904,39,049,2,3,Franklin County               ,420,420,90205118,2,4,1308945,5,18,3225000,12,211,5958000,384,384,82365886,2,4,1308945,5,18,3225000,12,211,5958000
200904,39,055,2,3,Geauga County                 ,13,13,2493826,0,0,0,0,0,0,0,0,0,13,13,2493826,0,0,0,0,0,0,0,0,0
200904,39,061,2,3,Hamilton County               ,79,79,24665205,1,2,277016,0,0,0,3,24,2036824,29,29,7216710,1,2,277016,0,0,0,1,14,900000
200904,39,085,2,3,Lake County                   ,61,61,14025955,0,0,0,0,0,0,0,0,0,35,35,6980526,0,0,0,0,0,0,0,0,0
200904,39,089,2,3,Licking County                ,57,57,12157068,0,0,0,0,0,0,0,0,0,57,57,12157068,0,0,0,0,0,0,0,0,0
200904,39,093,2,3,Lorain County                 ,152,152,24763878,0,0,0,3,12,1488300,0,0,0,142,142,23265519,0,0,0,3,12,1488300,0,0,0
200904,39,097,2,3,Madison County                ,10,10,1269486,0,0,0,0,0,0,0,0,0,9,9,1104486,0,0,0,0,0,0,0,0,0
200904,39,103,2,3,Medina County                 ,91,91,16678542,0,0,0,0,0,0,0,0,0,91,91,16678542,0,0,0,0,0,0,0,0,0
200904,39,117,2,3,Morrow County                 ,9,9,1345461,0,0,0,0,0,0,0,0,0,2,2,180000,0,0,0,0,0,0,0,0,0
200904,39,129,2,3,Pickaway County               ,8,8,1208640,0,0,0,0,0,0,0,0,0,6,6,1063676,0,0,0,0,0,0,0,0,0
200904,39,159,2,3,Union County                  ,44,44,8389137,0,0,0,0,0,0,0,0,0,44,44,8389137,0,0,0,0,0,0,0,0,0
200904,39,165,2,3,Warren County                 ,219,219,46321808,0,0,0,1,3,564604,1,30,2177573,211,211,44867503,0,0,0,1,3,564604,1,30,2177573
200904,39,169,2,3,Wayne County                  ,27,27,5013700,0,0,0,0,0,0,0,0,0,27,27,5013700,0,0,0,0,0,0,0,0,0
200904,40,017,3,7,Canadian County               ,40,40,8939338,0,0,0,0,0,0,0,0,0,36,36,7994379,0,0,0,0,0,0,0,0,0
200904,40,021,3,7,Cherokee County               ,7,7,878000,8,16,1040000,2,8,325000,0,0,0,7,7,878000,8,16,1040000,2,8,325000,0,0,0
200904,40,027,3,7,Cleveland County              ,204,204,33388557,1,2,125000,3,12,630000,1,6,230000,204,204,33388557,1,2,125000,3,12,630000,1,6,230000
200904,40,029,3,7,Coal County                   ,0,0,0,0,0,0,0,0,0,0,0,0,0,0,0,0,0,0,0,0,0,0,0,0
200904,40,037,3,7,Creek County                  ,43,43,5674322,0,0,0,0,0,0,0,0,0,27,27,3517280,0,0,0,0,0,0,0,0,0
200904,40,051,3,7,Grady County                  ,19,19,3972463,0,0,0,0,0,0,0,0,0,15,15,3246576,0,0,0,0,0,0,0,0,0
200904,40,081,3,7,Lincoln County                ,3,3,466300,0,0,0,0,0,0,0,0,0,3,3,466300,0,0,0,0,0,0,0,0,0
200904,40,083,3,7,Logan County                  ,4,4,825000,0,0,0,0,0,0,0,0,0,4,4,825000,0,0,0,0,0,0,0,0,0
200904,40,087,3,7,McClain County                ,28,28,4987551,2,4,317520,0,0,0,0,0,0,22,22,4294325,2,4,317520,0,0,0,0,0,0
200904,40,099,3,7,Murray County                 ,1,1,160000,0,0,0,0,0,0,0,0,0,1,1,160000,0,0,0,0,0,0,0,0,0
200904,40,109,3,7,Oklahoma County               ,583,583,94168361,3,6,475287,1,3,180000,3,30,1687458,231,231,43118702,0,0,0,1,3,180000,0,0,0
200904,40,111,3,7,Okmulgee County               ,0,0,0,0,0,0,0,0,0,0,0,0,0,0,0,0,0,0,0,0,0,0,0,0
200904,40,113,3,7,Osage County                  ,37,37,5720520,3,6,490000,0,0,0,0,0,0,37,37,5720520,3,6,490000,0,0,0,0,0,0
200904,40,117,3,7,Pawnee County                 ,0,0,0,0,0,0,0,0,0,0,0,0,0,0,0,0,0,0,0,0,0,0,0,0
200904,40,131,3,7,Rogers County                 ,87,87,13401868,0,0,0,0,0,0,0,0,0,87,87,13401868,0,0,0,0,0,0,0,0,0
200904,40,143,3,7,Tulsa County                  ,558,558,94780897,0,0,0,0,0,0,1,38,4117360,551,551,93421928,0,0,0,0,0,0,1,38,4117360
200904,40,145,3,7,Wagoner County                ,89,89,12073809,0,0,0,0,0,0,0,0,0,89,89,12073809,0,0,0,0,0,0,0,0,0
200904,41,000,4,9,Oregon Balance of State       ,21,21,3247024,0,0,0,0,0,0,0,0,0,11,11,1838813,0,0,0,0,0,0,0,0,0
200904,41,001,4,9,Baker County                  ,10,10,2277691,0,0,0,0,0,0,0,0,0,8,8,1901588,0,0,0,0,0,0,0,0,0
200904,41,005,4,9,Clackamas County              ,136,136,39121766,0,0,0,2,7,1080468,0,0,0,131,131,38181245,0,0,0,2,7,1080468,0,0,0
200904,41,009,4,9,Columbia County               ,19,19,3887823,0,0,0,0,0,0,0,0,0,13,13,2285308,0,0,0,0,0,0,0,0,0
200904,41,017,4,9,Deschutes County              ,101,101,28598917,0,0,0,0,0,0,1,26,2767177,94,94,27524216,0,0,0,0,0,0,1,26,2767177
200904,41,019,4,9,Douglas County                ,54,54,9234292,0,0,0,0,0,0,0,0,0,54,54,9234292,0,0,0,0,0,0,0,0,0
200904,41,025,4,9,Harney County                 ,3,3,476711,0,0,0,0,0,0,0,0,0,3,3,476711,0,0,0,0,0,0,0,0,0
200904,41,033,4,9,Josephine County              ,36,36,7147021,0,0,0,0,0,0,0,0,0,36,36,7147021,0,0,0,0,0,0,0,0,0
200904,41,035,4,9,Klamath County                ,16,16,3829492,0,0,0,0,0,0,0,0,0,16,16,3829492,0,0,0,0,0,0,0,0,0
200904,41,045,4,9,Malheur County                ,4,4,673028,0,0,0,0,0,0,0,0,0,4,4,673028,0,0,0,0,0,0,0,0,0
200904,41,051,4,9,Multnomah County              ,155,155,33395327,3,6,909546,7,28,3334046,15,93,11046490,155,155,33395327,3,6,909546,7,28,3334046,15,93,11046490
200904,41,059,4,9,Umatilla County               ,12,12,2400373,0,0,0,1,4,342274,0,0,0,10,10,2083748,0,0,0,1,4,342274,0,0,0
200904,41,061,4,9,Union County                  ,10,10,3241677,0,0,0,0,0,0,0,0,0,10,10,3241677,0,0,0,0,0,0,0,0,0
200904,41,067,4,9,Washington County             ,265,265,55616120,0,0,0,1,3,316438,22,181,17704692,256,256,53143702,0,0,0,1,3,316438,22,181,17704692
200904,41,071,4,9,Yamhill County                ,62,62,12153901,0,0,0,0,0,0,0,0,0,59,59,11518194,0,0,0,0,0,0,0,0,0
200904,42,001,1,2,Adams County                  ,70,70,11839135,0,0,0,0,0,0,0,0,0,70,70,11839135,0,0,0,0,0,0,0,0,0
200904,42,003,1,2,Allegheny County              ,274,274,60898875,0,0,0,2,6,960000,2,31,3964873,235,235,52684060,0,0,0,0,0,0,1,26,3744079
200904,42,005,1,2,Armstrong County              ,7,7,1072566,0,0,0,1,3,131250,0,0,0,3,3,600000,0,0,0,0,0,0,0,0,0
200904,42,007,1,2,Beaver County                 ,31,31,5065732,0,0,0,1,4,297000,0,0,0,24,24,3709513,0,0,0,1,4,297000,0,0,0
200904,42,017,1,2,Bucks County                  ,122,122,24247242,0,0,0,0,0,0,1,5,331545,99,99,20310015,0,0,0,0,0,0,0,0,0
200904,42,019,1,2,Butler County                 ,74,74,16093685,1,2,120000,1,4,191000,8,50,2862000,63,63,14095821,1,2,120000,1,4,191000,8,50,2862000
200904,42,025,1,2,Carbon County                 ,32,32,5433253,0,0,0,0,0,0,0,0,0,23,23,4142701,0,0,0,0,0,0,0,0,0
200904,42,029,1,2,Chester County                ,251,251,41854728,0,0,0,0,0,0,0,0,0,211,211,35317810,0,0,0,0,0,0,0,0,0
200904,42,045,1,2,Delaware County               ,42,42,9966302,1,2,250000,0,0,0,0,0,0,17,17,4874108,0,0,0,0,0,0,0,0,0
200904,42,051,1,2,Fayette County                ,19,19,3963981,0,0,0,0,0,0,0,0,0,0,0,0,0,0,0,0,0,0,0,0,0
200904,42,055,1,2,Franklin County               ,127,127,18308398,1,2,150000,0,0,0,3,19,1490000,113,113,16907405,0,0,0,0,0,0,1,6,840000
200904,42,065,1,2,Jefferson County              ,14,14,1592000,0,0,0,0,0,0,0,0,0,14,14,1592000,0,0,0,0,0,0,0,0,0
200904,42,077,1,2,Lehigh County                 ,138,138,19403631,0,0,0,0,0,0,5,70,5512750,118,118,16827952,0,0,0,0,0,0,5,70,5512750
200904,42,091,1,2,Montgomery County             ,222,222,43666061,0,0,0,0,0,0,2,11,887872,192,192,37895381,0,0,0,0,0,0,0,0,0
200904,42,095,1,2,Northampton County            ,128,128,22328814,0,0,0,0,0,0,2,10,908965,76,76,13694266,0,0,0,0,0,0,0,0,0
200904,42,101,1,2,Philadelphia County           ,90,90,19963152,21,42,4311852,15,47,3045215,4,160,22760294,90,90,19963152,21,42,4311852,15,47,3045215,4,160,22760294
200904,42,103,1,2,Pike County                   ,60,60,11856272,0,0,0,0,0,0,0,0,0,55,55,10724747,0,0,0,0,0,0,0,0,0
200904,42,125,1,2,Washington County             ,121,121,20422519,0,0,0,3,12,1359500,0,0,0,119,119,20281894,0,0,0,3,12,1359500,0,0,0
200904,42,129,1,2,Westmoreland County           ,77,77,15406908,1,2,280000,0,0,0,2,11,748813,38,38,8099612,1,2,280000,0,0,0,1,6,623813
200904,44,001,1,1,Bristol County                ,7,7,979280,0,0,0,1,3,360000,0,0,0,7,7,979280,0,0,0,1,3,360000,0,0,0
200904,44,003,1,1,Kent County                   ,14,14,1942178,0,0,0,0,0,0,0,0,0,6,6,656860,0,0,0,0,0,0,0,0,0
200904,44,005,1,1,Newport County                ,18,18,5969000,0,0,0,0,0,0,0,0,0,18,18,5969000,0,0,0,0,0,0,0,0,0
200904,44,007,1,1,Providence County             ,45,45,10213905,6,12,931210,1,3,275000,2,69,5875000,39,39,9132196,6,12,931210,1,3,275000,2,69,5875000
200904,44,009,1,1,Washington County             ,40,40,11135555,0,0,0,1,3,624810,0,0,0,31,31,9487685,0,0,0,0,0,0,0,0,0
200904,45,003,3,5,Aiken County                  ,142,142,26445885,0,0,0,0,0,0,0,0,0,90,90,18231809,0,0,0,0,0,0,0,0,0
200904,45,009,3,5,Bamberg County                ,0,0,0,0,0,0,0,0,0,0,0,0,0,0,0,0,0,0,0,0,0,0,0,0
200904,45,015,3,5,Berkeley County               ,272,272,50443843,0,0,0,0,0,0,0,0,0,214,214,39482673,0,0,0,0,0,0,0,0,0
200904,45,017,3,5,Calhoun County                ,8,8,1545000,0,0,0,0,0,0,0,0,0,8,8,1545000,0,0,0,0,0,0,0,0,0
200904,45,019,3,5,Charleston County             ,369,369,87056033,0,0,0,2,7,1385360,3,47,2845426,269,269,50468378,0,0,0,1,4,143360,2,27,1843352
200904,45,035,3,5,Dorchester County             ,130,130,28795598,0,0,0,0,0,0,0,0,0,118,118,26561840,0,0,0,0,0,0,0,0,0
200904,45,039,3,5,Fairfield County              ,7,7,811982,0,0,0,0,0,0,0,0,0,0,0,0,0,0,0,0,0,0,0,0,0
200904,45,041,3,5,Florence County               ,89,89,12086145,0,0,0,0,0,0,4,33,1980000,0,0,0,0,0,0,0,0,0,0,0,0
200904,45,045,3,5,Greenville County             ,339,339,52811587,0,0,0,3,11,1021000,1,6,180000,335,335,52451717,0,0,0,3,11,1021000,1,6,180000
200904,45,047,3,5,Greenwood County              ,17,17,2093664,0,0,0,0,0,0,0,0,0,17,17,2093664,0,0,0,0,0,0,0,0,0
200904,45,055,3,5,Kershaw County                ,59,59,5545582,0,0,0,0,0,0,0,0,0,59,59,5545582,0,0,0,0,0,0,0,0,0
200904,45,059,3,5,Laurens County                ,26,26,4120702,0,0,0,0,0,0,0,0,0,25,25,3914702,0,0,0,0,0,0,0,0,0
200904,45,063,3,5,Lexington County              ,304,304,49794043,0,0,0,0,0,0,13,328,30381597,226,226,38308591,0,0,0,0,0,0,13,328,30381597
200904,45,077,3,5,Pickens County                ,145,145,25981200,0,0,0,0,0,0,1,5,682679,118,118,19743116,0,0,0,0,0,0,0,0,0
200904,45,079,3,5,Richland County               ,339,339,38551043,0,0,0,0,0,0,6,112,7376825,107,107,11604733,0,0,0,0,0,0,1,38,3200000
200904,45,081,3,5,Saluda County                 ,14,14,1808316,0,0,0,0,0,0,0,0,0,14,14,1808316,0,0,0,0,0,0,0,0,0
200904,45,085,3,5,Sumter County                 ,121,121,13830123,0,0,0,0,0,0,0,0,0,121,121,13830123,0,0,0,0,0,0,0,0,0
200904,45,091,3,5,York County                   ,354,354,83915788,0,0,0,0,0,0,4,21,1633624,68,68,18090247,0,0,0,0,0,0,0,0,0
200904,46,005,2,4,Beadle County                 ,8,8,1825328,0,0,0,0,0,0,0,0,0,8,8,1825328,0,0,0,0,0,0,0,0,0
200904,46,069,2,4,Hyde County                   ,0,0,0,0,0,0,0,0,0,0,0,0,0,0,0,0,0,0,0,0,0,0,0,0
200904,46,121,2,4,Todd County                   ,0,0,0,0,0,0,0,0,0,0,0,0,0,0,0,0,0,0,0,0,0,0,0,0
200904,47,011,3,6,Bradley County                ,55,55,7613500,4,8,445000,7,28,1379000,0,0,0,55,55,7613500,4,8,445000,7,28,1379000,0,0,0
200904,47,015,3,6,Cannon County                 ,0,0,0,0,0,0,0,0,0,0,0,0,0,0,0,0,0,0,0,0,0,0,0,0
200904,47,021,3,6,Cheatham County               ,14,14,3062984,1,2,100000,0,0,0,0,0,0,12,12,2665800,1,2,100000,0,0,0,0,0,0
200904,47,037,3,6,Davidson County               ,338,338,69216982,1,2,594704,0,0,0,12,204,20488405,336,336,67178696,1,2,594704,0,0,0,12,204,20488405
200904,47,039,3,6,Decatur County                ,0,0,0,0,0,0,0,0,0,0,0,0,0,0,0,0,0,0,0,0,0,0,0,0
200904,47,043,3,6,Dickson County                ,28,28,4172727,1,2,237000,0,0,0,0,0,0,28,28,4172727,1,2,237000,0,0,0,0,0,0
200904,47,047,3,6,Fayette County                ,51,51,11167699,0,0,0,0,0,0,0,0,0,21,21,6044000,0,0,0,0,0,0,0,0,0
200904,47,063,3,6,Hamblen County                ,28,28,3937892,1,2,70000,0,0,0,0,0,0,15,15,2434920,1,2,70000,0,0,0,0,0,0
200904,47,071,3,6,Hardin County                 ,3,3,185000,0,0,0,0,0,0,0,0,0,3,3,185000,0,0,0,0,0,0,0,0,0
200904,47,081,3,6,Hickman County                ,0,0,0,0,0,0,0,0,0,0,0,0,0,0,0,0,0,0,0,0,0,0,0,0
200904,47,091,3,6,Johnson County                ,1,1,100000,0,0,0,0,0,0,0,0,0,1,1,100000,0,0,0,0,0,0,0,0,0
200904,47,093,3,6,Knox County                   ,311,311,40246427,0,0,0,0,0,0,6,56,3612938,245,245,32766479,0,0,0,0,0,0,3,25,1750000
200904,47,111,3,6,Macon County                  ,9,9,671500,0,0,0,0,0,0,0,0,0,9,9,671500,0,0,0,0,0,0,0,0,0
200904,47,113,3,6,Madison County                ,46,46,7063387,0,0,0,0,0,0,0,0,0,46,46,7063387,0,0,0,0,0,0,0,0,0
200904,47,125,3,6,Montgomery County             ,366,366,38658401,2,4,224000,6,24,1150000,4,44,1300000,366,366,38658401,2,4,224000,6,24,1150000,4,44,1300000
200904,47,141,3,6,Putnam County                 ,55,55,7371761,5,10,892892,8,32,2529280,3,22,1394052,55,55,7371761,5,10,892892,8,32,2529280,3,22,1394052
200904,47,147,3,6,Robertson County              ,50,50,6164213,0,0,0,0,0,0,0,0,0,44,44,5220082,0,0,0,0,0,0,0,0,0
200904,47,149,3,6,Rutherford County             ,273,273,42111218,0,0,0,0,0,0,2,16,1344771,214,214,34464758,0,0,0,0,0,0,1,8,962147
200904,47,157,3,6,Shelby County                 ,144,144,26946543,0,0,0,0,0,0,2,192,11140202,144,144,26946543,0,0,0,0,0,0,2,192,11140202
200904,47,159,3,6,Smith County                  ,11,11,1959136,0,0,0,0,0,0,0,0,0,10,10,1779136,0,0,0,0,0,0,0,0,0
200904,47,165,3,6,Sumner County                 ,187,187,38504398,1,2,130000,0,0,0,0,0,0,187,187,38504398,1,2,130000,0,0,0,0,0,0
200904,47,167,3,6,Tipton County                 ,27,27,3174590,0,0,0,0,0,0,0,0,0,22,22,2481655,0,0,0,0,0,0,0,0,0
200904,47,169,3,6,Trousdale County              ,5,5,725750,0,0,0,0,0,0,0,0,0,5,5,725750,0,0,0,0,0,0,0,0,0
200904,47,179,3,6,Washington County             ,101,101,13194529,0,0,0,0,0,0,0,0,0,55,55,8504812,0,0,0,0,0,0,0,0,0
200904,47,187,3,6,Williamson County             ,106,106,27462800,0,0,0,0,0,0,11,88,6005760,101,101,26265946,0,0,0,0,0,0,11,88,6005760
200904,47,189,3,6,Wilson County                 ,113,113,20709193,1,2,223000,0,0,0,0,0,0,112,112,20629193,1,2,223000,0,0,0,0,0,0
200904,48,013,3,7,Atascosa County               ,12,12,1939085,0,0,0,0,0,0,0,0,0,11,11,1805713,0,0,0,0,0,0,0,0,0
200904,48,015,3,7,Austin County                 ,9,9,1304210,0,0,0,1,4,225000,0,0,0,8,8,1139260,0,0,0,1,4,225000,0,0,0
200904,48,019,3,7,Bandera County                ,0,0,0,0,0,0,0,0,0,0,0,0,0,0,0,0,0,0,0,0,0,0,0,0
200904,48,021,3,7,Bastrop County                ,2,2,315000,0,0,0,0,0,0,0,0,0,2,2,315000,0,0,0,0,0,0,0,0,0
200904,48,029,3,7,Bexar County                  ,878,878,152191436,2,4,376740,0,0,0,10,121,12108221,805,805,138964174,2,4,376740,0,0,0,6,96,8482707
200904,48,039,3,7,Brazoria County               ,340,340,61615692,2,4,310000,0,0,0,35,364,16458989,332,332,60350195,2,4,310000,0,0,0,35,364,16458989
200904,48,041,3,7,Brazos County                 ,224,224,31740697,0,0,0,0,0,0,1,24,800000,224,224,31740697,0,0,0,0,0,0,1,24,800000
200904,48,055,3,7,Caldwell County               ,9,9,995421,0,0,0,0,0,0,1,96,4700000,6,6,651680,0,0,0,0,0,0,1,96,4700000
200904,48,063,3,7,Camp County                   ,1,1,130000,0,0,0,0,0,0,0,0,0,1,1,130000,0,0,0,0,0,0,0,0,0
200904,48,071,3,7,Chambers County               ,60,60,10440609,0,0,0,0,0,0,0,0,0,57,57,9938484,0,0,0,0,0,0,0,0,0
200904,48,085,3,7,Collin County                 ,721,721,189915924,4,8,472210,0,0,0,14,1008,48781016,718,718,189479066,4,8,472210,0,0,0,14,1008,48781016
200904,48,091,3,7,Comal County                  ,243,243,50774254,0,0,0,0,0,0,0,0,0,148,148,37699001,0,0,0,0,0,0,0,0,0
200904,48,113,3,7,Dallas County                 ,769,769,214275539,0,0,0,1,4,800000,45,982,87063996,719,719,198676030,0,0,0,1,4,800000,41,910,83616280
200904,48,117,3,7,Deaf Smith County             ,1,1,350000,0,0,0,0,0,0,0,0,0,1,1,350000,0,0,0,0,0,0,0,0,0
200904,48,119,3,7,Delta County                  ,3,3,540372,0,0,0,0,0,0,0,0,0,3,3,540372,0,0,0,0,0,0,0,0,0
200904,48,121,3,7,Denton County                 ,406,406,98986522,0,0,0,1,3,112500,8,387,7218783,389,389,95922523,0,0,0,1,3,112500,8,387,7218783
200904,48,133,3,7,Eastland County               ,0,0,0,0,0,0,0,0,0,0,0,0,0,0,0,0,0,0,0,0,0,0,0,0
200904,48,135,3,7,Ector County                  ,42,42,6285292,0,0,0,0,0,0,0,0,0,42,42,6285292,0,0,0,0,0,0,0,0,0
200904,48,139,3,7,Ellis County                  ,125,125,19122121,0,0,0,0,0,0,0,0,0,115,115,17313704,0,0,0,0,0,0,0,0,0
200904,48,157,3,7,Fort Bend County              ,1321,1321,241158575,2,4,343412,0,0,0,20,402,34199415,949,949,170466387,2,4,343412,0,0,0,19,396,33643654
200904,48,167,3,7,Galveston County              ,342,342,59532008,1,2,159924,1,4,543800,3,15,681198,83,83,14307141,0,0,0,1,4,543800,0,0,0
200904,48,187,3,7,Guadalupe County              ,243,243,52367099,0,0,0,0,0,0,0,0,0,237,237,51604713,0,0,0,0,0,0,0,0,0
200904,48,201,3,7,Harris County                 ,3244,3244,380860189,9,18,2196915,1,4,240000,65,1128,64528087,2539,2539,376934576,9,18,2196915,1,4,240000,52,903,50167455
200904,48,209,3,7,Hays County                   ,251,251,36874770,1,2,155902,0,0,0,4,55,3297828,140,140,19179153,0,0,0,0,0,0,0,0,0
200904,48,215,3,7,Hidalgo County                ,1004,1004,86977634,8,16,932215,12,44,2543672,2,20,680500,948,948,83118823,8,16,932215,8,30,2079597,1,15,540000
200904,48,231,3,7,Hunt County                   ,14,14,1432100,0,0,0,2,7,200000,14,114,4841837,14,14,1432100,0,0,0,2,7,200000,14,114,4841837
200904,48,233,3,7,Hutchinson County             ,2,2,530000,0,0,0,0,0,0,0,0,0,2,2,530000,0,0,0,0,0,0,0,0,0
200904,48,251,3,7,Johnson County                ,158,158,22051462,1,2,171706,0,0,0,0,0,0,128,128,17033082,1,2,171706,0,0,0,0,0,0
200904,48,257,3,7,Kaufman County                ,17,17,5358792,0,0,0,0,0,0,0,0,0,16,16,5221950,0,0,0,0,0,0,0,0,0
200904,48,259,3,7,Kendall County                ,34,34,7018089,0,0,0,0,0,0,0,0,0,8,8,1455127,0,0,0,0,0,0,0,0,0
200904,48,271,3,7,Kinney County                 ,0,0,0,0,0,0,0,0,0,0,0,0,0,0,0,0,0,0,0,0,0,0,0,0
200904,48,291,3,7,Liberty County                ,66,66,5961421,0,0,0,0,0,0,0,0,0,60,60,5136550,0,0,0,0,0,0,0,0,0
200904,48,307,3,7,McCulloch County              ,0,0,0,0,0,0,0,0,0,0,0,0,0,0,0,0,0,0,0,0,0,0,0,0
200904,48,323,3,7,Maverick County               ,33,33,1719939,0,0,0,0,0,0,1,120,7400000,33,33,1719939,0,0,0,0,0,0,1,120,7400000
200904,48,325,3,7,Medina County                 ,7,7,931226,0,0,0,0,0,0,0,0,0,7,7,931226,0,0,0,0,0,0,0,0,0
200904,48,329,3,7,Midland County                ,100,100,10803868,0,0,0,0,0,0,0,0,0,100,100,10803868,0,0,0,0,0,0,0,0,0
200904,48,339,3,7,Montgomery County             ,766,766,139234913,0,0,0,0,0,0,2,393,25000000,756,756,138052970,0,0,0,0,0,0,2,393,25000000
200904,48,353,3,7,Nolan County                  ,1,1,100005,0,0,0,0,0,0,0,0,0,1,1,100005,0,0,0,0,0,0,0,0,0
200904,48,359,3,7,Oldham County                 ,1,1,219000,0,0,0,0,0,0,0,0,0,1,1,219000,0,0,0,0,0,0,0,0,0
200904,48,367,3,7,Parker County                 ,193,193,34720095,10,20,2145065,7,28,2018055,3,49,1543197,193,193,34720095,10,20,2145065,7,28,2018055,3,49,1543197
200904,48,375,3,7,Potter County                 ,158,158,37418837,0,0,0,1,4,327681,0,0,0,158,158,37418837,0,0,0,1,4,327681,0,0,0
200904,48,383,3,7,Reagan County                 ,0,0,0,0,0,0,0,0,0,0,0,0,0,0,0,0,0,0,0,0,0,0,0,0
200904,48,385,3,7,Real County                   ,0,0,0,0,0,0,0,0,0,0,0,0,0,0,0,0,0,0,0,0,0,0,0,0
200904,48,397,3,7,Rockwall County               ,136,136,25985708,8,16,1077583,0,0,0,46,514,33977757,87,87,18214672,8,16,1077583,0,0,0,46,514,33977757
200904,48,407,3,7,San Jacinto County            ,0,0,0,0,0,0,0,0,0,0,0,0,0,0,0,0,0,0,0,0,0,0,0,0
200904,48,435,3,7,Sutton County                 ,0,0,0,0,0,0,0,0,0,0,0,0,0,0,0,0,0,0,0,0,0,0,0,0
200904,48,437,3,7,Swisher County                ,0,0,0,0,0,0,0,0,0,0,0,0,0,0,0,0,0,0,0,0,0,0,0,0
200904,48,439,3,7,Tarrant County                ,1281,1281,213867522,5,10,786767,0,0,0,19,400,94988791,1190,1190,194302336,5,10,786767,0,0,0,18,388,94385943
200904,48,451,3,7,Tom Green County              ,56,56,9012138,0,0,0,0,0,0,11,215,6899992,56,56,9012138,0,0,0,0,0,0,11,215,6899992
200904,48,453,3,7,Travis County                 ,1211,1211,186317887,10,20,2252345,3,11,825480,21,815,55212003,1202,1202,181957482,10,20,2252345,3,11,825480,21,815,55212003
200904,48,463,3,7,Uvalde County                 ,4,4,467960,0,0,0,0,0,0,0,0,0,4,4,467960,0,0,0,0,0,0,0,0,0
200904,48,469,3,7,Victoria County               ,14,14,2135809,0,0,0,0,0,0,0,0,0,0,0,0,0,0,0,0,0,0,0,0,0
200904,48,471,3,7,Walker County                 ,16,16,3098441,0,0,0,0,0,0,0,0,0,16,16,3098441,0,0,0,0,0,0,0,0,0
200904,48,473,3,7,Waller County                 ,2,2,508298,0,0,0,0,0,0,3,15,332710,1,1,415615,0,0,0,0,0,0,0,0,0
200904,48,479,3,7,Webb County                   ,203,203,24374390,2,4,219502,2,8,400697,3,22,1290789,70,70,7385400,1,2,85841,0,0,0,0,0,0
200904,48,491,3,7,Williamson County             ,646,646,116190419,0,0,0,0,0,0,0,0,0,577,577,109915434,0,0,0,0,0,0,0,0,0
200904,48,493,3,7,Wilson County                 ,9,9,1476238,0,0,0,0,0,0,0,0,0,5,5,910188,0,0,0,0,0,0,0,0,0
200904,48,497,3,7,Wise County                   ,4,4,599242,0,0,0,0,0,0,0,0,0,3,3,490000,0,0,0,0,0,0,0,0,0
200904,49,009,4,8,Daggett County                ,5,5,670562,0,0,0,0,0,0,0,0,0,5,5,670562,0,0,0,0,0,0,0,0,0
200904,49,019,4,8,Grand County                  ,21,21,4001884,1,2,196514,0,0,0,0,0,0,21,21,4001884,1,2,196514,0,0,0,0,0,0
200904,49,021,4,8,Iron County                   ,25,25,4770758,2,4,449810,6,24,15272100,0,0,0,18,18,3582232,0,0,0,6,24,15272100,0,0,0
200904,49,033,4,8,Rich County                   ,7,7,1201337,0,0,0,0,0,0,0,0,0,6,6,902791,0,0,0,0,0,0,0,0,0
200904,49,035,4,8,Salt Lake County              ,312,312,53870248,1,2,270535,5,17,2105473,49,1115,105047729,273,273,46953034,0,0,0,5,17,2105473,42,1048,99042518
200904,49,039,4,8,Sanpete County                ,7,7,679681,0,0,0,0,0,0,0,0,0,7,7,679681,0,0,0,0,0,0,0,0,0
200904,49,043,4,8,Summit County                 ,26,26,7255878,0,0,0,0,0,0,1,262,26885258,17,17,5017812,0,0,0,0,0,0,1,262,26885258
200904,49,045,4,8,Tooele County                 ,41,41,6928544,0,0,0,0,0,0,0,0,0,36,36,6149050,0,0,0,0,0,0,0,0,0
200904,49,051,4,8,Wasatch County                ,20,20,6100197,0,0,0,0,0,0,0,0,0,18,18,5592290,0,0,0,0,0,0,0,0,0
200904,51,003,3,5,Albemarle County              ,61,61,16408354,0,0,0,0,0,0,1,5,408117,36,36,8545000,0,0,0,0,0,0,0,0,0
200904,51,007,3,5,Amelia County                 ,11,11,1561050,0,0,0,0,0,0,0,0,0,11,11,1561050,0,0,0,0,0,0,0,0,0
200904,51,013,3,5,Arlington County              ,73,73,15015752,0,0,0,0,0,0,1,214,6850000,73,73,15015752,0,0,0,0,0,0,1,214,6850000
200904,51,015,3,5,Augusta County                ,48,48,11252500,0,0,0,0,0,0,0,0,0,48,48,11252500,0,0,0,0,0,0,0,0,0
200904,51,019,3,5,Bedford County                ,63,63,17031089,0,0,0,0,0,0,0,0,0,45,45,12530719,0,0,0,0,0,0,0,0,0
200904,51,023,3,5,Botetourt County              ,11,11,1966844,0,0,0,0,0,0,0,0,0,11,11,1966844,0,0,0,0,0,0,0,0,0
200904,51,031,3,5,Campbell County               ,54,54,7352994,0,0,0,1,4,250000,0,0,0,54,54,7352994,0,0,0,1,4,250000,0,0,0
200904,51,033,3,5,Caroline County               ,26,26,4235481,0,0,0,0,0,0,0,0,0,14,14,2366690,0,0,0,0,0,0,0,0,0
200904,51,036,3,5,Charles City County           ,6,6,902860,0,0,0,0,0,0,0,0,0,3,3,432040,0,0,0,0,0,0,0,0,0
200904,51,037,3,5,Charlotte County              ,14,14,1191969,0,0,0,0,0,0,0,0,0,14,14,1191969,0,0,0,0,0,0,0,0,0
200904,51,041,3,5,Chesterfield County           ,170,170,30223204,0,0,0,2,6,885598,1,16,1482029,170,170,30223204,0,0,0,2,6,885598,1,16,1482029
200904,51,043,3,5,Clarke County                 ,4,4,1069000,0,0,0,0,0,0,0,0,0,4,4,1069000,0,0,0,0,0,0,0,0,0
200904,51,049,3,5,Cumberland County             ,7,7,1016000,0,0,0,0,0,0,0,0,0,7,7,1016000,0,0,0,0,0,0,0,0,0
200904,51,053,3,5,Dinwiddie County              ,31,31,4144938,0,0,0,0,0,0,0,0,0,0,0,0,0,0,0,0,0,0,0,0,0
200904,51,059,3,5,Fairfax County                ,327,327,57584895,0,0,0,0,0,0,0,0,0,325,325,57282790,0,0,0,0,0,0,0,0,0
200904,51,061,3,5,Fauquier County               ,37,37,9328593,0,0,0,0,0,0,0,0,0,36,36,9214718,0,0,0,0,0,0,0,0,0
200904,51,065,3,5,Fluvanna County               ,22,22,4245546,3,6,750000,0,0,0,0,0,0,15,15,2834000,3,6,750000,0,0,0,0,0,0
200904,51,067,3,5,Franklin County               ,39,39,8316300,0,0,0,0,0,0,0,0,0,39,39,8316300,0,0,0,0,0,0,0,0,0
200904,51,069,3,5,Frederick County              ,79,79,13150442,0,0,0,0,0,0,0,0,0,79,79,13150442,0,0,0,0,0,0,0,0,0
200904,51,073,3,5,Gloucester County             ,34,34,5017779,0,0,0,0,0,0,0,0,0,34,34,5017779,0,0,0,0,0,0,0,0,0
200904,51,075,3,5,Goochland County              ,23,23,5002033,0,0,0,0,0,0,0,0,0,23,23,5002033,0,0,0,0,0,0,0,0,0
200904,51,079,3,5,Greene County                 ,48,48,11031960,0,0,0,0,0,0,0,0,0,48,48,11031960,0,0,0,0,0,0,0,0,0
200904,51,085,3,5,Hanover County                ,54,54,8963787,0,0,0,0,0,0,0,0,0,54,54,8963787,0,0,0,0,0,0,0,0,0
200904,51,087,3,5,Henrico County                ,155,155,27447659,0,0,0,0,0,0,0,0,0,155,155,27447659,0,0,0,0,0,0,0,0,0
200904,51,093,3,5,Isle of Wight County          ,24,24,5889567,0,0,0,0,0,0,0,0,0,15,15,4209000,0,0,0,0,0,0,0,0,0
200904,51,095,3,5,James City County             ,103,103,19544358,6,12,600000,0,0,0,0,0,0,103,103,19544358,6,12,600000,0,0,0,0,0,0
200904,51,097,3,5,King and Queen County         ,4,4,1112320,0,0,0,0,0,0,0,0,0,4,4,1112320,0,0,0,0,0,0,0,0,0
200904,51,099,3,5,King George County            ,28,28,4966114,0,0,0,0,0,0,0,0,0,28,28,4966114,0,0,0,0,0,0,0,0,0
200904,51,101,3,5,King William County           ,24,24,2598495,0,0,0,0,0,0,0,0,0,20,20,1948000,0,0,0,0,0,0,0,0,0
200904,51,107,3,5,Loudoun County                ,439,439,77958169,0,0,0,0,0,0,11,305,19260305,439,439,77958169,0,0,0,0,0,0,11,305,19260305
200904,51,109,3,5,Louisa County                 ,54,54,10049990,0,0,0,0,0,0,0,0,0,54,54,10049990,0,0,0,0,0,0,0,0,0
200904,51,115,3,5,Mathews County                ,5,5,1065000,0,0,0,0,0,0,0,0,0,5,5,1065000,0,0,0,0,0,0,0,0,0
200904,51,119,3,5,Middlesex County              ,21,21,4400589,0,0,0,0,0,0,0,0,0,21,21,4400589,0,0,0,0,0,0,0,0,0
200904,51,127,3,5,New Kent County               ,26,26,4231567,0,0,0,0,0,0,0,0,0,26,26,4231567,0,0,0,0,0,0,0,0,0
200904,51,137,3,5,Orange County                 ,16,16,2489181,0,0,0,0,0,0,0,0,0,16,16,2489181,0,0,0,0,0,0,0,0,0
200904,51,143,3,5,Pittsylvania County           ,20,20,2483795,0,0,0,0,0,0,0,0,0,0,0,0,0,0,0,0,0,0,0,0,0
200904,51,145,3,5,Powhatan County               ,23,23,5106555,0,0,0,0,0,0,0,0,0,23,23,5106555,0,0,0,0,0,0,0,0,0
200904,51,149,3,5,Prince George County          ,24,24,4309371,0,0,0,0,0,0,0,0,0,24,24,4309371,0,0,0,0,0,0,0,0,0
200904,51,153,3,5,Prince William County         ,688,688,99102570,0,0,0,0,0,0,0,0,0,688,688,99102570,0,0,0,0,0,0,0,0,0
200904,51,157,3,5,Rappahannock County           ,5,5,1606753,0,0,0,0,0,0,0,0,0,0,0,0,0,0,0,0,0,0,0,0,0
200904,51,161,3,5,Roanoke County                ,51,51,8899601,0,0,0,0,0,0,0,0,0,42,42,7259857,0,0,0,0,0,0,0,0,0
200904,51,163,3,5,Rockbridge County             ,19,19,3612200,0,0,0,0,0,0,0,0,0,19,19,3612200,0,0,0,0,0,0,0,0,0
200904,51,165,3,5,Rockingham County             ,99,99,15269538,0,0,0,0,0,0,0,0,0,79,79,11450615,0,0,0,0,0,0,0,0,0
200904,51,169,3,5,Scott County                  ,10,10,1037269,0,0,0,0,0,0,0,0,0,8,8,741000,0,0,0,0,0,0,0,0,0
200904,51,171,3,5,Shenandoah County             ,35,35,4874675,0,0,0,0,0,0,0,0,0,35,35,4874675,0,0,0,0,0,0,0,0,0
200904,51,177,3,5,Spotsylvania County           ,81,81,19013930,0,0,0,0,0,0,0,0,0,81,81,19013930,0,0,0,0,0,0,0,0,0
200904,51,179,3,5,Stafford County               ,99,99,19209327,2,4,355000,0,0,0,0,0,0,99,99,19209327,2,4,355000,0,0,0,0,0,0
200904,51,181,3,5,Surry County                  ,14,14,1388932,0,0,0,0,0,0,0,0,0,12,12,1089250,0,0,0,0,0,0,0,0,0
200904,51,183,3,5,Sussex County                 ,7,7,685843,0,0,0,0,0,0,0,0,0,4,4,335000,0,0,0,0,0,0,0,0,0
200904,51,187,3,5,Warren County                 ,26,26,5034000,0,0,0,0,0,0,0,0,0,26,26,5034000,0,0,0,0,0,0,0,0,0
200904,51,199,3,5,York County                   ,50,50,8883575,0,0,0,0,0,0,0,0,0,50,50,8883575,0,0,0,0,0,0,0,0,0
200904,51,510,3,5,Alexandria (Independent City) ,14,14,2954974,0,0,0,0,0,0,2,26,4470846,7,7,1235079,0,0,0,0,0,0,0,0,0
200904,51,530,3,5,Buena Vista (Independent City),3,3,570000,0,0,0,0,0,0,0,0,0,3,3,570000,0,0,0,0,0,0,0,0,0
200904,51,550,3,5,Chesapeake(Independent City)  ,268,268,45377497,0,0,0,0,0,0,0,0,0,268,268,45377497,0,0,0,0,0,0,0,0,0
200904,51,570,3,5,Colonial Heights (Independent ,2,2,151000,0,0,0,0,0,0,0,0,0,2,2,151000,0,0,0,0,0,0,0,0,0
200904,51,580,3,5,Covington (Independent City)  ,0,0,0,0,0,0,0,0,0,0,0,0,0,0,0,0,0,0,0,0,0,0,0,0
200904,51,600,3,5,Fairfax (Independent City)    ,6,6,1698988,0,0,0,0,0,0,0,0,0,5,5,1444000,0,0,0,0,0,0,0,0,0
200904,51,610,3,5,Falls Church (Independent City,1,1,450000,0,0,0,0,0,0,0,0,0,1,1,450000,0,0,0,0,0,0,0,0,0
200904,51,630,3,5,Fredericksburg(Independent Cit,14,14,2557000,0,0,0,0,0,0,0,0,0,14,14,2557000,0,0,0,0,0,0,0,0,0
200904,51,650,3,5,Hampton (Independent City)    ,47,47,10154422,0,0,0,0,0,0,0,0,0,35,35,7768242,0,0,0,0,0,0,0,0,0
200904,51,660,3,5,Harrisonburg (Independent City,109,109,7897332,0,0,0,0,0,0,6,126,8122038,109,109,7897332,0,0,0,0,0,0,6,126,8122038
200904,51,670,3,5,Hopewell (Independent City)   ,33,33,1882300,0,0,0,0,0,0,0,0,0,33,33,1882300,0,0,0,0,0,0,0,0,0
200904,51,680,3,5,Lynchburg (Independent City)  ,63,63,7523812,0,0,0,0,0,0,0,0,0,63,63,7523812,0,0,0,0,0,0,0,0,0
200904,51,683,3,5,Manassas (Independent City)   ,7,7,797386,0,0,0,0,0,0,0,0,0,0,0,0,0,0,0,0,0,0,0,0,0
200904,51,685,3,5,Manassas Park (Independent Cit,0,0,0,0,0,0,0,0,0,0,0,0,0,0,0,0,0,0,0,0,0,0,0,0
200904,51,700,3,5,Newport News (Independent City,27,27,2779885,0,0,0,0,0,0,0,0,0,27,27,2779885,0,0,0,0,0,0,0,0,0
200904,51,710,3,5,Norfolk (Independent City)    ,57,57,8166358,0,0,0,0,0,0,0,0,0,57,57,8166358,0,0,0,0,0,0,0,0,0
200904,51,730,3,5,Petersburg (Independent City) ,13,13,885618,0,0,0,0,0,0,7,168,5067000,10,10,606000,0,0,0,0,0,0,7,168,5067000
200904,51,735,3,5,Poquoson (Independent City)   ,4,4,1305000,0,0,0,0,0,0,0,0,0,4,4,1305000,0,0,0,0,0,0,0,0,0
200904,51,740,3,5,Portsmouth (Independent City) ,18,18,2663700,0,0,0,0,0,0,0,0,0,18,18,2663700,0,0,0,0,0,0,0,0,0
200904,51,760,3,5,Richmond (Independent City)   ,40,40,6018609,0,0,0,0,0,0,0,0,0,40,40,6018609,0,0,0,0,0,0,0,0,0
200904,51,770,3,5,Roanoke (Independent City)    ,25,25,2732185,0,0,0,0,0,0,0,0,0,25,25,2732185,0,0,0,0,0,0,0,0,0
200904,51,800,3,5,Suffolk (Independent City)    ,150,150,26690721,4,8,398546,0,0,0,0,0,0,150,150,26690721,4,8,398546,0,0,0,0,0,0
200904,51,810,3,5,Virginia Beach (Independent Ci,144,144,25661555,16,32,3175000,1,4,381103,25,565,14862924,144,144,25661555,16,32,3175000,1,4,381103,25,565,14862924
200904,51,830,3,5,Williamsburg (Independent City,0,0,0,0,0,0,0,0,0,2,24,2304696,0,0,0,0,0,0,0,0,0,2,24,2304696
200904,53,011,4,9,Clark County                  ,162,162,29423656,0,0,0,0,0,0,0,0,0,158,158,28492536,0,0,0,0,0,0,0,0,0
200904,53,033,4,9,King County                   ,488,488,134946797,12,24,3753673,14,43,6188219,28,472,36571988,435,435,120958833,12,24,3753673,13,40,5737287,22,429,31589392
200904,53,041,4,9,Lewis County                  ,38,38,5019904,1,2,332550,0,0,0,5,50,5628750,38,38,5019904,1,2,332550,0,0,0,5,50,5628750
200904,53,053,4,9,Pierce County                 ,335,335,64242950,24,48,5880107,0,0,0,26,343,31491937,331,331,63010543,24,48,5880107,0,0,0,26,343,31491937
200904,53,059,4,9,Skamania County               ,16,16,5622537,0,0,0,0,0,0,0,0,0,16,16,5622537,0,0,0,0,0,0,0,0,0
200904,53,061,4,9,Snohomish County              ,524,524,110342728,14,28,4150407,14,50,6958646,5,62,8494238,508,508,107733487,13,26,3823173,14,50,6958646,2,47,7121450
200904,54,037,3,5,Jefferson County              ,49,49,9127912,0,0,0,0,0,0,0,0,0,49,49,9127912,0,0,0,0,0,0,0,0,0
200904,55,021,2,3,Columbia County               ,17,17,3073000,0,0,0,0,0,0,0,0,0,16,16,2953000,0,0,0,0,0,0,0,0,0
200904,55,025,2,3,Dane County                   ,141,141,36209196,3,6,651657,2,7,723192,3,52,3669166,134,134,35049715,1,2,272925,1,4,475000,1,42,3024000
200904,55,031,2,3,Douglas County                ,14,14,1329985,0,0,0,0,0,0,0,0,0,14,14,1329985,0,0,0,0,0,0,0,0,0
200904,55,037,2,3,Florence County               ,2,2,103850,0,0,0,0,0,0,0,0,0,0,0,0,0,0,0,0,0,0,0,0,0
200904,55,049,2,3,Iowa County                   ,6,6,1648000,0,0,0,0,0,0,0,0,0,6,6,1648000,0,0,0,0,0,0,0,0,0
200904,55,059,2,3,Kenosha County                ,44,44,11939456,0,0,0,0,0,0,0,0,0,44,44,11939456,0,0,0,0,0,0,0,0,0
200904,55,079,2,3,Milwaukee County              ,54,54,12175429,6,12,1215572,3,12,1150000,3,108,11225000,51,51,11567835,4,8,767000,3,12,1150000,3,108,11225000
200904,55,089,2,3,Ozaukee County                ,33,33,8698479,0,0,0,0,0,0,1,5,500000,25,25,5474319,0,0,0,0,0,0,1,5,500000
200904,55,093,2,3,Pierce County                 ,16,16,2099170,0,0,0,0,0,0,0,0,0,16,16,2099170,0,0,0,0,0,0,0,0,0
200904,55,109,2,3,St. Croix County              ,21,21,4437046,0,0,0,0,0,0,0,0,0,14,14,3247789,0,0,0,0,0,0,0,0,0
200904,55,113,2,3,Sawyer County                 ,11,11,1327899,0,0,0,0,0,0,0,0,0,11,11,1327899,0,0,0,0,0,0,0,0,0
200904,55,131,2,3,Washington County             ,58,58,12426559,0,0,0,0,0,0,1,5,408474,41,41,8094455,0,0,0,0,0,0,0,0,0
200904,55,133,2,3,Waukesha County               ,99,99,33365833,1,2,339000,1,3,337500,0,0,0,89,89,30399244,1,2,339000,0,0,0,0,0,0
200904,56,019,4,8,Johnson County                ,0,0,0,0,0,0,0,0,0,0,0,0,0,0,0,0,0,0,0,0,0,0,0,0
200904,56,039,4,8,Teton County                  ,18,18,19522731,0,0,0,0,0,0,1,5,428316,16,16,19117000,0,0,0,0,0,0,0,0,0
