Survey,FIPS,FIPS,Region,Division,County,,1-unit,,,2-units,,,3-4 units,,,5+ units,,,1-unit rep,,,2-units rep,,,3-4 units rep,,, 5+units rep
Date,State,County,Code,Code,Name,Bldgs,Units,Value,Bldgs,Units,Value,Bldgs,Units,Value,Bldgs,Units,Value,Bldgs,Units,Value,Bldgs,Units,Value,Bldgs,Units,Value,Bldgs,Units,Value
 
201003,01,001,3,6,Autauga County                ,35,35,5811672,0,0,0,0,0,0,0,0,0,35,35,5811672,0,0,0,0,0,0,0,0,0
201003,01,007,3,6,Bibb County                   ,0,0,0,0,0,0,0,0,0,0,0,0,0,0,0,0,0,0,0,0,0,0,0,0
201003,01,009,3,6,Blount County                 ,2,2,297000,1,2,80000,0,0,0,0,0,0,2,2,297000,1,2,80000,0,0,0,0,0,0
201003,01,021,3,6,Chilton County                ,7,7,966583,0,0,0,0,0,0,0,0,0,6,6,827000,0,0,0,0,0,0,0,0,0
201003,01,037,3,6,Coosa County                  ,0,0,0,0,0,0,0,0,0,0,0,0,0,0,0,0,0,0,0,0,0,0,0,0
201003,01,073,3,6,Jefferson County              ,235,235,45298534,0,0,0,1,4,273599,5,71,7749625,154,154,27936246,0,0,0,1,4,273599,0,0,0
201003,01,081,3,6,Lee County                    ,198,198,37834095,0,0,0,0,0,0,12,132,10980503,198,198,37834095,0,0,0,0,0,0,12,132,10980503
201003,01,115,3,6,St. Clair County              ,28,28,3706477,0,0,0,0,0,0,0,0,0,28,28,3706477,0,0,0,0,0,0,0,0,0
201003,01,117,3,6,Shelby County                 ,188,188,31411970,0,0,0,0,0,0,0,0,0,117,117,17172095,0,0,0,0,0,0,0,0,0
201003,01,127,3,6,Walker County                 ,5,5,783416,0,0,0,0,0,0,0,0,0,4,4,580000,0,0,0,0,0,0,0,0,0
201003,02,000,4,9,Alaska Balance of State       ,8,8,1430936,0,0,0,0,0,0,0,0,0,0,0,0,0,0,0,0,0,0,0,0,0
201003,02,013,4,9,Aleutians East Borough        ,0,0,0,0,0,0,0,0,0,0,0,0,0,0,0,0,0,0,0,0,0,0,0,0
201003,02,016,4,9,Aleutians West Census Area    ,1,1,98110,0,0,0,0,0,0,0,0,0,0,0,0,0,0,0,0,0,0,0,0,0
201003,02,020,4,9,Anchorage Borough             ,62,62,16931549,0,0,0,0,0,0,0,0,0,62,62,16931549,0,0,0,0,0,0,0,0,0
201003,02,050,4,9,Bethel Census Area            ,0,0,0,0,0,0,0,0,0,0,0,0,0,0,0,0,0,0,0,0,0,0,0,0
201003,02,060,4,9,Bristol Bay Borough           ,1,1,250000,0,0,0,0,0,0,0,0,0,1,1,250000,0,0,0,0,0,0,0,0,0
201003,02,090,4,9,Fairbanks North Star Borough  ,10,10,1857381,0,0,0,0,0,0,0,0,0,0,0,0,0,0,0,0,0,0,0,0,0
201003,02,100,4,9,Haines Borough                ,0,0,0,0,0,0,0,0,0,0,0,0,0,0,0,0,0,0,0,0,0,0,0,0
201003,02,110,4,9,Juneau Borough                ,1,1,293904,0,0,0,0,0,0,0,0,0,1,1,293904,0,0,0,0,0,0,0,0,0
201003,02,122,4,9,Kenai Peninsula Borough       ,3,3,733333,0,0,0,0,0,0,0,0,0,2,2,450000,0,0,0,0,0,0,0,0,0
201003,02,130,4,9,Ketchikan Gateway Borough     ,2,2,458056,0,0,0,0,0,0,0,0,0,2,2,458056,0,0,0,0,0,0,0,0,0
201003,02,150,4,9,Kodiak Island Borough         ,4,4,927615,0,0,0,0,0,0,0,0,0,4,4,927615,0,0,0,0,0,0,0,0,0
201003,02,170,4,9,Matanuska-Susitna Borough     ,6,6,924239,1,2,316000,0,0,0,0,0,0,1,1,162855,1,2,316000,0,0,0,0,0,0
201003,02,180,4,9,Nome Census Area              ,0,0,0,0,0,0,0,0,0,0,0,0,0,0,0,0,0,0,0,0,0,0,0,0
201003,02,185,4,9,North Slope Borough           ,9,9,2061250,0,0,0,0,0,0,0,0,0,9,9,2061250,0,0,0,0,0,0,0,0,0
201003,02,188,4,9,Northwest Arctic Borough      ,0,0,0,0,0,0,0,0,0,0,0,0,0,0,0,0,0,0,0,0,0,0,0,0
201003,02,201,4,9,Prince of Wales-Outer Ketchika,2,2,448848,0,0,0,0,0,0,0,0,0,1,1,229028,0,0,0,0,0,0,0,0,0
201003,02,220,4,9,Sitka Borough                 ,0,0,0,0,0,0,0,0,0,0,0,0,0,0,0,0,0,0,0,0,0,0,0,0
201003,02,232,4,9,Skagway-Hoonah-Angoon Census A,2,2,599028,0,0,0,0,0,0,0,0,0,2,2,599028,0,0,0,0,0,0,0,0,0
201003,02,261,4,9,Valdez-Cordova Census Area    ,1,1,100000,0,0,0,0,0,0,0,0,0,1,1,100000,0,0,0,0,0,0,0,0,0
201003,02,280,4,9,Wrangell-Petersburg Census Are,1,1,170000,0,0,0,0,0,0,0,0,0,0,0,0,0,0,0,0,0,0,0,0,0
201003,02,282,4,9,Yakutat Borough               ,0,0,0,0,0,0,0,0,0,0,0,0,0,0,0,0,0,0,0,0,0,0,0,0
201003,02,290,4,9,Yukon-Koyukuk Census Area     ,0,0,0,0,0,0,0,0,0,0,0,0,0,0,0,0,0,0,0,0,0,0,0,0
201003,04,013,4,8,Maricopa County               ,1902,1902,439880626,2,4,977555,6,19,2971272,17,359,30253525,1902,1902,439880626,2,4,977555,6,19,2971272,17,359,30253525
201003,04,019,4,8,Pima County                   ,601,601,132309815,4,8,839239,0,0,0,3,34,2111784,327,327,76424316,0,0,0,0,0,0,0,0,0
201003,04,021,4,8,Pinal County                  ,574,574,75925754,0,0,0,0,0,0,0,0,0,526,526,69825198,0,0,0,0,0,0,0,0,0
201003,05,023,3,7,Cleburne County               ,4,4,260000,0,0,0,0,0,0,0,0,0,4,4,260000,0,0,0,0,0,0,0,0,0
201003,05,025,3,7,Cleveland County              ,0,0,0,0,0,0,0,0,0,0,0,0,0,0,0,0,0,0,0,0,0,0,0,0
201003,05,027,3,7,Columbia County               ,3,3,642981,0,0,0,0,0,0,0,0,0,0,0,0,0,0,0,0,0,0,0,0,0
201003,05,035,3,7,Crittenden County             ,8,8,1651000,0,0,0,0,0,0,0,0,0,8,8,1651000,0,0,0,0,0,0,0,0,0
201003,05,059,3,7,Hot Spring County             ,0,0,0,0,0,0,0,0,0,0,0,0,0,0,0,0,0,0,0,0,0,0,0,0
201003,05,061,3,7,Howard County                 ,7,7,375000,0,0,0,0,0,0,0,0,0,7,7,375000,0,0,0,0,0,0,0,0,0
201003,05,099,3,7,Nevada County                 ,0,0,0,0,0,0,0,0,0,0,0,0,0,0,0,0,0,0,0,0,0,0,0,0
201003,06,001,4,9,Alameda County                ,240,240,72700366,0,0,0,2,6,2799960,7,322,39495154,228,228,69523401,0,0,0,2,6,2799960,5,293,36446379
201003,06,003,4,9,Alpine County                 ,0,0,0,0,0,0,0,0,0,0,0,0,0,0,0,0,0,0,0,0,0,0,0,0
201003,06,009,4,9,Calaveras County              ,11,11,2984278,0,0,0,0,0,0,0,0,0,4,4,1062461,0,0,0,0,0,0,0,0,0
201003,06,013,4,9,Contra Costa County           ,280,280,66168840,0,0,0,5,15,2878976,5,27,3521868,251,251,58373198,0,0,0,5,15,2878976,1,6,1382597
201003,06,017,4,9,El Dorado County              ,19,19,4282275,0,0,0,0,0,0,0,0,0,19,19,4282275,0,0,0,0,0,0,0,0,0
201003,06,037,4,9,Los Angeles County            ,588,588,198738301,31,62,10887342,9,28,7462743,41,1108,188383230,537,537,175327910,31,62,10887342,8,25,6045403,33,1068,184497336
201003,06,041,4,9,Marin County                  ,26,26,8890753,0,0,0,0,0,0,3,15,1478259,7,7,3057471,0,0,0,0,0,0,0,0,0
201003,06,045,4,9,Mendocino County              ,22,22,4120454,0,0,0,0,0,0,0,0,0,22,22,4120454,0,0,0,0,0,0,0,0,0
201003,06,049,4,9,Modoc County                  ,2,2,163334,0,0,0,0,0,0,0,0,0,2,2,163334,0,0,0,0,0,0,0,0,0
201003,06,051,4,9,Mono County                   ,2,2,277608,0,0,0,0,0,0,0,0,0,0,0,0,0,0,0,0,0,0,0,0,0
201003,06,059,4,9,Orange County                 ,302,302,99694853,10,20,4626831,6,21,3314277,7,121,16991156,270,270,78718628,6,12,2810763,6,21,3314277,7,121,16991156
201003,06,061,4,9,Placer County                 ,318,318,73529860,0,0,0,0,0,0,0,0,0,301,301,68396620,0,0,0,0,0,0,0,0,0
201003,06,063,4,9,Plumas County                 ,3,3,369872,0,0,0,0,0,0,0,0,0,3,3,369872,0,0,0,0,0,0,0,0,0
201003,06,065,4,9,Riverside County              ,1004,1004,220487844,0,0,0,8,30,4509134,16,143,15689905,951,951,210067568,0,0,0,8,30,4509134,15,136,15436202
201003,06,067,4,9,Sacramento County             ,164,164,38840528,1,2,295186,3,9,1400000,2,196,12450184,163,163,38610057,1,2,295186,3,9,1400000,2,196,12450184
201003,06,069,4,9,San Benito County             ,6,6,1928770,0,0,0,0,0,0,0,0,0,6,6,1928770,0,0,0,0,0,0,0,0,0
201003,06,071,4,9,San Bernardino County         ,373,373,66980089,8,16,1947884,20,62,6275328,8,111,13508438,338,338,60834999,7,14,1773244,20,62,6275328,6,80,11266115
201003,06,073,4,9,San Diego County              ,597,597,176792351,5,10,1664012,26,78,9922432,17,313,18396703,572,572,170742100,5,10,1664012,26,78,9922432,16,300,17148090
201003,06,075,4,9,San Francisco County          ,5,5,1126915,2,4,1749738,0,0,0,1,20,3815726,5,5,1126915,2,4,1749738,0,0,0,1,20,3815726
201003,06,077,4,9,San Joaquin County            ,209,209,39763499,0,0,0,0,0,0,0,0,0,209,209,39763499,0,0,0,0,0,0,0,0,0
201003,06,081,4,9,San Mateo County              ,40,40,20230494,0,0,0,0,0,0,2,50,11377398,27,27,14644682,0,0,0,0,0,0,1,45,10500000
201003,06,085,4,9,Santa Clara County            ,257,257,79374980,0,0,0,2,7,707558,7,49,12193510,246,246,76231752,0,0,0,2,7,707558,6,44,12097356
201003,06,091,4,9,Sierra County                 ,3,3,1010839,0,0,0,0,0,0,0,0,0,3,3,1010839,0,0,0,0,0,0,0,0,0
201003,06,113,4,9,Yolo County                   ,40,40,9103392,0,0,0,0,0,0,8,43,3927483,37,37,7991723,0,0,0,0,0,0,8,43,3927483
201003,08,001,4,8,Adams County                  ,173,173,35828933,0,0,0,0,0,0,0,0,0,173,173,35828933,0,0,0,0,0,0,0,0,0
201003,08,005,4,8,Arapahoe County               ,233,233,52775587,0,0,0,3,9,1288344,0,0,0,233,233,52775587,0,0,0,3,9,1288344,0,0,0
201003,08,014,4,8,Broomfield County             ,40,40,9419918,0,0,0,0,0,0,0,0,0,40,40,9419918,0,0,0,0,0,0,0,0,0
201003,08,015,4,8,Chaffee County                ,17,17,3868251,0,0,0,0,0,0,0,0,0,17,17,3868251,0,0,0,0,0,0,0,0,0
201003,08,019,4,8,Clear Creek County            ,1,1,398090,0,0,0,0,0,0,0,0,0,0,0,0,0,0,0,0,0,0,0,0,0
201003,08,023,4,8,Costilla County               ,1,1,163199,0,0,0,0,0,0,0,0,0,0,0,0,0,0,0,0,0,0,0,0,0
201003,08,031,4,8,Denver County                 ,217,217,30512320,23,46,7866815,0,0,0,4,134,11201127,217,217,30512320,23,46,7866815,0,0,0,4,134,11201127
201003,08,033,4,8,Dolores County                ,0,0,0,0,0,0,0,0,0,0,0,0,0,0,0,0,0,0,0,0,0,0,0,0
201003,08,035,4,8,Douglas County                ,236,236,60004175,0,0,0,1,3,398992,2,10,1258235,236,236,60004175,0,0,0,1,3,398992,2,10,1258235
201003,08,039,4,8,Elbert County                 ,6,6,1631940,0,0,0,0,0,0,0,0,0,1,1,247932,0,0,0,0,0,0,0,0,0
201003,08,041,4,8,El Paso County                ,467,467,146103502,0,0,0,0,0,0,0,0,0,467,467,146103502,0,0,0,0,0,0,0,0,0
201003,08,047,4,8,Gilpin County                 ,3,3,593811,0,0,0,0,0,0,0,0,0,1,1,220000,0,0,0,0,0,0,0,0,0
201003,08,049,4,8,Grand County                  ,26,26,6147061,0,0,0,0,0,0,3,15,1656135,0,0,0,0,0,0,0,0,0,0,0,0
201003,08,059,4,8,Jefferson County              ,102,102,27111067,0,0,0,0,0,0,2,91,11275316,102,102,27111067,0,0,0,0,0,0,2,91,11275316
201003,08,069,4,8,Larimer County                ,120,120,26029262,6,12,2096880,2,8,949928,19,320,32550520,119,119,25817332,6,12,2096880,2,8,949928,19,320,32550520
201003,08,077,4,8,Mesa County                   ,78,78,18153556,0,0,0,0,0,0,4,48,5438875,78,78,18153556,0,0,0,0,0,0,4,48,5438875
201003,08,093,4,8,Park County                   ,18,18,3005595,0,0,0,0,0,0,0,0,0,18,18,3005595,0,0,0,0,0,0,0,0,0
201003,08,101,4,8,Pueblo County                 ,76,76,13454367,0,0,0,1,4,509674,2,17,1496000,76,76,13454367,0,0,0,1,4,509674,2,17,1496000
201003,08,107,4,8,Routt County                  ,5,5,4376812,0,0,0,0,0,0,0,0,0,5,5,4376812,0,0,0,0,0,0,0,0,0
201003,08,119,4,8,Teller County                 ,7,7,928977,0,0,0,0,0,0,0,0,0,4,4,714726,0,0,0,0,0,0,0,0,0
201003,08,123,4,8,Weld County                   ,275,275,56639557,0,0,0,1,3,193280,3,16,1212562,230,230,44299370,0,0,0,0,0,0,0,0,0
201003,10,001,3,5,Kent County                   ,195,195,24401161,1,2,234061,0,0,0,2,10,629820,163,163,20741979,1,2,234061,0,0,0,0,0,0
201003,10,003,3,5,New Castle County             ,195,195,15586748,0,0,0,0,0,0,3,15,240000,150,150,11979565,0,0,0,0,0,0,0,0,0
201003,10,005,3,5,Sussex County                 ,381,381,55008640,4,8,636600,0,0,0,1,8,340000,381,381,55008640,4,8,636600,0,0,0,1,8,340000
201003,11,001,3,5,Washington  DC                ,2,2,360248,0,0,0,1,4,361524,2,274,50682967,2,2,360248,0,0,0,1,4,361524,2,274,50682967
201003,12,003,3,5,Baker County                  ,10,10,1372083,0,0,0,0,0,0,0,0,0,10,10,1372083,0,0,0,0,0,0,0,0,0
201003,12,009,3,5,Brevard County                ,344,344,78423225,0,0,0,0,0,0,0,0,0,319,319,71991110,0,0,0,0,0,0,0,0,0
201003,12,011,3,5,Broward County                ,232,232,69183881,0,0,0,0,0,0,1,5,312140,183,183,62528297,0,0,0,0,0,0,0,0,0
201003,12,013,3,5,Calhoun County                ,5,5,557000,0,0,0,0,0,0,0,0,0,5,5,557000,0,0,0,0,0,0,0,0,0
201003,12,015,3,5,Charlotte County              ,60,60,12992646,3,6,493125,1,4,397985,0,0,0,31,31,6078315,2,4,229400,0,0,0,0,0,0
201003,12,019,3,5,Clay County                   ,139,139,22641576,0,0,0,0,0,0,2,12,738420,139,139,22641576,0,0,0,0,0,0,2,12,738420
201003,12,021,3,5,Collier County                ,193,193,66471989,0,0,0,5,20,4431000,19,235,35495000,193,193,66471989,0,0,0,5,20,4431000,19,235,35495000
201003,12,023,3,5,Columbia County               ,30,30,3486052,0,0,0,0,0,0,0,0,0,19,19,2423896,0,0,0,0,0,0,0,0,0
201003,12,031,3,5,Duval County                  ,488,488,88130903,2,4,150000,0,0,0,4,40,3258819,488,488,88130903,2,4,150000,0,0,0,4,40,3258819
201003,12,033,3,5,Escambia County               ,164,164,30201058,0,0,0,0,0,0,35,405,32995537,164,164,30201058,0,0,0,0,0,0,35,405,32995537
201003,12,041,3,5,Gilchrist County              ,7,7,723406,0,0,0,0,0,0,0,0,0,3,3,310000,0,0,0,0,0,0,0,0,0
201003,12,043,3,5,Glades County                 ,2,2,318000,0,0,0,0,0,0,0,0,0,2,2,318000,0,0,0,0,0,0,0,0,0
201003,12,047,3,5,Hamilton County               ,11,11,867549,0,0,0,0,0,0,0,0,0,11,11,867549,0,0,0,0,0,0,0,0,0
201003,12,049,3,5,Hardee County                 ,11,11,1049054,0,0,0,0,0,0,0,0,0,5,5,344600,0,0,0,0,0,0,0,0,0
201003,12,053,3,5,Hernando County               ,52,52,8302028,0,0,0,0,0,0,0,0,0,52,52,8302028,0,0,0,0,0,0,0,0,0
201003,12,055,3,5,Highlands County              ,17,17,4964980,2,4,754000,0,0,0,0,0,0,14,14,4240322,2,4,754000,0,0,0,0,0,0
201003,12,057,3,5,Hillsborough County           ,800,800,205176336,0,0,0,2,6,110900,12,337,35714628,800,800,205176336,0,0,0,2,6,110900,12,337,35714628
201003,12,061,3,5,Indian River County           ,79,79,25281745,0,0,0,0,0,0,0,0,0,79,79,25281745,0,0,0,0,0,0,0,0,0
201003,12,063,3,5,Jackson County                ,15,15,1650612,0,0,0,0,0,0,0,0,0,15,15,1650612,0,0,0,0,0,0,0,0,0
201003,12,065,3,5,Jefferson County              ,2,2,337637,0,0,0,0,0,0,0,0,0,2,2,337637,0,0,0,0,0,0,0,0,0
201003,12,067,3,5,Lafayette County              ,3,3,462756,0,0,0,0,0,0,0,0,0,0,0,0,0,0,0,0,0,0,0,0,0
201003,12,069,3,5,Lake County                   ,190,190,50129926,0,0,0,1,3,185500,4,30,2825169,108,108,25755217,0,0,0,0,0,0,0,0,0
201003,12,071,3,5,Lee County                    ,321,321,58930791,0,0,0,4,16,4170664,4,31,4730822,321,321,58930791,0,0,0,4,16,4170664,4,31,4730822
201003,12,073,3,5,Leon County                   ,109,109,18587394,4,8,706750,1,3,600000,3,23,1834888,43,43,7591256,2,4,340000,0,0,0,0,0,0
201003,12,077,3,5,Liberty County                ,5,5,374334,0,0,0,0,0,0,0,0,0,3,3,125000,0,0,0,0,0,0,0,0,0
201003,12,081,3,5,Manatee County                ,324,324,63354123,2,4,470000,5,20,2544918,2,36,2895184,324,324,63354123,2,4,470000,5,20,2544918,2,36,2895184
201003,12,083,3,5,Marion County                 ,129,129,27067494,0,0,0,0,0,0,0,0,0,129,129,27067494,0,0,0,0,0,0,0,0,0
201003,12,085,3,5,Martin County                 ,44,44,19660552,0,0,0,2,8,2389386,3,18,3316803,44,44,19660552,0,0,0,2,8,2389386,3,18,3316803
201003,12,086,3,5,Miami-Dade County             ,194,194,35486909,5,10,1102715,1,4,140000,32,411,41783008,177,177,31263858,5,10,1102715,1,4,140000,29,394,38495726
201003,12,089,3,5,Nassau County                 ,88,88,21365106,0,0,0,0,0,0,0,0,0,70,70,18247558,0,0,0,0,0,0,0,0,0
201003,12,095,3,5,Orange County                 ,702,702,152722565,0,0,0,1,4,712760,16,345,21847787,702,702,152722565,0,0,0,1,4,712760,16,345,21847787
201003,12,097,3,5,Osceola County                ,249,249,45878829,0,0,0,0,0,0,1,8,1648531,249,249,45878829,0,0,0,0,0,0,1,8,1648531
201003,12,099,3,5,Palm Beach County             ,346,346,96969473,3,6,927644,1,4,599418,7,37,6686348,336,336,91455787,1,2,510902,1,4,599418,6,32,6060882
201003,12,101,3,5,Pasco County                  ,267,267,47654444,8,16,2360520,0,0,0,2,29,2190000,265,265,47424253,8,16,2360520,0,0,0,2,29,2190000
201003,12,103,3,5,Pinellas County               ,71,71,18007014,0,0,0,1,4,320000,7,172,8861365,70,70,17152187,0,0,0,1,4,320000,7,172,8861365
201003,12,105,3,5,Polk County                   ,328,328,61750638,1,2,218080,0,0,0,0,0,0,303,303,56888644,1,2,218080,0,0,0,0,0,0
201003,12,107,3,5,Putnam County                 ,9,9,1199753,0,0,0,0,0,0,0,0,0,0,0,0,0,0,0,0,0,0,0,0,0
201003,12,109,3,5,St. Johns County              ,319,319,76951962,0,0,0,2,8,1387500,2,26,4000000,318,318,76670012,0,0,0,2,8,1387500,2,26,4000000
201003,12,111,3,5,St. Lucie County              ,107,107,12363363,0,0,0,1,3,343773,3,18,2357165,53,53,5682722,0,0,0,0,0,0,1,6,973398
201003,12,113,3,5,Santa Rosa County             ,292,292,52596236,0,0,0,0,0,0,0,0,0,292,292,52596236,0,0,0,0,0,0,0,0,0
201003,12,115,3,5,Sarasota County               ,159,159,43666974,1,2,400319,0,0,0,1,6,1188162,159,159,43666974,1,2,400319,0,0,0,1,6,1188162
201003,12,117,3,5,Seminole County               ,265,265,51620581,3,6,732774,1,4,395498,2,12,2099940,263,263,51305681,3,6,732774,1,4,395498,2,12,2099940
201003,12,119,3,5,Sumter County                 ,754,754,185089565,0,0,0,0,0,0,0,0,0,754,754,185089565,0,0,0,0,0,0,0,0,0
201003,12,123,3,5,Taylor County                 ,6,6,561000,0,0,0,0,0,0,0,0,0,6,6,561000,0,0,0,0,0,0,0,0,0
201003,12,125,3,5,Union County                  ,1,1,84280,0,0,0,0,0,0,0,0,0,1,1,84280,0,0,0,0,0,0,0,0,0
201003,12,127,3,5,Volusia County                ,215,215,46952986,0,0,0,0,0,0,3,18,1763650,139,139,29931468,0,0,0,0,0,0,0,0,0
201003,12,129,3,5,Wakulla County                ,29,29,2885000,0,0,0,0,0,0,0,0,0,29,29,2885000,0,0,0,0,0,0,0,0,0
201003,12,131,3,5,Walton County                 ,62,62,17538159,0,0,0,0,0,0,1,9,1106700,62,62,17538159,0,0,0,0,0,0,1,9,1106700
201003,12,133,3,5,Washington County             ,8,8,931867,0,0,0,0,0,0,0,0,0,4,4,398681,0,0,0,0,0,0,0,0,0
201003,13,005,3,5,Bacon County                  ,0,0,0,0,0,0,0,0,0,0,0,0,0,0,0,0,0,0,0,0,0,0,0,0
201003,13,013,3,5,Barrow County                 ,19,19,1505726,0,0,0,0,0,0,0,0,0,13,13,946596,0,0,0,0,0,0,0,0,0
201003,13,015,3,5,Bartow County                 ,35,35,6079322,0,0,0,0,0,0,0,0,0,10,10,1747992,0,0,0,0,0,0,0,0,0
201003,13,029,3,5,Bryan County                  ,57,57,12290700,0,0,0,0,0,0,0,0,0,57,57,12290700,0,0,0,0,0,0,0,0,0
201003,13,035,3,5,Butts County                  ,3,3,185175,0,0,0,0,0,0,0,0,0,3,3,185175,0,0,0,0,0,0,0,0,0
201003,13,045,3,5,Carroll County                ,14,14,1964097,0,0,0,0,0,0,4,40,3127409,14,14,1964097,0,0,0,0,0,0,4,40,3127409
201003,13,057,3,5,Cherokee County               ,129,129,20798724,0,0,0,0,0,0,0,0,0,129,129,20798724,0,0,0,0,0,0,0,0,0
201003,13,059,3,5,Clarke County                 ,45,45,6605564,0,0,0,0,0,0,2,10,975586,0,0,0,0,0,0,0,0,0,0,0,0
201003,13,063,3,5,Clayton County                ,29,29,3586902,0,0,0,0,0,0,0,0,0,29,29,3586902,0,0,0,0,0,0,0,0,0
201003,13,067,3,5,Cobb County                   ,196,196,41659074,0,0,0,4,16,2461638,8,49,6546204,196,196,41659074,0,0,0,4,16,2461638,8,49,6546204
201003,13,077,3,5,Coweta County                 ,133,133,31845294,0,0,0,0,0,0,0,0,0,122,122,29829089,0,0,0,0,0,0,0,0,0
201003,13,085,3,5,Dawson County                 ,4,4,835000,0,0,0,0,0,0,0,0,0,4,4,835000,0,0,0,0,0,0,0,0,0
201003,13,089,3,5,DeKalb County                 ,87,87,24227781,0,0,0,0,0,0,2,13,1124522,80,80,21848043,0,0,0,0,0,0,2,13,1124522
201003,13,095,3,5,Dougherty County              ,9,9,1008088,2,4,300266,1,3,152768,1,5,187500,0,0,0,0,0,0,0,0,0,0,0,0
201003,13,097,3,5,Douglas County                ,19,19,2239339,0,0,0,0,0,0,0,0,0,19,19,2239339,0,0,0,0,0,0,0,0,0
201003,13,113,3,5,Fayette County                ,27,27,7500016,0,0,0,0,0,0,0,0,0,20,20,5319533,0,0,0,0,0,0,0,0,0
201003,13,117,3,5,Forsyth County                ,336,336,41787733,0,0,0,0,0,0,0,0,0,336,336,41787733,0,0,0,0,0,0,0,0,0
201003,13,121,3,5,Fulton County                 ,222,222,42378483,0,0,0,0,0,0,1,16,430000,217,217,41385973,0,0,0,0,0,0,1,16,430000
201003,13,127,3,5,Glynn County                  ,88,88,22497768,0,0,0,0,0,0,0,0,0,0,0,0,0,0,0,0,0,0,0,0,0
201003,13,133,3,5,Greene County                 ,51,51,7171108,0,0,0,0,0,0,0,0,0,51,51,7171108,0,0,0,0,0,0,0,0,0
201003,13,135,3,5,Gwinnett County               ,345,345,57423399,0,0,0,0,0,0,6,144,9787933,335,335,56098275,0,0,0,0,0,0,5,139,9454600
201003,13,143,3,5,Haralson County               ,2,2,360248,0,0,0,0,0,0,0,0,0,2,2,360248,0,0,0,0,0,0,0,0,0
201003,13,145,3,5,Harris County                 ,21,21,5445570,0,0,0,0,0,0,0,0,0,21,21,5445570,0,0,0,0,0,0,0,0,0
201003,13,149,3,5,Heard County                  ,3,3,403101,0,0,0,0,0,0,0,0,0,0,0,0,0,0,0,0,0,0,0,0,0
201003,13,151,3,5,Henry County                  ,95,95,16879961,0,0,0,0,0,0,0,0,0,62,62,12975776,0,0,0,0,0,0,0,0,0
201003,13,159,3,5,Jasper County                 ,8,8,1081526,0,0,0,0,0,0,0,0,0,1,1,199360,0,0,0,0,0,0,0,0,0
201003,13,169,3,5,Jones County                  ,8,8,1119750,0,0,0,0,0,0,0,0,0,8,8,1119750,0,0,0,0,0,0,0,0,0
201003,13,171,3,5,Lamar County                  ,2,2,213540,0,0,0,0,0,0,0,0,0,2,2,213540,0,0,0,0,0,0,0,0,0
201003,13,177,3,5,Lee County                    ,31,31,3542839,0,0,0,0,0,0,0,0,0,0,0,0,0,0,0,0,0,0,0,0,0
201003,13,189,3,5,McDuffie County               ,8,8,1276353,0,0,0,0,0,0,0,0,0,4,4,576000,0,0,0,0,0,0,0,0,0
201003,13,199,3,5,Meriwether County             ,6,6,990620,0,0,0,0,0,0,0,0,0,5,5,900620,0,0,0,0,0,0,0,0,0
201003,13,211,3,5,Morgan County                 ,13,13,2251184,0,0,0,0,0,0,0,0,0,8,8,1341793,0,0,0,0,0,0,0,0,0
201003,13,213,3,5,Murray County                 ,3,3,682000,0,0,0,0,0,0,0,0,0,3,3,682000,0,0,0,0,0,0,0,0,0
201003,13,215,3,5,Muscogee County               ,64,64,6774296,0,0,0,1,3,136255,3,17,1291878,0,0,0,0,0,0,0,0,0,0,0,0
201003,13,217,3,5,Newton County                 ,12,12,1923030,0,0,0,0,0,0,0,0,0,12,12,1923030,0,0,0,0,0,0,0,0,0
201003,13,223,3,5,Paulding County               ,80,80,14205756,0,0,0,0,0,0,0,0,0,52,52,9366453,0,0,0,0,0,0,0,0,0
201003,13,227,3,5,Pickens County                ,6,6,1594000,0,0,0,0,0,0,0,0,0,6,6,1594000,0,0,0,0,0,0,0,0,0
201003,13,231,3,5,Pike County                   ,12,12,1618521,0,0,0,0,0,0,0,0,0,1,1,195000,0,0,0,0,0,0,0,0,0
201003,13,237,3,5,Putnam County                 ,3,3,262200,0,0,0,0,0,0,0,0,0,3,3,262200,0,0,0,0,0,0,0,0,0
201003,13,239,3,5,Quitman County                ,0,0,0,0,0,0,0,0,0,0,0,0,0,0,0,0,0,0,0,0,0,0,0,0
201003,13,247,3,5,Rockdale County               ,12,12,3904086,0,0,0,0,0,0,0,0,0,12,12,3904086,0,0,0,0,0,0,0,0,0
201003,13,255,3,5,Spalding County               ,42,42,4899846,0,0,0,0,0,0,0,0,0,42,42,4899846,0,0,0,0,0,0,0,0,0
201003,13,291,3,5,Union County                  ,13,13,2302472,0,0,0,0,0,0,0,0,0,13,13,2302472,0,0,0,0,0,0,0,0,0
201003,13,297,3,5,Walton County                 ,19,19,2745189,0,0,0,0,0,0,0,0,0,18,18,2635250,0,0,0,0,0,0,0,0,0
201003,13,313,3,5,Whitfield County              ,26,26,3083135,0,0,0,0,0,0,2,11,733757,5,5,495000,0,0,0,0,0,0,1,6,484000
201003,13,321,3,5,Worth County                  ,6,6,1039593,0,0,0,0,0,0,0,0,0,6,6,1039593,0,0,0,0,0,0,0,0,0
201003,15,001,4,9,Hawaii County                 ,163,163,43913765,0,0,0,0,0,0,55,440,25960000,163,163,43913765,0,0,0,0,0,0,55,440,25960000
201003,15,003,4,9,Honolulu County               ,143,143,43683216,0,0,0,0,0,0,7,501,89262500,143,143,43683216,0,0,0,0,0,0,7,501,89262500
201003,15,007,4,9,Kauai County                  ,43,43,16471600,0,0,0,0,0,0,0,0,0,43,43,16471600,0,0,0,0,0,0,0,0,0
201003,15,009,4,9,Maui County                   ,52,52,12048940,0,0,0,0,0,0,2,12,1500000,52,52,12048940,0,0,0,0,0,0,2,12,1500000
201003,16,001,4,8,Ada County                    ,380,380,81164751,0,0,0,0,0,0,0,0,0,370,370,78707245,0,0,0,0,0,0,0,0,0
201003,16,015,4,8,Boise County                  ,3,3,758302,0,0,0,0,0,0,0,0,0,3,3,758302,0,0,0,0,0,0,0,0,0
201003,16,027,4,8,Canyon County                 ,111,111,15648231,1,2,127558,1,4,256077,0,0,0,65,65,10138825,0,0,0,0,0,0,0,0,0
201003,16,045,4,8,Gem County                    ,0,0,0,0,0,0,0,0,0,0,0,0,0,0,0,0,0,0,0,0,0,0,0,0
201003,16,073,4,8,Owyhee County                 ,7,7,1522558,0,0,0,0,0,0,0,0,0,2,2,166463,0,0,0,0,0,0,0,0,0
201003,17,005,2,3,Bond County                   ,6,6,1037632,0,0,0,0,0,0,0,0,0,3,3,559000,0,0,0,0,0,0,0,0,0
201003,17,013,2,3,Calhoun County                ,2,2,304095,0,0,0,0,0,0,0,0,0,0,0,0,0,0,0,0,0,0,0,0,0
201003,17,027,2,3,Clinton County                ,29,29,4410808,0,0,0,0,0,0,0,0,0,24,24,3220000,0,0,0,0,0,0,0,0,0
201003,17,031,2,3,Cook County                   ,124,124,40702905,1,2,1220000,3,9,1150000,10,202,21961355,95,95,30999002,1,2,1220000,3,9,1150000,6,175,19680851
201003,17,037,2,3,DeKalb County                 ,19,19,3726290,0,0,0,0,0,0,0,0,0,16,16,3315000,0,0,0,0,0,0,0,0,0
201003,17,039,2,3,De Witt County                ,2,2,285139,0,0,0,0,0,0,0,0,0,2,2,285139,0,0,0,0,0,0,0,0,0
201003,17,043,2,3,DuPage County                 ,68,68,28467378,0,0,0,0,0,0,0,0,0,66,66,26993635,0,0,0,0,0,0,0,0,0
201003,17,063,2,3,Grundy County                 ,4,4,748495,0,0,0,0,0,0,1,5,256410,0,0,0,0,0,0,0,0,0,0,0,0
201003,17,083,2,3,Jersey County                 ,8,8,1162843,0,0,0,0,0,0,1,5,289248,2,2,160089,0,0,0,0,0,0,0,0,0
201003,17,089,2,3,Kane County                   ,138,138,27581887,0,0,0,0,0,0,0,0,0,122,122,22124859,0,0,0,0,0,0,0,0,0
201003,17,093,2,3,Kendall County                ,28,28,6463054,0,0,0,0,0,0,0,0,0,28,28,6463054,0,0,0,0,0,0,0,0,0
201003,17,097,2,3,Lake County                   ,113,113,28048187,1,2,236880,0,0,0,1,5,625000,84,84,17792881,0,0,0,0,0,0,0,0,0
201003,17,111,2,3,McHenry County                ,66,66,11070127,0,0,0,0,0,0,0,0,0,40,40,6900738,0,0,0,0,0,0,0,0,0
201003,17,117,2,3,Macoupin County               ,15,15,2961946,0,0,0,0,0,0,0,0,0,10,10,1977051,0,0,0,0,0,0,0,0,0
201003,17,119,2,3,Madison County                ,112,112,24342108,0,0,0,0,0,0,0,0,0,72,72,16895919,0,0,0,0,0,0,0,0,0
201003,17,133,2,3,Monroe County                 ,32,32,5950630,1,2,209507,0,0,0,0,0,0,29,29,5349737,0,0,0,0,0,0,0,0,0
201003,17,163,2,3,St. Clair County              ,148,148,29009417,6,12,1024000,0,0,0,1,87,7957000,100,100,19575262,6,12,1024000,0,0,0,1,87,7957000
201003,17,197,2,3,Will County                   ,105,105,24201403,1,2,340500,1,4,519000,0,0,0,80,80,19509668,1,2,340500,1,4,519000,0,0,0
201003,18,001,2,3,Adams County                  ,5,5,584000,0,0,0,0,0,0,0,0,0,5,5,584000,0,0,0,0,0,0,0,0,0
201003,18,003,2,3,Allen County                  ,182,182,30444308,0,0,0,0,0,0,0,0,0,174,174,29310600,0,0,0,0,0,0,0,0,0
201003,18,011,2,3,Boone County                  ,78,78,12898960,0,0,0,0,0,0,6,124,7295615,73,73,11889530,0,0,0,0,0,0,6,124,7295615
201003,18,013,2,3,Brown County                  ,26,26,5364814,0,0,0,0,0,0,0,0,0,26,26,5364814,0,0,0,0,0,0,0,0,0
201003,18,019,2,3,Clark County                  ,81,81,12332963,0,0,0,1,3,225000,1,8,400000,80,80,12129885,0,0,0,1,3,225000,1,8,400000
201003,18,029,2,3,Dearborn County               ,11,11,1750500,1,2,154000,0,0,0,0,0,0,11,11,1750500,1,2,154000,0,0,0,0,0,0
201003,18,043,2,3,Floyd County                  ,39,39,8022943,0,0,0,0,0,0,0,0,0,34,34,7296000,0,0,0,0,0,0,0,0,0
201003,18,047,2,3,Franklin County               ,0,0,0,0,0,0,0,0,0,0,0,0,0,0,0,0,0,0,0,0,0,0,0,0
201003,18,049,2,3,Fulton County                 ,1,1,191688,0,0,0,0,0,0,0,0,0,0,0,0,0,0,0,0,0,0,0,0,0
201003,18,057,2,3,Hamilton County               ,448,448,84436041,0,0,0,1,4,359534,11,84,5300400,445,445,84231529,0,0,0,1,4,359534,11,84,5300400
201003,18,059,2,3,Hancock County                ,32,32,5225991,0,0,0,0,0,0,0,0,0,30,30,4925371,0,0,0,0,0,0,0,0,0
201003,18,061,2,3,Harrison County               ,16,16,3345085,0,0,0,0,0,0,0,0,0,16,16,3345085,0,0,0,0,0,0,0,0,0
201003,18,063,2,3,Hendricks County              ,172,172,29350200,4,8,848878,13,52,4673941,0,0,0,145,145,25190481,4,8,848878,13,52,4673941,0,0,0
201003,18,065,2,3,Henry County                  ,2,2,90000,0,0,0,0,0,0,0,0,0,2,2,90000,0,0,0,0,0,0,0,0,0
201003,18,069,2,3,Huntington County             ,9,9,1634000,0,0,0,0,0,0,0,0,0,9,9,1634000,0,0,0,0,0,0,0,0,0
201003,18,073,2,3,Jasper County                 ,8,8,1327017,1,2,175000,0,0,0,0,0,0,8,8,1327017,1,2,175000,0,0,0,0,0,0
201003,18,079,2,3,Jennings County               ,9,9,802320,0,0,0,0,0,0,0,0,0,9,9,802320,0,0,0,0,0,0,0,0,0
201003,18,081,2,3,Johnson County                ,92,92,17710851,0,0,0,0,0,0,0,0,0,74,74,15242175,0,0,0,0,0,0,0,0,0
201003,18,087,2,3,Lagrange County               ,16,16,2615000,1,2,120000,0,0,0,0,0,0,16,16,2615000,1,2,120000,0,0,0,0,0,0
201003,18,089,2,3,Lake County                   ,142,142,27595052,3,6,553368,1,4,340000,2,103,4857955,133,133,25992074,1,2,180000,1,4,340000,1,96,4500000
201003,18,097,2,3,Marion County                 ,172,172,30798314,0,0,0,2,6,486104,5,48,3772706,88,88,17808476,0,0,0,0,0,0,2,10,893900
201003,18,105,2,3,Monroe County                 ,55,55,9245270,5,10,995023,0,0,0,0,0,0,55,55,9245270,5,10,995023,0,0,0,0,0,0
201003,18,109,2,3,Morgan County                 ,11,11,1622000,0,0,0,0,0,0,0,0,0,11,11,1622000,0,0,0,0,0,0,0,0,0
201003,18,111,2,3,Newton County                 ,4,4,636130,0,0,0,0,0,0,0,0,0,4,4,636130,0,0,0,0,0,0,0,0,0
201003,18,115,2,3,Ohio County                   ,3,3,550000,0,0,0,0,0,0,0,0,0,3,3,550000,0,0,0,0,0,0,0,0,0
201003,18,125,2,3,Pike County                   ,5,5,312671,0,0,0,0,0,0,0,0,0,5,5,312671,0,0,0,0,0,0,0,0,0
201003,18,127,2,3,Porter County                 ,45,45,11395150,0,0,0,0,0,0,0,0,0,42,42,11009977,0,0,0,0,0,0,0,0,0
201003,18,133,2,3,Putnam County                 ,5,5,670000,0,0,0,0,0,0,0,0,0,5,5,670000,0,0,0,0,0,0,0,0,0
201003,18,145,2,3,Shelby County                 ,8,8,1100315,0,0,0,1,3,0,0,0,0,8,8,1100315,0,0,0,0,0,0,0,0,0
201003,18,155,2,3,Switzerland County            ,5,5,291330,0,0,0,0,0,0,0,0,0,0,0,0,0,0,0,0,0,0,0,0,0
201003,18,157,2,3,Tippecanoe County             ,98,98,18944208,2,4,545000,0,0,0,0,0,0,98,98,18944208,2,4,545000,0,0,0,0,0,0
201003,18,163,2,3,Vanderburgh County            ,75,75,8523000,0,0,0,0,0,0,0,0,0,75,75,8523000,0,0,0,0,0,0,0,0,0
201003,18,167,2,3,Vigo County                   ,25,25,4065643,1,2,115667,0,0,0,0,0,0,23,23,3866204,0,0,0,0,0,0,0,0,0
201003,18,175,2,3,Washington County             ,9,9,1383556,0,0,0,0,0,0,0,0,0,0,0,0,0,0,0,0,0,0,0,0,0
201003,18,179,2,3,Wells County                  ,5,5,1031695,16,32,3395510,0,0,0,0,0,0,5,5,1031695,16,32,3395510,0,0,0,0,0,0
201003,18,181,2,3,White County                  ,6,6,586000,0,0,0,0,0,0,0,0,0,6,6,586000,0,0,0,0,0,0,0,0,0
201003,18,183,2,3,Whitley County                ,15,15,2768000,0,0,0,0,0,0,0,0,0,15,15,2768000,0,0,0,0,0,0,0,0,0
201003,19,049,2,4,Dallas County                 ,38,38,7559326,0,0,0,0,0,0,0,0,0,37,37,7424659,0,0,0,0,0,0,0,0,0
201003,19,077,2,4,Guthrie County                ,1,1,135000,0,0,0,0,0,0,0,0,0,0,0,0,0,0,0,0,0,0,0,0,0
201003,19,085,2,4,Harrison County               ,4,4,954200,0,0,0,0,0,0,0,0,0,3,3,625000,0,0,0,0,0,0,0,0,0
201003,19,121,2,4,Madison County                ,8,8,1387403,0,0,0,0,0,0,0,0,0,2,2,302000,0,0,0,0,0,0,0,0,0
201003,19,129,2,4,Mills County                  ,6,6,945000,0,0,0,0,0,0,0,0,0,6,6,945000,0,0,0,0,0,0,0,0,0
201003,19,153,2,4,Polk County                   ,342,342,65364981,9,18,2873133,9,34,5583948,0,0,0,342,342,65364981,9,18,2873133,9,34,5583948,0,0,0
201003,19,155,2,4,Pottawattamie County          ,42,42,6244962,1,2,146605,0,0,0,0,0,0,42,42,6244962,1,2,146605,0,0,0,0,0,0
201003,19,181,2,4,Warren County                 ,39,39,6549637,1,2,228200,0,0,0,0,0,0,39,39,6549637,1,2,228200,0,0,0,0,0,0
201003,20,055,2,4,Finney County                 ,2,2,201200,0,0,0,0,0,0,0,0,0,2,2,201200,0,0,0,0,0,0,0,0,0
201003,20,059,2,4,Franklin County               ,6,6,1235000,0,0,0,0,0,0,0,0,0,6,6,1235000,0,0,0,0,0,0,0,0,0
201003,20,063,2,4,Gove County                   ,0,0,0,0,0,0,0,0,0,0,0,0,0,0,0,0,0,0,0,0,0,0,0,0
201003,20,091,2,4,Johnson County                ,183,183,50145640,1,2,312903,1,3,469200,0,0,0,104,104,26040346,0,0,0,0,0,0,0,0,0
201003,20,103,2,4,Leavenworth County            ,7,7,853814,0,0,0,0,0,0,0,0,0,7,7,853814,0,0,0,0,0,0,0,0,0
201003,20,107,2,4,Linn County                   ,5,5,745571,0,0,0,0,0,0,0,0,0,1,1,150000,0,0,0,0,0,0,0,0,0
201003,20,121,2,4,Miami County                  ,7,7,2372785,0,0,0,0,0,0,0,0,0,1,1,198000,0,0,0,0,0,0,0,0,0
201003,20,129,2,4,Morton County                 ,0,0,0,0,0,0,0,0,0,0,0,0,0,0,0,0,0,0,0,0,0,0,0,0
201003,20,151,2,4,Pratt County                  ,0,0,0,0,0,0,0,0,0,0,0,0,0,0,0,0,0,0,0,0,0,0,0,0
201003,20,183,2,4,Smith County                  ,1,1,119314,0,0,0,0,0,0,0,0,0,0,0,0,0,0,0,0,0,0,0,0,0
201003,20,209,2,4,Wyandotte County              ,24,24,3008946,0,0,0,0,0,0,3,45,1146911,24,24,3008946,0,0,0,0,0,0,3,45,1146911
201003,21,005,3,6,Anderson County               ,15,15,2261312,0,0,0,0,0,0,0,0,0,14,14,2151132,0,0,0,0,0,0,0,0,0
201003,21,015,3,6,Boone County                  ,109,109,15691375,2,4,257394,0,0,0,1,5,294090,63,63,9464441,2,4,257394,0,0,0,0,0,0
201003,21,021,3,6,Boyle County                  ,7,7,1478000,0,0,0,0,0,0,0,0,0,7,7,1478000,0,0,0,0,0,0,0,0,0
201003,21,029,3,6,Bullitt County                ,68,68,10726938,0,0,0,0,0,0,0,0,0,68,68,10726938,0,0,0,0,0,0,0,0,0
201003,21,037,3,6,Campbell County               ,33,33,4773836,0,0,0,0,0,0,0,0,0,31,31,4539836,0,0,0,0,0,0,0,0,0
201003,21,049,3,6,Clark County                  ,13,13,2131014,0,0,0,0,0,0,0,0,0,0,0,0,0,0,0,0,0,0,0,0,0
201003,21,053,3,6,Clinton County                ,0,0,0,0,0,0,0,0,0,0,0,0,0,0,0,0,0,0,0,0,0,0,0,0
201003,21,059,3,6,Daviess County                ,69,69,6325363,0,0,0,0,0,0,0,0,0,69,69,6325363,0,0,0,0,0,0,0,0,0
201003,21,067,3,6,Fayette County                ,187,187,20973010,1,2,143000,0,0,0,0,0,0,187,187,20973010,1,2,143000,0,0,0,0,0,0
201003,21,077,3,6,Gallatin County               ,6,6,431042,0,0,0,0,0,0,0,0,0,6,6,431042,0,0,0,0,0,0,0,0,0
201003,21,081,3,6,Grant County                  ,6,6,896596,0,0,0,0,0,0,0,0,0,1,1,204500,0,0,0,0,0,0,0,0,0
201003,21,103,3,6,Henry County                  ,2,2,369600,0,0,0,0,0,0,0,0,0,2,2,369600,0,0,0,0,0,0,0,0,0
201003,21,111,3,6,Jefferson County              ,185,185,32388877,0,0,0,0,0,0,4,74,2962209,94,94,15415932,0,0,0,0,0,0,3,40,1195210
201003,21,113,3,6,Jessamine County              ,34,34,7731306,0,0,0,0,0,0,1,12,250000,34,34,7731306,0,0,0,0,0,0,1,12,250000
201003,21,117,3,6,Kenton County                 ,77,77,9322935,0,0,0,0,0,0,2,28,1798000,77,77,9322935,0,0,0,0,0,0,2,28,1798000
201003,21,137,3,6,Lincoln County                ,15,15,2656698,0,0,0,0,0,0,0,0,0,15,15,2656698,0,0,0,0,0,0,0,0,0
201003,21,151,3,6,Madison County                ,35,35,3157232,1,2,129571,0,0,0,2,10,337144,14,14,1325000,0,0,0,0,0,0,0,0,0
201003,21,157,3,6,Marshall County               ,10,10,1659324,0,0,0,0,0,0,1,5,277778,8,8,1416906,0,0,0,0,0,0,0,0,0
201003,21,163,3,6,Meade County                  ,19,19,2759201,2,4,132000,1,3,96429,0,0,0,18,18,2625000,0,0,0,0,0,0,0,0,0
201003,21,167,3,6,Mercer County                 ,11,11,873900,0,0,0,0,0,0,0,0,0,11,11,873900,0,0,0,0,0,0,0,0,0
201003,21,179,3,6,Nelson County                 ,42,42,5266850,0,0,0,0,0,0,0,0,0,42,42,5266850,0,0,0,0,0,0,0,0,0
201003,21,185,3,6,Oldham County                 ,37,37,10082107,0,0,0,0,0,0,0,0,0,0,0,0,0,0,0,0,0,0,0,0,0
201003,21,191,3,6,Pendleton County              ,0,0,0,0,0,0,0,0,0,0,0,0,0,0,0,0,0,0,0,0,0,0,0,0
201003,21,205,3,6,Rowan County                  ,0,0,0,0,0,0,1,3,84375,0,0,0,0,0,0,0,0,0,0,0,0,0,0,0
201003,21,209,3,6,Scott County                  ,69,69,9358991,0,0,0,0,0,0,0,0,0,35,35,4462500,0,0,0,0,0,0,0,0,0
201003,21,211,3,6,Shelby County                 ,22,22,3809487,2,4,550000,0,0,0,0,0,0,22,22,3809487,2,4,550000,0,0,0,0,0,0
201003,21,213,3,6,Simpson County                ,4,4,491722,1,2,102467,0,0,0,0,0,0,2,2,239000,0,0,0,0,0,0,0,0,0
201003,21,215,3,6,Spencer County                ,8,8,1440992,0,0,0,0,0,0,0,0,0,8,8,1440992,0,0,0,0,0,0,0,0,0
201003,21,221,3,6,Trigg County                  ,1,1,400000,0,0,0,0,0,0,0,0,0,1,1,400000,0,0,0,0,0,0,0,0,0
201003,21,239,3,6,Woodford County               ,14,14,1439000,0,0,0,0,0,0,0,0,0,14,14,1439000,0,0,0,0,0,0,0,0,0
201003,22,009,3,7,Avoyelles Parish              ,11,11,1286108,0,0,0,0,0,0,0,0,0,0,0,0,0,0,0,0,0,0,0,0,0
201003,22,017,3,7,Caddo Parish                  ,94,94,20682045,0,0,0,0,0,0,0,0,0,61,61,14057218,0,0,0,0,0,0,0,0,0
201003,22,039,3,7,Evangeline Parish             ,15,15,3110283,6,12,1050000,0,0,0,0,0,0,15,15,3110283,6,12,1050000,0,0,0,0,0,0
201003,22,051,3,7,Jefferson Parish              ,84,84,12065573,0,0,0,0,0,0,0,0,0,79,79,11191198,0,0,0,0,0,0,0,0,0
201003,22,071,3,7,Orleans Parish                ,155,155,21022508,7,14,1530600,0,0,0,1,24,2774000,155,155,21022508,7,14,1530600,0,0,0,1,24,2774000
201003,22,075,3,7,Plaquemines Parish            ,7,7,539530,0,0,0,0,0,0,0,0,0,7,7,539530,0,0,0,0,0,0,0,0,0
201003,22,077,3,7,Pointe Coupee Parish          ,7,7,1233861,0,0,0,0,0,0,0,0,0,7,7,1233861,0,0,0,0,0,0,0,0,0
201003,22,087,3,7,St. Bernard Parish            ,4,4,463000,0,0,0,0,0,0,0,0,0,4,4,463000,0,0,0,0,0,0,0,0,0
201003,22,089,3,7,St. Charles Parish            ,26,26,3270499,0,0,0,0,0,0,0,0,0,17,17,1508978,0,0,0,0,0,0,0,0,0
201003,22,091,3,7,St. Helena Parish             ,3,3,450000,0,0,0,0,0,0,0,0,0,0,0,0,0,0,0,0,0,0,0,0,0
201003,22,095,3,7,St. John the Baptist Parish   ,15,15,2461300,0,0,0,0,0,0,0,0,0,15,15,2461300,0,0,0,0,0,0,0,0,0
201003,22,103,3,7,St. Tammany Parish            ,126,126,24277039,1,2,183608,0,0,0,0,0,0,122,122,23498589,1,2,183608,0,0,0,0,0,0
201003,22,109,3,7,Terrebonne Parish             ,47,47,13032739,0,0,0,0,0,0,0,0,0,47,47,13032739,0,0,0,0,0,0,0,0,0
201003,22,117,3,7,Washington Parish             ,17,17,1857540,0,0,0,0,0,0,0,0,0,17,17,1857540,0,0,0,0,0,0,0,0,0
201003,23,000,1,1,Maine Unorganized Territory   ,20,20,2656004,0,0,0,0,0,0,0,0,0,0,0,0,0,0,0,0,0,0,0,0,0
201003,24,003,3,5,Anne Arundel County           ,243,243,39660531,0,0,0,0,0,0,4,105,10405945,242,242,39349449,0,0,0,0,0,0,4,105,10405945
201003,24,005,3,5,Baltimore County              ,131,131,25009073,0,0,0,1,3,720000,13,447,32584000,131,131,25009073,0,0,0,1,3,720000,13,447,32584000
201003,24,009,3,5,Calvert County                ,62,62,11167694,0,0,0,0,0,0,0,0,0,62,62,11167694,0,0,0,0,0,0,0,0,0
201003,24,013,3,5,Carroll County                ,43,43,8152721,0,0,0,0,0,0,0,0,0,43,43,8152721,0,0,0,0,0,0,0,0,0
201003,24,015,3,5,Cecil County                  ,52,52,8634677,0,0,0,0,0,0,0,0,0,52,52,8634677,0,0,0,0,0,0,0,0,0
201003,24,017,3,5,Charles County                ,144,144,30316758,0,0,0,0,0,0,0,0,0,144,144,30316758,0,0,0,0,0,0,0,0,0
201003,24,021,3,5,Frederick County              ,214,214,41645902,0,0,0,0,0,0,4,44,4387131,171,171,32920889,0,0,0,0,0,0,4,44,4387131
201003,24,023,3,5,Garrett County                ,11,11,3408013,0,0,0,0,0,0,0,0,0,11,11,3408013,0,0,0,0,0,0,0,0,0
201003,24,025,3,5,Harford County                ,176,176,27181496,2,4,170000,0,0,0,2,28,2930000,175,175,26994496,2,4,170000,0,0,0,2,28,2930000
201003,24,027,3,5,Howard County                 ,181,181,37510206,0,0,0,0,0,0,3,55,6437594,117,117,21905176,0,0,0,0,0,0,2,43,4500000
201003,24,031,3,5,Montgomery County             ,184,184,47018396,0,0,0,0,0,0,3,198,61000000,178,178,45886186,0,0,0,0,0,0,3,198,61000000
201003,24,033,3,5,Prince George County          ,246,246,41904691,0,0,0,0,0,0,1,5,635644,242,242,40694467,0,0,0,0,0,0,1,5,635644
201003,24,035,3,5,Queen Anne County             ,33,33,7963488,0,0,0,0,0,0,0,0,0,33,33,7963488,0,0,0,0,0,0,0,0,0
201003,24,510,3,5,Baltimore (Independent City)  ,33,33,3844361,0,0,0,0,0,0,2,56,4605285,19,19,1887930,0,0,0,0,0,0,1,16,1400000
201003,25,009,1,1,Essex County                  ,99,99,30209858,9,18,1847000,0,0,0,4,20,1735347,73,73,22512328,9,18,1847000,0,0,0,0,0,0
201003,25,017,1,1,Middlesex County              ,245,245,60749230,9,18,2242368,2,8,1800000,6,74,8007264,207,207,52745827,6,12,1668000,2,8,1800000,2,54,6113500
201003,25,019,1,1,Nantucket County              ,11,11,18407800,0,0,0,0,0,0,0,0,0,11,11,18407800,0,0,0,0,0,0,0,0,0
201003,25,021,1,1,Norfolk County                ,102,102,32253683,1,2,215000,5,18,1772000,6,33,3085203,77,77,22442703,1,2,215000,5,18,1772000,2,10,896000
201003,25,023,1,1,Plymouth County               ,129,129,30084743,1,2,250000,1,3,295443,18,160,13897000,89,89,23107314,1,2,250000,0,0,0,18,160,13897000
201003,25,025,1,1,Suffolk County                ,6,6,1162460,3,6,732606,4,12,1979544,4,26,3873516,1,1,225308,0,0,0,2,6,769000,0,0,0
201003,26,000,2,3,Michigan Balance of State     ,7,7,691847,0,0,0,0,0,0,0,0,0,7,7,691847,0,0,0,0,0,0,0,0,0
201003,26,001,2,3,Alcona County                 ,2,2,202194,0,0,0,0,0,0,0,0,0,0,0,0,0,0,0,0,0,0,0,0,0
201003,26,009,2,3,Antrim County                 ,7,7,1309403,0,0,0,0,0,0,0,0,0,2,2,539321,0,0,0,0,0,0,0,0,0
201003,26,015,2,3,Barry County                  ,19,19,2068884,0,0,0,0,0,0,0,0,0,7,7,702000,0,0,0,0,0,0,0,0,0
201003,26,019,2,3,Benzie County                 ,11,11,1696739,0,0,0,0,0,0,0,0,0,11,11,1696739,0,0,0,0,0,0,0,0,0
201003,26,029,2,3,Charlevoix County             ,27,27,3940838,0,0,0,0,0,0,0,0,0,0,0,0,0,0,0,0,0,0,0,0,0
201003,26,031,2,3,Cheboygan County              ,1,1,140000,0,0,0,0,0,0,0,0,0,1,1,140000,0,0,0,0,0,0,0,0,0
201003,26,047,2,3,Emmet County                  ,3,3,384432,0,0,0,0,0,0,0,0,0,3,3,384432,0,0,0,0,0,0,0,0,0
201003,26,051,2,3,Gladwin County                ,3,3,504287,0,0,0,0,0,0,0,0,0,3,3,504287,0,0,0,0,0,0,0,0,0
201003,26,059,2,3,Hillsdale County              ,8,8,1234331,0,0,0,0,0,0,0,0,0,5,5,806080,0,0,0,0,0,0,0,0,0
201003,26,067,2,3,Ionia County                  ,14,14,2107220,0,0,0,0,0,0,0,0,0,2,2,280000,0,0,0,0,0,0,0,0,0
201003,26,079,2,3,Kalkaska County               ,1,1,105000,0,0,0,0,0,0,0,0,0,1,1,105000,0,0,0,0,0,0,0,0,0
201003,26,081,2,3,Kent County                   ,187,187,29148129,0,0,0,0,0,0,2,10,900000,167,167,25657472,0,0,0,0,0,0,0,0,0
201003,26,087,2,3,Lapeer County                 ,2,2,509946,0,0,0,0,0,0,0,0,0,2,2,509946,0,0,0,0,0,0,0,0,0
201003,26,089,2,3,Leelanau County               ,7,7,1659900,0,0,0,0,0,0,0,0,0,7,7,1659900,0,0,0,0,0,0,0,0,0
201003,26,093,2,3,Livingston County             ,21,21,4398111,0,0,0,0,0,0,0,0,0,17,17,3989784,0,0,0,0,0,0,0,0,0
201003,26,099,2,3,Macomb County                 ,129,129,24935940,0,0,0,0,0,0,5,56,2659700,125,125,23820516,0,0,0,0,0,0,5,56,2659700
201003,26,103,2,3,Marquette County              ,4,4,609000,0,0,0,0,0,0,0,0,0,4,4,609000,0,0,0,0,0,0,0,0,0
201003,26,113,2,3,Missaukee County              ,2,2,315094,0,0,0,0,0,0,0,0,0,0,0,0,0,0,0,0,0,0,0,0,0
201003,26,123,2,3,Newaygo County                ,6,6,507261,0,0,0,0,0,0,0,0,0,0,0,0,0,0,0,0,0,0,0,0,0
201003,26,125,2,3,Oakland County                ,156,156,31269287,0,0,0,0,0,0,0,0,0,132,132,25749831,0,0,0,0,0,0,0,0,0
201003,26,129,2,3,Ogemaw County                 ,3,3,504288,0,0,0,0,0,0,0,0,0,3,3,504288,0,0,0,0,0,0,0,0,0
201003,26,133,2,3,Osceola County                ,1,1,131000,0,0,0,0,0,0,0,0,0,1,1,131000,0,0,0,0,0,0,0,0,0
201003,26,137,2,3,Otsego County                 ,6,6,1400573,0,0,0,0,0,0,0,0,0,0,0,0,0,0,0,0,0,0,0,0,0
201003,26,141,2,3,Presque Isle County           ,2,2,360000,0,0,0,0,0,0,0,0,0,2,2,360000,0,0,0,0,0,0,0,0,0
201003,26,147,2,3,St. Clair County              ,13,13,1602251,0,0,0,3,11,1040402,0,0,0,4,4,503121,0,0,0,0,0,0,0,0,0
201003,26,163,2,3,Wayne County                  ,70,70,15573204,10,20,1880000,18,68,6740000,0,0,0,67,67,15041342,10,20,1880000,18,68,6740000,0,0,0
201003,27,003,2,4,Anoka County                  ,140,140,31314131,0,0,0,1,4,621984,0,0,0,137,137,30699131,0,0,0,1,4,621984,0,0,0
201003,27,019,2,4,Carver County                 ,68,68,18796227,0,0,0,1,4,600000,0,0,0,62,62,17387385,0,0,0,1,4,600000,0,0,0
201003,27,025,2,4,Chisago County                ,6,6,1053626,0,0,0,0,0,0,0,0,0,4,4,796768,0,0,0,0,0,0,0,0,0
201003,27,037,2,4,Dakota County                 ,118,118,29899278,0,0,0,0,0,0,0,0,0,112,112,28245521,0,0,0,0,0,0,0,0,0
201003,27,053,2,4,Hennepin County               ,162,162,57085471,0,0,0,1,4,694206,2,50,4537582,157,157,53871636,0,0,0,1,4,694206,2,50,4537582
201003,27,059,2,4,Isanti County                 ,5,5,542500,0,0,0,0,0,0,0,0,0,4,4,445000,0,0,0,0,0,0,0,0,0
201003,27,123,2,4,Ramsey County                 ,12,12,2665966,0,0,0,0,0,0,0,0,0,12,12,2665966,0,0,0,0,0,0,0,0,0
201003,27,139,2,4,Scott County                  ,101,101,22967086,0,0,0,0,0,0,0,0,0,91,91,20739942,0,0,0,0,0,0,0,0,0
201003,27,141,2,4,Sherburne County              ,32,32,4998867,0,0,0,0,0,0,0,0,0,28,28,4458037,0,0,0,0,0,0,0,0,0
201003,27,163,2,4,Washington County             ,92,92,24857052,0,0,0,0,0,0,3,258,22487000,92,92,24857052,0,0,0,0,0,0,3,258,22487000
201003,27,171,2,4,Wright County                 ,47,47,7346799,0,0,0,0,0,0,0,0,0,37,37,5384741,0,0,0,0,0,0,0,0,0
201003,28,021,3,6,Claiborne County              ,0,0,0,0,0,0,0,0,0,0,0,0,0,0,0,0,0,0,0,0,0,0,0,0
201003,28,033,3,6,DeSoto County                 ,121,121,14973657,0,0,0,0,0,0,0,0,0,88,88,9549032,0,0,0,0,0,0,0,0,0
201003,28,039,3,6,George County                 ,3,3,110000,0,0,0,0,0,0,0,0,0,3,3,110000,0,0,0,0,0,0,0,0,0
201003,28,071,3,6,Lafayette County              ,21,21,2880400,0,0,0,0,0,0,0,0,0,21,21,2880400,0,0,0,0,0,0,0,0,0
201003,28,091,3,6,Marion County                 ,1,1,175000,0,0,0,0,0,0,0,0,0,1,1,175000,0,0,0,0,0,0,0,0,0
201003,28,093,3,6,Marshall County               ,14,14,2140000,0,0,0,0,0,0,0,0,0,14,14,2140000,0,0,0,0,0,0,0,0,0
201003,28,137,3,6,Tate County                   ,22,22,2178193,0,0,0,0,0,0,0,0,0,5,5,600000,0,0,0,0,0,0,0,0,0
201003,28,143,3,6,Tunica County                 ,4,4,321248,0,0,0,0,0,0,0,0,0,0,0,0,0,0,0,0,0,0,0,0,0
201003,28,153,3,6,Wayne County                  ,0,0,0,0,0,0,0,0,0,0,0,0,0,0,0,0,0,0,0,0,0,0,0,0
201003,29,001,2,4,Adair County                  ,0,0,0,0,0,0,0,0,0,0,0,0,0,0,0,0,0,0,0,0,0,0,0,0
201003,29,013,2,4,Bates County                  ,0,0,0,0,0,0,0,0,0,0,0,0,0,0,0,0,0,0,0,0,0,0,0,0
201003,29,019,2,4,Boone County                  ,106,106,17036041,0,0,0,0,0,0,0,0,0,106,106,17036041,0,0,0,0,0,0,0,0,0
201003,29,025,2,4,Caldwell County               ,2,2,403364,0,0,0,0,0,0,0,0,0,0,0,0,0,0,0,0,0,0,0,0,0
201003,29,037,2,4,Cass County                   ,29,29,5962018,0,0,0,0,0,0,0,0,0,22,22,5403811,0,0,0,0,0,0,0,0,0
201003,29,047,2,4,Clay County                   ,31,31,6833860,0,0,0,1,3,330000,0,0,0,31,31,6833860,0,0,0,1,3,330000,0,0,0
201003,29,049,2,4,Clinton County                ,10,10,1845321,0,0,0,0,0,0,0,0,0,0,0,0,0,0,0,0,0,0,0,0,0
201003,29,065,2,4,Dent County                   ,0,0,0,0,0,0,0,0,0,0,0,0,0,0,0,0,0,0,0,0,0,0,0,0
201003,29,071,2,4,Franklin County               ,50,50,6907863,3,6,623029,0,0,0,0,0,0,45,45,6107122,3,6,623029,0,0,0,0,0,0
201003,29,079,2,4,Grundy County                 ,1,1,160000,0,0,0,0,0,0,0,0,0,1,1,160000,0,0,0,0,0,0,0,0,0
201003,29,095,2,4,Jackson County                ,109,109,20498126,0,0,0,1,4,359534,11,129,6046196,109,109,20498126,0,0,0,1,4,359534,11,129,6046196
201003,29,099,2,4,Jefferson County              ,197,197,26381346,3,6,300000,0,0,0,0,0,0,196,196,26277596,3,6,300000,0,0,0,0,0,0
201003,29,105,2,4,Laclede County                ,2,2,199584,3,6,377886,0,0,0,1,5,250000,0,0,0,0,0,0,0,0,0,0,0,0
201003,29,107,2,4,Lafayette County              ,11,11,2008170,0,0,0,0,0,0,0,0,0,1,1,67000,0,0,0,0,0,0,0,0,0
201003,29,113,2,4,Lincoln County                ,31,31,3305500,0,0,0,0,0,0,0,0,0,31,31,3305500,0,0,0,0,0,0,0,0,0
201003,29,141,2,4,Morgan County                 ,0,0,0,0,0,0,0,0,0,0,0,0,0,0,0,0,0,0,0,0,0,0,0,0
201003,29,161,2,4,Phelps County                 ,9,9,750199,1,2,222005,2,8,560067,1,6,412275,8,8,614400,0,0,0,1,4,360810,1,6,412275
201003,29,165,2,4,Platte County                 ,24,24,6216577,0,0,0,4,16,1080000,0,0,0,23,23,5781577,0,0,0,4,16,1080000,0,0,0
201003,29,177,2,4,Ray County                    ,3,3,478980,0,0,0,0,0,0,0,0,0,1,1,110000,0,0,0,0,0,0,0,0,0
201003,29,183,2,4,St. Charles County            ,343,343,60031929,12,24,2282633,8,25,2075400,2,72,7612340,319,319,52293380,12,24,2282633,8,25,2075400,2,72,7612340
201003,29,189,2,4,St. Louis County              ,128,128,48522305,0,0,0,0,0,0,3,15,1323060,44,44,15853273,0,0,0,0,0,0,0,0,0
201003,29,219,2,4,Warren County                 ,27,27,3645823,0,0,0,0,0,0,0,0,0,24,24,3350140,0,0,0,0,0,0,0,0,0
201003,29,221,2,4,Washington County             ,0,0,0,1,2,400000,0,0,0,0,0,0,0,0,0,1,2,400000,0,0,0,0,0,0
201003,29,510,2,4,St. Louis (Independent City)  ,30,30,3348296,0,0,0,4,14,1279982,2,10,4279350,0,0,0,0,0,0,0,0,0,0,0,0
201003,30,023,4,8,Deer Lodge County             ,1,1,184000,0,0,0,0,0,0,0,0,0,1,1,184000,0,0,0,0,0,0,0,0,0
201003,30,063,4,8,Missoula County               ,44,44,5569426,3,6,226536,2,7,328485,1,19,943693,44,44,5569426,3,6,226536,2,7,328485,1,19,943693
201003,31,025,2,4,Cass County                   ,12,12,2135473,0,0,0,0,0,0,0,0,0,12,12,2135473,0,0,0,0,0,0,0,0,0
201003,31,033,2,4,Cheyenne County               ,2,2,363291,0,0,0,0,0,0,0,0,0,2,2,363291,0,0,0,0,0,0,0,0,0
201003,31,055,2,4,Douglas County                ,363,363,48863383,0,0,0,0,0,0,0,0,0,363,363,48863383,0,0,0,0,0,0,0,0,0
201003,31,077,2,4,Greeley County                ,0,0,0,0,0,0,0,0,0,0,0,0,0,0,0,0,0,0,0,0,0,0,0,0
201003,31,105,2,4,Kimball County                ,0,0,0,0,0,0,0,0,0,0,0,0,0,0,0,0,0,0,0,0,0,0,0,0
201003,31,153,2,4,Sarpy County                  ,205,205,43587014,0,0,0,0,0,0,0,0,0,167,167,35869039,0,0,0,0,0,0,0,0,0
201003,31,155,2,4,Saunders County               ,12,12,1795322,0,0,0,0,0,0,0,0,0,11,11,1670322,0,0,0,0,0,0,0,0,0
201003,31,177,2,4,Washington County             ,11,11,1817682,0,0,0,0,0,0,0,0,0,6,6,1107954,0,0,0,0,0,0,0,0,0
201003,32,001,4,8,Churchill County              ,1,1,129186,0,0,0,0,0,0,0,0,0,1,1,129186,0,0,0,0,0,0,0,0,0
201003,32,003,4,8,Clark County                  ,1554,1554,190401110,0,0,0,24,72,6160323,3,190,11033076,1554,1554,190401110,0,0,0,24,72,6160323,3,190,11033076
201003,32,005,4,8,Douglas County                ,9,9,4984216,0,0,0,0,0,0,0,0,0,9,9,4984216,0,0,0,0,0,0,0,0,0
201003,32,007,4,8,Elko County                   ,28,28,3239816,0,0,0,0,0,0,0,0,0,28,28,3239816,0,0,0,0,0,0,0,0,0
201003,32,013,4,8,Humboldt County               ,6,6,785724,0,0,0,0,0,0,0,0,0,6,6,785724,0,0,0,0,0,0,0,0,0
201003,32,015,4,8,Lander County                 ,0,0,0,0,0,0,0,0,0,0,0,0,0,0,0,0,0,0,0,0,0,0,0,0
201003,32,017,4,8,Lincoln County                ,2,2,160000,0,0,0,0,0,0,0,0,0,2,2,160000,0,0,0,0,0,0,0,0,0
201003,32,019,4,8,Lyon County                   ,16,16,2699606,0,0,0,0,0,0,0,0,0,14,14,2460948,0,0,0,0,0,0,0,0,0
201003,32,021,4,8,Mineral County                ,1,1,35600,0,0,0,0,0,0,0,0,0,1,1,35600,0,0,0,0,0,0,0,0,0
201003,32,027,4,8,Pershing County               ,0,0,0,0,0,0,0,0,0,0,0,0,0,0,0,0,0,0,0,0,0,0,0,0
201003,32,029,4,8,Storey County                 ,2,2,369878,0,0,0,0,0,0,0,0,0,0,0,0,0,0,0,0,0,0,0,0,0
201003,32,031,4,8,Washoe County                 ,166,166,36301636,0,0,0,0,0,0,1,5,314669,132,132,25831642,0,0,0,0,0,0,0,0,0
201003,32,033,4,8,White Pine County             ,0,0,0,0,0,0,0,0,0,0,0,0,0,0,0,0,0,0,0,0,0,0,0,0
201003,32,510,4,8,Carson City (Independent City),3,3,910211,0,0,0,0,0,0,2,16,2572514,3,3,910211,0,0,0,0,0,0,2,16,2572514
201003,33,015,1,1,Rockingham County             ,96,96,21659473,1,2,260000,0,0,0,1,32,2600000,73,73,16204737,1,2,260000,0,0,0,1,32,2600000
201003,33,017,1,1,Strafford County              ,50,50,8598457,0,0,0,0,0,0,0,0,0,43,43,7283024,0,0,0,0,0,0,0,0,0
201003,34,001,1,2,Atlantic County               ,117,117,14681469,2,4,1015400,0,0,0,0,0,0,94,94,11980497,2,4,1015400,0,0,0,0,0,0
201003,34,003,1,2,Bergen County                 ,111,111,41691559,14,28,3481664,1,3,275000,6,75,5295548,44,44,19889325,10,20,2592800,1,3,275000,2,55,3790000
201003,34,005,1,2,Burlington County             ,118,118,20842524,0,0,0,0,0,0,1,5,248983,68,68,13259872,0,0,0,0,0,0,0,0,0
201003,34,007,1,2,Camden County                 ,64,64,8197954,1,2,135010,0,0,0,5,42,2207103,33,33,4405618,0,0,0,0,0,0,1,22,1059450
201003,34,009,1,2,Cape May County               ,58,58,16772259,15,30,4440200,0,0,0,2,15,551050,53,53,15951234,15,30,4440200,0,0,0,2,15,551050
201003,34,011,1,2,Cumberland County             ,71,71,7289159,0,0,0,0,0,0,0,0,0,38,38,3376597,0,0,0,0,0,0,0,0,0
201003,34,013,1,2,Essex County                  ,91,91,23649566,4,8,982100,0,0,0,7,117,6102835,58,58,15854178,4,8,982100,0,0,0,3,97,4373554
201003,34,015,1,2,Gloucester County             ,133,133,21092658,2,4,309544,0,0,0,0,0,0,99,99,17263045,1,2,187300,0,0,0,0,0,0
201003,34,017,1,2,Hudson County                 ,18,18,3160029,6,12,1418076,3,9,710700,6,34,3239854,5,5,1014400,5,10,1210700,3,9,710700,1,5,1
201003,34,019,1,2,Hunterdon County              ,23,23,3602514,0,0,0,0,0,0,1,12,465000,15,15,2797200,0,0,0,0,0,0,1,12,465000
201003,34,021,1,2,Mercer County                 ,48,48,9165101,0,0,0,5,17,350600,3,85,19691600,27,27,4979597,0,0,0,5,17,350600,3,85,19691600
201003,34,023,1,2,Middlesex County              ,147,147,23695101,0,0,0,2,6,409350,7,94,3416561,130,130,21663450,0,0,0,0,0,0,3,74,1658600
201003,34,025,1,2,Monmouth County               ,150,150,33673476,0,0,0,0,0,0,8,97,3819221,135,135,29877209,0,0,0,0,0,0,2,67,937225
201003,34,027,1,2,Morris County                 ,78,78,20088666,0,0,0,0,0,0,1,5,245973,40,40,11140270,0,0,0,0,0,0,0,0,0
201003,34,029,1,2,Ocean County                  ,278,278,45458741,0,0,0,1,3,56918,1,13,1480046,238,238,36713624,0,0,0,0,0,0,1,13,1480046
201003,34,031,1,2,Passaic County                ,37,37,6542065,4,8,564096,0,0,0,4,101,11085038,5,5,1581100,0,0,0,0,0,0,2,91,9916700
201003,34,033,1,2,Salem County                  ,23,23,1929886,0,0,0,0,0,0,1,5,223536,22,22,1830064,0,0,0,0,0,0,0,0,0
201003,34,035,1,2,Somerset County               ,82,82,14653120,0,0,0,1,3,134611,1,5,500000,58,58,11596856,0,0,0,0,0,0,0,0,0
201003,34,037,1,2,Sussex County                 ,48,48,7580683,0,0,0,0,0,0,0,0,0,25,25,2903586,0,0,0,0,0,0,0,0,0
201003,34,039,1,2,Union County                  ,51,51,10486090,7,14,921305,0,0,0,5,46,1652704,15,15,2658892,6,12,777650,0,0,0,2,31,960001
201003,34,041,1,2,Warren County                 ,31,31,3683535,0,0,0,0,0,0,0,0,0,20,20,2080377,0,0,0,0,0,0,0,0,0
201003,35,000,4,8,New Mexico Balance of State   ,186,186,37039723,0,0,0,0,0,0,0,0,0,186,186,37039723,0,0,0,0,0,0,0,0,0
201003,35,001,4,8,Bernalillo County             ,245,245,44216228,0,0,0,2,6,844636,3,39,3058692,15,15,3702529,0,0,0,0,0,0,0,0,0
201003,35,005,4,8,Chaves County                 ,8,8,1919447,0,0,0,0,0,0,0,0,0,4,4,1019308,0,0,0,0,0,0,0,0,0
201003,35,007,4,8,Colfax County                 ,3,3,1082256,0,0,0,1,3,535631,0,0,0,0,0,0,0,0,0,0,0,0,0,0,0
201003,35,009,4,8,Curry County                  ,57,57,12184284,3,6,868497,0,0,0,0,0,0,57,57,12184284,3,6,868497,0,0,0,0,0,0
201003,35,013,4,8,Dona Ana County               ,233,233,44565932,0,0,0,1,3,403125,0,0,0,176,176,36936442,0,0,0,0,0,0,0,0,0
201003,35,015,4,8,Eddy County                   ,37,37,7446718,0,0,0,0,0,0,0,0,0,33,33,6740694,0,0,0,0,0,0,0,0,0
201003,35,025,4,8,Lea County                    ,7,7,1686343,0,0,0,0,0,0,6,60,7650000,7,7,1686343,0,0,0,0,0,0,6,60,7650000
201003,35,027,4,8,Lincoln County                ,12,12,2099736,0,0,0,0,0,0,0,0,0,0,0,0,0,0,0,0,0,0,0,0,0
201003,35,028,4,8,Los Alamos County             ,1,1,462290,0,0,0,0,0,0,0,0,0,0,0,0,0,0,0,0,0,0,0,0,0
201003,35,029,4,8,Luna County                   ,5,5,917741,0,0,0,0,0,0,0,0,0,0,0,0,0,0,0,0,0,0,0,0,0
201003,35,031,4,8,McKinley County               ,0,0,0,0,0,0,0,0,0,1,5,361734,0,0,0,0,0,0,0,0,0,0,0,0
201003,35,035,4,8,Otero County                  ,1,1,251193,0,0,0,0,0,0,0,0,0,1,1,251193,0,0,0,0,0,0,0,0,0
201003,35,039,4,8,Rio Arriba County             ,0,0,0,0,0,0,0,0,0,0,0,0,0,0,0,0,0,0,0,0,0,0,0,0
201003,35,041,4,8,Roosevelt County              ,10,10,1489000,0,0,0,0,0,0,0,0,0,10,10,1489000,0,0,0,0,0,0,0,0,0
201003,35,043,4,8,Sandoval County               ,127,127,24718303,0,0,0,0,0,0,0,0,0,66,66,12722395,0,0,0,0,0,0,0,0,0
201003,35,045,4,8,San Juan County               ,56,56,10053390,0,0,0,0,0,0,0,0,0,56,56,10053390,0,0,0,0,0,0,0,0,0
201003,35,049,4,8,Santa Fe County               ,29,29,3867590,0,0,0,0,0,0,0,0,0,0,0,0,0,0,0,0,0,0,0,0,0
201003,35,051,4,8,Sierra County                 ,0,0,0,0,0,0,0,0,0,0,0,0,0,0,0,0,0,0,0,0,0,0,0,0
201003,35,053,4,8,Socorro County                ,1,1,150000,0,0,0,0,0,0,0,0,0,1,1,150000,0,0,0,0,0,0,0,0,0
201003,35,055,4,8,Taos County                   ,12,12,1315871,0,0,0,0,0,0,0,0,0,0,0,0,0,0,0,0,0,0,0,0,0
201003,35,061,4,8,Valencia County               ,21,21,2611870,0,0,0,0,0,0,0,0,0,0,0,0,0,0,0,0,0,0,0,0,0
201003,36,005,1,2,Bronx County                  ,2,2,450617,6,12,1355914,4,13,1386982,2,29,3207725,2,2,450617,6,12,1355914,4,13,1386982,2,29,3207725
201003,36,047,1,2,Kings County                  ,1,1,225308,10,20,2259856,3,10,1066909,11,144,15928012,1,1,225308,10,20,2259856,3,10,1066909,11,144,15928012
201003,36,059,1,2,Nassau County                 ,100,100,30858932,0,0,0,0,0,0,0,0,0,60,60,22670483,0,0,0,0,0,0,0,0,0
201003,36,061,1,2,New York County               ,0,0,0,1,2,225986,0,0,0,2,324,35838030,0,0,0,1,2,225986,0,0,0,2,324,35838030
201003,36,079,1,2,Putnam County                 ,7,7,4132127,0,0,0,0,0,0,0,0,0,6,6,3835115,0,0,0,0,0,0,0,0,0
201003,36,081,1,2,Queens County                 ,18,18,4055549,64,128,14463078,9,32,3414109,5,71,7853396,18,18,4055549,64,128,14463078,9,32,3414109,5,71,7853396
201003,36,085,1,2,Richmond County               ,83,83,18700589,28,56,6327597,0,0,0,1,60,6636672,83,83,18700589,28,56,6327597,0,0,0,1,60,6636672
201003,36,087,1,2,Rockland County               ,11,11,3988900,1,2,280000,0,0,0,1,66,3800000,11,11,3988900,1,2,280000,0,0,0,1,66,3800000
201003,36,103,1,2,Suffolk County                ,220,220,86700238,0,0,0,0,0,0,0,0,0,181,181,78614686,0,0,0,0,0,0,0,0,0
201003,36,119,1,2,Westchester County            ,47,47,22444207,4,8,743574,1,4,740000,1,49,7500000,31,31,17154460,3,6,600000,1,4,740000,1,49,7500000
201003,37,003,3,5,Alexander County              ,10,10,1737290,0,0,0,0,0,0,0,0,0,10,10,1737290,0,0,0,0,0,0,0,0,0
201003,37,007,3,5,Anson County                  ,4,4,699400,0,0,0,0,0,0,0,0,0,4,4,699400,0,0,0,0,0,0,0,0,0
201003,37,009,3,5,Ashe County                   ,8,8,1859000,0,0,0,0,0,0,0,0,0,8,8,1859000,0,0,0,0,0,0,0,0,0
201003,37,011,3,5,Avery County                  ,7,7,1075000,0,0,0,0,0,0,0,0,0,7,7,1075000,0,0,0,0,0,0,0,0,0
201003,37,019,3,5,Brunswick County              ,233,233,43994879,1,2,408014,0,0,0,0,0,0,229,229,43066775,1,2,408014,0,0,0,0,0,0
201003,37,025,3,5,Cabarrus County               ,144,144,20055551,0,0,0,0,0,0,0,0,0,144,144,20055551,0,0,0,0,0,0,0,0,0
201003,37,027,3,5,Caldwell County               ,26,26,4887400,0,0,0,0,0,0,5,40,3192870,26,26,4887400,0,0,0,0,0,0,5,40,3192870
201003,37,037,3,5,Chatham County                ,64,64,11476525,0,0,0,0,0,0,0,0,0,64,64,11476525,0,0,0,0,0,0,0,0,0
201003,37,039,3,5,Cherokee County               ,35,35,7117441,0,0,0,0,0,0,0,0,0,35,35,7117441,0,0,0,0,0,0,0,0,0
201003,37,049,3,5,Craven County                 ,115,115,11305879,0,0,0,0,0,0,0,0,0,95,95,9693221,0,0,0,0,0,0,0,0,0
201003,37,053,3,5,Currituck County              ,29,29,9728588,0,0,0,0,0,0,0,0,0,0,0,0,0,0,0,0,0,0,0,0,0
201003,37,059,3,5,Davie County                  ,14,14,2643600,0,0,0,0,0,0,0,0,0,14,14,2643600,0,0,0,0,0,0,0,0,0
201003,37,063,3,5,Durham County                 ,276,276,49542078,1,2,113610,0,0,0,1,7,616197,166,166,28271900,0,0,0,0,0,0,0,0,0
201003,37,067,3,5,Forsyth County                ,242,242,31619256,0,0,0,0,0,0,0,0,0,242,242,31619256,0,0,0,0,0,0,0,0,0
201003,37,069,3,5,Franklin County               ,42,42,7966276,0,0,0,0,0,0,0,0,0,42,42,7966276,0,0,0,0,0,0,0,0,0
201003,37,071,3,5,Gaston County                 ,145,145,30798747,1,2,150745,0,0,0,0,0,0,145,145,30798747,1,2,150745,0,0,0,0,0,0
201003,37,081,3,5,Guilford County               ,305,305,56871368,2,4,620000,1,3,67212,6,128,6409485,153,153,23601408,2,4,620000,0,0,0,4,117,5165596
201003,37,089,3,5,Henderson County              ,61,61,8978709,0,0,0,0,0,0,0,0,0,61,61,8978709,0,0,0,0,0,0,0,0,0
201003,37,093,3,5,Hoke County                   ,173,173,30640585,0,0,0,0,0,0,0,0,0,173,173,30640585,0,0,0,0,0,0,0,0,0
201003,37,097,3,5,Iredell County                ,153,153,27599095,1,2,233333,0,0,0,0,0,0,33,33,10584955,0,0,0,0,0,0,0,0,0
201003,37,101,3,5,Johnston County               ,211,211,41787450,0,0,0,0,0,0,0,0,0,211,211,41787450,0,0,0,0,0,0,0,0,0
201003,37,105,3,5,Lee County                    ,32,32,5545260,0,0,0,0,0,0,0,0,0,32,32,5545260,0,0,0,0,0,0,0,0,0
201003,37,109,3,5,Lincoln County                ,58,58,12462356,2,4,220000,0,0,0,0,0,0,0,0,0,0,0,0,0,0,0,0,0,0
201003,37,113,3,5,Macon County                  ,12,12,2927910,0,0,0,0,0,0,0,0,0,12,12,2927910,0,0,0,0,0,0,0,0,0
201003,37,119,3,5,Mecklenburg County            ,580,580,104471974,0,0,0,19,73,6597804,2,237,19308499,580,580,104471974,0,0,0,19,73,6597804,2,237,19308499
201003,37,127,3,5,Nash County                   ,47,47,5526186,0,0,0,0,0,0,0,0,0,38,38,4920295,0,0,0,0,0,0,0,0,0
201003,37,129,3,5,New Hanover County            ,148,148,37466677,3,6,914635,1,3,772500,4,44,3438833,51,51,13342645,2,4,634200,0,0,0,2,10,800000
201003,37,135,3,5,Orange County                 ,63,63,17508362,0,0,0,0,0,0,0,0,0,59,59,16475620,0,0,0,0,0,0,0,0,0
201003,37,137,3,5,Pamlico County                ,12,12,3541367,0,0,0,0,0,0,0,0,0,2,2,825000,0,0,0,0,0,0,0,0,0
201003,37,141,3,5,Pender County                 ,57,57,7515222,0,0,0,0,0,0,2,10,1039950,20,20,2570456,0,0,0,0,0,0,0,0,0
201003,37,145,3,5,Person County                 ,16,16,2516495,0,0,0,0,0,0,0,0,0,16,16,2516495,0,0,0,0,0,0,0,0,0
201003,37,147,3,5,Pitt County                   ,134,134,17881746,17,34,2792800,0,0,0,0,0,0,134,134,17881746,17,34,2792800,0,0,0,0,0,0
201003,37,149,3,5,Polk County                   ,9,9,2462868,0,0,0,0,0,0,0,0,0,9,9,2462868,0,0,0,0,0,0,0,0,0
201003,37,151,3,5,Randolph County               ,72,72,13032698,0,0,0,0,0,0,0,0,0,39,39,7422748,0,0,0,0,0,0,0,0,0
201003,37,157,3,5,Rockingham County             ,25,25,5415146,0,0,0,0,0,0,0,0,0,25,25,5415146,0,0,0,0,0,0,0,0,0
201003,37,159,3,5,Rowan County                  ,63,63,13462292,0,0,0,0,0,0,0,0,0,33,33,8200096,0,0,0,0,0,0,0,0,0
201003,37,163,3,5,Sampson County                ,24,24,2621265,0,0,0,0,0,0,0,0,0,24,24,2621265,0,0,0,0,0,0,0,0,0
201003,37,167,3,5,Stanly County                 ,34,34,3564586,1,2,78363,0,0,0,2,10,534960,0,0,0,0,0,0,0,0,0,0,0,0
201003,37,171,3,5,Surry County                  ,17,17,3873798,0,0,0,0,0,0,0,0,0,17,17,3873798,0,0,0,0,0,0,0,0,0
201003,37,175,3,5,Transylvania County           ,25,25,5022395,0,0,0,0,0,0,0,0,0,25,25,5022395,0,0,0,0,0,0,0,0,0
201003,37,179,3,5,Union County                  ,144,144,20349213,0,0,0,0,0,0,0,0,0,144,144,20349213,0,0,0,0,0,0,0,0,0
201003,37,181,3,5,Vance County                  ,9,9,1223691,0,0,0,0,0,0,5,40,2376000,9,9,1223691,0,0,0,0,0,0,5,40,2376000
201003,37,183,3,5,Wake County                   ,1145,1145,222439680,0,0,0,0,0,0,3,98,6605250,1086,1086,210390884,0,0,0,0,0,0,3,98,6605250
201003,37,195,3,5,Wilson County                 ,35,35,5491053,0,0,0,0,0,0,0,0,0,35,35,5491053,0,0,0,0,0,0,0,0,0
201003,39,015,2,3,Brown County                  ,8,8,880000,0,0,0,0,0,0,0,0,0,8,8,880000,0,0,0,0,0,0,0,0,0
201003,39,017,2,3,Butler County                 ,129,129,22730760,7,14,1610000,0,0,0,1,5,437500,124,124,21979315,7,14,1610000,0,0,0,0,0,0
201003,39,025,2,3,Clermont County               ,107,107,14456950,0,0,0,1,4,170000,0,0,0,107,107,14456950,0,0,0,1,4,170000,0,0,0
201003,39,035,2,3,Cuyahoga County               ,106,106,19937638,0,0,0,1,3,136408,1,5,530305,57,57,11585805,0,0,0,0,0,0,0,0,0
201003,39,041,2,3,Delaware County               ,130,130,26947722,0,0,0,0,0,0,0,0,0,130,130,26947722,0,0,0,0,0,0,0,0,0
201003,39,045,2,3,Fairfield County              ,51,51,11146888,0,0,0,0,0,0,0,0,0,41,41,9324334,0,0,0,0,0,0,0,0,0
201003,39,049,2,3,Franklin County               ,399,399,87954036,8,16,2394805,10,37,3705000,23,514,11681565,370,370,81498696,8,16,2394805,10,37,3705000,23,514,11681565
201003,39,055,2,3,Geauga County                 ,17,17,4332952,0,0,0,0,0,0,0,0,0,5,5,1625356,0,0,0,0,0,0,0,0,0
201003,39,061,2,3,Hamilton County               ,143,143,29728332,0,0,0,0,0,0,1,5,520003,96,96,13870612,0,0,0,0,0,0,0,0,0
201003,39,085,2,3,Lake County                   ,85,85,17819195,0,0,0,0,0,0,1,5,394872,61,61,11515599,0,0,0,0,0,0,0,0,0
201003,39,089,2,3,Licking County                ,94,94,13383749,0,0,0,0,0,0,0,0,0,94,94,13383749,0,0,0,0,0,0,0,0,0
201003,39,093,2,3,Lorain County                 ,143,143,26095722,0,0,0,0,0,0,0,0,0,136,136,24741920,0,0,0,0,0,0,0,0,0
201003,39,097,2,3,Madison County                ,6,6,1098941,0,0,0,0,0,0,0,0,0,5,5,933941,0,0,0,0,0,0,0,0,0
201003,39,103,2,3,Medina County                 ,112,112,21620044,0,0,0,0,0,0,0,0,0,112,112,21620044,0,0,0,0,0,0,0,0,0
201003,39,117,2,3,Morrow County                 ,6,6,976120,0,0,0,0,0,0,0,0,0,2,2,306339,0,0,0,0,0,0,0,0,0
201003,39,129,2,3,Pickaway County               ,3,3,646006,0,0,0,0,0,0,0,0,0,2,2,474377,0,0,0,0,0,0,0,0,0
201003,39,159,2,3,Union County                  ,26,26,5622424,0,0,0,0,0,0,0,0,0,26,26,5622424,0,0,0,0,0,0,0,0,0
201003,39,165,2,3,Warren County                 ,166,166,40581540,1,2,336828,0,0,0,0,0,0,157,157,38948805,1,2,336828,0,0,0,0,0,0
201003,39,169,2,3,Wayne County                  ,22,22,3854500,0,0,0,0,0,0,0,0,0,22,22,3854500,0,0,0,0,0,0,0,0,0
201003,40,017,3,7,Canadian County               ,67,67,12623392,0,0,0,0,0,0,0,0,0,59,59,10733475,0,0,0,0,0,0,0,0,0
201003,40,021,3,7,Cherokee County               ,5,5,947448,1,2,196800,0,0,0,0,0,0,0,0,0,0,0,0,0,0,0,0,0,0
201003,40,027,3,7,Cleveland County              ,188,188,28943097,3,6,334000,12,48,1563000,24,288,10200000,186,186,28648840,3,6,334000,12,48,1563000,24,288,10200000
201003,40,029,3,7,Coal County                   ,0,0,0,0,0,0,0,0,0,0,0,0,0,0,0,0,0,0,0,0,0,0,0,0
201003,40,037,3,7,Creek County                  ,36,36,4747940,0,0,0,0,0,0,0,0,0,26,26,3601500,0,0,0,0,0,0,0,0,0
201003,40,051,3,7,Grady County                  ,14,14,2751133,0,0,0,0,0,0,0,0,0,13,13,2663000,0,0,0,0,0,0,0,0,0
201003,40,081,3,7,Lincoln County                ,0,0,0,0,0,0,0,0,0,0,0,0,0,0,0,0,0,0,0,0,0,0,0,0
201003,40,083,3,7,Logan County                  ,5,5,725000,0,0,0,0,0,0,0,0,0,5,5,725000,0,0,0,0,0,0,0,0,0
201003,40,087,3,7,McClain County                ,33,33,4197571,0,0,0,0,0,0,0,0,0,25,25,3119000,0,0,0,0,0,0,0,0,0
201003,40,099,3,7,Murray County                 ,3,3,229000,0,0,0,0,0,0,0,0,0,3,3,229000,0,0,0,0,0,0,0,0,0
201003,40,109,3,7,Oklahoma County               ,488,488,79893940,4,8,675287,0,0,0,3,16,927078,124,124,27882701,0,0,0,0,0,0,0,0,0
201003,40,111,3,7,Okmulgee County               ,0,0,0,0,0,0,0,0,0,0,0,0,0,0,0,0,0,0,0,0,0,0,0,0
201003,40,113,3,7,Osage County                  ,20,20,2796222,0,0,0,0,0,0,0,0,0,20,20,2796222,0,0,0,0,0,0,0,0,0
201003,40,117,3,7,Pawnee County                 ,0,0,0,0,0,0,0,0,0,0,0,0,0,0,0,0,0,0,0,0,0,0,0,0
201003,40,131,3,7,Rogers County                 ,72,72,11480567,0,0,0,0,0,0,0,0,0,71,71,11446355,0,0,0,0,0,0,0,0,0
201003,40,143,3,7,Tulsa County                  ,592,592,106126081,3,6,560000,0,0,0,0,0,0,592,592,106126081,3,6,560000,0,0,0,0,0,0
201003,40,145,3,7,Wagoner County                ,57,57,6778524,0,0,0,0,0,0,0,0,0,57,57,6778524,0,0,0,0,0,0,0,0,0
201003,41,000,4,9,Oregon Balance of State       ,18,18,2416833,0,0,0,0,0,0,0,0,0,18,18,2416833,0,0,0,0,0,0,0,0,0
201003,41,001,4,9,Baker County                  ,8,8,1860777,0,0,0,0,0,0,0,0,0,8,8,1860777,0,0,0,0,0,0,0,0,0
201003,41,005,4,9,Clackamas County              ,210,210,47537281,4,8,1121517,0,0,0,1,22,329144,198,198,44366921,4,8,1121517,0,0,0,1,22,329144
201003,41,009,4,9,Columbia County               ,22,22,4535215,0,0,0,0,0,0,0,0,0,20,20,4190607,0,0,0,0,0,0,0,0,0
201003,41,017,4,9,Deschutes County              ,105,105,22411382,1,2,337630,0,0,0,0,0,0,105,105,22411382,1,2,337630,0,0,0,0,0,0
201003,41,019,4,9,Douglas County                ,37,37,8060469,0,0,0,0,0,0,0,0,0,37,37,8060469,0,0,0,0,0,0,0,0,0
201003,41,025,4,9,Harney County                 ,0,0,0,0,0,0,0,0,0,0,0,0,0,0,0,0,0,0,0,0,0,0,0,0
201003,41,033,4,9,Josephine County              ,27,27,5428139,0,0,0,0,0,0,0,0,0,27,27,5428139,0,0,0,0,0,0,0,0,0
201003,41,035,4,9,Klamath County                ,14,14,2978540,0,0,0,0,0,0,0,0,0,14,14,2978540,0,0,0,0,0,0,0,0,0
201003,41,045,4,9,Malheur County                ,3,3,794322,0,0,0,0,0,0,0,0,0,3,3,794322,0,0,0,0,0,0,0,0,0
201003,41,051,4,9,Multnomah County              ,127,127,28480266,2,4,482996,0,0,0,1,8,845539,127,127,28480266,2,4,482996,0,0,0,1,8,845539
201003,41,057,4,9,Tillamook County              ,20,20,4647756,0,0,0,0,0,0,0,0,0,20,20,4647756,0,0,0,0,0,0,0,0,0
201003,41,059,4,9,Umatilla County               ,32,32,5637642,0,0,0,0,0,0,1,8,717734,32,32,5637642,0,0,0,0,0,0,1,8,717734
201003,41,061,4,9,Union County                  ,11,11,2902912,0,0,0,0,0,0,0,0,0,11,11,2902912,0,0,0,0,0,0,0,0,0
201003,41,067,4,9,Washington County             ,282,282,63739324,0,0,0,0,0,0,5,49,5877559,282,282,63739324,0,0,0,0,0,0,5,49,5877559
201003,41,071,4,9,Yamhill County                ,41,41,8999491,0,0,0,1,3,215770,0,0,0,39,39,8565599,0,0,0,1,3,215770,0,0,0
201003,42,001,1,2,Adams County                  ,82,82,11321863,0,0,0,0,0,0,0,0,0,82,82,11321863,0,0,0,0,0,0,0,0,0
201003,42,003,1,2,Allegheny County              ,283,283,60812355,0,0,0,1,4,680812,2,10,441588,231,231,50867022,0,0,0,1,4,680812,0,0,0
201003,42,005,1,2,Armstrong County              ,5,5,783261,0,0,0,0,0,0,0,0,0,2,2,400000,0,0,0,0,0,0,0,0,0
201003,42,007,1,2,Beaver County                 ,43,43,8129223,1,2,105072,1,3,168974,0,0,0,37,37,7002208,1,2,105072,1,3,168974,0,0,0
201003,42,017,1,2,Bucks County                  ,148,148,24024611,0,0,0,1,4,427200,0,0,0,114,114,17062145,0,0,0,1,4,427200,0,0,0
201003,42,019,1,2,Butler County                 ,83,83,19514902,0,0,0,0,0,0,0,0,0,70,70,16892030,0,0,0,0,0,0,0,0,0
201003,42,025,1,2,Carbon County                 ,16,16,2949116,0,0,0,0,0,0,0,0,0,12,12,2242100,0,0,0,0,0,0,0,0,0
201003,42,029,1,2,Chester County                ,255,255,42041403,3,6,1487971,0,0,0,0,0,0,199,199,31122897,3,6,1487971,0,0,0,0,0,0
201003,42,045,1,2,Delaware County               ,105,105,23674267,1,2,180000,1,3,300000,0,0,0,63,63,14592648,1,2,180000,0,0,0,0,0,0
201003,42,051,1,2,Fayette County                ,52,52,11391710,0,0,0,0,0,0,0,0,0,2,2,380000,0,0,0,0,0,0,0,0,0
201003,42,055,1,2,Franklin County               ,151,151,14232120,3,6,410000,0,0,0,3,17,1690000,118,118,10656429,2,4,260000,0,0,0,2,12,1440000
201003,42,065,1,2,Jefferson County              ,5,5,420398,0,0,0,0,0,0,0,0,0,5,5,420398,0,0,0,0,0,0,0,0,0
201003,42,077,1,2,Lehigh County                 ,163,163,20817647,1,2,250000,0,0,0,0,0,0,143,143,17064360,0,0,0,0,0,0,0,0,0
201003,42,091,1,2,Montgomery County             ,219,219,43934994,0,0,0,0,0,0,0,0,0,177,177,35864440,0,0,0,0,0,0,0,0,0
201003,42,095,1,2,Northampton County            ,84,84,15114565,1,2,249858,0,0,0,0,0,0,57,57,10110141,1,2,249858,0,0,0,0,0,0
201003,42,101,1,2,Philadelphia County           ,100,100,22530830,20,40,3100842,8,27,1671836,5,114,12366010,100,100,22530830,20,40,3100842,8,27,1671836,5,114,12366010
201003,42,103,1,2,Pike County                   ,31,31,6035576,0,0,0,0,0,0,0,0,0,26,26,4934406,0,0,0,0,0,0,0,0,0
201003,42,125,1,2,Washington County             ,83,83,15467120,0,0,0,4,15,1485617,0,0,0,39,39,7789790,0,0,0,3,12,1100400,0,0,0
201003,42,129,1,2,Westmoreland County           ,77,77,14501161,20,40,3123200,3,12,953148,0,0,0,42,42,7972047,20,40,3123200,3,12,953148,0,0,0
201003,44,001,1,1,Bristol County                ,8,8,3728674,0,0,0,0,0,0,0,0,0,8,8,3728674,0,0,0,0,0,0,0,0,0
201003,44,003,1,1,Kent County                   ,34,34,3769739,0,0,0,0,0,0,0,0,0,31,31,3410995,0,0,0,0,0,0,0,0,0
201003,44,005,1,1,Newport County                ,10,10,2480308,0,0,0,0,0,0,0,0,0,10,10,2480308,0,0,0,0,0,0,0,0,0
201003,44,007,1,1,Providence County             ,70,70,9731229,0,0,0,0,0,0,0,0,0,63,63,8426466,0,0,0,0,0,0,0,0,0
201003,44,009,1,1,Washington County             ,48,48,12701376,0,0,0,0,0,0,0,0,0,32,32,8655765,0,0,0,0,0,0,0,0,0
201003,45,003,3,5,Aiken County                  ,185,185,39518864,0,0,0,0,0,0,5,48,3355000,161,161,36830476,0,0,0,0,0,0,5,48,3355000
201003,45,009,3,5,Bamberg County                ,4,4,373950,0,0,0,0,0,0,0,0,0,4,4,373950,0,0,0,0,0,0,0,0,0
201003,45,015,3,5,Berkeley County               ,318,318,57919623,0,0,0,0,0,0,0,0,0,146,146,27375028,0,0,0,0,0,0,0,0,0
201003,45,017,3,5,Calhoun County                ,7,7,1249000,0,0,0,0,0,0,0,0,0,7,7,1249000,0,0,0,0,0,0,0,0,0
201003,45,019,3,5,Charleston County             ,352,352,75349971,7,14,462000,0,0,0,9,126,9073889,205,205,42028683,7,14,462000,0,0,0,6,72,6368291
201003,45,035,3,5,Dorchester County             ,187,187,41420764,0,0,0,0,0,0,0,0,0,187,187,41420764,0,0,0,0,0,0,0,0,0
201003,45,039,3,5,Fairfield County              ,9,9,1043978,0,0,0,0,0,0,0,0,0,0,0,0,0,0,0,0,0,0,0,0,0
201003,45,041,3,5,Florence County               ,80,80,10827285,0,0,0,0,0,0,3,18,1080000,0,0,0,0,0,0,0,0,0,0,0,0
201003,45,045,3,5,Greenville County             ,361,361,76020087,7,14,838665,1,3,285569,5,57,5675633,346,346,73049961,6,12,650000,0,0,0,3,40,4900550
201003,45,047,3,5,Greenwood County              ,17,17,2201906,0,0,0,0,0,0,0,0,0,17,17,2201906,0,0,0,0,0,0,0,0,0
201003,45,055,3,5,Kershaw County                ,86,86,10141540,0,0,0,0,0,0,0,0,0,86,86,10141540,0,0,0,0,0,0,0,0,0
201003,45,059,3,5,Laurens County                ,22,22,2879272,0,0,0,0,0,0,1,18,1126000,21,21,2808542,0,0,0,0,0,0,1,18,1126000
201003,45,063,3,5,Lexington County              ,373,373,61122328,0,0,0,0,0,0,0,0,0,172,172,25620283,0,0,0,0,0,0,0,0,0
201003,45,077,3,5,Pickens County                ,60,60,16918894,0,0,0,0,0,0,0,0,0,28,28,8665760,0,0,0,0,0,0,0,0,0
201003,45,079,3,5,Richland County               ,306,306,35954996,0,0,0,0,0,0,7,137,6806277,83,83,10146693,0,0,0,0,0,0,4,96,4492140
201003,45,081,3,5,Saluda County                 ,8,8,1260773,0,0,0,0,0,0,0,0,0,8,8,1260773,0,0,0,0,0,0,0,0,0
201003,45,085,3,5,Sumter County                 ,84,84,9712587,0,0,0,1,3,90000,0,0,0,56,56,6010234,0,0,0,0,0,0,0,0,0
201003,45,091,3,5,York County                   ,418,418,102592109,0,0,0,0,0,0,0,0,0,72,72,15764371,0,0,0,0,0,0,0,0,0
201003,46,005,2,4,Beadle County                 ,3,3,489524,0,0,0,0,0,0,0,0,0,3,3,489524,0,0,0,0,0,0,0,0,0
201003,46,069,2,4,Hyde County                   ,0,0,0,0,0,0,0,0,0,0,0,0,0,0,0,0,0,0,0,0,0,0,0,0
201003,46,121,2,4,Todd County                   ,0,0,0,0,0,0,0,0,0,0,0,0,0,0,0,0,0,0,0,0,0,0,0,0
201003,47,011,3,6,Bradley County                ,62,62,7950422,3,6,270000,0,0,0,11,217,13071615,47,47,5635800,3,6,270000,0,0,0,11,217,13071615
201003,47,015,3,6,Cannon County                 ,1,1,90000,0,0,0,0,0,0,0,0,0,1,1,90000,0,0,0,0,0,0,0,0,0
201003,47,021,3,6,Cheatham County               ,12,12,2688085,0,0,0,0,0,0,0,0,0,10,10,2300000,0,0,0,0,0,0,0,0,0
201003,47,037,3,6,Davidson County               ,352,352,68697387,2,4,456500,0,0,0,2,123,11700597,350,350,67617786,2,4,456500,0,0,0,2,123,11700597
201003,47,039,3,6,Decatur County                ,0,0,0,0,0,0,0,0,0,0,0,0,0,0,0,0,0,0,0,0,0,0,0,0
201003,47,043,3,6,Dickson County                ,25,25,4774748,0,0,0,0,0,0,0,0,0,23,23,4654748,0,0,0,0,0,0,0,0,0
201003,47,047,3,6,Fayette County                ,38,38,9051645,0,0,0,0,0,0,0,0,0,38,38,9051645,0,0,0,0,0,0,0,0,0
201003,47,063,3,6,Hamblen County                ,29,29,3055280,1,2,80000,0,0,0,0,0,0,11,11,1443704,1,2,80000,0,0,0,0,0,0
201003,47,071,3,6,Hardin County                 ,2,2,127775,0,0,0,0,0,0,1,6,160000,0,0,0,0,0,0,0,0,0,1,6,160000
201003,47,081,3,6,Hickman County                ,0,0,0,0,0,0,0,0,0,0,0,0,0,0,0,0,0,0,0,0,0,0,0,0
201003,47,091,3,6,Johnson County                ,0,0,0,0,0,0,0,0,0,0,0,0,0,0,0,0,0,0,0,0,0,0,0,0
201003,47,093,3,6,Knox County                   ,260,260,36688012,3,6,609130,0,0,0,3,40,5845046,166,166,22230825,0,0,0,0,0,0,2,24,5000000
201003,47,111,3,6,Macon County                  ,1,1,70000,2,4,100000,0,0,0,0,0,0,1,1,70000,2,4,100000,0,0,0,0,0,0
201003,47,113,3,6,Madison County                ,62,62,11527625,0,0,0,0,0,0,0,0,0,62,62,11527625,0,0,0,0,0,0,0,0,0
201003,47,125,3,6,Montgomery County             ,308,308,36551400,4,8,757000,4,16,846812,5,34,1580000,308,308,36551400,4,8,757000,4,16,846812,5,34,1580000
201003,47,141,3,6,Putnam County                 ,30,30,4573617,1,2,168300,0,0,0,1,11,930240,26,26,3858049,0,0,0,0,0,0,1,11,930240
201003,47,147,3,6,Robertson County              ,48,48,5759812,0,0,0,0,0,0,0,0,0,41,41,4664498,0,0,0,0,0,0,0,0,0
201003,47,149,3,6,Rutherford County             ,282,282,44475830,0,0,0,0,0,0,10,198,8169593,220,220,36546346,0,0,0,0,0,0,9,184,7500000
201003,47,157,3,6,Shelby County                 ,218,218,42175814,0,0,0,0,0,0,3,422,29126116,218,218,42175814,0,0,0,0,0,0,3,422,29126116
201003,47,159,3,6,Smith County                  ,9,9,1690992,0,0,0,0,0,0,0,0,0,9,9,1690992,0,0,0,0,0,0,0,0,0
201003,47,165,3,6,Sumner County                 ,164,164,25625498,0,0,0,0,0,0,0,0,0,76,76,11267008,0,0,0,0,0,0,0,0,0
201003,47,167,3,6,Tipton County                 ,25,25,3509303,0,0,0,0,0,0,0,0,0,22,22,3125980,0,0,0,0,0,0,0,0,0
201003,47,169,3,6,Trousdale County              ,2,2,130000,0,0,0,0,0,0,0,0,0,2,2,130000,0,0,0,0,0,0,0,0,0
201003,47,179,3,6,Washington County             ,61,61,10250568,2,4,180000,0,0,0,0,0,0,61,61,10250568,2,4,180000,0,0,0,0,0,0
201003,47,187,3,6,Williamson County             ,122,122,46368170,0,0,0,0,0,0,0,0,0,103,103,38720304,0,0,0,0,0,0,0,0,0
201003,47,189,3,6,Wilson County                 ,169,169,26218562,1,2,100000,3,12,934740,17,244,10803852,169,169,26218562,1,2,100000,3,12,934740,17,244,10803852
201003,48,013,3,7,Atascosa County               ,13,13,1650713,0,0,0,0,0,0,0,0,0,11,11,1340813,0,0,0,0,0,0,0,0,0
201003,48,015,3,7,Austin County                 ,5,5,729250,0,0,0,0,0,0,0,0,0,5,5,729250,0,0,0,0,0,0,0,0,0
201003,48,019,3,7,Bandera County                ,0,0,0,0,0,0,0,0,0,0,0,0,0,0,0,0,0,0,0,0,0,0,0,0
201003,48,021,3,7,Bastrop County                ,3,3,396000,0,0,0,0,0,0,0,0,0,3,3,396000,0,0,0,0,0,0,0,0,0
201003,48,029,3,7,Bexar County                  ,1090,1090,191147464,1,2,130830,0,0,0,41,397,25562503,1029,1029,181371091,1,2,130830,0,0,0,38,375,21840247
201003,48,039,3,7,Brazoria County               ,410,410,78903655,0,0,0,0,0,0,4,126,6005670,403,403,77810637,0,0,0,0,0,0,4,126,6005670
201003,48,041,3,7,Brazos County                 ,306,306,38614762,7,14,1065180,0,0,0,4,65,5022800,189,189,20058754,2,4,290000,0,0,0,0,0,0
201003,48,055,3,7,Caldwell County               ,10,10,860935,0,0,0,0,0,0,0,0,0,4,4,249100,0,0,0,0,0,0,0,0,0
201003,48,063,3,7,Camp County                   ,0,0,0,0,0,0,0,0,0,0,0,0,0,0,0,0,0,0,0,0,0,0,0,0
201003,48,071,3,7,Chambers County               ,64,64,11411074,0,0,0,0,0,0,0,0,0,50,50,9025584,0,0,0,0,0,0,0,0,0
201003,48,085,3,7,Collin County                 ,1148,1148,300019773,5,10,975480,0,0,0,4,39,2333712,1125,1125,292481846,5,10,975480,0,0,0,2,11,966000
201003,48,091,3,7,Comal County                  ,196,196,38706118,0,0,0,0,0,0,0,0,0,91,91,24065455,0,0,0,0,0,0,0,0,0
201003,48,113,3,7,Dallas County                 ,700,700,198692176,0,0,0,0,0,0,12,670,62296303,648,648,179207651,0,0,0,0,0,0,9,641,60907639
201003,48,117,3,7,Deaf Smith County             ,3,3,378000,0,0,0,0,0,0,0,0,0,1,1,140000,0,0,0,0,0,0,0,0,0
201003,48,119,3,7,Delta County                  ,2,2,360248,0,0,0,0,0,0,0,0,0,2,2,360248,0,0,0,0,0,0,0,0,0
201003,48,121,3,7,Denton County                 ,474,474,127322008,1,2,160038,0,0,0,5,181,16954282,436,436,117485969,1,2,160038,0,0,0,4,159,15317545
201003,48,133,3,7,Eastland County               ,0,0,0,0,0,0,0,0,0,0,0,0,0,0,0,0,0,0,0,0,0,0,0,0
201003,48,135,3,7,Ector County                  ,70,70,10343239,0,0,0,0,0,0,7,112,8213333,70,70,10343239,0,0,0,0,0,0,7,112,8213333
201003,48,139,3,7,Ellis County                  ,138,138,19249418,0,0,0,0,0,0,0,0,0,134,134,18511038,0,0,0,0,0,0,0,0,0
201003,48,157,3,7,Fort Bend County              ,1423,1423,269462906,0,0,0,0,0,0,3,30,2444114,1415,1415,267879685,0,0,0,0,0,0,3,30,2444114
201003,48,167,3,7,Galveston County              ,405,405,74828223,0,0,0,0,0,0,1,5,227066,209,209,42661427,0,0,0,0,0,0,0,0,0
201003,48,187,3,7,Guadalupe County              ,203,203,38260316,0,0,0,0,0,0,0,0,0,195,195,37234245,0,0,0,0,0,0,0,0,0
201003,48,201,3,7,Harris County                 ,3409,3409,567201239,10,20,1767479,7,23,1265165,18,650,23819627,3378,3378,554593839,10,20,1767479,7,23,1265165,18,650,23819627
201003,48,209,3,7,Hays County                   ,290,290,44103361,0,0,0,0,0,0,3,32,1918578,82,82,7705817,0,0,0,0,0,0,0,0,0
201003,48,215,3,7,Hidalgo County                ,770,770,91629862,8,16,1060000,8,28,1640391,4,26,1174704,640,640,84863940,8,16,1060000,7,25,1540946,4,26,1174704
201003,48,231,3,7,Hunt County                   ,10,10,1411600,0,0,0,0,0,0,0,0,0,10,10,1411600,0,0,0,0,0,0,0,0,0
201003,48,233,3,7,Hutchinson County             ,0,0,0,0,0,0,0,0,0,0,0,0,0,0,0,0,0,0,0,0,0,0,0,0
201003,48,251,3,7,Johnson County                ,146,146,20312076,2,4,232000,0,0,0,0,0,0,63,63,7789389,2,4,232000,0,0,0,0,0,0
201003,48,257,3,7,Kaufman County                ,54,54,11457652,1,2,100000,0,0,0,0,0,0,53,53,11320810,1,2,100000,0,0,0,0,0,0
201003,48,259,3,7,Kendall County                ,52,52,10637547,0,0,0,0,0,0,0,0,0,28,28,5502494,0,0,0,0,0,0,0,0,0
201003,48,271,3,7,Kinney County                 ,0,0,0,0,0,0,0,0,0,0,0,0,0,0,0,0,0,0,0,0,0,0,0,0
201003,48,291,3,7,Liberty County                ,53,53,6278500,0,0,0,0,0,0,0,0,0,53,53,6278500,0,0,0,0,0,0,0,0,0
201003,48,307,3,7,McCulloch County              ,0,0,0,0,0,0,0,0,0,0,0,0,0,0,0,0,0,0,0,0,0,0,0,0
201003,48,323,3,7,Maverick County               ,27,27,1615570,0,0,0,2,8,160000,1,5,110000,27,27,1615570,0,0,0,2,8,160000,1,5,110000
201003,48,325,3,7,Medina County                 ,2,2,369900,0,0,0,0,0,0,0,0,0,2,2,369900,0,0,0,0,0,0,0,0,0
201003,48,329,3,7,Midland County                ,113,113,13038236,0,0,0,0,0,0,0,0,0,113,113,13038236,0,0,0,0,0,0,0,0,0
201003,48,339,3,7,Montgomery County             ,796,796,143376843,0,0,0,0,0,0,0,0,0,783,783,141739970,0,0,0,0,0,0,0,0,0
201003,48,353,3,7,Nolan County                  ,0,0,0,0,0,0,0,0,0,0,0,0,0,0,0,0,0,0,0,0,0,0,0,0
201003,48,359,3,7,Oldham County                 ,0,0,0,0,0,0,0,0,0,0,0,0,0,0,0,0,0,0,0,0,0,0,0,0
201003,48,367,3,7,Parker County                 ,37,37,6289489,0,0,0,0,0,0,0,0,0,32,32,5393675,0,0,0,0,0,0,0,0,0
201003,48,375,3,7,Potter County                 ,139,139,31297277,1,2,184154,0,0,0,1,8,1058953,95,95,20500992,1,2,184154,0,0,0,0,0,0
201003,48,383,3,7,Reagan County                 ,1,1,113000,0,0,0,0,0,0,0,0,0,0,0,0,0,0,0,0,0,0,0,0,0
201003,48,385,3,7,Real County                   ,0,0,0,0,0,0,0,0,0,0,0,0,0,0,0,0,0,0,0,0,0,0,0,0
201003,48,397,3,7,Rockwall County               ,188,188,33100087,0,0,0,0,0,0,0,0,0,185,185,31509715,0,0,0,0,0,0,0,0,0
201003,48,407,3,7,San Jacinto County            ,2,2,70000,0,0,0,0,0,0,0,0,0,2,2,70000,0,0,0,0,0,0,0,0,0
201003,48,435,3,7,Sutton County                 ,0,0,0,0,0,0,0,0,0,0,0,0,0,0,0,0,0,0,0,0,0,0,0,0
201003,48,437,3,7,Swisher County                ,0,0,0,0,0,0,0,0,0,0,0,0,0,0,0,0,0,0,0,0,0,0,0,0
201003,48,439,3,7,Tarrant County                ,1368,1368,229407667,1,2,200000,0,0,0,1,16,1500000,1285,1285,204907698,1,2,200000,0,0,0,1,16,1500000
201003,48,451,3,7,Tom Green County              ,62,62,8481274,0,0,0,0,0,0,0,0,0,62,62,8481274,0,0,0,0,0,0,0,0,0
201003,48,453,3,7,Travis County                 ,895,895,133707829,0,0,0,42,126,20905745,1,90,1618619,870,870,127074244,0,0,0,42,126,20905745,1,90,1618619
201003,48,463,3,7,Uvalde County                 ,2,2,205000,0,0,0,0,0,0,0,0,0,2,2,205000,0,0,0,0,0,0,0,0,0
201003,48,469,3,7,Victoria County               ,14,14,2187263,0,0,0,0,0,0,0,0,0,0,0,0,0,0,0,0,0,0,0,0,0
201003,48,471,3,7,Walker County                 ,17,17,3376997,0,0,0,24,96,6010424,0,0,0,17,17,3376997,0,0,0,24,96,6010424,0,0,0
201003,48,473,3,7,Waller County                 ,1,1,228000,0,0,0,0,0,0,3,15,332706,1,1,228000,0,0,0,0,0,0,0,0,0
201003,48,479,3,7,Webb County                   ,171,171,25955637,1,2,125000,0,0,0,1,6,683026,171,171,25955637,1,2,125000,0,0,0,1,6,683026
201003,48,491,3,7,Williamson County             ,573,573,107247861,0,0,0,0,0,0,2,10,360000,508,508,100127335,0,0,0,0,0,0,2,10,360000
201003,48,493,3,7,Wilson County                 ,9,9,1619788,0,0,0,0,0,0,0,0,0,6,6,1167113,0,0,0,0,0,0,0,0,0
201003,48,497,3,7,Wise County                   ,6,6,1069518,1,2,100000,0,0,0,0,0,0,2,2,433000,0,0,0,0,0,0,0,0,0
201003,49,009,4,8,Daggett County                ,0,0,0,0,0,0,0,0,0,0,0,0,0,0,0,0,0,0,0,0,0,0,0,0
201003,49,019,4,8,Grand County                  ,8,8,2079149,0,0,0,0,0,0,0,0,0,8,8,2079149,0,0,0,0,0,0,0,0,0
201003,49,021,4,8,Iron County                   ,30,30,5369372,4,8,899620,0,0,0,3,15,1120389,12,12,1722880,0,0,0,0,0,0,0,0,0
201003,49,033,4,8,Rich County                   ,3,3,553860,0,0,0,0,0,0,0,0,0,3,3,553860,0,0,0,0,0,0,0,0,0
201003,49,035,4,8,Salt Lake County              ,424,424,90705339,3,6,775960,4,14,2175854,10,70,6910251,360,360,78582001,2,4,577497,2,7,1293532,6,50,5600213
201003,49,039,4,8,Sanpete County                ,1,1,148380,0,0,0,0,0,0,0,0,0,1,1,148380,0,0,0,0,0,0,0,0,0
201003,49,043,4,8,Summit County                 ,9,9,3397005,0,0,0,0,0,0,0,0,0,9,9,3397005,0,0,0,0,0,0,0,0,0
201003,49,045,4,8,Tooele County                 ,61,61,8324800,0,0,0,0,0,0,5,85,6961369,61,61,8324800,0,0,0,0,0,0,5,85,6961369
201003,49,051,4,8,Wasatch County                ,6,6,1912039,0,0,0,0,0,0,0,0,0,3,3,1157963,0,0,0,0,0,0,0,0,0
201003,51,003,3,5,Albemarle County              ,83,83,26106335,0,0,0,0,0,0,0,0,0,0,0,0,0,0,0,0,0,0,0,0,0
201003,51,007,3,5,Amelia County                 ,17,17,3494610,0,0,0,0,0,0,0,0,0,17,17,3494610,0,0,0,0,0,0,0,0,0
201003,51,013,3,5,Arlington County              ,17,17,5980000,0,0,0,0,0,0,2,463,47161593,17,17,5980000,0,0,0,0,0,0,2,463,47161593
201003,51,015,3,5,Augusta County                ,23,23,3784161,0,0,0,0,0,0,0,0,0,23,23,3784161,0,0,0,0,0,0,0,0,0
201003,51,019,3,5,Bedford County                ,57,57,11701409,0,0,0,0,0,0,0,0,0,57,57,11701409,0,0,0,0,0,0,0,0,0
201003,51,023,3,5,Botetourt County              ,15,15,2852000,0,0,0,0,0,0,0,0,0,15,15,2852000,0,0,0,0,0,0,0,0,0
201003,51,031,3,5,Campbell County               ,45,45,7069249,0,0,0,0,0,0,0,0,0,13,13,1938650,0,0,0,0,0,0,0,0,0
201003,51,033,3,5,Caroline County               ,26,26,4181745,0,0,0,0,0,0,0,0,0,26,26,4181745,0,0,0,0,0,0,0,0,0
201003,51,036,3,5,Charles City County           ,11,11,1237358,0,0,0,0,0,0,0,0,0,11,11,1237358,0,0,0,0,0,0,0,0,0
201003,51,037,3,5,Charlotte County              ,6,6,920416,0,0,0,0,0,0,0,0,0,6,6,920416,0,0,0,0,0,0,0,0,0
201003,51,041,3,5,Chesterfield County           ,127,127,22595747,0,0,0,4,16,3826588,2,14,1391133,127,127,22595747,0,0,0,4,16,3826588,2,14,1391133
201003,51,043,3,5,Clarke County                 ,8,8,2078000,0,0,0,0,0,0,0,0,0,8,8,2078000,0,0,0,0,0,0,0,0,0
201003,51,049,3,5,Cumberland County             ,5,5,955000,0,0,0,0,0,0,0,0,0,5,5,955000,0,0,0,0,0,0,0,0,0
201003,51,053,3,5,Dinwiddie County              ,26,26,4616227,0,0,0,0,0,0,0,0,0,0,0,0,0,0,0,0,0,0,0,0,0
201003,51,059,3,5,Fairfax County                ,203,203,36565191,0,0,0,0,0,0,0,0,0,203,203,36565191,0,0,0,0,0,0,0,0,0
201003,51,061,3,5,Fauquier County               ,29,29,4844000,0,0,0,0,0,0,0,0,0,29,29,4844000,0,0,0,0,0,0,0,0,0
201003,51,065,3,5,Fluvanna County               ,22,22,3688021,1,2,258000,0,0,0,0,0,0,22,22,3688021,1,2,258000,0,0,0,0,0,0
201003,51,067,3,5,Franklin County               ,16,16,3994487,0,0,0,0,0,0,0,0,0,16,16,3994487,0,0,0,0,0,0,0,0,0
201003,51,069,3,5,Frederick County              ,55,55,9829368,0,0,0,0,0,0,0,0,0,55,55,9829368,0,0,0,0,0,0,0,0,0
201003,51,073,3,5,Gloucester County             ,27,27,4966780,0,0,0,0,0,0,0,0,0,27,27,4966780,0,0,0,0,0,0,0,0,0
201003,51,075,3,5,Goochland County              ,15,15,3337247,0,0,0,0,0,0,0,0,0,15,15,3337247,0,0,0,0,0,0,0,0,0
201003,51,079,3,5,Greene County                 ,25,25,4572000,0,0,0,0,0,0,0,0,0,25,25,4572000,0,0,0,0,0,0,0,0,0
201003,51,085,3,5,Hanover County                ,51,51,8356205,0,0,0,0,0,0,0,0,0,51,51,8356205,0,0,0,0,0,0,0,0,0
201003,51,087,3,5,Henrico County                ,148,148,26658366,0,0,0,0,0,0,0,0,0,148,148,26658366,0,0,0,0,0,0,0,0,0
201003,51,093,3,5,Isle of Wight County          ,41,41,5580300,0,0,0,0,0,0,0,0,0,41,41,5580300,0,0,0,0,0,0,0,0,0
201003,51,095,3,5,James City County             ,97,97,20587554,1,2,140000,4,12,1148535,0,0,0,97,97,20587554,1,2,140000,4,12,1148535,0,0,0
201003,51,097,3,5,King and Queen County         ,7,7,875124,0,0,0,0,0,0,0,0,0,7,7,875124,0,0,0,0,0,0,0,0,0
201003,51,099,3,5,King George County            ,28,28,4959170,0,0,0,0,0,0,0,0,0,28,28,4959170,0,0,0,0,0,0,0,0,0
201003,51,101,3,5,King William County           ,12,12,1742880,0,0,0,0,0,0,0,0,0,12,12,1742880,0,0,0,0,0,0,0,0,0
201003,51,107,3,5,Loudoun County                ,423,423,76192492,0,0,0,1,4,98000,8,74,1046000,423,423,76192492,0,0,0,1,4,98000,8,74,1046000
201003,51,109,3,5,Louisa County                 ,48,48,8257443,0,0,0,0,0,0,0,0,0,48,48,8257443,0,0,0,0,0,0,0,0,0
201003,51,115,3,5,Mathews County                ,8,8,1632135,0,0,0,0,0,0,0,0,0,8,8,1632135,0,0,0,0,0,0,0,0,0
201003,51,119,3,5,Middlesex County              ,12,12,1534000,0,0,0,0,0,0,0,0,0,12,12,1534000,0,0,0,0,0,0,0,0,0
201003,51,127,3,5,New Kent County               ,41,41,5841629,0,0,0,0,0,0,0,0,0,41,41,5841629,0,0,0,0,0,0,0,0,0
201003,51,137,3,5,Orange County                 ,11,11,1509200,0,0,0,0,0,0,0,0,0,11,11,1509200,0,0,0,0,0,0,0,0,0
201003,51,143,3,5,Pittsylvania County           ,18,18,2235456,0,0,0,0,0,0,0,0,0,0,0,0,0,0,0,0,0,0,0,0,0
201003,51,145,3,5,Powhatan County               ,19,19,4686625,0,0,0,0,0,0,0,0,0,19,19,4686625,0,0,0,0,0,0,0,0,0
201003,51,149,3,5,Prince George County          ,11,11,1981364,0,0,0,0,0,0,0,0,0,11,11,1981364,0,0,0,0,0,0,0,0,0
201003,51,153,3,5,Prince William County         ,484,484,68848157,0,0,0,0,0,0,0,0,0,484,484,68848157,0,0,0,0,0,0,0,0,0
201003,51,157,3,5,Rappahannock County           ,6,6,1773156,0,0,0,0,0,0,0,0,0,0,0,0,0,0,0,0,0,0,0,0,0
201003,51,161,3,5,Roanoke County                ,50,50,8184725,0,0,0,0,0,0,0,0,0,50,50,8184725,0,0,0,0,0,0,0,0,0
201003,51,163,3,5,Rockbridge County             ,14,14,3529300,0,0,0,0,0,0,0,0,0,14,14,3529300,0,0,0,0,0,0,0,0,0
201003,51,165,3,5,Rockingham County             ,78,78,12645588,0,0,0,0,0,0,0,0,0,78,78,12645588,0,0,0,0,0,0,0,0,0
201003,51,169,3,5,Scott County                  ,4,4,628808,0,0,0,0,0,0,0,0,0,1,1,184405,0,0,0,0,0,0,0,0,0
201003,51,171,3,5,Shenandoah County             ,21,21,6034940,0,0,0,0,0,0,0,0,0,21,21,6034940,0,0,0,0,0,0,0,0,0
201003,51,177,3,5,Spotsylvania County           ,42,42,10053286,0,0,0,0,0,0,0,0,0,21,21,4243949,0,0,0,0,0,0,0,0,0
201003,51,179,3,5,Stafford County               ,146,146,26635921,0,0,0,0,0,0,0,0,0,146,146,26635921,0,0,0,0,0,0,0,0,0
201003,51,181,3,5,Surry County                  ,13,13,1730052,0,0,0,0,0,0,0,0,0,7,7,845500,0,0,0,0,0,0,0,0,0
201003,51,183,3,5,Sussex County                 ,7,7,896915,0,0,0,0,0,0,0,0,0,3,3,429125,0,0,0,0,0,0,0,0,0
201003,51,187,3,5,Warren County                 ,9,9,2145000,0,0,0,0,0,0,0,0,0,9,9,2145000,0,0,0,0,0,0,0,0,0
201003,51,199,3,5,York County                   ,46,46,9332644,0,0,0,0,0,0,0,0,0,46,46,9332644,0,0,0,0,0,0,0,0,0
201003,51,510,3,5,Alexandria (Independent City) ,10,10,2308050,0,0,0,0,0,0,2,31,4295756,6,6,1080745,0,0,0,0,0,0,1,18,1466468
201003,51,530,3,5,Buena Vista (Independent City),1,1,88000,0,0,0,0,0,0,0,0,0,1,1,88000,0,0,0,0,0,0,0,0,0
201003,51,550,3,5,Chesapeake(Independent City)  ,179,179,45788300,0,0,0,0,0,0,8,212,11569230,179,179,45788300,0,0,0,0,0,0,8,212,11569230
201003,51,570,3,5,Colonial Heights (Independent ,2,2,118000,0,0,0,0,0,0,0,0,0,2,2,118000,0,0,0,0,0,0,0,0,0
201003,51,580,3,5,Covington (Independent City)  ,0,0,0,0,0,0,0,0,0,0,0,0,0,0,0,0,0,0,0,0,0,0,0,0
201003,51,600,3,5,Fairfax (Independent City)    ,3,3,433776,0,0,0,0,0,0,0,0,0,3,3,433776,0,0,0,0,0,0,0,0,0
201003,51,610,3,5,Falls Church (Independent City,3,3,1000000,0,0,0,0,0,0,0,0,0,3,3,1000000,0,0,0,0,0,0,0,0,0
201003,51,630,3,5,Fredericksburg(Independent Cit,33,33,5408422,0,0,0,0,0,0,0,0,0,33,33,5408422,0,0,0,0,0,0,0,0,0
201003,51,650,3,5,Hampton (Independent City)    ,41,41,9605526,0,0,0,0,0,0,0,0,0,23,23,6026257,0,0,0,0,0,0,0,0,0
201003,51,660,3,5,Harrisonburg (Independent City,30,30,3333000,0,0,0,0,0,0,0,0,0,30,30,3333000,0,0,0,0,0,0,0,0,0
201003,51,670,3,5,Hopewell (Independent City)   ,16,16,1458192,0,0,0,0,0,0,0,0,0,16,16,1458192,0,0,0,0,0,0,0,0,0
201003,51,680,3,5,Lynchburg (Independent City)  ,38,38,4597452,0,0,0,0,0,0,0,0,0,38,38,4597452,0,0,0,0,0,0,0,0,0
201003,51,683,3,5,Manassas (Independent City)   ,12,12,1365795,0,0,0,0,0,0,0,0,0,0,0,0,0,0,0,0,0,0,0,0,0
201003,51,685,3,5,Manassas Park (Independent Cit,0,0,0,0,0,0,0,0,0,0,0,0,0,0,0,0,0,0,0,0,0,0,0,0
201003,51,700,3,5,Newport News (Independent City,35,35,4530085,0,0,0,0,0,0,3,22,942862,0,0,0,0,0,0,0,0,0,0,0,0
201003,51,710,3,5,Norfolk (Independent City)    ,52,52,6696996,0,0,0,0,0,0,0,0,0,52,52,6696996,0,0,0,0,0,0,0,0,0
201003,51,730,3,5,Petersburg (Independent City) ,6,6,405023,0,0,0,0,0,0,0,0,0,6,6,405023,0,0,0,0,0,0,0,0,0
201003,51,735,3,5,Poquoson (Independent City)   ,2,2,650000,0,0,0,0,0,0,0,0,0,2,2,650000,0,0,0,0,0,0,0,0,0
201003,51,740,3,5,Portsmouth (Independent City) ,11,11,2086300,0,0,0,0,0,0,0,0,0,11,11,2086300,0,0,0,0,0,0,0,0,0
201003,51,760,3,5,Richmond (Independent City)   ,31,31,4575435,0,0,0,0,0,0,2,223,9626975,31,31,4575435,0,0,0,0,0,0,2,223,9626975
201003,51,770,3,5,Roanoke (Independent City)    ,14,14,2154871,0,0,0,0,0,0,0,0,0,14,14,2154871,0,0,0,0,0,0,0,0,0
201003,51,800,3,5,Suffolk (Independent City)    ,116,116,20894395,0,0,0,0,0,0,0,0,0,116,116,20894395,0,0,0,0,0,0,0,0,0
201003,51,810,3,5,Virginia Beach (Independent Ci,153,153,26251637,0,0,0,0,0,0,2,26,3660119,153,153,26251637,0,0,0,0,0,0,2,26,3660119
201003,51,830,3,5,Williamsburg (Independent City,10,10,1890100,0,0,0,0,0,0,0,0,0,10,10,1890100,0,0,0,0,0,0,0,0,0
201003,53,011,4,9,Clark County                  ,316,316,72609293,0,0,0,0,0,0,0,0,0,316,316,72609293,0,0,0,0,0,0,0,0,0
201003,53,033,4,9,King County                   ,693,693,187635179,12,24,4151844,9,31,4643307,10,781,56835087,638,638,174456663,12,24,4151844,8,28,4192375,9,742,53153965
201003,53,041,4,9,Lewis County                  ,31,31,5379511,1,2,220000,0,0,0,0,0,0,31,31,5379511,1,2,220000,0,0,0,0,0,0
201003,53,053,4,9,Pierce County                 ,373,373,81456134,8,16,1723992,0,0,0,4,30,2703490,368,368,79961649,8,16,1723992,0,0,0,4,30,2703490
201003,53,059,4,9,Skamania County               ,10,10,2154843,0,0,0,0,0,0,0,0,0,10,10,2154843,0,0,0,0,0,0,0,0,0
201003,53,061,4,9,Snohomish County              ,604,604,126368285,11,22,3082350,4,14,1939635,4,24,2515337,594,594,124625007,10,20,2755116,4,14,1939635,2,14,1100746
201003,54,037,3,5,Jefferson County              ,47,47,7810872,0,0,0,0,0,0,0,0,0,47,47,7810872,0,0,0,0,0,0,0,0,0
201003,55,021,2,3,Columbia County               ,9,9,1515000,4,8,853000,0,0,0,0,0,0,9,9,1515000,4,8,853000,0,0,0,0,0,0
201003,55,025,2,3,Dane County                   ,170,170,40924898,3,6,733970,1,4,368000,4,62,5450477,143,143,34530095,1,2,238970,1,4,368000,2,37,2900000
201003,55,031,2,3,Douglas County                ,11,11,1266739,0,0,0,0,0,0,0,0,0,11,11,1266739,0,0,0,0,0,0,0,0,0
201003,55,037,2,3,Florence County               ,1,1,51925,0,0,0,0,0,0,0,0,0,0,0,0,0,0,0,0,0,0,0,0,0
201003,55,049,2,3,Iowa County                   ,12,12,2065000,0,0,0,0,0,0,0,0,0,12,12,2065000,0,0,0,0,0,0,0,0,0
201003,55,059,2,3,Kenosha County                ,50,50,9315883,0,0,0,0,0,0,0,0,0,46,46,8355798,0,0,0,0,0,0,0,0,0
201003,55,079,2,3,Milwaukee County              ,28,28,6404423,3,6,880000,0,0,0,1,24,4000000,23,23,5367567,3,6,880000,0,0,0,1,24,4000000
201003,55,089,2,3,Ozaukee County                ,29,29,8066926,1,2,390800,0,0,0,1,8,1600000,19,19,3558673,1,2,390800,0,0,0,1,8,1600000
201003,55,093,2,3,Pierce County                 ,22,22,3107000,1,2,156500,0,0,0,0,0,0,22,22,3107000,1,2,156500,0,0,0,0,0,0
201003,55,109,2,3,St. Croix County              ,23,23,4328778,11,22,1958000,0,0,0,0,0,0,13,13,2544715,11,22,1958000,0,0,0,0,0,0
201003,55,113,2,3,Sawyer County                 ,11,11,1355000,0,0,0,0,0,0,0,0,0,11,11,1355000,0,0,0,0,0,0,0,0,0
201003,55,131,2,3,Washington County             ,60,60,12849279,2,4,462000,0,0,0,0,0,0,49,49,9457915,2,4,462000,0,0,0,0,0,0
201003,55,133,2,3,Waukesha County               ,105,105,34006432,1,2,339000,1,3,450000,0,0,0,99,99,31778072,1,2,339000,1,3,450000,0,0,0
201003,56,019,4,8,Johnson County                ,1,1,110000,0,0,0,0,0,0,0,0,0,1,1,110000,0,0,0,0,0,0,0,0,0
201003,56,039,4,8,Teton County                  ,11,11,16014473,0,0,0,2,6,1665900,0,0,0,8,8,15405000,0,0,0,0,0,0,0,0,0
