Survey,FIPS,FIPS,Region,Division,County,,1-unit,,,2-units,,,3-4 units,,,5+ units,,,1-unit rep,,,2-units rep,,,3-4 units rep,,, 5+units rep
Date,State,County,Code,Code,Name,Bldgs,Units,Value,Bldgs,Units,Value,Bldgs,Units,Value,Bldgs,Units,Value,Bldgs,Units,Value,Bldgs,Units,Value,Bldgs,Units,Value,Bldgs,Units,Value
 
201102,01,001,3,6,Autauga County                ,13,13,2568828,0,0,0,0,0,0,0,0,0,13,13,2568828,0,0,0,0,0,0,0,0,0
201102,01,007,3,6,Bibb County                   ,1,1,189720,0,0,0,0,0,0,0,0,0,0,0,0,0,0,0,0,0,0,0,0,0
201102,01,009,3,6,Blount County                 ,1,1,578900,0,0,0,0,0,0,0,0,0,1,1,578900,0,0,0,0,0,0,0,0,0
201102,01,021,3,6,Chilton County                ,2,2,375000,0,0,0,0,0,0,0,0,0,2,2,375000,0,0,0,0,0,0,0,0,0
201102,01,037,3,6,Coosa County                  ,0,0,0,0,0,0,0,0,0,0,0,0,0,0,0,0,0,0,0,0,0,0,0,0
201102,01,073,3,6,Jefferson County              ,157,157,27850088,0,0,0,0,0,0,0,0,0,120,120,19976810,0,0,0,0,0,0,0,0,0
201102,01,081,3,6,Lee County                    ,77,77,16573167,1,2,145125,0,0,0,0,0,0,77,77,16573167,1,2,145125,0,0,0,0,0,0
201102,01,115,3,6,St. Clair County              ,20,20,1944467,0,0,0,0,0,0,0,0,0,20,20,1944467,0,0,0,0,0,0,0,0,0
201102,01,117,3,6,Shelby County                 ,62,62,10655832,0,0,0,0,0,0,0,0,0,34,34,5350260,0,0,0,0,0,0,0,0,0
201102,01,127,3,6,Walker County                 ,2,2,260000,0,0,0,0,0,0,0,0,0,2,2,260000,0,0,0,0,0,0,0,0,0
201102,02,000,4,9,Alaska Balance of State       ,7,7,1780889,0,0,0,0,0,0,0,0,0,0,0,0,0,0,0,0,0,0,0,0,0
201102,02,013,4,9,Aleutians East Borough        ,0,0,0,0,0,0,0,0,0,0,0,0,0,0,0,0,0,0,0,0,0,0,0,0
201102,02,016,4,9,Aleutians West Census Area    ,0,0,0,0,0,0,0,0,0,0,0,0,0,0,0,0,0,0,0,0,0,0,0,0
201102,02,020,4,9,Anchorage Borough             ,32,32,10215240,0,0,0,0,0,0,1,10,1175362,32,32,10215240,0,0,0,0,0,0,1,10,1175362
201102,02,050,4,9,Bethel Census Area            ,0,0,0,0,0,0,0,0,0,0,0,0,0,0,0,0,0,0,0,0,0,0,0,0
201102,02,060,4,9,Bristol Bay Borough           ,0,0,0,0,0,0,0,0,0,0,0,0,0,0,0,0,0,0,0,0,0,0,0,0
201102,02,090,4,9,Fairbanks North Star Borough  ,4,4,732814,0,0,0,0,0,0,0,0,0,0,0,0,0,0,0,0,0,0,0,0,0
201102,02,100,4,9,Haines Borough                ,0,0,0,0,0,0,0,0,0,0,0,0,0,0,0,0,0,0,0,0,0,0,0,0
201102,02,110,4,9,Juneau Borough                ,6,6,1012203,0,0,0,0,0,0,0,0,0,6,6,1012203,0,0,0,0,0,0,0,0,0
201102,02,122,4,9,Kenai Peninsula Borough       ,2,2,398333,1,2,350000,0,0,0,0,0,0,1,1,115000,1,2,350000,0,0,0,0,0,0
201102,02,130,4,9,Ketchikan Gateway Borough     ,3,3,643967,0,0,0,0,0,0,0,0,0,2,2,418162,0,0,0,0,0,0,0,0,0
201102,02,150,4,9,Kodiak Island Borough         ,1,1,268442,0,0,0,0,0,0,0,0,0,1,1,268442,0,0,0,0,0,0,0,0,0
201102,02,170,4,9,Matanuska-Susitna Borough     ,3,3,595907,0,0,0,0,0,0,0,0,0,0,0,0,0,0,0,0,0,0,0,0,0
201102,02,180,4,9,Nome Census Area              ,0,0,0,0,0,0,0,0,0,0,0,0,0,0,0,0,0,0,0,0,0,0,0,0
201102,02,185,4,9,North Slope Borough           ,21,21,4390703,0,0,0,0,0,0,0,0,0,21,21,4390703,0,0,0,0,0,0,0,0,0
201102,02,188,4,9,Northwest Arctic Borough      ,1,1,229028,0,0,0,0,0,0,0,0,0,0,0,0,0,0,0,0,0,0,0,0,0
201102,02,201,4,9,Prince of Wales-Outer Ketchika,0,0,0,0,0,0,0,0,0,0,0,0,0,0,0,0,0,0,0,0,0,0,0,0
201102,02,220,4,9,Sitka Borough                 ,1,1,219764,0,0,0,0,0,0,0,0,0,0,0,0,0,0,0,0,0,0,0,0,0
201102,02,232,4,9,Skagway-Hoonah-Angoon Census A,0,0,0,0,0,0,0,0,0,0,0,0,0,0,0,0,0,0,0,0,0,0,0,0
201102,02,261,4,9,Valdez-Cordova Census Area    ,0,0,0,0,0,0,0,0,0,0,0,0,0,0,0,0,0,0,0,0,0,0,0,0
201102,02,280,4,9,Wrangell-Petersburg Census Are,2,2,140140,0,0,0,0,0,0,0,0,0,1,1,115140,0,0,0,0,0,0,0,0,0
201102,02,282,4,9,Yakutat Borough               ,0,0,0,0,0,0,0,0,0,0,0,0,0,0,0,0,0,0,0,0,0,0,0,0
201102,02,290,4,9,Yukon-Koyukuk Census Area     ,0,0,0,0,0,0,0,0,0,0,0,0,0,0,0,0,0,0,0,0,0,0,0,0
201102,04,013,4,8,Maricopa County               ,785,785,185948916,0,0,0,0,0,0,3,36,5997635,780,780,184701335,0,0,0,0,0,0,0,0,0
201102,04,019,4,8,Pima County                   ,229,229,54233244,0,0,0,0,0,0,16,302,34325308,143,143,36115637,0,0,0,0,0,0,14,282,32655236
201102,04,021,4,8,Pinal County                  ,114,114,15098440,0,0,0,0,0,0,0,0,0,112,112,14800967,0,0,0,0,0,0,0,0,0
201102,05,023,3,7,Cleburne County               ,2,2,239800,0,0,0,0,0,0,0,0,0,1,1,100000,0,0,0,0,0,0,0,0,0
201102,05,025,3,7,Cleveland County              ,0,0,0,0,0,0,0,0,0,0,0,0,0,0,0,0,0,0,0,0,0,0,0,0
201102,05,027,3,7,Columbia County               ,1,1,243034,0,0,0,0,0,0,0,0,0,0,0,0,0,0,0,0,0,0,0,0,0
201102,05,035,3,7,Crittenden County             ,5,5,811000,0,0,0,0,0,0,0,0,0,5,5,811000,0,0,0,0,0,0,0,0,0
201102,05,059,3,7,Hot Spring County             ,0,0,0,0,0,0,0,0,0,0,0,0,0,0,0,0,0,0,0,0,0,0,0,0
201102,05,061,3,7,Howard County                 ,0,0,0,0,0,0,0,0,0,0,0,0,0,0,0,0,0,0,0,0,0,0,0,0
201102,05,099,3,7,Nevada County                 ,0,0,0,0,0,0,0,0,0,0,0,0,0,0,0,0,0,0,0,0,0,0,0,0
201102,06,001,4,9,Alameda County                ,122,122,45773215,7,14,3742870,0,0,0,2,15,2385391,120,120,44970481,7,14,3742870,0,0,0,2,15,2385391
201102,06,003,4,9,Alpine County                 ,1,1,150000,0,0,0,0,0,0,0,0,0,1,1,150000,0,0,0,0,0,0,0,0,0
201102,06,009,4,9,Calaveras County              ,3,3,922713,0,0,0,0,0,0,0,0,0,0,0,0,0,0,0,0,0,0,0,0,0
201102,06,013,4,9,Contra Costa County           ,118,118,28651640,4,8,1984422,0,0,0,2,10,906010,112,112,27225119,4,8,1984422,0,0,0,0,0,0
201102,06,017,4,9,El Dorado County              ,18,18,10289480,0,0,0,0,0,0,0,0,0,18,18,10289480,0,0,0,0,0,0,0,0,0
201102,06,037,4,9,Los Angeles County            ,293,293,126497231,25,50,10931840,3,11,2116355,19,231,37482537,253,253,114140579,24,48,10701600,2,8,1762395,15,211,33809931
201102,06,041,4,9,Marin County                  ,10,10,3970538,0,0,0,0,0,0,0,0,0,2,2,1253750,0,0,0,0,0,0,0,0,0
201102,06,045,4,9,Mendocino County              ,11,11,1345707,1,2,175200,0,0,0,0,0,0,11,11,1345707,1,2,175200,0,0,0,0,0,0
201102,06,049,4,9,Modoc County                  ,1,1,335529,0,0,0,0,0,0,0,0,0,1,1,335529,0,0,0,0,0,0,0,0,0
201102,06,051,4,9,Mono County                   ,1,1,751784,0,0,0,0,0,0,0,0,0,1,1,751784,0,0,0,0,0,0,0,0,0
201102,06,059,4,9,Orange County                 ,298,298,83824276,8,16,3884886,11,35,6175522,4,38,5828250,280,280,75894530,8,16,3884886,11,35,6175522,4,38,5828250
201102,06,061,4,9,Placer County                 ,59,59,14936168,0,0,0,0,0,0,0,0,0,59,59,14936168,0,0,0,0,0,0,0,0,0
201102,06,063,4,9,Plumas County                 ,4,4,640685,0,0,0,0,0,0,0,0,0,4,4,640685,0,0,0,0,0,0,0,0,0
201102,06,065,4,9,Riverside County              ,284,284,70132432,0,0,0,0,0,0,2,12,1070769,237,237,60103043,0,0,0,0,0,0,0,0,0
201102,06,067,4,9,Sacramento County             ,137,137,35756436,0,0,0,2,6,953218,6,34,5392356,135,135,35295468,0,0,0,2,6,953218,6,34,5392356
201102,06,069,4,9,San Benito County             ,6,6,1435193,0,0,0,0,0,0,0,0,0,6,6,1435193,0,0,0,0,0,0,0,0,0
201102,06,071,4,9,San Bernardino County         ,133,133,29344706,1,2,82700,0,0,0,8,55,4261715,126,126,28175411,1,2,82700,0,0,0,5,40,3065658
201102,06,073,4,9,San Diego County              ,310,310,103701073,6,12,3772208,10,40,4772499,18,788,112202158,298,298,101140132,6,12,3772208,10,40,4772499,18,788,112202158
201102,06,075,4,9,San Francisco County          ,7,7,1540083,1,2,775000,1,3,1200000,2,223,70324967,7,7,1540083,1,2,775000,1,3,1200000,2,223,70324967
201102,06,077,4,9,San Joaquin County            ,92,92,19961993,0,0,0,0,0,0,0,0,0,92,92,19961993,0,0,0,0,0,0,0,0,0
201102,06,081,4,9,San Mateo County              ,38,38,23035918,0,0,0,0,0,0,1,15,1333000,34,34,20982680,0,0,0,0,0,0,1,15,1333000
201102,06,085,4,9,Santa Clara County            ,152,152,40177484,0,0,0,2,8,2049902,3,15,3402562,135,135,33853598,0,0,0,2,8,2049902,0,0,0
201102,06,091,4,9,Sierra County                 ,1,1,298210,0,0,0,0,0,0,0,0,0,1,1,298210,0,0,0,0,0,0,0,0,0
201102,06,113,4,9,Yolo County                   ,37,37,8713197,0,0,0,0,0,0,0,0,0,36,36,8249021,0,0,0,0,0,0,0,0,0
201102,08,001,4,8,Adams County                  ,71,71,16083053,0,0,0,1,3,227530,0,0,0,71,71,16083053,0,0,0,1,3,227530,0,0,0
201102,08,005,4,8,Arapahoe County               ,76,76,23393541,0,0,0,0,0,0,0,0,0,76,76,23393541,0,0,0,0,0,0,0,0,0
201102,08,014,4,8,Broomfield County             ,20,20,5236552,0,0,0,0,0,0,0,0,0,0,0,0,0,0,0,0,0,0,0,0,0
201102,08,015,4,8,Chaffee County                ,8,8,2145373,0,0,0,0,0,0,0,0,0,8,8,2145373,0,0,0,0,0,0,0,0,0
201102,08,019,4,8,Clear Creek County            ,1,1,204128,0,0,0,0,0,0,0,0,0,0,0,0,0,0,0,0,0,0,0,0,0
201102,08,023,4,8,Costilla County               ,4,4,916112,0,0,0,0,0,0,0,0,0,0,0,0,0,0,0,0,0,0,0,0,0
201102,08,031,4,8,Denver County                 ,65,65,17346225,6,12,1618530,0,0,0,2,176,11353385,65,65,17346225,6,12,1618530,0,0,0,2,176,11353385
201102,08,033,4,8,Dolores County                ,0,0,0,0,0,0,0,0,0,0,0,0,0,0,0,0,0,0,0,0,0,0,0,0
201102,08,035,4,8,Douglas County                ,82,82,22299642,7,14,2815448,0,0,0,1,5,705271,82,82,22299642,7,14,2815448,0,0,0,1,5,705271
201102,08,039,4,8,Elbert County                 ,1,1,433314,0,0,0,0,0,0,0,0,0,1,1,433314,0,0,0,0,0,0,0,0,0
201102,08,041,4,8,El Paso County                ,165,165,57769385,0,0,0,0,0,0,0,0,0,165,165,57769385,0,0,0,0,0,0,0,0,0
201102,08,047,4,8,Gilpin County                 ,4,4,619160,0,0,0,0,0,0,0,0,0,4,4,619160,0,0,0,0,0,0,0,0,0
201102,08,049,4,8,Grand County                  ,11,11,2600683,0,0,0,0,0,0,0,0,0,0,0,0,0,0,0,0,0,0,0,0,0
201102,08,059,4,8,Jefferson County              ,51,51,10481965,0,0,0,0,0,0,0,0,0,51,51,10481965,0,0,0,0,0,0,0,0,0
201102,08,069,4,8,Larimer County                ,85,85,23680950,0,0,0,0,0,0,2,11,1000957,85,85,23680950,0,0,0,0,0,0,2,11,1000957
201102,08,077,4,8,Mesa County                   ,39,39,7915195,0,0,0,0,0,0,0,0,0,39,39,7915195,0,0,0,0,0,0,0,0,0
201102,08,093,4,8,Park County                   ,4,4,553354,0,0,0,0,0,0,0,0,0,4,4,553354,0,0,0,0,0,0,0,0,0
201102,08,101,4,8,Pueblo County                 ,20,20,3157208,0,0,0,1,4,227300,0,0,0,20,20,3157208,0,0,0,1,4,227300,0,0,0
201102,08,107,4,8,Routt County                  ,2,2,566081,0,0,0,0,0,0,0,0,0,2,2,566081,0,0,0,0,0,0,0,0,0
201102,08,119,4,8,Teller County                 ,1,1,156482,0,0,0,0,0,0,0,0,0,1,1,156482,0,0,0,0,0,0,0,0,0
201102,08,123,4,8,Weld County                   ,90,90,19392905,0,0,0,0,0,0,0,0,0,76,76,16219197,0,0,0,0,0,0,0,0,0
201102,10,001,3,5,Kent County                   ,104,104,13091580,0,0,0,0,0,0,4,36,2155435,58,58,7119425,0,0,0,0,0,0,2,26,1525615
201102,10,003,3,5,New Castle County             ,76,76,6595323,0,0,0,0,0,0,1,5,80000,74,74,6478545,0,0,0,0,0,0,0,0,0
201102,10,005,3,5,Sussex County                 ,150,150,22489533,9,18,1516615,2,8,1000000,4,36,4205403,150,150,22489533,9,18,1516615,2,8,1000000,4,36,4205403
201102,11,001,3,5,Washington  DC                ,69,69,11974274,13,26,2285531,0,0,0,2,458,37432526,69,69,11974274,13,26,2285531,0,0,0,2,458,37432526
201102,12,003,3,5,Baker County                  ,8,8,1359518,0,0,0,0,0,0,0,0,0,8,8,1359518,0,0,0,0,0,0,0,0,0
201102,12,009,3,5,Brevard County                ,134,134,37218751,0,0,0,0,0,0,3,15,438038,134,134,37218751,0,0,0,0,0,0,3,15,438038
201102,12,011,3,5,Broward County                ,101,101,19423008,0,0,0,2,6,1609100,8,150,14320150,74,74,13825224,0,0,0,2,6,1609100,6,140,13696000
201102,12,013,3,5,Calhoun County                ,1,1,85000,0,0,0,0,0,0,0,0,0,1,1,85000,0,0,0,0,0,0,0,0,0
201102,12,015,3,5,Charlotte County              ,45,45,8611021,2,4,300000,0,0,0,0,0,0,25,25,4276773,2,4,300000,0,0,0,0,0,0
201102,12,019,3,5,Clay County                   ,50,50,8681666,0,0,0,0,0,0,0,0,0,50,50,8681666,0,0,0,0,0,0,0,0,0
201102,12,021,3,5,Collier County                ,126,126,55833282,0,0,0,3,12,2732000,2,24,4051792,89,89,45449106,0,0,0,2,8,1803000,1,12,2069000
201102,12,023,3,5,Columbia County               ,12,12,1606996,0,0,0,0,0,0,0,0,0,0,0,0,0,0,0,0,0,0,0,0,0
201102,12,031,3,5,Duval County                  ,116,116,20318261,1,2,150000,0,0,0,2,126,10298031,116,116,20318261,1,2,150000,0,0,0,2,126,10298031
201102,12,033,3,5,Escambia County               ,85,85,14750918,0,0,0,0,0,0,0,0,0,85,85,14750918,0,0,0,0,0,0,0,0,0
201102,12,037,3,5,Franklin County               ,2,2,586267,0,0,0,0,0,0,0,0,0,1,1,321805,0,0,0,0,0,0,0,0,0
201102,12,041,3,5,Gilchrist County              ,3,3,549300,0,0,0,0,0,0,0,0,0,3,3,549300,0,0,0,0,0,0,0,0,0
201102,12,043,3,5,Glades County                 ,0,0,0,0,0,0,0,0,0,0,0,0,0,0,0,0,0,0,0,0,0,0,0,0
201102,12,047,3,5,Hamilton County               ,2,2,221870,0,0,0,0,0,0,0,0,0,0,0,0,0,0,0,0,0,0,0,0,0
201102,12,049,3,5,Hardee County                 ,1,1,65000,0,0,0,0,0,0,0,0,0,1,1,65000,0,0,0,0,0,0,0,0,0
201102,12,053,3,5,Hernando County               ,21,21,2814103,0,0,0,0,0,0,1,90,5000000,21,21,2814103,0,0,0,0,0,0,1,90,5000000
201102,12,055,3,5,Highlands County              ,40,40,5002885,0,0,0,0,0,0,0,0,0,39,39,4857952,0,0,0,0,0,0,0,0,0
201102,12,057,3,5,Hillsborough County           ,453,453,129817500,1,2,546937,0,0,0,15,250,33472809,453,453,129817500,1,2,546937,0,0,0,15,250,33472809
201102,12,061,3,5,Indian River County           ,41,41,18986869,0,0,0,0,0,0,0,0,0,41,41,18986869,0,0,0,0,0,0,0,0,0
201102,12,063,3,5,Jackson County                ,3,3,563988,1,2,100000,0,0,0,0,0,0,3,3,563988,1,2,100000,0,0,0,0,0,0
201102,12,065,3,5,Jefferson County              ,3,3,543397,0,0,0,0,0,0,0,0,0,3,3,543397,0,0,0,0,0,0,0,0,0
201102,12,067,3,5,Lafayette County              ,1,1,140000,0,0,0,0,0,0,0,0,0,1,1,140000,0,0,0,0,0,0,0,0,0
201102,12,069,3,5,Lake County                   ,77,77,21340057,0,0,0,0,0,0,0,0,0,71,71,20164461,0,0,0,0,0,0,0,0,0
201102,12,071,3,5,Lee County                    ,154,154,28697380,0,0,0,0,0,0,1,5,631320,154,154,28697380,0,0,0,0,0,0,1,5,631320
201102,12,073,3,5,Leon County                   ,45,45,7040807,1,2,208800,0,0,0,2,50,2839643,16,16,2845081,0,0,0,0,0,0,0,0,0
201102,12,077,3,5,Liberty County                ,2,2,213716,0,0,0,0,0,0,0,0,0,0,0,0,0,0,0,0,0,0,0,0,0
201102,12,081,3,5,Manatee County                ,137,137,31404709,2,4,519000,1,4,627980,1,30,2381184,137,137,31404709,2,4,519000,1,4,627980,1,30,2381184
201102,12,083,3,5,Marion County                 ,41,41,6816315,0,0,0,0,0,0,0,0,0,41,41,6816315,0,0,0,0,0,0,0,0,0
201102,12,085,3,5,Martin County                 ,26,26,12442304,0,0,0,0,0,0,0,0,0,26,26,12442304,0,0,0,0,0,0,0,0,0
201102,12,086,3,5,Miami-Dade County             ,122,122,18493940,2,4,292860,1,3,472500,11,253,23299115,115,115,15427988,2,4,292860,0,0,0,10,246,20256059
201102,12,089,3,5,Nassau County                 ,33,33,7031475,0,0,0,0,0,0,0,0,0,29,29,6469751,0,0,0,0,0,0,0,0,0
201102,12,095,3,5,Orange County                 ,267,267,55034088,0,0,0,2,8,593114,16,545,51791438,266,266,54385862,0,0,0,2,8,593114,16,545,51791438
201102,12,097,3,5,Osceola County                ,83,83,15978315,0,0,0,0,0,0,0,0,0,83,83,15978315,0,0,0,0,0,0,0,0,0
201102,12,099,3,5,Palm Beach County             ,184,184,51073159,0,0,0,1,3,534138,4,20,2221670,180,180,49352617,0,0,0,0,0,0,2,10,965226
201102,12,101,3,5,Pasco County                  ,144,144,26257894,5,10,1293784,0,0,0,2,12,1918000,144,144,26257894,5,10,1293784,0,0,0,2,12,1918000
201102,12,103,3,5,Pinellas County               ,47,47,13896384,0,0,0,0,0,0,0,0,0,45,45,13285269,0,0,0,0,0,0,0,0,0
201102,12,105,3,5,Polk County                   ,177,177,31120166,0,0,0,0,0,0,0,0,0,172,172,30161471,0,0,0,0,0,0,0,0,0
201102,12,107,3,5,Putnam County                 ,4,4,533224,0,0,0,0,0,0,0,0,0,0,0,0,0,0,0,0,0,0,0,0,0
201102,12,109,3,5,St. Johns County              ,195,195,48049172,0,0,0,0,0,0,0,0,0,194,194,47807265,0,0,0,0,0,0,0,0,0
201102,12,111,3,5,St. Lucie County              ,34,34,4696177,1,2,311662,0,0,0,2,12,873544,33,33,4542217,0,0,0,0,0,0,2,12,873544
201102,12,113,3,5,Santa Rosa County             ,88,88,15271538,0,0,0,0,0,0,0,0,0,88,88,15271538,0,0,0,0,0,0,0,0,0
201102,12,115,3,5,Sarasota County               ,85,85,26596433,0,0,0,0,0,0,3,22,3987861,85,85,26596433,0,0,0,0,0,0,3,22,3987861
201102,12,117,3,5,Seminole County               ,180,180,30339887,0,0,0,0,0,0,0,0,0,180,180,30339887,0,0,0,0,0,0,0,0,0
201102,12,119,3,5,Sumter County                 ,350,350,89572428,0,0,0,0,0,0,0,0,0,350,350,89572428,0,0,0,0,0,0,0,0,0
201102,12,123,3,5,Taylor County                 ,3,3,256000,0,0,0,0,0,0,0,0,0,3,3,256000,0,0,0,0,0,0,0,0,0
201102,12,125,3,5,Union County                  ,3,3,392360,0,0,0,0,0,0,0,0,0,3,3,392360,0,0,0,0,0,0,0,0,0
201102,12,127,3,5,Volusia County                ,57,57,15216771,0,0,0,0,0,0,3,66,4735688,43,43,12098786,0,0,0,0,0,0,1,54,3560000
201102,12,129,3,5,Wakulla County                ,6,6,795000,0,0,0,0,0,0,0,0,0,6,6,795000,0,0,0,0,0,0,0,0,0
201102,12,131,3,5,Walton County                 ,48,48,19667731,0,0,0,0,0,0,0,0,0,48,48,19667731,0,0,0,0,0,0,0,0,0
201102,12,133,3,5,Washington County             ,4,4,547421,0,0,0,0,0,0,0,0,0,1,1,50080,0,0,0,0,0,0,0,0,0
201102,13,005,3,5,Bacon County                  ,0,0,0,0,0,0,0,0,0,0,0,0,0,0,0,0,0,0,0,0,0,0,0,0
201102,13,013,3,5,Barrow County                 ,9,9,883298,0,0,0,0,0,0,0,0,0,5,5,497280,0,0,0,0,0,0,0,0,0
201102,13,015,3,5,Bartow County                 ,4,4,694161,0,0,0,0,0,0,0,0,0,4,4,694161,0,0,0,0,0,0,0,0,0
201102,13,029,3,5,Bryan County                  ,60,60,6770957,0,0,0,0,0,0,0,0,0,60,60,6770957,0,0,0,0,0,0,0,0,0
201102,13,035,3,5,Butts County                  ,1,1,75052,0,0,0,0,0,0,0,0,0,0,0,0,0,0,0,0,0,0,0,0,0
201102,13,045,3,5,Carroll County                ,75,75,4161031,0,0,0,0,0,0,0,0,0,75,75,4161031,0,0,0,0,0,0,0,0,0
201102,13,057,3,5,Cherokee County               ,60,60,10744331,0,0,0,0,0,0,0,0,0,50,50,9065513,0,0,0,0,0,0,0,0,0
201102,13,059,3,5,Clarke County                 ,9,9,299356,0,0,0,0,0,0,0,0,0,9,9,299356,0,0,0,0,0,0,0,0,0
201102,13,063,3,5,Clayton County                ,18,18,3030165,0,0,0,0,0,0,0,0,0,18,18,3030165,0,0,0,0,0,0,0,0,0
201102,13,067,3,5,Cobb County                   ,167,167,41031661,1,2,498750,2,7,1116087,0,0,0,167,167,41031661,1,2,498750,2,7,1116087,0,0,0
201102,13,077,3,5,Coweta County                 ,51,51,15004490,0,0,0,0,0,0,0,0,0,47,47,14281416,0,0,0,0,0,0,0,0,0
201102,13,085,3,5,Dawson County                 ,6,6,1430000,0,0,0,0,0,0,0,0,0,6,6,1430000,0,0,0,0,0,0,0,0,0
201102,13,089,3,5,DeKalb County                 ,56,56,10353754,0,0,0,0,0,0,0,0,0,52,52,9024090,0,0,0,0,0,0,0,0,0
201102,13,095,3,5,Dougherty County              ,4,4,447568,1,2,150103,0,0,0,0,0,0,0,0,0,0,0,0,0,0,0,0,0,0
201102,13,097,3,5,Douglas County                ,9,9,921095,0,0,0,0,0,0,0,0,0,9,9,921095,0,0,0,0,0,0,0,0,0
201102,13,113,3,5,Fayette County                ,7,7,1812847,0,0,0,0,0,0,0,0,0,4,4,1018433,0,0,0,0,0,0,0,0,0
201102,13,117,3,5,Forsyth County                ,142,142,19964130,0,0,0,0,0,0,0,0,0,142,142,19964130,0,0,0,0,0,0,0,0,0
201102,13,121,3,5,Fulton County                 ,147,147,29651343,0,0,0,0,0,0,3,241,12418984,147,147,29651343,0,0,0,0,0,0,3,241,12418984
201102,13,127,3,5,Glynn County                  ,43,43,11076303,0,0,0,0,0,0,0,0,0,0,0,0,0,0,0,0,0,0,0,0,0
201102,13,133,3,5,Greene County                 ,12,12,6541912,0,0,0,0,0,0,0,0,0,12,12,6541912,0,0,0,0,0,0,0,0,0
201102,13,135,3,5,Gwinnett County               ,111,111,19525325,0,0,0,0,0,0,0,0,0,108,108,18709198,0,0,0,0,0,0,0,0,0
201102,13,143,3,5,Haralson County               ,2,2,356984,0,0,0,0,0,0,0,0,0,0,0,0,0,0,0,0,0,0,0,0,0
201102,13,145,3,5,Harris County                 ,11,11,2856945,0,0,0,0,0,0,0,0,0,11,11,2856945,0,0,0,0,0,0,0,0,0
201102,13,149,3,5,Heard County                  ,1,1,134368,0,0,0,0,0,0,0,0,0,0,0,0,0,0,0,0,0,0,0,0,0
201102,13,151,3,5,Henry County                  ,35,35,6458501,0,0,0,0,0,0,1,66,4800000,25,25,5217727,0,0,0,0,0,0,1,66,4800000
201102,13,159,3,5,Jasper County                 ,6,6,801298,0,0,0,0,0,0,0,0,0,0,0,0,0,0,0,0,0,0,0,0,0
201102,13,169,3,5,Jones County                  ,4,4,459000,0,0,0,0,0,0,0,0,0,4,4,459000,0,0,0,0,0,0,0,0,0
201102,13,171,3,5,Lamar County                  ,4,4,609706,0,0,0,0,0,0,0,0,0,4,4,609706,0,0,0,0,0,0,0,0,0
201102,13,177,3,5,Lee County                    ,15,15,1714277,0,0,0,0,0,0,0,0,0,0,0,0,0,0,0,0,0,0,0,0,0
201102,13,189,3,5,McDuffie County               ,1,1,150763,0,0,0,0,0,0,0,0,0,0,0,0,0,0,0,0,0,0,0,0,0
201102,13,199,3,5,Meriwether County             ,1,1,173540,0,0,0,0,0,0,0,0,0,1,1,173540,0,0,0,0,0,0,0,0,0
201102,13,211,3,5,Morgan County                 ,2,2,458239,0,0,0,0,0,0,0,0,0,0,0,0,0,0,0,0,0,0,0,0,0
201102,13,213,3,5,Murray County                 ,5,5,550000,0,0,0,0,0,0,0,0,0,5,5,550000,0,0,0,0,0,0,0,0,0
201102,13,215,3,5,Muscogee County               ,30,30,3175770,0,0,0,0,0,0,2,18,1364776,0,0,0,0,0,0,0,0,0,0,0,0
201102,13,217,3,5,Newton County                 ,5,5,725442,0,0,0,0,0,0,0,0,0,5,5,725442,0,0,0,0,0,0,0,0,0
201102,13,223,3,5,Paulding County               ,22,22,3785747,0,0,0,0,0,0,0,0,0,13,13,2256022,0,0,0,0,0,0,0,0,0
201102,13,227,3,5,Pickens County                ,2,2,650000,0,0,0,0,0,0,0,0,0,2,2,650000,0,0,0,0,0,0,0,0,0
201102,13,231,3,5,Pike County                   ,2,2,448000,0,0,0,0,0,0,0,0,0,2,2,448000,0,0,0,0,0,0,0,0,0
201102,13,237,3,5,Putnam County                 ,11,11,1807750,0,0,0,0,0,0,0,0,0,11,11,1807750,0,0,0,0,0,0,0,0,0
201102,13,239,3,5,Quitman County                ,2,2,135000,0,0,0,0,0,0,0,0,0,2,2,135000,0,0,0,0,0,0,0,0,0
201102,13,247,3,5,Rockdale County               ,7,7,2270132,0,0,0,0,0,0,0,0,0,7,7,2270132,0,0,0,0,0,0,0,0,0
201102,13,255,3,5,Spalding County               ,16,16,1893294,0,0,0,0,0,0,0,0,0,16,16,1893294,0,0,0,0,0,0,0,0,0
201102,13,291,3,5,Union County                  ,4,4,702246,0,0,0,0,0,0,0,0,0,4,4,702246,0,0,0,0,0,0,0,0,0
201102,13,297,3,5,Walton County                 ,6,6,685300,0,0,0,0,0,0,0,0,0,6,6,685300,0,0,0,0,0,0,0,0,0
201102,13,313,3,5,Whitfield County              ,9,9,995942,0,0,0,0,0,0,0,0,0,0,0,0,0,0,0,0,0,0,0,0,0
201102,13,321,3,5,Worth County                  ,3,3,434000,0,0,0,0,0,0,0,0,0,3,3,434000,0,0,0,0,0,0,0,0,0
201102,15,001,4,9,Hawaii County                 ,89,89,23001134,0,0,0,0,0,0,1,5,360000,62,62,16319449,0,0,0,0,0,0,0,0,0
201102,15,003,4,9,Honolulu County               ,103,103,48834560,0,0,0,0,0,0,1,84,9400000,103,103,48834560,0,0,0,0,0,0,1,84,9400000
201102,15,007,4,9,Kauai County                  ,26,26,14305800,0,0,0,0,0,0,0,0,0,26,26,14305800,0,0,0,0,0,0,0,0,0
201102,15,009,4,9,Maui County                   ,33,33,7260393,0,0,0,0,0,0,0,0,0,33,33,7260393,0,0,0,0,0,0,0,0,0
201102,16,001,4,8,Ada County                    ,152,152,39274346,0,0,0,0,0,0,0,0,0,152,152,39274346,0,0,0,0,0,0,0,0,0
201102,16,015,4,8,Boise County                  ,2,2,546284,0,0,0,0,0,0,0,0,0,2,2,546284,0,0,0,0,0,0,0,0,0
201102,16,027,4,8,Canyon County                 ,26,26,3634362,0,0,0,0,0,0,0,0,0,26,26,3634362,0,0,0,0,0,0,0,0,0
201102,16,045,4,8,Gem County                    ,2,2,440024,0,0,0,0,0,0,0,0,0,2,2,440024,0,0,0,0,0,0,0,0,0
201102,16,073,4,8,Owyhee County                 ,2,2,381761,0,0,0,0,0,0,0,0,0,2,2,381761,0,0,0,0,0,0,0,0,0
201102,17,005,2,3,Bond County                   ,1,1,168981,0,0,0,0,0,0,0,0,0,0,0,0,0,0,0,0,0,0,0,0,0
201102,17,013,2,3,Calhoun County                ,1,1,200000,0,0,0,0,0,0,0,0,0,1,1,200000,0,0,0,0,0,0,0,0,0
201102,17,027,2,3,Clinton County                ,12,12,2331153,0,0,0,0,0,0,0,0,0,7,7,1110000,0,0,0,0,0,0,0,0,0
201102,17,031,2,3,Cook County                   ,55,55,18750000,0,0,0,2,8,950000,4,30,2870795,41,41,14530060,0,0,0,2,8,950000,2,13,1600000
201102,17,037,2,3,DeKalb County                 ,2,2,451833,0,0,0,0,0,0,0,0,0,1,1,250000,0,0,0,0,0,0,0,0,0
201102,17,039,2,3,De Witt County                ,0,0,0,0,0,0,0,0,0,0,0,0,0,0,0,0,0,0,0,0,0,0,0,0
201102,17,043,2,3,DuPage County                 ,48,48,18092113,0,0,0,1,4,720000,0,0,0,38,38,14121250,0,0,0,1,4,720000,0,0,0
201102,17,063,2,3,Grundy County                 ,6,6,1067720,0,0,0,0,0,0,1,5,256410,5,5,836000,0,0,0,0,0,0,0,0,0
201102,17,083,2,3,Jersey County                 ,0,0,0,0,0,0,0,0,0,1,5,289248,0,0,0,0,0,0,0,0,0,0,0,0
201102,17,089,2,3,Kane County                   ,33,33,6830370,0,0,0,0,0,0,0,0,0,29,29,5975187,0,0,0,0,0,0,0,0,0
201102,17,093,2,3,Kendall County                ,14,14,2284012,0,0,0,0,0,0,0,0,0,2,2,470000,0,0,0,0,0,0,0,0,0
201102,17,097,2,3,Lake County                   ,50,50,11606520,0,0,0,0,0,0,2,100,13588040,38,38,8648815,0,0,0,0,0,0,1,95,12963040
201102,17,111,2,3,McHenry County                ,26,26,4131645,0,0,0,0,0,0,0,0,0,16,16,2518944,0,0,0,0,0,0,0,0,0
201102,17,117,2,3,Macoupin County               ,3,3,589128,0,0,0,0,0,0,0,0,0,1,1,190000,0,0,0,0,0,0,0,0,0
201102,17,119,2,3,Madison County                ,17,17,3644256,0,0,0,0,0,0,0,0,0,7,7,1516508,0,0,0,0,0,0,0,0,0
201102,17,133,2,3,Monroe County                 ,13,13,2378900,0,0,0,0,0,0,0,0,0,12,12,2160875,0,0,0,0,0,0,0,0,0
201102,17,163,2,3,St. Clair County              ,57,57,10304009,1,2,150000,1,3,312450,1,9,912042,35,35,5959304,1,2,150000,0,0,0,0,0,0
201102,17,197,2,3,Will County                   ,30,30,7145601,0,0,0,0,0,0,0,0,0,26,26,6349767,0,0,0,0,0,0,0,0,0
201102,18,001,2,3,Adams County                  ,1,1,122000,0,0,0,0,0,0,0,0,0,1,1,122000,0,0,0,0,0,0,0,0,0
201102,18,003,2,3,Allen County                  ,65,65,13098755,1,2,236884,0,0,0,0,0,0,65,65,13098755,1,2,236884,0,0,0,0,0,0
201102,18,011,2,3,Boone County                  ,26,26,5222953,0,0,0,0,0,0,0,0,0,26,26,5222953,0,0,0,0,0,0,0,0,0
201102,18,013,2,3,Brown County                  ,8,8,1549322,0,0,0,0,0,0,0,0,0,8,8,1549322,0,0,0,0,0,0,0,0,0
201102,18,019,2,3,Clark County                  ,32,32,5426049,0,0,0,0,0,0,0,0,0,32,32,5426049,0,0,0,0,0,0,0,0,0
201102,18,029,2,3,Dearborn County               ,2,2,440000,0,0,0,0,0,0,0,0,0,2,2,440000,0,0,0,0,0,0,0,0,0
201102,18,043,2,3,Floyd County                  ,11,11,2258542,0,0,0,0,0,0,0,0,0,9,9,1967800,0,0,0,0,0,0,0,0,0
201102,18,047,2,3,Franklin County               ,2,2,515000,0,0,0,0,0,0,0,0,0,2,2,515000,0,0,0,0,0,0,0,0,0
201102,18,049,2,3,Fulton County                 ,1,1,180000,0,0,0,0,0,0,0,0,0,1,1,180000,0,0,0,0,0,0,0,0,0
201102,18,057,2,3,Hamilton County               ,162,162,33681659,0,0,0,1,4,410224,2,12,990142,162,162,33681659,0,0,0,1,4,410224,2,12,990142
201102,18,059,2,3,Hancock County                ,9,9,1546870,0,0,0,5,20,846180,1,42,1901655,9,9,1546870,0,0,0,5,20,846180,1,42,1901655
201102,18,061,2,3,Harrison County               ,4,4,774661,0,0,0,0,0,0,0,0,0,4,4,774661,0,0,0,0,0,0,0,0,0
201102,18,063,2,3,Hendricks County              ,63,63,11419475,0,0,0,3,11,1128116,1,6,495071,62,62,11213136,0,0,0,3,11,1128116,1,6,495071
201102,18,065,2,3,Henry County                  ,3,3,408000,0,0,0,0,0,0,0,0,0,3,3,408000,0,0,0,0,0,0,0,0,0
201102,18,069,2,3,Huntington County             ,4,4,679705,0,0,0,0,0,0,0,0,0,4,4,679705,0,0,0,0,0,0,0,0,0
201102,18,073,2,3,Jasper County                 ,4,4,743604,0,0,0,0,0,0,0,0,0,2,2,433665,0,0,0,0,0,0,0,0,0
201102,18,079,2,3,Jennings County               ,3,3,295000,0,0,0,0,0,0,0,0,0,3,3,295000,0,0,0,0,0,0,0,0,0
201102,18,081,2,3,Johnson County                ,54,54,8763702,0,0,0,0,0,0,0,0,0,51,51,8412564,0,0,0,0,0,0,0,0,0
201102,18,087,2,3,Lagrange County               ,3,3,370000,0,0,0,0,0,0,0,0,0,3,3,370000,0,0,0,0,0,0,0,0,0
201102,18,089,2,3,Lake County                   ,33,33,7188234,0,0,0,0,0,0,0,0,0,31,31,6785287,0,0,0,0,0,0,0,0,0
201102,18,097,2,3,Marion County                 ,66,66,9172284,1,2,150303,0,0,0,20,264,17331735,66,66,9172284,1,2,150303,0,0,0,20,264,17331735
201102,18,105,2,3,Monroe County                 ,16,16,2562805,1,2,194124,0,0,0,0,0,0,16,16,2562805,1,2,194124,0,0,0,0,0,0
201102,18,109,2,3,Morgan County                 ,6,6,638600,0,0,0,0,0,0,0,0,0,6,6,638600,0,0,0,0,0,0,0,0,0
201102,18,111,2,3,Newton County                 ,0,0,0,0,0,0,0,0,0,0,0,0,0,0,0,0,0,0,0,0,0,0,0,0
201102,18,115,2,3,Ohio County                   ,0,0,0,0,0,0,0,0,0,0,0,0,0,0,0,0,0,0,0,0,0,0,0,0
201102,18,125,2,3,Pike County                   ,4,4,406000,0,0,0,0,0,0,0,0,0,4,4,406000,0,0,0,0,0,0,0,0,0
201102,18,127,2,3,Porter County                 ,13,13,2846320,1,2,248040,0,0,0,0,0,0,11,11,2573682,1,2,248040,0,0,0,0,0,0
201102,18,133,2,3,Putnam County                 ,3,3,418889,0,0,0,0,0,0,0,0,0,2,2,250000,0,0,0,0,0,0,0,0,0
201102,18,145,2,3,Shelby County                 ,3,3,597500,0,0,0,0,0,0,0,0,0,3,3,597500,0,0,0,0,0,0,0,0,0
201102,18,155,2,3,Switzerland County            ,3,3,174798,0,0,0,0,0,0,0,0,0,0,0,0,0,0,0,0,0,0,0,0,0
201102,18,157,2,3,Tippecanoe County             ,26,26,4822286,0,0,0,0,0,0,0,0,0,13,13,2144992,0,0,0,0,0,0,0,0,0
201102,18,163,2,3,Vanderburgh County            ,30,30,3201000,1,2,35000,0,0,0,0,0,0,30,30,3201000,1,2,35000,0,0,0,0,0,0
201102,18,167,2,3,Vigo County                   ,5,5,735790,1,2,166667,0,0,0,15,178,8944000,4,4,640702,0,0,0,0,0,0,15,178,8944000
201102,18,175,2,3,Washington County             ,4,4,549454,0,0,0,0,0,0,0,0,0,0,0,0,0,0,0,0,0,0,0,0,0
201102,18,179,2,3,Wells County                  ,0,0,0,0,0,0,0,0,0,0,0,0,0,0,0,0,0,0,0,0,0,0,0,0
201102,18,181,2,3,White County                  ,1,1,130000,0,0,0,0,0,0,0,0,0,1,1,130000,0,0,0,0,0,0,0,0,0
201102,18,183,2,3,Whitley County                ,4,4,818500,0,0,0,0,0,0,0,0,0,4,4,818500,0,0,0,0,0,0,0,0,0
201102,19,049,2,4,Dallas County                 ,12,12,2583536,0,0,0,0,0,0,0,0,0,11,11,2487869,0,0,0,0,0,0,0,0,0
201102,19,077,2,4,Guthrie County                ,1,1,201909,0,0,0,0,0,0,0,0,0,0,0,0,0,0,0,0,0,0,0,0,0
201102,19,085,2,4,Harrison County               ,3,3,587331,0,0,0,0,0,0,0,0,0,2,2,387331,0,0,0,0,0,0,0,0,0
201102,19,121,2,4,Madison County                ,2,2,400094,0,0,0,0,0,0,0,0,0,0,0,0,0,0,0,0,0,0,0,0,0
201102,19,129,2,4,Mills County                  ,0,0,0,0,0,0,0,0,0,0,0,0,0,0,0,0,0,0,0,0,0,0,0,0
201102,19,153,2,4,Polk County                   ,80,80,17007681,0,0,0,0,0,0,0,0,0,80,80,17007681,0,0,0,0,0,0,0,0,0
201102,19,155,2,4,Pottawattamie County          ,11,11,1935459,0,0,0,0,0,0,0,0,0,5,5,1093987,0,0,0,0,0,0,0,0,0
201102,19,181,2,4,Warren County                 ,1,1,507503,0,0,0,0,0,0,0,0,0,0,0,200000,0,0,0,0,0,0,0,0,0
201102,20,055,2,4,Finney County                 ,1,1,334147,0,0,0,0,0,0,0,0,0,1,1,334147,0,0,0,0,0,0,0,0,0
201102,20,059,2,4,Franklin County               ,0,0,0,0,0,0,0,0,0,0,0,0,0,0,0,0,0,0,0,0,0,0,0,0
201102,20,063,2,4,Gove County                   ,0,0,0,0,0,0,0,0,0,0,0,0,0,0,0,0,0,0,0,0,0,0,0,0
201102,20,091,2,4,Johnson County                ,108,108,28151309,0,0,0,1,3,488182,1,5,297500,70,70,19154654,0,0,0,0,0,0,0,0,0
201102,20,103,2,4,Leavenworth County            ,11,11,2097460,0,0,0,0,0,0,0,0,0,11,11,2097460,0,0,0,0,0,0,0,0,0
201102,20,107,2,4,Linn County                   ,0,0,0,0,0,0,0,0,0,0,0,0,0,0,0,0,0,0,0,0,0,0,0,0
201102,20,121,2,4,Miami County                  ,3,3,608129,0,0,0,0,0,0,0,0,0,0,0,0,0,0,0,0,0,0,0,0,0
201102,20,129,2,4,Morton County                 ,0,0,0,0,0,0,0,0,0,0,0,0,0,0,0,0,0,0,0,0,0,0,0,0
201102,20,151,2,4,Pratt County                  ,1,1,250000,0,0,0,0,0,0,0,0,0,1,1,250000,0,0,0,0,0,0,0,0,0
201102,20,183,2,4,Smith County                  ,0,0,0,0,0,0,0,0,0,0,0,0,0,0,0,0,0,0,0,0,0,0,0,0
201102,20,209,2,4,Wyandotte County              ,2,2,381823,3,6,500000,1,3,300000,0,0,0,2,2,381823,3,6,500000,1,3,300000,0,0,0
201102,21,005,3,6,Anderson County               ,5,5,647500,0,0,0,0,0,0,0,0,0,5,5,647500,0,0,0,0,0,0,0,0,0
201102,21,015,3,6,Boone County                  ,40,40,7218595,0,0,0,0,0,0,1,6,879120,40,40,7218595,0,0,0,0,0,0,1,6,879120
201102,21,021,3,6,Boyle County                  ,0,0,0,0,0,0,0,0,0,0,0,0,0,0,0,0,0,0,0,0,0,0,0,0
201102,21,029,3,6,Bullitt County                ,26,26,3428250,0,0,0,0,0,0,0,0,0,26,26,3428250,0,0,0,0,0,0,0,0,0
201102,21,037,3,6,Campbell County               ,11,11,1621103,0,0,0,1,3,279240,0,0,0,10,10,1477851,0,0,0,0,0,0,0,0,0
201102,21,049,3,6,Clark County                  ,4,4,799717,0,0,0,0,0,0,0,0,0,1,1,205000,0,0,0,0,0,0,0,0,0
201102,21,053,3,6,Clinton County                ,0,0,0,0,0,0,0,0,0,0,0,0,0,0,0,0,0,0,0,0,0,0,0,0
201102,21,059,3,6,Daviess County                ,37,37,3284191,0,0,0,0,0,0,0,0,0,37,37,3284191,0,0,0,0,0,0,0,0,0
201102,21,067,3,6,Fayette County                ,67,67,8685848,0,0,0,0,0,0,0,0,0,67,67,8685848,0,0,0,0,0,0,0,0,0
201102,21,077,3,6,Gallatin County               ,1,1,89440,0,0,0,0,0,0,0,0,0,1,1,89440,0,0,0,0,0,0,0,0,0
201102,21,081,3,6,Grant County                  ,2,2,492000,0,0,0,0,0,0,0,0,0,2,2,492000,0,0,0,0,0,0,0,0,0
201102,21,103,3,6,Henry County                  ,2,2,543800,0,0,0,0,0,0,0,0,0,2,2,543800,0,0,0,0,0,0,0,0,0
201102,21,111,3,6,Jefferson County              ,81,81,16658261,0,0,0,0,0,0,5,106,6923468,79,79,16349551,0,0,0,0,0,0,5,106,6923468
201102,21,113,3,6,Jessamine County              ,15,15,3036698,0,0,0,0,0,0,0,0,0,9,9,986470,0,0,0,0,0,0,0,0,0
201102,21,117,3,6,Kenton County                 ,20,20,3065458,0,0,0,0,0,0,2,32,2000000,19,19,2983833,0,0,0,0,0,0,2,32,2000000
201102,21,137,3,6,Lincoln County                ,1,1,175562,0,0,0,0,0,0,0,0,0,1,1,175562,0,0,0,0,0,0,0,0,0
201102,21,151,3,6,Madison County                ,17,17,1574560,1,2,129492,2,8,400000,1,5,168572,7,7,702000,0,0,0,2,8,400000,0,0,0
201102,21,157,3,6,Marshall County               ,1,1,121209,0,0,0,0,0,0,1,5,277778,0,0,0,0,0,0,0,0,0,0,0,0
201102,21,163,3,6,Meade County                  ,15,15,1765552,0,0,0,0,0,0,0,0,0,14,14,1640000,0,0,0,0,0,0,0,0,0
201102,21,167,3,6,Mercer County                 ,5,5,846250,0,0,0,0,0,0,0,0,0,0,0,0,0,0,0,0,0,0,0,0,0
201102,21,179,3,6,Nelson County                 ,14,14,1901400,0,0,0,0,0,0,1,16,240000,14,14,1901400,0,0,0,0,0,0,1,16,240000
201102,21,185,3,6,Oldham County                 ,16,16,3487760,0,0,0,0,0,0,0,0,0,0,0,0,0,0,0,0,0,0,0,0,0
201102,21,191,3,6,Pendleton County              ,0,0,0,0,0,0,0,0,0,0,0,0,0,0,0,0,0,0,0,0,0,0,0,0
201102,21,205,3,6,Rowan County                  ,0,0,0,0,0,0,0,0,0,0,0,0,0,0,0,0,0,0,0,0,0,0,0,0
201102,21,209,3,6,Scott County                  ,31,31,4278408,0,0,0,0,0,0,0,0,0,14,14,2210000,0,0,0,0,0,0,0,0,0
201102,21,211,3,6,Shelby County                 ,8,8,1466841,0,0,0,0,0,0,0,0,0,1,1,500000,0,0,0,0,0,0,0,0,0
201102,21,213,3,6,Simpson County                ,6,6,660000,0,0,0,0,0,0,0,0,0,6,6,660000,0,0,0,0,0,0,0,0,0
201102,21,215,3,6,Spencer County                ,3,3,520620,0,0,0,0,0,0,0,0,0,3,3,520620,0,0,0,0,0,0,0,0,0
201102,21,221,3,6,Trigg County                  ,6,6,619000,0,0,0,0,0,0,0,0,0,6,6,619000,0,0,0,0,0,0,0,0,0
201102,21,239,3,6,Woodford County               ,4,4,440000,0,0,0,0,0,0,0,0,0,4,4,440000,0,0,0,0,0,0,0,0,0
201102,22,009,3,7,Avoyelles Parish              ,5,5,580529,0,0,0,0,0,0,0,0,0,0,0,0,0,0,0,0,0,0,0,0,0
201102,22,017,3,7,Caddo Parish                  ,51,51,13437190,0,0,0,0,0,0,0,0,0,51,51,13437190,0,0,0,0,0,0,0,0,0
201102,22,039,3,7,Evangeline Parish             ,6,6,1086933,0,0,0,0,0,0,0,0,0,2,2,312000,0,0,0,0,0,0,0,0,0
201102,22,051,3,7,Jefferson Parish              ,32,32,9030485,0,0,0,0,0,0,0,0,0,30,30,8650812,0,0,0,0,0,0,0,0,0
201102,22,071,3,7,Orleans Parish                ,110,110,17018936,13,26,1747496,0,0,0,1,29,2859298,44,44,8534790,5,10,800400,0,0,0,0,0,0
201102,22,075,3,7,Plaquemines Parish            ,16,16,1573945,0,0,0,0,0,0,0,0,0,16,16,1573945,0,0,0,0,0,0,0,0,0
201102,22,077,3,7,Pointe Coupee Parish          ,6,6,829916,0,0,0,0,0,0,0,0,0,6,6,829916,0,0,0,0,0,0,0,0,0
201102,22,087,3,7,St. Bernard Parish            ,4,4,496850,0,0,0,0,0,0,0,0,0,0,0,0,0,0,0,0,0,0,0,0,0
201102,22,089,3,7,St. Charles Parish            ,15,15,2585991,0,0,0,0,0,0,0,0,0,0,0,0,0,0,0,0,0,0,0,0,0
201102,22,091,3,7,St. Helena Parish             ,4,4,770504,0,0,0,0,0,0,0,0,0,0,0,0,0,0,0,0,0,0,0,0,0
201102,22,095,3,7,St. John the Baptist Parish   ,12,12,1870952,0,0,0,0,0,0,0,0,0,0,0,0,0,0,0,0,0,0,0,0,0
201102,22,103,3,7,St. Tammany Parish            ,101,101,23922036,0,0,0,0,0,0,0,0,0,98,98,23349978,0,0,0,0,0,0,0,0,0
201102,22,109,3,7,Terrebonne Parish             ,24,24,6878090,0,0,0,0,0,0,0,0,0,24,24,6878090,0,0,0,0,0,0,0,0,0
201102,22,117,3,7,Washington Parish             ,10,10,1395000,0,0,0,0,0,0,0,0,0,10,10,1395000,0,0,0,0,0,0,0,0,0
201102,23,000,1,1,Maine Unorganized Territory   ,9,9,1195202,0,0,0,0,0,0,0,0,0,0,0,0,0,0,0,0,0,0,0,0,0
201102,24,003,3,5,Anne Arundel County           ,145,145,25461522,0,0,0,1,3,268595,0,0,0,143,143,24816250,0,0,0,0,0,0,0,0,0
201102,24,005,3,5,Baltimore County              ,143,143,24816249,0,0,0,0,0,0,0,0,0,143,143,24816249,0,0,0,0,0,0,0,0,0
201102,24,009,3,5,Calvert County                ,36,36,6247447,0,0,0,0,0,0,0,0,0,36,36,6247447,0,0,0,0,0,0,0,0,0
201102,24,013,3,5,Carroll County                ,23,23,3991425,0,0,0,0,0,0,0,0,0,23,23,3991425,0,0,0,0,0,0,0,0,0
201102,24,015,3,5,Cecil County                  ,36,36,8291050,0,0,0,0,0,0,0,0,0,36,36,8291050,0,0,0,0,0,0,0,0,0
201102,24,017,3,5,Charles County                ,122,122,28476523,0,0,0,0,0,0,0,0,0,122,122,28476523,0,0,0,0,0,0,0,0,0
201102,24,021,3,5,Frederick County              ,87,87,17248593,0,0,0,0,0,0,2,20,2109912,44,44,8793892,0,0,0,0,0,0,1,14,1400000
201102,24,023,3,5,Garrett County                ,20,20,4923020,0,0,0,0,0,0,0,0,0,9,9,2378419,0,0,0,0,0,0,0,0,0
201102,24,025,3,5,Harford County                ,65,65,11794711,0,0,0,0,0,0,2,10,657429,65,65,11794711,0,0,0,0,0,0,1,5,211000
201102,24,027,3,5,Howard County                 ,120,120,26008322,0,0,0,0,0,0,3,101,50075945,0,0,0,0,0,0,0,0,0,0,0,0
201102,24,031,3,5,Montgomery County             ,123,123,32351404,5,10,1050000,0,0,0,0,0,0,118,118,31527015,5,10,1050000,0,0,0,0,0,0
201102,24,033,3,5,Prince George County          ,112,112,14453627,0,0,0,0,0,0,0,0,0,108,108,13559060,0,0,0,0,0,0,0,0,0
201102,24,035,3,5,Queen Anne County             ,28,28,4121806,0,0,0,0,0,0,0,0,0,28,28,4121806,0,0,0,0,0,0,0,0,0
201102,24,510,3,5,Baltimore (Independent City)  ,18,18,2013262,0,0,0,0,0,0,2,37,4393514,0,0,0,0,0,0,0,0,0,0,0,0
201102,25,009,1,1,Essex County                  ,40,40,10682760,0,0,0,1,4,862000,1,5,451086,28,28,7445852,0,0,0,1,4,862000,0,0,0
201102,25,017,1,1,Middlesex County              ,110,110,43930979,0,0,0,2,7,885500,6,63,12258477,100,100,42198788,0,0,0,2,7,885500,2,43,10598323
201102,25,019,1,1,Nantucket County              ,6,6,4620000,0,0,0,0,0,0,0,0,0,6,6,4620000,0,0,0,0,0,0,0,0,0
201102,25,021,1,1,Norfolk County                ,50,50,15708987,0,0,58000,0,0,0,3,60,5636924,35,35,11132685,0,0,58000,0,0,0,1,50,4767000
201102,25,023,1,1,Plymouth County               ,70,70,13345533,1,2,300000,1,3,324864,1,13,901875,50,50,9702734,1,2,300000,1,3,324864,0,0,0
201102,25,025,1,1,Suffolk County                ,5,5,1050017,2,4,482500,1,3,575515,1,7,650000,5,5,1050017,1,2,300000,0,0,0,1,7,650000
201102,26,000,2,3,Michigan Balance of State     ,1,1,99398,0,0,0,0,0,0,0,0,0,1,1,99398,0,0,0,0,0,0,0,0,0
201102,26,001,2,3,Alcona County                 ,1,1,100408,0,0,0,0,0,0,0,0,0,0,0,0,0,0,0,0,0,0,0,0,0
201102,26,009,2,3,Antrim County                 ,3,3,455164,0,0,0,0,0,0,0,0,0,3,3,455164,0,0,0,0,0,0,0,0,0
201102,26,015,2,3,Barry County                  ,7,7,872442,0,0,0,0,0,0,0,0,0,1,1,190000,0,0,0,0,0,0,0,0,0
201102,26,019,2,3,Benzie County                 ,5,5,758372,0,0,0,0,0,0,0,0,0,5,5,758372,0,0,0,0,0,0,0,0,0
201102,26,029,2,3,Charlevoix County             ,2,2,374706,0,0,0,0,0,0,0,0,0,0,0,0,0,0,0,0,0,0,0,0,0
201102,26,031,2,3,Cheboygan County              ,2,2,115000,0,0,0,0,0,0,0,0,0,2,2,115000,0,0,0,0,0,0,0,0,0
201102,26,047,2,3,Emmet County                  ,2,2,1124373,0,0,0,0,0,0,0,0,0,2,2,1124373,0,0,0,0,0,0,0,0,0
201102,26,051,2,3,Gladwin County                ,3,3,480526,0,0,0,0,0,0,0,0,0,3,3,480526,0,0,0,0,0,0,0,0,0
201102,26,059,2,3,Hillsdale County              ,2,2,299876,0,0,0,0,0,0,0,0,0,2,2,299876,0,0,0,0,0,0,0,0,0
201102,26,067,2,3,Ionia County                  ,2,2,299642,0,0,0,0,0,0,0,0,0,0,0,0,0,0,0,0,0,0,0,0,0
201102,26,079,2,3,Kalkaska County               ,1,1,104000,0,0,0,0,0,0,0,0,0,1,1,104000,0,0,0,0,0,0,0,0,0
201102,26,081,2,3,Kent County                   ,82,82,18102335,0,0,0,0,0,0,0,0,0,73,73,16832797,0,0,0,0,0,0,0,0,0
201102,26,085,2,3,Lake County                   ,2,2,57490,0,0,0,0,0,0,0,0,0,0,0,0,0,0,0,0,0,0,0,0,0
201102,26,087,2,3,Lapeer County                 ,2,2,275000,0,0,0,0,0,0,0,0,0,2,2,275000,0,0,0,0,0,0,0,0,0
201102,26,089,2,3,Leelanau County               ,0,0,0,0,0,0,0,0,0,0,0,0,0,0,0,0,0,0,0,0,0,0,0,0
201102,26,093,2,3,Livingston County             ,16,16,2783602,0,0,0,0,0,0,0,0,0,15,15,2681533,0,0,0,0,0,0,0,0,0
201102,26,099,2,3,Macomb County                 ,54,54,13365572,0,0,0,0,0,0,0,0,0,54,54,13365572,0,0,0,0,0,0,0,0,0
201102,26,103,2,3,Marquette County              ,3,3,476000,0,0,0,0,0,0,0,0,0,3,3,476000,0,0,0,0,0,0,0,0,0
201102,26,113,2,3,Missaukee County              ,0,0,0,0,0,0,0,0,0,0,0,0,0,0,0,0,0,0,0,0,0,0,0,0
201102,26,123,2,3,Newaygo County                ,2,2,167100,0,0,0,0,0,0,0,0,0,1,1,75262,0,0,0,0,0,0,0,0,0
201102,26,125,2,3,Oakland County                ,140,140,32216490,0,0,0,0,0,0,0,0,0,132,132,30497469,0,0,0,0,0,0,0,0,0
201102,26,129,2,3,Ogemaw County                 ,2,2,320351,0,0,0,0,0,0,0,0,0,2,2,320351,0,0,0,0,0,0,0,0,0
201102,26,133,2,3,Osceola County                ,0,0,0,0,0,0,0,0,0,0,0,0,0,0,0,0,0,0,0,0,0,0,0,0
201102,26,137,2,3,Otsego County                 ,2,2,426502,0,0,0,0,0,0,0,0,0,0,0,0,0,0,0,0,0,0,0,0,0
201102,26,141,2,3,Presque Isle County           ,2,2,160552,0,0,0,0,0,0,0,0,0,1,1,60000,0,0,0,0,0,0,0,0,0
201102,26,147,2,3,St. Clair County              ,4,4,650847,0,0,0,0,0,0,0,0,0,2,2,437000,0,0,0,0,0,0,0,0,0
201102,26,163,2,3,Wayne County                  ,36,36,7422688,0,0,0,1,3,282000,0,0,0,30,30,6850468,0,0,0,0,0,0,0,0,0
201102,27,003,2,4,Anoka County                  ,55,55,14017745,0,0,0,0,0,0,0,0,0,51,51,13154540,0,0,0,0,0,0,0,0,0
201102,27,019,2,4,Carver County                 ,31,31,8904656,0,0,0,0,0,0,0,0,0,31,31,8904656,0,0,0,0,0,0,0,0,0
201102,27,025,2,4,Chisago County                ,1,1,115200,0,0,0,0,0,0,0,0,0,0,0,0,0,0,0,0,0,0,0,0,0
201102,27,037,2,4,Dakota County                 ,47,47,12298983,0,0,0,0,0,0,0,0,0,46,46,11872116,0,0,0,0,0,0,0,0,0
201102,27,053,2,4,Hennepin County               ,100,100,36572238,0,0,0,0,0,0,1,8,1084000,100,100,36572238,0,0,0,0,0,0,1,8,1084000
201102,27,059,2,4,Isanti County                 ,1,1,97500,0,0,0,0,0,0,0,0,0,0,0,0,0,0,0,0,0,0,0,0,0
201102,27,123,2,4,Ramsey County                 ,8,8,1344696,0,0,0,0,0,0,0,0,0,8,8,1344696,0,0,0,0,0,0,0,0,0
201102,27,139,2,4,Scott County                  ,36,36,10753678,0,0,0,0,0,0,0,0,0,36,36,10753678,0,0,0,0,0,0,0,0,0
201102,27,141,2,4,Sherburne County              ,4,4,924900,0,0,0,0,0,0,0,0,0,4,4,924900,0,0,0,0,0,0,0,0,0
201102,27,163,2,4,Washington County             ,49,49,12546656,0,0,0,0,0,0,0,0,0,49,49,12546656,0,0,0,0,0,0,0,0,0
201102,27,171,2,4,Wright County                 ,11,11,2245880,0,0,0,0,0,0,0,0,0,11,11,2245880,0,0,0,0,0,0,0,0,0
201102,28,021,3,6,Claiborne County              ,0,0,0,0,0,0,0,0,0,0,0,0,0,0,0,0,0,0,0,0,0,0,0,0
201102,28,033,3,6,DeSoto County                 ,69,69,10091754,0,0,0,0,0,0,1,5,534420,55,55,7978008,0,0,0,0,0,0,1,5,534420
201102,28,039,3,6,George County                 ,2,2,337000,0,0,0,0,0,0,0,0,0,2,2,337000,0,0,0,0,0,0,0,0,0
201102,28,071,3,6,Lafayette County              ,18,18,2013000,0,0,0,0,0,0,0,0,0,18,18,2013000,0,0,0,0,0,0,0,0,0
201102,28,091,3,6,Marion County                 ,0,0,0,0,0,0,0,0,0,0,0,0,0,0,0,0,0,0,0,0,0,0,0,0
201102,28,093,3,6,Marshall County               ,5,5,565000,0,0,0,0,0,0,0,0,0,5,5,565000,0,0,0,0,0,0,0,0,0
201102,28,137,3,6,Tate County                   ,9,9,785990,0,0,0,0,0,0,0,0,0,2,2,150000,0,0,0,0,0,0,0,0,0
201102,28,143,3,6,Tunica County                 ,2,2,160642,0,0,0,0,0,0,0,0,0,0,0,0,0,0,0,0,0,0,0,0,0
201102,28,153,3,6,Wayne County                  ,0,0,0,0,0,0,0,0,0,0,0,0,0,0,0,0,0,0,0,0,0,0,0,0
201102,29,001,2,4,Adair County                  ,2,2,237480,0,0,0,1,4,210326,0,0,0,2,2,237480,0,0,0,1,4,210326,0,0,0
201102,29,013,2,4,Bates County                  ,0,0,0,0,0,0,0,0,0,0,0,0,0,0,0,0,0,0,0,0,0,0,0,0
201102,29,019,2,4,Boone County                  ,37,37,8196900,0,0,0,0,0,0,12,224,10747092,37,37,8196900,0,0,0,0,0,0,12,224,10747092
201102,29,025,2,4,Caldwell County               ,2,2,387330,0,0,0,0,0,0,0,0,0,2,2,387330,0,0,0,0,0,0,0,0,0
201102,29,037,2,4,Cass County                   ,13,13,2814567,0,0,0,0,0,0,0,0,0,9,9,2018110,0,0,0,0,0,0,0,0,0
201102,29,047,2,4,Clay County                   ,8,8,1620508,0,0,0,0,0,0,0,0,0,5,5,1213387,0,0,0,0,0,0,0,0,0
201102,29,049,2,4,Clinton County                ,1,1,206339,0,0,0,0,0,0,0,0,0,0,0,0,0,0,0,0,0,0,0,0,0
201102,29,051,2,4,Cole County                   ,13,13,2455346,0,0,0,1,3,300027,0,0,0,1,1,138000,0,0,0,0,0,0,0,0,0
201102,29,065,2,4,Dent County                   ,0,0,0,0,0,0,0,0,0,0,0,0,0,0,0,0,0,0,0,0,0,0,0,0
201102,29,071,2,4,Franklin County               ,20,20,3430640,3,6,335634,1,3,101250,0,0,0,16,16,2898414,3,6,335634,0,0,0,0,0,0
201102,29,079,2,4,Grundy County                 ,0,0,0,0,0,0,0,0,0,0,0,0,0,0,0,0,0,0,0,0,0,0,0,0
201102,29,095,2,4,Jackson County                ,76,76,15148644,0,0,0,0,0,0,0,0,0,76,76,15148644,0,0,0,0,0,0,0,0,0
201102,29,099,2,4,Jefferson County              ,51,51,7569973,0,0,0,0,0,0,0,0,0,51,51,7569973,0,0,0,0,0,0,0,0,0
201102,29,105,2,4,Laclede County                ,1,1,222222,2,4,300000,0,0,0,0,0,0,0,0,0,0,0,0,0,0,0,0,0,0
201102,29,107,2,4,Lafayette County              ,3,3,617200,0,0,0,0,0,0,0,0,0,0,0,0,0,0,0,0,0,0,0,0,0
201102,29,113,2,4,Lincoln County                ,8,8,1001065,0,0,0,0,0,0,0,0,0,8,8,1001065,0,0,0,0,0,0,0,0,0
201102,29,141,2,4,Morgan County                 ,0,0,0,0,0,0,0,0,0,0,0,0,0,0,0,0,0,0,0,0,0,0,0,0
201102,29,161,2,4,Phelps County                 ,5,5,330945,0,0,0,4,16,1117325,0,0,0,5,5,330945,0,0,0,4,16,1117325,0,0,0
201102,29,165,2,4,Platte County                 ,8,8,1946796,0,0,0,0,0,0,0,0,0,5,5,1153279,0,0,0,0,0,0,0,0,0
201102,29,177,2,4,Ray County                    ,1,1,74000,0,0,0,0,0,0,0,0,0,1,1,74000,0,0,0,0,0,0,0,0,0
201102,29,183,2,4,St. Charles County            ,119,119,21228303,0,0,0,0,0,0,1,12,1192674,118,118,21028874,0,0,0,0,0,0,1,12,1192674
201102,29,189,2,4,St. Louis County              ,51,51,16770268,0,0,0,14,42,8331504,1,36,3179400,46,46,16074732,0,0,0,14,42,8331504,1,36,3179400
201102,29,219,2,4,Warren County                 ,9,9,1469992,0,0,0,0,0,0,0,0,0,9,9,1469992,0,0,0,0,0,0,0,0,0
201102,29,221,2,4,Washington County             ,0,0,0,0,0,0,0,0,0,0,0,0,0,0,0,0,0,0,0,0,0,0,0,0
201102,29,510,2,4,St. Louis (Independent City)  ,6,6,590000,0,0,0,0,0,0,0,0,0,6,6,590000,0,0,0,0,0,0,0,0,0
201102,30,023,4,8,Deer Lodge County             ,1,1,131465,0,0,0,0,0,0,0,0,0,1,1,131465,0,0,0,0,0,0,0,0,0
201102,30,063,4,8,Missoula County               ,9,9,1261211,0,0,0,1,3,68344,0,0,0,9,9,1261211,0,0,0,1,3,68344,0,0,0
201102,31,025,2,4,Cass County                   ,5,5,770324,0,0,0,0,0,0,0,0,0,5,5,770324,0,0,0,0,0,0,0,0,0
201102,31,033,2,4,Cheyenne County               ,0,0,0,0,0,0,0,0,0,0,0,0,0,0,0,0,0,0,0,0,0,0,0,0
201102,31,055,2,4,Douglas County                ,116,116,15919816,0,0,0,2,6,433440,0,0,0,111,111,15236296,0,0,0,2,6,433440,0,0,0
201102,31,077,2,4,Greeley County                ,0,0,0,0,0,0,0,0,0,0,0,0,0,0,0,0,0,0,0,0,0,0,0,0
201102,31,105,2,4,Kimball County                ,0,0,0,0,0,0,0,0,0,0,0,0,0,0,0,0,0,0,0,0,0,0,0,0
201102,31,153,2,4,Sarpy County                  ,61,61,13931720,0,0,0,0,0,0,0,0,0,58,58,13457860,0,0,0,0,0,0,0,0,0
201102,31,155,2,4,Saunders County               ,0,0,0,0,0,0,0,0,0,0,0,0,0,0,0,0,0,0,0,0,0,0,0,0
201102,31,177,2,4,Washington County             ,1,1,161872,0,0,0,0,0,0,0,0,0,1,1,161872,0,0,0,0,0,0,0,0,0
201102,32,001,4,8,Churchill County              ,0,0,0,0,0,0,0,0,0,0,0,0,0,0,0,0,0,0,0,0,0,0,0,0
201102,32,003,4,8,Clark County                  ,472,472,67716544,0,0,0,2,6,521920,6,338,17301837,472,472,67716544,0,0,0,2,6,521920,6,338,17301837
201102,32,005,4,8,Douglas County                ,0,0,0,0,0,0,0,0,0,0,0,0,0,0,0,0,0,0,0,0,0,0,0,0
201102,32,007,4,8,Elko County                   ,17,17,2599187,0,0,0,0,0,0,0,0,0,17,17,2599187,0,0,0,0,0,0,0,0,0
201102,32,013,4,8,Humboldt County               ,2,2,247499,1,2,181434,0,0,0,0,0,0,2,2,247499,1,2,181434,0,0,0,0,0,0
201102,32,015,4,8,Lander County                 ,3,3,360267,0,0,0,0,0,0,0,0,0,3,3,360267,0,0,0,0,0,0,0,0,0
201102,32,017,4,8,Lincoln County                ,2,2,353482,0,0,0,0,0,0,0,0,0,0,0,0,0,0,0,0,0,0,0,0,0
201102,32,019,4,8,Lyon County                   ,11,11,2382701,0,0,0,0,0,0,0,0,0,11,11,2382701,0,0,0,0,0,0,0,0,0
201102,32,021,4,8,Mineral County                ,1,1,67000,0,0,0,0,0,0,0,0,0,1,1,67000,0,0,0,0,0,0,0,0,0
201102,32,027,4,8,Pershing County               ,0,0,0,0,0,0,0,0,0,0,0,0,0,0,0,0,0,0,0,0,0,0,0,0
201102,32,029,4,8,Storey County                 ,1,1,158821,0,0,0,0,0,0,0,0,0,0,0,0,0,0,0,0,0,0,0,0,0
201102,32,031,4,8,Washoe County                 ,77,77,17548752,0,0,0,0,0,0,1,22,2000000,77,77,17548752,0,0,0,0,0,0,1,22,2000000
201102,32,033,4,8,White Pine County             ,0,0,0,0,0,0,0,0,0,0,0,0,0,0,0,0,0,0,0,0,0,0,0,0
201102,32,510,4,8,Carson City (Independent City),1,1,173526,0,0,0,0,0,0,0,0,0,1,1,173526,0,0,0,0,0,0,0,0,0
201102,33,015,1,1,Rockingham County             ,31,31,7102676,0,0,0,2,6,305217,1,18,2690160,22,22,4819393,0,0,0,0,0,0,1,18,2690160
201102,33,017,1,1,Strafford County              ,11,11,1908746,0,0,0,1,3,675000,0,0,0,8,8,1226840,0,0,0,0,0,0,0,0,0
201102,34,001,1,2,Atlantic County               ,50,50,9239365,0,0,0,0,0,0,0,0,0,37,37,7671264,0,0,0,0,0,0,0,0,0
201102,34,003,1,2,Bergen County                 ,53,53,19640475,11,22,3427596,1,3,353000,11,84,6023860,19,19,9383952,5,10,2052800,0,0,0,5,54,1840000
201102,34,005,1,2,Burlington County             ,65,65,10037437,0,0,0,0,0,0,4,25,2114618,41,41,6030246,0,0,0,0,0,0,0,0,0
201102,34,007,1,2,Camden County                 ,31,31,4876923,0,0,0,1,3,457370,4,39,2617410,17,17,2705440,0,0,0,0,0,0,1,22,1113620
201102,34,009,1,2,Cape May County               ,69,69,15059206,11,22,3890200,0,0,0,0,0,0,66,66,14499535,11,22,3890200,0,0,0,0,0,0
201102,34,011,1,2,Cumberland County             ,24,24,2069020,0,0,0,0,0,0,0,0,0,18,18,1454661,0,0,0,0,0,0,0,0,0
201102,34,013,1,2,Essex County                  ,19,19,6691133,0,0,0,6,20,19783000,2,61,12272943,9,9,5072800,0,0,0,6,20,19783000,1,56,11730000
201102,34,015,1,2,Gloucester County             ,66,66,9614985,1,2,187300,0,0,0,1,8,807400,54,54,8246017,1,2,187300,0,0,0,1,8,807400
201102,34,017,1,2,Hudson County                 ,6,6,795248,5,10,925991,0,0,0,6,253,24791530,0,0,5400,3,6,506500,0,0,0,1,155,1200000
201102,34,019,1,2,Hunterdon County              ,30,30,4885425,0,0,0,0,0,0,2,10,974480,14,14,2808479,0,0,0,0,0,0,0,0,0
201102,34,021,1,2,Mercer County                 ,11,11,2779989,1,2,200000,0,0,0,11,55,44425,9,9,1637497,1,2,200000,0,0,0,11,55,44425
201102,34,023,1,2,Middlesex County              ,70,70,11102392,1,2,202500,1,3,204675,2,12,727931,60,60,9670758,0,0,0,0,0,0,0,0,0
201102,34,025,1,2,Monmouth County               ,78,78,16522466,0,0,0,0,0,0,4,24,2484397,53,53,12854845,0,0,0,0,0,0,2,14,1492332
201102,34,027,1,2,Morris County                 ,40,40,11500581,0,0,0,0,0,0,0,0,0,16,16,4742514,0,0,0,0,0,0,0,0,0
201102,34,029,1,2,Ocean County                  ,103,103,23858640,0,0,0,0,0,0,1,24,1841574,89,89,21258011,0,0,0,0,0,0,1,24,1841574
201102,34,031,1,2,Passaic County                ,22,22,4286123,2,4,200145,0,0,0,3,20,1365588,13,13,2689226,0,0,0,0,0,0,1,10,1320000
201102,34,033,1,2,Salem County                  ,6,6,479225,0,0,0,0,0,0,2,10,465960,5,5,378600,0,0,0,0,0,0,0,0,0
201102,34,035,1,2,Somerset County               ,39,39,8391373,0,0,0,0,0,0,3,15,1248826,27,27,6424610,0,0,0,0,0,0,0,0,0
201102,34,037,1,2,Sussex County                 ,22,22,4318155,0,0,0,0,0,0,1,5,25000,11,11,2286808,0,0,0,0,0,0,0,0,0
201102,34,039,1,2,Union County                  ,28,28,5000021,2,4,324308,0,0,0,4,25,1237323,11,11,1956918,1,2,179500,0,0,0,0,0,0
201102,34,041,1,2,Warren County                 ,20,20,2432412,0,0,0,0,0,0,0,0,0,10,10,986714,0,0,0,0,0,0,0,0,0
201102,35,000,4,8,New Mexico Balance of State   ,93,93,15970001,0,0,0,0,0,0,0,0,0,93,93,15970001,0,0,0,0,0,0,0,0,0
201102,35,001,4,8,Bernalillo County             ,103,103,18924279,0,0,0,0,0,0,2,20,1554366,5,5,1490159,0,0,0,0,0,0,0,0,0
201102,35,005,4,8,Chaves County                 ,10,10,4472674,0,0,0,0,0,0,0,0,0,10,10,4472674,0,0,0,0,0,0,0,0,0
201102,35,007,4,8,Colfax County                 ,0,0,0,0,0,0,0,0,0,0,0,0,0,0,0,0,0,0,0,0,0,0,0,0
201102,35,009,4,8,Curry County                  ,12,12,2784353,0,0,0,0,0,0,0,0,0,12,12,2784353,0,0,0,0,0,0,0,0,0
201102,35,013,4,8,Dona Ana County               ,85,85,16968933,0,0,0,0,0,0,0,0,0,85,85,16968933,0,0,0,0,0,0,0,0,0
201102,35,015,4,8,Eddy County                   ,12,12,2029527,0,0,0,0,0,0,0,0,0,12,12,2029527,0,0,0,0,0,0,0,0,0
201102,35,025,4,8,Lea County                    ,3,3,645125,0,0,0,0,0,0,0,0,0,3,3,645125,0,0,0,0,0,0,0,0,0
201102,35,027,4,8,Lincoln County                ,5,5,874700,0,0,0,0,0,0,0,0,0,0,0,0,0,0,0,0,0,0,0,0,0
201102,35,028,4,8,Los Alamos County             ,0,0,0,0,0,0,0,0,0,0,0,0,0,0,0,0,0,0,0,0,0,0,0,0
201102,35,029,4,8,Luna County                   ,4,4,732362,0,0,0,0,0,0,0,0,0,0,0,0,0,0,0,0,0,0,0,0,0
201102,35,031,4,8,McKinley County               ,0,0,0,0,0,0,0,0,0,0,0,0,0,0,0,0,0,0,0,0,0,0,0,0
201102,35,035,4,8,Otero County                  ,0,0,0,0,0,0,0,0,0,0,0,0,0,0,0,0,0,0,0,0,0,0,0,0
201102,35,039,4,8,Rio Arriba County             ,0,0,0,0,0,0,0,0,0,0,0,0,0,0,0,0,0,0,0,0,0,0,0,0
201102,35,041,4,8,Roosevelt County              ,2,2,298267,0,0,0,0,0,0,0,0,0,0,0,0,0,0,0,0,0,0,0,0,0
201102,35,043,4,8,Sandoval County               ,54,54,9675612,0,0,0,1,3,252773,0,0,0,20,20,3804690,0,0,0,0,0,0,0,0,0
201102,35,045,4,8,San Juan County               ,16,16,3050111,0,0,0,0,0,0,0,0,0,16,16,3050111,0,0,0,0,0,0,0,0,0
201102,35,049,4,8,Santa Fe County               ,13,13,1733634,0,0,0,0,0,0,0,0,0,0,0,0,0,0,0,0,0,0,0,0,0
201102,35,051,4,8,Sierra County                 ,0,0,0,0,0,0,0,0,0,0,0,0,0,0,0,0,0,0,0,0,0,0,0,0
201102,35,053,4,8,Socorro County                ,0,0,0,0,0,0,0,0,0,0,0,0,0,0,0,0,0,0,0,0,0,0,0,0
201102,35,055,4,8,Taos County                   ,6,6,657936,0,0,0,0,0,0,0,0,0,0,0,0,0,0,0,0,0,0,0,0,0
201102,35,061,4,8,Valencia County               ,10,10,1286462,0,0,0,0,0,0,0,0,0,0,0,0,0,0,0,0,0,0,0,0,0
201102,36,005,1,2,Bronx County                  ,0,0,0,1,2,209799,2,8,877694,10,193,22525609,0,0,0,1,2,209799,2,8,877694,10,193,22525609
201102,36,047,1,2,Kings County                  ,0,0,0,6,12,1258795,6,19,2084522,3,230,26843990,0,0,0,6,12,1258795,6,19,2084522,3,230,26843990
201102,36,059,1,2,Nassau County                 ,38,38,17414726,0,0,0,0,0,0,0,0,0,35,35,16793271,0,0,0,0,0,0,0,0,0
201102,36,061,1,2,New York County               ,0,0,0,0,0,0,0,0,0,4,52,6069076,0,0,0,0,0,0,0,0,0,4,52,6069076
201102,36,079,1,2,Putnam County                 ,11,11,3596600,0,0,0,0,0,0,0,0,0,11,11,3596600,0,0,0,0,0,0,0,0,0
201102,36,081,1,2,Queens County                 ,12,12,2543150,8,16,1678394,2,6,658270,2,154,17973802,12,12,2543150,8,16,1678394,2,6,658270,2,154,17973802
201102,36,085,1,2,Richmond County               ,10,10,2119292,22,44,4615582,0,0,0,0,0,0,10,10,2119292,22,44,4615582,0,0,0,0,0,0
201102,36,087,1,2,Rockland County               ,8,8,2184840,0,0,0,0,0,0,0,0,0,6,6,1470000,0,0,0,0,0,0,0,0,0
201102,36,103,1,2,Suffolk County                ,81,81,34281231,0,0,0,0,0,0,0,0,0,54,54,27471320,0,0,0,0,0,0,0,0,0
201102,36,119,1,2,Westchester County            ,19,19,51628201,1,2,216667,1,3,1500000,7,150,12409571,12,12,47083652,0,0,0,1,3,1500000,6,130,9255604
201102,37,003,3,5,Alexander County              ,9,9,1260959,0,0,0,0,0,0,0,0,0,1,1,392590,0,0,0,0,0,0,0,0,0
201102,37,007,3,5,Anson County                  ,1,1,325130,0,0,0,0,0,0,0,0,0,1,1,325130,0,0,0,0,0,0,0,0,0
201102,37,009,3,5,Ashe County                   ,10,10,1537920,0,0,0,0,0,0,0,0,0,10,10,1537920,0,0,0,0,0,0,0,0,0
201102,37,011,3,5,Avery County                  ,4,4,552000,0,0,0,0,0,0,0,0,0,4,4,552000,0,0,0,0,0,0,0,0,0
201102,37,019,3,5,Brunswick County              ,144,144,31510914,0,0,0,0,0,0,0,0,0,83,83,20511198,0,0,0,0,0,0,0,0,0
201102,37,025,3,5,Cabarrus County               ,68,68,10274165,0,0,0,1,3,200000,0,0,0,68,68,10274165,0,0,0,1,3,200000,0,0,0
201102,37,027,3,5,Caldwell County               ,11,11,1807580,1,2,150000,0,0,0,0,0,0,11,11,1807580,1,2,150000,0,0,0,0,0,0
201102,37,037,3,5,Chatham County                ,40,40,9122033,0,0,0,0,0,0,0,0,0,40,40,9122033,0,0,0,0,0,0,0,0,0
201102,37,039,3,5,Cherokee County               ,19,19,3838074,0,0,0,0,0,0,0,0,0,19,19,3838074,0,0,0,0,0,0,0,0,0
201102,37,049,3,5,Craven County                 ,55,55,7048166,0,0,0,0,0,0,0,0,0,55,55,7048166,0,0,0,0,0,0,0,0,0
201102,37,053,3,5,Currituck County              ,19,19,4085700,0,0,0,0,0,0,0,0,0,19,19,4085700,0,0,0,0,0,0,0,0,0
201102,37,059,3,5,Davie County                  ,5,5,825000,0,0,0,0,0,0,0,0,0,5,5,825000,0,0,0,0,0,0,0,0,0
201102,37,063,3,5,Durham County                 ,134,134,25610696,0,0,0,0,0,0,0,0,0,134,134,25610696,0,0,0,0,0,0,0,0,0
201102,37,067,3,5,Forsyth County                ,124,124,19195033,0,0,0,0,0,0,0,0,0,124,124,19195033,0,0,0,0,0,0,0,0,0
201102,37,069,3,5,Franklin County               ,21,21,3104220,0,0,0,0,0,0,0,0,0,21,21,3104220,0,0,0,0,0,0,0,0,0
201102,37,071,3,5,Gaston County                 ,48,48,10623000,1,2,134152,0,0,0,0,0,0,48,48,10623000,1,2,134152,0,0,0,0,0,0
201102,37,081,3,5,Guilford County               ,95,95,13716863,5,10,718133,1,3,222834,6,63,3977644,71,71,9352025,5,10,718133,1,3,222834,4,49,2543820
201102,37,089,3,5,Henderson County              ,35,35,6621342,0,0,0,0,0,0,0,0,0,35,35,6621342,0,0,0,0,0,0,0,0,0
201102,37,093,3,5,Hoke County                   ,103,103,18082844,0,0,0,0,0,0,0,0,0,103,103,18082844,0,0,0,0,0,0,0,0,0
201102,37,097,3,5,Iredell County                ,60,60,12968982,0,0,0,0,0,0,0,0,0,23,23,6524683,0,0,0,0,0,0,0,0,0
201102,37,101,3,5,Johnston County               ,82,82,12598050,0,0,0,0,0,0,0,0,0,82,82,12598050,0,0,0,0,0,0,0,0,0
201102,37,105,3,5,Lee County                    ,10,10,2005495,0,0,0,0,0,0,0,0,0,10,10,2005495,0,0,0,0,0,0,0,0,0
201102,37,109,3,5,Lincoln County                ,22,22,3952096,1,2,107500,0,0,0,0,0,0,0,0,0,0,0,0,0,0,0,0,0,0
201102,37,113,3,5,Macon County                  ,7,7,996648,0,0,0,0,0,0,0,0,0,7,7,996648,0,0,0,0,0,0,0,0,0
201102,37,119,3,5,Mecklenburg County            ,207,207,36502555,1,2,183608,0,0,0,14,218,18023165,114,114,19783583,0,0,0,0,0,0,10,50,4086520
201102,37,127,3,5,Nash County                   ,14,14,2000460,0,0,0,0,0,0,0,0,0,14,14,2000460,0,0,0,0,0,0,0,0,0
201102,37,129,3,5,New Hanover County            ,47,47,10708453,0,0,0,0,0,0,2,16,1754690,6,6,1190065,0,0,0,0,0,0,0,0,0
201102,37,135,3,5,Orange County                 ,24,24,6252413,0,0,0,0,0,0,2,31,4067452,23,23,5859879,0,0,0,0,0,0,0,0,0
201102,37,137,3,5,Pamlico County                ,6,6,1400138,0,0,0,0,0,0,0,0,0,0,0,0,0,0,0,0,0,0,0,0,0
201102,37,141,3,5,Pender County                 ,30,30,4179850,0,0,0,0,0,0,0,0,0,30,30,4179850,0,0,0,0,0,0,0,0,0
201102,37,145,3,5,Person County                 ,8,8,1113502,0,0,0,0,0,0,0,0,0,8,8,1113502,0,0,0,0,0,0,0,0,0
201102,37,147,3,5,Pitt County                   ,54,54,8067400,3,6,439800,0,0,0,0,0,0,54,54,8067400,3,6,439800,0,0,0,0,0,0
201102,37,149,3,5,Polk County                   ,0,0,0,0,0,0,0,0,0,0,0,0,0,0,0,0,0,0,0,0,0,0,0,0
201102,37,151,3,5,Randolph County               ,36,36,7792480,0,0,0,0,0,0,0,0,0,36,36,7792480,0,0,0,0,0,0,0,0,0
201102,37,157,3,5,Rockingham County             ,12,12,2679797,0,0,0,0,0,0,0,0,0,12,12,2679797,0,0,0,0,0,0,0,0,0
201102,37,159,3,5,Rowan County                  ,22,22,4829128,0,0,0,0,0,0,0,0,0,22,22,4829128,0,0,0,0,0,0,0,0,0
201102,37,163,3,5,Sampson County                ,12,12,1471150,0,0,0,0,0,0,0,0,0,12,12,1471150,0,0,0,0,0,0,0,0,0
201102,37,167,3,5,Stanly County                 ,13,13,1606384,0,0,0,0,0,0,0,0,0,13,13,1606384,0,0,0,0,0,0,0,0,0
201102,37,171,3,5,Surry County                  ,8,8,1299966,0,0,0,0,0,0,0,0,0,8,8,1299966,0,0,0,0,0,0,0,0,0
201102,37,175,3,5,Transylvania County           ,10,10,3126837,0,0,0,0,0,0,0,0,0,10,10,3126837,0,0,0,0,0,0,0,0,0
201102,37,179,3,5,Union County                  ,78,78,13806711,0,0,0,0,0,0,0,0,0,76,76,13397784,0,0,0,0,0,0,0,0,0
201102,37,181,3,5,Vance County                  ,7,7,831253,0,0,0,0,0,0,0,0,0,7,7,831253,0,0,0,0,0,0,0,0,0
201102,37,183,3,5,Wake County                   ,498,498,105194832,0,0,0,0,0,0,3,52,6366000,498,498,105194832,0,0,0,0,0,0,3,52,6366000
201102,37,195,3,5,Wilson County                 ,15,15,3222240,1,2,303980,0,0,0,0,0,0,15,15,3222240,1,2,303980,0,0,0,0,0,0
201102,39,015,2,3,Brown County                  ,2,2,300000,0,0,0,0,0,0,0,0,0,2,2,300000,0,0,0,0,0,0,0,0,0
201102,39,017,2,3,Butler County                 ,50,50,10583342,0,0,0,0,0,0,0,0,0,46,46,10063665,0,0,0,0,0,0,0,0,0
201102,39,025,2,3,Clermont County               ,46,46,6638887,0,0,0,0,0,0,0,0,0,46,46,6638887,0,0,0,0,0,0,0,0,0
201102,39,035,2,3,Cuyahoga County               ,41,41,10804605,0,0,0,1,4,480000,1,6,720000,26,26,8703951,0,0,0,1,4,480000,1,6,720000
201102,39,041,2,3,Delaware County               ,68,68,14449489,0,0,0,0,0,0,0,0,0,68,68,14449489,0,0,0,0,0,0,0,0,0
201102,39,045,2,3,Fairfield County              ,14,14,2893297,0,0,0,0,0,0,0,0,0,10,10,2175759,0,0,0,0,0,0,0,0,0
201102,39,049,2,3,Franklin County               ,219,219,39011156,0,0,0,11,42,2849000,29,176,6956000,217,217,38470082,0,0,0,11,42,2849000,29,176,6956000
201102,39,055,2,3,Geauga County                 ,15,15,4747538,0,0,0,0,0,0,0,0,0,15,15,4747538,0,0,0,0,0,0,0,0,0
201102,39,061,2,3,Hamilton County               ,48,48,10251295,0,0,0,0,0,0,1,5,446950,33,33,6985473,0,0,0,0,0,0,0,0,0
201102,39,085,2,3,Lake County                   ,28,28,6272332,0,0,0,0,0,0,0,0,0,15,15,3201950,0,0,0,0,0,0,0,0,0
201102,39,089,2,3,Licking County                ,31,31,6060107,0,0,0,0,0,0,0,0,0,28,28,5486476,0,0,0,0,0,0,0,0,0
201102,39,093,2,3,Lorain County                 ,48,48,11624152,0,0,0,0,0,0,0,0,0,40,40,10196019,0,0,0,0,0,0,0,0,0
201102,39,097,2,3,Madison County                ,2,2,399693,0,0,0,0,0,0,0,0,0,1,1,193665,0,0,0,0,0,0,0,0,0
201102,39,103,2,3,Medina County                 ,44,44,8539975,0,0,0,0,0,0,0,0,0,40,40,7902756,0,0,0,0,0,0,0,0,0
201102,39,117,2,3,Morrow County                 ,6,6,890733,0,0,0,0,0,0,0,0,0,3,3,460000,0,0,0,0,0,0,0,0,0
201102,39,129,2,3,Pickaway County               ,2,2,210303,0,0,0,0,0,0,0,0,0,2,2,210303,0,0,0,0,0,0,0,0,0
201102,39,159,2,3,Union County                  ,9,9,1985018,0,0,0,0,0,0,0,0,0,9,9,1985018,0,0,0,0,0,0,0,0,0
201102,39,165,2,3,Warren County                 ,64,64,15258461,0,0,0,0,0,0,1,5,446950,39,39,9210689,0,0,0,0,0,0,0,0,0
201102,39,169,2,3,Wayne County                  ,8,8,1373000,0,0,0,0,0,0,0,0,0,8,8,1373000,0,0,0,0,0,0,0,0,0
201102,40,017,3,7,Canadian County               ,24,24,4106708,0,0,0,0,0,0,0,0,0,18,18,2657380,0,0,0,0,0,0,0,0,0
201102,40,021,3,7,Cherokee County               ,5,5,776213,0,0,0,0,0,0,0,0,0,3,3,438000,0,0,0,0,0,0,0,0,0
201102,40,027,3,7,Cleveland County              ,93,93,17736456,0,0,0,0,0,0,3,52,4391964,69,69,13603772,0,0,0,0,0,0,2,35,3800000
201102,40,029,3,7,Coal County                   ,0,0,0,0,0,0,0,0,0,0,0,0,0,0,0,0,0,0,0,0,0,0,0,0
201102,40,037,3,7,Creek County                  ,14,14,2130382,0,0,0,0,0,0,0,0,0,5,5,725000,0,0,0,0,0,0,0,0,0
201102,40,051,3,7,Grady County                  ,13,13,2894113,0,0,0,0,0,0,0,0,0,12,12,2805980,0,0,0,0,0,0,0,0,0
201102,40,081,3,7,Lincoln County                ,3,3,813350,0,0,0,0,0,0,0,0,0,3,3,813350,0,0,0,0,0,0,0,0,0
201102,40,083,3,7,Logan County                  ,0,0,0,0,0,0,0,0,0,1,6,490382,0,0,0,0,0,0,0,0,0,1,6,490382
201102,40,087,3,7,McClain County                ,15,15,2351012,0,0,0,0,0,0,0,0,0,1,1,325000,0,0,0,0,0,0,0,0,0
201102,40,099,3,7,Murray County                 ,2,2,154000,0,0,0,0,0,0,0,0,0,2,2,154000,0,0,0,0,0,0,0,0,0
201102,40,109,3,7,Oklahoma County               ,294,294,53044377,3,6,524335,0,0,0,2,11,628050,101,101,23705758,2,4,357600,0,0,0,0,0,0
201102,40,111,3,7,Okmulgee County               ,0,0,0,0,0,0,0,0,0,0,0,0,0,0,0,0,0,0,0,0,0,0,0,0
201102,40,113,3,7,Osage County                  ,8,8,1244161,0,0,0,0,0,0,0,0,0,8,8,1244161,0,0,0,0,0,0,0,0,0
201102,40,117,3,7,Pawnee County                 ,0,0,0,0,0,0,0,0,0,0,0,0,0,0,0,0,0,0,0,0,0,0,0,0
201102,40,131,3,7,Rogers County                 ,28,28,4687333,0,0,0,0,0,0,0,0,0,28,28,4687333,0,0,0,0,0,0,0,0,0
201102,40,143,3,7,Tulsa County                  ,204,204,39885273,0,0,0,0,0,0,1,8,91000,200,200,39214937,0,0,0,0,0,0,1,8,91000
201102,40,145,3,7,Wagoner County                ,14,14,2211511,0,0,0,0,0,0,0,0,0,14,14,2211511,0,0,0,0,0,0,0,0,0
201102,41,000,4,9,Oregon Balance of State       ,12,12,1231701,0,0,0,0,0,0,0,0,0,12,12,1231701,0,0,0,0,0,0,0,0,0
201102,41,001,4,9,Baker County                  ,3,3,544098,0,0,0,0,0,0,0,0,0,3,3,544098,0,0,0,0,0,0,0,0,0
201102,41,005,4,9,Clackamas County              ,108,108,28031974,0,0,0,0,0,0,0,0,0,95,95,24286896,0,0,0,0,0,0,0,0,0
201102,41,009,4,9,Columbia County               ,9,9,1405104,0,0,0,0,0,0,0,0,0,5,5,694900,0,0,0,0,0,0,0,0,0
201102,41,017,4,9,Deschutes County              ,66,66,13353062,0,0,0,0,0,0,0,0,0,66,66,13353062,0,0,0,0,0,0,0,0,0
201102,41,019,4,9,Douglas County                ,13,13,3169638,0,0,0,0,0,0,0,0,0,13,13,3169638,0,0,0,0,0,0,0,0,0
201102,41,025,4,9,Harney County                 ,1,1,200927,0,0,0,0,0,0,0,0,0,0,0,0,0,0,0,0,0,0,0,0,0
201102,41,033,4,9,Josephine County              ,4,4,862602,0,0,0,0,0,0,0,0,0,4,4,862602,0,0,0,0,0,0,0,0,0
201102,41,035,4,9,Klamath County                ,4,4,794876,0,0,0,0,0,0,0,0,0,4,4,794876,0,0,0,0,0,0,0,0,0
201102,41,045,4,9,Malheur County                ,2,2,496360,0,0,0,0,0,0,0,0,0,2,2,496360,0,0,0,0,0,0,0,0,0
201102,41,051,4,9,Multnomah County              ,57,57,12547873,1,2,344392,0,0,0,3,30,2806281,46,46,10120548,1,2,344392,0,0,0,1,14,879606
201102,41,057,4,9,Tillamook County              ,12,12,3197765,1,2,199666,0,0,0,0,0,0,12,12,3197765,1,2,199666,0,0,0,0,0,0
201102,41,059,4,9,Umatilla County               ,4,4,786819,0,0,0,0,0,0,0,0,0,3,3,583175,0,0,0,0,0,0,0,0,0
201102,41,061,4,9,Union County                  ,2,2,410912,0,0,0,0,0,0,0,0,0,2,2,410912,0,0,0,0,0,0,0,0,0
201102,41,067,4,9,Washington County             ,169,169,36956795,0,0,0,3,9,1134924,1,20,1875331,169,169,36956795,0,0,0,3,9,1134924,1,20,1875331
201102,41,071,4,9,Yamhill County                ,30,30,6573563,0,0,0,0,0,0,0,0,0,25,25,5403984,0,0,0,0,0,0,0,0,0
201102,42,001,1,2,Adams County                  ,36,36,6477552,0,0,0,0,0,0,0,0,0,36,36,6477552,0,0,0,0,0,0,0,0,0
201102,42,003,1,2,Allegheny County              ,208,208,53199616,0,0,0,0,0,0,1,10,2159518,172,172,46044418,0,0,0,0,0,0,0,0,0
201102,42,005,1,2,Armstrong County              ,8,8,1055815,0,0,0,0,0,0,0,0,0,0,0,0,0,0,0,0,0,0,0,0,0
201102,42,007,1,2,Beaver County                 ,31,31,7193547,0,0,0,0,0,0,0,0,0,24,24,5682243,0,0,0,0,0,0,0,0,0
201102,42,017,1,2,Bucks County                  ,70,70,10821132,0,0,0,0,0,0,0,0,0,67,67,10195199,0,0,0,0,0,0,0,0,0
201102,42,019,1,2,Butler County                 ,80,80,19366413,0,0,0,1,4,208800,0,0,0,77,77,18833081,0,0,0,1,4,208800,0,0,0
201102,42,025,1,2,Carbon County                 ,33,33,5678818,0,0,0,0,0,0,0,0,0,30,30,5164628,0,0,0,0,0,0,0,0,0
201102,42,029,1,2,Chester County                ,123,123,24729627,0,0,0,0,0,0,0,0,0,102,102,20214073,0,0,0,0,0,0,0,0,0
201102,42,045,1,2,Delaware County               ,40,40,9429010,0,0,0,0,0,0,1,5,1481069,27,27,6478619,0,0,0,0,0,0,0,0,0
201102,42,051,1,2,Fayette County                ,26,26,5687399,0,0,0,0,0,0,0,0,0,2,2,280000,0,0,0,0,0,0,0,0,0
201102,42,055,1,2,Franklin County               ,61,61,8811307,0,0,0,0,0,0,1,5,250000,53,53,8066000,0,0,0,0,0,0,0,0,0
201102,42,065,1,2,Jefferson County              ,30,30,3285845,0,0,0,0,0,0,0,0,0,30,30,3285845,0,0,0,0,0,0,0,0,0
201102,42,077,1,2,Lehigh County                 ,86,86,12870128,0,0,0,0,0,0,0,0,0,80,80,11883415,0,0,0,0,0,0,0,0,0
201102,42,091,1,2,Montgomery County             ,70,70,11751607,1,2,203000,0,0,0,1,5,875000,57,57,8669580,1,2,203000,0,0,0,1,5,875000
201102,42,095,1,2,Northampton County            ,98,98,15825973,0,0,0,0,0,0,1,5,575632,91,91,14664071,0,0,0,0,0,0,0,0,0
201102,42,101,1,2,Philadelphia County           ,78,78,16530478,12,24,1560000,9,28,1125000,3,33,2100000,78,78,16530478,12,24,1560000,9,28,1125000,3,33,2100000
201102,42,103,1,2,Pike County                   ,30,30,8492559,0,0,0,0,0,0,0,0,0,28,28,8045063,0,0,0,0,0,0,0,0,0
201102,42,125,1,2,Washington County             ,68,68,19732214,0,0,0,2,7,969003,0,0,0,58,58,18100913,0,0,0,1,4,620000,0,0,0
201102,42,129,1,2,Westmoreland County           ,54,54,11277824,1,2,277342,0,0,0,0,0,0,33,33,6908295,1,2,277342,0,0,0,0,0,0
201102,44,001,1,1,Bristol County                ,6,6,1760620,0,0,0,0,0,0,0,0,0,6,6,1760620,0,0,0,0,0,0,0,0,0
201102,44,003,1,1,Kent County                   ,2,2,463820,0,0,0,0,0,0,0,0,0,2,2,463820,0,0,0,0,0,0,0,0,0
201102,44,005,1,1,Newport County                ,10,10,3394850,0,0,0,0,0,0,0,0,0,10,10,3394850,0,0,0,0,0,0,0,0,0
201102,44,007,1,1,Providence County             ,13,13,1831387,0,0,0,0,0,0,0,0,0,12,12,1666010,0,0,0,0,0,0,0,0,0
201102,44,009,1,1,Washington County             ,19,19,3538706,0,0,0,1,4,833080,0,0,0,12,12,2635670,0,0,0,0,0,0,0,0,0
201102,45,003,3,5,Aiken County                  ,104,104,19504439,0,0,0,0,0,0,0,0,0,92,92,18160249,0,0,0,0,0,0,0,0,0
201102,45,009,3,5,Bamberg County                ,0,0,0,0,0,0,0,0,0,0,0,0,0,0,0,0,0,0,0,0,0,0,0,0
201102,45,015,3,5,Berkeley County               ,146,146,21587858,0,0,0,0,0,0,0,0,0,140,140,20602172,0,0,0,0,0,0,0,0,0
201102,45,017,3,5,Calhoun County                ,3,3,386000,1,2,130000,0,0,0,0,0,0,3,3,386000,1,2,130000,0,0,0,0,0,0
201102,45,019,3,5,Charleston County             ,166,166,33524741,0,0,0,0,0,0,3,33,1619226,70,70,17155170,0,0,0,0,0,0,0,0,0
201102,45,035,3,5,Dorchester County             ,79,79,19873951,0,0,0,0,0,0,0,0,0,79,79,19873951,0,0,0,0,0,0,0,0,0
201102,45,039,3,5,Fairfield County              ,4,4,463990,0,0,0,0,0,0,0,0,0,0,0,0,0,0,0,0,0,0,0,0,0
201102,45,041,3,5,Florence County               ,34,34,4127406,3,6,305813,0,0,0,0,0,0,0,0,0,0,0,0,0,0,0,0,0,0
201102,45,045,3,5,Greenville County             ,172,172,39750931,0,0,0,0,0,0,0,0,0,170,170,39570943,0,0,0,0,0,0,0,0,0
201102,45,047,3,5,Greenwood County              ,6,6,830282,0,0,0,0,0,0,0,0,0,6,6,830282,0,0,0,0,0,0,0,0,0
201102,45,055,3,5,Kershaw County                ,26,26,3240933,0,0,0,0,0,0,0,0,0,25,25,3132279,0,0,0,0,0,0,0,0,0
201102,45,059,3,5,Laurens County                ,10,10,1284744,0,0,0,0,0,0,2,10,600000,10,10,1284744,0,0,0,0,0,0,0,0,0
201102,45,063,3,5,Lexington County              ,147,147,25928512,0,0,0,0,0,0,3,85,6527327,23,23,2814205,0,0,0,0,0,0,0,0,0
201102,45,077,3,5,Pickens County                ,63,63,14421308,0,0,0,0,0,0,0,0,0,55,55,13349732,0,0,0,0,0,0,0,0,0
201102,45,079,3,5,Richland County               ,137,137,15825019,0,0,0,0,0,0,2,34,1919058,29,29,3500912,0,0,0,0,0,0,0,0,0
201102,45,081,3,5,Saluda County                 ,7,7,1090373,0,0,0,0,0,0,0,0,0,7,7,1090373,0,0,0,0,0,0,0,0,0
201102,45,085,3,5,Sumter County                 ,61,61,6485472,0,0,0,0,0,0,0,0,0,61,61,6485472,0,0,0,0,0,0,0,0,0
201102,45,091,3,5,York County                   ,114,114,28997917,0,0,0,0,0,0,0,0,0,114,114,28997917,0,0,0,0,0,0,0,0,0
201102,46,005,2,4,Beadle County                 ,0,0,0,0,0,0,0,0,0,0,0,0,0,0,0,0,0,0,0,0,0,0,0,0
201102,46,069,2,4,Hyde County                   ,0,0,0,0,0,0,0,0,0,0,0,0,0,0,0,0,0,0,0,0,0,0,0,0
201102,46,121,2,4,Todd County                   ,0,0,0,0,0,0,0,0,0,0,0,0,0,0,0,0,0,0,0,0,0,0,0,0
201102,47,011,3,6,Bradley County                ,17,17,2391630,1,2,149250,6,23,963765,0,0,0,14,14,2082000,0,0,0,5,20,801000,0,0,0
201102,47,015,3,6,Cannon County                 ,3,3,447600,0,0,0,0,0,0,0,0,0,2,2,208000,0,0,0,0,0,0,0,0,0
201102,47,021,3,6,Cheatham County               ,7,7,1509507,0,0,0,0,0,0,1,21,1204860,6,6,1174000,0,0,0,0,0,0,0,0,0
201102,47,037,3,6,Davidson County               ,103,103,21142186,3,6,540390,1,4,284852,2,24,2600000,103,103,21142186,3,6,540390,1,4,284852,2,24,2600000
201102,47,039,3,6,Decatur County                ,0,0,0,0,0,0,0,0,0,0,0,0,0,0,0,0,0,0,0,0,0,0,0,0
201102,47,043,3,6,Dickson County                ,13,13,2347526,0,0,0,0,0,0,0,0,0,7,7,1327477,0,0,0,0,0,0,0,0,0
201102,47,047,3,6,Fayette County                ,12,12,3055037,0,0,0,0,0,0,0,0,0,5,5,1779000,0,0,0,0,0,0,0,0,0
201102,47,063,3,6,Hamblen County                ,7,7,792656,0,0,0,0,0,0,0,0,0,3,3,385000,0,0,0,0,0,0,0,0,0
201102,47,071,3,6,Hardin County                 ,1,1,70000,0,0,0,0,0,0,0,0,0,1,1,70000,0,0,0,0,0,0,0,0,0
201102,47,081,3,6,Hickman County                ,0,0,0,0,0,0,0,0,0,0,0,0,0,0,0,0,0,0,0,0,0,0,0,0
201102,47,091,3,6,Johnson County                ,0,0,0,0,0,0,0,0,0,0,0,0,0,0,0,0,0,0,0,0,0,0,0,0
201102,47,093,3,6,Knox County                   ,119,119,18049761,1,2,134476,1,4,698690,1,28,1421182,73,73,11321243,0,0,0,1,4,698690,0,0,0
201102,47,111,3,6,Macon County                  ,1,1,60000,1,2,60000,0,0,0,0,0,0,1,1,60000,1,2,60000,0,0,0,0,0,0
201102,47,113,3,6,Madison County                ,15,15,3405000,0,0,0,0,0,0,0,0,0,15,15,3405000,0,0,0,0,0,0,0,0,0
201102,47,125,3,6,Montgomery County             ,145,145,16510762,0,0,0,3,11,475000,0,0,0,145,145,16510762,0,0,0,3,11,475000,0,0,0
201102,47,141,3,6,Putnam County                 ,27,27,3175078,0,0,0,3,10,930240,0,0,0,27,27,3175078,0,0,0,3,10,930240,0,0,0
201102,47,147,3,6,Robertson County              ,16,16,2002740,0,0,0,0,0,0,0,0,0,14,14,1642492,0,0,0,0,0,0,0,0,0
201102,47,149,3,6,Rutherford County             ,133,133,23669237,0,0,0,0,0,0,0,0,0,122,122,22024988,0,0,0,0,0,0,0,0,0
201102,47,157,3,6,Shelby County                 ,115,115,22815650,0,0,0,0,0,0,0,0,0,115,115,22815650,0,0,0,0,0,0,0,0,0
201102,47,159,3,6,Smith County                  ,3,3,447080,0,0,0,0,0,0,0,0,0,2,2,347080,0,0,0,0,0,0,0,0,0
201102,47,165,3,6,Sumner County                 ,61,61,9528497,0,0,0,0,0,0,0,0,0,55,55,8843497,0,0,0,0,0,0,0,0,0
201102,47,167,3,6,Tipton County                 ,11,11,1353896,0,0,0,0,0,0,0,0,0,8,8,951800,0,0,0,0,0,0,0,0,0
201102,47,169,3,6,Trousdale County              ,4,4,333600,0,0,0,0,0,0,0,0,0,4,4,333600,0,0,0,0,0,0,0,0,0
201102,47,179,3,6,Washington County             ,43,43,6644418,0,0,0,0,0,0,0,0,0,17,17,2924847,0,0,0,0,0,0,0,0,0
201102,47,187,3,6,Williamson County             ,106,106,25809192,0,0,0,0,0,0,0,0,0,105,105,25468567,0,0,0,0,0,0,0,0,0
201102,47,189,3,6,Wilson County                 ,58,58,9399961,0,0,0,0,0,0,0,0,0,58,58,9399961,0,0,0,0,0,0,0,0,0
201102,48,013,3,7,Atascosa County               ,17,17,1560197,0,0,0,0,0,0,0,0,0,15,15,1260000,0,0,0,0,0,0,0,0,0
201102,48,015,3,7,Austin County                 ,5,5,650124,0,0,0,0,0,0,0,0,0,4,4,470000,0,0,0,0,0,0,0,0,0
201102,48,019,3,7,Bandera County                ,0,0,0,0,0,0,0,0,0,0,0,0,0,0,0,0,0,0,0,0,0,0,0,0
201102,48,021,3,7,Bastrop County                ,9,9,643094,0,0,0,0,0,0,0,0,0,9,9,643094,0,0,0,0,0,0,0,0,0
201102,48,029,3,7,Bexar County                  ,363,363,61892647,2,4,433720,0,0,0,5,51,6175636,329,329,56799610,2,4,433720,0,0,0,4,46,5109901
201102,48,039,3,7,Brazoria County               ,210,210,38637012,0,0,0,0,0,0,0,0,0,205,205,37964588,0,0,0,0,0,0,0,0,0
201102,48,041,3,7,Brazos County                 ,80,80,12373514,0,0,0,4,16,1401708,17,318,13615753,80,80,12373514,0,0,0,4,16,1401708,17,318,13615753
201102,48,055,3,7,Caldwell County               ,1,1,123020,0,0,0,0,0,0,2,10,489584,0,0,0,0,0,0,0,0,0,0,0,0
201102,48,063,3,7,Camp County                   ,0,0,0,0,0,0,0,0,0,0,0,0,0,0,0,0,0,0,0,0,0,0,0,0
201102,48,071,3,7,Chambers County               ,34,34,5785585,0,0,0,0,0,0,0,0,0,34,34,5785585,0,0,0,0,0,0,0,0,0
201102,48,085,3,7,Collin County                 ,622,622,178266566,0,0,0,0,0,0,0,0,0,618,618,176563754,0,0,0,0,0,0,0,0,0
201102,48,091,3,7,Comal County                  ,123,123,28615855,0,0,0,0,0,0,0,0,0,76,76,22119720,0,0,0,0,0,0,0,0,0
201102,48,113,3,7,Dallas County                 ,320,320,91163324,0,0,0,0,0,0,24,1439,103282111,303,303,88189771,0,0,0,0,0,0,22,1411,101941333
201102,48,117,3,7,Deaf Smith County             ,1,1,120000,0,0,0,0,0,0,0,0,0,1,1,120000,0,0,0,0,0,0,0,0,0
201102,48,119,3,7,Delta County                  ,0,0,0,0,0,0,0,0,0,0,0,0,0,0,0,0,0,0,0,0,0,0,0,0
201102,48,121,3,7,Denton County                 ,176,176,49541816,1,2,254172,0,0,0,1,5,267778,155,155,44150158,1,2,254172,0,0,0,0,0,0
201102,48,133,3,7,Eastland County               ,1,1,60000,0,0,0,0,0,0,0,0,0,1,1,60000,0,0,0,0,0,0,0,0,0
201102,48,135,3,7,Ector County                  ,35,35,5579820,0,0,0,0,0,0,0,0,0,35,35,5579820,0,0,0,0,0,0,0,0,0
201102,48,139,3,7,Ellis County                  ,70,70,11095071,0,0,0,0,0,0,0,0,0,67,67,10560005,0,0,0,0,0,0,0,0,0
201102,48,157,3,7,Fort Bend County              ,724,724,138244342,0,0,0,0,0,0,0,0,0,721,721,137647254,0,0,0,0,0,0,0,0,0
201102,48,167,3,7,Galveston County              ,229,229,44887167,1,2,159924,0,0,0,0,0,0,188,188,38237923,0,0,0,0,0,0,0,0,0
201102,48,187,3,7,Guadalupe County              ,80,80,15686330,0,0,0,0,0,0,0,0,0,80,80,15686330,0,0,0,0,0,0,0,0,0
201102,48,201,3,7,Harris County                 ,1419,1419,257071609,4,8,1258542,2,6,300000,2,29,4500000,1405,1405,252752655,4,8,1258542,2,6,300000,2,29,4500000
201102,48,209,3,7,Hays County                   ,125,125,19955711,2,4,619728,0,0,0,14,418,19181846,73,73,11080760,2,4,619728,0,0,0,12,396,17862780
201102,48,215,3,7,Hidalgo County                ,447,447,61533693,2,4,411810,8,31,2288297,0,0,0,435,435,60787364,2,4,411810,8,31,2288297,0,0,0
201102,48,231,3,7,Hunt County                   ,3,3,551237,0,0,0,0,0,0,0,0,0,3,3,551237,0,0,0,0,0,0,0,0,0
201102,48,233,3,7,Hutchinson County             ,0,0,0,0,0,0,0,0,0,0,0,0,0,0,0,0,0,0,0,0,0,0,0,0
201102,48,251,3,7,Johnson County                ,72,72,10142503,0,0,0,0,0,0,0,0,0,14,14,1693759,0,0,0,0,0,0,0,0,0
201102,48,257,3,7,Kaufman County                ,25,25,4293580,0,0,0,1,4,95655,0,0,0,24,24,4156738,0,0,0,1,4,95655,0,0,0
201102,48,259,3,7,Kendall County                ,35,35,7820774,0,0,0,0,0,0,0,0,0,23,23,5253250,0,0,0,0,0,0,0,0,0
201102,48,271,3,7,Kinney County                 ,0,0,0,0,0,0,0,0,0,0,0,0,0,0,0,0,0,0,0,0,0,0,0,0
201102,48,291,3,7,Liberty County                ,20,20,2091210,0,0,0,0,0,0,0,0,0,18,18,1833115,0,0,0,0,0,0,0,0,0
201102,48,307,3,7,McCulloch County              ,0,0,0,0,0,0,0,0,0,0,0,0,0,0,0,0,0,0,0,0,0,0,0,0
201102,48,323,3,7,Maverick County               ,9,9,565947,0,0,0,0,0,0,0,0,0,9,9,565947,0,0,0,0,0,0,0,0,0
201102,48,325,3,7,Medina County                 ,4,4,881194,0,0,0,0,0,0,0,0,0,3,3,754990,0,0,0,0,0,0,0,0,0
201102,48,329,3,7,Midland County                ,53,53,10596720,0,0,0,0,0,0,0,0,0,53,53,10596720,0,0,0,0,0,0,0,0,0
201102,48,339,3,7,Montgomery County             ,401,401,97535724,0,0,0,0,0,0,12,300,15363000,394,394,96379092,0,0,0,0,0,0,12,300,15363000
201102,48,353,3,7,Nolan County                  ,0,0,0,0,0,0,0,0,0,0,0,0,0,0,0,0,0,0,0,0,0,0,0,0
201102,48,359,3,7,Oldham County                 ,1,1,320000,0,0,0,0,0,0,0,0,0,1,1,320000,0,0,0,0,0,0,0,0,0
201102,48,367,3,7,Parker County                 ,12,12,1773529,0,0,0,0,0,0,0,0,0,11,11,1637529,0,0,0,0,0,0,0,0,0
201102,48,375,3,7,Potter County                 ,71,71,17281019,0,0,0,0,0,0,0,0,0,71,71,17281019,0,0,0,0,0,0,0,0,0
201102,48,383,3,7,Reagan County                 ,0,0,0,0,0,0,0,0,0,0,0,0,0,0,0,0,0,0,0,0,0,0,0,0
201102,48,385,3,7,Real County                   ,0,0,0,0,0,0,0,0,0,0,0,0,0,0,0,0,0,0,0,0,0,0,0,0
201102,48,397,3,7,Rockwall County               ,58,58,14525257,0,0,0,0,0,0,0,0,0,58,58,14525257,0,0,0,0,0,0,0,0,0
201102,48,407,3,7,San Jacinto County            ,0,0,0,0,0,0,0,0,0,0,0,0,0,0,0,0,0,0,0,0,0,0,0,0
201102,48,435,3,7,Sutton County                 ,0,0,0,0,0,0,0,0,0,0,0,0,0,0,0,0,0,0,0,0,0,0,0,0
201102,48,437,3,7,Swisher County                ,0,0,0,0,0,0,0,0,0,0,0,0,0,0,0,0,0,0,0,0,0,0,0,0
201102,48,439,3,7,Tarrant County                ,497,497,97724746,2,4,483538,0,0,0,6,137,5903617,458,458,87759776,1,2,317100,0,0,0,5,120,4100960
201102,48,451,3,7,Tom Green County              ,20,20,3440858,0,0,0,0,0,0,0,0,0,20,20,3440858,0,0,0,0,0,0,0,0,0
201102,48,453,3,7,Travis County                 ,444,444,78504692,0,0,0,1,4,550000,1,7,2184768,436,436,77085182,0,0,0,1,4,550000,1,7,2184768
201102,48,463,3,7,Uvalde County                 ,3,3,98000,0,0,0,1,3,140000,0,0,0,3,3,98000,0,0,0,1,3,140000,0,0,0
201102,48,469,3,7,Victoria County               ,6,6,930688,0,0,0,0,0,0,0,0,0,0,0,0,0,0,0,0,0,0,0,0,0
201102,48,471,3,7,Walker County                 ,8,8,1566372,0,0,0,0,0,0,0,0,0,8,8,1566372,0,0,0,0,0,0,0,0,0
201102,48,473,3,7,Waller County                 ,2,2,189715,0,0,0,0,0,0,2,10,221806,1,1,100000,0,0,0,0,0,0,0,0,0
201102,48,479,3,7,Webb County                   ,97,97,12639997,0,0,0,1,4,384558,1,5,257970,50,50,6395640,0,0,0,0,0,0,0,0,0
201102,48,491,3,7,Williamson County             ,270,270,46919611,0,0,0,0,0,0,0,0,0,239,239,43670096,0,0,0,0,0,0,0,0,0
201102,48,493,3,7,Wilson County                 ,2,2,297682,0,0,0,1,3,241771,0,0,0,0,0,0,0,0,0,0,0,0,0,0,0
201102,48,497,3,7,Wise County                   ,4,4,688000,0,0,0,0,0,0,0,0,0,4,4,688000,0,0,0,0,0,0,0,0,0
201102,49,009,4,8,Daggett County                ,1,1,122451,0,0,0,0,0,0,0,0,0,0,0,0,0,0,0,0,0,0,0,0,0
201102,49,019,4,8,Grand County                  ,4,4,1132403,0,0,0,0,0,0,0,0,0,4,4,1132403,0,0,0,0,0,0,0,0,0
201102,49,021,4,8,Iron County                   ,7,7,1225734,0,0,0,1,3,1909012,0,0,0,3,3,399940,0,0,0,0,0,0,0,0,0
201102,49,033,4,8,Rich County                   ,3,3,462477,0,0,0,0,0,0,0,0,0,1,1,254000,0,0,0,0,0,0,0,0,0
201102,49,035,4,8,Salt Lake County              ,213,213,46112392,1,2,198463,1,4,567065,5,94,8271402,199,199,44149571,0,0,0,1,4,567065,2,77,7281460
201102,49,039,4,8,Sanpete County                ,0,0,0,0,0,0,0,0,0,0,0,0,0,0,0,0,0,0,0,0,0,0,0,0
201102,49,043,4,8,Summit County                 ,6,6,3162698,0,0,0,0,0,0,0,0,0,6,6,3162698,0,0,0,0,0,0,0,0,0
201102,49,045,4,8,Tooele County                 ,19,19,3009455,0,0,0,0,0,0,4,24,1450000,19,19,3009455,0,0,0,0,0,0,4,24,1450000
201102,49,051,4,8,Wasatch County                ,11,11,3634750,0,0,0,0,0,0,0,0,0,10,10,3257269,0,0,0,0,0,0,0,0,0
201102,51,003,3,5,Albemarle County              ,54,54,12541406,0,0,0,0,0,0,0,0,0,54,54,12541406,0,0,0,0,0,0,0,0,0
201102,51,007,3,5,Amelia County                 ,2,2,414810,0,0,0,0,0,0,0,0,0,2,2,414810,0,0,0,0,0,0,0,0,0
201102,51,013,3,5,Arlington County              ,40,40,11015300,0,0,0,0,0,0,2,321,7304790,40,40,11015300,0,0,0,0,0,0,2,321,7304790
201102,51,015,3,5,Augusta County                ,14,14,2938000,0,0,0,0,0,0,0,0,0,14,14,2938000,0,0,0,0,0,0,0,0,0
201102,51,019,3,5,Bedford County                ,25,25,6266500,0,0,0,0,0,0,1,24,500000,25,25,6266500,0,0,0,0,0,0,1,24,500000
201102,51,023,3,5,Botetourt County              ,10,10,1664875,0,0,0,0,0,0,0,0,0,10,10,1664875,0,0,0,0,0,0,0,0,0
201102,51,031,3,5,Campbell County               ,14,14,2775260,0,0,0,0,0,0,0,0,0,14,14,2775260,0,0,0,0,0,0,0,0,0
201102,51,033,3,5,Caroline County               ,7,7,1021912,0,0,0,0,0,0,0,0,0,7,7,1021912,0,0,0,0,0,0,0,0,0
201102,51,036,3,5,Charles City County           ,3,3,367121,0,0,0,0,0,0,0,0,0,0,0,0,0,0,0,0,0,0,0,0,0
201102,51,037,3,5,Charlotte County              ,4,4,348574,0,0,0,0,0,0,0,0,0,4,4,348574,0,0,0,0,0,0,0,0,0
201102,51,041,3,5,Chesterfield County           ,78,78,13623056,0,0,0,2,7,1475000,0,0,0,78,78,13623056,0,0,0,2,7,1475000,0,0,0
201102,51,043,3,5,Clarke County                 ,2,2,1634000,0,0,0,0,0,0,0,0,0,2,2,1634000,0,0,0,0,0,0,0,0,0
201102,51,047,3,5,Culpeper County               ,31,31,6338205,0,0,0,0,0,0,0,0,0,31,31,6338205,0,0,0,0,0,0,0,0,0
201102,51,049,3,5,Cumberland County             ,5,5,597700,0,0,0,0,0,0,0,0,0,5,5,597700,0,0,0,0,0,0,0,0,0
201102,51,053,3,5,Dinwiddie County              ,17,17,2124409,0,0,0,0,0,0,0,0,0,0,0,0,0,0,0,0,0,0,0,0,0
201102,51,059,3,5,Fairfax County                ,139,139,24182226,0,0,0,0,0,0,0,0,0,139,139,24182226,0,0,0,0,0,0,0,0,0
201102,51,061,3,5,Fauquier County               ,12,12,3214446,0,0,0,0,0,0,0,0,0,12,12,3214446,0,0,0,0,0,0,0,0,0
201102,51,065,3,5,Fluvanna County               ,11,11,1997000,0,0,0,0,0,0,0,0,0,11,11,1997000,0,0,0,0,0,0,0,0,0
201102,51,067,3,5,Franklin County               ,9,9,1463000,0,0,0,0,0,0,0,0,0,9,9,1463000,0,0,0,0,0,0,0,0,0
201102,51,069,3,5,Frederick County              ,25,25,4651235,0,0,0,0,0,0,0,0,0,25,25,4651235,0,0,0,0,0,0,0,0,0
201102,51,073,3,5,Gloucester County             ,17,17,2424838,0,0,0,0,0,0,0,0,0,17,17,2424838,0,0,0,0,0,0,0,0,0
201102,51,075,3,5,Goochland County              ,9,9,1310333,0,0,0,0,0,0,0,0,0,9,9,1310333,0,0,0,0,0,0,0,0,0
201102,51,079,3,5,Greene County                 ,13,13,2822164,0,0,0,0,0,0,0,0,0,6,6,1321911,0,0,0,0,0,0,0,0,0
201102,51,085,3,5,Hanover County                ,57,57,9751693,0,0,0,0,0,0,0,0,0,57,57,9751693,0,0,0,0,0,0,0,0,0
201102,51,087,3,5,Henrico County                ,82,82,14319238,0,0,0,0,0,0,1,27,1643463,82,82,14319238,0,0,0,0,0,0,1,27,1643463
201102,51,093,3,5,Isle of Wight County          ,17,17,3878613,0,0,0,0,0,0,0,0,0,8,8,2061200,0,0,0,0,0,0,0,0,0
201102,51,095,3,5,James City County             ,51,51,9856717,0,0,0,0,0,0,0,0,0,51,51,9856717,0,0,0,0,0,0,0,0,0
201102,51,097,3,5,King and Queen County         ,3,3,457175,0,0,0,0,0,0,0,0,0,3,3,457175,0,0,0,0,0,0,0,0,0
201102,51,099,3,5,King George County            ,14,14,2457863,0,0,0,0,0,0,0,0,0,14,14,2457863,0,0,0,0,0,0,0,0,0
201102,51,101,3,5,King William County           ,5,5,643500,0,0,0,0,0,0,0,0,0,5,5,643500,0,0,0,0,0,0,0,0,0
201102,51,107,3,5,Loudoun County                ,300,300,52062061,0,0,0,0,0,0,4,367,29377755,300,300,52062061,0,0,0,0,0,0,4,367,29377755
201102,51,109,3,5,Louisa County                 ,13,13,2702684,0,0,0,0,0,0,0,0,0,13,13,2702684,0,0,0,0,0,0,0,0,0
201102,51,115,3,5,Mathews County                ,4,4,651000,0,0,0,0,0,0,0,0,0,4,4,651000,0,0,0,0,0,0,0,0,0
201102,51,119,3,5,Middlesex County              ,2,2,350000,0,0,0,0,0,0,0,0,0,2,2,350000,0,0,0,0,0,0,0,0,0
201102,51,127,3,5,New Kent County               ,17,17,3162062,0,0,0,0,0,0,0,0,0,17,17,3162062,0,0,0,0,0,0,0,0,0
201102,51,137,3,5,Orange County                 ,14,14,2604000,0,0,0,0,0,0,0,0,0,14,14,2604000,0,0,0,0,0,0,0,0,0
201102,51,143,3,5,Pittsylvania County           ,9,9,1117722,0,0,0,0,0,0,2,10,590250,0,0,0,0,0,0,0,0,0,0,0,0
201102,51,145,3,5,Powhatan County               ,5,5,1146000,0,0,0,0,0,0,0,0,0,5,5,1146000,0,0,0,0,0,0,0,0,0
201102,51,149,3,5,Prince George County          ,7,7,1163830,0,0,0,0,0,0,0,0,0,7,7,1163830,0,0,0,0,0,0,0,0,0
201102,51,153,3,5,Prince William County         ,169,169,27908331,0,0,0,0,0,0,0,0,0,168,168,27724998,0,0,0,0,0,0,0,0,0
201102,51,157,3,5,Rappahannock County           ,2,2,580768,0,0,0,0,0,0,0,0,0,0,0,0,0,0,0,0,0,0,0,0,0
201102,51,161,3,5,Roanoke County                ,32,32,4924479,0,0,0,0,0,0,0,0,0,32,32,4924479,0,0,0,0,0,0,0,0,0
201102,51,163,3,5,Rockbridge County             ,5,5,683000,0,0,0,0,0,0,0,0,0,5,5,683000,0,0,0,0,0,0,0,0,0
201102,51,165,3,5,Rockingham County             ,36,36,5585000,0,0,0,0,0,0,0,0,0,36,36,5585000,0,0,0,0,0,0,0,0,0
201102,51,169,3,5,Scott County                  ,3,3,387130,0,0,0,0,0,0,0,0,0,0,0,0,0,0,0,0,0,0,0,0,0
201102,51,171,3,5,Shenandoah County             ,7,7,1025000,0,0,0,0,0,0,0,0,0,7,7,1025000,0,0,0,0,0,0,0,0,0
201102,51,177,3,5,Spotsylvania County           ,35,35,8071056,0,0,0,0,0,0,0,0,0,0,0,0,0,0,0,0,0,0,0,0,0
201102,51,179,3,5,Stafford County               ,68,68,11800734,0,0,0,0,0,0,0,0,0,68,68,11800734,0,0,0,0,0,0,0,0,0
201102,51,181,3,5,Surry County                  ,2,2,294234,0,0,0,0,0,0,0,0,0,2,2,294234,0,0,0,0,0,0,0,0,0
201102,51,183,3,5,Sussex County                 ,4,4,538400,0,0,0,0,0,0,0,0,0,0,0,0,0,0,0,0,0,0,0,0,0
201102,51,187,3,5,Warren County                 ,6,6,985000,0,0,0,0,0,0,0,0,0,6,6,985000,0,0,0,0,0,0,0,0,0
201102,51,199,3,5,York County                   ,9,9,1807701,0,0,0,0,0,0,0,0,0,9,9,1807701,0,0,0,0,0,0,0,0,0
201102,51,510,3,5,Alexandria (Independent City) ,5,5,1215915,0,0,0,0,0,0,2,32,4767765,0,0,0,0,0,0,0,0,0,0,0,0
201102,51,530,3,5,Buena Vista (Independent City),0,0,0,0,0,0,0,0,0,0,0,0,0,0,0,0,0,0,0,0,0,0,0,0
201102,51,550,3,5,Chesapeake(Independent City)  ,91,91,22640602,0,0,0,0,0,0,0,0,0,91,91,22640602,0,0,0,0,0,0,0,0,0
201102,51,570,3,5,Colonial Heights (Independent ,0,0,0,0,0,0,0,0,0,0,0,0,0,0,0,0,0,0,0,0,0,0,0,0
201102,51,580,3,5,Covington (Independent City)  ,0,0,0,0,0,0,0,0,0,0,0,0,0,0,0,0,0,0,0,0,0,0,0,0
201102,51,600,3,5,Fairfax (Independent City)    ,12,12,1844000,0,0,0,0,0,0,0,0,0,12,12,1844000,0,0,0,0,0,0,0,0,0
201102,51,610,3,5,Falls Church (Independent City,1,1,300000,0,0,0,0,0,0,0,0,0,1,1,300000,0,0,0,0,0,0,0,0,0
201102,51,630,3,5,Fredericksburg(Independent Cit,16,16,2488000,0,0,0,0,0,0,0,0,0,16,16,2488000,0,0,0,0,0,0,0,0,0
201102,51,650,3,5,Hampton (Independent City)    ,27,27,7269538,0,0,0,0,0,0,10,109,3678918,18,18,5232587,0,0,0,0,0,0,8,54,1308658
201102,51,660,3,5,Harrisonburg (Independent City,0,0,0,0,0,0,0,0,0,0,0,0,0,0,0,0,0,0,0,0,0,0,0,0
201102,51,670,3,5,Hopewell (Independent City)   ,7,7,646326,0,0,0,0,0,0,0,0,0,7,7,646326,0,0,0,0,0,0,0,0,0
201102,51,680,3,5,Lynchburg (Independent City)  ,8,8,1208768,0,0,0,0,0,0,0,0,0,8,8,1208768,0,0,0,0,0,0,0,0,0
201102,51,683,3,5,Manassas (Independent City)   ,3,3,341499,0,0,0,0,0,0,0,0,0,0,0,0,0,0,0,0,0,0,0,0,0
201102,51,685,3,5,Manassas Park (Independent Cit,0,0,0,0,0,0,0,0,0,0,0,0,0,0,0,0,0,0,0,0,0,0,0,0
201102,51,700,3,5,Newport News (Independent City,11,11,712267,0,0,0,0,0,0,0,0,0,11,11,712267,0,0,0,0,0,0,0,0,0
201102,51,710,3,5,Norfolk (Independent City)    ,35,35,6073907,1,2,150000,0,0,0,9,180,10493516,35,35,6073907,1,2,150000,0,0,0,9,180,10493516
201102,51,730,3,5,Petersburg (Independent City) ,6,6,506467,0,0,0,1,4,357143,1,16,482571,2,2,144737,0,0,0,0,0,0,0,0,0
201102,51,735,3,5,Poquoson (Independent City)   ,1,1,136500,0,0,0,0,0,0,0,0,0,1,1,136500,0,0,0,0,0,0,0,0,0
201102,51,740,3,5,Portsmouth (Independent City) ,4,4,694161,0,0,0,0,0,0,0,0,0,4,4,694161,0,0,0,0,0,0,0,0,0
201102,51,760,3,5,Richmond (Independent City)   ,18,18,2538107,0,0,0,0,0,0,0,0,0,18,18,2538107,0,0,0,0,0,0,0,0,0
201102,51,770,3,5,Roanoke (Independent City)    ,6,6,590543,0,0,0,0,0,0,0,0,0,6,6,590543,0,0,0,0,0,0,0,0,0
201102,51,800,3,5,Suffolk (Independent City)    ,35,35,6073907,0,0,0,0,0,0,0,0,0,35,35,6073907,0,0,0,0,0,0,0,0,0
201102,51,810,3,5,Virginia Beach (Independent Ci,93,93,17367980,1,2,280000,0,0,0,0,0,0,93,93,17367980,1,2,280000,0,0,0,0,0,0
201102,51,830,3,5,Williamsburg (Independent City,3,3,500000,0,0,0,0,0,0,0,0,0,3,3,500000,0,0,0,0,0,0,0,0,0
201102,53,011,4,9,Clark County                  ,90,90,21469317,0,0,0,0,0,0,1,76,5714800,90,90,21469317,0,0,0,0,0,0,1,76,5714800
201102,53,033,4,9,King County                   ,378,378,96123497,3,6,906528,8,27,4187597,4,21,2616568,361,361,90704895,3,6,906528,7,24,3703597,1,5,807149
201102,53,041,4,9,Lewis County                  ,8,8,1323833,0,0,0,0,0,0,0,0,0,8,8,1323833,0,0,0,0,0,0,0,0,0
201102,53,053,4,9,Pierce County                 ,269,269,64604371,2,4,662538,0,0,0,3,54,5900885,269,269,64604371,2,4,662538,0,0,0,3,54,5900885
201102,53,059,4,9,Skamania County               ,2,2,377773,0,0,0,0,0,0,0,0,0,2,2,377773,0,0,0,0,0,0,0,0,0
201102,53,061,4,9,Snohomish County              ,325,325,73049488,3,6,1020396,0,0,0,1,8,860000,323,323,72537620,3,6,1020396,0,0,0,1,8,860000
201102,54,037,3,5,Jefferson County              ,20,20,5534000,0,0,0,0,0,0,0,0,0,20,20,5534000,0,0,0,0,0,0,0,0,0
201102,55,021,2,3,Columbia County               ,5,5,950563,0,0,0,0,0,0,0,0,0,3,3,683000,0,0,0,0,0,0,0,0,0
201102,55,025,2,3,Dane County                   ,89,89,22386370,1,2,480000,0,0,0,5,91,10417817,64,64,17852352,0,0,0,0,0,0,3,33,4248000
201102,55,031,2,3,Douglas County                ,3,3,399000,0,0,0,0,0,0,0,0,0,3,3,399000,0,0,0,0,0,0,0,0,0
201102,55,037,2,3,Florence County               ,1,1,51925,0,0,0,0,0,0,0,0,0,0,0,0,0,0,0,0,0,0,0,0,0
201102,55,049,2,3,Iowa County                   ,0,0,0,0,0,0,0,0,0,0,0,0,0,0,0,0,0,0,0,0,0,0,0,0
201102,55,059,2,3,Kenosha County                ,10,10,2770825,0,0,0,0,0,0,1,60,3625000,9,9,2427000,0,0,0,0,0,0,1,60,3625000
201102,55,079,2,3,Milwaukee County              ,33,33,6145715,7,14,2275000,0,0,0,2,112,8619962,33,33,6145715,7,14,2275000,0,0,0,2,112,8619962
201102,55,089,2,3,Ozaukee County                ,11,11,3295106,0,0,0,0,0,0,0,0,0,7,7,1571800,0,0,0,0,0,0,0,0,0
201102,55,093,2,3,Pierce County                 ,3,3,515000,0,0,0,0,0,0,0,0,0,3,3,515000,0,0,0,0,0,0,0,0,0
201102,55,109,2,3,St. Croix County              ,8,8,1547270,0,0,0,0,0,0,1,32,2965500,7,7,1329650,0,0,0,0,0,0,1,32,2965500
201102,55,113,2,3,Sawyer County                 ,4,4,368000,0,0,0,0,0,0,0,0,0,4,4,368000,0,0,0,0,0,0,0,0,0
201102,55,131,2,3,Washington County             ,10,10,2842559,1,2,290000,0,0,0,0,0,0,6,6,1396900,1,2,290000,0,0,0,0,0,0
201102,55,133,2,3,Waukesha County               ,67,67,22005233,0,0,0,0,0,0,0,0,0,63,63,20535092,0,0,0,0,0,0,0,0,0
201102,56,019,4,8,Johnson County                ,0,0,0,0,0,0,0,0,0,0,0,0,0,0,0,0,0,0,0,0,0,0,0,0
201102,56,039,4,8,Teton County                  ,4,4,905218,0,0,0,0,0,0,1,5,428316,2,2,499000,0,0,0,0,0,0,0,0,0
