Survey,FIPS,FIPS,Region,Division,County,,1-unit,,,2-units,,,3-4 units,,,5+ units,,,1-unit rep,,,2-units rep,,,3-4 units rep,,, 5+units rep
Date,State,County,Code,Code,Name,Bldgs,Units,Value,Bldgs,Units,Value,Bldgs,Units,Value,Bldgs,Units,Value,Bldgs,Units,Value,Bldgs,Units,Value,Bldgs,Units,Value,Bldgs,Units,Value
 
201104,01,001,3,6,Autauga County                ,44,44,10030635,0,0,0,0,0,0,0,0,0,44,44,10030635,0,0,0,0,0,0,0,0,0
201104,01,007,3,6,Bibb County                   ,3,3,449720,0,0,0,0,0,0,0,0,0,2,2,260000,0,0,0,0,0,0,0,0,0
201104,01,009,3,6,Blount County                 ,1,1,578900,0,0,0,0,0,0,0,0,0,1,1,578900,0,0,0,0,0,0,0,0,0
201104,01,021,3,6,Chilton County                ,6,6,734917,0,0,0,0,0,0,0,0,0,5,5,600000,0,0,0,0,0,0,0,0,0
201104,01,037,3,6,Coosa County                  ,0,0,0,0,0,0,0,0,0,0,0,0,0,0,0,0,0,0,0,0,0,0,0,0
201104,01,073,3,6,Jefferson County              ,329,329,58115412,0,0,0,0,0,0,1,27,2757124,224,224,35599003,0,0,0,0,0,0,0,0,0
201104,01,081,3,6,Lee County                    ,167,167,36777632,1,2,145125,0,0,0,0,0,0,167,167,36777632,1,2,145125,0,0,0,0,0,0
201104,01,115,3,6,St. Clair County              ,37,37,3962440,0,0,0,0,0,0,0,0,0,37,37,3962440,0,0,0,0,0,0,0,0,0
201104,01,117,3,6,Shelby County                 ,145,145,23984041,0,0,0,0,0,0,0,0,0,78,78,11369261,0,0,0,0,0,0,0,0,0
201104,01,127,3,6,Walker County                 ,4,4,600000,0,0,0,0,0,0,0,0,0,4,4,600000,0,0,0,0,0,0,0,0,0
201104,02,000,4,9,Alaska Balance of State       ,16,16,3995936,0,0,0,0,0,0,0,0,0,0,0,0,0,0,0,0,0,0,0,0,0
201104,02,013,4,9,Aleutians East Borough        ,0,0,0,0,0,0,0,0,0,0,0,0,0,0,0,0,0,0,0,0,0,0,0,0
201104,02,016,4,9,Aleutians West Census Area    ,0,0,0,0,0,0,0,0,0,0,0,0,0,0,0,0,0,0,0,0,0,0,0,0
201104,02,020,4,9,Anchorage Borough             ,112,112,32989692,1,2,376791,0,0,0,5,55,9374814,112,112,32989692,1,2,376791,0,0,0,5,55,9374814
201104,02,050,4,9,Bethel Census Area            ,1,1,228125,0,0,0,0,0,0,0,0,0,0,0,0,0,0,0,0,0,0,0,0,0
201104,02,060,4,9,Bristol Bay Borough           ,0,0,0,0,0,0,0,0,0,0,0,0,0,0,0,0,0,0,0,0,0,0,0,0
201104,02,090,4,9,Fairbanks North Star Borough  ,10,10,1834208,0,0,0,1,4,782000,0,0,0,0,0,0,0,0,0,1,4,782000,0,0,0
201104,02,100,4,9,Haines Borough                ,0,0,0,0,0,0,0,0,0,0,0,0,0,0,0,0,0,0,0,0,0,0,0,0
201104,02,110,4,9,Juneau Borough                ,15,15,3085973,0,0,0,0,0,0,0,0,0,15,15,3085973,0,0,0,0,0,0,0,0,0
201104,02,122,4,9,Kenai Peninsula Borough       ,8,8,1785902,1,2,350000,0,0,0,0,0,0,2,2,324980,1,2,350000,0,0,0,0,0,0
201104,02,130,4,9,Ketchikan Gateway Borough     ,5,5,1081513,0,0,0,0,0,0,0,0,0,2,2,418162,0,0,0,0,0,0,0,0,0
201104,02,150,4,9,Kodiak Island Borough         ,4,4,1140786,0,0,0,0,0,0,0,0,0,4,4,1140786,0,0,0,0,0,0,0,0,0
201104,02,170,4,9,Matanuska-Susitna Borough     ,13,13,2590286,2,4,572487,0,0,0,0,0,0,11,11,2287269,2,4,572487,0,0,0,0,0,0
201104,02,180,4,9,Nome Census Area              ,1,1,126747,0,0,0,0,0,0,0,0,0,1,1,126747,0,0,0,0,0,0,0,0,0
201104,02,185,4,9,North Slope Borough           ,22,22,4615127,0,0,0,0,0,0,0,0,0,21,21,4390703,0,0,0,0,0,0,0,0,0
201104,02,188,4,9,Northwest Arctic Borough      ,1,1,229028,0,0,0,0,0,0,0,0,0,0,0,0,0,0,0,0,0,0,0,0,0
201104,02,201,4,9,Prince of Wales-Outer Ketchika,0,0,0,0,0,0,0,0,0,0,0,0,0,0,0,0,0,0,0,0,0,0,0,0
201104,02,220,4,9,Sitka Borough                 ,3,3,659292,0,0,0,0,0,0,0,0,0,0,0,0,0,0,0,0,0,0,0,0,0
201104,02,232,4,9,Skagway-Hoonah-Angoon Census A,1,1,175000,0,0,0,0,0,0,0,0,0,1,1,175000,0,0,0,0,0,0,0,0,0
201104,02,261,4,9,Valdez-Cordova Census Area    ,6,6,1246517,0,0,0,0,0,0,0,0,0,6,6,1246517,0,0,0,0,0,0,0,0,0
201104,02,280,4,9,Wrangell-Petersburg Census Are,2,2,230540,1,2,128690,0,0,0,0,0,0,2,2,230540,1,2,128690,0,0,0,0,0,0
201104,02,282,4,9,Yakutat Borough               ,0,0,0,0,0,0,0,0,0,0,0,0,0,0,0,0,0,0,0,0,0,0,0,0
201104,02,290,4,9,Yukon-Koyukuk Census Area     ,0,0,0,0,0,0,0,0,0,0,0,0,0,0,0,0,0,0,0,0,0,0,0,0
201104,04,013,4,8,Maricopa County               ,1999,1999,483319583,4,8,1502071,0,0,0,6,233,32141915,1986,1986,480009859,4,8,1502071,0,0,0,1,133,14865201
201104,04,019,4,8,Pima County                   ,512,512,123816222,0,0,0,0,0,0,19,333,36858760,302,302,81876752,0,0,0,0,0,0,14,282,32655236
201104,04,021,4,8,Pinal County                  ,309,309,39572272,0,0,0,0,0,0,0,0,0,309,309,39572272,0,0,0,0,0,0,0,0,0
201104,05,023,3,7,Cleburne County               ,3,3,304800,1,2,85000,0,0,0,0,0,0,2,2,165000,1,2,85000,0,0,0,0,0,0
201104,05,025,3,7,Cleveland County              ,0,0,0,0,0,0,0,0,0,0,0,0,0,0,0,0,0,0,0,0,0,0,0,0
201104,05,027,3,7,Columbia County               ,0,0,0,0,0,0,0,0,0,0,0,0,0,0,0,0,0,0,0,0,0,0,0,0
201104,05,035,3,7,Crittenden County             ,14,14,2252562,0,0,0,0,0,0,0,0,0,14,14,2252562,0,0,0,0,0,0,0,0,0
201104,05,059,3,7,Hot Spring County             ,2,2,351123,0,0,0,0,0,0,0,0,0,2,2,351123,0,0,0,0,0,0,0,0,0
201104,05,061,3,7,Howard County                 ,1,1,85000,0,0,0,0,0,0,0,0,0,1,1,85000,0,0,0,0,0,0,0,0,0
201104,05,099,3,7,Nevada County                 ,1,1,176000,0,0,0,0,0,0,0,0,0,1,1,176000,0,0,0,0,0,0,0,0,0
201104,06,001,4,9,Alameda County                ,270,270,89100335,7,14,3742870,0,0,0,12,181,25780277,267,267,87948684,7,14,3742870,0,0,0,12,181,25780277
201104,06,003,4,9,Alpine County                 ,3,3,1625233,0,0,0,0,0,0,0,0,0,3,3,1625233,0,0,0,0,0,0,0,0,0
201104,06,009,4,9,Calaveras County              ,9,9,2723052,0,0,0,0,0,0,0,0,0,6,6,1796987,0,0,0,0,0,0,0,0,0
201104,06,013,4,9,Contra Costa County           ,235,235,55299623,4,8,1984422,0,0,0,8,57,8789582,221,221,52152773,4,8,1984422,0,0,0,4,29,6252754
201104,06,017,4,9,El Dorado County              ,25,25,13220418,0,0,0,0,0,0,0,0,0,25,25,13220418,0,0,0,0,0,0,0,0,0
201104,06,037,4,9,Los Angeles County            ,801,801,351517124,56,112,22994431,5,20,4153889,69,2037,347969414,700,700,321035758,55,110,22764191,5,20,4153889,59,1954,335666837
201104,06,041,4,9,Marin County                  ,24,24,9552274,0,0,0,0,0,0,3,16,1576810,6,6,3403750,0,0,0,0,0,0,0,0,0
201104,06,045,4,9,Mendocino County              ,22,22,2156273,1,2,175200,0,0,0,0,0,0,22,22,2156273,1,2,175200,0,0,0,0,0,0
201104,06,049,4,9,Modoc County                  ,5,5,597289,0,0,0,0,0,0,0,0,0,5,5,597289,0,0,0,0,0,0,0,0,0
201104,06,051,4,9,Mono County                   ,4,4,1914585,0,0,0,0,0,0,0,0,0,1,1,751784,0,0,0,0,0,0,0,0,0
201104,06,059,4,9,Orange County                 ,864,864,205607456,12,24,6202342,13,42,7244187,51,776,93461011,833,833,190095480,11,22,5496596,13,42,7244187,49,766,91492702
201104,06,061,4,9,Placer County                 ,167,167,41045252,0,0,0,0,0,0,0,0,0,166,166,40784284,0,0,0,0,0,0,0,0,0
201104,06,063,4,9,Plumas County                 ,14,14,1943744,0,0,0,0,0,0,0,0,0,14,14,1943744,0,0,0,0,0,0,0,0,0
201104,06,065,4,9,Riverside County              ,727,727,179887957,0,0,0,6,24,2932319,8,113,8227376,687,687,172779487,0,0,0,6,24,2932319,8,113,8227376
201104,06,067,4,9,Sacramento County             ,228,228,56898094,0,0,0,2,6,953218,7,184,27242973,222,222,55472811,0,0,0,2,6,953218,7,184,27242973
201104,06,069,4,9,San Benito County             ,13,13,3109042,0,0,0,0,0,0,0,0,0,10,10,2534843,0,0,0,0,0,0,0,0,0
201104,06,071,4,9,San Bernardino County         ,321,321,66572122,1,2,82700,0,0,0,7,51,4302184,309,309,64873894,1,2,82700,0,0,0,6,46,3940519
201104,06,073,4,9,San Diego County              ,736,736,217599897,9,18,5067686,14,53,6772401,73,1553,207349143,729,729,216044785,9,18,5067686,14,53,6772401,73,1553,207349143
201104,06,075,4,9,San Francisco County          ,16,16,3555397,3,6,3635000,1,3,1200000,4,247,84493967,16,16,3555397,3,6,3635000,1,3,1200000,4,247,84493967
201104,06,077,4,9,San Joaquin County            ,266,266,56248341,0,0,0,0,0,0,0,0,0,253,253,53052432,0,0,0,0,0,0,0,0,0
201104,06,081,4,9,San Mateo County              ,82,82,52233615,1,2,347404,0,0,0,3,65,10635995,70,70,46978085,1,2,347404,0,0,0,3,65,10635995
201104,06,085,4,9,Santa Clara County            ,294,294,89592305,0,0,0,3,12,2809924,5,28,7723816,286,286,86895038,0,0,0,3,12,2809924,3,16,4766318
201104,06,091,4,9,Sierra County                 ,2,2,556610,0,0,0,0,0,0,0,0,0,2,2,556610,0,0,0,0,0,0,0,0,0
201104,06,113,4,9,Yolo County                   ,81,81,20405609,0,0,0,0,0,0,0,0,0,81,81,20405609,0,0,0,0,0,0,0,0,0
201104,08,001,4,8,Adams County                  ,167,167,37294691,0,0,0,2,6,456560,0,0,0,166,166,37108814,0,0,0,2,6,456560,0,0,0
201104,08,005,4,8,Arapahoe County               ,182,182,52294383,0,0,0,1,4,724344,0,0,0,181,181,51044383,0,0,0,1,4,724344,0,0,0
201104,08,014,4,8,Broomfield County             ,54,54,13728282,0,0,0,0,0,0,0,0,0,0,0,0,0,0,0,0,0,0,0,0,0
201104,08,015,4,8,Chaffee County                ,24,24,5831010,0,0,0,0,0,0,0,0,0,24,24,5831010,0,0,0,0,0,0,0,0,0
201104,08,019,4,8,Clear Creek County            ,3,3,1435731,0,0,0,0,0,0,0,0,0,1,1,912186,0,0,0,0,0,0,0,0,0
201104,08,023,4,8,Costilla County               ,7,7,1600453,0,0,0,0,0,0,0,0,0,0,0,0,0,0,0,0,0,0,0,0,0
201104,08,031,4,8,Denver County                 ,184,184,45887315,25,50,7491230,0,0,0,5,541,41367291,184,184,45887315,25,50,7491230,0,0,0,5,541,41367291
201104,08,033,4,8,Dolores County                ,0,0,0,0,0,0,0,0,0,0,0,0,0,0,0,0,0,0,0,0,0,0,0,0
201104,08,035,4,8,Douglas County                ,200,200,53238023,22,44,10360796,1,3,756311,2,10,1361578,170,170,46818359,22,44,10360796,1,3,756311,2,10,1361578
201104,08,039,4,8,Elbert County                 ,6,6,1612874,0,0,0,0,0,0,0,0,0,3,3,873201,0,0,0,0,0,0,0,0,0
201104,08,041,4,8,El Paso County                ,475,475,145152280,0,0,0,0,0,0,10,230,25225699,475,475,145152280,0,0,0,0,0,0,10,230,25225699
201104,08,047,4,8,Gilpin County                 ,4,4,619160,0,0,0,0,0,0,0,0,0,4,4,619160,0,0,0,0,0,0,0,0,0
201104,08,049,4,8,Grand County                  ,28,28,6703543,0,0,0,0,0,0,0,0,0,1,1,320048,0,0,0,0,0,0,0,0,0
201104,08,059,4,8,Jefferson County              ,146,146,35201873,0,0,0,0,0,0,0,0,0,146,146,35201873,0,0,0,0,0,0,0,0,0
201104,08,069,4,8,Larimer County                ,192,192,48120822,1,2,221510,0,0,0,8,71,9183850,192,192,48120822,1,2,221510,0,0,0,8,71,9183850
201104,08,077,4,8,Mesa County                   ,93,93,19867593,0,0,0,0,0,0,2,16,727098,93,93,19867593,0,0,0,0,0,0,2,16,727098
201104,08,093,4,8,Park County                   ,15,15,2329904,0,0,0,0,0,0,0,0,0,15,15,2329904,0,0,0,0,0,0,0,0,0
201104,08,101,4,8,Pueblo County                 ,43,43,7230538,0,0,0,1,4,227300,0,0,0,43,43,7230538,0,0,0,1,4,227300,0,0,0
201104,08,107,4,8,Routt County                  ,4,4,1419601,0,0,0,0,0,0,0,0,0,4,4,1419601,0,0,0,0,0,0,0,0,0
201104,08,119,4,8,Teller County                 ,10,10,3183168,0,0,0,0,0,0,0,0,0,9,9,3098168,0,0,0,0,0,0,0,0,0
201104,08,123,4,8,Weld County                   ,217,217,48163465,0,0,0,1,3,193280,3,19,1299374,184,184,40065588,0,0,0,0,0,0,0,0,0
201104,10,001,3,5,Kent County                   ,205,205,26765965,0,0,0,0,0,0,5,41,2470345,132,132,17555280,0,0,0,0,0,0,2,26,1525615
201104,10,003,3,5,New Castle County             ,170,170,15241950,0,0,0,0,0,0,3,15,240000,165,165,14950005,0,0,0,0,0,0,0,0,0
201104,10,005,3,5,Sussex County                 ,402,402,61280145,22,44,3504769,3,11,1540000,5,44,5085403,402,402,61280145,22,44,3504769,3,11,1540000,5,44,5085403
201104,11,001,3,5,Washington  DC                ,141,141,24795212,17,34,5375531,0,0,0,4,569,46519683,141,141,24795212,17,34,5375531,0,0,0,4,569,46519683
201104,12,003,3,5,Baker County                  ,12,12,2078627,0,0,0,0,0,0,0,0,0,12,12,2078627,0,0,0,0,0,0,0,0,0
201104,12,009,3,5,Brevard County                ,306,306,84738539,0,0,0,0,0,0,3,15,438038,294,294,81778799,0,0,0,0,0,0,3,15,438038
201104,12,011,3,5,Broward County                ,226,226,41583188,0,0,0,2,6,1609100,10,166,15712870,173,173,34027765,0,0,0,2,6,1609100,8,156,15088720
201104,12,013,3,5,Calhoun County                ,2,2,241600,0,0,0,0,0,0,0,0,0,1,1,85000,0,0,0,0,0,0,0,0,0
201104,12,015,3,5,Charlotte County              ,106,106,17860522,2,4,300000,0,0,0,0,0,0,106,106,17860522,2,4,300000,0,0,0,0,0,0
201104,12,019,3,5,Clay County                   ,125,125,23769963,0,0,0,0,0,0,1,5,545000,125,125,23769963,0,0,0,0,0,0,1,5,545000
201104,12,021,3,5,Collier County                ,252,252,101788972,0,0,0,8,32,6690718,6,71,13789941,159,159,76049815,0,0,0,5,20,3961000,3,26,6542000
201104,12,023,3,5,Columbia County               ,19,19,2418984,0,0,0,0,0,0,0,0,0,14,14,1734800,0,0,0,0,0,0,0,0,0
201104,12,031,3,5,Duval County                  ,311,311,55078035,1,2,150000,0,0,0,2,126,10298031,311,311,55078035,1,2,150000,0,0,0,2,126,10298031
201104,12,033,3,5,Escambia County               ,199,199,35975141,0,0,0,0,0,0,0,0,0,199,199,35975141,0,0,0,0,0,0,0,0,0
201104,12,037,3,5,Franklin County               ,5,5,1379654,0,0,0,0,0,0,0,0,0,1,1,321805,0,0,0,0,0,0,0,0,0
201104,12,041,3,5,Gilchrist County              ,8,8,1441459,0,0,0,0,0,0,0,0,0,4,4,699300,0,0,0,0,0,0,0,0,0
201104,12,043,3,5,Glades County                 ,1,1,69900,0,0,0,0,0,0,0,0,0,1,1,69900,0,0,0,0,0,0,0,0,0
201104,12,047,3,5,Hamilton County               ,4,4,413461,0,0,0,0,0,0,0,0,0,0,0,0,0,0,0,0,0,0,0,0,0
201104,12,049,3,5,Hardee County                 ,4,4,377540,0,0,0,0,0,0,0,0,0,1,1,65000,0,0,0,0,0,0,0,0,0
201104,12,053,3,5,Hernando County               ,42,42,5677729,0,0,0,0,0,0,1,90,5000000,42,42,5677729,0,0,0,0,0,0,1,90,5000000
201104,12,055,3,5,Highlands County              ,56,56,7798927,0,0,0,0,0,0,1,7,1157605,49,49,6621821,0,0,0,0,0,0,0,0,0
201104,12,057,3,5,Hillsborough County           ,1021,1021,290883534,1,2,546937,2,7,1170055,15,254,31273230,1021,1021,290883534,1,2,546937,2,7,1170055,15,254,31273230
201104,12,061,3,5,Indian River County           ,114,114,51011733,0,0,0,0,0,0,0,0,0,114,114,51011733,0,0,0,0,0,0,0,0,0
201104,12,063,3,5,Jackson County                ,6,6,1023988,1,2,100000,0,0,0,0,0,0,6,6,1023988,1,2,100000,0,0,0,0,0,0
201104,12,065,3,5,Jefferson County              ,9,9,2519589,0,0,0,0,0,0,0,0,0,9,9,2519589,0,0,0,0,0,0,0,0,0
201104,12,067,3,5,Lafayette County              ,2,2,330000,0,0,0,0,0,0,0,0,0,2,2,330000,0,0,0,0,0,0,0,0,0
201104,12,069,3,5,Lake County                   ,164,164,45781576,0,0,0,0,0,0,0,0,0,163,163,45707406,0,0,0,0,0,0,0,0,0
201104,12,071,3,5,Lee County                    ,446,446,95340795,0,0,0,1,4,756420,2,11,1974396,446,446,95340795,0,0,0,1,4,756420,2,11,1974396
201104,12,073,3,5,Leon County                   ,102,102,15304548,1,2,208800,0,0,0,3,85,4827393,33,33,5430281,0,0,0,0,0,0,0,0,0
201104,12,077,3,5,Liberty County                ,4,4,370980,0,0,0,0,0,0,0,0,0,1,1,75000,0,0,0,0,0,0,0,0,0
201104,12,081,3,5,Manatee County                ,329,329,68604445,3,6,803000,2,8,1246286,11,310,11610523,329,329,68604445,3,6,803000,2,8,1246286,11,310,11610523
201104,12,083,3,5,Marion County                 ,119,119,21703698,0,0,0,0,0,0,0,0,0,118,118,21512098,0,0,0,0,0,0,0,0,0
201104,12,085,3,5,Martin County                 ,55,55,24981329,0,0,0,0,0,0,0,0,0,54,54,24651141,0,0,0,0,0,0,0,0,0
201104,12,086,3,5,Miami-Dade County             ,274,274,45094011,8,16,1735194,1,4,302000,20,841,70209738,254,254,36665664,8,16,1735194,1,4,302000,19,830,65427794
201104,12,089,3,5,Nassau County                 ,89,89,20263425,0,0,0,0,0,0,0,0,0,79,79,18462290,0,0,0,0,0,0,0,0,0
201104,12,095,3,5,Orange County                 ,629,629,134849138,0,0,0,2,8,593114,24,825,77378110,612,612,131113995,0,0,0,2,8,593114,24,825,77378110
201104,12,097,3,5,Osceola County                ,212,212,43846811,0,0,0,0,0,0,0,0,0,212,212,43846811,0,0,0,0,0,0,0,0,0
201104,12,099,3,5,Palm Beach County             ,461,461,166749514,1,2,208371,3,9,1602414,11,63,6590467,444,444,158742741,0,0,0,0,0,0,6,30,3319246
201104,12,101,3,5,Pasco County                  ,338,338,61455509,6,12,1732924,1,3,370000,4,28,3713783,338,338,61455509,6,12,1732924,1,3,370000,4,28,3713783
201104,12,103,3,5,Pinellas County               ,120,120,34698703,0,0,0,0,0,0,0,0,0,118,118,34087588,0,0,0,0,0,0,0,0,0
201104,12,105,3,5,Polk County                   ,315,315,61593988,0,0,0,0,0,0,0,0,0,306,306,60171180,0,0,0,0,0,0,0,0,0
201104,12,107,3,5,Putnam County                 ,9,9,1199754,0,0,0,0,0,0,0,0,0,0,0,0,0,0,0,0,0,0,0,0,0
201104,12,109,3,5,St. Johns County              ,418,418,104025181,0,0,0,0,0,0,2,28,2400000,417,417,103783274,0,0,0,0,0,0,2,28,2400000
201104,12,111,3,5,St. Lucie County              ,71,71,14597762,0,0,0,1,4,303696,4,22,2163970,68,68,14118387,0,0,0,1,4,303696,2,12,873544
201104,12,113,3,5,Santa Rosa County             ,171,171,30120967,0,0,0,0,0,0,0,0,0,171,171,30120967,0,0,0,0,0,0,0,0,0
201104,12,115,3,5,Sarasota County               ,199,199,62643803,1,2,450272,0,0,0,7,46,8002413,165,165,51780907,1,2,450272,0,0,0,5,36,6373503
201104,12,117,3,5,Seminole County               ,287,287,59881248,1,2,214790,0,0,0,1,6,794247,272,272,54729713,1,2,214790,0,0,0,0,0,0
201104,12,119,3,5,Sumter County                 ,710,710,184923984,0,0,0,0,0,0,0,0,0,350,350,89572428,0,0,0,0,0,0,0,0,0
201104,12,123,3,5,Taylor County                 ,8,8,733900,0,0,0,0,0,0,0,0,0,8,8,733900,0,0,0,0,0,0,0,0,0
201104,12,125,3,5,Union County                  ,4,4,437640,0,0,0,0,0,0,0,0,0,4,4,437640,0,0,0,0,0,0,0,0,0
201104,12,127,3,5,Volusia County                ,196,196,41210701,0,0,0,0,0,0,17,443,52192676,166,166,34348742,0,0,0,0,0,0,13,416,49547371
201104,12,129,3,5,Wakulla County                ,14,14,1931000,0,0,0,0,0,0,0,0,0,14,14,1931000,0,0,0,0,0,0,0,0,0
201104,12,131,3,5,Walton County                 ,143,143,53866953,0,0,0,0,0,0,0,0,0,143,143,53866953,0,0,0,0,0,0,0,0,0
201104,12,133,3,5,Washington County             ,7,7,787908,0,0,0,0,0,0,0,0,0,7,7,787908,0,0,0,0,0,0,0,0,0
201104,13,005,3,5,Bacon County                  ,0,0,0,0,0,0,0,0,0,0,0,0,0,0,0,0,0,0,0,0,0,0,0,0
201104,13,013,3,5,Barrow County                 ,14,14,1333456,0,0,0,0,0,0,0,0,0,9,9,814752,0,0,0,0,0,0,0,0,0
201104,13,015,3,5,Bartow County                 ,16,16,2735732,0,0,0,0,0,0,0,0,0,15,15,2578232,0,0,0,0,0,0,0,0,0
201104,13,029,3,5,Bryan County                  ,103,103,15130247,0,0,0,0,0,0,1,5,450000,95,95,14154398,0,0,0,0,0,0,1,5,450000
201104,13,035,3,5,Butts County                  ,2,2,148575,0,0,0,0,0,0,0,0,0,2,2,148575,0,0,0,0,0,0,0,0,0
201104,13,045,3,5,Carroll County                ,76,76,4334571,0,0,0,0,0,0,0,0,0,76,76,4334571,0,0,0,0,0,0,0,0,0
201104,13,057,3,5,Cherokee County               ,136,136,27407855,0,0,0,0,0,0,0,0,0,132,132,26513993,0,0,0,0,0,0,0,0,0
201104,13,059,3,5,Clarke County                 ,52,52,6166899,0,0,0,0,0,0,0,0,0,52,52,6166899,0,0,0,0,0,0,0,0,0
201104,13,063,3,5,Clayton County                ,37,37,5568578,0,0,0,0,0,0,0,0,0,37,37,5568578,0,0,0,0,0,0,0,0,0
201104,13,067,3,5,Cobb County                   ,344,344,83323089,2,4,1298750,3,11,1854222,2,13,2533410,344,344,83323089,2,4,1298750,3,11,1854222,2,13,2533410
201104,13,077,3,5,Coweta County                 ,101,101,30303417,0,0,0,0,0,0,0,0,0,80,80,26108145,0,0,0,0,0,0,0,0,0
201104,13,085,3,5,Dawson County                 ,19,19,4059020,0,0,0,0,0,0,0,0,0,19,19,4059020,0,0,0,0,0,0,0,0,0
201104,13,089,3,5,DeKalb County                 ,90,90,17485660,0,0,0,0,0,0,1,5,873465,81,81,14488633,0,0,0,0,0,0,0,0,0
201104,13,095,3,5,Dougherty County              ,9,9,1007093,3,6,450318,1,3,152768,0,0,0,0,0,0,0,0,0,0,0,0,0,0,0
201104,13,097,3,5,Douglas County                ,14,14,1360115,0,0,0,0,0,0,0,0,0,14,14,1360115,0,0,0,0,0,0,0,0,0
201104,13,113,3,5,Fayette County                ,22,22,5938603,0,0,0,0,0,0,0,0,0,20,20,5231728,0,0,0,0,0,0,0,0,0
201104,13,117,3,5,Forsyth County                ,358,358,50048040,0,0,0,0,0,0,0,0,0,358,358,50048040,0,0,0,0,0,0,0,0,0
201104,13,121,3,5,Fulton County                 ,269,269,58971369,0,0,0,0,0,0,11,508,25815739,262,262,58179511,0,0,0,0,0,0,11,508,25815739
201104,13,127,3,5,Glynn County                  ,97,97,24972234,0,0,0,0,0,0,0,0,0,0,0,0,0,0,0,0,0,0,0,0,0
201104,13,133,3,5,Greene County                 ,26,26,10819283,0,0,0,0,0,0,0,0,0,17,17,8477912,0,0,0,0,0,0,0,0,0
201104,13,135,3,5,Gwinnett County               ,254,254,47558420,0,0,0,0,0,0,0,0,0,239,239,43429568,0,0,0,0,0,0,0,0,0
201104,13,143,3,5,Haralson County               ,3,3,527770,0,0,0,0,0,0,0,0,0,1,1,173540,0,0,0,0,0,0,0,0,0
201104,13,145,3,5,Harris County                 ,27,27,6368895,0,0,0,0,0,0,0,0,0,27,27,6368895,0,0,0,0,0,0,0,0,0
201104,13,149,3,5,Heard County                  ,3,3,403104,0,0,0,0,0,0,0,0,0,0,0,0,0,0,0,0,0,0,0,0,0
201104,13,151,3,5,Henry County                  ,76,76,15124636,0,0,0,0,0,0,1,66,4800000,64,64,13618399,0,0,0,0,0,0,1,66,4800000
201104,13,159,3,5,Jasper County                 ,13,13,1737867,0,0,0,0,0,0,0,0,0,0,0,0,0,0,0,0,0,0,0,0,0
201104,13,169,3,5,Jones County                  ,6,6,619000,0,0,0,0,0,0,0,0,0,6,6,619000,0,0,0,0,0,0,0,0,0
201104,13,171,3,5,Lamar County                  ,10,10,1343473,0,0,0,0,0,0,1,7,618450,10,10,1343473,0,0,0,0,0,0,0,0,0
201104,13,177,3,5,Lee County                    ,34,34,3885694,0,0,0,0,0,0,0,0,0,0,0,0,0,0,0,0,0,0,0,0,0
201104,13,189,3,5,McDuffie County               ,6,6,1190000,0,0,0,0,0,0,0,0,0,6,6,1190000,0,0,0,0,0,0,0,0,0
201104,13,199,3,5,Meriwether County             ,3,3,523364,0,0,0,0,0,0,0,0,0,1,1,173540,0,0,0,0,0,0,0,0,0
201104,13,211,3,5,Morgan County                 ,8,8,1306000,0,0,0,0,0,0,0,0,0,8,8,1306000,0,0,0,0,0,0,0,0,0
201104,13,213,3,5,Murray County                 ,14,14,1150000,0,0,0,0,0,0,0,0,0,14,14,1150000,0,0,0,0,0,0,0,0,0
201104,13,215,3,5,Muscogee County               ,70,70,7410072,1,2,165680,0,0,0,4,38,2881429,0,0,0,0,0,0,0,0,0,0,0,0
201104,13,217,3,5,Newton County                 ,11,11,1730912,0,0,0,0,0,0,0,0,0,7,7,1094259,0,0,0,0,0,0,0,0,0
201104,13,223,3,5,Paulding County               ,55,55,9545420,0,0,0,0,0,0,0,0,0,32,32,5629362,0,0,0,0,0,0,0,0,0
201104,13,227,3,5,Pickens County                ,9,9,2144707,0,0,0,0,0,0,0,0,0,9,9,2144707,0,0,0,0,0,0,0,0,0
201104,13,231,3,5,Pike County                   ,3,3,648000,0,0,0,0,0,0,0,0,0,3,3,648000,0,0,0,0,0,0,0,0,0
201104,13,237,3,5,Putnam County                 ,19,19,3501750,0,0,0,0,0,0,0,0,0,19,19,3501750,0,0,0,0,0,0,0,0,0
201104,13,239,3,5,Quitman County                ,3,3,165000,0,0,0,0,0,0,0,0,0,3,3,165000,0,0,0,0,0,0,0,0,0
201104,13,247,3,5,Rockdale County               ,14,14,4540723,0,0,0,0,0,0,0,0,0,14,14,4540723,0,0,0,0,0,0,0,0,0
201104,13,255,3,5,Spalding County               ,36,36,4356132,0,0,0,0,0,0,0,0,0,25,25,2910634,0,0,0,0,0,0,0,0,0
201104,13,291,3,5,Union County                  ,16,16,2810468,0,0,0,0,0,0,0,0,0,11,11,1931177,0,0,0,0,0,0,0,0,0
201104,13,297,3,5,Walton County                 ,16,16,1601500,0,0,0,0,0,0,0,0,0,16,16,1601500,0,0,0,0,0,0,0,0,0
201104,13,313,3,5,Whitfield County              ,19,19,2242601,0,0,0,0,0,0,0,0,0,0,0,0,0,0,0,0,0,0,0,0,0
201104,13,321,3,5,Worth County                  ,9,9,1105000,0,0,0,0,0,0,0,0,0,9,9,1105000,0,0,0,0,0,0,0,0,0
201104,15,001,4,9,Hawaii County                 ,187,187,46289367,0,0,0,0,0,0,6,46,2714000,143,143,32634337,0,0,0,0,0,0,0,0,0
201104,15,003,4,9,Honolulu County               ,262,262,98279861,0,0,0,0,0,0,6,208,40727000,262,262,98279861,0,0,0,0,0,0,6,208,40727000
201104,15,007,4,9,Kauai County                  ,44,44,21617599,0,0,0,0,0,0,0,0,0,33,33,17222400,0,0,0,0,0,0,0,0,0
201104,15,009,4,9,Maui County                   ,67,67,14895709,0,0,0,0,0,0,0,0,0,67,67,14895709,0,0,0,0,0,0,0,0,0
201104,16,001,4,8,Ada County                    ,349,349,87316539,0,0,0,0,0,0,0,0,0,349,349,87316539,0,0,0,0,0,0,0,0,0
201104,16,015,4,8,Boise County                  ,7,7,1515433,0,0,0,0,0,0,0,0,0,7,7,1515433,0,0,0,0,0,0,0,0,0
201104,16,027,4,8,Canyon County                 ,66,66,9933847,0,0,0,0,0,0,1,5,350648,55,55,8623422,0,0,0,0,0,0,0,0,0
201104,16,045,4,8,Gem County                    ,4,4,915640,0,0,0,0,0,0,0,0,0,4,4,915640,0,0,0,0,0,0,0,0,0
201104,16,073,4,8,Owyhee County                 ,3,3,523156,0,0,0,1,3,75000,0,0,0,3,3,523156,0,0,0,1,3,75000,0,0,0
201104,17,005,2,3,Bond County                   ,4,4,622544,0,0,0,0,0,0,0,0,0,3,3,463000,0,0,0,0,0,0,0,0,0
201104,17,013,2,3,Calhoun County                ,3,3,633200,0,0,0,0,0,0,0,0,0,1,1,200000,0,0,0,0,0,0,0,0,0
201104,17,027,2,3,Clinton County                ,32,32,5701287,1,2,210000,0,0,0,0,0,0,27,27,4619017,1,2,210000,0,0,0,0,0,0
201104,17,031,2,3,Cook County                   ,167,167,46527074,0,0,0,3,11,1573000,8,109,19339623,140,140,39586245,0,0,0,3,11,1573000,4,67,16200000
201104,17,037,2,3,DeKalb County                 ,8,8,1344000,0,0,0,0,0,0,2,11,660000,8,8,1344000,0,0,0,0,0,0,2,11,660000
201104,17,039,2,3,De Witt County                ,3,3,415000,0,0,0,0,0,0,0,0,0,3,3,415000,0,0,0,0,0,0,0,0,0
201104,17,043,2,3,DuPage County                 ,127,127,49778394,0,0,0,1,4,720000,1,5,900000,117,117,44479990,0,0,0,1,4,720000,0,0,0
201104,17,063,2,3,Grundy County                 ,16,16,2188918,0,0,0,0,0,0,3,15,769230,13,13,1636100,0,0,0,0,0,0,0,0,0
201104,17,083,2,3,Jersey County                 ,7,7,741274,0,0,0,0,0,0,1,5,289248,4,4,377031,0,0,0,0,0,0,0,0,0
201104,17,089,2,3,Kane County                   ,140,140,31249272,0,0,0,0,0,0,1,5,563617,127,127,28919599,0,0,0,0,0,0,0,0,0
201104,17,093,2,3,Kendall County                ,44,44,7132548,0,0,0,0,0,0,0,0,0,10,10,1992975,0,0,0,0,0,0,0,0,0
201104,17,097,2,3,Lake County                   ,119,119,27827216,1,2,236880,0,0,0,3,105,14213040,87,87,18093991,0,0,0,0,0,0,1,95,12963040
201104,17,111,2,3,McHenry County                ,74,74,11723467,0,0,0,0,0,0,1,12,1800000,61,61,9518719,0,0,0,0,0,0,1,12,1800000
201104,17,117,2,3,Macoupin County               ,10,10,1916668,1,2,340000,0,0,0,0,0,0,2,2,315000,1,2,340000,0,0,0,0,0,0
201104,17,119,2,3,Madison County                ,72,72,17763643,0,0,0,1,3,262500,1,6,555165,45,45,12330255,0,0,0,0,0,0,0,0,0
201104,17,133,2,3,Monroe County                 ,30,30,5779070,1,2,205718,0,0,0,0,0,0,30,30,5779070,1,2,205718,0,0,0,0,0,0
201104,17,163,2,3,St. Clair County              ,150,150,27845093,2,4,321429,1,3,312450,6,48,2285464,90,90,15570344,1,2,150000,0,0,0,4,32,1200000
201104,17,197,2,3,Will County                   ,102,102,25760497,1,2,280000,0,0,0,1,5,588235,80,80,20681978,1,2,280000,0,0,0,0,0,0
201104,18,001,2,3,Adams County                  ,8,8,1115985,0,0,0,0,0,0,0,0,0,7,7,976000,0,0,0,0,0,0,0,0,0
201104,18,003,2,3,Allen County                  ,182,182,36910114,3,6,506884,1,4,197000,0,0,0,182,182,36910114,3,6,506884,1,4,197000,0,0,0
201104,18,011,2,3,Boone County                  ,90,90,16269312,0,0,0,0,0,0,0,0,0,75,75,13534047,0,0,0,0,0,0,0,0,0
201104,18,013,2,3,Brown County                  ,17,17,3315855,0,0,0,0,0,0,0,0,0,17,17,3315855,0,0,0,0,0,0,0,0,0
201104,18,019,2,3,Clark County                  ,80,80,11711813,0,0,0,0,0,0,0,0,0,79,79,11531942,0,0,0,0,0,0,0,0,0
201104,18,029,2,3,Dearborn County               ,7,7,1466670,0,0,0,0,0,0,0,0,0,7,7,1466670,0,0,0,0,0,0,0,0,0
201104,18,043,2,3,Floyd County                  ,36,36,10170618,0,0,0,0,0,0,0,0,0,31,31,9443755,0,0,0,0,0,0,0,0,0
201104,18,047,2,3,Franklin County               ,5,5,1242000,0,0,0,0,0,0,0,0,0,5,5,1242000,0,0,0,0,0,0,0,0,0
201104,18,049,2,3,Fulton County                 ,2,2,275000,0,0,0,0,0,0,0,0,0,2,2,275000,0,0,0,0,0,0,0,0,0
201104,18,057,2,3,Hamilton County               ,478,478,97497114,0,0,0,1,4,410224,2,12,990142,478,478,97497114,0,0,0,1,4,410224,2,12,990142
201104,18,059,2,3,Hancock County                ,28,28,4263774,0,0,0,5,20,846180,1,42,1901655,28,28,4263774,0,0,0,5,20,846180,1,42,1901655
201104,18,061,2,3,Harrison County               ,15,15,13770000,0,0,0,0,0,0,0,0,0,15,15,13770000,0,0,0,0,0,0,0,0,0
201104,18,063,2,3,Hendricks County              ,170,170,33086322,0,0,0,3,11,1128116,1,6,495071,144,144,27767494,0,0,0,3,11,1128116,1,6,495071
201104,18,065,2,3,Henry County                  ,8,8,1493900,0,0,0,0,0,0,0,0,0,8,8,1493900,0,0,0,0,0,0,0,0,0
201104,18,069,2,3,Huntington County             ,6,6,1229705,0,0,0,0,0,0,0,0,0,6,6,1229705,0,0,0,0,0,0,0,0,0
201104,18,073,2,3,Jasper County                 ,12,12,2230715,0,0,0,0,0,0,0,0,0,12,12,2230715,0,0,0,0,0,0,0,0,0
201104,18,079,2,3,Jennings County               ,14,14,1129000,0,0,0,0,0,0,0,0,0,14,14,1129000,0,0,0,0,0,0,0,0,0
201104,18,081,2,3,Johnson County                ,126,126,19716683,0,0,0,0,0,0,0,0,0,121,121,19138838,0,0,0,0,0,0,0,0,0
201104,18,087,2,3,Lagrange County               ,28,28,3465500,0,0,0,0,0,0,0,0,0,28,28,3465500,0,0,0,0,0,0,0,0,0
201104,18,089,2,3,Lake County                   ,111,111,25784073,2,4,455600,1,3,472000,0,0,0,105,105,23926147,2,4,455600,1,3,472000,0,0,0
201104,18,097,2,3,Marion County                 ,195,195,30988642,2,4,494303,0,0,0,21,344,25331735,195,195,30988642,2,4,494303,0,0,0,21,344,25331735
201104,18,105,2,3,Monroe County                 ,66,66,10692488,4,8,770836,0,0,0,7,42,2945670,66,66,10692488,4,8,770836,0,0,0,7,42,2945670
201104,18,109,2,3,Morgan County                 ,20,20,2600720,0,0,0,0,0,0,0,0,0,20,20,2600720,0,0,0,0,0,0,0,0,0
201104,18,111,2,3,Newton County                 ,1,1,113122,0,0,0,0,0,0,0,0,0,1,1,113122,0,0,0,0,0,0,0,0,0
201104,18,115,2,3,Ohio County                   ,2,2,150000,0,0,0,0,0,0,0,0,0,2,2,150000,0,0,0,0,0,0,0,0,0
201104,18,125,2,3,Pike County                   ,9,9,1051000,0,0,0,0,0,0,0,0,0,9,9,1051000,0,0,0,0,0,0,0,0,0
201104,18,127,2,3,Porter County                 ,48,48,12811817,1,2,248040,0,0,0,0,0,0,46,46,12465188,1,2,248040,0,0,0,0,0,0
201104,18,133,2,3,Putnam County                 ,5,5,911000,0,0,0,0,0,0,0,0,0,5,5,911000,0,0,0,0,0,0,0,0,0
201104,18,145,2,3,Shelby County                 ,11,11,2420000,0,0,0,1,3,0,0,0,0,11,11,2420000,0,0,0,0,0,0,0,0,0
201104,18,155,2,3,Switzerland County            ,11,11,640927,0,0,0,0,0,0,0,0,0,0,0,0,0,0,0,0,0,0,0,0,0
201104,18,157,2,3,Tippecanoe County             ,127,127,24799615,0,0,0,0,0,0,0,0,0,114,114,22122321,0,0,0,0,0,0,0,0,0
201104,18,163,2,3,Vanderburgh County            ,75,75,8745730,2,4,185000,0,0,0,0,0,0,75,75,8745730,2,4,185000,0,0,0,0,0,0
201104,18,167,2,3,Vigo County                   ,21,21,2977325,1,2,166667,0,0,0,15,178,8944000,14,14,2285132,0,0,0,0,0,0,15,178,8944000
201104,18,175,2,3,Washington County             ,7,7,923320,0,0,0,0,0,0,0,0,0,0,0,0,0,0,0,0,0,0,0,0,0
201104,18,179,2,3,Wells County                  ,8,8,1596413,0,0,0,0,0,0,0,0,0,8,8,1596413,0,0,0,0,0,0,0,0,0
201104,18,181,2,3,White County                  ,3,3,430000,0,0,0,0,0,0,0,0,0,3,3,430000,0,0,0,0,0,0,0,0,0
201104,18,183,2,3,Whitley County                ,12,12,1898500,0,0,0,0,0,0,0,0,0,12,12,1898500,0,0,0,0,0,0,0,0,0
201104,19,049,2,4,Dallas County                 ,53,53,12417288,0,0,0,0,0,0,0,0,0,52,52,12321621,0,0,0,0,0,0,0,0,0
201104,19,077,2,4,Guthrie County                ,4,4,1099818,0,0,0,0,0,0,0,0,0,1,1,425000,0,0,0,0,0,0,0,0,0
201104,19,085,2,4,Harrison County               ,9,9,2204000,0,0,0,0,0,0,0,0,0,7,7,1804000,0,0,0,0,0,0,0,0,0
201104,19,121,2,4,Madison County                ,9,9,1712796,0,0,0,0,0,0,0,0,0,2,2,345000,0,0,0,0,0,0,0,0,0
201104,19,129,2,4,Mills County                  ,0,0,0,0,0,0,0,0,0,0,0,0,0,0,0,0,0,0,0,0,0,0,0,0
201104,19,153,2,4,Polk County                   ,413,413,83412290,0,0,0,6,21,1247111,2,88,9429045,413,413,83412290,0,0,0,6,21,1247111,2,88,9429045
201104,19,155,2,4,Pottawattamie County          ,34,34,5492840,0,0,0,0,0,0,0,0,0,24,24,4080983,0,0,0,0,0,0,0,0,0
201104,19,181,2,4,Warren County                 ,21,21,5010134,0,0,0,0,0,0,0,0,0,21,21,5010134,0,0,0,0,0,0,0,0,0
201104,20,055,2,4,Finney County                 ,2,2,498949,0,0,0,1,3,439422,0,0,0,2,2,498949,0,0,0,1,3,439422,0,0,0
201104,20,059,2,4,Franklin County               ,4,4,869566,0,0,0,0,0,0,0,0,0,4,4,869566,0,0,0,0,0,0,0,0,0
201104,20,063,2,4,Gove County                   ,0,0,0,0,0,0,0,0,0,0,0,0,0,0,0,0,0,0,0,0,0,0,0,0
201104,20,091,2,4,Johnson County                ,240,240,66121116,1,2,298000,5,15,2446592,1,5,297500,118,118,33378166,0,0,0,2,6,990756,0,0,0
201104,20,103,2,4,Leavenworth County            ,32,32,6002075,0,0,0,0,0,0,0,0,0,32,32,6002075,0,0,0,0,0,0,0,0,0
201104,20,107,2,4,Linn County                   ,5,5,615215,0,0,0,0,0,0,0,0,0,3,3,320000,0,0,0,0,0,0,0,0,0
201104,20,121,2,4,Miami County                  ,10,10,1852367,0,0,0,0,0,0,0,0,0,2,2,190000,0,0,0,0,0,0,0,0,0
201104,20,129,2,4,Morton County                 ,0,0,0,0,0,0,0,0,0,0,0,0,0,0,0,0,0,0,0,0,0,0,0,0
201104,20,151,2,4,Pratt County                  ,1,1,250000,0,0,0,0,0,0,0,0,0,1,1,250000,0,0,0,0,0,0,0,0,0
201104,20,183,2,4,Smith County                  ,1,1,119314,1,2,198498,0,0,0,0,0,0,0,0,0,0,0,0,0,0,0,0,0,0
201104,20,209,2,4,Wyandotte County              ,23,23,3804262,3,6,500000,1,3,300000,0,0,0,23,23,3804262,3,6,500000,1,3,300000,0,0,0
201104,21,005,3,6,Anderson County               ,13,13,1761580,0,0,0,0,0,0,0,0,0,13,13,1761580,0,0,0,0,0,0,0,0,0
201104,21,015,3,6,Boone County                  ,123,123,20386963,20,40,3400000,0,0,0,0,0,0,123,123,20386963,20,40,3400000,0,0,0,0,0,0
201104,21,021,3,6,Boyle County                  ,5,5,545000,0,0,0,1,4,300000,1,5,510000,5,5,545000,0,0,0,1,4,300000,1,5,510000
201104,21,029,3,6,Bullitt County                ,66,66,10280319,2,4,320000,5,20,1520000,0,0,0,66,66,10280319,2,4,320000,5,20,1520000,0,0,0
201104,21,037,3,6,Campbell County               ,35,35,5083272,0,0,0,4,16,1535000,0,0,0,32,32,4696466,0,0,0,4,16,1535000,0,0,0
201104,21,049,3,6,Clark County                  ,12,12,2335618,0,0,0,0,0,0,0,0,0,1,1,205000,0,0,0,0,0,0,0,0,0
201104,21,053,3,6,Clinton County                ,0,0,0,0,0,0,0,0,0,0,0,0,0,0,0,0,0,0,0,0,0,0,0,0
201104,21,059,3,6,Daviess County                ,75,75,6422776,0,0,0,0,0,0,0,0,0,75,75,6422776,0,0,0,0,0,0,0,0,0
201104,21,067,3,6,Fayette County                ,165,165,21250425,0,0,0,1,4,446844,2,22,1014333,112,112,14478131,0,0,0,0,0,0,1,6,100000
201104,21,077,3,6,Gallatin County               ,3,3,177940,0,0,0,0,0,0,0,0,0,3,3,177940,0,0,0,0,0,0,0,0,0
201104,21,081,3,6,Grant County                  ,6,6,1178677,0,0,0,0,0,0,0,0,0,3,3,632000,0,0,0,0,0,0,0,0,0
201104,21,103,3,6,Henry County                  ,5,5,1059800,0,0,0,0,0,0,0,0,0,5,5,1059800,0,0,0,0,0,0,0,0,0
201104,21,111,3,6,Jefferson County              ,202,202,38224102,0,0,0,0,0,0,15,255,14254021,150,150,28770904,0,0,0,0,0,0,14,228,11112509
201104,21,113,3,6,Jessamine County              ,39,39,8416275,0,0,0,0,0,0,0,0,0,16,16,1922470,0,0,0,0,0,0,0,0,0
201104,21,117,3,6,Kenton County                 ,54,54,7444849,1,2,200000,0,0,0,3,48,3100000,54,54,7444849,1,2,200000,0,0,0,3,48,3100000
201104,21,137,3,6,Lincoln County                ,6,6,1057190,0,0,0,0,0,0,0,0,0,6,6,1057190,0,0,0,0,0,0,0,0,0
201104,21,151,3,6,Madison County                ,32,32,2906621,4,8,549492,3,12,600000,2,10,337144,10,10,987000,3,6,420000,3,12,600000,0,0,0
201104,21,157,3,6,Marshall County               ,6,6,893045,0,0,0,0,0,0,2,10,555556,0,0,0,0,0,0,0,0,0,0,0,0
201104,21,163,3,6,Meade County                  ,29,29,3754161,0,0,0,0,0,0,0,0,0,26,26,3365000,0,0,0,0,0,0,0,0,0
201104,21,167,3,6,Mercer County                 ,11,11,1749426,1,2,137500,0,0,0,0,0,0,0,0,0,0,0,0,0,0,0,0,0,0
201104,21,179,3,6,Nelson County                 ,37,37,4462417,0,0,0,0,0,0,1,16,240000,37,37,4462417,0,0,0,0,0,0,1,16,240000
201104,21,185,3,6,Oldham County                 ,37,37,8159006,0,0,0,0,0,0,0,0,0,0,0,0,0,0,0,0,0,0,0,0,0
201104,21,191,3,6,Pendleton County              ,0,0,0,0,0,0,0,0,0,0,0,0,0,0,0,0,0,0,0,0,0,0,0,0
201104,21,205,3,6,Rowan County                  ,0,0,0,0,0,0,1,3,84375,0,0,0,0,0,0,0,0,0,0,0,0,0,0,0
201104,21,209,3,6,Scott County                  ,61,61,7740448,0,0,0,0,0,0,0,0,0,29,29,3686000,0,0,0,0,0,0,0,0,0
201104,21,211,3,6,Shelby County                 ,18,18,3875742,1,2,320000,0,0,0,0,0,0,18,18,3875742,1,2,320000,0,0,0,0,0,0
201104,21,213,3,6,Simpson County                ,10,10,1206836,8,16,1309984,0,0,0,0,0,0,8,8,945000,7,14,1210000,0,0,0,0,0,0
201104,21,215,3,6,Spencer County                ,12,12,2136822,0,0,0,0,0,0,0,0,0,12,12,2136822,0,0,0,0,0,0,0,0,0
201104,21,221,3,6,Trigg County                  ,16,16,1719000,0,0,0,0,0,0,0,0,0,16,16,1719000,0,0,0,0,0,0,0,0,0
201104,21,239,3,6,Woodford County               ,20,20,9662500,0,0,0,0,0,0,0,0,0,20,20,9662500,0,0,0,0,0,0,0,0,0
201104,22,009,3,7,Avoyelles Parish              ,11,11,1277851,0,0,0,0,0,0,0,0,0,0,0,0,0,0,0,0,0,0,0,0,0
201104,22,017,3,7,Caddo Parish                  ,107,107,29342417,0,0,0,0,0,0,0,0,0,107,107,29342417,0,0,0,0,0,0,0,0,0
201104,22,039,3,7,Evangeline Parish             ,15,15,2644833,0,0,0,0,0,0,0,0,0,11,11,1869900,0,0,0,0,0,0,0,0,0
201104,22,051,3,7,Jefferson Parish              ,70,70,17712870,0,0,0,0,0,0,0,0,0,64,64,16623557,0,0,0,0,0,0,0,0,0
201104,22,071,3,7,Orleans Parish                ,260,260,40361948,38,76,6050853,1,3,207000,2,35,3599477,126,126,21276461,19,38,3097285,0,0,0,0,0,0
201104,22,075,3,7,Plaquemines Parish            ,26,26,2522425,0,0,0,0,0,0,0,0,0,26,26,2522425,0,0,0,0,0,0,0,0,0
201104,22,077,3,7,Pointe Coupee Parish          ,17,17,3266819,0,0,0,0,0,0,0,0,0,17,17,3266819,0,0,0,0,0,0,0,0,0
201104,22,087,3,7,St. Bernard Parish            ,9,9,1108958,0,0,0,0,0,0,0,0,0,0,0,0,0,0,0,0,0,0,0,0,0
201104,22,089,3,7,St. Charles Parish            ,32,32,5877689,0,0,0,0,0,0,0,0,0,14,14,2774500,0,0,0,0,0,0,0,0,0
201104,22,091,3,7,St. Helena Parish             ,6,6,1155756,0,0,0,0,0,0,0,0,0,0,0,0,0,0,0,0,0,0,0,0,0
201104,22,095,3,7,St. John the Baptist Parish   ,18,18,2798067,0,0,0,0,0,0,0,0,0,2,2,305500,0,0,0,0,0,0,0,0,0
201104,22,103,3,7,St. Tammany Parish            ,246,246,49395893,0,0,0,0,0,0,0,0,0,245,245,49205893,0,0,0,0,0,0,0,0,0
201104,22,109,3,7,Terrebonne Parish             ,59,59,15482543,0,0,0,0,0,0,0,0,0,59,59,15482543,0,0,0,0,0,0,0,0,0
201104,22,117,3,7,Washington Parish             ,24,24,3433500,0,0,0,0,0,0,0,0,0,24,24,3433500,0,0,0,0,0,0,0,0,0
201104,23,000,1,1,Maine Unorganized Territory   ,20,20,2656004,0,0,0,0,0,0,0,0,0,0,0,0,0,0,0,0,0,0,0,0,0
201104,24,003,3,5,Anne Arundel County           ,279,279,49475565,0,0,0,1,4,252148,4,71,7221822,277,277,49108618,0,0,0,1,4,252148,4,71,7221822
201104,24,005,3,5,Baltimore County              ,191,191,34103066,0,0,0,0,0,0,0,0,0,191,191,34103066,0,0,0,0,0,0,0,0,0
201104,24,009,3,5,Calvert County                ,70,70,12354308,0,0,0,0,0,0,0,0,0,70,70,12354308,0,0,0,0,0,0,0,0,0
201104,24,013,3,5,Carroll County                ,43,43,9798463,0,0,0,0,0,0,0,0,0,43,43,9798463,0,0,0,0,0,0,0,0,0
201104,24,015,3,5,Cecil County                  ,79,79,15145033,0,0,0,0,0,0,0,0,0,36,36,8291050,0,0,0,0,0,0,0,0,0
201104,24,017,3,5,Charles County                ,213,213,52687935,0,0,0,0,0,0,5,132,5600000,213,213,52687935,0,0,0,0,0,0,5,132,5600000
201104,24,021,3,5,Frederick County              ,188,188,38279534,0,0,0,0,0,0,3,30,3091520,128,128,26089237,0,0,0,0,0,0,2,24,2500000
201104,24,023,3,5,Garrett County                ,36,36,7442320,0,0,0,0,0,0,0,0,0,25,25,4897719,0,0,0,0,0,0,0,0,0
201104,24,025,3,5,Harford County                ,161,161,28677414,0,0,0,0,0,0,2,10,657429,161,161,28677414,0,0,0,0,0,0,1,5,211000
201104,24,027,3,5,Howard County                 ,368,368,84141947,0,0,0,0,0,0,1,18,1617488,290,290,67808788,0,0,0,0,0,0,0,0,0
201104,24,031,3,5,Montgomery County             ,303,303,71852643,19,38,3044031,6,24,1855000,7,300,29541834,296,296,70644115,16,32,2150000,6,24,1855000,7,300,29541834
201104,24,033,3,5,Prince George County          ,230,230,29634060,0,0,0,0,0,0,0,0,0,230,230,29634060,0,0,0,0,0,0,0,0,0
201104,24,035,3,5,Queen Anne County             ,59,59,9687809,0,0,0,0,0,0,0,0,0,59,59,9687809,0,0,0,0,0,0,0,0,0
201104,24,510,3,5,Baltimore (Independent City)  ,22,22,2645042,0,0,0,0,0,0,2,117,9699447,12,12,1388546,0,0,0,0,0,0,1,99,7500000
201104,25,009,1,1,Essex County                  ,109,109,31332101,3,6,735296,4,13,1979299,5,40,3730114,85,85,25313100,1,2,406000,4,13,1979299,1,20,1948109
201104,25,017,1,1,Middlesex County              ,310,310,104572603,1,2,400000,3,11,1351500,10,129,18506492,276,276,97882196,1,2,400000,3,11,1351500,3,79,13646233
201104,25,019,1,1,Nantucket County              ,12,12,7080000,0,0,0,0,0,0,0,0,0,12,12,7080000,0,0,0,0,0,0,0,0,0
201104,25,021,1,1,Norfolk County                ,132,132,41753297,0,0,88000,0,0,0,6,76,7115715,102,102,32509975,0,0,88000,0,0,0,1,50,4767000
201104,25,023,1,1,Plymouth County               ,157,157,32220082,3,6,480000,2,6,620307,2,18,2099631,116,116,25303580,3,6,480000,1,3,324864,1,5,970500
201104,25,025,1,1,Suffolk County                ,7,7,1482294,4,8,1137500,2,7,1325515,3,17,1609767,7,7,1482294,3,6,955000,1,4,750000,1,7,650000
201104,26,000,2,3,Michigan Balance of State     ,7,7,1276298,0,0,0,0,0,0,0,0,0,7,7,1276298,0,0,0,0,0,0,0,0,0
201104,26,001,2,3,Alcona County                 ,4,4,401770,0,0,0,0,0,0,0,0,0,0,0,0,0,0,0,0,0,0,0,0,0
201104,26,009,2,3,Antrim County                 ,9,9,1468336,0,0,0,0,0,0,0,0,0,9,9,1468336,0,0,0,0,0,0,0,0,0
201104,26,015,2,3,Barry County                  ,14,14,3719000,0,0,0,0,0,0,0,0,0,14,14,3719000,0,0,0,0,0,0,0,0,0
201104,26,019,2,3,Benzie County                 ,15,15,2117098,0,0,0,0,0,0,1,5,395205,5,5,758372,0,0,0,0,0,0,0,0,0
201104,26,029,2,3,Charlevoix County             ,10,10,2077111,0,0,0,0,0,0,0,0,0,0,0,0,0,0,0,0,0,0,0,0,0
201104,26,031,2,3,Cheboygan County              ,5,5,890000,0,0,0,0,0,0,0,0,0,5,5,890000,0,0,0,0,0,0,0,0,0
201104,26,047,2,3,Emmet County                  ,9,9,2969206,0,0,0,0,0,0,0,0,0,9,9,2969206,0,0,0,0,0,0,0,0,0
201104,26,051,2,3,Gladwin County                ,6,6,968165,0,0,0,0,0,0,0,0,0,6,6,968165,0,0,0,0,0,0,0,0,0
201104,26,059,2,3,Hillsdale County              ,8,8,1341816,0,0,0,0,0,0,0,0,0,4,4,681876,0,0,0,0,0,0,0,0,0
201104,26,067,2,3,Ionia County                  ,7,7,1087916,0,0,0,0,0,0,0,0,0,0,0,0,0,0,0,0,0,0,0,0,0
201104,26,079,2,3,Kalkaska County               ,8,8,1246150,0,0,0,0,0,0,0,0,0,5,5,881000,0,0,0,0,0,0,0,0,0
201104,26,081,2,3,Kent County                   ,185,185,35274132,0,0,0,0,0,0,0,0,0,165,165,32189421,0,0,0,0,0,0,0,0,0
201104,26,085,2,3,Lake County                   ,9,9,258707,0,0,0,0,0,0,0,0,0,0,0,0,0,0,0,0,0,0,0,0,0
201104,26,087,2,3,Lapeer County                 ,7,7,1140727,0,0,0,0,0,0,0,0,0,7,7,1140727,0,0,0,0,0,0,0,0,0
201104,26,089,2,3,Leelanau County               ,11,11,2852030,0,0,0,0,0,0,0,0,0,11,11,2852030,0,0,0,0,0,0,0,0,0
201104,26,093,2,3,Livingston County             ,34,34,7433146,0,0,0,0,0,0,0,0,0,31,31,7126936,0,0,0,0,0,0,0,0,0
201104,26,099,2,3,Macomb County                 ,236,236,58604987,0,0,0,0,0,0,0,0,0,235,235,58154987,0,0,0,0,0,0,0,0,0
201104,26,103,2,3,Marquette County              ,20,20,3454000,0,0,0,0,0,0,1,5,160000,20,20,3454000,0,0,0,0,0,0,1,5,160000
201104,26,113,2,3,Missaukee County              ,4,4,640967,0,0,0,0,0,0,0,0,0,2,2,320351,0,0,0,0,0,0,0,0,0
201104,26,123,2,3,Newaygo County                ,12,12,790676,0,0,0,0,0,0,0,0,0,8,8,538942,0,0,0,0,0,0,0,0,0
201104,26,125,2,3,Oakland County                ,311,311,73253929,0,0,0,0,0,0,0,0,0,279,279,67040280,0,0,0,0,0,0,0,0,0
201104,26,129,2,3,Ogemaw County                 ,5,5,803335,0,0,0,0,0,0,0,0,0,2,2,320351,0,0,0,0,0,0,0,0,0
201104,26,133,2,3,Osceola County                ,2,2,199000,0,0,0,0,0,0,0,0,0,2,2,199000,0,0,0,0,0,0,0,0,0
201104,26,137,2,3,Otsego County                 ,5,5,1018779,0,0,0,0,0,0,0,0,0,0,0,0,0,0,0,0,0,0,0,0,0
201104,26,141,2,3,Presque Isle County           ,3,3,572000,0,0,0,0,0,0,0,0,0,3,3,572000,0,0,0,0,0,0,0,0,0
201104,26,147,2,3,St. Clair County              ,15,15,1960687,0,0,0,0,0,0,0,0,0,10,10,1454392,0,0,0,0,0,0,0,0,0
201104,26,163,2,3,Wayne County                  ,127,127,27767800,1,2,188000,3,11,1042413,1,10,897115,105,105,24403523,0,0,0,0,0,0,0,0,0
201104,27,003,2,4,Anoka County                  ,131,131,33155531,0,0,0,0,0,0,0,0,0,121,121,31039439,0,0,0,0,0,0,0,0,0
201104,27,019,2,4,Carver County                 ,72,72,20274165,0,0,0,0,0,0,1,8,990000,72,72,20274165,0,0,0,0,0,0,1,8,990000
201104,27,025,2,4,Chisago County                ,7,7,1499810,0,0,0,0,0,0,0,0,0,6,6,1361578,0,0,0,0,0,0,0,0,0
201104,27,037,2,4,Dakota County                 ,116,116,30725696,0,0,0,0,0,0,0,0,0,114,114,30146801,0,0,0,0,0,0,0,0,0
201104,27,053,2,4,Hennepin County               ,213,213,68557215,0,0,0,0,0,0,4,91,9077118,213,213,68557215,0,0,0,0,0,0,4,91,9077118
201104,27,059,2,4,Isanti County                 ,6,6,730624,0,0,0,0,0,0,0,0,0,0,0,0,0,0,0,0,0,0,0,0,0
201104,27,123,2,4,Ramsey County                 ,30,30,5817218,0,0,0,0,0,0,5,72,9999868,30,30,5817218,0,0,0,0,0,0,5,72,9999868
201104,27,139,2,4,Scott County                  ,92,92,25191065,0,0,0,0,0,0,0,0,0,91,91,24961547,0,0,0,0,0,0,0,0,0
201104,27,141,2,4,Sherburne County              ,13,13,2060112,0,0,0,0,0,0,0,0,0,12,12,1933445,0,0,0,0,0,0,0,0,0
201104,27,163,2,4,Washington County             ,135,135,34743734,0,0,0,0,0,0,0,0,0,135,135,34743734,0,0,0,0,0,0,0,0,0
201104,27,171,2,4,Wright County                 ,33,33,5754409,0,0,0,0,0,0,0,0,0,28,28,4770134,0,0,0,0,0,0,0,0,0
201104,28,021,3,6,Claiborne County              ,0,0,0,0,0,0,0,0,0,0,0,0,0,0,0,0,0,0,0,0,0,0,0,0
201104,28,033,3,6,DeSoto County                 ,150,150,21132110,0,0,0,0,0,0,2,10,659580,118,118,16339362,0,0,0,0,0,0,2,10,659580
201104,28,039,3,6,George County                 ,2,2,337000,0,0,0,0,0,0,0,0,0,2,2,337000,0,0,0,0,0,0,0,0,0
201104,28,071,3,6,Lafayette County              ,43,43,5518800,0,0,0,0,0,0,0,0,0,43,43,5518800,0,0,0,0,0,0,0,0,0
201104,28,091,3,6,Marion County                 ,1,1,350000,0,0,0,0,0,0,0,0,0,1,1,350000,0,0,0,0,0,0,0,0,0
201104,28,093,3,6,Marshall County               ,11,11,1581000,0,0,0,0,0,0,0,0,0,11,11,1581000,0,0,0,0,0,0,0,0,0
201104,28,137,3,6,Tate County                   ,18,18,1649310,0,0,0,0,0,0,0,0,0,4,4,394000,0,0,0,0,0,0,0,0,0
201104,28,143,3,6,Tunica County                 ,4,4,321282,0,0,0,0,0,0,0,0,0,0,0,0,0,0,0,0,0,0,0,0,0
201104,28,153,3,6,Wayne County                  ,0,0,0,0,0,0,0,0,0,0,0,0,0,0,0,0,0,0,0,0,0,0,0,0
201104,29,001,2,4,Adair County                  ,6,6,1136036,0,0,0,1,4,210326,1,6,447653,6,6,1136036,0,0,0,1,4,210326,1,6,447653
201104,29,013,2,4,Bates County                  ,0,0,215000,0,0,0,0,0,0,0,0,0,0,0,215000,0,0,0,0,0,0,0,0,0
201104,29,019,2,4,Boone County                  ,154,154,29822410,0,0,0,1,4,300000,12,224,10747092,154,154,29822410,0,0,0,1,4,300000,12,224,10747092
201104,29,025,2,4,Caldwell County               ,6,6,1193302,0,0,0,0,0,0,0,0,0,2,2,387330,0,0,0,0,0,0,0,0,0
201104,29,037,2,4,Cass County                   ,33,33,6911516,0,0,0,0,0,0,2,11,1249733,26,26,5311748,0,0,0,0,0,0,1,6,721400
201104,29,047,2,4,Clay County                   ,17,17,3869687,0,0,0,0,0,0,0,0,0,17,17,3869687,0,0,0,0,0,0,0,0,0
201104,29,049,2,4,Clinton County                ,6,6,1178307,0,0,0,0,0,0,0,0,0,2,2,350000,0,0,0,0,0,0,0,0,0
201104,29,051,2,4,Cole County                   ,43,43,8384946,1,2,208615,1,3,350597,0,0,0,19,19,3388000,0,0,0,0,0,0,0,0,0
201104,29,065,2,4,Dent County                   ,0,0,0,0,0,0,1,4,265000,0,0,0,0,0,0,0,0,0,1,4,265000,0,0,0
201104,29,071,2,4,Franklin County               ,45,45,7840422,4,8,507412,0,0,0,0,0,0,37,37,6413615,4,8,507412,0,0,0,0,0,0
201104,29,079,2,4,Grundy County                 ,0,0,0,0,0,0,0,0,0,0,0,0,0,0,0,0,0,0,0,0,0,0,0,0
201104,29,095,2,4,Jackson County                ,226,226,47102544,0,0,0,0,0,0,0,0,0,224,224,46333516,0,0,0,0,0,0,0,0,0
201104,29,099,2,4,Jefferson County              ,112,112,16610368,0,0,0,0,0,0,0,0,0,112,112,16610368,0,0,0,0,0,0,0,0,0
201104,29,105,2,4,Laclede County                ,4,4,875285,5,10,740986,0,0,0,0,0,0,0,0,0,0,0,0,0,0,0,0,0,0
201104,29,107,2,4,Lafayette County              ,9,9,1832546,0,0,0,0,0,0,0,0,0,0,0,0,0,0,0,0,0,0,0,0,0
201104,29,113,2,4,Lincoln County                ,15,15,1732065,0,0,0,0,0,0,0,0,0,15,15,1732065,0,0,0,0,0,0,0,0,0
201104,29,141,2,4,Morgan County                 ,0,0,0,0,0,0,0,0,0,0,0,0,0,0,0,0,0,0,0,0,0,0,0,0
201104,29,161,2,4,Phelps County                 ,15,15,1208400,2,4,336215,15,60,3574360,0,0,0,15,15,1208400,2,4,336215,15,60,3574360,0,0,0
201104,29,165,2,4,Platte County                 ,32,32,8600802,0,0,0,0,0,0,0,0,0,32,32,8600802,0,0,0,0,0,0,0,0,0
201104,29,177,2,4,Ray County                    ,1,1,125750,0,0,0,0,0,0,0,0,0,0,0,0,0,0,0,0,0,0,0,0,0
201104,29,183,2,4,St. Charles County            ,294,294,53818018,0,0,0,9,36,4157120,1,12,1192674,294,294,53818018,0,0,0,9,36,4157120,1,12,1192674
201104,29,189,2,4,St. Louis County              ,139,139,48478425,0,0,0,14,42,8331504,6,81,7199505,74,74,25371582,0,0,0,14,42,8331504,3,60,4779400
201104,29,219,2,4,Warren County                 ,24,24,4092816,0,0,0,0,0,0,0,0,0,24,24,4092816,0,0,0,0,0,0,0,0,0
201104,29,221,2,4,Washington County             ,0,0,0,0,0,0,0,0,0,0,0,0,0,0,0,0,0,0,0,0,0,0,0,0
201104,29,510,2,4,St. Louis (Independent City)  ,9,9,1325000,0,0,0,23,74,10050000,4,50,4800000,9,9,1325000,0,0,0,23,74,10050000,4,50,4800000
201104,30,023,4,8,Deer Lodge County             ,1,1,131465,0,0,0,0,0,0,0,0,0,1,1,131465,0,0,0,0,0,0,0,0,0
201104,30,063,4,8,Missoula County               ,31,31,4545687,0,0,0,2,6,134383,1,18,960698,31,31,4545687,0,0,0,2,6,134383,1,18,960698
201104,31,025,2,4,Cass County                   ,13,13,2203506,0,0,0,0,0,0,0,0,0,13,13,2203506,0,0,0,0,0,0,0,0,0
201104,31,033,2,4,Cheyenne County               ,0,0,0,0,0,0,0,0,0,0,0,0,0,0,0,0,0,0,0,0,0,0,0,0
201104,31,055,2,4,Douglas County                ,337,337,45742686,2,4,483896,2,6,433440,1,22,1301944,326,326,43918175,2,4,483896,2,6,433440,0,0,0
201104,31,077,2,4,Greeley County                ,1,1,167288,0,0,0,0,0,0,0,0,0,1,1,167288,0,0,0,0,0,0,0,0,0
201104,31,105,2,4,Kimball County                ,0,0,0,0,0,0,0,0,0,0,0,0,0,0,0,0,0,0,0,0,0,0,0,0
201104,31,153,2,4,Sarpy County                  ,163,163,35311214,0,0,0,0,0,0,0,0,0,128,128,28584104,0,0,0,0,0,0,0,0,0
201104,31,155,2,4,Saunders County               ,13,13,2491113,0,0,0,0,0,0,0,0,0,11,11,2211257,0,0,0,0,0,0,0,0,0
201104,31,177,2,4,Washington County             ,9,9,1560655,0,0,0,0,0,0,0,0,0,9,9,1560655,0,0,0,0,0,0,0,0,0
201104,32,001,4,8,Churchill County              ,1,1,248416,0,0,0,0,0,0,0,0,0,1,1,248416,0,0,0,0,0,0,0,0,0
201104,32,003,4,8,Clark County                  ,1160,1160,165892412,0,0,0,4,12,1043840,9,472,29805662,1160,1160,165892412,0,0,0,4,12,1043840,9,472,29805662
201104,32,005,4,8,Douglas County                ,6,6,1976676,0,0,0,0,0,0,0,0,0,6,6,1976676,0,0,0,0,0,0,0,0,0
201104,32,007,4,8,Elko County                   ,43,43,6747762,0,0,0,0,0,0,0,0,0,43,43,6747762,0,0,0,0,0,0,0,0,0
201104,32,013,4,8,Humboldt County               ,7,7,740731,2,4,350934,0,0,0,0,0,0,7,7,740731,2,4,350934,0,0,0,0,0,0
201104,32,015,4,8,Lander County                 ,5,5,614267,0,0,0,0,0,0,0,0,0,5,5,614267,0,0,0,0,0,0,0,0,0
201104,32,017,4,8,Lincoln County                ,4,4,689375,0,0,0,0,0,0,0,0,0,0,0,0,0,0,0,0,0,0,0,0,0
201104,32,019,4,8,Lyon County                   ,17,17,3382710,0,0,0,0,0,0,0,0,0,17,17,3382710,0,0,0,0,0,0,0,0,0
201104,32,021,4,8,Mineral County                ,1,1,67000,0,0,0,0,0,0,0,0,0,1,1,67000,0,0,0,0,0,0,0,0,0
201104,32,027,4,8,Pershing County               ,0,0,0,0,0,0,0,0,0,0,0,0,0,0,0,0,0,0,0,0,0,0,0,0
201104,32,029,4,8,Storey County                 ,3,3,485169,0,0,0,0,0,0,0,0,0,0,0,0,0,0,0,0,0,0,0,0,0
201104,32,031,4,8,Washoe County                 ,169,169,39020921,0,0,0,0,0,0,1,22,2000000,167,167,38255667,0,0,0,0,0,0,1,22,2000000
201104,32,033,4,8,White Pine County             ,0,0,0,0,0,0,0,0,0,0,0,0,0,0,0,0,0,0,0,0,0,0,0,0
201104,32,510,4,8,Carson City (Independent City),2,2,424075,0,0,0,0,0,0,0,0,0,2,2,424075,0,0,0,0,0,0,0,0,0
201104,33,015,1,1,Rockingham County             ,115,115,29086720,1,2,250000,3,10,651197,2,24,3410160,92,92,23157491,1,2,250000,1,4,345980,2,24,3410160
201104,33,017,1,1,Strafford County              ,40,40,6611837,0,0,0,2,6,1350000,0,0,0,31,31,4887118,0,0,0,0,0,0,0,0,0
201104,34,001,1,2,Atlantic County               ,119,119,17766859,2,4,210950,0,0,0,0,0,0,95,95,14852441,2,4,210950,0,0,0,0,0,0
201104,34,003,1,2,Bergen County                 ,156,156,59922521,22,44,6567839,3,9,1181000,15,113,9438838,80,80,33218697,12,24,4251800,1,3,475000,6,68,3529700
201104,34,005,1,2,Burlington County             ,148,148,22955827,0,0,0,0,0,0,9,58,4618542,102,102,15704982,0,0,0,0,0,0,0,0,0
201104,34,007,1,2,Camden County                 ,62,62,8654160,0,0,0,0,0,0,7,106,6912082,37,37,4604314,0,0,0,0,0,0,4,91,6127418
201104,34,009,1,2,Cape May County               ,112,112,28702937,17,34,6470400,2,8,620700,1,6,51000,107,107,27826004,17,34,6470400,2,8,620700,1,6,51000
201104,34,011,1,2,Cumberland County             ,65,65,6532828,0,0,0,0,0,0,0,0,0,48,48,4479621,0,0,0,0,0,0,0,0,0
201104,34,013,1,2,Essex County                  ,58,58,19054689,4,8,567941,7,23,19940700,3,70,13364855,36,36,15278536,3,6,430700,7,23,19940700,1,56,11730000
201104,34,015,1,2,Gloucester County             ,149,149,20956616,1,2,187300,1,4,469500,1,8,807400,136,136,19543216,1,2,187300,1,4,469500,1,8,807400
201104,34,017,1,2,Hudson County                 ,15,15,2046680,10,20,2220311,0,0,0,14,631,91706648,6,6,832400,7,14,1550500,0,0,0,9,598,86570128
201104,34,019,1,2,Hunterdon County              ,59,59,9069182,0,0,0,0,0,0,5,25,2152355,24,24,5074679,0,0,0,0,0,0,0,0,0
201104,34,021,1,2,Mercer County                 ,69,69,16133607,1,2,200000,0,0,0,6,93,1784110,64,64,13916838,1,2,200000,0,0,0,5,88,1765800
201104,34,023,1,2,Middlesex County              ,225,225,36879153,0,0,0,2,6,409350,4,38,1954821,207,207,34694230,0,0,0,0,0,0,2,26,1226890
201104,34,025,1,2,Monmouth County               ,201,201,46061097,0,0,0,0,0,0,6,46,4581132,164,164,40309693,0,0,0,0,0,0,4,36,3018772
201104,34,027,1,2,Morris County                 ,93,93,26820518,0,0,0,0,0,0,4,70,5478004,41,41,13375592,0,0,0,0,0,0,1,55,4500000
201104,34,029,1,2,Ocean County                  ,218,218,46608774,0,0,0,0,0,0,1,24,1841574,208,208,44712379,0,0,0,0,0,0,1,24,1841574
201104,34,031,1,2,Passaic County                ,46,46,7975046,3,6,387638,0,0,0,7,52,5901154,28,28,4751536,2,4,247400,0,0,0,4,36,5186107
201104,34,033,1,2,Salem County                  ,14,14,1628024,0,0,0,0,0,0,2,10,465960,13,13,1527399,0,0,0,0,0,0,0,0,0
201104,34,035,1,2,Somerset County               ,90,90,18707787,0,0,0,0,0,0,5,25,2300909,68,68,14959541,0,0,0,0,0,0,0,0,0
201104,34,037,1,2,Sussex County                 ,48,48,10377005,0,0,0,0,0,0,1,5,25000,22,22,5143858,0,0,0,0,0,0,0,0,0
201104,34,039,1,2,Union County                  ,59,59,11000161,6,12,939979,1,3,181466,5,38,1491278,23,23,4435620,3,6,491601,0,0,0,0,0,0
201104,34,041,1,2,Warren County                 ,64,64,7910414,0,0,0,0,0,0,0,0,0,46,46,4926826,0,0,0,0,0,0,0,0,0
201104,35,000,4,8,New Mexico Balance of State   ,280,280,43919067,0,0,0,0,0,0,0,0,0,280,280,43919067,0,0,0,0,0,0,0,0,0
201104,35,001,4,8,Bernalillo County             ,253,253,46731371,0,0,0,0,0,0,4,61,4743569,17,17,4782323,0,0,0,0,0,0,0,0,0
201104,35,005,4,8,Chaves County                 ,17,17,5814819,0,0,0,0,0,0,0,0,0,16,16,5638504,0,0,0,0,0,0,0,0,0
201104,35,007,4,8,Colfax County                 ,2,2,862053,0,0,0,0,0,0,0,0,0,0,0,0,0,0,0,0,0,0,0,0,0
201104,35,009,4,8,Curry County                  ,34,34,8071598,0,0,0,0,0,0,0,0,0,34,34,8071598,0,0,0,0,0,0,0,0,0
201104,35,013,4,8,Dona Ana County               ,213,213,41639237,0,0,0,4,14,800000,0,0,0,187,187,35241341,0,0,0,4,14,800000,0,0,0
201104,35,015,4,8,Eddy County                   ,17,17,2767669,0,0,0,0,0,0,0,0,0,17,17,2767669,0,0,0,0,0,0,0,0,0
201104,35,025,4,8,Lea County                    ,4,4,657125,0,0,0,0,0,0,0,0,0,4,4,657125,0,0,0,0,0,0,0,0,0
201104,35,027,4,8,Lincoln County                ,11,11,1924365,0,0,0,0,0,0,0,0,0,0,0,0,0,0,0,0,0,0,0,0,0
201104,35,028,4,8,Los Alamos County             ,1,1,275000,0,0,0,0,0,0,0,0,0,1,1,275000,0,0,0,0,0,0,0,0,0
201104,35,029,4,8,Luna County                   ,5,5,915544,0,0,0,0,0,0,0,0,0,0,0,0,0,0,0,0,0,0,0,0,0
201104,35,031,4,8,McKinley County               ,0,0,0,0,0,0,0,0,0,0,0,0,0,0,0,0,0,0,0,0,0,0,0,0
201104,35,035,4,8,Otero County                  ,0,0,0,0,0,0,0,0,0,0,0,0,0,0,0,0,0,0,0,0,0,0,0,0
201104,35,039,4,8,Rio Arriba County             ,0,0,0,0,0,0,0,0,0,0,0,0,0,0,0,0,0,0,0,0,0,0,0,0
201104,35,041,4,8,Roosevelt County              ,9,9,1210267,0,0,0,0,0,0,0,0,0,7,7,912000,0,0,0,0,0,0,0,0,0
201104,35,043,4,8,Sandoval County               ,132,132,23336595,0,0,0,1,3,252773,0,0,0,52,52,9154069,0,0,0,0,0,0,0,0,0
201104,35,045,4,8,San Juan County               ,53,53,10290498,0,0,0,0,0,0,0,0,0,53,53,10290498,0,0,0,0,0,0,0,0,0
201104,35,049,4,8,Santa Fe County               ,31,31,4134068,0,0,0,0,0,0,0,0,0,0,0,0,0,0,0,0,0,0,0,0,0
201104,35,051,4,8,Sierra County                 ,0,0,0,0,0,0,0,0,0,0,0,0,0,0,0,0,0,0,0,0,0,0,0,0
201104,35,053,4,8,Socorro County                ,0,0,0,0,0,0,0,0,0,0,0,0,0,0,0,0,0,0,0,0,0,0,0,0
201104,35,055,4,8,Taos County                   ,15,15,1835183,0,0,0,0,0,0,0,0,0,1,1,300000,0,0,0,0,0,0,0,0,0
201104,35,061,4,8,Valencia County               ,24,24,3089338,0,0,0,0,0,0,0,0,0,0,0,0,0,0,0,0,0,0,0,0,0
201104,36,005,1,2,Bronx County                  ,0,0,0,4,8,863763,2,8,877694,14,316,33266939,0,0,0,4,8,863763,2,8,877694,14,316,33266939
201104,36,047,1,2,Kings County                  ,0,0,0,19,38,4023035,11,35,3734205,3,230,26843990,0,0,0,19,38,4023035,11,35,3734205,3,230,26843990
201104,36,059,1,2,Nassau County                 ,104,104,46783737,1,2,71429,0,0,0,3,98,6500000,92,92,40357969,0,0,0,0,0,0,3,98,6500000
201104,36,061,1,2,New York County               ,0,0,0,0,0,0,0,0,0,7,146,17040098,0,0,0,0,0,0,0,0,0,7,146,17040098
201104,36,079,1,2,Putnam County                 ,21,21,6030253,1,2,112500,1,3,818169,0,0,0,17,17,4951600,1,2,112500,0,0,0,0,0,0
201104,36,081,1,2,Queens County                 ,30,30,6450486,51,102,11068262,12,39,3697382,7,549,58051488,30,30,6450486,51,102,11068262,12,39,3697382,7,549,58051488
201104,36,085,1,2,Richmond County               ,31,31,6729770,54,108,11525691,0,0,0,0,0,0,31,31,6729770,54,108,11525691,0,0,0,0,0,0
201104,36,087,1,2,Rockland County               ,17,17,4048887,2,4,700000,3,9,1079135,0,0,0,14,14,3054000,2,4,700000,3,9,1079135,0,0,0
201104,36,103,1,2,Suffolk County                ,227,227,92778340,3,6,629398,0,0,0,0,0,0,180,180,79385049,3,6,629398,0,0,0,0,0,0
201104,36,119,1,2,Westchester County            ,50,50,66492281,2,4,391667,1,3,1500000,14,446,36607465,37,37,58151009,1,2,175000,1,3,1500000,13,426,33453498
201104,37,003,3,5,Alexander County              ,28,28,4761549,0,0,0,0,0,0,0,0,0,7,7,2482080,0,0,0,0,0,0,0,0,0
201104,37,007,3,5,Anson County                  ,5,5,672010,0,0,0,0,0,0,0,0,0,5,5,672010,0,0,0,0,0,0,0,0,0
201104,37,009,3,5,Ashe County                   ,24,24,3975920,0,0,0,0,0,0,0,0,0,24,24,3975920,0,0,0,0,0,0,0,0,0
201104,37,011,3,5,Avery County                  ,12,12,4097000,0,0,0,0,0,0,0,0,0,12,12,4097000,0,0,0,0,0,0,0,0,0
201104,37,019,3,5,Brunswick County              ,309,309,62850575,0,0,0,0,0,0,0,0,0,275,275,56605817,0,0,0,0,0,0,0,0,0
201104,37,025,3,5,Cabarrus County               ,161,161,21769006,0,0,0,1,3,200000,0,0,0,161,161,21769006,0,0,0,1,3,200000,0,0,0
201104,37,027,3,5,Caldwell County               ,24,24,3089080,1,2,150000,0,0,0,0,0,0,24,24,3089080,1,2,150000,0,0,0,0,0,0
201104,37,037,3,5,Chatham County                ,89,89,22135060,0,0,0,0,0,0,0,0,0,89,89,22135060,0,0,0,0,0,0,0,0,0
201104,37,039,3,5,Cherokee County               ,32,32,5683047,0,0,0,0,0,0,0,0,0,32,32,5683047,0,0,0,0,0,0,0,0,0
201104,37,049,3,5,Craven County                 ,128,128,16878191,1,2,240000,0,0,0,0,0,0,128,128,16878191,1,2,240000,0,0,0,0,0,0
201104,37,053,3,5,Currituck County              ,45,45,12047566,0,0,0,0,0,0,0,0,0,33,33,9073945,0,0,0,0,0,0,0,0,0
201104,37,059,3,5,Davie County                  ,12,12,1736560,0,0,0,0,0,0,0,0,0,12,12,1736560,0,0,0,0,0,0,0,0,0
201104,37,063,3,5,Durham County                 ,325,325,61724862,0,0,0,0,0,0,1,25,1334589,247,247,47873997,0,0,0,0,0,0,0,0,0
201104,37,067,3,5,Forsyth County                ,256,256,38500966,0,0,0,0,0,0,0,0,0,256,256,38500966,0,0,0,0,0,0,0,0,0
201104,37,069,3,5,Franklin County               ,44,44,7920760,0,0,0,0,0,0,0,0,0,44,44,7920760,0,0,0,0,0,0,0,0,0
201104,37,071,3,5,Gaston County                 ,91,91,20375552,1,2,134152,0,0,0,0,0,0,91,91,20375552,1,2,134152,0,0,0,0,0,0
201104,37,081,3,5,Guilford County               ,236,236,33469836,13,26,1942942,6,18,1337004,22,345,18043707,223,223,31393248,13,26,1942942,6,18,1337004,21,338,17337443
201104,37,089,3,5,Henderson County              ,64,64,12445232,1,2,1131423,0,0,0,0,0,0,64,64,12445232,1,2,1131423,0,0,0,0,0,0
201104,37,093,3,5,Hoke County                   ,179,179,31536317,0,0,0,0,0,0,0,0,0,179,179,31536317,0,0,0,0,0,0,0,0,0
201104,37,097,3,5,Iredell County                ,98,98,27790726,0,0,0,0,0,0,0,0,0,98,98,27790726,0,0,0,0,0,0,0,0,0
201104,37,101,3,5,Johnston County               ,162,162,25831163,0,0,0,0,0,0,0,0,0,161,161,25699425,0,0,0,0,0,0,0,0,0
201104,37,105,3,5,Lee County                    ,35,35,3643925,0,0,0,0,0,0,0,0,0,35,35,3643925,0,0,0,0,0,0,0,0,0
201104,37,109,3,5,Lincoln County                ,45,45,9835954,1,2,107500,0,0,0,0,0,0,0,0,0,0,0,0,0,0,0,0,0,0
201104,37,113,3,5,Macon County                  ,19,19,3420648,0,0,0,0,0,0,0,0,0,19,19,3420648,0,0,0,0,0,0,0,0,0
201104,37,119,3,5,Mecklenburg County            ,487,487,86185521,3,6,543026,9,32,2882497,22,486,40195275,114,114,19783583,0,0,0,0,0,0,10,50,4086520
201104,37,127,3,5,Nash County                   ,39,39,5634380,0,0,0,0,0,0,0,0,0,39,39,5634380,0,0,0,0,0,0,0,0,0
201104,37,129,3,5,New Hanover County            ,114,114,27191478,0,0,0,0,0,0,4,40,3870139,12,12,2879957,0,0,0,0,0,0,0,0,0
201104,37,135,3,5,Orange County                 ,73,73,20127250,0,0,0,0,0,0,6,84,11021483,66,66,18027675,0,0,0,0,0,0,0,0,0
201104,37,137,3,5,Pamlico County                ,15,15,3541984,0,0,0,0,0,0,0,0,0,0,0,0,0,0,0,0,0,0,0,0,0
201104,37,141,3,5,Pender County                 ,63,63,8655998,0,0,0,0,0,0,0,0,0,41,41,5811594,0,0,0,0,0,0,0,0,0
201104,37,145,3,5,Person County                 ,19,19,4305600,0,0,0,0,0,0,0,0,0,19,19,4305600,0,0,0,0,0,0,0,0,0
201104,37,147,3,5,Pitt County                   ,109,109,16196200,9,18,1227350,0,0,0,0,0,0,109,109,16196200,9,18,1227350,0,0,0,0,0,0
201104,37,149,3,5,Polk County                   ,11,11,2209683,0,0,0,0,0,0,0,0,0,11,11,2209683,0,0,0,0,0,0,0,0,0
201104,37,151,3,5,Randolph County               ,70,70,14496276,0,0,0,0,0,0,4,32,1124000,53,53,11209970,0,0,0,0,0,0,4,32,1124000
201104,37,157,3,5,Rockingham County             ,30,30,8065387,0,0,0,0,0,0,0,0,0,30,30,8065387,0,0,0,0,0,0,0,0,0
201104,37,159,3,5,Rowan County                  ,34,34,7497316,0,0,0,0,0,0,0,0,0,34,34,7497316,0,0,0,0,0,0,0,0,0
201104,37,163,3,5,Sampson County                ,28,28,3477392,0,0,0,0,0,0,0,0,0,28,28,3477392,0,0,0,0,0,0,0,0,0
201104,37,167,3,5,Stanly County                 ,26,26,3475921,0,0,0,0,0,0,0,0,0,26,26,3475921,0,0,0,0,0,0,0,0,0
201104,37,171,3,5,Surry County                  ,30,30,5222123,0,0,0,0,0,0,0,0,0,30,30,5222123,0,0,0,0,0,0,0,0,0
201104,37,175,3,5,Transylvania County           ,17,17,5422837,0,0,0,0,0,0,0,0,0,17,17,5422837,0,0,0,0,0,0,0,0,0
201104,37,179,3,5,Union County                  ,203,203,33991116,0,0,0,0,0,0,0,0,0,199,199,33053148,0,0,0,0,0,0,0,0,0
201104,37,181,3,5,Vance County                  ,16,16,1557753,0,0,0,0,0,0,0,0,0,16,16,1557753,0,0,0,0,0,0,0,0,0
201104,37,183,3,5,Wake County                   ,1135,1135,228804166,1,2,300000,0,0,0,11,406,53441041,1118,1118,225219799,1,2,300000,0,0,0,11,406,53441041
201104,37,195,3,5,Wilson County                 ,33,33,6885658,1,2,303980,0,0,0,0,0,0,33,33,6885658,1,2,303980,0,0,0,0,0,0
201104,39,015,2,3,Brown County                  ,15,15,2208537,0,0,0,0,0,0,0,0,0,11,11,1550000,0,0,0,0,0,0,0,0,0
201104,39,017,2,3,Butler County                 ,119,119,24832465,1,2,200000,0,0,0,0,0,0,105,105,23086530,1,2,200000,0,0,0,0,0,0
201104,39,025,2,3,Clermont County               ,106,106,15286318,0,0,0,0,0,0,0,0,0,106,106,15286318,0,0,0,0,0,0,0,0,0
201104,39,035,2,3,Cuyahoga County               ,112,112,25966328,0,0,0,1,4,480000,1,6,720000,66,66,18234826,0,0,0,1,4,480000,1,6,720000
201104,39,041,2,3,Delaware County               ,171,171,35809373,0,0,0,0,0,0,0,0,0,171,171,35809373,0,0,0,0,0,0,0,0,0
201104,39,045,2,3,Fairfield County              ,44,44,8857631,0,0,0,1,3,388125,0,0,0,31,31,6486314,0,0,0,0,0,0,0,0,0
201104,39,049,2,3,Franklin County               ,424,424,86629739,3,6,788124,13,50,3648395,43,499,24995933,415,415,83833551,3,6,788124,13,50,3648395,43,499,24995933
201104,39,055,2,3,Geauga County                 ,34,34,9749532,0,0,0,0,0,0,0,0,0,34,34,9749532,0,0,0,0,0,0,0,0,0
201104,39,061,2,3,Hamilton County               ,151,151,36859674,0,0,0,0,0,0,0,0,0,126,126,31143313,0,0,0,0,0,0,0,0,0
201104,39,085,2,3,Lake County                   ,61,61,14316589,0,0,0,0,0,0,0,0,0,33,33,6749463,0,0,0,0,0,0,0,0,0
201104,39,089,2,3,Licking County                ,144,144,17697558,0,0,0,1,3,307668,1,5,367188,137,137,16387467,0,0,0,0,0,0,0,0,0
201104,39,093,2,3,Lorain County                 ,133,133,28152331,0,0,0,0,0,0,3,25,1050000,123,123,26411090,0,0,0,0,0,0,3,25,1050000
201104,39,097,2,3,Madison County                ,5,5,872885,0,0,0,0,0,0,0,0,0,4,4,782510,0,0,0,0,0,0,0,0,0
201104,39,103,2,3,Medina County                 ,129,129,22357856,0,0,0,0,0,0,1,5,150000,125,125,21720637,0,0,0,0,0,0,1,5,150000
201104,39,117,2,3,Morrow County                 ,7,7,1152308,0,0,0,0,0,0,0,0,0,5,5,860000,0,0,0,0,0,0,0,0,0
201104,39,129,2,3,Pickaway County               ,7,7,1177341,0,0,0,0,0,0,0,0,0,5,5,778968,0,0,0,0,0,0,0,0,0
201104,39,159,2,3,Union County                  ,34,34,6763466,0,0,0,0,0,0,0,0,0,34,34,6763466,0,0,0,0,0,0,0,0,0
201104,39,165,2,3,Warren County                 ,149,149,37555744,0,0,0,4,14,2793411,5,49,7710623,147,147,37192727,0,0,0,4,14,2793411,5,49,7710623
201104,39,169,2,3,Wayne County                  ,34,34,6660725,0,0,0,1,4,650000,0,0,0,34,34,6660725,0,0,0,1,4,650000,0,0,0
201104,40,017,3,7,Canadian County               ,69,69,13044244,1,2,210000,0,0,0,0,0,0,56,56,9893880,1,2,210000,0,0,0,0,0,0
201104,40,021,3,7,Cherokee County               ,32,32,3061213,1,2,143360,0,0,0,0,0,0,30,30,2723000,0,0,0,0,0,0,0,0,0
201104,40,027,3,7,Cleveland County              ,231,231,42505486,0,0,0,0,0,0,2,35,3800000,230,230,42329476,0,0,0,0,0,0,2,35,3800000
201104,40,029,3,7,Coal County                   ,0,0,0,0,0,0,0,0,0,0,0,0,0,0,0,0,0,0,0,0,0,0,0,0
201104,40,037,3,7,Creek County                  ,16,16,2122373,0,0,0,0,0,0,0,0,0,15,15,2033221,0,0,0,0,0,0,0,0,0
201104,40,051,3,7,Grady County                  ,19,19,4036374,0,0,0,0,0,0,0,0,0,12,12,2805980,0,0,0,0,0,0,0,0,0
201104,40,081,3,7,Lincoln County                ,5,5,1043510,0,0,0,0,0,0,0,0,0,5,5,1043510,0,0,0,0,0,0,0,0,0
201104,40,083,3,7,Logan County                  ,0,0,0,0,0,0,0,0,0,1,6,490382,0,0,0,0,0,0,0,0,0,1,6,490382
201104,40,087,3,7,McClain County                ,39,39,6559163,0,0,0,0,0,0,1,8,2600000,15,15,3139939,0,0,0,0,0,0,1,8,2600000
201104,40,099,3,7,Murray County                 ,6,6,973119,0,0,0,1,4,60000,0,0,0,6,6,973119,0,0,0,1,4,60000,0,0,0
201104,40,109,3,7,Oklahoma County               ,641,641,112683929,5,10,855728,0,0,0,4,25,1428860,204,204,46443721,2,4,357600,0,0,0,0,0,0
201104,40,111,3,7,Okmulgee County               ,3,3,387370,0,0,0,0,0,0,0,0,0,3,3,387370,0,0,0,0,0,0,0,0,0
201104,40,113,3,7,Osage County                  ,27,27,4632723,0,0,0,6,24,1710000,0,0,0,27,27,4632723,0,0,0,6,24,1710000,0,0,0
201104,40,117,3,7,Pawnee County                 ,0,0,0,0,0,0,0,0,0,0,0,0,0,0,0,0,0,0,0,0,0,0,0,0
201104,40,131,3,7,Rogers County                 ,62,62,8973472,0,0,0,0,0,0,0,0,0,61,61,8771272,0,0,0,0,0,0,0,0,0
201104,40,143,3,7,Tulsa County                  ,475,475,103514179,0,0,0,0,0,0,16,308,14327350,475,475,103514179,0,0,0,0,0,0,16,308,14327350
201104,40,145,3,7,Wagoner County                ,40,40,6540851,0,0,0,0,0,0,0,0,0,40,40,6540851,0,0,0,0,0,0,0,0,0
201104,41,000,4,9,Oregon Balance of State       ,22,22,3273161,0,0,0,0,0,0,0,0,0,22,22,3273161,0,0,0,0,0,0,0,0,0
201104,41,001,4,9,Baker County                  ,5,5,976785,0,0,0,0,0,0,0,0,0,5,5,976785,0,0,0,0,0,0,0,0,0
201104,41,005,4,9,Clackamas County              ,250,250,66072740,0,0,0,0,0,0,1,41,4600000,229,229,60919835,0,0,0,0,0,0,1,41,4600000
201104,41,009,4,9,Columbia County               ,11,11,2023341,0,0,0,0,0,0,0,0,0,10,10,1869110,0,0,0,0,0,0,0,0,0
201104,41,017,4,9,Deschutes County              ,147,147,31839714,0,0,0,0,0,0,0,0,0,146,146,31655586,0,0,0,0,0,0,0,0,0
201104,41,019,4,9,Douglas County                ,23,23,5678779,0,0,0,0,0,0,0,0,0,23,23,5678779,0,0,0,0,0,0,0,0,0
201104,41,025,4,9,Harney County                 ,2,2,538747,0,0,0,0,0,0,0,0,0,0,0,0,0,0,0,0,0,0,0,0,0
201104,41,033,4,9,Josephine County              ,18,18,4213961,1,2,1500,0,0,0,0,0,0,18,18,4213961,1,2,1500,0,0,0,0,0,0
201104,41,035,4,9,Klamath County                ,12,12,2139372,0,0,0,0,0,0,0,0,0,12,12,2139372,0,0,0,0,0,0,0,0,0
201104,41,045,4,9,Malheur County                ,3,3,697360,0,0,0,0,0,0,0,0,0,3,3,697360,0,0,0,0,0,0,0,0,0
201104,41,051,4,9,Multnomah County              ,138,138,30780400,4,8,967044,1,4,280316,5,392,45614065,138,138,30780400,4,8,967044,1,4,280316,5,392,45614065
201104,41,057,4,9,Tillamook County              ,23,23,5795957,1,2,199666,0,0,0,0,0,0,23,23,5795957,1,2,199666,0,0,0,0,0,0
201104,41,059,4,9,Umatilla County               ,13,13,2242394,0,0,0,1,3,250603,0,0,0,9,9,1455367,0,0,0,0,0,0,0,0,0
201104,41,061,4,9,Union County                  ,7,7,1421095,0,0,0,0,0,0,0,0,0,7,7,1421095,0,0,0,0,0,0,0,0,0
201104,41,067,4,9,Washington County             ,317,317,75824025,0,0,0,3,9,1134924,2,26,2652117,317,317,75824025,0,0,0,3,9,1134924,2,26,2652117
201104,41,071,4,9,Yamhill County                ,61,61,15425556,0,0,0,0,0,0,0,0,0,61,61,15425556,0,0,0,0,0,0,0,0,0
201104,42,001,1,2,Adams County                  ,57,57,10256552,0,0,0,0,0,0,0,0,0,57,57,10256552,0,0,0,0,0,0,0,0,0
201104,42,003,1,2,Allegheny County              ,383,383,90197123,0,0,0,0,0,0,3,27,5466188,262,262,68708338,0,0,0,0,0,0,1,6,931200
201104,42,005,1,2,Armstrong County              ,12,12,1777828,0,0,0,0,0,0,0,0,0,0,0,0,0,0,0,0,0,0,0,0,0
201104,42,007,1,2,Beaver County                 ,63,63,13339331,0,0,0,0,0,0,0,0,0,46,46,9803262,0,0,0,0,0,0,0,0,0
201104,42,017,1,2,Bucks County                  ,134,134,24372785,0,0,0,0,0,0,0,0,0,120,120,21804525,0,0,0,0,0,0,0,0,0
201104,42,019,1,2,Butler County                 ,160,160,36627675,0,0,0,2,7,628800,2,37,4719622,152,152,35028729,0,0,0,2,7,628800,1,32,4136057
201104,42,025,1,2,Carbon County                 ,44,44,7686013,0,0,0,0,0,0,0,0,0,40,40,6992928,0,0,0,0,0,0,0,0,0
201104,42,029,1,2,Chester County                ,262,262,48709962,0,0,0,2,7,1027054,5,90,15696986,212,212,38223454,0,0,0,2,7,1027054,5,90,15696986
201104,42,045,1,2,Delaware County               ,82,82,17801008,0,0,0,0,0,0,1,5,1481069,48,48,10594283,0,0,0,0,0,0,0,0,0
201104,42,051,1,2,Fayette County                ,55,55,12040573,0,0,0,0,0,0,0,0,0,4,4,710400,0,0,0,0,0,0,0,0,0
201104,42,055,1,2,Franklin County               ,88,88,12994915,1,2,130000,0,0,0,2,10,500000,73,73,11453849,1,2,130000,0,0,0,0,0,0
201104,42,065,1,2,Jefferson County              ,32,32,3495845,0,0,0,0,0,0,0,0,0,32,32,3495845,0,0,0,0,0,0,0,0,0
201104,42,077,1,2,Lehigh County                 ,132,132,21008374,0,0,0,0,0,0,0,0,0,118,118,18756995,0,0,0,0,0,0,0,0,0
201104,42,091,1,2,Montgomery County             ,167,167,31806685,4,8,869248,2,7,925000,1,5,875000,135,135,24409861,4,8,869248,1,4,700000,1,5,875000
201104,42,095,1,2,Northampton County            ,138,138,23370956,1,2,191250,1,4,382500,1,5,575632,119,119,19482610,0,0,0,0,0,0,0,0,0
201104,42,101,1,2,Philadelphia County           ,143,143,30440583,39,78,5805000,20,61,3475000,8,91,7445000,143,143,30440583,39,78,5805000,20,61,3475000,8,91,7445000
201104,42,103,1,2,Pike County                   ,42,42,12521608,0,0,0,0,0,0,0,0,0,39,39,11859063,0,0,0,0,0,0,0,0,0
201104,42,125,1,2,Washington County             ,124,124,32217742,0,0,0,2,7,969003,0,0,0,88,88,25764329,0,0,0,1,4,620000,0,0,0
201104,42,129,1,2,Westmoreland County           ,100,100,18868764,1,2,277342,0,0,0,0,0,0,71,71,12888074,1,2,277342,0,0,0,0,0,0
201104,44,001,1,1,Bristol County                ,9,9,2476620,0,0,0,0,0,0,0,0,0,9,9,2476620,0,0,0,0,0,0,0,0,0
201104,44,003,1,1,Kent County                   ,18,18,2900598,1,2,110000,0,0,0,1,6,558989,9,9,1434520,0,0,0,0,0,0,0,0,0
201104,44,005,1,1,Newport County                ,22,22,5916213,0,0,0,0,0,0,0,0,0,21,21,5733630,0,0,0,0,0,0,0,0,0
201104,44,007,1,1,Providence County             ,55,55,9541432,0,0,0,2,6,260000,0,0,0,50,50,8567814,0,0,0,1,3,180000,0,0,0
201104,44,009,1,1,Washington County             ,55,55,10096751,0,0,0,4,13,2125890,0,0,0,43,43,8651387,0,0,0,2,6,668000,0,0,0
201104,45,003,3,5,Aiken County                  ,210,210,37036345,0,0,0,0,0,0,0,0,0,183,183,34011916,0,0,0,0,0,0,0,0,0
201104,45,009,3,5,Bamberg County                ,0,0,0,0,0,0,0,0,0,0,0,0,0,0,0,0,0,0,0,0,0,0,0,0
201104,45,015,3,5,Berkeley County               ,300,300,52722246,0,0,0,0,0,0,1,7,903593,228,228,38286853,0,0,0,0,0,0,0,0,0
201104,45,017,3,5,Calhoun County                ,4,4,585000,1,2,130000,0,0,0,0,0,0,4,4,585000,1,2,130000,0,0,0,0,0,0
201104,45,019,3,5,Charleston County             ,422,422,100087049,0,0,0,0,0,0,8,318,17556532,291,291,77819338,0,0,0,0,0,0,4,255,14400000
201104,45,035,3,5,Dorchester County             ,195,195,49533482,0,0,0,0,0,0,0,0,0,194,194,49425982,0,0,0,0,0,0,0,0,0
201104,45,039,3,5,Fairfield County              ,9,9,1043978,0,0,0,0,0,0,0,0,0,0,0,0,0,0,0,0,0,0,0,0,0
201104,45,041,3,5,Florence County               ,79,79,9684923,7,14,713563,0,0,0,0,0,0,0,0,0,0,0,0,0,0,0,0,0,0
201104,45,045,3,5,Greenville County             ,388,388,87878250,0,0,0,0,0,0,0,0,0,384,384,87518271,0,0,0,0,0,0,0,0,0
201104,45,047,3,5,Greenwood County              ,12,12,1689511,0,0,0,0,0,0,0,0,0,12,12,1689511,0,0,0,0,0,0,0,0,0
201104,45,055,3,5,Kershaw County                ,46,46,5747133,0,0,0,0,0,0,0,0,0,46,46,5747133,0,0,0,0,0,0,0,0,0
201104,45,059,3,5,Laurens County                ,21,21,3234857,0,0,0,0,0,0,0,0,0,21,21,3234857,0,0,0,0,0,0,0,0,0
201104,45,063,3,5,Lexington County              ,376,376,65203024,0,0,0,0,0,0,5,134,11066041,94,94,11480742,0,0,0,0,0,0,0,0,0
201104,45,077,3,5,Pickens County                ,122,122,27600345,0,0,0,0,0,0,0,0,0,118,118,26695810,0,0,0,0,0,0,0,0,0
201104,45,079,3,5,Richland County               ,300,300,34562569,0,0,0,0,0,0,8,120,6703885,55,55,6305862,0,0,0,0,0,0,3,48,2640000
201104,45,081,3,5,Saluda County                 ,9,9,1377867,0,0,0,0,0,0,0,0,0,9,9,1377867,0,0,0,0,0,0,0,0,0
201104,45,085,3,5,Sumter County                 ,145,145,15961701,0,0,0,0,0,0,0,0,0,145,145,15961701,0,0,0,0,0,0,0,0,0
201104,45,091,3,5,York County                   ,338,338,83986180,0,0,0,0,0,0,3,48,5705442,338,338,83986180,0,0,0,0,0,0,3,48,5705442
201104,46,005,2,4,Beadle County                 ,8,8,1358611,0,0,0,0,0,0,0,0,0,8,8,1358611,0,0,0,0,0,0,0,0,0
201104,46,069,2,4,Hyde County                   ,0,0,0,0,0,0,0,0,0,0,0,0,0,0,0,0,0,0,0,0,0,0,0,0
201104,46,121,2,4,Todd County                   ,0,0,0,0,0,0,0,0,0,0,0,0,0,0,0,0,0,0,0,0,0,0,0,0
201104,47,011,3,6,Bradley County                ,61,61,7143630,1,2,149250,7,27,1213765,0,0,0,58,58,6834000,0,0,0,6,24,1051000,0,0,0
201104,47,015,3,6,Cannon County                 ,4,4,544400,0,0,0,0,0,0,0,0,0,2,2,208000,0,0,0,0,0,0,0,0,0
201104,47,021,3,6,Cheatham County               ,17,17,3281000,0,0,0,0,0,0,1,7,1625000,17,17,3281000,0,0,0,0,0,0,1,7,1625000
201104,47,037,3,6,Davidson County               ,359,359,77055597,11,22,2418179,0,0,0,0,0,0,358,358,76044581,11,22,2418179,0,0,0,0,0,0
201104,47,039,3,6,Decatur County                ,0,0,0,0,0,0,0,0,0,0,0,0,0,0,0,0,0,0,0,0,0,0,0,0
201104,47,043,3,6,Dickson County                ,30,30,4939002,0,0,0,0,0,0,1,8,381000,23,23,3820140,0,0,0,0,0,0,1,8,381000
201104,47,047,3,6,Fayette County                ,28,28,13125073,0,0,0,0,0,0,0,0,0,15,15,3848900,0,0,0,0,0,0,0,0,0
201104,47,063,3,6,Hamblen County                ,14,14,1514925,0,0,0,0,0,0,0,0,0,4,4,513000,0,0,0,0,0,0,0,0,0
201104,47,071,3,6,Hardin County                 ,5,5,290000,0,0,0,0,0,0,0,0,0,5,5,290000,0,0,0,0,0,0,0,0,0
201104,47,081,3,6,Hickman County                ,0,0,0,0,0,0,0,0,0,0,0,0,0,0,0,0,0,0,0,0,0,0,0,0
201104,47,091,3,6,Johnson County                ,0,0,0,0,0,0,0,0,0,0,0,0,0,0,0,0,0,0,0,0,0,0,0,0
201104,47,093,3,6,Knox County                   ,242,242,41752013,2,4,310000,1,4,698690,0,0,0,242,242,41752013,2,4,310000,1,4,698690,0,0,0
201104,47,111,3,6,Macon County                  ,1,1,60000,1,2,60000,0,0,0,6,40,3100000,1,1,60000,1,2,60000,0,0,0,6,40,3100000
201104,47,113,3,6,Madison County                ,56,56,10359109,0,0,0,0,0,0,0,0,0,56,56,10359109,0,0,0,0,0,0,0,0,0
201104,47,125,3,6,Montgomery County             ,348,348,41204608,12,24,890000,13,44,2661000,9,65,2840000,348,348,41204608,12,24,890000,13,44,2661000,9,65,2840000
201104,47,141,3,6,Putnam County                 ,70,70,10949127,1,2,189465,3,10,930240,0,0,0,70,70,10949127,1,2,189465,3,10,930240,0,0,0
201104,47,147,3,6,Robertson County              ,42,42,5142522,0,0,0,0,0,0,0,0,0,37,37,4256952,0,0,0,0,0,0,0,0,0
201104,47,149,3,6,Rutherford County             ,301,301,52951229,0,0,0,0,0,0,0,0,0,274,274,48983967,0,0,0,0,0,0,0,0,0
201104,47,157,3,6,Shelby County                 ,252,252,48099860,0,0,0,0,0,0,1,182,22280944,252,252,48099860,0,0,0,0,0,0,1,182,22280944
201104,47,159,3,6,Smith County                  ,6,6,1062977,0,0,0,0,0,0,0,0,0,6,6,1062977,0,0,0,0,0,0,0,0,0
201104,47,165,3,6,Sumner County                 ,140,140,22270710,0,0,0,0,0,0,0,0,0,131,131,21169370,0,0,0,0,0,0,0,0,0
201104,47,167,3,6,Tipton County                 ,19,19,2478300,0,0,0,0,0,0,0,0,0,14,14,1747200,0,0,0,0,0,0,0,0,0
201104,47,169,3,6,Trousdale County              ,7,7,673600,0,0,0,0,0,0,0,0,0,7,7,673600,0,0,0,0,0,0,0,0,0
201104,47,179,3,6,Washington County             ,102,102,15839533,1,2,80960,1,3,124000,0,0,0,78,78,12323105,1,2,80960,1,3,124000,0,0,0
201104,47,187,3,6,Williamson County             ,249,249,77163041,0,0,0,0,0,0,0,0,0,249,249,77163041,0,0,0,0,0,0,0,0,0
201104,47,189,3,6,Wilson County                 ,160,160,25481586,0,0,0,4,16,700000,3,25,525000,112,112,17632878,0,0,0,4,16,700000,3,25,525000
201104,48,013,3,7,Atascosa County               ,30,30,3746008,1,2,135000,0,0,0,0,0,0,26,26,3157396,1,2,135000,0,0,0,0,0,0
201104,48,015,3,7,Austin County                 ,11,11,1463016,0,0,0,0,0,0,0,0,0,9,9,1183225,0,0,0,0,0,0,0,0,0
201104,48,019,3,7,Bandera County                ,1,1,90000,0,0,0,0,0,0,0,0,0,1,1,90000,0,0,0,0,0,0,0,0,0
201104,48,021,3,7,Bastrop County                ,32,32,2461340,0,0,0,0,0,0,0,0,0,32,32,2461340,0,0,0,0,0,0,0,0,0
201104,48,029,3,7,Bexar County                  ,784,784,137311601,2,4,433720,0,0,0,15,399,28119170,695,695,124003382,2,4,433720,0,0,0,13,389,25987968
201104,48,039,3,7,Brazoria County               ,467,467,75534980,0,0,0,0,0,0,1,84,4905142,460,460,74672773,0,0,0,0,0,0,1,84,4905142
201104,48,041,3,7,Brazos County                 ,220,220,31570297,0,0,0,4,16,1401708,18,332,14775206,179,179,26160330,0,0,0,4,16,1401708,17,318,13615753
201104,48,055,3,7,Caldwell County               ,6,6,495415,0,0,0,0,0,0,2,17,832292,3,3,152000,0,0,0,0,0,0,0,0,0
201104,48,063,3,7,Camp County                   ,0,0,0,0,0,0,0,0,0,0,0,0,0,0,0,0,0,0,0,0,0,0,0,0
201104,48,071,3,7,Chambers County               ,72,72,12270824,0,0,0,0,0,0,0,0,0,67,67,11397979,0,0,0,0,0,0,0,0,0
201104,48,085,3,7,Collin County                 ,1453,1453,409955426,0,0,0,0,0,0,7,315,13237504,1425,1425,401803250,0,0,0,0,0,0,7,315,13237504
201104,48,091,3,7,Comal County                  ,281,281,61511704,0,0,0,0,0,0,0,0,0,168,168,44348120,0,0,0,0,0,0,0,0,0
201104,48,113,3,7,Dallas County                 ,800,800,231098331,1,2,400000,1,4,580850,38,1808,122959414,751,751,220477471,1,2,400000,1,4,580850,34,1747,120038433
201104,48,117,3,7,Deaf Smith County             ,1,1,120000,0,0,0,0,0,0,0,0,0,1,1,120000,0,0,0,0,0,0,0,0,0
201104,48,119,3,7,Delta County                  ,1,1,173540,0,0,0,0,0,0,0,0,0,1,1,173540,0,0,0,0,0,0,0,0,0
201104,48,121,3,7,Denton County                 ,414,414,118646103,1,2,254172,0,0,0,34,784,70530370,380,380,110527744,1,2,254172,0,0,0,34,784,70530370
201104,48,133,3,7,Eastland County               ,1,1,60000,0,0,0,0,0,0,0,0,0,1,1,60000,0,0,0,0,0,0,0,0,0
201104,48,135,3,7,Ector County                  ,86,86,13161526,0,0,0,0,0,0,0,0,0,86,86,13161526,0,0,0,0,0,0,0,0,0
201104,48,139,3,7,Ellis County                  ,166,166,25024137,0,0,0,0,0,0,1,8,465000,161,161,24225926,0,0,0,0,0,0,1,8,465000
201104,48,157,3,7,Fort Bend County              ,1732,1732,329196733,0,0,0,0,0,0,13,344,26920913,1725,1725,327830225,0,0,0,0,0,0,13,344,26920913
201104,48,167,3,7,Galveston County              ,582,582,115992465,0,0,0,1,3,407850,0,0,0,508,508,103497411,0,0,0,0,0,0,0,0,0
201104,48,187,3,7,Guadalupe County              ,219,219,42552272,0,0,0,0,0,0,0,0,0,216,216,42111364,0,0,0,0,0,0,0,0,0
201104,48,201,3,7,Harris County                 ,3432,3432,633236504,7,14,2676236,7,26,1140000,30,1100,69970985,3399,3399,623230282,7,14,2676236,7,26,1140000,30,1100,69970985
201104,48,209,3,7,Hays County                   ,306,306,47227677,3,6,770150,0,0,0,25,525,26252707,172,172,24899279,2,4,619728,0,0,0,12,396,17862780
201104,48,215,3,7,Hidalgo County                ,1051,1051,149030862,4,8,605810,16,62,4187367,1,6,412134,1009,1009,145209684,4,8,605810,16,62,4187367,1,6,412134
201104,48,231,3,7,Hunt County                   ,8,8,1359371,0,0,0,0,0,0,0,0,0,8,8,1359371,0,0,0,0,0,0,0,0,0
201104,48,233,3,7,Hutchinson County             ,1,1,50000,0,0,0,0,0,0,0,0,0,1,1,50000,0,0,0,0,0,0,0,0,0
201104,48,251,3,7,Johnson County                ,138,138,21078711,0,0,0,0,0,0,0,0,0,70,70,10282884,0,0,0,0,0,0,0,0,0
201104,48,257,3,7,Kaufman County                ,58,58,9599148,0,0,0,1,4,95655,0,0,0,54,54,8971668,0,0,0,1,4,95655,0,0,0
201104,48,259,3,7,Kendall County                ,68,68,14817565,0,0,0,0,0,0,0,0,0,31,31,7121201,0,0,0,0,0,0,0,0,0
201104,48,271,3,7,Kinney County                 ,0,0,0,0,0,0,0,0,0,0,0,0,0,0,0,0,0,0,0,0,0,0,0,0
201104,48,291,3,7,Liberty County                ,54,54,5775032,0,0,0,2,8,508899,0,0,0,49,49,5080145,0,0,0,0,0,0,0,0,0
201104,48,307,3,7,McCulloch County              ,0,0,0,0,0,0,0,0,0,0,0,0,0,0,0,0,0,0,0,0,0,0,0,0
201104,48,323,3,7,Maverick County               ,27,27,1824766,1,2,43600,0,0,0,0,0,0,27,27,1824766,1,2,43600,0,0,0,0,0,0
201104,48,325,3,7,Medina County                 ,3,3,754990,0,0,0,0,0,0,0,0,0,3,3,754990,0,0,0,0,0,0,0,0,0
201104,48,329,3,7,Midland County                ,166,166,29013000,0,0,0,0,0,0,0,0,0,166,166,29013000,0,0,0,0,0,0,0,0,0
201104,48,339,3,7,Montgomery County             ,949,949,213611141,3,6,2100000,1,3,180000,12,300,15363000,936,936,211872776,3,6,2100000,1,3,180000,12,300,15363000
201104,48,353,3,7,Nolan County                  ,0,0,0,0,0,0,0,0,0,0,0,0,0,0,0,0,0,0,0,0,0,0,0,0
201104,48,359,3,7,Oldham County                 ,1,1,320000,0,0,0,0,0,0,0,0,0,1,1,320000,0,0,0,0,0,0,0,0,0
201104,48,367,3,7,Parker County                 ,198,198,20997572,0,0,0,0,0,0,0,0,0,193,193,20349785,0,0,0,0,0,0,0,0,0
201104,48,375,3,7,Potter County                 ,172,172,42129450,0,0,0,0,0,0,0,0,0,172,172,42129450,0,0,0,0,0,0,0,0,0
201104,48,383,3,7,Reagan County                 ,0,0,0,0,0,0,0,0,0,0,0,0,0,0,0,0,0,0,0,0,0,0,0,0
201104,48,385,3,7,Real County                   ,0,0,0,0,0,0,0,0,0,0,0,0,0,0,0,0,0,0,0,0,0,0,0,0
201104,48,397,3,7,Rockwall County               ,131,131,30905227,0,0,0,0,0,0,0,0,0,131,131,30905227,0,0,0,0,0,0,0,0,0
201104,48,407,3,7,San Jacinto County            ,0,0,0,0,0,0,0,0,0,0,0,0,0,0,0,0,0,0,0,0,0,0,0,0
201104,48,435,3,7,Sutton County                 ,0,0,0,0,0,0,0,0,0,0,0,0,0,0,0,0,0,0,0,0,0,0,0,0
201104,48,437,3,7,Swisher County                ,0,0,0,0,0,0,0,0,0,0,0,0,0,0,0,0,0,0,0,0,0,0,0,0
201104,48,439,3,7,Tarrant County                ,1170,1170,233499430,6,12,1078228,0,0,0,7,145,6337289,1067,1067,208560381,5,10,911790,0,0,0,6,128,4534632
201104,48,451,3,7,Tom Green County              ,49,49,8084226,0,0,0,0,0,0,0,0,0,49,49,8084226,0,0,0,0,0,0,0,0,0
201104,48,453,3,7,Travis County                 ,1195,1195,221976195,0,0,0,5,20,2750000,12,243,16768040,1175,1175,217785260,0,0,0,5,20,2750000,12,243,16768040
201104,48,463,3,7,Uvalde County                 ,11,11,468000,0,0,0,1,3,140000,0,0,0,11,11,468000,0,0,0,1,3,140000,0,0,0
201104,48,469,3,7,Victoria County               ,14,14,2172842,0,0,0,0,0,0,0,0,0,0,0,0,0,0,0,0,0,0,0,0,0
201104,48,471,3,7,Walker County                 ,23,23,4248500,0,0,0,0,0,0,0,0,0,23,23,4248500,0,0,0,0,0,0,0,0,0
201104,48,473,3,7,Waller County                 ,4,4,369145,0,0,0,0,0,0,4,20,443612,1,1,100000,0,0,0,0,0,0,0,0,0
201104,48,479,3,7,Webb County                   ,237,237,33494959,0,0,0,0,0,0,8,126,9412000,184,184,25825688,0,0,0,0,0,0,8,126,9412000
201104,48,491,3,7,Williamson County             ,686,686,127396391,0,0,0,1,3,175000,6,30,1588320,612,612,119571375,0,0,0,1,3,175000,6,30,1588320
201104,48,493,3,7,Wilson County                 ,4,4,595737,0,0,0,3,9,725313,0,0,0,0,0,0,0,0,0,0,0,0,0,0,0
201104,48,497,3,7,Wise County                   ,11,11,1871845,0,0,0,0,0,0,0,0,0,11,11,1871845,0,0,0,0,0,0,0,0,0
201104,49,009,4,8,Daggett County                ,0,0,0,0,0,0,0,0,0,0,0,0,0,0,0,0,0,0,0,0,0,0,0,0
201104,49,019,4,8,Grand County                  ,13,13,3496427,0,0,0,0,0,0,0,0,0,11,11,2936206,0,0,0,0,0,0,0,0,0
201104,49,021,4,8,Iron County                   ,18,18,3160780,0,0,0,0,0,0,2,13,923619,7,7,888590,0,0,0,0,0,0,0,0,0
201104,49,033,4,8,Rich County                   ,3,3,634640,0,0,0,0,0,0,0,0,0,2,2,421516,0,0,0,0,0,0,0,0,0
201104,49,035,4,8,Salt Lake County              ,474,474,99539315,3,6,556926,2,7,839042,9,115,10797228,438,438,94262095,1,2,160000,1,4,567065,3,82,8880716
201104,49,039,4,8,Sanpete County                ,1,1,208330,0,0,0,0,0,0,0,0,0,1,1,208330,0,0,0,0,0,0,0,0,0
201104,49,043,4,8,Summit County                 ,18,18,7936024,0,0,0,1,3,330525,1,6,764550,13,13,6496614,0,0,0,0,0,0,0,0,0
201104,49,045,4,8,Tooele County                 ,59,59,8864570,0,0,0,0,0,0,5,33,2187086,56,56,8467086,0,0,0,0,0,0,4,24,1450000
201104,49,051,4,8,Wasatch County                ,28,28,10293503,0,0,0,0,0,0,0,0,0,28,28,10293503,0,0,0,0,0,0,0,0,0
201104,51,003,3,5,Albemarle County              ,119,119,28209208,0,0,0,0,0,0,11,288,17670521,119,119,28209208,0,0,0,0,0,0,11,288,17670521
201104,51,007,3,5,Amelia County                 ,5,5,787770,0,0,0,0,0,0,0,0,0,5,5,787770,0,0,0,0,0,0,0,0,0
201104,51,013,3,5,Arlington County              ,61,61,18169300,0,0,0,0,0,0,3,329,9704790,61,61,18169300,0,0,0,0,0,0,3,329,9704790
201104,51,015,3,5,Augusta County                ,41,41,7018597,0,0,0,0,0,0,4,96,6150000,41,41,7018597,0,0,0,0,0,0,4,96,6150000
201104,51,019,3,5,Bedford County                ,65,65,14245900,0,0,0,0,0,0,2,48,1000000,65,65,14245900,0,0,0,0,0,0,2,48,1000000
201104,51,023,3,5,Botetourt County              ,27,27,5071697,0,0,0,0,0,0,0,0,0,27,27,5071697,0,0,0,0,0,0,0,0,0
201104,51,031,3,5,Campbell County               ,27,27,5261103,1,2,135000,0,0,0,0,0,0,27,27,5261103,1,2,135000,0,0,0,0,0,0
201104,51,033,3,5,Caroline County               ,24,24,3129676,0,0,0,0,0,0,0,0,0,24,24,3129676,0,0,0,0,0,0,0,0,0
201104,51,036,3,5,Charles City County           ,9,9,1163216,0,0,0,0,0,0,0,0,0,4,4,487615,0,0,0,0,0,0,0,0,0
201104,51,037,3,5,Charlotte County              ,9,9,827174,0,0,0,0,0,0,0,0,0,9,9,827174,0,0,0,0,0,0,0,0,0
201104,51,041,3,5,Chesterfield County           ,179,179,31780966,0,0,0,3,11,1828572,2,15,1035387,179,179,31780966,0,0,0,3,11,1828572,2,15,1035387
201104,51,043,3,5,Clarke County                 ,7,7,2816000,0,0,0,0,0,0,0,0,0,7,7,2816000,0,0,0,0,0,0,0,0,0
201104,51,047,3,5,Culpeper County               ,47,47,10096140,0,0,0,0,0,0,0,0,0,47,47,10096140,0,0,0,0,0,0,0,0,0
201104,51,049,3,5,Cumberland County             ,8,8,827700,0,0,0,0,0,0,0,0,0,8,8,827700,0,0,0,0,0,0,0,0,0
201104,51,053,3,5,Dinwiddie County              ,35,35,4534493,0,0,0,0,0,0,0,0,0,0,0,0,0,0,0,0,0,0,0,0,0
201104,51,059,3,5,Fairfax County                ,248,248,43431347,0,0,0,0,0,0,1,10,1000000,248,248,43431347,0,0,0,0,0,0,1,10,1000000
201104,51,061,3,5,Fauquier County               ,45,45,10372038,0,0,0,0,0,0,0,0,0,43,43,10125371,0,0,0,0,0,0,0,0,0
201104,51,065,3,5,Fluvanna County               ,31,31,5890236,1,2,243250,0,0,0,0,0,0,24,24,4577000,0,0,0,0,0,0,0,0,0
201104,51,067,3,5,Franklin County               ,33,33,6959831,0,0,0,0,0,0,0,0,0,33,33,6959831,0,0,0,0,0,0,0,0,0
201104,51,069,3,5,Frederick County              ,53,53,9895235,0,0,0,0,0,0,0,0,0,53,53,9895235,0,0,0,0,0,0,0,0,0
201104,51,073,3,5,Gloucester County             ,30,30,4558769,1,2,120000,0,0,0,0,0,0,30,30,4558769,1,2,120000,0,0,0,0,0,0
201104,51,075,3,5,Goochland County              ,23,23,6877742,0,0,0,0,0,0,0,0,0,18,18,5705620,0,0,0,0,0,0,0,0,0
201104,51,079,3,5,Greene County                 ,29,29,5765911,0,0,0,0,0,0,0,0,0,29,29,5765911,0,0,0,0,0,0,0,0,0
201104,51,085,3,5,Hanover County                ,107,107,19851353,0,0,0,0,0,0,0,0,0,107,107,19851353,0,0,0,0,0,0,0,0,0
201104,51,087,3,5,Henrico County                ,185,185,33128535,0,0,0,0,0,0,1,27,1643463,185,185,33128535,0,0,0,0,0,0,1,27,1643463
201104,51,093,3,5,Isle of Wight County          ,38,38,7877665,0,0,0,0,0,0,1,12,433333,20,20,4404200,0,0,0,0,0,0,0,0,0
201104,51,095,3,5,James City County             ,116,116,23202050,0,0,0,0,0,0,0,0,0,116,116,23202050,0,0,0,0,0,0,0,0,0
201104,51,097,3,5,King and Queen County         ,5,5,891835,0,0,0,0,0,0,0,0,0,5,5,891835,0,0,0,0,0,0,0,0,0
201104,51,099,3,5,King George County            ,27,27,4763086,0,0,0,0,0,0,0,0,0,27,27,4763086,0,0,0,0,0,0,0,0,0
201104,51,101,3,5,King William County           ,10,10,1430262,0,0,0,0,0,0,0,0,0,10,10,1430262,0,0,0,0,0,0,0,0,0
201104,51,107,3,5,Loudoun County                ,772,772,136831345,0,0,0,0,0,0,13,464,36311379,772,772,136831345,0,0,0,0,0,0,13,464,36311379
201104,51,109,3,5,Louisa County                 ,27,27,5510269,0,0,0,0,0,0,0,0,0,27,27,5510269,0,0,0,0,0,0,0,0,0
201104,51,115,3,5,Mathews County                ,10,10,2316000,0,0,0,0,0,0,0,0,0,10,10,2316000,0,0,0,0,0,0,0,0,0
201104,51,119,3,5,Middlesex County              ,7,7,1812072,0,0,0,0,0,0,0,0,0,7,7,1812072,0,0,0,0,0,0,0,0,0
201104,51,127,3,5,New Kent County               ,44,44,8113367,0,0,0,0,0,0,0,0,0,44,44,8113367,0,0,0,0,0,0,0,0,0
201104,51,137,3,5,Orange County                 ,21,21,3459800,0,0,0,0,0,0,0,0,0,21,21,3459800,0,0,0,0,0,0,0,0,0
201104,51,143,3,5,Pittsylvania County           ,21,21,2608019,0,0,0,0,0,0,4,20,1180500,0,0,0,0,0,0,0,0,0,0,0,0
201104,51,145,3,5,Powhatan County               ,15,15,3441000,0,0,0,0,0,0,0,0,0,15,15,3441000,0,0,0,0,0,0,0,0,0
201104,51,149,3,5,Prince George County          ,14,14,2454688,0,0,0,0,0,0,0,0,0,14,14,2454688,0,0,0,0,0,0,0,0,0
201104,51,153,3,5,Prince William County         ,391,391,67940460,0,0,0,0,0,0,0,0,0,390,390,67757127,0,0,0,0,0,0,0,0,0
201104,51,157,3,5,Rappahannock County           ,5,5,1401192,0,0,0,0,0,0,0,0,0,0,0,0,0,0,0,0,0,0,0,0,0
201104,51,161,3,5,Roanoke County                ,64,64,10704633,0,0,0,0,0,0,0,0,0,64,64,10704633,0,0,0,0,0,0,0,0,0
201104,51,163,3,5,Rockbridge County             ,17,17,2701580,0,0,0,0,0,0,0,0,0,13,13,1904280,0,0,0,0,0,0,0,0,0
201104,51,165,3,5,Rockingham County             ,84,84,13366291,0,0,0,0,0,0,0,0,0,36,36,5585000,0,0,0,0,0,0,0,0,0
201104,51,169,3,5,Scott County                  ,5,5,420000,0,0,0,0,0,0,0,0,0,5,5,420000,0,0,0,0,0,0,0,0,0
201104,51,171,3,5,Shenandoah County             ,25,25,2852625,0,0,0,0,0,0,1,10,600000,25,25,2852625,0,0,0,0,0,0,1,10,600000
201104,51,177,3,5,Spotsylvania County           ,82,82,18947252,0,0,0,0,0,0,0,0,0,0,0,0,0,0,0,0,0,0,0,0,0
201104,51,179,3,5,Stafford County               ,157,157,27897898,0,0,0,0,0,0,0,0,0,157,157,27897898,0,0,0,0,0,0,0,0,0
201104,51,181,3,5,Surry County                  ,4,4,500467,0,0,0,0,0,0,0,0,0,2,2,294234,0,0,0,0,0,0,0,0,0
201104,51,183,3,5,Sussex County                 ,8,8,1079577,0,0,0,0,0,0,0,0,0,0,0,0,0,0,0,0,0,0,0,0,0
201104,51,187,3,5,Warren County                 ,15,15,2845526,0,0,0,0,0,0,0,0,0,15,15,2845526,0,0,0,0,0,0,0,0,0
201104,51,199,3,5,York County                   ,30,30,5538550,0,0,0,0,0,0,0,0,0,30,30,5538550,0,0,0,0,0,0,0,0,0
201104,51,510,3,5,Alexandria (Independent City) ,12,12,2431888,0,0,0,0,0,0,3,264,23615111,3,3,520620,0,0,0,0,0,0,1,206,16836464
201104,51,530,3,5,Buena Vista (Independent City),0,0,0,0,0,0,0,0,0,0,0,0,0,0,0,0,0,0,0,0,0,0,0,0
201104,51,550,3,5,Chesapeake(Independent City)  ,207,207,50711616,0,0,0,0,0,0,0,0,0,207,207,50711616,0,0,0,0,0,0,0,0,0
201104,51,570,3,5,Colonial Heights (Independent ,0,0,0,0,0,0,0,0,0,0,0,0,0,0,0,0,0,0,0,0,0,0,0,0
201104,51,580,3,5,Covington (Independent City)  ,0,0,0,0,0,0,0,0,0,0,0,0,0,0,0,0,0,0,0,0,0,0,0,0
201104,51,600,3,5,Fairfax (Independent City)    ,16,16,2524000,0,0,0,0,0,0,0,0,0,16,16,2524000,0,0,0,0,0,0,0,0,0
201104,51,610,3,5,Falls Church (Independent City,2,2,600000,0,0,0,0,0,0,0,0,0,2,2,600000,0,0,0,0,0,0,0,0,0
201104,51,630,3,5,Fredericksburg(Independent Cit,46,46,7559280,0,0,0,0,0,0,8,302,7439280,46,46,7559280,0,0,0,0,0,0,8,302,7439280
201104,51,650,3,5,Hampton (Independent City)    ,51,51,12593330,0,0,0,0,0,0,8,54,1308658,40,40,10114443,0,0,0,0,0,0,8,54,1308658
201104,51,660,3,5,Harrisonburg (Independent City,6,6,615000,0,0,0,0,0,0,0,0,0,6,6,615000,0,0,0,0,0,0,0,0,0
201104,51,670,3,5,Hopewell (Independent City)   ,7,7,646326,0,0,0,0,0,0,0,0,0,7,7,646326,0,0,0,0,0,0,0,0,0
201104,51,680,3,5,Lynchburg (Independent City)  ,19,19,3509974,0,0,0,0,0,0,0,0,0,19,19,3509974,0,0,0,0,0,0,0,0,0
201104,51,683,3,5,Manassas (Independent City)   ,10,10,1113841,0,0,0,0,0,0,0,0,0,0,0,0,0,0,0,0,0,0,0,0,0
201104,51,685,3,5,Manassas Park (Independent Cit,3,3,600000,0,0,0,0,0,0,0,0,0,3,3,600000,0,0,0,0,0,0,0,0,0
201104,51,700,3,5,Newport News (Independent City,39,39,2721699,0,0,0,0,0,0,1,9,483191,39,39,2721699,0,0,0,0,0,0,1,9,483191
201104,51,710,3,5,Norfolk (Independent City)    ,70,70,10972809,1,2,150000,0,0,0,9,180,10493516,70,70,10972809,1,2,150000,0,0,0,9,180,10493516
201104,51,730,3,5,Petersburg (Independent City) ,6,6,496549,0,0,0,0,0,0,1,13,978102,4,4,321737,0,0,0,0,0,0,0,0,0
201104,51,735,3,5,Poquoson (Independent City)   ,5,5,1669500,0,0,0,0,0,0,0,0,0,5,5,1669500,0,0,0,0,0,0,0,0,0
201104,51,740,3,5,Portsmouth (Independent City) ,112,112,19469107,0,0,0,0,0,0,0,0,0,112,112,19469107,0,0,0,0,0,0,0,0,0
201104,51,760,3,5,Richmond (Independent City)   ,38,38,5475682,3,6,517006,1,3,195320,0,0,0,38,38,5475682,3,6,517006,1,3,195320,0,0,0
201104,51,770,3,5,Roanoke (Independent City)    ,23,23,2590848,1,2,150000,1,4,650000,0,0,0,23,23,2590848,1,2,150000,1,4,650000,0,0,0
201104,51,800,3,5,Suffolk (Independent City)    ,73,73,12787983,0,0,0,0,0,0,0,0,0,73,73,12787983,0,0,0,0,0,0,0,0,0
201104,51,810,3,5,Virginia Beach (Independent Ci,176,176,31635220,1,2,280000,1,4,162948,1,6,450000,176,176,31635220,1,2,280000,1,4,162948,1,6,450000
201104,51,830,3,5,Williamsburg (Independent City,6,6,1150000,0,0,0,0,0,0,0,0,0,6,6,1150000,0,0,0,0,0,0,0,0,0
201104,53,011,4,9,Clark County                  ,232,232,69115012,0,0,0,0,0,0,1,76,5714800,231,231,68914332,0,0,0,0,0,0,1,76,5714800
201104,53,033,4,9,King County                   ,904,904,247632574,12,24,3913548,13,43,6148030,17,513,89203460,843,843,228577055,12,24,3913548,12,40,5664030,9,466,83970458
201104,53,041,4,9,Lewis County                  ,22,22,3295121,0,0,0,0,0,0,2,21,2406250,21,21,3093183,0,0,0,0,0,0,0,0,0
201104,53,053,4,9,Pierce County                 ,514,514,124767900,5,10,1524942,1,4,665592,3,54,5900885,511,511,123721092,5,10,1524942,1,4,665592,3,54,5900885
201104,53,059,4,9,Skamania County               ,9,9,2365792,0,0,0,0,0,0,0,0,0,9,9,2365792,0,0,0,0,0,0,0,0,0
201104,53,061,4,9,Snohomish County              ,664,664,152363678,11,22,3927264,0,0,0,12,365,39922855,660,660,151321440,11,22,3927264,0,0,0,12,365,39922855
201104,54,037,3,5,Jefferson County              ,58,58,13958038,0,0,0,0,0,0,0,0,0,58,58,13958038,0,0,0,0,0,0,0,0,0
201104,55,021,2,3,Columbia County               ,10,10,3275250,1,2,185000,0,0,0,0,0,0,10,10,3275250,1,2,185000,0,0,0,0,0,0
201104,55,025,2,3,Dane County                   ,221,221,57772830,2,4,670000,0,0,0,8,159,17370057,161,161,45947154,1,2,190000,0,0,0,3,33,4248000
201104,55,031,2,3,Douglas County                ,9,9,1271815,0,0,0,0,0,0,0,0,0,9,9,1271815,0,0,0,0,0,0,0,0,0
201104,55,037,2,3,Florence County               ,5,5,565291,0,0,0,0,0,0,0,0,0,0,0,0,0,0,0,0,0,0,0,0,0
201104,55,049,2,3,Iowa County                   ,3,3,450000,0,0,0,0,0,0,0,0,0,3,3,450000,0,0,0,0,0,0,0,0,0
201104,55,059,2,3,Kenosha County                ,29,29,7343156,0,0,0,0,0,0,1,60,3625000,20,20,4942000,0,0,0,0,0,0,1,60,3625000
201104,55,079,2,3,Milwaukee County              ,78,78,13399164,7,14,2275000,0,0,0,5,354,28726756,76,76,13040070,7,14,2275000,0,0,0,5,354,28726756
201104,55,089,2,3,Ozaukee County                ,31,31,8644876,0,0,0,0,0,0,0,0,0,21,21,4356066,0,0,0,0,0,0,0,0,0
201104,55,093,2,3,Pierce County                 ,5,5,1105000,0,0,0,0,0,0,0,0,0,5,5,1105000,0,0,0,0,0,0,0,0,0
201104,55,109,2,3,St. Croix County              ,30,30,6145016,1,2,200000,0,0,0,1,32,2965500,27,27,5561255,1,2,200000,0,0,0,1,32,2965500
201104,55,113,2,3,Sawyer County                 ,17,17,2022514,0,0,0,0,0,0,0,0,0,17,17,2022514,0,0,0,0,0,0,0,0,0
201104,55,131,2,3,Washington County             ,29,29,7980176,3,6,765000,0,0,0,0,0,0,19,19,4288400,2,4,440000,0,0,0,0,0,0
201104,55,133,2,3,Waukesha County               ,142,142,47268390,2,4,1080000,0,0,0,0,0,0,134,134,44080091,2,4,1080000,0,0,0,0,0,0
201104,56,019,4,8,Johnson County                ,1,1,170000,0,0,0,0,0,0,0,0,0,1,1,170000,0,0,0,0,0,0,0,0,0
201104,56,039,4,8,Teton County                  ,20,20,20061449,0,0,0,0,0,0,3,15,1284948,16,16,19249000,0,0,0,0,0,0,0,0,0
