Survey,FIPS,FIPS,Region,Division,County,,1-unit,,,2-units,,,3-4 units,,,5+ units,,,1-unit rep,,,2-units rep,,,3-4 units rep,,, 5+units rep
Date,State,County,Code,Code,Name,Bldgs,Units,Value,Bldgs,Units,Value,Bldgs,Units,Value,Bldgs,Units,Value,Bldgs,Units,Value,Bldgs,Units,Value,Bldgs,Units,Value,Bldgs,Units,Value
 
201202,01,001,3,6,Autauga County                ,15,15,3394172,0,0,0,0,0,0,0,0,0,15,15,3394172,0,0,0,0,0,0,0,0,0
201202,01,007,3,6,Bibb County                   ,2,2,326606,0,0,0,0,0,0,0,0,0,0,0,0,0,0,0,0,0,0,0,0,0
201202,01,009,3,6,Blount County                 ,1,1,350000,0,0,0,0,0,0,0,0,0,1,1,350000,0,0,0,0,0,0,0,0,0
201202,01,021,3,6,Chilton County                ,2,2,254433,0,0,0,0,0,0,0,0,0,1,1,122000,0,0,0,0,0,0,0,0,0
201202,01,037,3,6,Coosa County                  ,0,0,0,0,0,0,0,0,0,0,0,0,0,0,0,0,0,0,0,0,0,0,0,0
201202,01,073,3,6,Jefferson County              ,189,189,47158891,0,0,0,0,0,0,0,0,0,178,178,45683430,0,0,0,0,0,0,0,0,0
201202,01,081,3,6,Lee County                    ,85,85,19671888,0,0,0,0,0,0,7,56,5723194,85,85,19671888,0,0,0,0,0,0,7,56,5723194
201202,01,115,3,6,St. Clair County              ,13,13,1285859,0,0,0,0,0,0,0,0,0,10,10,906840,0,0,0,0,0,0,0,0,0
201202,01,117,3,6,Shelby County                 ,75,75,12459875,0,0,0,0,0,0,0,0,0,35,35,5229629,0,0,0,0,0,0,0,0,0
201202,01,127,3,6,Walker County                 ,2,2,283701,0,0,0,0,0,0,0,0,0,1,1,80000,0,0,0,0,0,0,0,0,0
201202,02,000,4,9,Alaska Balance of State       ,7,7,1666877,0,0,0,0,0,0,0,0,0,0,0,0,0,0,0,0,0,0,0,0,0
201202,02,013,4,9,Aleutians East Borough        ,0,0,0,0,0,0,0,0,0,0,0,0,0,0,0,0,0,0,0,0,0,0,0,0
201202,02,016,4,9,Aleutians West Census Area    ,0,0,0,0,0,0,0,0,0,0,0,0,0,0,0,0,0,0,0,0,0,0,0,0
201202,02,020,4,9,Anchorage Borough             ,36,36,10542046,0,0,0,1,4,703227,0,0,0,36,36,10542046,0,0,0,1,4,703227,0,0,0
201202,02,050,4,9,Bethel Census Area            ,0,0,0,0,0,0,0,0,0,0,0,0,0,0,0,0,0,0,0,0,0,0,0,0
201202,02,060,4,9,Bristol Bay Borough           ,0,0,0,0,0,0,0,0,0,0,0,0,0,0,0,0,0,0,0,0,0,0,0,0
201202,02,090,4,9,Fairbanks North Star Borough  ,5,5,919639,0,0,0,0,0,0,0,0,0,0,0,0,0,0,0,0,0,0,0,0,0
201202,02,100,4,9,Haines Borough                ,0,0,0,0,0,0,0,0,0,0,0,0,0,0,0,0,0,0,0,0,0,0,0,0
201202,02,110,4,9,Juneau Borough                ,1,1,246643,0,0,0,0,0,0,0,0,0,1,1,246643,0,0,0,0,0,0,0,0,0
201202,02,122,4,9,Kenai Peninsula Borough       ,1,1,245000,0,0,0,1,3,400000,0,0,0,1,1,245000,0,0,0,1,3,400000,0,0,0
201202,02,130,4,9,Ketchikan Gateway Borough     ,2,2,444115,1,2,259591,0,0,0,0,0,0,2,2,444115,1,2,259591,0,0,0,0,0,0
201202,02,150,4,9,Kodiak Island Borough         ,1,1,665936,0,0,0,0,0,0,0,0,0,1,1,665936,0,0,0,0,0,0,0,0,0
201202,02,170,4,9,Matanuska-Susitna Borough     ,2,2,431139,0,0,0,0,0,0,0,0,0,1,1,222058,0,0,0,0,0,0,0,0,0
201202,02,180,4,9,Nome Census Area              ,0,0,0,0,0,0,0,0,0,0,0,0,0,0,0,0,0,0,0,0,0,0,0,0
201202,02,185,4,9,North Slope Borough           ,3,3,666173,0,0,0,0,0,0,0,0,0,3,3,666173,0,0,0,0,0,0,0,0,0
201202,02,188,4,9,Northwest Arctic Borough      ,0,0,0,0,0,0,0,0,0,0,0,0,0,0,0,0,0,0,0,0,0,0,0,0
201202,02,201,4,9,Prince of Wales-Outer Ketchika,0,0,0,0,0,0,0,0,0,0,0,0,0,0,0,0,0,0,0,0,0,0,0,0
201202,02,220,4,9,Sitka Borough                 ,1,1,219764,0,0,0,0,0,0,0,0,0,0,0,0,0,0,0,0,0,0,0,0,0
201202,02,232,4,9,Skagway-Hoonah-Angoon Census A,1,1,219054,0,0,0,0,0,0,0,0,0,0,0,0,0,0,0,0,0,0,0,0,0
201202,02,261,4,9,Valdez-Cordova Census Area    ,1,1,120000,0,0,0,0,0,0,0,0,0,1,1,120000,0,0,0,0,0,0,0,0,0
201202,02,280,4,9,Wrangell-Petersburg Census Are,1,1,400000,0,0,0,0,0,0,0,0,0,0,0,0,0,0,0,0,0,0,0,0,0
201202,02,282,4,9,Yakutat Borough               ,1,1,145000,0,0,0,0,0,0,0,0,0,0,0,0,0,0,0,0,0,0,0,0,0
201202,02,290,4,9,Yukon-Koyukuk Census Area     ,0,0,0,0,0,0,0,0,0,0,0,0,0,0,0,0,0,0,0,0,0,0,0,0
201202,04,013,4,8,Maricopa County               ,1378,1378,364849200,4,8,1226904,1,3,430518,36,658,72813086,1378,1378,364849200,4,8,1226904,1,3,430518,36,658,72813086
201202,04,019,4,8,Pima County                   ,248,248,66117224,1,2,294322,0,0,0,2,24,2262252,117,117,36784809,0,0,0,0,0,0,0,0,0
201202,04,021,4,8,Pinal County                  ,204,204,27270667,0,0,0,0,0,0,0,0,0,192,192,25382413,0,0,0,0,0,0,0,0,0
201202,05,023,3,7,Cleburne County               ,3,3,377000,0,0,0,0,0,0,0,0,0,3,3,377000,0,0,0,0,0,0,0,0,0
201202,05,025,3,7,Cleveland County              ,0,0,0,0,0,0,0,0,0,0,0,0,0,0,0,0,0,0,0,0,0,0,0,0
201202,05,027,3,7,Columbia County               ,2,2,340000,0,0,0,0,0,0,0,0,0,2,2,340000,0,0,0,0,0,0,0,0,0
201202,05,035,3,7,Crittenden County             ,8,8,1220000,0,0,0,0,0,0,0,0,0,8,8,1220000,0,0,0,0,0,0,0,0,0
201202,05,059,3,7,Hot Spring County             ,1,1,172000,0,0,0,0,0,0,0,0,0,1,1,172000,0,0,0,0,0,0,0,0,0
201202,05,061,3,7,Howard County                 ,0,0,0,0,0,0,0,0,0,0,0,0,0,0,0,0,0,0,0,0,0,0,0,0
201202,05,099,3,7,Nevada County                 ,0,0,0,0,0,0,0,0,0,0,0,0,0,0,0,0,0,0,0,0,0,0,0,0
201202,06,001,4,9,Alameda County                ,169,169,51005599,2,4,1117308,4,16,4610227,2,17,3293603,161,161,48189451,2,4,1117308,4,16,4610227,2,17,3293603
201202,06,003,4,9,Alpine County                 ,0,0,0,0,0,0,0,0,0,0,0,0,0,0,0,0,0,0,0,0,0,0,0,0
201202,06,009,4,9,Calaveras County              ,4,4,1107797,0,0,0,0,0,0,0,0,0,2,2,490420,0,0,0,0,0,0,0,0,0
201202,06,013,4,9,Contra Costa County           ,138,138,28962170,0,0,0,0,0,0,2,49,2083446,127,127,25978376,0,0,0,0,0,0,1,44,1630441
201202,06,017,4,9,El Dorado County              ,18,18,8534407,0,0,0,0,0,0,0,0,0,18,18,8534407,0,0,0,0,0,0,0,0,0
201202,06,037,4,9,Los Angeles County            ,318,318,98256576,28,56,11087383,3,10,4879333,24,686,116989718,277,277,86530694,27,54,10904050,2,7,3765168,18,602,106219150
201202,06,041,4,9,Marin County                  ,13,13,4687986,0,0,0,0,0,0,2,13,1281158,2,2,881128,0,0,0,0,0,0,0,0,0
201202,06,045,4,9,Mendocino County              ,10,10,1241656,0,0,0,0,0,0,0,0,0,10,10,1241656,0,0,0,0,0,0,0,0,0
201202,06,049,4,9,Modoc County                  ,1,1,161280,0,0,0,0,0,0,0,0,0,1,1,161280,0,0,0,0,0,0,0,0,0
201202,06,051,4,9,Mono County                   ,3,3,1909190,0,0,0,0,0,0,0,0,0,0,0,0,0,0,0,0,0,0,0,0,0
201202,06,059,4,9,Orange County                 ,288,288,89052460,2,4,1205746,3,11,3223536,25,626,52886001,266,266,80343076,1,2,500000,2,8,2928704,24,621,52130376
201202,06,061,4,9,Placer County                 ,104,104,26831963,0,0,0,1,4,337239,0,0,0,103,103,26570995,0,0,0,1,4,337239,0,0,0
201202,06,063,4,9,Plumas County                 ,1,1,310391,0,0,0,0,0,0,0,0,0,1,1,310391,0,0,0,0,0,0,0,0,0
201202,06,065,4,9,Riverside County              ,346,346,78375544,0,0,0,0,0,0,3,34,6559618,281,281,68941424,0,0,0,0,0,0,3,34,6559618
201202,06,067,4,9,Sacramento County             ,145,145,33845249,0,0,0,0,0,0,0,0,0,142,142,33090228,0,0,0,0,0,0,0,0,0
201202,06,069,4,9,San Benito County             ,0,0,0,0,0,0,0,0,0,0,0,0,0,0,0,0,0,0,0,0,0,0,0,0
201202,06,071,4,9,San Bernardino County         ,129,129,27651276,0,0,0,0,0,0,30,189,14621663,118,118,25107916,0,0,0,0,0,0,30,189,14621663
201202,06,073,4,9,San Diego County              ,276,276,94112955,17,34,6232709,10,31,4396997,6,83,5408125,267,267,92020260,17,34,6232709,10,31,4396997,5,77,4842835
201202,06,075,4,9,San Francisco County          ,5,5,1135267,1,2,800000,0,0,0,2,12,3100000,5,5,1135267,1,2,800000,0,0,0,2,12,3100000
201202,06,077,4,9,San Joaquin County            ,91,91,24882911,0,0,0,0,0,0,0,0,0,89,89,24421531,0,0,0,0,0,0,0,0,0
201202,06,081,4,9,San Mateo County              ,19,19,17875591,0,0,0,0,0,0,0,0,0,11,11,15706915,0,0,0,0,0,0,0,0,0
201202,06,085,4,9,Santa Clara County            ,154,154,55832885,1,2,406247,1,3,821409,8,239,46747254,147,147,52846031,1,2,406247,0,0,0,7,232,45268815
201202,06,091,4,9,Sierra County                 ,0,0,0,0,0,0,0,0,0,0,0,0,0,0,0,0,0,0,0,0,0,0,0,0
201202,06,113,4,9,Yolo County                   ,35,35,8240041,0,0,0,0,0,0,1,9,1119048,35,35,8240041,0,0,0,0,0,0,0,0,0
201202,08,001,4,8,Adams County                  ,87,87,19085601,0,0,0,0,0,0,0,0,0,79,79,17553287,0,0,0,0,0,0,0,0,0
201202,08,005,4,8,Arapahoe County               ,98,98,29259462,0,0,0,0,0,0,1,49,4169005,98,98,29259462,0,0,0,0,0,0,1,49,4169005
201202,08,014,4,8,Broomfield County             ,32,32,8757915,0,0,0,0,0,0,0,0,0,14,14,4414386,0,0,0,0,0,0,0,0,0
201202,08,015,4,8,Chaffee County                ,18,18,4619736,0,0,0,0,0,0,0,0,0,18,18,4619736,0,0,0,0,0,0,0,0,0
201202,08,019,4,8,Clear Creek County            ,0,0,0,0,0,0,0,0,0,0,0,0,0,0,0,0,0,0,0,0,0,0,0,0
201202,08,023,4,8,Costilla County               ,2,2,452570,0,0,0,0,0,0,0,0,0,0,0,0,0,0,0,0,0,0,0,0,0
201202,08,031,4,8,Denver County                 ,132,132,30012874,6,12,1656387,1,4,710000,4,225,19244605,132,132,30012874,6,12,1656387,1,4,710000,4,225,19244605
201202,08,033,4,8,Dolores County                ,0,0,0,0,0,0,0,0,0,0,0,0,0,0,0,0,0,0,0,0,0,0,0,0
201202,08,035,4,8,Douglas County                ,221,221,55225100,0,0,0,0,0,0,3,60,4716333,221,221,55225100,0,0,0,0,0,0,3,60,4716333
201202,08,039,4,8,Elbert County                 ,3,3,1078866,0,0,0,0,0,0,0,0,0,3,3,1078866,0,0,0,0,0,0,0,0,0
201202,08,041,4,8,El Paso County                ,243,243,80036402,0,0,0,0,0,0,0,0,0,243,243,80036402,0,0,0,0,0,0,0,0,0
201202,08,047,4,8,Gilpin County                 ,0,0,0,0,0,0,0,0,0,0,0,0,0,0,0,0,0,0,0,0,0,0,0,0
201202,08,049,4,8,Grand County                  ,13,13,3073534,0,0,0,0,0,0,0,0,0,0,0,0,0,0,0,0,0,0,0,0,0
201202,08,059,4,8,Jefferson County              ,79,79,20209926,2,4,704544,0,0,0,2,53,6356205,78,78,20034926,2,4,704544,0,0,0,2,53,6356205
201202,08,069,4,8,Larimer County                ,107,107,23554651,0,0,0,1,4,390375,1,6,1049771,107,107,23554651,0,0,0,1,4,390375,1,6,1049771
201202,08,077,4,8,Mesa County                   ,44,44,10017519,0,0,0,0,0,0,0,0,0,44,44,10017519,0,0,0,0,0,0,0,0,0
201202,08,093,4,8,Park County                   ,6,6,639037,0,0,0,0,0,0,0,0,0,6,6,639037,0,0,0,0,0,0,0,0,0
201202,08,101,4,8,Pueblo County                 ,18,18,3101587,0,0,0,0,0,0,0,0,0,18,18,3101587,0,0,0,0,0,0,0,0,0
201202,08,107,4,8,Routt County                  ,5,5,4352138,0,0,0,0,0,0,0,0,0,5,5,4352138,0,0,0,0,0,0,0,0,0
201202,08,119,4,8,Teller County                 ,2,2,499096,0,0,0,0,0,0,0,0,0,2,2,499096,0,0,0,0,0,0,0,0,0
201202,08,123,4,8,Weld County                   ,144,144,32653791,0,0,0,0,0,0,2,13,376186,122,122,27112745,0,0,0,0,0,0,0,0,0
201202,10,001,3,5,Kent County                   ,108,108,14138146,0,0,0,0,0,0,4,26,1270292,52,52,6793728,0,0,0,0,0,0,2,16,800000
201202,10,003,3,5,New Castle County             ,65,65,8211607,0,0,0,0,0,0,3,62,5791130,61,61,7978051,0,0,0,0,0,0,1,48,5567130
201202,10,005,3,5,Sussex County                 ,198,198,30703740,22,44,8525518,1,4,3049000,5,67,4091840,198,198,30703740,22,44,8525518,1,4,3049000,5,67,4091840
201202,11,001,3,5,Washington  DC                ,24,24,5760500,11,22,1418000,0,0,0,1,49,5000000,24,24,5760500,11,22,1418000,0,0,0,1,49,5000000
201202,12,003,3,5,Baker County                  ,4,4,692193,0,0,0,0,0,0,0,0,0,4,4,692193,0,0,0,0,0,0,0,0,0
201202,12,009,3,5,Brevard County                ,114,114,32654546,0,0,0,0,0,0,0,0,0,99,99,29128866,0,0,0,0,0,0,0,0,0
201202,12,011,3,5,Broward County                ,144,144,36671947,1,2,300000,0,0,0,4,92,5464368,142,142,36312528,1,2,300000,0,0,0,4,92,5464368
201202,12,013,3,5,Calhoun County                ,2,2,259000,0,0,0,0,0,0,0,0,0,2,2,259000,0,0,0,0,0,0,0,0,0
201202,12,015,3,5,Charlotte County              ,45,45,7493743,11,22,957079,0,0,0,0,0,0,2,2,506022,0,0,0,0,0,0,0,0,0
201202,12,019,3,5,Clay County                   ,74,74,12874958,0,0,0,0,0,0,0,0,0,74,74,12874958,0,0,0,0,0,0,0,0,0
201202,12,021,3,5,Collier County                ,139,139,62264709,0,0,0,5,20,4073000,5,34,6862000,139,139,62264709,0,0,0,5,20,4073000,5,34,6862000
201202,12,023,3,5,Columbia County               ,8,8,1096134,0,0,0,0,0,0,0,0,0,3,3,411950,0,0,0,0,0,0,0,0,0
201202,12,031,3,5,Duval County                  ,161,161,30918175,0,0,0,0,0,0,0,0,0,161,161,30918175,0,0,0,0,0,0,0,0,0
201202,12,033,3,5,Escambia County               ,92,92,16855353,0,0,0,0,0,0,0,0,0,92,92,16855353,0,0,0,0,0,0,0,0,0
201202,12,035,3,5,Flagler County                ,36,36,10066682,0,0,0,0,0,0,0,0,0,36,36,10066682,0,0,0,0,0,0,0,0,0
201202,12,037,3,5,Franklin County               ,0,0,0,0,0,0,0,0,0,0,0,0,0,0,0,0,0,0,0,0,0,0,0,0
201202,12,041,3,5,Gilchrist County              ,5,5,736347,0,0,0,0,0,0,0,0,0,1,1,150000,0,0,0,0,0,0,0,0,0
201202,12,043,3,5,Glades County                 ,0,0,0,0,0,0,0,0,0,0,0,0,0,0,0,0,0,0,0,0,0,0,0,0
201202,12,047,3,5,Hamilton County               ,4,4,322622,0,0,0,0,0,0,0,0,0,0,0,0,0,0,0,0,0,0,0,0,0
201202,12,049,3,5,Hardee County                 ,2,2,162677,0,0,0,0,0,0,0,0,0,1,1,61900,0,0,0,0,0,0,0,0,0
201202,12,053,3,5,Hernando County               ,27,27,3757012,0,0,0,0,0,0,1,8,600000,12,12,1498446,0,0,0,0,0,0,0,0,0
201202,12,055,3,5,Highlands County              ,5,5,1147800,0,0,0,0,0,0,0,0,0,5,5,1147800,0,0,0,0,0,0,0,0,0
201202,12,057,3,5,Hillsborough County           ,550,550,165748281,0,0,0,7,22,6984747,6,108,13158583,550,550,165748281,0,0,0,7,22,6984747,6,108,13158583
201202,12,061,3,5,Indian River County           ,47,47,12255667,0,0,0,0,0,0,0,0,0,41,41,11107191,0,0,0,0,0,0,0,0,0
201202,12,063,3,5,Jackson County                ,9,9,1076324,0,0,0,0,0,0,0,0,0,0,0,0,0,0,0,0,0,0,0,0,0
201202,12,065,3,5,Jefferson County              ,4,4,307292,0,0,0,0,0,0,0,0,0,4,4,307292,0,0,0,0,0,0,0,0,0
201202,12,067,3,5,Lafayette County              ,1,1,231000,0,0,0,0,0,0,0,0,0,1,1,231000,0,0,0,0,0,0,0,0,0
201202,12,069,3,5,Lake County                   ,99,99,26053107,0,0,0,0,0,0,5,38,1280750,95,95,25210617,0,0,0,0,0,0,5,38,1280750
201202,12,071,3,5,Lee County                    ,217,217,49473361,2,4,400000,2,8,1187113,1,6,582000,217,217,49473361,2,4,400000,2,8,1187113,1,6,582000
201202,12,073,3,5,Leon County                   ,56,56,8430552,1,2,266667,1,3,329500,1,5,318498,13,13,2431811,0,0,0,0,0,0,0,0,0
201202,12,077,3,5,Liberty County                ,0,0,0,0,0,0,0,0,0,0,0,0,0,0,0,0,0,0,0,0,0,0,0,0
201202,12,081,3,5,Manatee County                ,205,205,44678054,0,0,0,6,19,2543020,0,0,0,200,200,42792912,0,0,0,6,19,2543020,0,0,0
201202,12,083,3,5,Marion County                 ,36,36,5687878,0,0,0,0,0,0,0,0,0,36,36,5687878,0,0,0,0,0,0,0,0,0
201202,12,085,3,5,Martin County                 ,30,30,11530123,0,0,0,0,0,0,0,0,0,30,30,11530123,0,0,0,0,0,0,0,0,0
201202,12,086,3,5,Miami-Dade County             ,267,267,55198764,6,12,770785,0,0,0,23,485,38078230,258,258,53711217,6,12,770785,0,0,0,23,485,38078230
201202,12,089,3,5,Nassau County                 ,43,43,10521612,0,0,0,0,0,0,0,0,0,33,33,8225384,0,0,0,0,0,0,0,0,0
201202,12,095,3,5,Orange County                 ,533,533,109847191,17,34,1622559,0,0,0,13,438,25824179,499,499,103287493,17,34,1622559,0,0,0,13,438,25824179
201202,12,097,3,5,Osceola County                ,198,198,47730093,0,0,0,0,0,0,0,0,0,198,198,47730093,0,0,0,0,0,0,0,0,0
201202,12,099,3,5,Palm Beach County             ,217,217,83940397,1,2,208371,3,9,2818398,33,793,68934436,212,212,81208646,0,0,0,3,9,2818398,30,768,66802992
201202,12,101,3,5,Pasco County                  ,153,153,28580316,6,12,1655000,0,0,0,2,12,1725160,151,151,28170612,6,12,1655000,0,0,0,2,12,1725160
201202,12,103,3,5,Pinellas County               ,61,61,14181961,0,0,0,1,4,306498,1,5,306498,59,59,13454874,0,0,0,1,4,306498,1,5,306498
201202,12,105,3,5,Polk County                   ,247,247,43787214,0,0,0,0,0,0,0,0,0,244,244,43468940,0,0,0,0,0,0,0,0,0
201202,12,107,3,5,Putnam County                 ,6,6,772568,0,0,0,0,0,0,0,0,0,0,0,0,0,0,0,0,0,0,0,0,0
201202,12,109,3,5,St. Johns County              ,281,281,77276073,7,14,2275000,0,0,0,1,16,908000,281,281,77276073,7,14,2275000,0,0,0,1,16,908000
201202,12,111,3,5,St. Lucie County              ,34,34,5251672,0,0,0,0,0,0,0,0,0,33,33,5080217,0,0,0,0,0,0,0,0,0
201202,12,113,3,5,Santa Rosa County             ,73,73,13461806,0,0,0,0,0,0,0,0,0,73,73,13461806,0,0,0,0,0,0,0,0,0
201202,12,115,3,5,Sarasota County               ,135,135,45682938,0,0,0,0,0,0,3,43,6547371,135,135,45682938,0,0,0,0,0,0,3,43,6547371
201202,12,117,3,5,Seminole County               ,119,119,29785060,0,0,0,1,4,395498,0,0,0,117,117,29437980,0,0,0,1,4,395498,0,0,0
201202,12,119,3,5,Sumter County                 ,473,473,124602124,0,0,0,0,0,0,0,0,0,473,473,124602124,0,0,0,0,0,0,0,0,0
201202,12,123,3,5,Taylor County                 ,9,9,869416,0,0,0,1,3,256199,0,0,0,9,9,869416,0,0,0,0,0,0,0,0,0
201202,12,125,3,5,Union County                  ,2,2,237960,0,0,0,0,0,0,0,0,0,2,2,237960,0,0,0,0,0,0,0,0,0
201202,12,127,3,5,Volusia County                ,82,82,22049038,0,0,0,0,0,0,2,17,1665583,70,70,19485204,0,0,0,0,0,0,0,0,0
201202,12,129,3,5,Wakulla County                ,10,10,1189247,0,0,0,0,0,0,0,0,0,10,10,1189247,0,0,0,0,0,0,0,0,0
201202,12,131,3,5,Walton County                 ,107,107,40054332,0,0,0,0,0,0,0,0,0,107,107,40054332,0,0,0,0,0,0,0,0,0
201202,12,133,3,5,Washington County             ,3,3,439418,0,0,0,0,0,0,0,0,0,1,1,96216,0,0,0,0,0,0,0,0,0
201202,13,005,3,5,Bacon County                  ,0,0,0,0,0,0,0,0,0,0,0,0,0,0,0,0,0,0,0,0,0,0,0,0
201202,13,013,3,5,Barrow County                 ,11,11,1069454,0,0,0,0,0,0,0,0,0,7,7,611074,0,0,0,0,0,0,0,0,0
201202,13,015,3,5,Bartow County                 ,11,11,2083083,0,0,0,0,0,0,0,0,0,11,11,2083083,0,0,0,0,0,0,0,0,0
201202,13,029,3,5,Bryan County                  ,38,38,7502604,0,0,0,0,0,0,0,0,0,38,38,7502604,0,0,0,0,0,0,0,0,0
201202,13,035,3,5,Butts County                  ,1,1,98804,0,0,0,0,0,0,0,0,0,0,0,0,0,0,0,0,0,0,0,0,0
201202,13,045,3,5,Carroll County                ,5,5,714293,0,0,0,0,0,0,0,0,0,5,5,714293,0,0,0,0,0,0,0,0,0
201202,13,057,3,5,Cherokee County               ,74,74,20141204,0,0,0,0,0,0,12,462,50034010,74,74,20141204,0,0,0,0,0,0,12,462,50034010
201202,13,059,3,5,Clarke County                 ,115,115,16515735,15,30,4062400,0,0,0,0,0,0,115,115,16515735,15,30,4062400,0,0,0,0,0,0
201202,13,063,3,5,Clayton County                ,5,5,922041,0,0,0,0,0,0,0,0,0,5,5,922041,0,0,0,0,0,0,0,0,0
201202,13,067,3,5,Cobb County                   ,180,180,44019634,2,4,803156,2,8,837546,4,327,39147800,180,180,44019634,2,4,803156,2,8,837546,4,327,39147800
201202,13,077,3,5,Coweta County                 ,67,67,20281237,0,0,0,0,0,0,0,0,0,47,47,16098304,0,0,0,0,0,0,0,0,0
201202,13,085,3,5,Dawson County                 ,7,7,1942500,0,0,0,0,0,0,0,0,0,6,6,1835000,0,0,0,0,0,0,0,0,0
201202,13,089,3,5,DeKalb County                 ,68,68,13084431,0,0,0,0,0,0,0,0,0,64,64,11747723,0,0,0,0,0,0,0,0,0
201202,13,095,3,5,Dougherty County              ,4,4,447698,0,0,0,1,3,152768,1,5,187500,0,0,0,0,0,0,0,0,0,0,0,0
201202,13,097,3,5,Douglas County                ,11,11,1568920,0,0,0,0,0,0,0,0,0,11,11,1568920,0,0,0,0,0,0,0,0,0
201202,13,113,3,5,Fayette County                ,14,14,3490694,0,0,0,0,0,0,0,0,0,8,8,1750000,0,0,0,0,0,0,0,0,0
201202,13,117,3,5,Forsyth County                ,216,216,29870093,2,4,157640,0,0,0,0,0,0,216,216,29870093,2,4,157640,0,0,0,0,0,0
201202,13,121,3,5,Fulton County                 ,193,193,44511893,0,0,0,0,0,0,2,530,63045183,192,192,44332829,0,0,0,0,0,0,2,530,63045183
201202,13,127,3,5,Glynn County                  ,54,54,13879871,0,0,0,0,0,0,0,0,0,0,0,0,0,0,0,0,0,0,0,0,0
201202,13,133,3,5,Greene County                 ,17,17,4422590,0,0,0,0,0,0,0,0,0,0,0,0,0,0,0,0,0,0,0,0,0
201202,13,135,3,5,Gwinnett County               ,201,201,31312394,0,0,0,0,0,0,0,0,0,179,179,25276958,0,0,0,0,0,0,0,0,0
201202,13,143,3,5,Haralson County               ,3,3,535885,0,0,0,0,0,0,0,0,0,1,1,184408,0,0,0,0,0,0,0,0,0
201202,13,145,3,5,Harris County                 ,15,15,3724371,0,0,0,0,0,0,0,0,0,15,15,3724371,0,0,0,0,0,0,0,0,0
201202,13,149,3,5,Heard County                  ,2,2,268736,0,0,0,0,0,0,0,0,0,0,0,0,0,0,0,0,0,0,0,0,0
201202,13,151,3,5,Henry County                  ,23,23,7135354,0,0,0,0,0,0,0,0,0,23,23,7135354,0,0,0,0,0,0,0,0,0
201202,13,159,3,5,Jasper County                 ,3,3,402370,0,0,0,0,0,0,0,0,0,0,0,0,0,0,0,0,0,0,0,0,0
201202,13,169,3,5,Jones County                  ,2,2,270000,0,0,0,0,0,0,0,0,0,2,2,270000,0,0,0,0,0,0,0,0,0
201202,13,171,3,5,Lamar County                  ,1,1,174130,0,0,0,0,0,0,0,0,0,1,1,174130,0,0,0,0,0,0,0,0,0
201202,13,177,3,5,Lee County                    ,19,19,2171417,0,0,0,0,0,0,0,0,0,0,0,0,0,0,0,0,0,0,0,0,0
201202,13,189,3,5,McDuffie County               ,5,5,709264,0,0,0,0,0,0,0,0,0,2,2,240000,0,0,0,0,0,0,0,0,0
201202,13,199,3,5,Meriwether County             ,5,5,789316,0,0,0,0,0,0,0,0,0,5,5,789316,0,0,0,0,0,0,0,0,0
201202,13,211,3,5,Morgan County                 ,4,4,844896,0,0,0,0,0,0,0,0,0,0,0,0,0,0,0,0,0,0,0,0,0
201202,13,213,3,5,Murray County                 ,3,3,538146,0,0,0,0,0,0,0,0,0,3,3,538146,0,0,0,0,0,0,0,0,0
201202,13,215,3,5,Muscogee County               ,38,38,4022525,2,4,331360,0,0,0,4,25,1896362,0,0,0,0,0,0,0,0,0,0,0,0
201202,13,217,3,5,Newton County                 ,10,10,1265955,0,0,0,0,0,0,0,0,0,5,5,425000,0,0,0,0,0,0,0,0,0
201202,13,223,3,5,Paulding County               ,42,42,5873382,0,0,0,0,0,0,0,0,0,28,28,3480288,0,0,0,0,0,0,0,0,0
201202,13,227,3,5,Pickens County                ,6,6,2371106,0,0,0,0,0,0,0,0,0,6,6,2371106,0,0,0,0,0,0,0,0,0
201202,13,231,3,5,Pike County                   ,2,2,450000,0,0,0,0,0,0,0,0,0,2,2,450000,0,0,0,0,0,0,0,0,0
201202,13,237,3,5,Putnam County                 ,5,5,1241000,0,0,0,0,0,0,0,0,0,5,5,1241000,0,0,0,0,0,0,0,0,0
201202,13,239,3,5,Quitman County                ,0,0,0,0,0,0,0,0,0,0,0,0,0,0,0,0,0,0,0,0,0,0,0,0
201202,13,247,3,5,Rockdale County               ,8,8,2913464,0,0,0,0,0,0,0,0,0,8,8,2913464,0,0,0,0,0,0,0,0,0
201202,13,255,3,5,Spalding County               ,14,14,1622555,0,0,0,0,0,0,0,0,0,14,14,1622555,0,0,0,0,0,0,0,0,0
201202,13,291,3,5,Union County                  ,6,6,1106450,0,0,0,0,0,0,0,0,0,6,6,1106450,0,0,0,0,0,0,0,0,0
201202,13,297,3,5,Walton County                 ,11,11,1877202,0,0,0,0,0,0,0,0,0,11,11,1877202,0,0,0,0,0,0,0,0,0
201202,13,313,3,5,Whitfield County              ,9,9,1311070,0,0,0,0,0,0,0,0,0,0,0,0,0,0,0,0,0,0,0,0,0
201202,13,321,3,5,Worth County                  ,2,2,200000,0,0,0,0,0,0,0,0,0,2,2,200000,0,0,0,0,0,0,0,0,0
201202,15,001,4,9,Hawaii County                 ,52,52,10362320,0,0,0,0,0,0,0,0,0,52,52,10362320,0,0,0,0,0,0,0,0,0
201202,15,003,4,9,Honolulu County               ,161,161,46964541,0,0,0,2,8,868000,4,46,5001000,161,161,46964541,0,0,0,2,8,868000,4,46,5001000
201202,15,007,4,9,Kauai County                  ,12,12,8471282,0,0,0,0,0,0,0,0,0,12,12,8471282,0,0,0,0,0,0,0,0,0
201202,15,009,4,9,Maui County                   ,31,31,6958719,0,0,0,0,0,0,1,7,1495161,31,31,6958719,0,0,0,0,0,0,1,7,1495161
201202,16,001,4,8,Ada County                    ,240,240,62107114,0,0,0,4,16,1339876,0,0,0,238,238,61761313,0,0,0,4,16,1339876,0,0,0
201202,16,015,4,8,Boise County                  ,3,3,277496,0,0,0,0,0,0,0,0,0,3,3,277496,0,0,0,0,0,0,0,0,0
201202,16,027,4,8,Canyon County                 ,54,54,8571255,0,0,0,11,44,2533258,0,0,0,53,53,8385867,0,0,0,11,44,2533258,0,0,0
201202,16,045,4,8,Gem County                    ,2,2,213540,0,0,0,0,0,0,0,0,0,2,2,213540,0,0,0,0,0,0,0,0,0
201202,16,073,4,8,Owyhee County                 ,1,1,196181,0,0,0,0,0,0,0,0,0,0,0,0,0,0,0,0,0,0,0,0,0
201202,17,005,2,3,Bond County                   ,3,3,419544,0,0,0,0,0,0,0,0,0,1,1,110000,0,0,0,0,0,0,0,0,0
201202,17,013,2,3,Calhoun County                ,1,1,180000,0,0,0,0,0,0,0,0,0,1,1,180000,0,0,0,0,0,0,0,0,0
201202,17,027,2,3,Clinton County                ,10,10,1986388,0,0,0,0,0,0,0,0,0,8,8,1546125,0,0,0,0,0,0,0,0,0
201202,17,031,2,3,Cook County                   ,80,80,27097673,0,0,0,1,3,637200,7,77,8645588,70,70,22110476,0,0,0,1,3,637200,4,42,5549532
201202,17,037,2,3,DeKalb County                 ,2,2,680000,0,0,0,0,0,0,0,0,0,2,2,680000,0,0,0,0,0,0,0,0,0
201202,17,039,2,3,De Witt County                ,1,1,40000,0,0,0,0,0,0,0,0,0,1,1,40000,0,0,0,0,0,0,0,0,0
201202,17,043,2,3,DuPage County                 ,64,64,20354192,0,0,0,0,0,0,0,0,0,59,59,19183897,0,0,0,0,0,0,0,0,0
201202,17,063,2,3,Grundy County                 ,4,4,635198,0,0,0,0,0,0,0,0,0,2,2,314100,0,0,0,0,0,0,0,0,0
201202,17,083,2,3,Jersey County                 ,3,3,519795,0,0,0,0,0,0,2,10,578496,1,1,255535,0,0,0,0,0,0,0,0,0
201202,17,089,2,3,Kane County                   ,51,51,9003514,0,0,0,0,0,0,0,0,0,51,51,9003514,0,0,0,0,0,0,0,0,0
201202,17,093,2,3,Kendall County                ,14,14,2240015,0,0,0,0,0,0,0,0,0,1,1,275000,0,0,0,0,0,0,0,0,0
201202,17,097,2,3,Lake County                   ,36,36,9014169,1,2,236880,0,0,0,0,0,0,17,17,4313534,0,0,0,0,0,0,0,0,0
201202,17,111,2,3,McHenry County                ,36,36,6245151,0,0,0,0,0,0,0,0,0,25,25,4630163,0,0,0,0,0,0,0,0,0
201202,17,117,2,3,Macoupin County               ,9,9,1655282,1,2,300000,0,0,0,0,0,0,3,3,415000,0,0,0,0,0,0,0,0,0
201202,17,119,2,3,Madison County                ,26,26,6122816,1,2,160000,1,4,320000,0,0,0,16,16,3927441,1,2,160000,1,4,320000,0,0,0
201202,17,133,2,3,Monroe County                 ,14,14,2613915,0,0,0,0,0,0,0,0,0,11,11,2027005,0,0,0,0,0,0,0,0,0
201202,17,163,2,3,St. Clair County              ,68,68,13406520,0,0,0,0,0,0,3,37,2510136,40,40,7156202,0,0,0,0,0,0,0,0,0
201202,17,197,2,3,Will County                   ,39,39,10910802,0,0,0,0,0,0,0,0,0,35,35,10537324,0,0,0,0,0,0,0,0,0
201202,18,001,2,3,Adams County                  ,5,5,744000,0,0,0,0,0,0,1,16,750000,5,5,744000,0,0,0,0,0,0,1,16,750000
201202,18,003,2,3,Allen County                  ,59,59,9920441,0,0,0,0,0,0,0,0,0,59,59,9920441,0,0,0,0,0,0,0,0,0
201202,18,011,2,3,Boone County                  ,61,61,11952869,0,0,0,0,0,0,6,128,7032060,61,61,11952869,0,0,0,0,0,0,6,128,7032060
201202,18,013,2,3,Brown County                  ,0,0,0,1,2,205718,0,0,0,0,0,0,0,0,0,1,2,205718,0,0,0,0,0,0
201202,18,019,2,3,Clark County                  ,98,98,8985200,1,2,80000,0,0,0,0,0,0,97,97,8860200,1,2,80000,0,0,0,0,0,0
201202,18,029,2,3,Dearborn County               ,3,3,686000,0,0,0,0,0,0,0,0,0,3,3,686000,0,0,0,0,0,0,0,0,0
201202,18,043,2,3,Floyd County                  ,23,23,4624025,1,2,125000,0,0,0,0,0,0,20,20,4187900,1,2,125000,0,0,0,0,0,0
201202,18,047,2,3,Franklin County               ,2,2,325000,0,0,0,0,0,0,0,0,0,2,2,325000,0,0,0,0,0,0,0,0,0
201202,18,049,2,3,Fulton County                 ,1,1,195250,0,0,0,0,0,0,0,0,0,0,0,0,0,0,0,0,0,0,0,0,0
201202,18,057,2,3,Hamilton County               ,181,181,35053345,0,0,0,0,0,0,2,27,2532610,180,180,35016470,0,0,0,0,0,0,2,27,2532610
201202,18,059,2,3,Hancock County                ,24,24,4312136,0,0,0,0,0,0,0,0,0,24,24,4312136,0,0,0,0,0,0,0,0,0
201202,18,061,2,3,Harrison County               ,9,9,1813622,0,0,0,0,0,0,0,0,0,9,9,1813622,0,0,0,0,0,0,0,0,0
201202,18,063,2,3,Hendricks County              ,64,64,12170295,0,0,0,0,0,0,0,0,0,61,61,11581161,0,0,0,0,0,0,0,0,0
201202,18,065,2,3,Henry County                  ,1,1,123000,0,0,0,0,0,0,0,0,0,1,1,123000,0,0,0,0,0,0,0,0,0
201202,18,069,2,3,Huntington County             ,3,3,681000,0,0,0,0,0,0,0,0,0,3,3,681000,0,0,0,0,0,0,0,0,0
201202,18,073,2,3,Jasper County                 ,7,7,1340955,0,0,0,0,0,0,0,0,0,5,5,951814,0,0,0,0,0,0,0,0,0
201202,18,079,2,3,Jennings County               ,3,3,497000,0,0,0,0,0,0,0,0,0,3,3,497000,0,0,0,0,0,0,0,0,0
201202,18,081,2,3,Johnson County                ,54,54,10971851,0,0,0,18,71,3346998,0,0,0,50,50,10295105,0,0,0,17,68,3169990,0,0,0
201202,18,087,2,3,Lagrange County               ,10,10,1322000,0,0,0,0,0,0,0,0,0,10,10,1322000,0,0,0,0,0,0,0,0,0
201202,18,089,2,3,Lake County                   ,63,63,14437719,1,2,200000,0,0,0,0,0,0,59,59,13470258,1,2,200000,0,0,0,0,0,0
201202,18,097,2,3,Marion County                 ,48,48,9601139,0,0,0,1,4,399698,0,0,0,48,48,9601139,0,0,0,1,4,399698,0,0,0
201202,18,105,2,3,Monroe County                 ,29,29,4851355,2,4,382588,0,0,0,0,0,0,29,29,4851355,2,4,382588,0,0,0,0,0,0
201202,18,109,2,3,Morgan County                 ,9,9,1739269,0,0,0,0,0,0,0,0,0,9,9,1739269,0,0,0,0,0,0,0,0,0
201202,18,111,2,3,Newton County                 ,1,1,167500,0,0,0,0,0,0,0,0,0,1,1,167500,0,0,0,0,0,0,0,0,0
201202,18,115,2,3,Ohio County                   ,2,2,172400,0,0,0,0,0,0,0,0,0,2,2,172400,0,0,0,0,0,0,0,0,0
201202,18,125,2,3,Pike County                   ,4,4,549777,0,0,0,0,0,0,0,0,0,4,4,549777,0,0,0,0,0,0,0,0,0
201202,18,127,2,3,Porter County                 ,28,28,6400183,0,0,0,0,0,0,0,0,0,28,28,6400183,0,0,0,0,0,0,0,0,0
201202,18,133,2,3,Putnam County                 ,5,5,1854460,0,0,0,0,0,0,0,0,0,5,5,1854460,0,0,0,0,0,0,0,0,0
201202,18,145,2,3,Shelby County                 ,1,1,100000,0,0,0,1,3,0,0,0,0,1,1,100000,0,0,0,0,0,0,0,0,0
201202,18,155,2,3,Switzerland County            ,4,4,233065,0,0,0,0,0,0,0,0,0,0,0,0,0,0,0,0,0,0,0,0,0
201202,18,157,2,3,Tippecanoe County             ,54,54,10666490,0,0,0,0,0,0,0,0,0,54,54,10666490,0,0,0,0,0,0,0,0,0
201202,18,163,2,3,Vanderburgh County            ,35,35,4267000,0,0,0,0,0,0,0,0,0,35,35,4267000,0,0,0,0,0,0,0,0,0
201202,18,167,2,3,Vigo County                   ,11,11,1717741,1,2,82000,0,0,0,1,5,194444,6,6,1209081,0,0,0,0,0,0,0,0,0
201202,18,175,2,3,Washington County             ,4,4,613541,0,0,0,0,0,0,0,0,0,1,1,201514,0,0,0,0,0,0,0,0,0
201202,18,179,2,3,Wells County                  ,2,2,403027,0,0,0,0,0,0,0,0,0,2,2,403027,0,0,0,0,0,0,0,0,0
201202,18,181,2,3,White County                  ,1,1,140000,0,0,0,0,0,0,0,0,0,1,1,140000,0,0,0,0,0,0,0,0,0
201202,18,183,2,3,Whitley County                ,5,5,1283000,0,0,0,0,0,0,0,0,0,5,5,1283000,0,0,0,0,0,0,0,0,0
201202,19,049,2,4,Dallas County                 ,10,10,2015136,0,0,0,0,0,0,0,0,0,10,10,2015136,0,0,0,0,0,0,0,0,0
201202,19,077,2,4,Guthrie County                ,0,0,0,0,0,0,0,0,0,0,0,0,0,0,0,0,0,0,0,0,0,0,0,0
201202,19,085,2,4,Harrison County               ,4,4,821000,0,0,0,0,0,0,1,10,1200000,3,3,725000,0,0,0,0,0,0,1,10,1200000
201202,19,121,2,4,Madison County                ,3,3,567608,0,0,0,0,0,0,0,0,0,0,0,0,0,0,0,0,0,0,0,0,0
201202,19,129,2,4,Mills County                  ,0,0,0,0,0,0,0,0,0,0,0,0,0,0,0,0,0,0,0,0,0,0,0,0
201202,19,153,2,4,Polk County                   ,160,160,32316965,1,2,217533,0,0,0,1,16,2008000,160,160,32316965,1,2,217533,0,0,0,1,16,2008000
201202,19,155,2,4,Pottawattamie County          ,14,14,2412138,0,0,0,0,0,0,0,0,0,5,5,1106755,0,0,0,0,0,0,0,0,0
201202,19,181,2,4,Warren County                 ,4,4,658495,0,0,0,0,0,0,0,0,0,3,3,419414,0,0,0,0,0,0,0,0,0
201202,20,055,2,4,Finney County                 ,2,2,276132,0,0,0,0,0,0,0,0,0,2,2,276132,0,0,0,0,0,0,0,0,0
201202,20,059,2,4,Franklin County               ,2,2,481000,0,0,0,0,0,0,0,0,0,2,2,481000,0,0,0,0,0,0,0,0,0
201202,20,063,2,4,Gove County                   ,0,0,0,0,0,0,0,0,0,0,0,0,0,0,0,0,0,0,0,0,0,0,0,0
201202,20,091,2,4,Johnson County                ,120,120,35980636,0,0,0,0,0,0,0,0,0,79,79,24709898,0,0,0,0,0,0,0,0,0
201202,20,103,2,4,Leavenworth County            ,12,12,1456692,0,0,0,0,0,0,0,0,0,12,12,1456692,0,0,0,0,0,0,0,0,0
201202,20,107,2,4,Linn County                   ,2,2,295644,0,0,0,0,0,0,0,0,0,0,0,0,0,0,0,0,0,0,0,0,0
201202,20,121,2,4,Miami County                  ,4,4,823819,0,0,0,0,0,0,0,0,0,1,1,175000,0,0,0,0,0,0,0,0,0
201202,20,129,2,4,Morton County                 ,0,0,0,0,0,0,0,0,0,0,0,0,0,0,0,0,0,0,0,0,0,0,0,0
201202,20,151,2,4,Pratt County                  ,0,0,0,0,0,0,0,0,0,0,0,0,0,0,0,0,0,0,0,0,0,0,0,0
201202,20,183,2,4,Smith County                  ,0,0,0,0,0,0,0,0,0,0,0,0,0,0,0,0,0,0,0,0,0,0,0,0
201202,20,209,2,4,Wyandotte County              ,11,11,1783829,0,0,0,0,0,0,1,32,3000000,11,11,1783829,0,0,0,0,0,0,1,32,3000000
201202,21,005,3,6,Anderson County               ,2,2,118080,0,0,0,0,0,0,0,0,0,2,2,118080,0,0,0,0,0,0,0,0,0
201202,21,015,3,6,Boone County                  ,50,50,7053476,0,0,0,0,0,0,0,0,0,50,50,7053476,0,0,0,0,0,0,0,0,0
201202,21,021,3,6,Boyle County                  ,5,5,644000,0,0,0,1,4,475000,0,0,0,5,5,644000,0,0,0,1,4,475000,0,0,0
201202,21,029,3,6,Bullitt County                ,34,34,5244574,0,0,0,0,0,0,0,0,0,34,34,5244574,0,0,0,0,0,0,0,0,0
201202,21,037,3,6,Campbell County               ,11,11,1734407,0,0,0,0,0,0,0,0,0,10,10,1547875,0,0,0,0,0,0,0,0,0
201202,21,049,3,6,Clark County                  ,4,4,742945,0,0,0,0,0,0,0,0,0,0,0,0,0,0,0,0,0,0,0,0,0
201202,21,053,3,6,Clinton County                ,0,0,0,0,0,0,0,0,0,0,0,0,0,0,0,0,0,0,0,0,0,0,0,0
201202,21,059,3,6,Daviess County                ,29,29,2354300,0,0,0,0,0,0,0,0,0,29,29,2354300,0,0,0,0,0,0,0,0,0
201202,21,067,3,6,Fayette County                ,109,109,13927924,0,0,0,1,3,335133,2,47,2685854,0,0,0,0,0,0,0,0,0,0,0,0
201202,21,077,3,6,Gallatin County               ,2,2,350000,0,0,0,0,0,0,0,0,0,2,2,350000,0,0,0,0,0,0,0,0,0
201202,21,081,3,6,Grant County                  ,4,4,525000,0,0,0,0,0,0,0,0,0,4,4,525000,0,0,0,0,0,0,0,0,0
201202,21,103,3,6,Henry County                  ,3,3,550000,0,0,0,0,0,0,0,0,0,3,3,550000,0,0,0,0,0,0,0,0,0
201202,21,111,3,6,Jefferson County              ,115,115,23952737,0,0,0,1,4,230000,1,10,100550,115,115,23952737,0,0,0,1,4,230000,1,10,100550
201202,21,113,3,6,Jessamine County              ,10,10,1558952,0,0,0,0,0,0,0,0,0,5,5,969300,0,0,0,0,0,0,0,0,0
201202,21,117,3,6,Kenton County                 ,30,30,6555314,0,0,0,1,3,199000,8,80,4898000,30,30,6555314,0,0,0,1,3,199000,8,80,4898000
201202,21,137,3,6,Lincoln County                ,1,1,179382,0,0,0,0,0,0,0,0,0,1,1,179382,0,0,0,0,0,0,0,0,0
201202,21,151,3,6,Madison County                ,18,18,1532796,2,4,189512,1,3,150000,1,5,168572,7,7,573000,1,2,60000,1,3,150000,0,0,0
201202,21,157,3,6,Marshall County               ,6,6,947028,0,0,0,0,0,0,2,10,555556,0,0,0,0,0,0,0,0,0,0,0,0
201202,21,163,3,6,Meade County                  ,9,9,1313000,2,4,500000,0,0,0,0,0,0,9,9,1313000,2,4,500000,0,0,0,0,0,0
201202,21,167,3,6,Mercer County                 ,5,5,659044,1,2,137500,0,0,0,0,0,0,0,0,0,0,0,0,0,0,0,0,0,0
201202,21,179,3,6,Nelson County                 ,13,13,2010960,0,0,0,0,0,0,0,0,0,13,13,2010960,0,0,0,0,0,0,0,0,0
201202,21,185,3,6,Oldham County                 ,20,20,4546822,0,0,0,0,0,0,0,0,0,0,0,0,0,0,0,0,0,0,0,0,0
201202,21,191,3,6,Pendleton County              ,0,0,0,0,0,0,0,0,0,0,0,0,0,0,0,0,0,0,0,0,0,0,0,0
201202,21,205,3,6,Rowan County                  ,0,0,0,0,0,0,0,0,0,0,0,0,0,0,0,0,0,0,0,0,0,0,0,0
201202,21,209,3,6,Scott County                  ,32,32,3993846,2,4,120000,0,0,0,0,0,0,15,15,1743000,2,4,120000,0,0,0,0,0,0
201202,21,211,3,6,Shelby County                 ,14,14,2212143,1,2,60000,0,0,0,0,0,0,14,14,2212143,1,2,60000,0,0,0,0,0,0
201202,21,213,3,6,Simpson County                ,2,2,261836,0,0,0,0,0,0,0,0,0,0,0,0,0,0,0,0,0,0,0,0,0
201202,21,215,3,6,Spencer County                ,10,10,1844083,0,0,0,0,0,0,0,0,0,10,10,1844083,0,0,0,0,0,0,0,0,0
201202,21,221,3,6,Trigg County                  ,0,0,0,0,0,0,0,0,0,0,0,0,0,0,0,0,0,0,0,0,0,0,0,0
201202,21,239,3,6,Woodford County               ,6,6,1050000,0,0,0,0,0,0,0,0,0,6,6,1050000,0,0,0,0,0,0,0,0,0
201202,22,009,3,7,Avoyelles Parish              ,6,6,698010,0,0,0,0,0,0,0,0,0,0,0,0,0,0,0,0,0,0,0,0,0
201202,22,017,3,7,Caddo Parish                  ,51,51,15710283,0,0,0,0,0,0,0,0,0,51,51,15710283,0,0,0,0,0,0,0,0,0
201202,22,039,3,7,Evangeline Parish             ,4,4,603000,0,0,0,0,0,0,0,0,0,4,4,603000,0,0,0,0,0,0,0,0,0
201202,22,051,3,7,Jefferson Parish              ,15,15,7019020,0,0,0,0,0,0,0,0,0,15,15,7019020,0,0,0,0,0,0,0,0,0
201202,22,071,3,7,Orleans Parish                ,117,117,28484906,12,24,2069846,0,0,0,1,14,1727085,50,50,18039467,5,10,793000,0,0,0,0,0,0
201202,22,075,3,7,Plaquemines Parish            ,8,8,939009,0,0,0,0,0,0,0,0,0,8,8,939009,0,0,0,0,0,0,0,0,0
201202,22,077,3,7,Pointe Coupee Parish          ,5,5,872910,0,0,0,0,0,0,0,0,0,1,1,216970,0,0,0,0,0,0,0,0,0
201202,22,087,3,7,St. Bernard Parish            ,7,7,1139000,0,0,0,0,0,0,0,0,0,7,7,1139000,0,0,0,0,0,0,0,0,0
201202,22,089,3,7,St. Charles Parish            ,14,14,2376330,0,0,0,0,0,0,0,0,0,5,5,1055000,0,0,0,0,0,0,0,0,0
201202,22,091,3,7,St. Helena Parish             ,0,0,0,0,0,0,0,0,0,0,0,0,0,0,0,0,0,0,0,0,0,0,0,0
201202,22,095,3,7,St. John the Baptist Parish   ,8,8,1481371,0,0,0,0,0,0,0,0,0,8,8,1481371,0,0,0,0,0,0,0,0,0
201202,22,103,3,7,St. Tammany Parish            ,121,121,22593307,0,0,0,0,0,0,0,0,0,121,121,22593307,0,0,0,0,0,0,0,0,0
201202,22,105,3,7,Tangipahoa Parish             ,82,82,8912258,0,0,0,0,0,0,1,5,295000,78,78,8494480,0,0,0,0,0,0,0,0,0
201202,22,109,3,7,Terrebonne Parish             ,45,45,12897390,0,0,0,0,0,0,0,0,0,45,45,12897390,0,0,0,0,0,0,0,0,0
201202,22,117,3,7,Washington Parish             ,15,15,2273950,0,0,0,0,0,0,0,0,0,15,15,2273950,0,0,0,0,0,0,0,0,0
201202,23,000,1,1,Maine Unorganized Territory   ,5,5,664001,0,0,0,0,0,0,0,0,0,0,0,0,0,0,0,0,0,0,0,0,0
201202,24,003,3,5,Anne Arundel County           ,130,130,22884291,0,0,0,0,0,0,8,381,37517141,128,128,22517344,0,0,0,0,0,0,8,381,37517141
201202,24,005,3,5,Baltimore County              ,102,102,18326723,0,0,0,0,0,0,0,0,0,102,102,18326723,0,0,0,0,0,0,0,0,0
201202,24,009,3,5,Calvert County                ,24,24,4425799,0,0,0,0,0,0,0,0,0,24,24,4425799,0,0,0,0,0,0,0,0,0
201202,24,013,3,5,Carroll County                ,31,31,6535624,0,0,0,0,0,0,0,0,0,31,31,6535624,0,0,0,0,0,0,0,0,0
201202,24,015,3,5,Cecil County                  ,49,49,8677224,0,0,0,0,0,0,1,5,475574,0,0,0,0,0,0,0,0,0,0,0,0
201202,24,017,3,5,Charles County                ,119,119,23451408,0,0,0,0,0,0,0,0,0,119,119,23451408,0,0,0,0,0,0,0,0,0
201202,24,021,3,5,Frederick County              ,164,164,31950289,0,0,0,0,0,0,2,15,1374100,98,98,18540963,0,0,0,0,0,0,1,7,585406
201202,24,023,3,5,Garrett County                ,8,8,1472625,0,0,0,0,0,0,0,0,0,8,8,1472625,0,0,0,0,0,0,0,0,0
201202,24,025,3,5,Harford County                ,116,116,22185751,0,0,0,0,0,0,0,0,0,116,116,22185751,0,0,0,0,0,0,0,0,0
201202,24,027,3,5,Howard County                 ,143,143,29908785,0,0,0,0,0,0,2,55,5516093,56,56,11691031,0,0,0,0,0,0,1,27,3000000
201202,24,031,3,5,Montgomery County             ,154,154,32396675,13,26,2544031,0,0,0,3,238,25764326,146,146,31015500,10,20,1650000,0,0,0,3,238,25764326
201202,24,033,3,5,Prince George County          ,159,159,29328771,0,0,0,0,0,0,0,0,0,157,157,29103221,0,0,0,0,0,0,0,0,0
201202,24,035,3,5,Queen Anne County             ,16,16,2869127,0,0,0,0,0,0,0,0,0,16,16,2869127,0,0,0,0,0,0,0,0,0
201202,24,510,3,5,Baltimore (Independent City)  ,11,11,1382146,0,0,0,0,0,0,2,106,13910128,0,0,0,0,0,0,0,0,0,1,74,10000000
201202,25,009,1,1,Essex County                  ,57,57,16141373,3,6,413621,0,0,0,5,34,2789124,41,41,11878492,2,4,247000,0,0,0,0,0,0
201202,25,017,1,1,Middlesex County              ,154,154,45539049,3,6,1052753,0,0,0,13,654,57799550,137,137,42514108,2,4,835569,0,0,0,7,612,54476764
201202,25,019,1,1,Nantucket County              ,5,5,3145000,0,0,0,0,0,0,0,0,0,5,5,3145000,0,0,0,0,0,0,0,0,0
201202,25,021,1,1,Norfolk County                ,83,83,21961413,0,0,0,0,0,0,6,45,4619004,63,63,15861017,0,0,0,0,0,0,1,16,1454000
201202,25,023,1,1,Plymouth County               ,84,84,18193464,0,0,0,1,3,295443,1,5,492405,62,62,14179495,0,0,0,0,0,0,0,0,0
201202,25,025,1,1,Suffolk County                ,8,8,1524391,10,20,2783000,9,28,2804000,4,98,19514643,8,8,1524391,10,20,2783000,9,28,2804000,2,79,18395000
201202,26,000,2,3,Michigan Balance of State     ,3,3,561828,0,0,0,0,0,0,0,0,0,3,3,561828,0,0,0,0,0,0,0,0,0
201202,26,001,2,3,Alcona County                 ,1,1,100477,0,0,0,0,0,0,0,0,0,0,0,0,0,0,0,0,0,0,0,0,0
201202,26,009,2,3,Antrim County                 ,4,4,720224,0,0,0,0,0,0,0,0,0,2,2,338917,0,0,0,0,0,0,0,0,0
201202,26,015,2,3,Barry County                  ,11,11,1513054,0,0,0,0,0,0,0,0,0,1,1,249000,0,0,0,0,0,0,0,0,0
201202,26,019,2,3,Benzie County                 ,1,1,378266,0,0,0,0,0,0,0,0,0,1,1,378266,0,0,0,0,0,0,0,0,0
201202,26,029,2,3,Charlevoix County             ,4,4,912278,0,0,0,0,0,0,1,5,439587,0,0,0,0,0,0,0,0,0,0,0,0
201202,26,031,2,3,Cheboygan County              ,2,2,170000,0,0,0,0,0,0,0,0,0,2,2,170000,0,0,0,0,0,0,0,0,0
201202,26,047,2,3,Emmet County                  ,2,2,721942,0,0,0,0,0,0,0,0,0,2,2,721942,0,0,0,0,0,0,0,0,0
201202,26,051,2,3,Gladwin County                ,8,8,1612109,0,0,0,0,0,0,0,0,0,8,8,1612109,0,0,0,0,0,0,0,0,0
201202,26,059,2,3,Hillsdale County              ,6,6,1069410,0,0,0,0,0,0,0,0,0,6,6,1069410,0,0,0,0,0,0,0,0,0
201202,26,067,2,3,Ionia County                  ,3,3,508218,0,0,0,0,0,0,0,0,0,0,0,0,0,0,0,0,0,0,0,0,0
201202,26,079,2,3,Kalkaska County               ,0,0,0,0,0,0,0,0,0,0,0,0,0,0,0,0,0,0,0,0,0,0,0,0
201202,26,081,2,3,Kent County                   ,112,112,22245446,0,0,0,0,0,0,0,0,0,106,106,21282773,0,0,0,0,0,0,0,0,0
201202,26,085,2,3,Lake County                   ,3,3,86235,0,0,0,0,0,0,0,0,0,0,0,0,0,0,0,0,0,0,0,0,0
201202,26,087,2,3,Lapeer County                 ,1,1,120000,0,0,0,0,0,0,0,0,0,1,1,120000,0,0,0,0,0,0,0,0,0
201202,26,089,2,3,Leelanau County               ,2,2,587644,0,0,0,0,0,0,0,0,0,2,2,587644,0,0,0,0,0,0,0,0,0
201202,26,093,2,3,Livingston County             ,21,21,5466613,0,0,0,1,4,795883,0,0,0,19,19,5262469,0,0,0,1,4,795883,0,0,0
201202,26,099,2,3,Macomb County                 ,100,100,23225428,0,0,0,1,4,120000,0,0,3240000,100,100,23225428,0,0,0,1,4,120000,0,0,3240000
201202,26,103,2,3,Marquette County              ,2,2,333380,0,0,0,0,0,0,0,0,0,2,2,333380,0,0,0,0,0,0,0,0,0
201202,26,113,2,3,Missaukee County              ,2,2,320616,0,0,0,0,0,0,0,0,0,0,0,0,0,0,0,0,0,0,0,0,0
201202,26,123,2,3,Newaygo County                ,2,2,253000,0,0,0,0,0,0,0,0,0,2,2,253000,0,0,0,0,0,0,0,0,0
201202,26,125,2,3,Oakland County                ,193,193,37163867,0,0,0,1,3,181471,1,17,1042898,178,178,34286102,0,0,0,0,0,0,0,0,0
201202,26,129,2,3,Ogemaw County                 ,0,0,0,0,0,0,0,0,0,0,0,0,0,0,0,0,0,0,0,0,0,0,0,0
201202,26,133,2,3,Osceola County                ,1,1,242847,0,0,0,0,0,0,0,0,0,1,1,242847,0,0,0,0,0,0,0,0,0
201202,26,137,2,3,Otsego County                 ,1,1,165775,0,0,0,0,0,0,0,0,0,0,0,0,0,0,0,0,0,0,0,0,0
201202,26,141,2,3,Presque Isle County           ,1,1,500000,0,0,0,0,0,0,0,0,0,1,1,500000,0,0,0,0,0,0,0,0,0
201202,26,147,2,3,St. Clair County              ,3,3,358716,0,0,0,0,0,0,0,0,0,1,1,201514,0,0,0,0,0,0,0,0,0
201202,26,163,2,3,Wayne County                  ,42,42,10314746,0,0,0,0,0,0,0,0,0,40,40,10017080,0,0,0,0,0,0,0,0,0
201202,27,003,2,4,Anoka County                  ,59,59,15711062,0,0,0,0,0,0,0,0,0,57,57,15274763,0,0,0,0,0,0,0,0,0
201202,27,019,2,4,Carver County                 ,50,50,14485604,0,0,0,0,0,0,0,0,0,48,48,14013393,0,0,0,0,0,0,0,0,0
201202,27,025,2,4,Chisago County                ,6,6,1176924,0,0,0,0,0,0,0,0,0,4,4,860886,0,0,0,0,0,0,0,0,0
201202,27,037,2,4,Dakota County                 ,62,62,17874737,0,0,0,1,3,426990,0,0,0,62,62,17874737,0,0,0,1,3,426990,0,0,0
201202,27,053,2,4,Hennepin County               ,123,123,46045833,0,0,0,0,0,0,4,592,84576196,123,123,46045833,0,0,0,0,0,0,4,592,84576196
201202,27,059,2,4,Isanti County                 ,2,2,376470,0,0,0,0,0,0,0,0,0,1,1,185000,0,0,0,0,0,0,0,0,0
201202,27,123,2,4,Ramsey County                 ,17,17,5431028,0,0,0,1,3,450000,0,0,0,17,17,5431028,0,0,0,1,3,450000,0,0,0
201202,27,139,2,4,Scott County                  ,35,35,9885432,0,0,0,0,0,0,0,0,0,35,35,9885432,0,0,0,0,0,0,0,0,0
201202,27,141,2,4,Sherburne County              ,9,9,1890752,0,0,0,0,0,0,0,0,0,8,8,1772179,0,0,0,0,0,0,0,0,0
201202,27,163,2,4,Washington County             ,56,56,16679285,0,0,0,0,0,0,0,0,0,56,56,16679285,0,0,0,0,0,0,0,0,0
201202,27,171,2,4,Wright County                 ,22,22,4601350,0,0,0,0,0,0,0,0,0,22,22,4601350,0,0,0,0,0,0,0,0,0
201202,28,021,3,6,Claiborne County              ,0,0,0,0,0,0,0,0,0,0,0,0,0,0,0,0,0,0,0,0,0,0,0,0
201202,28,033,3,6,DeSoto County                 ,92,92,13325407,0,0,0,0,0,0,0,0,0,77,77,10897108,0,0,0,0,0,0,0,0,0
201202,28,039,3,6,George County                 ,1,1,50000,0,0,0,0,0,0,0,0,0,1,1,50000,0,0,0,0,0,0,0,0,0
201202,28,071,3,6,Lafayette County              ,11,11,1009700,2,4,400000,0,0,0,0,0,0,11,11,1009700,2,4,400000,0,0,0,0,0,0
201202,28,091,3,6,Marion County                 ,0,0,0,0,0,0,0,0,0,0,0,0,0,0,0,0,0,0,0,0,0,0,0,0
201202,28,093,3,6,Marshall County               ,2,2,310000,0,0,0,0,0,0,0,0,0,2,2,310000,0,0,0,0,0,0,0,0,0
201202,28,137,3,6,Tate County                   ,9,9,806985,0,0,0,0,0,0,0,0,0,0,0,0,0,0,0,0,0,0,0,0,0
201202,28,143,3,6,Tunica County                 ,2,2,160638,0,0,0,0,0,0,0,0,0,0,0,0,0,0,0,0,0,0,0,0,0
201202,28,153,3,6,Wayne County                  ,1,1,350000,0,0,0,0,0,0,0,0,0,1,1,350000,0,0,0,0,0,0,0,0,0
201202,29,001,2,4,Adair County                  ,15,15,1337764,0,0,0,1,4,272909,1,6,443477,15,15,1337764,0,0,0,1,4,272909,1,6,443477
201202,29,013,2,4,Bates County                  ,1,1,230000,0,0,0,0,0,0,0,0,0,1,1,230000,0,0,0,0,0,0,0,0,0
201202,29,019,2,4,Boone County                  ,68,68,13537140,3,6,475000,0,0,0,0,0,0,68,68,13537140,3,6,475000,0,0,0,0,0,0
201202,29,025,2,4,Caldwell County               ,4,4,806054,0,0,0,0,0,0,0,0,0,4,4,806054,0,0,0,0,0,0,0,0,0
201202,29,037,2,4,Cass County                   ,10,10,2615662,0,0,0,0,0,0,1,5,528333,9,9,2445225,0,0,0,0,0,0,0,0,0
201202,29,047,2,4,Clay County                   ,31,31,4481437,0,0,0,1,3,321000,0,0,0,29,29,4147699,0,0,0,0,0,0,0,0,0
201202,29,049,2,4,Clinton County                ,2,2,415628,0,0,0,0,0,0,0,0,0,0,0,0,0,0,0,0,0,0,0,0,0
201202,29,051,2,4,Cole County                   ,15,15,2828811,2,4,417230,0,0,0,0,0,0,0,0,0,0,0,0,0,0,0,0,0,0
201202,29,065,2,4,Dent County                   ,0,0,0,0,0,0,0,0,0,0,0,0,0,0,0,0,0,0,0,0,0,0,0,0
201202,29,071,2,4,Franklin County               ,20,20,2764754,1,2,344303,0,0,0,0,0,0,13,13,1822189,1,2,344303,0,0,0,0,0,0
201202,29,079,2,4,Grundy County                 ,1,1,130000,0,0,0,0,0,0,0,0,0,1,1,130000,0,0,0,0,0,0,0,0,0
201202,29,095,2,4,Jackson County                ,134,134,29146430,0,0,0,1,4,293916,0,0,0,133,133,28554116,0,0,0,1,4,293916,0,0,0
201202,29,099,2,4,Jefferson County              ,62,62,8172526,0,0,0,0,0,0,0,0,0,62,62,8172526,0,0,0,0,0,0,0,0,0
201202,29,105,2,4,Laclede County                ,1,1,208619,2,4,290986,0,0,0,0,0,0,0,0,0,0,0,0,0,0,0,0,0,0
201202,29,107,2,4,Lafayette County              ,0,0,0,0,0,0,0,0,0,0,0,0,0,0,0,0,0,0,0,0,0,0,0,0
201202,29,113,2,4,Lincoln County                ,7,7,905974,0,0,0,0,0,0,0,0,0,7,7,905974,0,0,0,0,0,0,0,0,0
201202,29,141,2,4,Morgan County                 ,0,0,0,0,0,0,0,0,0,0,0,0,0,0,0,0,0,0,0,0,0,0,0,0
201202,29,161,2,4,Phelps County                 ,1,1,223463,4,8,709660,3,12,470435,0,0,0,1,1,223463,4,8,709660,3,12,470435,0,0,0
201202,29,165,2,4,Platte County                 ,29,29,6503591,0,0,0,2,8,540000,0,0,0,29,29,6503591,0,0,0,2,8,540000,0,0,0
201202,29,175,2,4,Randolph County               ,0,0,0,0,0,0,0,0,0,0,0,0,0,0,0,0,0,0,0,0,0,0,0,0
201202,29,177,2,4,Ray County                    ,1,1,125750,0,0,0,0,0,0,0,0,0,0,0,0,0,0,0,0,0,0,0,0,0
201202,29,183,2,4,St. Charles County            ,149,149,29397236,2,4,302000,0,0,0,0,0,0,149,149,29397236,2,4,302000,0,0,0,0,0,0
201202,29,189,2,4,St. Louis County              ,73,73,22577823,0,0,0,0,0,0,2,10,1069604,28,28,7250180,0,0,0,0,0,0,0,0,0
201202,29,219,2,4,Warren County                 ,8,8,1463087,0,0,0,0,0,0,0,0,0,8,8,1463087,0,0,0,0,0,0,0,0,0
201202,29,221,2,4,Washington County             ,0,0,0,0,0,0,0,0,0,0,0,0,0,0,0,0,0,0,0,0,0,0,0,0
201202,29,510,2,4,St. Louis (Independent City)  ,6,6,732000,0,0,0,0,0,0,0,0,0,6,6,732000,0,0,0,0,0,0,0,0,0
201202,30,023,4,8,Deer Lodge County             ,0,0,0,0,0,0,0,0,0,0,0,0,0,0,0,0,0,0,0,0,0,0,0,0
201202,30,063,4,8,Missoula County               ,12,12,2429746,0,0,0,0,0,0,1,15,657603,6,6,1103466,0,0,0,0,0,0,1,15,657603
201202,31,025,2,4,Cass County                   ,6,6,961943,0,0,0,0,0,0,0,0,0,6,6,961943,0,0,0,0,0,0,0,0,0
201202,31,033,2,4,Cheyenne County               ,3,3,501351,0,0,0,0,0,0,0,0,0,3,3,501351,0,0,0,0,0,0,0,0,0
201202,31,055,2,4,Douglas County                ,154,154,24426651,0,0,0,0,0,0,3,85,5141332,151,151,23760801,0,0,0,0,0,0,1,47,2892519
201202,31,077,2,4,Greeley County                ,0,0,0,0,0,0,0,0,0,0,0,0,0,0,0,0,0,0,0,0,0,0,0,0
201202,31,105,2,4,Kimball County                ,0,0,0,0,0,0,0,0,0,0,0,0,0,0,0,0,0,0,0,0,0,0,0,0
201202,31,153,2,4,Sarpy County                  ,71,71,15606244,0,0,0,1,3,160222,1,30,2270700,38,38,8215700,0,0,0,0,0,0,1,30,2270700
201202,31,155,2,4,Saunders County               ,3,3,448818,0,0,0,0,0,0,0,0,0,3,3,448818,0,0,0,0,0,0,0,0,0
201202,31,177,2,4,Washington County             ,2,2,596673,0,0,0,0,0,0,0,0,0,2,2,596673,0,0,0,0,0,0,0,0,0
201202,32,001,4,8,Churchill County              ,2,2,443575,0,0,0,0,0,0,0,0,0,2,2,443575,0,0,0,0,0,0,0,0,0
201202,32,003,4,8,Clark County                  ,530,530,79188789,10,20,1092370,0,0,0,7,219,13045930,530,530,79188789,10,20,1092370,0,0,0,7,219,13045930
201202,32,005,4,8,Douglas County                ,2,2,661051,0,0,0,0,0,0,0,0,0,2,2,661051,0,0,0,0,0,0,0,0,0
201202,32,007,4,8,Elko County                   ,28,28,4150485,5,10,578767,0,0,0,2,24,2219078,28,28,4150485,5,10,578767,0,0,0,2,24,2219078
201202,32,013,4,8,Humboldt County               ,6,6,762253,0,0,0,0,0,0,0,0,0,6,6,762253,0,0,0,0,0,0,0,0,0
201202,32,015,4,8,Lander County                 ,4,4,565297,0,0,0,0,0,0,0,0,0,4,4,565297,0,0,0,0,0,0,0,0,0
201202,32,017,4,8,Lincoln County                ,2,2,318304,0,0,0,0,0,0,0,0,0,0,0,0,0,0,0,0,0,0,0,0,0
201202,32,019,4,8,Lyon County                   ,5,5,896634,0,0,0,0,0,0,0,0,0,5,5,896634,0,0,0,0,0,0,0,0,0
201202,32,021,4,8,Mineral County                ,0,0,0,0,0,0,0,0,0,0,0,0,0,0,0,0,0,0,0,0,0,0,0,0
201202,32,027,4,8,Pershing County               ,0,0,0,0,0,0,0,0,0,0,0,0,0,0,0,0,0,0,0,0,0,0,0,0
201202,32,029,4,8,Storey County                 ,0,0,0,0,0,0,0,0,0,0,0,0,0,0,0,0,0,0,0,0,0,0,0,0
201202,32,031,4,8,Washoe County                 ,63,63,15587506,1,2,96000,0,0,0,1,66,6140114,61,61,14822252,1,2,96000,0,0,0,1,66,6140114
201202,32,033,4,8,White Pine County             ,0,0,0,0,0,0,0,0,0,0,0,0,0,0,0,0,0,0,0,0,0,0,0,0
201202,32,510,4,8,Carson City (Independent City),2,2,901297,0,0,0,0,0,0,0,0,0,2,2,901297,0,0,0,0,0,0,0,0,0
201202,33,015,1,1,Rockingham County             ,48,48,10514299,2,4,565920,0,0,0,1,26,2200000,38,38,8336838,2,4,565920,0,0,0,1,26,2200000
201202,33,017,1,1,Strafford County              ,14,14,2587874,0,0,0,0,0,0,0,0,0,9,9,1820696,0,0,0,0,0,0,0,0,0
201202,34,001,1,2,Atlantic County               ,51,51,12039919,0,0,0,0,0,0,2,16,3514726,31,31,9790427,0,0,0,0,0,0,0,0,0
201202,34,003,1,2,Bergen County                 ,77,77,30995944,6,12,1739435,0,0,0,6,30,2820143,38,38,17644600,4,8,1488000,0,0,0,0,0,0
201202,34,005,1,2,Burlington County             ,52,52,10116552,0,0,0,0,0,0,6,45,3182451,36,36,7790795,0,0,0,0,0,0,0,0,0
201202,34,007,1,2,Camden County                 ,37,37,6271648,1,2,232185,0,0,0,5,45,3155072,22,22,4056399,1,2,232185,0,0,0,2,30,2546898
201202,34,009,1,2,Cape May County               ,42,42,11159746,13,26,5025600,0,0,0,0,0,0,40,40,10794315,13,26,5025600,0,0,0,0,0,0
201202,34,011,1,2,Cumberland County             ,25,25,2732507,0,0,0,0,0,0,0,0,0,13,13,1349306,0,0,0,0,0,0,0,0,0
201202,34,013,1,2,Essex County                  ,26,26,11402137,1,2,109500,2,6,427000,5,159,15419251,12,12,8882820,1,2,109500,2,6,427000,2,130,12316500
201202,34,015,1,2,Gloucester County             ,51,51,8833010,0,0,0,0,0,0,0,0,0,38,38,6697145,0,0,0,0,0,0,0,0,0
201202,34,017,1,2,Hudson County                 ,11,11,1068991,5,10,73950,4,13,1340907,14,225,19212076,4,4,126574,5,10,73950,2,7,516371,9,120,8480115
201202,34,019,1,2,Hunterdon County              ,17,17,2805661,0,0,0,0,0,0,4,22,4021166,5,5,1624348,0,0,0,0,0,0,0,0,2445000
201202,34,021,1,2,Mercer County                 ,15,15,3903182,2,4,667727,0,0,0,3,29,2516810,6,6,2336450,1,2,474527,0,0,0,1,15,1015197
201202,34,023,1,2,Middlesex County              ,61,61,9793699,0,0,0,0,0,0,8,110,5355766,51,51,8427795,0,0,0,0,0,0,2,49,1670494
201202,34,025,1,2,Monmouth County               ,92,92,22741783,0,0,0,0,0,0,2,27,675202,79,79,20686042,0,0,0,0,0,0,0,0,0
201202,34,027,1,2,Morris County                 ,73,73,15668874,0,0,0,0,0,0,3,15,1124031,48,48,10274458,0,0,0,0,0,0,0,0,0
201202,34,029,1,2,Ocean County                  ,131,131,21908497,0,0,0,0,0,0,1,12,786750,117,117,18037373,0,0,0,0,0,0,0,0,0
201202,34,031,1,2,Passaic County                ,16,16,2882073,3,6,538238,0,0,0,6,39,3671944,5,5,977000,0,0,0,0,0,0,1,10,1320000
201202,34,033,1,2,Salem County                  ,8,8,973700,0,0,0,0,0,0,0,0,0,8,8,973700,0,0,0,0,0,0,0,0,0
201202,34,035,1,2,Somerset County               ,35,35,8465160,0,0,0,0,0,0,8,79,4310854,27,27,7372291,0,0,0,0,0,0,4,59,2813202
201202,34,037,1,2,Sussex County                 ,19,19,4262112,0,0,0,0,0,0,1,5,25000,6,6,1680571,0,0,0,0,0,0,0,0,0
201202,34,039,1,2,Union County                  ,28,28,5709402,6,12,811570,1,3,185000,8,174,9570176,19,19,4318392,4,8,508000,1,3,185000,2,114,8235000
201202,34,041,1,2,Warren County                 ,10,10,1393287,0,0,0,0,0,0,0,0,0,2,2,211236,0,0,0,0,0,0,0,0,0
201202,35,000,4,8,New Mexico Balance of State   ,89,89,15457727,0,0,0,0,0,0,0,0,0,0,0,0,0,0,0,0,0,0,0,0,0
201202,35,001,4,8,Bernalillo County             ,131,131,25037481,0,0,0,1,4,563091,3,31,2414008,11,11,3749005,0,0,0,0,0,0,0,0,0
201202,35,005,4,8,Chaves County                 ,7,7,1501994,0,0,0,0,0,0,0,0,0,6,6,1325679,0,0,0,0,0,0,0,0,0
201202,35,007,4,8,Colfax County                 ,1,1,421860,0,0,0,0,0,0,0,0,0,0,0,0,0,0,0,0,0,0,0,0,0
201202,35,009,4,8,Curry County                  ,22,22,4089225,3,6,614759,0,0,0,0,0,0,22,22,4089225,3,6,614759,0,0,0,0,0,0
201202,35,013,4,8,Dona Ana County               ,127,127,24151493,2,4,442400,0,0,0,0,0,0,116,116,21145876,2,4,442400,0,0,0,0,0,0
201202,35,015,4,8,Eddy County                   ,23,23,4088789,0,0,0,0,0,0,0,0,0,23,23,4088789,0,0,0,0,0,0,0,0,0
201202,35,025,4,8,Lea County                    ,3,3,886560,0,0,0,2,8,660000,0,0,0,3,3,886560,0,0,0,2,8,660000,0,0,0
201202,35,027,4,8,Lincoln County                ,5,5,874742,0,0,0,0,0,0,0,0,0,0,0,0,0,0,0,0,0,0,0,0,0
201202,35,028,4,8,Los Alamos County             ,1,1,484620,0,0,0,0,0,0,0,0,0,1,1,484620,0,0,0,0,0,0,0,0,0
201202,35,029,4,8,Luna County                   ,2,2,366364,0,0,0,0,0,0,0,0,0,0,0,0,0,0,0,0,0,0,0,0,0
201202,35,031,4,8,McKinley County               ,0,0,0,0,0,0,0,0,0,0,0,0,0,0,0,0,0,0,0,0,0,0,0,0
201202,35,035,4,8,Otero County                  ,0,0,0,0,0,0,0,0,0,0,0,0,0,0,0,0,0,0,0,0,0,0,0,0
201202,35,039,4,8,Rio Arriba County             ,0,0,0,0,0,0,0,0,0,0,0,0,0,0,0,0,0,0,0,0,0,0,0,0
201202,35,041,4,8,Roosevelt County              ,12,12,1334000,0,0,0,0,0,0,0,0,0,12,12,1334000,0,0,0,0,0,0,0,0,0
201202,35,043,4,8,Sandoval County               ,60,60,10805702,0,0,0,0,0,0,0,0,0,19,19,3397533,0,0,0,0,0,0,0,0,0
201202,35,045,4,8,San Juan County               ,23,23,4824391,0,0,0,0,0,0,0,0,0,23,23,4824391,0,0,0,0,0,0,0,0,0
201202,35,049,4,8,Santa Fe County               ,14,14,1867019,0,0,0,0,0,0,0,0,0,0,0,0,0,0,0,0,0,0,0,0,0
201202,35,051,4,8,Sierra County                 ,0,0,0,0,0,0,0,0,0,0,0,0,0,0,0,0,0,0,0,0,0,0,0,0
201202,35,053,4,8,Socorro County                ,0,0,0,0,0,0,0,0,0,0,0,0,0,0,0,0,0,0,0,0,0,0,0,0
201202,35,055,4,8,Taos County                   ,8,8,977591,0,0,0,0,0,0,0,0,0,1,1,210000,0,0,0,0,0,0,0,0,0
201202,35,061,4,8,Valencia County               ,13,13,1679888,0,0,0,0,0,0,0,0,0,0,0,0,0,0,0,0,0,0,0,0,0
201202,36,005,1,2,Bronx County                  ,0,0,0,0,0,0,3,9,828849,9,402,35105809,0,0,0,0,0,0,3,9,828849,9,402,35105809
201202,36,047,1,2,Kings County                  ,0,0,0,9,18,1998744,11,36,3315395,20,400,34931153,0,0,0,9,18,1998744,11,36,3315395,20,400,34931153
201202,36,059,1,2,Nassau County                 ,73,73,27602172,1,2,71429,0,0,0,9,90,9720000,67,67,25133789,0,0,0,0,0,0,9,90,9720000
201202,36,061,1,2,New York County               ,0,0,0,1,2,222083,0,0,0,8,455,39734187,0,0,0,1,2,222083,0,0,0,8,455,39734187
201202,36,079,1,2,Putnam County                 ,7,7,1578160,0,0,0,0,0,0,0,0,0,3,3,774500,0,0,0,0,0,0,0,0,0
201202,36,081,1,2,Queens County                 ,15,15,3305226,16,32,3553321,5,16,1473509,5,49,4279066,15,15,3305226,16,32,3553321,5,16,1473509,5,49,4279066
201202,36,085,1,2,Richmond County               ,21,21,4627316,5,10,1110413,0,0,0,0,0,0,21,21,4627316,5,10,1110413,0,0,0,0,0,0
201202,36,087,1,2,Rockland County               ,8,8,3511100,1,2,300000,1,3,276283,0,0,0,8,8,3511100,1,2,300000,1,3,276283,0,0,0
201202,36,103,1,2,Suffolk County                ,96,96,38860800,0,0,0,0,0,0,4,20,1585000,75,75,32711126,0,0,0,0,0,0,4,20,1585000
201202,36,119,1,2,Westchester County            ,14,14,7182898,1,2,200000,0,0,0,1,8,986301,10,10,6167000,0,0,0,0,0,0,0,0,0
201202,37,003,3,5,Alexander County              ,7,7,2182690,0,0,0,0,0,0,0,0,0,7,7,2182690,0,0,0,0,0,0,0,0,0
201202,37,007,3,5,Anson County                  ,2,2,397475,0,0,0,0,0,0,0,0,0,2,2,397475,0,0,0,0,0,0,0,0,0
201202,37,009,3,5,Ashe County                   ,6,6,1225000,0,0,0,0,0,0,0,0,0,6,6,1225000,0,0,0,0,0,0,0,0,0
201202,37,011,3,5,Avery County                  ,0,0,0,0,0,0,0,0,0,1,32,2500000,0,0,0,0,0,0,0,0,0,1,32,2500000
201202,37,019,3,5,Brunswick County              ,151,151,27808645,0,0,0,0,0,0,0,0,0,150,150,27434783,0,0,0,0,0,0,0,0,0
201202,37,025,3,5,Cabarrus County               ,114,114,14882504,0,0,0,0,0,0,1,66,4684377,114,114,14882504,0,0,0,0,0,0,1,66,4684377
201202,37,027,3,5,Caldwell County               ,11,11,1585895,0,0,0,0,0,0,0,0,0,11,11,1585895,0,0,0,0,0,0,0,0,0
201202,37,037,3,5,Chatham County                ,71,71,20066923,0,0,0,0,0,0,0,0,0,71,71,20066923,0,0,0,0,0,0,0,0,0
201202,37,039,3,5,Cherokee County               ,16,16,2492496,0,0,0,0,0,0,0,0,0,16,16,2492496,0,0,0,0,0,0,0,0,0
201202,37,049,3,5,Craven County                 ,40,40,5286550,0,0,0,0,0,0,0,0,0,28,28,3819950,0,0,0,0,0,0,0,0,0
201202,37,053,3,5,Currituck County              ,24,24,5947242,0,0,0,0,0,0,0,0,0,0,0,0,0,0,0,0,0,0,0,0,0
201202,37,059,3,5,Davie County                  ,6,6,1031225,0,0,0,0,0,0,0,0,0,6,6,1031225,0,0,0,0,0,0,0,0,0
201202,37,063,3,5,Durham County                 ,158,158,29195750,0,0,0,0,0,0,15,563,37855440,71,71,13777564,0,0,0,0,0,0,14,528,35987016
201202,37,067,3,5,Forsyth County                ,120,120,19400187,0,0,0,2,7,227118,3,99,2488761,120,120,19400187,0,0,0,2,7,227118,3,99,2488761
201202,37,069,3,5,Franklin County               ,39,39,9856817,0,0,0,0,0,0,0,0,0,39,39,9856817,0,0,0,0,0,0,0,0,0
201202,37,071,3,5,Gaston County                 ,61,61,12926544,0,0,0,0,0,0,0,0,0,61,61,12926544,0,0,0,0,0,0,0,0,0
201202,37,081,3,5,Guilford County               ,131,131,31564605,0,0,0,2,8,287304,7,193,8955152,131,131,31564605,0,0,0,2,8,287304,7,193,8955152
201202,37,089,3,5,Henderson County              ,36,36,6709601,0,0,0,0,0,0,0,0,0,36,36,6709601,0,0,0,0,0,0,0,0,0
201202,37,093,3,5,Hoke County                   ,59,59,10583538,0,0,0,0,0,0,0,0,0,59,59,10583538,0,0,0,0,0,0,0,0,0
201202,37,097,3,5,Iredell County                ,74,74,20838521,0,0,0,0,0,0,0,0,0,74,74,20838521,0,0,0,0,0,0,0,0,0
201202,37,099,3,5,Jackson County                ,25,25,8866106,0,0,0,0,0,0,0,0,0,13,13,5291033,0,0,0,0,0,0,0,0,0
201202,37,101,3,5,Johnston County               ,141,141,18055817,0,0,0,0,0,0,0,0,0,122,122,15631503,0,0,0,0,0,0,0,0,0
201202,37,105,3,5,Lee County                    ,19,19,2978425,0,0,0,0,0,0,0,0,0,19,19,2978425,0,0,0,0,0,0,0,0,0
201202,37,109,3,5,Lincoln County                ,19,19,6742205,0,0,0,0,0,0,0,0,0,0,0,0,0,0,0,0,0,0,0,0,0
201202,37,113,3,5,Macon County                  ,8,8,3815000,0,0,0,0,0,0,0,0,0,8,8,3815000,0,0,0,0,0,0,0,0,0
201202,37,119,3,5,Mecklenburg County            ,455,455,83905775,0,0,0,5,20,943533,24,911,81689907,455,455,83905775,0,0,0,5,20,943533,24,911,81689907
201202,37,127,3,5,Nash County                   ,23,23,2693939,0,0,0,0,0,0,0,0,0,17,17,2292911,0,0,0,0,0,0,0,0,0
201202,37,129,3,5,New Hanover County            ,77,77,19694186,2,4,621835,0,0,0,14,304,35565921,38,38,10094494,0,0,0,0,0,0,13,286,34366775
201202,37,135,3,5,Orange County                 ,29,29,6978102,0,0,0,0,0,0,1,11,1782050,29,29,6978102,0,0,0,0,0,0,1,11,1782050
201202,37,137,3,5,Pamlico County                ,6,6,1462596,0,0,0,0,0,0,0,0,0,0,0,0,0,0,0,0,0,0,0,0,0
201202,37,141,3,5,Pender County                 ,14,14,2289940,0,0,0,0,0,0,0,0,0,12,12,2081606,0,0,0,0,0,0,0,0,0
201202,37,145,3,5,Person County                 ,11,11,2390918,0,0,0,0,0,0,0,0,0,11,11,2390918,0,0,0,0,0,0,0,0,0
201202,37,147,3,5,Pitt County                   ,53,53,8298822,6,12,949900,0,0,0,0,0,0,41,41,5996360,6,12,949900,0,0,0,0,0,0
201202,37,149,3,5,Polk County                   ,5,5,939126,0,0,0,0,0,0,0,0,0,5,5,939126,0,0,0,0,0,0,0,0,0
201202,37,151,3,5,Randolph County               ,23,23,4400762,1,2,181710,0,0,0,2,52,1917000,23,23,4400762,1,2,181710,0,0,0,2,52,1917000
201202,37,157,3,5,Rockingham County             ,16,16,3505927,0,0,0,0,0,0,0,0,0,16,16,3505927,0,0,0,0,0,0,0,0,0
201202,37,159,3,5,Rowan County                  ,21,21,4098396,0,0,0,0,0,0,0,0,0,21,21,4098396,0,0,0,0,0,0,0,0,0
201202,37,163,3,5,Sampson County                ,17,17,2676895,0,0,0,0,0,0,0,0,0,17,17,2676895,0,0,0,0,0,0,0,0,0
201202,37,167,3,5,Stanly County                 ,18,18,2234450,0,0,0,0,0,0,1,38,2105100,18,18,2234450,0,0,0,0,0,0,1,38,2105100
201202,37,171,3,5,Surry County                  ,10,10,2221409,0,0,0,0,0,0,0,0,0,10,10,2221409,0,0,0,0,0,0,0,0,0
201202,37,175,3,5,Transylvania County           ,13,13,3506001,0,0,0,0,0,0,0,0,0,13,13,3506001,0,0,0,0,0,0,0,0,0
201202,37,179,3,5,Union County                  ,155,155,26295798,0,0,0,0,0,0,0,0,0,155,155,26295798,0,0,0,0,0,0,0,0,0
201202,37,181,3,5,Vance County                  ,7,7,871490,0,0,0,0,0,0,0,0,0,7,7,871490,0,0,0,0,0,0,0,0,0
201202,37,183,3,5,Wake County                   ,731,731,153196709,2,4,600000,10,39,3464896,16,397,39605257,731,731,153196709,2,4,600000,10,39,3464896,16,397,39605257
201202,37,195,3,5,Wilson County                 ,15,15,3052034,0,0,0,0,0,0,0,0,0,15,15,3052034,0,0,0,0,0,0,0,0,0
201202,39,015,2,3,Brown County                  ,4,4,658536,0,0,0,0,0,0,0,0,0,0,0,0,0,0,0,0,0,0,0,0,0
201202,39,017,2,3,Butler County                 ,45,45,9562231,1,2,100000,0,0,0,0,0,0,41,41,9030339,1,2,100000,0,0,0,0,0,0
201202,39,025,2,3,Clermont County               ,44,44,9330961,0,0,0,0,0,0,2,22,1899000,44,44,9330961,0,0,0,0,0,0,2,22,1899000
201202,39,035,2,3,Cuyahoga County               ,39,39,7675277,0,0,0,0,0,0,1,5,530305,19,19,4649279,0,0,0,0,0,0,0,0,0
201202,39,041,2,3,Delaware County               ,96,96,19811461,0,0,0,0,0,0,0,0,0,96,96,19811461,0,0,0,0,0,0,0,0,0
201202,39,045,2,3,Fairfield County              ,28,28,5354640,0,0,0,0,0,0,0,0,0,21,21,4377705,0,0,0,0,0,0,0,0,0
201202,39,049,2,3,Franklin County               ,135,135,30937794,2,4,816944,0,0,0,25,449,25663878,130,130,29587944,2,4,816944,0,0,0,25,449,25663878
201202,39,055,2,3,Geauga County                 ,9,9,3460155,0,0,0,0,0,0,0,0,0,9,9,3460155,0,0,0,0,0,0,0,0,0
201202,39,061,2,3,Hamilton County               ,35,35,6992448,1,2,145196,1,3,225000,1,6,250031,29,29,5636941,0,0,0,1,3,225000,0,0,0
201202,39,085,2,3,Lake County                   ,23,23,5542613,0,0,0,0,0,0,1,5,394872,12,12,2371590,0,0,0,0,0,0,0,0,0
201202,39,089,2,3,Licking County                ,28,28,4450638,0,0,0,0,0,0,0,0,0,28,28,4450638,0,0,0,0,0,0,0,0,0
201202,39,093,2,3,Lorain County                 ,60,60,11431266,0,0,0,0,0,0,2,10,840000,57,57,10917971,0,0,0,0,0,0,2,10,840000
201202,39,097,2,3,Madison County                ,2,2,403028,0,0,0,1,4,168697,0,0,0,2,2,403028,0,0,0,1,4,168697,0,0,0
201202,39,103,2,3,Medina County                 ,36,36,7783756,0,0,0,0,0,0,0,0,0,36,36,7783756,0,0,0,0,0,0,0,0,0
201202,39,117,2,3,Morrow County                 ,3,3,525000,0,0,0,0,0,0,0,0,0,0,0,0,0,0,0,0,0,0,0,0,0
201202,39,129,2,3,Pickaway County               ,3,3,423000,0,0,0,0,0,0,0,0,0,3,3,423000,0,0,0,0,0,0,0,0,0
201202,39,159,2,3,Union County                  ,14,14,2821191,0,0,0,0,0,0,0,0,0,14,14,2821191,0,0,0,0,0,0,0,0,0
201202,39,165,2,3,Warren County                 ,76,76,19349417,0,0,0,2,8,1118366,0,0,0,76,76,19349417,0,0,0,2,8,1118366,0,0,0
201202,39,169,2,3,Wayne County                  ,9,9,1573700,2,4,405000,0,0,0,0,0,0,9,9,1573700,2,4,405000,0,0,0,0,0,0
201202,40,017,3,7,Canadian County               ,28,28,6309244,0,0,0,0,0,0,0,0,0,22,22,4839608,0,0,0,0,0,0,0,0,0
201202,40,021,3,7,Cherokee County               ,2,2,347919,3,6,410994,0,0,0,0,0,0,0,0,0,2,4,260000,0,0,0,0,0,0
201202,40,027,3,7,Cleveland County              ,99,99,15215103,1,2,220000,0,0,0,0,0,0,97,97,14863083,1,2,220000,0,0,0,0,0,0
201202,40,029,3,7,Coal County                   ,0,0,0,0,0,0,0,0,0,0,0,0,0,0,0,0,0,0,0,0,0,0,0,0
201202,40,037,3,7,Creek County                  ,12,12,1684031,0,0,0,0,0,0,0,0,0,0,0,0,0,0,0,0,0,0,0,0,0
201202,40,051,3,7,Grady County                  ,11,11,2548248,0,0,0,0,0,0,1,8,650000,10,10,2428748,0,0,0,0,0,0,1,8,650000
201202,40,081,3,7,Lincoln County                ,3,3,422480,0,0,0,0,0,0,0,0,0,3,3,422480,0,0,0,0,0,0,0,0,0
201202,40,083,3,7,Logan County                  ,43,43,6585000,0,0,0,0,0,0,0,0,0,43,43,6585000,0,0,0,0,0,0,0,0,0
201202,40,087,3,7,McClain County                ,23,23,3154566,0,0,0,0,0,0,0,0,0,23,23,3154566,0,0,0,0,0,0,0,0,0
201202,40,099,3,7,Murray County                 ,2,2,310000,0,0,0,0,0,0,0,0,0,2,2,310000,0,0,0,0,0,0,0,0,0
201202,40,109,3,7,Oklahoma County               ,395,395,77198749,3,6,522676,0,0,0,3,19,1089477,161,161,42152474,1,2,193360,0,0,0,0,0,0
201202,40,111,3,7,Okmulgee County               ,0,0,0,0,0,0,0,0,0,0,0,0,0,0,0,0,0,0,0,0,0,0,0,0
201202,40,113,3,7,Osage County                  ,11,11,1234000,0,0,0,0,0,0,0,0,0,11,11,1234000,0,0,0,0,0,0,0,0,0
201202,40,117,3,7,Pawnee County                 ,0,0,0,0,0,0,0,0,0,0,0,0,0,0,0,0,0,0,0,0,0,0,0,0
201202,40,131,3,7,Rogers County                 ,53,53,8398224,0,0,0,0,0,0,0,0,0,51,51,8116024,0,0,0,0,0,0,0,0,0
201202,40,143,3,7,Tulsa County                  ,272,272,52362090,0,0,0,0,0,0,11,132,4465000,272,272,52362090,0,0,0,0,0,0,11,132,4465000
201202,40,145,3,7,Wagoner County                ,25,25,4434260,0,0,0,0,0,0,0,0,0,25,25,4434260,0,0,0,0,0,0,0,0,0
201202,41,000,4,9,Oregon Balance of State       ,13,13,1886433,0,0,0,0,0,0,0,0,0,13,13,1886433,0,0,0,0,0,0,0,0,0
201202,41,001,4,9,Baker County                  ,3,3,579185,0,0,0,0,0,0,0,0,0,3,3,579185,0,0,0,0,0,0,0,0,0
201202,41,005,4,9,Clackamas County              ,169,169,40824235,0,0,0,0,0,0,0,0,0,167,167,40441821,0,0,0,0,0,0,0,0,0
201202,41,009,4,9,Columbia County               ,0,0,0,0,0,0,0,0,0,0,0,0,0,0,0,0,0,0,0,0,0,0,0,0
201202,41,017,4,9,Deschutes County              ,72,72,16146354,0,0,0,0,0,0,0,0,0,65,65,14870320,0,0,0,0,0,0,0,0,0
201202,41,019,4,9,Douglas County                ,14,14,2805207,0,0,0,0,0,0,0,0,0,14,14,2805207,0,0,0,0,0,0,0,0,0
201202,41,025,4,9,Harney County                 ,0,0,0,0,0,0,0,0,0,0,0,0,0,0,0,0,0,0,0,0,0,0,0,0
201202,41,033,4,9,Josephine County              ,5,5,1090883,0,0,0,0,0,0,0,0,0,5,5,1090883,0,0,0,0,0,0,0,0,0
201202,41,035,4,9,Klamath County                ,6,6,969985,0,0,0,0,0,0,0,0,0,2,2,231632,0,0,0,0,0,0,0,0,0
201202,41,045,4,9,Malheur County                ,3,3,551919,0,0,0,0,0,0,0,0,0,3,3,551919,0,0,0,0,0,0,0,0,0
201202,41,051,4,9,Multnomah County              ,84,84,18949555,1,2,233026,0,0,0,4,271,23267621,84,84,18949555,1,2,233026,0,0,0,4,271,23267621
201202,41,057,4,9,Tillamook County              ,11,11,2235180,0,0,0,0,0,0,0,0,0,11,11,2235180,0,0,0,0,0,0,0,0,0
201202,41,059,4,9,Umatilla County               ,8,8,1275870,0,0,0,0,0,0,0,0,0,8,8,1275870,0,0,0,0,0,0,0,0,0
201202,41,061,4,9,Union County                  ,1,1,310010,0,0,0,0,0,0,0,0,0,1,1,310010,0,0,0,0,0,0,0,0,0
201202,41,067,4,9,Washington County             ,198,198,50041322,0,0,0,12,48,5643697,1,6,776786,198,198,50041322,0,0,0,12,48,5643697,1,6,776786
201202,41,071,4,9,Yamhill County                ,16,16,3603863,1,2,321310,0,0,0,0,0,0,11,11,2649536,1,2,321310,0,0,0,0,0,0
201202,42,001,1,2,Adams County                  ,16,16,2699035,0,0,0,0,0,0,0,0,0,16,16,2699035,0,0,0,0,0,0,0,0,0
201202,42,003,1,2,Allegheny County              ,206,206,44694083,0,0,0,1,4,420000,1,7,1086400,148,148,37947009,0,0,0,1,4,420000,1,7,1086400
201202,42,005,1,2,Armstrong County              ,5,5,583972,0,0,0,0,0,0,0,0,0,1,1,120000,0,0,0,0,0,0,0,0,0
201202,42,007,1,2,Beaver County                 ,20,20,3833813,0,0,0,0,0,0,0,0,0,12,12,2289053,0,0,0,0,0,0,0,0,0
201202,42,017,1,2,Bucks County                  ,70,70,10425277,0,0,0,0,0,0,0,0,0,57,57,7597962,0,0,0,0,0,0,0,0,0
201202,42,019,1,2,Butler County                 ,65,65,14838752,0,0,0,0,0,0,0,0,0,60,60,13895407,0,0,0,0,0,0,0,0,0
201202,42,025,1,2,Carbon County                 ,10,10,1518676,0,0,0,0,0,0,0,0,0,1,1,149900,0,0,0,0,0,0,0,0,0
201202,42,029,1,2,Chester County                ,119,119,20891789,1,2,220590,1,4,196000,0,0,0,105,105,18048753,0,0,0,1,4,196000,0,0,0
201202,42,045,1,2,Delaware County               ,35,35,7547210,0,0,0,0,0,0,0,0,0,22,22,4803477,0,0,0,0,0,0,0,0,0
201202,42,051,1,2,Fayette County                ,21,21,4453984,0,0,0,0,0,0,0,0,0,1,1,215400,0,0,0,0,0,0,0,0,0
201202,42,055,1,2,Franklin County               ,14,14,1769250,0,0,0,0,0,0,0,0,0,11,11,1534451,0,0,0,0,0,0,0,0,0
201202,42,065,1,2,Jefferson County              ,2,2,178000,0,0,0,0,0,0,0,0,0,2,2,178000,0,0,0,0,0,0,0,0,0
201202,42,077,1,2,Lehigh County                 ,44,44,7492994,0,0,0,0,0,0,0,0,0,36,36,5989918,0,0,0,0,0,0,0,0,0
201202,42,091,1,2,Montgomery County             ,164,164,29252743,0,0,0,0,0,0,1,6,151656,151,151,26475378,0,0,0,0,0,0,1,6,151656
201202,42,095,1,2,Northampton County            ,26,26,4628177,3,6,561850,4,13,2026283,6,44,3871167,21,21,3725696,2,4,370600,3,10,1501283,2,24,1366778
201202,42,101,1,2,Philadelphia County           ,56,56,12339511,12,24,1732000,7,21,1075000,5,134,11701936,56,56,12339511,12,24,1732000,7,21,1075000,5,134,11701936
201202,42,103,1,2,Pike County                   ,8,8,1561315,0,0,0,0,0,0,0,0,0,5,5,995000,0,0,0,0,0,0,0,0,0
201202,42,125,1,2,Washington County             ,44,44,9046518,0,0,0,3,10,1318544,0,0,0,27,27,5931560,0,0,0,1,4,720000,0,0,0
201202,42,129,1,2,Westmoreland County           ,45,45,8497231,1,2,156160,1,3,237130,0,0,0,14,14,2677901,0,0,0,0,0,0,0,0,0
201202,44,001,1,1,Bristol County                ,1,1,190000,0,0,0,0,0,0,0,0,0,1,1,190000,0,0,0,0,0,0,0,0,0
201202,44,003,1,1,Kent County                   ,13,13,1824648,1,2,110000,0,0,0,0,0,0,8,8,936600,0,0,0,0,0,0,0,0,0
201202,44,005,1,1,Newport County                ,12,12,2245780,0,0,0,0,0,0,0,0,0,12,12,2245780,0,0,0,0,0,0,0,0,0
201202,44,007,1,1,Providence County             ,17,17,1913428,0,0,0,0,0,0,0,0,0,15,15,1570440,0,0,0,0,0,0,0,0,0
201202,44,009,1,1,Washington County             ,25,25,4884836,0,0,0,0,0,0,0,0,0,19,19,3931950,0,0,0,0,0,0,0,0,0
201202,45,003,3,5,Aiken County                  ,109,109,23808526,0,0,0,0,0,0,0,0,0,95,95,22240302,0,0,0,0,0,0,0,0,0
201202,45,009,3,5,Bamberg County                ,2,2,300000,0,0,0,0,0,0,0,0,0,2,2,300000,0,0,0,0,0,0,0,0,0
201202,45,015,3,5,Berkeley County               ,147,147,29050626,0,0,0,0,0,0,4,78,13485284,74,74,18523703,0,0,0,0,0,0,4,78,13485284
201202,45,017,3,5,Calhoun County                ,2,2,2111000,0,0,0,0,0,0,0,0,0,2,2,2111000,0,0,0,0,0,0,0,0,0
201202,45,019,3,5,Charleston County             ,218,218,58579158,0,0,0,0,0,0,2,46,2304770,149,149,47625844,0,0,0,0,0,0,0,0,0
201202,45,035,3,5,Dorchester County             ,103,103,24588260,0,0,0,0,0,0,0,0,0,102,102,24480760,0,0,0,0,0,0,0,0,0
201202,45,039,3,5,Fairfield County              ,6,6,695986,0,0,0,0,0,0,0,0,0,0,0,0,0,0,0,0,0,0,0,0,0
201202,45,041,3,5,Florence County               ,45,45,5656598,2,4,203876,0,0,0,0,0,0,0,0,0,0,0,0,0,0,0,0,0,0
201202,45,045,3,5,Greenville County             ,261,261,65620278,0,0,0,0,0,0,0,0,0,259,259,65440284,0,0,0,0,0,0,0,0,0
201202,45,047,3,5,Greenwood County              ,8,8,1056301,0,0,0,0,0,0,0,0,0,8,8,1056301,0,0,0,0,0,0,0,0,0
201202,45,055,3,5,Kershaw County                ,27,27,3789220,0,0,0,0,0,0,0,0,0,27,27,3789220,0,0,0,0,0,0,0,0,0
201202,45,059,3,5,Laurens County                ,4,4,489705,0,0,0,0,0,0,1,30,1712000,4,4,489705,0,0,0,0,0,0,1,30,1712000
201202,45,063,3,5,Lexington County              ,193,193,36246784,0,0,0,0,0,0,2,28,2593551,38,38,5082140,0,0,0,0,0,0,0,0,0
201202,45,077,3,5,Pickens County                ,25,25,7087027,0,0,0,0,0,0,0,0,0,21,21,6296017,0,0,0,0,0,0,0,0,0
201202,45,079,3,5,Richland County               ,161,161,19406378,0,0,0,0,0,0,2,47,2652809,24,24,3495691,0,0,0,0,0,0,0,0,0
201202,45,081,3,5,Saluda County                 ,6,6,1420512,0,0,0,0,0,0,0,0,0,6,6,1420512,0,0,0,0,0,0,0,0,0
201202,45,085,3,5,Sumter County                 ,39,39,4193453,0,0,0,0,0,0,6,48,5409195,39,39,4193453,0,0,0,0,0,0,6,48,5409195
201202,45,091,3,5,York County                   ,134,134,36500154,0,0,0,0,0,0,0,0,0,134,134,36500154,0,0,0,0,0,0,0,0,0
201202,46,005,2,4,Beadle County                 ,1,1,187218,0,0,0,0,0,0,0,0,0,1,1,187218,0,0,0,0,0,0,0,0,0
201202,46,069,2,4,Hyde County                   ,0,0,0,0,0,0,0,0,0,0,0,0,0,0,0,0,0,0,0,0,0,0,0,0
201202,46,121,2,4,Todd County                   ,0,0,0,0,0,0,0,0,0,0,0,0,0,0,0,0,0,0,0,0,0,0,0,0
201202,47,011,3,6,Bradley County                ,30,30,4006840,0,0,0,6,19,1431738,1,28,1715195,26,26,3448770,0,0,0,5,16,1250000,0,0,0
201202,47,015,3,6,Cannon County                 ,1,1,96800,0,0,0,0,0,0,0,0,0,0,0,0,0,0,0,0,0,0,0,0,0
201202,47,021,3,6,Cheatham County               ,6,6,889250,0,0,0,0,0,0,0,0,0,5,5,633000,0,0,0,0,0,0,0,0,0
201202,47,037,3,6,Davidson County               ,154,154,31090882,1,2,162989,0,0,0,1,86,6662060,154,154,31090882,1,2,162989,0,0,0,1,86,6662060
201202,47,039,3,6,Decatur County                ,0,0,0,0,0,0,0,0,0,0,0,0,0,0,0,0,0,0,0,0,0,0,0,0
201202,47,043,3,6,Dickson County                ,16,16,2344018,0,0,0,0,0,0,0,0,0,15,15,2164018,0,0,0,0,0,0,0,0,0
201202,47,047,3,6,Fayette County                ,21,21,5461000,0,0,0,0,0,0,1,5,3471562,20,20,5186000,0,0,0,0,0,0,0,0,0
201202,47,063,3,6,Hamblen County                ,8,8,879704,2,4,260000,0,0,0,0,0,0,4,4,495000,2,4,260000,0,0,0,0,0,0
201202,47,071,3,6,Hardin County                 ,2,2,140000,0,0,0,0,0,0,0,0,0,2,2,140000,0,0,0,0,0,0,0,0,0
201202,47,081,3,6,Hickman County                ,3,3,158134,0,0,0,0,0,0,0,0,0,3,3,158134,0,0,0,0,0,0,0,0,0
201202,47,091,3,6,Johnson County                ,1,1,50000,0,0,0,0,0,0,0,0,0,1,1,50000,0,0,0,0,0,0,0,0,0
201202,47,093,3,6,Knox County                   ,131,131,22329614,0,0,0,0,0,0,0,0,0,131,131,22329614,0,0,0,0,0,0,0,0,0
201202,47,111,3,6,Macon County                  ,1,1,45000,1,2,60000,0,0,0,0,0,0,1,1,45000,1,2,60000,0,0,0,0,0,0
201202,47,113,3,6,Madison County                ,23,23,4736000,0,0,0,0,0,0,0,0,0,23,23,4736000,0,0,0,0,0,0,0,0,0
201202,47,125,3,6,Montgomery County             ,238,238,28329721,3,6,420000,2,8,385000,2,16,760000,238,238,28329721,3,6,420000,2,8,385000,2,16,760000
201202,47,141,3,6,Putnam County                 ,36,36,4498262,0,0,0,0,0,0,0,0,0,36,36,4498262,0,0,0,0,0,0,0,0,0
201202,47,147,3,6,Robertson County              ,17,17,2520599,0,0,0,0,0,0,0,0,0,13,13,1995709,0,0,0,0,0,0,0,0,0
201202,47,149,3,6,Rutherford County             ,180,180,32771104,0,0,0,0,0,0,0,0,0,170,170,31352578,0,0,0,0,0,0,0,0,0
201202,47,157,3,6,Shelby County                 ,135,135,25766400,0,0,0,0,0,0,11,116,8200000,135,135,25766400,0,0,0,0,0,0,11,116,8200000
201202,47,159,3,6,Smith County                  ,4,4,737633,0,0,0,0,0,0,0,0,0,4,4,737633,0,0,0,0,0,0,0,0,0
201202,47,165,3,6,Sumner County                 ,76,76,19603513,0,0,0,0,0,0,0,0,0,76,76,19603513,0,0,0,0,0,0,0,0,0
201202,47,167,3,6,Tipton County                 ,10,10,1207580,0,0,0,0,0,0,0,0,0,10,10,1207580,0,0,0,0,0,0,0,0,0
201202,47,169,3,6,Trousdale County              ,1,1,74000,0,0,0,0,0,0,0,0,0,1,1,74000,0,0,0,0,0,0,0,0,0
201202,47,179,3,6,Washington County             ,25,25,3563697,0,0,0,1,4,195300,6,106,5555900,25,25,3563697,0,0,0,1,4,195300,6,106,5555900
201202,47,187,3,6,Williamson County             ,143,143,51797437,0,0,0,0,0,0,0,0,0,143,143,51797437,0,0,0,0,0,0,0,0,0
201202,47,189,3,6,Wilson County                 ,115,115,19562153,0,0,0,0,0,0,0,0,0,55,55,10033230,0,0,0,0,0,0,0,0,0
201202,48,013,3,7,Atascosa County               ,9,9,1266656,0,0,0,0,0,0,0,0,0,7,7,941748,0,0,0,0,0,0,0,0,0
201202,48,015,3,7,Austin County                 ,10,10,1353189,0,0,0,0,0,0,0,0,0,8,8,1153855,0,0,0,0,0,0,0,0,0
201202,48,019,3,7,Bandera County                ,0,0,0,0,0,0,0,0,0,0,0,0,0,0,0,0,0,0,0,0,0,0,0,0
201202,48,021,3,7,Bastrop County                ,4,4,647203,0,0,0,0,0,0,0,0,0,4,4,647203,0,0,0,0,0,0,0,0,0
201202,48,029,3,7,Bexar County                  ,547,547,96212379,0,0,0,3,11,400374,14,341,22839326,76,76,14787398,0,0,0,0,0,0,0,0,0
201202,48,039,3,7,Brazoria County               ,260,260,49093458,0,0,0,0,0,0,1,17,810289,198,198,37307048,0,0,0,0,0,0,0,0,0
201202,48,041,3,7,Brazos County                 ,142,142,19496515,8,16,1564664,0,0,0,0,0,0,95,95,13683985,7,14,1419664,0,0,0,0,0,0
201202,48,055,3,7,Caldwell County               ,1,1,97375,0,0,0,0,0,0,0,0,0,0,0,0,0,0,0,0,0,0,0,0,0
201202,48,063,3,7,Camp County                   ,0,0,0,0,0,0,0,0,0,0,0,0,0,0,0,0,0,0,0,0,0,0,0,0
201202,48,071,3,7,Chambers County               ,51,51,8302249,0,0,0,0,0,0,0,0,0,51,51,8302249,0,0,0,0,0,0,0,0,0
201202,48,085,3,7,Collin County                 ,848,848,196140767,0,0,0,0,0,0,1,253,25155394,820,820,188652683,0,0,0,0,0,0,1,253,25155394
201202,48,091,3,7,Comal County                  ,157,157,29872367,6,12,825000,0,0,0,0,0,0,124,124,25309170,6,12,825000,0,0,0,0,0,0
201202,48,113,3,7,Dallas County                 ,405,405,104747491,1,2,166300,23,81,7470225,83,1942,147978624,366,366,92077975,1,2,166300,23,81,7470225,81,1901,146015342
201202,48,117,3,7,Deaf Smith County             ,0,0,0,0,0,0,0,0,0,0,0,0,0,0,0,0,0,0,0,0,0,0,0,0
201202,48,119,3,7,Delta County                  ,3,3,553225,0,0,0,0,0,0,0,0,0,3,3,553225,0,0,0,0,0,0,0,0,0
201202,48,121,3,7,Denton County                 ,256,256,86619411,0,0,0,0,0,0,0,0,0,243,243,83127202,0,0,0,0,0,0,0,0,0
201202,48,133,3,7,Eastland County               ,0,0,0,0,0,0,0,0,0,0,0,0,0,0,0,0,0,0,0,0,0,0,0,0
201202,48,135,3,7,Ector County                  ,100,100,20246955,0,0,0,0,0,0,0,0,0,100,100,20246955,0,0,0,0,0,0,0,0,0
201202,48,139,3,7,Ellis County                  ,92,92,14496880,0,0,0,0,0,0,0,0,0,91,91,14411880,0,0,0,0,0,0,0,0,0
201202,48,157,3,7,Fort Bend County              ,971,971,200811556,0,0,0,0,0,0,23,202,15808211,969,969,200512618,0,0,0,0,0,0,23,202,15808211
201202,48,167,3,7,Galveston County              ,284,284,54759362,0,0,0,0,0,0,3,58,5067961,109,109,22527584,0,0,0,0,0,0,0,0,0
201202,48,187,3,7,Guadalupe County              ,111,111,22956220,0,0,0,0,0,0,0,0,0,111,111,22956220,0,0,0,0,0,0,0,0,0
201202,48,201,3,7,Harris County                 ,1974,1974,381408282,4,8,948000,0,0,0,33,1793,123167774,1959,1959,374318399,4,8,948000,0,0,0,33,1793,123167774
201202,48,209,3,7,Hays County                   ,184,184,28528632,1,2,150422,0,0,0,33,311,20937028,89,89,13557591,0,0,0,0,0,0,0,0,0
201202,48,215,3,7,Hidalgo County                ,411,411,59538674,8,16,1307292,9,35,3921815,2,10,572652,302,302,44639666,7,14,1144176,8,32,3695624,0,0,0
201202,48,231,3,7,Hunt County                   ,4,4,558198,0,0,0,0,0,0,0,0,0,4,4,558198,0,0,0,0,0,0,0,0,0
201202,48,233,3,7,Hutchinson County             ,0,0,0,0,0,0,0,0,0,0,0,0,0,0,0,0,0,0,0,0,0,0,0,0
201202,48,251,3,7,Johnson County                ,76,76,14125006,5,10,172777,0,0,0,0,0,0,48,48,9426569,5,10,172777,0,0,0,0,0,0
201202,48,257,3,7,Kaufman County                ,25,25,4451057,0,0,0,0,0,0,0,0,0,25,25,4451057,0,0,0,0,0,0,0,0,0
201202,48,259,3,7,Kendall County                ,39,39,8501994,0,0,0,0,0,0,0,0,0,23,23,5078627,0,0,0,0,0,0,0,0,0
201202,48,271,3,7,Kinney County                 ,0,0,0,0,0,0,0,0,0,0,0,0,0,0,0,0,0,0,0,0,0,0,0,0
201202,48,291,3,7,Liberty County                ,27,27,2998621,2,4,400000,1,4,254449,0,0,0,20,20,2223296,2,4,400000,0,0,0,0,0,0
201202,48,307,3,7,McCulloch County              ,0,0,0,0,0,0,0,0,0,0,0,0,0,0,0,0,0,0,0,0,0,0,0,0
201202,48,323,3,7,Maverick County               ,5,5,367054,0,0,0,0,0,0,0,0,0,5,5,367054,0,0,0,0,0,0,0,0,0
201202,48,325,3,7,Medina County                 ,1,1,138385,0,0,0,0,0,0,0,0,0,1,1,138385,0,0,0,0,0,0,0,0,0
201202,48,329,3,7,Midland County                ,108,108,19833124,0,0,0,0,0,0,0,0,0,108,108,19833124,0,0,0,0,0,0,0,0,0
201202,48,339,3,7,Montgomery County             ,488,488,110655413,0,0,0,0,0,0,0,0,0,479,479,108854025,0,0,0,0,0,0,0,0,0
201202,48,353,3,7,Nolan County                  ,0,0,0,0,0,0,0,0,0,0,0,0,0,0,0,0,0,0,0,0,0,0,0,0
201202,48,359,3,7,Oldham County                 ,0,0,0,0,0,0,0,0,0,0,0,0,0,0,0,0,0,0,0,0,0,0,0,0
201202,48,367,3,7,Parker County                 ,26,26,4821407,0,0,0,0,0,0,0,0,0,26,26,4821407,0,0,0,0,0,0,0,0,0
201202,48,375,3,7,Potter County                 ,60,60,14505548,3,6,374187,0,0,0,0,0,0,60,60,14505548,3,6,374187,0,0,0,0,0,0
201202,48,383,3,7,Reagan County                 ,0,0,0,0,0,0,0,0,0,0,0,0,0,0,0,0,0,0,0,0,0,0,0,0
201202,48,385,3,7,Real County                   ,0,0,0,0,0,0,0,0,0,0,0,0,0,0,0,0,0,0,0,0,0,0,0,0
201202,48,397,3,7,Rockwall County               ,73,73,20633163,0,0,0,0,0,0,0,0,0,73,73,20633163,0,0,0,0,0,0,0,0,0
201202,48,407,3,7,San Jacinto County            ,0,0,0,0,0,0,0,0,0,0,0,0,0,0,0,0,0,0,0,0,0,0,0,0
201202,48,435,3,7,Sutton County                 ,0,0,0,0,0,0,0,0,0,0,0,0,0,0,0,0,0,0,0,0,0,0,0,0
201202,48,437,3,7,Swisher County                ,0,0,0,0,0,0,0,0,0,0,0,0,0,0,0,0,0,0,0,0,0,0,0,0
201202,48,439,3,7,Tarrant County                ,645,645,140037294,6,12,997800,0,0,0,20,240,18782032,614,614,131641023,6,12,997800,0,0,0,20,240,18782032
201202,48,451,3,7,Tom Green County              ,68,68,9126846,0,0,0,0,0,0,6,176,7956380,68,68,9126846,0,0,0,0,0,0,6,176,7956380
201202,48,453,3,7,Travis County                 ,564,564,99735148,4,8,1174650,0,0,0,27,1392,142120631,532,532,91992418,4,8,1174650,0,0,0,27,1392,142120631
201202,48,463,3,7,Uvalde County                 ,1,1,68000,0,0,0,0,0,0,0,0,0,1,1,68000,0,0,0,0,0,0,0,0,0
201202,48,469,3,7,Victoria County               ,13,13,1808871,0,0,0,0,0,0,0,0,0,13,13,1808871,0,0,0,0,0,0,0,0,0
201202,48,471,3,7,Walker County                 ,1,1,215909,0,0,0,0,0,0,0,0,0,1,1,215909,0,0,0,0,0,0,0,0,0
201202,48,473,3,7,Waller County                 ,1,1,89715,0,0,0,0,0,0,2,14,310527,0,0,0,0,0,0,0,0,0,0,0,0
201202,48,479,3,7,Webb County                   ,120,120,17190807,2,4,252163,1,3,144767,2,288,18373311,60,60,8508614,2,4,252163,0,0,0,2,288,18373311
201202,48,491,3,7,Williamson County             ,317,317,60324889,0,0,0,0,0,0,0,0,0,278,278,56171874,0,0,0,0,0,0,0,0,0
201202,48,493,3,7,Wilson County                 ,3,3,583764,0,0,0,0,0,0,0,0,0,3,3,583764,0,0,0,0,0,0,0,0,0
201202,48,497,3,7,Wise County                   ,8,8,1105355,0,0,0,0,0,0,0,0,0,8,8,1105355,0,0,0,0,0,0,0,0,0
201202,49,009,4,8,Daggett County                ,1,1,110123,0,0,0,0,0,0,0,0,0,1,1,110123,0,0,0,0,0,0,0,0,0
201202,49,019,4,8,Grand County                  ,3,3,879056,0,0,0,0,0,0,0,0,0,1,1,318835,0,0,0,0,0,0,0,0,0
201202,49,021,4,8,Iron County                   ,10,10,1867760,0,0,0,0,0,0,1,5,355238,4,4,626554,0,0,0,0,0,0,0,0,0
201202,49,033,4,8,Rich County                   ,1,1,42630,0,0,0,0,0,0,0,0,0,1,1,42630,0,0,0,0,0,0,0,0,0
201202,49,035,4,8,Salt Lake County              ,270,270,58297235,1,2,242585,1,3,410580,7,74,6627858,245,245,54339325,1,2,242585,0,0,0,1,32,3502381
201202,49,039,4,8,Sanpete County                ,1,1,18760,0,0,0,0,0,0,0,0,0,1,1,18760,0,0,0,0,0,0,0,0,0
201202,49,043,4,8,Summit County                 ,5,5,2927980,0,0,0,0,0,0,0,0,0,5,5,2927980,0,0,0,0,0,0,0,0,0
201202,49,045,4,8,Tooele County                 ,26,26,4397693,0,0,0,0,0,0,0,0,0,26,26,4397693,0,0,0,0,0,0,0,0,0
201202,49,051,4,8,Wasatch County                ,16,16,4972865,0,0,0,0,0,0,1,28,1822942,16,16,4972865,0,0,0,0,0,0,1,28,1822942
201202,51,003,3,5,Albemarle County              ,59,59,17239080,0,0,0,0,0,0,0,0,0,59,59,17239080,0,0,0,0,0,0,0,0,0
201202,51,007,3,5,Amelia County                 ,4,4,704160,0,0,0,0,0,0,0,0,0,4,4,704160,0,0,0,0,0,0,0,0,0
201202,51,013,3,5,Arlington County              ,38,38,7102565,0,0,0,0,0,0,2,328,8227459,11,11,2924500,0,0,0,0,0,0,1,257,2000000
201202,51,015,3,5,Augusta County                ,62,62,5005469,0,0,0,0,0,0,0,0,0,62,62,5005469,0,0,0,0,0,0,0,0,0
201202,51,019,3,5,Bedford County                ,29,29,7457730,1,2,100000,0,0,0,0,0,0,29,29,7457730,1,2,100000,0,0,0,0,0,0
201202,51,023,3,5,Botetourt County              ,16,16,2808989,0,0,0,0,0,0,0,0,0,16,16,2808989,0,0,0,0,0,0,0,0,0
201202,51,031,3,5,Campbell County               ,20,20,3624274,1,2,140000,0,0,0,0,0,0,20,20,3624274,1,2,140000,0,0,0,0,0,0
201202,51,033,3,5,Caroline County               ,17,17,2473036,0,0,0,0,0,0,0,0,0,0,0,0,0,0,0,0,0,0,0,0,0
201202,51,036,3,5,Charles City County           ,7,7,1005326,0,0,0,0,0,0,0,0,0,0,0,0,0,0,0,0,0,0,0,0,0
201202,51,037,3,5,Charlotte County              ,0,0,0,0,0,0,0,0,0,0,0,0,0,0,0,0,0,0,0,0,0,0,0,0
201202,51,041,3,5,Chesterfield County           ,104,104,19178463,0,0,0,6,23,3372026,10,161,9654118,104,104,19178463,0,0,0,6,23,3372026,10,161,9654118
201202,51,043,3,5,Clarke County                 ,2,2,492000,0,0,0,0,0,0,0,0,0,2,2,492000,0,0,0,0,0,0,0,0,0
201202,51,047,3,5,Culpeper County               ,21,21,4499914,0,0,0,0,0,0,0,0,0,13,13,2790724,0,0,0,0,0,0,0,0,0
201202,51,049,3,5,Cumberland County             ,4,4,420000,0,0,0,0,0,0,0,0,0,4,4,420000,0,0,0,0,0,0,0,0,0
201202,51,053,3,5,Dinwiddie County              ,12,12,1821002,0,0,0,0,0,0,0,0,0,0,0,0,0,0,0,0,0,0,0,0,0
201202,51,059,3,5,Fairfax County                ,124,124,22866629,0,0,0,0,0,0,2,50,3750000,124,124,22866629,0,0,0,0,0,0,2,50,3750000
201202,51,061,3,5,Fauquier County               ,17,17,3895395,0,0,0,0,0,0,0,0,0,17,17,3895395,0,0,0,0,0,0,0,0,0
201202,51,065,3,5,Fluvanna County               ,12,12,2100841,0,0,0,0,0,0,0,0,0,4,4,600000,0,0,0,0,0,0,0,0,0
201202,51,067,3,5,Franklin County               ,12,12,2163643,0,0,0,0,0,0,0,0,0,12,12,2163643,0,0,0,0,0,0,0,0,0
201202,51,069,3,5,Frederick County              ,36,36,5777840,0,0,0,0,0,0,0,0,0,36,36,5777840,0,0,0,0,0,0,0,0,0
201202,51,073,3,5,Gloucester County             ,14,14,2575860,1,2,120000,0,0,0,0,0,0,14,14,2575860,1,2,120000,0,0,0,0,0,0
201202,51,075,3,5,Goochland County              ,16,16,4256777,0,0,0,0,0,0,0,0,0,16,16,4256777,0,0,0,0,0,0,0,0,0
201202,51,079,3,5,Greene County                 ,17,17,2543268,0,0,0,0,0,0,1,16,759569,8,8,888000,0,0,0,0,0,0,0,0,0
201202,51,085,3,5,Hanover County                ,74,74,10214453,0,0,0,0,0,0,0,0,0,74,74,10214453,0,0,0,0,0,0,0,0,0
201202,51,087,3,5,Henrico County                ,92,92,16965563,0,0,0,0,0,0,0,0,0,92,92,16965563,0,0,0,0,0,0,0,0,0
201202,51,093,3,5,Isle of Wight County          ,16,16,2086226,0,0,0,0,0,0,0,0,0,16,16,2086226,0,0,0,0,0,0,0,0,0
201202,51,095,3,5,James City County             ,32,32,7514319,1,2,331222,4,16,979180,6,37,6555575,32,32,7514319,1,2,331222,4,16,979180,6,37,6555575
201202,51,097,3,5,King and Queen County         ,1,1,200000,0,0,0,0,0,0,0,0,0,1,1,200000,0,0,0,0,0,0,0,0,0
201202,51,099,3,5,King George County            ,45,45,8298374,0,0,0,0,0,0,0,0,0,45,45,8298374,0,0,0,0,0,0,0,0,0
201202,51,101,3,5,King William County           ,8,8,1251450,0,0,0,0,0,0,0,0,0,8,8,1251450,0,0,0,0,0,0,0,0,0
201202,51,107,3,5,Loudoun County                ,432,432,79664384,0,0,0,0,0,0,6,58,4538991,432,432,79664384,0,0,0,0,0,0,6,58,4538991
201202,51,109,3,5,Louisa County                 ,19,19,4017000,0,0,0,0,0,0,0,0,0,19,19,4017000,0,0,0,0,0,0,0,0,0
201202,51,115,3,5,Mathews County                ,3,3,355373,0,0,0,0,0,0,0,0,0,3,3,355373,0,0,0,0,0,0,0,0,0
201202,51,119,3,5,Middlesex County              ,5,5,1011500,0,0,0,0,0,0,0,0,0,5,5,1011500,0,0,0,0,0,0,0,0,0
201202,51,127,3,5,New Kent County               ,22,22,3748108,0,0,0,0,0,0,0,0,0,22,22,3748108,0,0,0,0,0,0,0,0,0
201202,51,137,3,5,Orange County                 ,7,7,1189000,0,0,0,0,0,0,0,0,0,7,7,1189000,0,0,0,0,0,0,0,0,0
201202,51,143,3,5,Pittsylvania County           ,12,12,1490298,0,0,0,0,0,0,2,10,590250,0,0,0,0,0,0,0,0,0,0,0,0
201202,51,145,3,5,Powhatan County               ,11,11,3003240,0,0,0,0,0,0,0,0,0,11,11,3003240,0,0,0,0,0,0,0,0,0
201202,51,149,3,5,Prince George County          ,5,5,581000,0,0,0,0,0,0,0,0,0,5,5,581000,0,0,0,0,0,0,0,0,0
201202,51,153,3,5,Prince William County         ,281,281,51818731,0,0,0,0,0,0,0,0,0,281,281,51818731,0,0,0,0,0,0,0,0,0
201202,51,157,3,5,Rappahannock County           ,3,3,1164656,0,0,0,0,0,0,0,0,0,2,2,925000,0,0,0,0,0,0,0,0,0
201202,51,161,3,5,Roanoke County                ,22,22,3774591,0,0,0,0,0,0,0,0,0,22,22,3774591,0,0,0,0,0,0,0,0,0
201202,51,163,3,5,Rockbridge County             ,12,12,2109227,0,0,0,0,0,0,0,0,0,12,12,2109227,0,0,0,0,0,0,0,0,0
201202,51,165,3,5,Rockingham County             ,58,58,9388000,0,0,0,0,0,0,0,0,0,58,58,9388000,0,0,0,0,0,0,0,0,0
201202,51,169,3,5,Scott County                  ,6,6,765000,0,0,0,0,0,0,0,0,0,6,6,765000,0,0,0,0,0,0,0,0,0
201202,51,171,3,5,Shenandoah County             ,9,9,1265100,0,0,0,0,0,0,0,0,0,9,9,1265100,0,0,0,0,0,0,0,0,0
201202,51,177,3,5,Spotsylvania County           ,44,44,10222311,0,0,0,0,0,0,0,0,0,0,0,0,0,0,0,0,0,0,0,0,0
201202,51,179,3,5,Stafford County               ,86,86,16282717,0,0,0,0,0,0,1,6,941770,86,86,16282717,0,0,0,0,0,0,1,6,941770
201202,51,181,3,5,Surry County                  ,5,5,394350,0,0,0,0,0,0,0,0,0,2,2,85000,0,0,0,0,0,0,0,0,0
201202,51,183,3,5,Sussex County                 ,8,8,978440,0,0,0,0,0,0,0,0,0,8,8,978440,0,0,0,0,0,0,0,0,0
201202,51,187,3,5,Warren County                 ,5,5,710000,0,0,0,0,0,0,0,0,0,5,5,710000,0,0,0,0,0,0,0,0,0
201202,51,199,3,5,York County                   ,10,10,1185560,0,0,0,0,0,0,0,0,0,10,10,1185560,0,0,0,0,0,0,0,0,0
201202,51,510,3,5,Alexandria (Independent City) ,27,27,4124225,0,0,0,0,0,0,0,0,0,27,27,4124225,0,0,0,0,0,0,0,0,0
201202,51,530,3,5,Buena Vista (Independent City),0,0,0,0,0,0,0,0,0,0,0,0,0,0,0,0,0,0,0,0,0,0,0,0
201202,51,550,3,5,Chesapeake(Independent City)  ,319,319,58826247,7,14,1195804,0,0,0,9,327,26151235,319,319,58826247,7,14,1195804,0,0,0,9,327,26151235
201202,51,570,3,5,Colonial Heights (Independent ,0,0,0,0,0,0,0,0,0,0,0,0,0,0,0,0,0,0,0,0,0,0,0,0
201202,51,580,3,5,Covington (Independent City)  ,1,1,65698,0,0,0,0,0,0,0,0,0,0,0,0,0,0,0,0,0,0,0,0,0
201202,51,600,3,5,Fairfax (Independent City)    ,5,5,700000,0,0,0,0,0,0,0,0,0,5,5,700000,0,0,0,0,0,0,0,0,0
201202,51,610,3,5,Falls Church (Independent City,2,2,550000,0,0,0,0,0,0,0,0,0,2,2,550000,0,0,0,0,0,0,0,0,0
201202,51,630,3,5,Fredericksburg(Independent Cit,6,6,1382398,0,0,0,0,0,0,0,0,0,6,6,1382398,0,0,0,0,0,0,0,0,0
201202,51,650,3,5,Hampton (Independent City)    ,24,24,4300985,0,0,0,0,0,0,0,0,0,12,12,1596745,0,0,0,0,0,0,0,0,0
201202,51,660,3,5,Harrisonburg (Independent City,4,4,755000,0,0,0,0,0,0,4,48,2448004,4,4,755000,0,0,0,0,0,0,4,48,2448004
201202,51,670,3,5,Hopewell (Independent City)   ,7,7,446500,0,0,0,0,0,0,0,0,0,7,7,446500,0,0,0,0,0,0,0,0,0
201202,51,680,3,5,Lynchburg (Independent City)  ,14,14,2521074,0,0,0,0,0,0,0,0,0,14,14,2521074,0,0,0,0,0,0,0,0,0
201202,51,683,3,5,Manassas (Independent City)   ,8,8,861686,0,0,0,0,0,0,0,0,0,0,0,0,0,0,0,0,0,0,0,0,0
201202,51,685,3,5,Manassas Park (Independent Cit,0,0,0,0,0,0,0,0,0,0,0,0,0,0,0,0,0,0,0,0,0,0,0,0
201202,51,700,3,5,Newport News (Independent City,54,54,3787562,0,0,0,0,0,0,1,12,614051,54,54,3787562,0,0,0,0,0,0,1,12,614051
201202,51,710,3,5,Norfolk (Independent City)    ,41,41,4850875,0,0,0,0,0,0,0,0,0,41,41,4850875,0,0,0,0,0,0,0,0,0
201202,51,730,3,5,Petersburg (Independent City) ,3,3,248671,0,0,0,0,0,0,1,21,1580011,1,1,73859,0,0,0,0,0,0,0,0,0
201202,51,735,3,5,Poquoson (Independent City)   ,5,5,1350000,0,0,0,0,0,0,0,0,0,5,5,1350000,0,0,0,0,0,0,0,0,0
201202,51,740,3,5,Portsmouth (Independent City) ,8,8,1475266,0,0,0,0,0,0,7,84,4878776,8,8,1475266,0,0,0,0,0,0,7,84,4878776
201202,51,760,3,5,Richmond (Independent City)   ,18,18,2193287,0,0,0,0,0,0,1,44,2823946,18,18,2193287,0,0,0,0,0,0,1,44,2823946
201202,51,770,3,5,Roanoke (Independent City)    ,6,6,966736,0,0,0,0,0,0,0,0,0,6,6,966736,0,0,0,0,0,0,0,0,0
201202,51,800,3,5,Suffolk (Independent City)    ,45,45,8298374,0,0,0,0,0,0,0,0,0,45,45,8298374,0,0,0,0,0,0,0,0,0
201202,51,810,3,5,Virginia Beach (Independent Ci,160,160,26315494,0,0,0,0,0,0,0,0,144000,160,160,26315494,0,0,0,0,0,0,0,0,144000
201202,51,830,3,5,Williamsburg (Independent City,0,0,0,0,0,0,0,0,0,0,0,0,0,0,0,0,0,0,0,0,0,0,0,0
201202,53,011,4,9,Clark County                  ,160,160,32460088,0,0,0,0,0,0,0,0,0,155,155,31274590,0,0,0,0,0,0,0,0,0
201202,53,033,4,9,King County                   ,418,418,121478456,6,12,1823392,2,7,2134321,8,433,59975977,381,381,109526449,6,12,1823392,2,7,2134321,5,417,58424392
201202,53,041,4,9,Lewis County                  ,7,7,755231,0,0,0,0,0,0,0,0,0,7,7,755231,0,0,0,0,0,0,0,0,0
201202,53,053,4,9,Pierce County                 ,234,234,61336872,2,4,703255,0,0,0,1,19,1543556,231,231,60512412,2,4,703255,0,0,0,1,19,1543556
201202,53,059,4,9,Skamania County               ,1,1,143783,0,0,0,0,0,0,0,0,0,1,1,143783,0,0,0,0,0,0,0,0,0
201202,53,061,4,9,Snohomish County              ,278,278,70704581,3,6,1144532,3,12,1369780,5,147,22010611,277,277,70475060,3,6,1144532,3,12,1369780,5,147,22010611
201202,54,037,3,5,Jefferson County              ,11,11,3066357,0,0,0,0,0,0,0,0,0,10,10,2811757,0,0,0,0,0,0,0,0,0
201202,55,021,2,3,Columbia County               ,4,4,1084000,0,0,0,0,0,0,0,0,0,3,3,484000,0,0,0,0,0,0,0,0,0
201202,55,025,2,3,Dane County                   ,86,86,22893447,0,0,0,2,6,522371,3,51,5065257,60,60,17834370,0,0,0,0,0,0,0,0,0
201202,55,031,2,3,Douglas County                ,1,1,30000,0,0,0,0,0,0,0,0,0,1,1,30000,0,0,0,0,0,0,0,0,0
201202,55,037,2,3,Florence County               ,3,3,461442,0,0,0,0,0,0,0,0,0,0,0,0,0,0,0,0,0,0,0,0,0
201202,55,049,2,3,Iowa County                   ,0,0,0,0,0,0,0,0,0,0,0,0,0,0,0,0,0,0,0,0,0,0,0,0
201202,55,059,2,3,Kenosha County                ,16,16,3420080,0,0,0,0,0,0,0,0,0,16,16,3420080,0,0,0,0,0,0,0,0,0
201202,55,079,2,3,Milwaukee County              ,30,30,5296902,0,0,0,0,0,0,1,48,5300000,29,29,5131473,0,0,0,0,0,0,1,48,5300000
201202,55,089,2,3,Ozaukee County                ,7,7,2833637,0,0,0,0,0,0,0,0,0,5,5,1689575,0,0,0,0,0,0,0,0,0
201202,55,093,2,3,Pierce County                 ,4,4,1080800,1,2,156600,0,0,0,0,0,0,2,2,300000,1,2,156600,0,0,0,0,0,0
201202,55,109,2,3,St. Croix County              ,4,4,838515,0,0,0,0,0,0,1,7,994000,4,4,838515,0,0,0,0,0,0,1,7,994000
201202,55,113,2,3,Sawyer County                 ,5,5,480000,1,2,120000,0,0,0,0,0,0,5,5,480000,1,2,120000,0,0,0,0,0,0
201202,55,131,2,3,Washington County             ,20,20,4230215,1,2,325000,0,0,0,0,0,0,16,16,3086650,0,0,0,0,0,0,0,0,0
201202,55,133,2,3,Waukesha County               ,69,69,22782937,0,0,0,0,0,0,1,34,3000000,63,63,20113839,0,0,0,0,0,0,1,34,3000000
201202,56,019,4,8,Johnson County                ,0,0,0,0,0,0,0,0,0,0,0,0,0,0,0,0,0,0,0,0,0,0,0,0
201202,56,039,4,8,Teton County                  ,3,3,11400000,0,0,0,0,0,0,1,5,428316,3,3,11400000,0,0,0,0,0,0,0,0,0
