Survey,FIPS,FIPS,Region,Division,County,,1-unit,,,2-units,,,3-4 units,,,5+ units,,,1-unit rep,,,2-units rep,,,3-4 units rep,,, 5+units rep
Date,State,County,Code,Code,Name,Bldgs,Units,Value,Bldgs,Units,Value,Bldgs,Units,Value,Bldgs,Units,Value,Bldgs,Units,Value,Bldgs,Units,Value,Bldgs,Units,Value,Bldgs,Units,Value
 
201302,01,001,3,6,Autauga County                ,19,19,5032498,0,0,0,0,0,0,0,0,0,19,19,5032498,0,0,0,0,0,0,0,0,0
201302,01,007,3,6,Bibb County                   ,4,4,701784,0,0,0,0,0,0,0,0,0,3,3,530000,0,0,0,0,0,0,0,0,0
201302,01,009,3,6,Blount County                 ,0,0,0,0,0,0,0,0,0,0,0,0,0,0,0,0,0,0,0,0,0,0,0,0
201302,01,021,3,6,Chilton County                ,5,5,648000,0,0,0,0,0,0,0,0,0,5,5,648000,0,0,0,0,0,0,0,0,0
201302,01,037,3,6,Coosa County                  ,0,0,0,0,0,0,0,0,0,0,0,0,0,0,0,0,0,0,0,0,0,0,0,0
201302,01,073,3,6,Jefferson County              ,172,172,42772221,1,2,201268,0,0,0,2,12,600000,164,164,41579545,1,2,201268,0,0,0,0,0,0
201302,01,081,3,6,Lee County                    ,106,106,32574037,0,0,0,0,0,0,0,0,0,106,106,32574037,0,0,0,0,0,0,0,0,0
201302,01,115,3,6,St. Clair County              ,9,9,1216774,0,0,0,0,0,0,0,0,0,9,9,1216774,0,0,0,0,0,0,0,0,0
201302,01,117,3,6,Shelby County                 ,100,100,20445742,0,0,0,0,0,0,0,0,0,49,49,9900526,0,0,0,0,0,0,0,0,0
201302,01,127,3,6,Walker County                 ,3,3,537000,0,0,0,0,0,0,0,0,0,3,3,537000,0,0,0,0,0,0,0,0,0
201302,02,000,4,9,Alaska Balance of State       ,6,6,1517798,0,0,0,0,0,0,0,0,0,0,0,0,0,0,0,0,0,0,0,0,0
201302,02,013,4,9,Aleutians East Borough        ,0,0,0,0,0,0,0,0,0,0,0,0,0,0,0,0,0,0,0,0,0,0,0,0
201302,02,016,4,9,Aleutians West Census Area    ,0,0,0,0,0,0,0,0,0,0,0,0,0,0,0,0,0,0,0,0,0,0,0,0
201302,02,020,4,9,Anchorage Borough             ,69,69,20232969,0,0,0,0,0,0,0,0,0,69,69,20232969,0,0,0,0,0,0,0,0,0
201302,02,020,4,9,Anchorage Municipality        ,69,69,20232969,0,0,0,0,0,0,0,0,0,69,69,20232969,0,0,0,0,0,0,0,0,0
201302,02,050,4,9,Bethel Census Area            ,0,0,0,0,0,0,0,0,0,0,0,0,0,0,0,0,0,0,0,0,0,0,0,0
201302,02,060,4,9,Bristol Bay Borough           ,0,0,0,0,0,0,0,0,0,0,0,0,0,0,0,0,0,0,0,0,0,0,0,0
201302,02,090,4,9,Fairbanks North Star Borough  ,8,8,1470154,0,0,0,0,0,0,0,0,0,0,0,0,0,0,0,0,0,0,0,0,0
201302,02,100,4,9,Haines Borough                ,0,0,0,0,0,0,0,0,0,0,0,0,0,0,0,0,0,0,0,0,0,0,0,0
201302,02,105,4,9,Hoonah-Angoon Census Area     ,0,0,0,0,0,0,0,0,0,0,0,0,0,0,0,0,0,0,0,0,0,0,0,0
201302,02,110,4,9,Juneau Borough                ,5,5,1158015,0,0,0,0,0,0,0,0,0,5,5,1158015,0,0,0,0,0,0,0,0,0
201302,02,110,4,9,Juneau City and Borough       ,5,5,1158015,0,0,0,0,0,0,0,0,0,5,5,1158015,0,0,0,0,0,0,0,0,0
201302,02,122,4,9,Kenai Peninsula Borough       ,5,5,1160706,0,0,0,0,0,0,0,0,0,4,4,882750,0,0,0,0,0,0,0,0,0
201302,02,130,4,9,Ketchikan Gateway Borough     ,2,2,450296,0,0,0,0,0,0,0,0,0,2,2,450296,0,0,0,0,0,0,0,0,0
201302,02,150,4,9,Kodiak Island Borough         ,1,1,124572,0,0,0,0,0,0,0,0,0,1,1,124572,0,0,0,0,0,0,0,0,0
201302,02,170,4,9,Matanuska-Susitna Borough     ,6,6,1265591,1,2,396320,0,0,0,0,0,0,0,0,0,1,2,396320,0,0,0,0,0,0
201302,02,180,4,9,Nome Census Area              ,0,0,0,0,0,0,0,0,0,0,0,0,0,0,0,0,0,0,0,0,0,0,0,0
201302,02,185,4,9,North Slope Borough           ,5,5,1227196,0,0,0,0,0,0,0,0,0,5,5,1227196,0,0,0,0,0,0,0,0,0
201302,02,188,4,9,Northwest Arctic Borough      ,0,0,0,0,0,0,0,0,0,0,0,0,0,0,0,0,0,0,0,0,0,0,0,0
201302,02,195,4,9,Petersburg Census Area        ,0,0,0,0,0,0,0,0,0,0,0,0,0,0,0,0,0,0,0,0,0,0,0,0
201302,02,198,4,9,Prince of Wales-Hyder Census A,0,0,0,0,0,0,0,0,0,0,0,0,0,0,0,0,0,0,0,0,0,0,0,0
201302,02,220,4,9,Sitka Borough                 ,2,2,393820,0,0,0,0,0,0,0,0,0,0,0,0,0,0,0,0,0,0,0,0,0
201302,02,220,4,9,Sitka City and Borough        ,2,2,393820,0,0,0,0,0,0,0,0,0,0,0,0,0,0,0,0,0,0,0,0,0
201302,02,230,4,9,Skagway Municipality          ,0,0,0,0,0,0,0,0,0,0,0,0,0,0,0,0,0,0,0,0,0,0,0,0
201302,02,261,4,9,Valdez-Cordova Census Area    ,0,0,0,0,0,0,0,0,0,0,0,0,0,0,0,0,0,0,0,0,0,0,0,0
201302,02,275,4,9,Wrangell City and Borough     ,0,0,0,0,0,0,0,0,0,0,0,0,0,0,0,0,0,0,0,0,0,0,0,0
201302,02,282,4,9,Yakutat Borough               ,0,0,0,0,0,0,0,0,0,0,0,0,0,0,0,0,0,0,0,0,0,0,0,0
201302,02,282,4,9,Yakutat City and Borough      ,0,0,0,0,0,0,0,0,0,0,0,0,0,0,0,0,0,0,0,0,0,0,0,0
201302,02,290,4,9,Yukon-Koyukuk Census Area     ,0,0,0,0,0,0,0,0,0,0,0,0,0,0,0,0,0,0,0,0,0,0,0,0
201302,04,013,4,8,Maricopa County               ,1613,1613,407252806,3,6,545357,1,3,442404,17,517,66380082,1552,1552,398027780,3,6,545357,1,3,442404,17,517,66380082
201302,04,019,4,8,Pima County                   ,391,391,99776429,2,4,177524,1,3,298616,10,190,22375678,209,209,56950307,0,0,0,0,0,0,0,0,0
201302,04,021,4,8,Pinal County                  ,272,272,41297294,0,0,0,1,4,391666,0,0,0,247,247,37673543,0,0,0,1,4,391666,0,0,0
201302,05,023,3,7,Cleburne County               ,0,0,0,0,0,0,0,0,0,0,0,0,0,0,0,0,0,0,0,0,0,0,0,0
201302,05,025,3,7,Cleveland County              ,0,0,0,0,0,0,0,0,0,0,0,0,0,0,0,0,0,0,0,0,0,0,0,0
201302,05,027,3,7,Columbia County               ,1,1,165000,0,0,0,0,0,0,0,0,0,1,1,165000,0,0,0,0,0,0,0,0,0
201302,05,035,3,7,Crittenden County             ,7,7,1870000,0,0,0,0,0,0,0,0,0,7,7,1870000,0,0,0,0,0,0,0,0,0
201302,05,059,3,7,Hot Spring County             ,0,0,0,0,0,0,0,0,0,0,0,0,0,0,0,0,0,0,0,0,0,0,0,0
201302,05,061,3,7,Howard County                 ,1,1,80000,0,0,0,0,0,0,0,0,0,1,1,80000,0,0,0,0,0,0,0,0,0
201302,05,099,3,7,Nevada County                 ,0,0,0,0,0,0,0,0,0,0,0,0,0,0,0,0,0,0,0,0,0,0,0,0
201302,06,001,4,9,Alameda County                ,240,240,79278587,0,0,0,2,8,1594023,9,396,70264132,195,195,66325868,0,0,0,2,8,1594023,5,295,57262345
201302,06,003,4,9,Alpine County                 ,0,0,0,0,0,0,0,0,0,0,0,0,0,0,0,0,0,0,0,0,0,0,0,0
201302,06,009,4,9,Calaveras County              ,4,4,1015061,0,0,0,0,0,0,0,0,0,4,4,1015061,0,0,0,0,0,0,0,0,0
201302,06,013,4,9,Contra Costa County           ,179,179,44072444,0,0,0,0,0,0,3,158,30298913,176,176,42778364,0,0,0,0,0,0,2,151,28830193
201302,06,017,4,9,El Dorado County              ,54,54,16932000,0,0,0,0,0,0,0,0,0,53,53,16705169,0,0,0,0,0,0,0,0,0
201302,06,037,4,9,Los Angeles County            ,510,510,201477713,29,58,10599520,2,6,827010,40,2181,294093009,452,452,180679016,29,58,10599520,1,3,445000,30,2119,288738374
201302,06,041,4,9,Marin County                  ,25,25,17103637,0,0,0,0,0,0,5,87,5918113,4,4,6399080,0,0,0,0,0,0,1,65,3750000
201302,06,045,4,9,Mendocino County              ,5,5,156991,0,0,0,0,0,0,0,0,0,5,5,156991,0,0,0,0,0,0,0,0,0
201302,06,049,4,9,Modoc County                  ,0,0,0,0,0,0,0,0,0,0,0,0,0,0,0,0,0,0,0,0,0,0,0,0
201302,06,051,4,9,Mono County                   ,3,3,1747814,0,0,0,0,0,0,0,0,0,0,0,0,0,0,0,0,0,0,0,0,0
201302,06,059,4,9,Orange County                 ,675,675,199605745,9,18,3754811,13,42,9085909,39,620,84826673,614,614,175826603,6,12,2252887,10,33,7539937,30,546,76240535
201302,06,061,4,9,Placer County                 ,188,188,46258508,0,0,0,1,3,446534,0,0,0,186,186,45736572,0,0,0,1,3,446534,0,0,0
201302,06,063,4,9,Plumas County                 ,2,2,291823,0,0,0,0,0,0,0,0,0,2,2,291823,0,0,0,0,0,0,0,0,0
201302,06,065,4,9,Riverside County              ,556,556,136143463,1,2,314284,0,0,0,19,305,23766188,524,524,131423696,1,2,314284,0,0,0,18,288,22528441
201302,06,067,4,9,Sacramento County             ,247,247,62074835,3,6,815516,1,3,296942,1,6,709506,243,243,61089329,3,6,815516,1,3,296942,1,6,709506
201302,06,069,4,9,San Benito County             ,8,8,2062658,0,0,0,0,0,0,0,0,0,1,1,225000,0,0,0,0,0,0,0,0,0
201302,06,071,4,9,San Bernardino County         ,286,286,69696454,1,2,116058,1,4,828881,4,30,3992510,242,242,60186337,1,2,116058,0,0,0,2,20,2679364
201302,06,073,4,9,San Diego County              ,393,393,134051375,9,18,4149609,13,43,6762178,24,824,194955172,393,393,134051375,9,18,4149609,13,43,6762178,24,824,194955172
201302,06,075,4,9,San Francisco County          ,4,4,981756,2,4,1337000,1,3,1097000,4,364,140689087,4,4,981756,2,4,1337000,1,3,1097000,4,364,140689087
201302,06,077,4,9,San Joaquin County            ,248,248,59707363,0,0,0,0,0,0,0,0,0,237,237,57178669,0,0,0,0,0,0,0,0,0
201302,06,081,4,9,San Mateo County              ,38,38,28996734,1,2,722400,0,0,0,1,16,3162510,32,32,24259260,0,0,0,0,0,0,1,16,3162510
201302,06,085,4,9,Santa Clara County            ,228,228,81354667,4,8,1089536,11,37,8557950,35,699,110539150,199,199,67504955,4,8,1089536,10,34,8032912,32,629,98573397
201302,06,091,4,9,Sierra County                 ,0,0,0,0,0,0,0,0,0,0,0,0,0,0,0,0,0,0,0,0,0,0,0,0
201302,06,113,4,9,Yolo County                   ,49,49,13112549,0,0,0,0,0,0,0,0,0,49,49,13112549,0,0,0,0,0,0,0,0,0
201302,08,001,4,8,Adams County                  ,121,121,24395472,0,0,0,0,0,0,0,0,0,109,109,22055161,0,0,0,0,0,0,0,0,0
201302,08,005,4,8,Arapahoe County               ,199,199,49182782,0,0,0,0,0,0,0,0,0,199,199,49182782,0,0,0,0,0,0,0,0,0
201302,08,014,4,8,Broomfield County             ,46,46,13712189,0,0,0,0,0,0,11,244,16317500,18,18,5693363,0,0,0,0,0,0,11,244,16317500
201302,08,015,4,8,Chaffee County                ,8,8,1897722,0,0,0,0,0,0,0,0,0,0,0,0,0,0,0,0,0,0,0,0,0
201302,08,019,4,8,Clear Creek County            ,0,0,0,0,0,0,0,0,0,0,0,0,0,0,0,0,0,0,0,0,0,0,0,0
201302,08,023,4,8,Costilla County               ,2,2,454066,0,0,0,0,0,0,0,0,0,0,0,0,0,0,0,0,0,0,0,0,0
201302,08,031,4,8,Denver County                 ,171,171,39726308,25,50,8830591,0,0,0,17,836,77017322,171,171,39726308,25,50,8830591,0,0,0,17,836,77017322
201302,08,033,4,8,Dolores County                ,0,0,0,0,0,0,0,0,0,0,0,0,0,0,0,0,0,0,0,0,0,0,0,0
201302,08,035,4,8,Douglas County                ,285,285,80397941,1,2,334622,1,3,373922,1,5,671941,217,217,64511750,0,0,0,0,0,0,0,0,0
201302,08,039,4,8,Elbert County                 ,8,8,2283166,0,0,0,0,0,0,0,0,0,8,8,2283166,0,0,0,0,0,0,0,0,0
201302,08,041,4,8,El Paso County                ,435,435,154062655,0,0,0,0,0,0,13,260,33122367,435,435,154062655,0,0,0,0,0,0,13,260,33122367
201302,08,047,4,8,Gilpin County                 ,5,5,987272,0,0,0,0,0,0,0,0,0,4,4,576000,0,0,0,0,0,0,0,0,0
201302,08,049,4,8,Grand County                  ,13,13,3073534,0,0,0,0,0,0,2,10,1104090,0,0,0,0,0,0,0,0,0,0,0,0
201302,08,059,4,8,Jefferson County              ,140,140,37952171,0,0,0,0,0,0,3,30,3258565,139,139,37777171,0,0,0,0,0,0,1,8,1208565
201302,08,069,4,8,Larimer County                ,225,225,52344096,3,6,2222936,0,0,0,7,150,15584240,225,225,52344096,3,6,2222936,0,0,0,7,150,15584240
201302,08,077,4,8,Mesa County                   ,65,65,15480992,0,0,0,0,0,0,0,0,0,65,65,15480992,0,0,0,0,0,0,0,0,0
201302,08,093,4,8,Park County                   ,5,5,692470,0,0,0,0,0,0,0,0,0,5,5,692470,0,0,0,0,0,0,0,0,0
201302,08,101,4,8,Pueblo County                 ,28,28,4357815,0,0,0,0,0,0,0,0,0,28,28,4357815,0,0,0,0,0,0,0,0,0
201302,08,107,4,8,Routt County                  ,3,3,3815572,0,0,0,0,0,0,0,0,0,3,3,3815572,0,0,0,0,0,0,0,0,0
201302,08,119,4,8,Teller County                 ,2,2,284889,0,0,0,0,0,0,0,0,0,2,2,284889,0,0,0,0,0,0,0,0,0
201302,08,123,4,8,Weld County                   ,222,222,51112142,0,0,0,0,0,0,4,29,2925712,189,189,43079951,0,0,0,0,0,0,3,24,2031462
201302,10,001,3,5,Kent County                   ,110,110,14103250,4,8,754316,0,0,0,1,5,155382,57,57,7060234,2,4,420636,0,0,0,0,0,0
201302,10,003,3,5,New Castle County             ,136,136,11100588,0,0,0,0,0,0,9,117,11480483,132,132,10867032,0,0,0,0,0,0,7,106,11304483
201302,10,005,3,5,Sussex County                 ,261,261,38388904,8,16,2088171,1,4,375000,5,35,4800879,261,261,38388904,8,16,2088171,1,4,375000,5,35,4800879
201302,11,001,3,5,Washington  DC                ,68,68,12675618,0,0,0,0,0,0,1,223,46000000,68,68,12675618,0,0,0,0,0,0,1,223,46000000
201302,12,003,3,5,Baker County                  ,8,8,1444492,0,0,0,0,0,0,0,0,0,8,8,1444492,0,0,0,0,0,0,0,0,0
201302,12,009,3,5,Brevard County                ,232,232,71198589,0,0,0,0,0,0,0,0,0,231,231,70883097,0,0,0,0,0,0,0,0,0
201302,12,011,3,5,Broward County                ,276,276,61893776,0,0,0,3,12,2169990,21,424,26485652,257,257,59350431,0,0,0,3,12,2169990,21,424,26485652
201302,12,013,3,5,Calhoun County                ,1,1,40000,0,0,0,0,0,0,0,0,0,1,1,40000,0,0,0,0,0,0,0,0,0
201302,12,015,3,5,Charlotte County              ,72,72,13050228,0,0,0,1,4,613318,0,0,0,11,11,3664743,0,0,0,1,4,613318,0,0,0
201302,12,019,3,5,Clay County                   ,145,145,28053276,0,0,0,0,0,0,0,0,0,144,144,27871609,0,0,0,0,0,0,0,0,0
201302,12,021,3,5,Collier County                ,238,238,83319757,0,0,0,2,8,2677976,1,12,875000,238,238,83319757,0,0,0,2,8,2677976,1,12,875000
201302,12,023,3,5,Columbia County               ,10,10,1402157,0,0,0,0,0,0,0,0,0,1,1,150000,0,0,0,0,0,0,0,0,0
201302,12,031,3,5,Duval County                  ,280,280,58000645,1,2,370163,0,0,0,1,139,10074442,280,280,58000645,1,2,370163,0,0,0,1,139,10074442
201302,12,033,3,5,Escambia County               ,153,153,30579598,0,0,0,0,0,0,0,0,0,153,153,30579598,0,0,0,0,0,0,0,0,0
201302,12,035,3,5,Flagler County                ,68,68,21895934,0,0,0,0,0,0,0,0,0,68,68,21895934,0,0,0,0,0,0,0,0,0
201302,12,037,3,5,Franklin County               ,1,1,275931,0,0,0,0,0,0,0,0,0,0,0,0,0,0,0,0,0,0,0,0,0
201302,12,041,3,5,Gilchrist County              ,5,5,650000,0,0,0,0,0,0,0,0,0,5,5,650000,0,0,0,0,0,0,0,0,0
201302,12,043,3,5,Glades County                 ,1,1,654000,0,0,0,0,0,0,0,0,0,1,1,654000,0,0,0,0,0,0,0,0,0
201302,12,047,3,5,Hamilton County               ,0,0,0,0,0,0,0,0,0,0,0,0,0,0,0,0,0,0,0,0,0,0,0,0
201302,12,049,3,5,Hardee County                 ,3,3,515373,0,0,0,0,0,0,0,0,0,0,0,0,0,0,0,0,0,0,0,0,0
201302,12,053,3,5,Hernando County               ,29,29,4540856,0,0,0,0,0,0,1,35,1527686,14,14,2258826,0,0,0,0,0,0,0,0,0
201302,12,055,3,5,Highlands County              ,8,8,1582720,0,0,0,0,0,0,0,0,0,8,8,1582720,0,0,0,0,0,0,0,0,0
201302,12,057,3,5,Hillsborough County           ,802,802,263227209,3,6,1278313,7,24,5392653,3,39,2926002,802,802,263227209,3,6,1278313,7,24,5392653,3,39,2926002
201302,12,061,3,5,Indian River County           ,91,91,40389721,0,0,0,0,0,0,1,5,443602,76,76,35748840,0,0,0,0,0,0,1,5,443602
201302,12,063,3,5,Jackson County                ,7,7,889460,0,0,0,0,0,0,0,0,0,0,0,0,0,0,0,0,0,0,0,0,0
201302,12,065,3,5,Jefferson County              ,1,1,100916,0,0,0,0,0,0,0,0,0,1,1,100916,0,0,0,0,0,0,0,0,0
201302,12,067,3,5,Lafayette County              ,0,0,0,0,0,0,0,0,0,0,0,0,0,0,0,0,0,0,0,0,0,0,0,0
201302,12,069,3,5,Lake County                   ,151,151,45181642,0,0,0,0,0,0,0,0,0,103,103,32369609,0,0,0,0,0,0,0,0,0
201302,12,071,3,5,Lee County                    ,331,331,76307119,16,32,2306000,1,4,415000,2,16,3023576,331,331,76307119,16,32,2306000,1,4,415000,2,16,3023576
201302,12,073,3,5,Leon County                   ,77,77,12292957,15,30,2148735,2,6,796667,2,55,3830212,17,17,3433403,0,0,0,0,0,0,0,0,0
201302,12,077,3,5,Liberty County                ,1,1,135498,0,0,0,0,0,0,0,0,0,0,0,0,0,0,0,0,0,0,0,0,0
201302,12,081,3,5,Manatee County                ,326,326,68280171,1,2,253500,5,16,2379020,1,30,1621616,326,326,68280171,1,2,253500,5,16,2379020,1,30,1621616
201302,12,083,3,5,Marion County                 ,98,98,17247401,0,0,0,0,0,0,0,0,0,98,98,17247401,0,0,0,0,0,0,0,0,0
201302,12,085,3,5,Martin County                 ,70,70,28761375,0,0,0,0,0,0,0,0,0,70,70,28761375,0,0,0,0,0,0,0,0,0
201302,12,086,3,5,Miami-Dade County             ,328,328,65403080,8,16,1353875,1,3,250900,16,816,69349059,254,254,51511826,5,10,1019075,0,0,0,10,710,58518384
201302,12,089,3,5,Nassau County                 ,61,61,14582005,0,0,0,0,0,0,0,0,0,61,61,14582005,0,0,0,0,0,0,0,0,0
201302,12,095,3,5,Orange County                 ,704,704,148811969,5,10,1495769,6,23,2226114,31,986,108253221,701,701,147127060,5,10,1495769,6,23,2226114,31,986,108253221
201302,12,097,3,5,Osceola County                ,292,292,69085924,0,0,0,0,0,0,0,0,0,270,270,64308577,0,0,0,0,0,0,0,0,0
201302,12,099,3,5,Palm Beach County             ,364,364,123981303,8,16,1378598,3,9,2818398,43,546,42301248,300,300,99938033,6,12,961856,3,9,2818398,40,530,40772942
201302,12,101,3,5,Pasco County                  ,210,210,43164011,6,12,1713921,1,4,308000,8,60,5496216,210,210,43164011,6,12,1713921,1,4,308000,8,60,5496216
201302,12,103,3,5,Pinellas County               ,83,83,27338353,0,0,0,1,4,251693,19,1243,74082349,82,82,27158053,0,0,0,1,4,251693,19,1243,74082349
201302,12,105,3,5,Polk County                   ,255,255,50327089,2,4,551040,0,0,0,0,0,0,249,249,49686063,2,4,551040,0,0,0,0,0,0
201302,12,107,3,5,Putnam County                 ,8,8,912760,0,0,0,0,0,0,0,0,0,6,6,527750,0,0,0,0,0,0,0,0,0
201302,12,109,3,5,St. Johns County              ,392,392,103938789,1,2,242272,0,0,0,0,0,0,392,392,103938789,1,2,242272,0,0,0,0,0,0
201302,12,111,3,5,St. Lucie County              ,65,65,9689152,0,0,0,0,0,0,0,0,0,64,64,9443144,0,0,0,0,0,0,0,0,0
201302,12,113,3,5,Santa Rosa County             ,152,152,21442504,0,0,0,0,0,0,0,0,0,152,152,21442504,0,0,0,0,0,0,0,0,0
201302,12,115,3,5,Sarasota County               ,234,234,71139515,1,2,468423,0,0,0,1,61,8033125,234,234,71139515,1,2,468423,0,0,0,1,61,8033125
201302,12,117,3,5,Seminole County               ,158,158,35222660,0,0,0,0,0,0,0,0,0,128,128,29670747,0,0,0,0,0,0,0,0,0
201302,12,119,3,5,Sumter County                 ,519,519,148633554,0,0,0,0,0,0,0,0,0,519,519,148633554,0,0,0,0,0,0,0,0,0
201302,12,123,3,5,Taylor County                 ,3,3,705000,0,0,0,0,0,0,0,0,0,3,3,705000,0,0,0,0,0,0,0,0,0
201302,12,125,3,5,Union County                  ,1,1,73840,0,0,0,0,0,0,0,0,0,1,1,73840,0,0,0,0,0,0,0,0,0
201302,12,127,3,5,Volusia County                ,141,141,36800231,0,0,0,0,0,0,3,24,2351403,129,129,34338145,0,0,0,0,0,0,0,0,0
201302,12,129,3,5,Wakulla County                ,18,18,2521378,0,0,0,0,0,0,0,0,0,18,18,2521378,0,0,0,0,0,0,0,0,0
201302,12,131,3,5,Walton County                 ,230,230,79270611,0,0,0,0,0,0,0,0,0,230,230,79270611,0,0,0,0,0,0,0,0,0
201302,12,133,3,5,Washington County             ,4,4,523685,0,0,0,0,0,0,0,0,0,2,2,275467,0,0,0,0,0,0,0,0,0
201302,13,005,3,5,Bacon County                  ,0,0,0,0,0,0,0,0,0,0,0,0,0,0,0,0,0,0,0,0,0,0,0,0
201302,13,013,3,5,Barrow County                 ,18,18,1822854,0,0,0,0,0,0,0,0,0,16,16,1607232,0,0,0,0,0,0,0,0,0
201302,13,015,3,5,Bartow County                 ,8,8,1793427,0,0,0,0,0,0,0,0,0,8,8,1793427,0,0,0,0,0,0,0,0,0
201302,13,029,3,5,Bryan County                  ,45,45,8480208,0,0,0,0,0,0,3,22,1721686,32,32,6082900,0,0,0,0,0,0,0,0,0
201302,13,035,3,5,Butts County                  ,0,0,0,0,0,0,0,0,0,0,0,0,0,0,0,0,0,0,0,0,0,0,0,0
201302,13,045,3,5,Carroll County                ,14,14,2673453,0,0,0,0,0,0,0,0,0,14,14,2673453,0,0,0,0,0,0,0,0,0
201302,13,057,3,5,Cherokee County               ,188,188,37971152,0,0,0,0,0,0,0,0,0,188,188,37971152,0,0,0,0,0,0,0,0,0
201302,13,059,3,5,Clarke County                 ,59,59,9669958,0,0,0,0,0,0,2,29,4544467,59,59,9669958,0,0,0,0,0,0,2,29,4544467
201302,13,063,3,5,Clayton County                ,13,13,2571519,0,0,0,0,0,0,0,0,0,13,13,2571519,0,0,0,0,0,0,0,0,0
201302,13,067,3,5,Cobb County                   ,254,254,63014624,2,4,560002,1,4,563868,12,267,33161609,254,254,63014624,2,4,560002,1,4,563868,12,267,33161609
201302,13,077,3,5,Coweta County                 ,63,63,18374848,0,0,0,0,0,0,0,0,0,32,32,11751263,0,0,0,0,0,0,0,0,0
201302,13,085,3,5,Dawson County                 ,11,11,2580000,0,0,0,0,0,0,0,0,0,11,11,2580000,0,0,0,0,0,0,0,0,0
201302,13,089,3,5,DeKalb County                 ,60,60,12684489,0,0,0,0,0,0,8,359,26019602,54,54,10681691,0,0,0,0,0,0,8,359,26019602
201302,13,095,3,5,Dougherty County              ,6,6,671502,2,4,300220,0,0,0,1,5,187500,0,0,0,0,0,0,0,0,0,0,0,0
201302,13,097,3,5,Douglas County                ,19,19,4870973,0,0,0,0,0,0,0,0,0,19,19,4870973,0,0,0,0,0,0,0,0,0
201302,13,111,3,5,Fannin County                 ,20,20,3569788,0,0,0,0,0,0,0,0,0,0,0,0,0,0,0,0,0,0,0,0,0
201302,13,113,3,5,Fayette County                ,52,52,9871045,0,0,0,0,0,0,0,0,0,48,48,8763734,0,0,0,0,0,0,0,0,0
201302,13,117,3,5,Forsyth County                ,345,345,47859800,0,0,0,0,0,0,0,0,0,345,345,47859800,0,0,0,0,0,0,0,0,0
201302,13,121,3,5,Fulton County                 ,340,340,74477568,0,0,0,0,0,0,3,853,65135000,340,340,74477568,0,0,0,0,0,0,3,853,65135000
201302,13,127,3,5,Glynn County                  ,67,67,17230110,0,0,0,0,0,0,0,0,0,0,0,0,0,0,0,0,0,0,0,0,0
201302,13,133,3,5,Greene County                 ,18,18,4720054,0,0,0,0,0,0,0,0,0,18,18,4720054,0,0,0,0,0,0,0,0,0
201302,13,135,3,5,Gwinnett County               ,457,457,90969601,0,0,0,0,0,0,0,0,0,447,447,87342647,0,0,0,0,0,0,0,0,0
201302,13,143,3,5,Haralson County               ,3,3,553225,0,0,0,0,0,0,0,0,0,0,0,0,0,0,0,0,0,0,0,0,0
201302,13,145,3,5,Harris County                 ,19,19,4550938,0,0,0,0,0,0,0,0,0,19,19,4550938,0,0,0,0,0,0,0,0,0
201302,13,149,3,5,Heard County                  ,3,3,403104,0,0,0,0,0,0,0,0,0,0,0,0,0,0,0,0,0,0,0,0,0
201302,13,151,3,5,Henry County                  ,67,67,17196426,0,0,0,0,0,0,2,17,1236363,64,64,16825142,0,0,0,0,0,0,0,0,0
201302,13,159,3,5,Jasper County                 ,8,8,1071636,0,0,0,0,0,0,0,0,0,0,0,0,0,0,0,0,0,0,0,0,0
201302,13,169,3,5,Jones County                  ,1,1,646650,0,0,0,0,0,0,0,0,0,1,1,646650,0,0,0,0,0,0,0,0,0
201302,13,171,3,5,Lamar County                  ,0,0,0,0,0,0,0,0,0,0,0,0,0,0,0,0,0,0,0,0,0,0,0,0
201302,13,177,3,5,Lee County                    ,24,24,2742842,0,0,0,0,0,0,0,0,0,0,0,0,0,0,0,0,0,0,0,0,0
201302,13,189,3,5,McDuffie County               ,2,2,295167,0,0,0,0,0,0,0,0,0,1,1,137000,0,0,0,0,0,0,0,0,0
201302,13,199,3,5,Meriwether County             ,6,6,927336,0,0,0,0,0,0,0,0,0,4,4,791236,0,0,0,0,0,0,0,0,0
201302,13,211,3,5,Morgan County                 ,6,6,960000,0,0,0,0,0,0,0,0,0,6,6,960000,0,0,0,0,0,0,0,0,0
201302,13,213,3,5,Murray County                 ,0,0,0,0,0,0,0,0,0,0,0,0,0,0,0,0,0,0,0,0,0,0,0,0
201302,13,215,3,5,Muscogee County               ,49,49,5186976,0,0,0,2,8,363388,2,32,2427076,0,0,0,0,0,0,0,0,0,0,0,0
201302,13,217,3,5,Newton County                 ,11,11,1654659,0,0,0,0,0,0,0,0,0,5,5,989045,0,0,0,0,0,0,0,0,0
201302,13,223,3,5,Paulding County               ,56,56,7296026,0,0,0,0,0,0,0,0,0,39,39,4393452,0,0,0,0,0,0,0,0,0
201302,13,227,3,5,Pickens County                ,9,9,2645568,0,0,0,0,0,0,0,0,0,5,5,1850000,0,0,0,0,0,0,0,0,0
201302,13,231,3,5,Pike County                   ,1,1,150000,0,0,0,0,0,0,0,0,0,1,1,150000,0,0,0,0,0,0,0,0,0
201302,13,237,3,5,Putnam County                 ,7,7,1690000,0,0,0,0,0,0,0,0,0,7,7,1690000,0,0,0,0,0,0,0,0,0
201302,13,239,3,5,Quitman County                ,0,0,0,0,0,0,0,0,0,0,0,0,0,0,0,0,0,0,0,0,0,0,0,0
201302,13,247,3,5,Rockdale County               ,12,12,3341620,0,0,0,0,0,0,0,0,0,12,12,3341620,0,0,0,0,0,0,0,0,0
201302,13,255,3,5,Spalding County               ,9,9,672035,0,0,0,0,0,0,0,0,0,9,9,672035,0,0,0,0,0,0,0,0,0
201302,13,291,3,5,Union County                  ,17,17,3362755,0,0,0,0,0,0,0,0,0,17,17,3362755,0,0,0,0,0,0,0,0,0
201302,13,293,3,5,Upson County                  ,0,0,0,0,0,0,0,0,0,0,0,0,0,0,0,0,0,0,0,0,0,0,0,0
201302,13,297,3,5,Walton County                 ,19,19,2435100,0,0,0,0,0,0,0,0,0,19,19,2435100,0,0,0,0,0,0,0,0,0
201302,13,313,3,5,Whitfield County              ,9,9,1039959,0,0,0,0,0,0,0,0,0,0,0,0,0,0,0,0,0,0,0,0,0
201302,13,321,3,5,Worth County                  ,4,4,575000,0,0,0,0,0,0,0,0,0,4,4,575000,0,0,0,0,0,0,0,0,0
201302,15,001,4,9,Hawaii County                 ,68,68,17252260,0,0,0,0,0,0,2,23,7587629,0,0,0,0,0,0,0,0,0,0,0,0
201302,15,003,4,9,Honolulu County               ,153,153,49136382,0,0,0,0,0,0,1,345,109900000,153,153,49136382,0,0,0,0,0,0,1,345,109900000
201302,15,007,4,9,Kauai County                  ,21,21,10048583,0,0,0,0,0,0,0,0,0,14,14,6784520,0,0,0,0,0,0,0,0,0
201302,15,009,4,9,Maui County                   ,52,52,12762839,0,0,0,0,0,0,0,0,0,52,52,12762839,0,0,0,0,0,0,0,0,0
201302,16,001,4,8,Ada County                    ,361,361,91855505,0,0,0,2,8,540000,2,64,2800954,359,359,91441613,0,0,0,2,8,540000,2,64,2800954
201302,16,015,4,8,Boise County                  ,0,0,0,0,0,0,0,0,0,0,0,0,0,0,0,0,0,0,0,0,0,0,0,0
201302,16,027,4,8,Canyon County                 ,92,92,14306541,0,0,0,1,4,220000,0,0,0,91,91,14134541,0,0,0,1,4,220000,0,0,0
201302,16,045,4,8,Gem County                    ,3,3,428646,0,0,0,0,0,0,0,0,0,3,3,428646,0,0,0,0,0,0,0,0,0
201302,16,073,4,8,Owyhee County                 ,2,2,327585,0,0,0,0,0,0,0,0,0,1,1,198585,0,0,0,0,0,0,0,0,0
201302,17,005,2,3,Bond County                   ,0,0,0,0,0,0,0,0,0,0,0,0,0,0,0,0,0,0,0,0,0,0,0,0
201302,17,013,2,3,Calhoun County                ,0,0,0,0,0,0,0,0,0,0,0,0,0,0,0,0,0,0,0,0,0,0,0,0
201302,17,027,2,3,Clinton County                ,4,4,1179331,0,0,0,0,0,0,0,0,0,4,4,1179331,0,0,0,0,0,0,0,0,0
201302,17,031,2,3,Cook County                   ,110,110,43386212,30,60,9047500,9,33,5221125,13,153,39183450,90,90,36712533,30,60,9047500,9,33,5221125,13,153,39183450
201302,17,037,2,3,DeKalb County                 ,1,1,295000,0,0,0,0,0,0,0,0,0,1,1,295000,0,0,0,0,0,0,0,0,0
201302,17,039,2,3,De Witt County                ,1,1,80000,0,0,0,0,0,0,0,0,0,1,1,80000,0,0,0,0,0,0,0,0,0
201302,17,043,2,3,DuPage County                 ,91,91,33028746,0,0,0,0,0,0,0,0,0,84,84,31284916,0,0,0,0,0,0,0,0,0
201302,17,063,2,3,Grundy County                 ,9,9,1989962,0,0,0,0,0,0,2,10,512820,6,6,1199595,0,0,0,0,0,0,0,0,0
201302,17,083,2,3,Jersey County                 ,3,3,364256,0,0,0,0,0,0,2,10,578496,0,0,0,0,0,0,0,0,0,0,0,0
201302,17,089,2,3,Kane County                   ,83,83,18778948,1,2,240300,0,0,0,0,0,0,83,83,18778948,1,2,240300,0,0,0,0,0,0
201302,17,093,2,3,Kendall County                ,37,37,5042357,0,0,0,0,0,0,0,0,0,37,37,5042357,0,0,0,0,0,0,0,0,0
201302,17,097,2,3,Lake County                   ,58,58,17205214,0,0,0,0,0,0,2,10,1250000,32,32,9300241,0,0,0,0,0,0,0,0,0
201302,17,111,2,3,McHenry County                ,38,38,6128349,2,4,582796,0,0,0,0,0,0,26,26,4366543,0,0,0,0,0,0,0,0,0
201302,17,117,2,3,Macoupin County               ,4,4,805930,0,0,0,0,0,0,0,0,0,0,0,0,0,0,0,0,0,0,0,0,0
201302,17,119,2,3,Madison County                ,48,48,10681962,0,0,0,1,4,468000,1,5,471641,47,47,10343013,0,0,0,1,4,468000,0,0,0
201302,17,133,2,3,Monroe County                 ,18,18,3869315,0,0,0,0,0,0,0,0,0,9,9,1969472,0,0,0,0,0,0,0,0,0
201302,17,163,2,3,St. Clair County              ,63,63,12910159,0,0,0,0,0,0,2,14,1601665,29,29,5732500,0,0,0,0,0,0,0,0,0
201302,17,197,2,3,Will County                   ,65,65,15430233,0,0,0,0,0,0,0,0,0,52,52,13178816,0,0,0,0,0,0,0,0,0
201302,18,001,2,3,Adams County                  ,5,5,676000,0,0,0,0,0,0,0,0,0,5,5,676000,0,0,0,0,0,0,0,0,0
201302,18,003,2,3,Allen County                  ,91,91,20024604,0,0,0,0,0,0,0,0,0,91,91,20024604,0,0,0,0,0,0,0,0,0
201302,18,011,2,3,Boone County                  ,73,73,15782249,0,0,0,0,0,0,0,0,0,73,73,15782249,0,0,0,0,0,0,0,0,0
201302,18,013,2,3,Brown County                  ,3,3,595123,0,0,0,1,3,299774,0,0,0,0,0,0,0,0,0,0,0,0,0,0,0
201302,18,019,2,3,Clark County                  ,54,54,10520920,0,0,0,0,0,0,0,0,0,54,54,10520920,0,0,0,0,0,0,0,0,0
201302,18,029,2,3,Dearborn County               ,5,5,1169000,0,0,0,0,0,0,0,0,0,5,5,1169000,0,0,0,0,0,0,0,0,0
201302,18,043,2,3,Floyd County                  ,21,21,4678498,0,0,0,0,0,0,0,0,0,17,17,4097000,0,0,0,0,0,0,0,0,0
201302,18,047,2,3,Franklin County               ,2,2,295000,0,0,0,0,0,0,0,0,0,2,2,295000,0,0,0,0,0,0,0,0,0
201302,18,049,2,3,Fulton County                 ,0,0,0,0,0,0,0,0,0,0,0,0,0,0,0,0,0,0,0,0,0,0,0,0
201302,18,057,2,3,Hamilton County               ,276,276,70032868,2,4,601000,1,3,505000,9,197,16215624,276,276,70032868,2,4,601000,1,3,505000,9,197,16215624
201302,18,059,2,3,Hancock County                ,24,24,4121990,0,0,0,0,0,0,0,0,0,24,24,4121990,0,0,0,0,0,0,0,0,0
201302,18,061,2,3,Harrison County               ,7,7,1491840,0,0,0,0,0,0,0,0,0,7,7,1491840,0,0,0,0,0,0,0,0,0
201302,18,063,2,3,Hendricks County              ,82,82,17875255,0,0,0,0,0,0,0,0,0,79,79,17315605,0,0,0,0,0,0,0,0,0
201302,18,065,2,3,Henry County                  ,2,2,305000,0,0,0,0,0,0,0,0,0,2,2,305000,0,0,0,0,0,0,0,0,0
201302,18,069,2,3,Huntington County             ,1,1,130972,0,0,0,0,0,0,0,0,0,1,1,130972,0,0,0,0,0,0,0,0,0
201302,18,073,2,3,Jasper County                 ,2,2,426240,0,0,0,0,0,0,0,0,0,2,2,426240,0,0,0,0,0,0,0,0,0
201302,18,079,2,3,Jennings County               ,3,3,377320,0,0,0,0,0,0,0,0,0,3,3,377320,0,0,0,0,0,0,0,0,0
201302,18,081,2,3,Johnson County                ,86,86,15681238,2,4,562000,0,0,0,0,0,0,83,83,15334531,2,4,562000,0,0,0,0,0,0
201302,18,087,2,3,Lagrange County               ,9,9,1781446,0,0,0,0,0,0,0,0,0,9,9,1781446,0,0,0,0,0,0,0,0,0
201302,18,089,2,3,Lake County                   ,75,75,16780617,0,0,0,1,4,517000,0,0,0,72,72,15885605,0,0,0,1,4,517000,0,0,0
201302,18,097,2,3,Marion County                 ,81,81,16781034,0,0,0,0,0,0,0,0,0,81,81,16781034,0,0,0,0,0,0,0,0,0
201302,18,105,2,3,Monroe County                 ,15,15,2589021,0,0,0,0,0,0,3,56,4843440,15,15,2589021,0,0,0,0,0,0,3,56,4843440
201302,18,109,2,3,Morgan County                 ,8,8,1413120,1,2,200000,0,0,0,0,0,0,8,8,1413120,1,2,200000,0,0,0,0,0,0
201302,18,111,2,3,Newton County                 ,0,0,0,0,0,0,0,0,0,0,0,0,0,0,0,0,0,0,0,0,0,0,0,0
201302,18,115,2,3,Ohio County                   ,1,1,185000,0,0,0,0,0,0,0,0,0,1,1,185000,0,0,0,0,0,0,0,0,0
201302,18,125,2,3,Pike County                   ,2,2,215000,0,0,0,0,0,0,0,0,0,2,2,215000,0,0,0,0,0,0,0,0,0
201302,18,127,2,3,Porter County                 ,33,33,10520520,0,0,0,0,0,0,0,0,0,31,31,10198244,0,0,0,0,0,0,0,0,0
201302,18,133,2,3,Putnam County                 ,2,2,434197,1,2,240000,1,4,480000,0,0,0,2,2,434197,1,2,240000,1,4,480000,0,0,0
201302,18,145,2,3,Shelby County                 ,7,7,909500,0,0,0,1,3,0,0,0,0,7,7,909500,0,0,0,0,0,0,0,0,0
201302,18,155,2,3,Switzerland County            ,2,2,116532,0,0,0,0,0,0,0,0,0,0,0,0,0,0,0,0,0,0,0,0,0
201302,18,157,2,3,Tippecanoe County             ,63,63,11169782,3,6,617154,0,0,0,2,270,4991380,18,18,3177839,0,0,0,0,0,0,1,250,3373440
201302,18,163,2,3,Vanderburgh County            ,43,43,5215000,1,2,245000,0,0,0,1,6,360000,43,43,5215000,1,2,245000,0,0,0,1,6,360000
201302,18,167,2,3,Vigo County                   ,11,11,1803768,0,0,0,0,0,0,2,30,1480932,6,6,1278720,0,0,0,0,0,0,0,0,0
201302,18,175,2,3,Washington County             ,3,3,406835,0,0,0,0,0,0,0,0,0,0,0,0,0,0,0,0,0,0,0,0,0
201302,18,179,2,3,Wells County                  ,1,1,213120,0,0,0,0,0,0,0,0,0,1,1,213120,0,0,0,0,0,0,0,0,0
201302,18,181,2,3,White County                  ,1,1,175000,0,0,0,0,0,0,0,0,0,1,1,175000,0,0,0,0,0,0,0,0,0
201302,18,183,2,3,Whitley County                ,16,16,3389500,0,0,0,0,0,0,0,0,0,16,16,3389500,0,0,0,0,0,0,0,0,0
201302,19,049,2,4,Dallas County                 ,29,29,6060757,0,0,0,0,0,0,0,0,0,26,26,5414257,0,0,0,0,0,0,0,0,0
201302,19,077,2,4,Guthrie County                ,3,3,677520,0,0,0,0,0,0,0,0,0,1,1,175000,0,0,0,0,0,0,0,0,0
201302,19,085,2,4,Harrison County               ,2,2,460000,0,0,0,0,0,0,0,0,0,2,2,460000,0,0,0,0,0,0,0,0,0
201302,19,121,2,4,Madison County                ,5,5,998789,0,0,0,0,0,0,0,0,0,3,3,595000,0,0,0,0,0,0,0,0,0
201302,19,129,2,4,Mills County                  ,0,0,0,0,0,0,0,0,0,0,0,0,0,0,0,0,0,0,0,0,0,0,0,0
201302,19,153,2,4,Polk County                   ,246,246,56136859,0,0,0,0,0,0,2,96,10236600,219,219,49418231,0,0,0,0,0,0,2,96,10236600
201302,19,155,2,4,Pottawattamie County          ,20,20,4310219,0,0,0,0,0,0,0,0,0,3,3,934334,0,0,0,0,0,0,0,0,0
201302,19,181,2,4,Warren County                 ,7,7,1705401,1,2,230000,0,0,0,0,0,0,6,6,1447049,1,2,230000,0,0,0,0,0,0
201302,20,055,2,4,Finney County                 ,1,1,90876,1,2,202820,0,0,0,0,0,0,1,1,90876,1,2,202820,0,0,0,0,0,0
201302,20,059,2,4,Franklin County               ,4,4,582037,0,0,0,0,0,0,0,0,0,4,4,582037,0,0,0,0,0,0,0,0,0
201302,20,063,2,4,Gove County                   ,0,0,0,0,0,0,0,0,0,0,0,0,0,0,0,0,0,0,0,0,0,0,0,0
201302,20,091,2,4,Johnson County                ,207,207,63268663,2,4,664578,1,3,488182,6,72,12621756,151,151,47686879,1,2,326000,0,0,0,6,72,12621756
201302,20,103,2,4,Leavenworth County            ,18,18,3222396,0,0,0,0,0,0,0,0,0,18,18,3222396,0,0,0,0,0,0,0,0,0
201302,20,107,2,4,Linn County                   ,1,1,147779,0,0,0,0,0,0,0,0,0,0,0,0,0,0,0,0,0,0,0,0,0
201302,20,121,2,4,Miami County                  ,5,5,1246195,8,16,1280000,0,0,0,0,0,0,0,0,0,8,16,1280000,0,0,0,0,0,0
201302,20,129,2,4,Morton County                 ,0,0,0,0,0,0,0,0,0,0,0,0,0,0,0,0,0,0,0,0,0,0,0,0
201302,20,151,2,4,Pratt County                  ,0,0,0,0,0,0,0,0,0,0,0,0,0,0,0,0,0,0,0,0,0,0,0,0
201302,20,183,2,4,Smith County                  ,0,0,0,0,0,0,0,0,0,0,0,0,0,0,0,0,0,0,0,0,0,0,0,0
201302,20,209,2,4,Wyandotte County              ,38,38,5374071,0,0,0,0,0,0,0,0,0,38,38,5374071,0,0,0,0,0,0,0,0,0
201302,21,005,3,6,Anderson County               ,0,0,0,0,0,0,0,0,0,0,0,0,0,0,0,0,0,0,0,0,0,0,0,0
201302,21,015,3,6,Boone County                  ,45,45,7398372,0,0,0,0,0,0,2,22,2151135,45,45,7398372,0,0,0,0,0,0,2,22,2151135
201302,21,021,3,6,Boyle County                  ,8,8,1311000,0,0,0,0,0,0,0,0,0,8,8,1311000,0,0,0,0,0,0,0,0,0
201302,21,029,3,6,Bullitt County                ,42,42,7428092,0,0,0,0,0,0,1,6,340000,42,42,7428092,0,0,0,0,0,0,1,6,340000
201302,21,037,3,6,Campbell County               ,20,20,3685863,0,0,0,0,0,0,0,0,0,17,17,3142363,0,0,0,0,0,0,0,0,0
201302,21,049,3,6,Clark County                  ,5,5,956557,0,0,0,0,0,0,0,0,0,0,0,0,0,0,0,0,0,0,0,0,0
201302,21,053,3,6,Clinton County                ,0,0,0,0,0,0,0,0,0,0,0,0,0,0,0,0,0,0,0,0,0,0,0,0
201302,21,059,3,6,Daviess County                ,33,33,3467507,0,0,0,0,0,0,0,0,0,33,33,3467507,0,0,0,0,0,0,0,0,0
201302,21,067,3,6,Fayette County                ,113,113,15337611,3,6,606666,0,0,0,2,50,2780833,0,0,0,0,0,0,0,0,0,0,0,0
201302,21,077,3,6,Gallatin County               ,2,2,499750,0,0,0,0,0,0,0,0,0,2,2,499750,0,0,0,0,0,0,0,0,0
201302,21,081,3,6,Grant County                  ,2,2,411583,0,0,0,0,0,0,0,0,0,0,0,0,0,0,0,0,0,0,0,0,0
201302,21,103,3,6,Henry County                  ,0,0,0,0,0,0,0,0,0,0,0,0,0,0,0,0,0,0,0,0,0,0,0,0
201302,21,111,3,6,Jefferson County              ,136,136,30080501,0,0,0,0,0,0,1,32,750000,136,136,30080501,0,0,0,0,0,0,1,32,750000
201302,21,113,3,6,Jessamine County              ,21,21,6118000,0,0,0,0,0,0,0,0,0,21,21,6118000,0,0,0,0,0,0,0,0,0
201302,21,117,3,6,Kenton County                 ,33,33,6156043,0,0,0,0,0,0,0,0,0,33,33,6156043,0,0,0,0,0,0,0,0,0
201302,21,137,3,6,Lincoln County                ,5,5,907876,0,0,0,0,0,0,0,0,0,5,5,907876,0,0,0,0,0,0,0,0,0
201302,21,151,3,6,Madison County                ,13,13,1134310,1,2,129509,0,0,0,2,10,337144,0,0,0,0,0,0,0,0,0,0,0,0
201302,21,157,3,6,Marshall County               ,3,3,423993,0,0,0,0,0,0,2,11,611112,1,1,181575,0,0,0,0,0,0,0,0,0
201302,21,163,3,6,Meade County                  ,13,13,1769000,0,0,0,0,0,0,0,0,0,13,13,1769000,0,0,0,0,0,0,0,0,0
201302,21,167,3,6,Mercer County                 ,5,5,710687,2,4,275000,0,0,0,0,0,0,0,0,0,0,0,0,0,0,0,0,0,0
201302,21,179,3,6,Nelson County                 ,17,17,2368000,0,0,0,0,0,0,0,0,0,17,17,2368000,0,0,0,0,0,0,0,0,0
201302,21,185,3,6,Oldham County                 ,32,32,6497808,0,0,0,0,0,0,0,0,0,0,0,0,0,0,0,0,0,0,0,0,0
201302,21,191,3,6,Pendleton County              ,0,0,0,0,0,0,0,0,0,0,0,0,0,0,0,0,0,0,0,0,0,0,0,0
201302,21,205,3,6,Rowan County                  ,0,0,0,0,0,0,0,0,0,1,5,325000,0,0,0,0,0,0,0,0,0,1,5,325000
201302,21,209,3,6,Scott County                  ,57,57,5029132,0,0,0,0,0,0,2,30,1037961,33,33,2178100,0,0,0,0,0,0,0,0,0
201302,21,211,3,6,Shelby County                 ,24,24,3926740,0,0,0,0,0,0,0,0,0,24,24,3926740,0,0,0,0,0,0,0,0,0
201302,21,213,3,6,Simpson County                ,9,9,1576781,4,8,637333,0,0,0,0,0,0,7,7,1318000,0,0,0,0,0,0,0,0,0
201302,21,215,3,6,Spencer County                ,3,3,593427,0,0,0,0,0,0,0,0,0,3,3,593427,0,0,0,0,0,0,0,0,0
201302,21,221,3,6,Trigg County                  ,0,0,0,0,0,0,0,0,0,0,0,0,0,0,0,0,0,0,0,0,0,0,0,0
201302,21,239,3,6,Woodford County               ,14,14,2434500,0,0,0,0,0,0,0,0,0,14,14,2434500,0,0,0,0,0,0,0,0,0
201302,22,009,3,7,Avoyelles Parish              ,10,10,1681000,0,0,0,0,0,0,0,0,0,10,10,1681000,0,0,0,0,0,0,0,0,0
201302,22,017,3,7,Caddo Parish                  ,54,54,12289801,0,0,0,0,0,0,0,0,0,54,54,12289801,0,0,0,0,0,0,0,0,0
201302,22,039,3,7,Evangeline Parish             ,10,10,1285000,0,0,0,0,0,0,0,0,0,10,10,1285000,0,0,0,0,0,0,0,0,0
201302,22,051,3,7,Jefferson Parish              ,43,43,10945170,0,0,0,0,0,0,0,0,0,41,41,10618880,0,0,0,0,0,0,0,0,0
201302,22,071,3,7,Orleans Parish                ,167,167,29103642,24,48,3982392,0,0,0,1,15,1677045,87,87,15397297,1,2,191500,0,0,0,0,0,0
201302,22,075,3,7,Plaquemines Parish            ,13,13,3279294,0,0,0,0,0,0,0,0,0,13,13,3279294,0,0,0,0,0,0,0,0,0
201302,22,077,3,7,Pointe Coupee Parish          ,3,3,476720,0,0,0,0,0,0,0,0,0,3,3,476720,0,0,0,0,0,0,0,0,0
201302,22,087,3,7,St. Bernard Parish            ,5,5,918000,0,0,0,0,0,0,0,0,0,5,5,918000,0,0,0,0,0,0,0,0,0
201302,22,089,3,7,St. Charles Parish            ,15,15,3000000,0,0,0,0,0,0,0,0,0,15,15,3000000,0,0,0,0,0,0,0,0,0
201302,22,091,3,7,St. Helena Parish             ,0,0,0,0,0,0,0,0,0,0,0,0,0,0,0,0,0,0,0,0,0,0,0,0
201302,22,095,3,7,St. John the Baptist Parish   ,11,11,1849529,0,0,0,0,0,0,0,0,0,0,0,0,0,0,0,0,0,0,0,0,0
201302,22,103,3,7,St. Tammany Parish            ,166,166,34462097,0,0,0,0,0,0,0,0,0,88,88,20032952,0,0,0,0,0,0,0,0,0
201302,22,105,3,7,Tangipahoa Parish             ,91,91,13521532,0,0,0,0,0,0,0,0,0,84,84,12863233,0,0,0,0,0,0,0,0,0
201302,22,109,3,7,Terrebonne Parish             ,44,44,11726845,0,0,0,0,0,0,0,0,0,44,44,11726845,0,0,0,0,0,0,0,0,0
201302,22,117,3,7,Washington Parish             ,9,9,1647000,0,0,0,0,0,0,0,0,0,9,9,1647000,0,0,0,0,0,0,0,0,0
201302,23,000,1,1,Maine Unorganized Territory   ,7,7,929602,0,0,0,0,0,0,0,0,0,0,0,0,0,0,0,0,0,0,0,0,0
201302,24,003,3,5,Anne Arundel County           ,220,220,43685960,0,0,0,0,0,0,5,193,22483989,215,215,42528955,0,0,0,0,0,0,5,193,22483989
201302,24,005,3,5,Baltimore County              ,60,60,11868546,0,0,0,0,0,0,0,0,0,60,60,11868546,0,0,0,0,0,0,0,0,0
201302,24,009,3,5,Calvert County                ,32,32,6329891,0,0,0,0,0,0,0,0,0,32,32,6329891,0,0,0,0,0,0,0,0,0
201302,24,013,3,5,Carroll County                ,39,39,8381531,0,0,0,0,0,0,1,12,1200000,19,19,3758373,0,0,0,0,0,0,1,12,1200000
201302,24,015,3,5,Cecil County                  ,25,25,3517267,0,0,0,0,0,0,0,0,0,25,25,3517267,0,0,0,0,0,0,0,0,0
201302,24,017,3,5,Charles County                ,101,101,23107500,0,0,0,0,0,0,0,0,0,101,101,23107500,0,0,0,0,0,0,0,0,0
201302,24,021,3,5,Frederick County              ,136,136,28056852,0,0,0,0,0,0,7,91,4069891,136,136,28056852,0,0,0,0,0,0,7,91,4069891
201302,24,023,3,5,Garrett County                ,7,7,2829929,0,0,0,0,0,0,0,0,0,7,7,2829929,0,0,0,0,0,0,0,0,0
201302,24,025,3,5,Harford County                ,67,67,12995620,0,0,0,0,0,0,0,0,0,64,64,12682928,0,0,0,0,0,0,0,0,0
201302,24,027,3,5,Howard County                 ,175,175,38651840,0,0,0,0,0,0,1,25,2434147,64,64,12659782,0,0,0,0,0,0,0,0,0
201302,24,031,3,5,Montgomery County             ,234,234,45773619,11,22,1664542,0,0,0,0,0,0,234,234,45773619,11,22,1664542,0,0,0,0,0,0
201302,24,033,3,5,Prince George County          ,209,209,42799306,0,0,0,0,0,0,0,0,0,209,209,42799306,0,0,0,0,0,0,0,0,0
201302,24,035,3,5,Queen Anne County             ,33,33,5898208,0,0,0,0,0,0,0,0,0,33,33,5898208,0,0,0,0,0,0,0,0,0
201302,24,510,3,5,Baltimore (Independent City)  ,18,18,2358658,0,0,0,1,3,300000,2,223,18505841,0,0,0,0,0,0,0,0,0,0,0,0
201302,25,009,1,1,Essex County                  ,84,84,29577277,5,10,1443000,0,0,0,5,30,2643738,71,71,25851912,5,10,1443000,0,0,0,0,0,0
201302,25,017,1,1,Middlesex County              ,159,159,47772745,5,10,1398677,3,9,790500,8,258,30676419,132,132,40134636,4,8,1181493,3,9,790500,5,236,28876056
201302,25,019,1,1,Nantucket County              ,14,14,11300733,0,0,0,0,0,0,0,0,0,11,11,9104900,0,0,0,0,0,0,0,0,0
201302,25,021,1,1,Norfolk County                ,86,86,29234074,0,0,0,0,0,0,4,21,1812368,65,65,22390141,0,0,0,0,0,0,0,0,0
201302,25,023,1,1,Plymouth County               ,115,115,26062711,0,0,0,4,13,1554886,1,5,492405,95,95,22706972,0,0,0,2,7,964000,0,0,0
201302,25,025,1,1,Suffolk County                ,7,7,1539834,8,16,1854500,4,14,2315000,11,284,56314936,7,7,1539834,7,14,1672000,4,14,2315000,9,264,55067757
201302,26,000,2,3,Michigan Balance of State     ,1,1,115608,0,0,0,0,0,0,0,0,0,1,1,115608,0,0,0,0,0,0,0,0,0
201302,26,001,2,3,Alcona County                 ,1,1,100470,0,0,0,0,0,0,0,0,0,0,0,0,0,0,0,0,0,0,0,0,0
201302,26,009,2,3,Antrim County                 ,5,5,793745,0,0,0,0,0,0,0,0,0,5,5,793745,0,0,0,0,0,0,0,0,0
201302,26,015,2,3,Barry County                  ,8,8,1279548,0,0,0,0,0,0,0,0,0,0,0,0,0,0,0,0,0,0,0,0,0
201302,26,019,2,3,Benzie County                 ,1,1,48930,0,0,0,0,0,0,0,0,0,1,1,48930,0,0,0,0,0,0,0,0,0
201302,26,029,2,3,Charlevoix County             ,4,4,865464,0,0,0,0,0,0,2,10,685608,0,0,0,0,0,0,0,0,0,0,0,0
201302,26,031,2,3,Cheboygan County              ,2,2,170000,0,0,0,0,0,0,0,0,0,2,2,170000,0,0,0,0,0,0,0,0,0
201302,26,047,2,3,Emmet County                  ,4,4,967097,0,0,0,0,0,0,0,0,0,4,4,967097,0,0,0,0,0,0,0,0,0
201302,26,051,2,3,Gladwin County                ,5,5,1065600,0,0,0,0,0,0,0,0,0,5,5,1065600,0,0,0,0,0,0,0,0,0
201302,26,059,2,3,Hillsdale County              ,3,3,539542,0,0,0,0,0,0,0,0,0,2,2,368405,0,0,0,0,0,0,0,0,0
201302,26,067,2,3,Ionia County                  ,4,4,587980,0,0,0,0,0,0,0,0,0,1,1,132000,0,0,0,0,0,0,0,0,0
201302,26,079,2,3,Kalkaska County               ,2,2,338456,0,0,0,0,0,0,0,0,0,1,1,150000,0,0,0,0,0,0,0,0,0
201302,26,081,2,3,Kent County                   ,113,113,24340077,1,2,180000,0,0,0,2,20,1200000,95,95,21214532,1,2,180000,0,0,0,2,20,1200000
201302,26,085,2,3,Lake County                   ,3,3,86235,0,0,0,0,0,0,0,0,0,0,0,0,0,0,0,0,0,0,0,0,0
201302,26,087,2,3,Lapeer County                 ,2,2,237000,0,0,0,0,0,0,0,0,0,2,2,237000,0,0,0,0,0,0,0,0,0
201302,26,089,2,3,Leelanau County               ,10,10,2499410,0,0,0,0,0,0,0,0,0,10,10,2499410,0,0,0,0,0,0,0,0,0
201302,26,093,2,3,Livingston County             ,51,51,13815539,0,0,0,0,0,0,0,0,0,47,47,13407253,0,0,0,0,0,0,0,0,0
201302,26,099,2,3,Macomb County                 ,116,116,28529316,3,6,864327,0,0,0,1,48,1038000,116,116,28529316,3,6,864327,0,0,0,1,48,1038000
201302,26,103,2,3,Marquette County              ,1,1,420000,0,0,0,0,0,0,0,0,0,1,1,420000,0,0,0,0,0,0,0,0,0
201302,26,113,2,3,Missaukee County              ,2,2,320578,0,0,0,0,0,0,0,0,0,0,0,0,0,0,0,0,0,0,0,0,0
201302,26,123,2,3,Newaygo County                ,4,4,234668,0,0,0,0,0,0,0,0,0,0,0,0,0,0,0,0,0,0,0,0,0
201302,26,125,2,3,Oakland County                ,239,239,61047335,0,0,0,0,0,0,0,0,0,200,200,53700810,0,0,0,0,0,0,0,0,0
201302,26,129,2,3,Ogemaw County                 ,3,3,517804,0,0,0,0,0,0,0,0,0,3,3,517804,0,0,0,0,0,0,0,0,0
201302,26,133,2,3,Osceola County                ,2,2,280000,0,0,0,0,0,0,0,0,0,2,2,280000,0,0,0,0,0,0,0,0,0
201302,26,137,2,3,Otsego County                 ,2,2,395558,0,0,0,0,0,0,1,5,250000,0,0,0,0,0,0,0,0,0,0,0,0
201302,26,141,2,3,Presque Isle County           ,1,1,25000,0,0,0,0,0,0,0,0,0,1,1,25000,0,0,0,0,0,0,0,0,0
201302,26,147,2,3,St. Clair County              ,4,4,511271,0,0,0,0,0,0,0,0,0,1,1,213120,0,0,0,0,0,0,0,0,0
201302,26,163,2,3,Wayne County                  ,100,100,20692737,14,28,2772650,2,7,705686,1,7,824427,90,90,19362040,14,28,2772650,1,3,305849,0,0,0
201302,27,003,2,4,Anoka County                  ,70,70,18519237,0,0,0,0,0,0,0,0,0,67,67,17809641,0,0,0,0,0,0,0,0,0
201302,27,019,2,4,Carver County                 ,60,60,16691588,0,0,0,0,0,0,0,0,0,59,59,16488720,0,0,0,0,0,0,0,0,0
201302,27,025,2,4,Chisago County                ,9,9,1408353,0,0,0,0,0,0,0,0,0,7,7,1078782,0,0,0,0,0,0,0,0,0
201302,27,037,2,4,Dakota County                 ,117,117,33491743,0,0,0,0,0,0,0,0,0,104,104,29986389,0,0,0,0,0,0,0,0,0
201302,27,053,2,4,Hennepin County               ,221,221,79125222,1,2,275000,0,0,0,1,90,14550000,221,221,79125222,1,2,275000,0,0,0,1,90,14550000
201302,27,059,2,4,Isanti County                 ,2,2,252500,0,0,0,0,0,0,0,0,0,1,1,155000,0,0,0,0,0,0,0,0,0
201302,27,123,2,4,Ramsey County                 ,22,22,7287772,0,0,0,0,0,0,0,0,0,20,20,6828667,0,0,0,0,0,0,0,0,0
201302,27,139,2,4,Scott County                  ,62,62,18609037,0,0,0,0,0,0,0,0,0,61,61,18402926,0,0,0,0,0,0,0,0,0
201302,27,141,2,4,Sherburne County              ,24,24,4299264,0,0,0,0,0,0,0,0,0,21,21,3839909,0,0,0,0,0,0,0,0,0
201302,27,163,2,4,Washington County             ,91,91,31512953,0,0,0,0,0,0,0,0,0,87,87,29700229,0,0,0,0,0,0,0,0,0
201302,27,171,2,4,Wright County                 ,47,47,8786819,0,0,0,0,0,0,0,0,0,47,47,8786819,0,0,0,0,0,0,0,0,0
201302,28,021,3,6,Claiborne County              ,0,0,0,0,0,0,0,0,0,0,0,0,0,0,0,0,0,0,0,0,0,0,0,0
201302,28,033,3,6,DeSoto County                 ,108,108,15842716,0,0,0,0,0,0,0,0,0,72,72,9745750,0,0,0,0,0,0,0,0,0
201302,28,039,3,6,George County                 ,0,0,0,0,0,0,0,0,0,0,0,0,0,0,0,0,0,0,0,0,0,0,0,0
201302,28,071,3,6,Lafayette County              ,10,10,1418000,3,6,900000,0,0,0,0,0,0,10,10,1418000,3,6,900000,0,0,0,0,0,0
201302,28,091,3,6,Marion County                 ,0,0,0,0,0,0,0,0,0,0,0,0,0,0,0,0,0,0,0,0,0,0,0,0
201302,28,093,3,6,Marshall County               ,3,3,550000,0,0,0,0,0,0,0,0,0,3,3,550000,0,0,0,0,0,0,0,0,0
201302,28,137,3,6,Tate County                   ,13,13,1281315,0,0,0,0,0,0,0,0,0,2,2,295000,0,0,0,0,0,0,0,0,0
201302,28,143,3,6,Tunica County                 ,2,2,160640,0,0,0,0,0,0,0,0,0,0,0,0,0,0,0,0,0,0,0,0,0
201302,28,153,3,6,Wayne County                  ,0,0,0,0,0,0,0,0,0,0,0,0,0,0,0,0,0,0,0,0,0,0,0,0
201302,29,001,2,4,Adair County                  ,2,2,409096,0,0,0,1,3,186415,1,15,1043064,1,1,155122,0,0,0,0,0,0,1,15,1043064
201302,29,013,2,4,Bates County                  ,0,0,0,0,0,0,0,0,0,0,0,0,0,0,0,0,0,0,0,0,0,0,0,0
201302,29,019,2,4,Boone County                  ,83,83,15635062,1,2,125000,0,0,0,3,136,13900000,83,83,15635062,1,2,125000,0,0,0,3,136,13900000
201302,29,025,2,4,Caldwell County               ,1,1,201514,0,0,0,0,0,0,0,0,0,0,0,0,0,0,0,0,0,0,0,0,0
201302,29,037,2,4,Cass County                   ,14,14,3545468,0,0,0,0,0,0,0,0,0,11,11,2766920,0,0,0,0,0,0,0,0,0
201302,29,047,2,4,Clay County                   ,14,14,2833360,0,0,0,0,0,0,0,0,0,14,14,2833360,0,0,0,0,0,0,0,0,0
201302,29,049,2,4,Clinton County                ,4,4,1002182,0,0,0,0,0,0,0,0,0,2,2,586975,0,0,0,0,0,0,0,0,0
201302,29,051,2,4,Cole County                   ,18,18,3642570,1,2,208615,0,0,0,0,0,0,6,6,1149000,0,0,0,0,0,0,0,0,0
201302,29,065,2,4,Dent County                   ,0,0,0,0,0,0,0,0,0,0,0,0,0,0,0,0,0,0,0,0,0,0,0,0
201302,29,071,2,4,Franklin County               ,36,36,5356601,1,2,201206,0,0,0,2,32,1200000,34,34,4967422,0,0,0,0,0,0,2,32,1200000
201302,29,079,2,4,Grundy County                 ,0,0,0,0,0,0,0,0,0,0,0,0,0,0,0,0,0,0,0,0,0,0,0,0
201302,29,095,2,4,Jackson County                ,154,154,31204356,6,12,833848,0,0,0,0,0,0,151,151,30861724,6,12,833848,0,0,0,0,0,0
201302,29,099,2,4,Jefferson County              ,76,76,9990150,0,0,0,0,0,0,0,0,0,76,76,9990150,0,0,0,0,0,0,0,0,0
201302,29,105,2,4,Laclede County                ,0,0,0,2,4,280000,0,0,0,0,0,0,0,0,0,0,0,0,0,0,0,0,0,0
201302,29,107,2,4,Lafayette County              ,2,2,426240,0,0,0,0,0,0,0,0,0,2,2,426240,0,0,0,0,0,0,0,0,0
201302,29,113,2,4,Lincoln County                ,14,14,1490589,0,0,0,0,0,0,0,0,0,12,12,1290120,0,0,0,0,0,0,0,0,0
201302,29,141,2,4,Morgan County                 ,0,0,0,0,0,0,0,0,0,0,0,0,0,0,0,0,0,0,0,0,0,0,0,0
201302,29,161,2,4,Phelps County                 ,33,33,3158690,0,0,0,0,0,0,0,0,0,33,33,3158690,0,0,0,0,0,0,0,0,0
201302,29,165,2,4,Platte County                 ,23,23,5473275,0,0,0,0,0,0,0,0,0,22,22,5396058,0,0,0,0,0,0,0,0,0
201302,29,175,2,4,Randolph County               ,0,0,0,0,0,0,0,0,0,0,0,0,0,0,0,0,0,0,0,0,0,0,0,0
201302,29,177,2,4,Ray County                    ,2,2,364286,0,0,0,0,0,0,0,0,0,0,0,0,0,0,0,0,0,0,0,0,0
201302,29,183,2,4,St. Charles County            ,250,250,53807398,1,2,318790,1,4,288000,0,0,0,250,250,53807398,1,2,318790,1,4,288000,0,0,0
201302,29,189,2,4,St. Louis County              ,90,90,32706388,0,0,0,0,0,0,0,0,0,85,85,29807691,0,0,0,0,0,0,0,0,0
201302,29,219,2,4,Warren County                 ,15,15,3307681,0,0,0,0,0,0,0,0,0,15,15,3307681,0,0,0,0,0,0,0,0,0
201302,29,221,2,4,Washington County             ,0,0,0,0,0,0,0,0,0,0,0,0,0,0,0,0,0,0,0,0,0,0,0,0
201302,29,510,2,4,St. Louis (Independent City)  ,6,6,1181360,0,0,0,0,0,0,0,0,0,6,6,1181360,0,0,0,0,0,0,0,0,0
201302,30,023,4,8,Deer Lodge County             ,0,0,0,0,0,0,0,0,0,0,0,0,0,0,0,0,0,0,0,0,0,0,0,0
201302,30,063,4,8,Missoula County               ,24,24,3739849,0,0,0,0,0,0,2,48,1848160,12,12,1035623,0,0,0,0,0,0,2,48,1848160
201302,31,025,2,4,Cass County                   ,5,5,662449,0,0,0,0,0,0,0,0,0,5,5,662449,0,0,0,0,0,0,0,0,0
201302,31,033,2,4,Cheyenne County               ,2,2,1191000,0,0,0,0,0,0,0,0,0,2,2,1191000,0,0,0,0,0,0,0,0,0
201302,31,055,2,4,Douglas County                ,262,262,38569921,1,2,196720,0,0,0,3,80,5106982,260,260,38345905,1,2,196720,0,0,0,1,38,2621452
201302,31,077,2,4,Greeley County                ,0,0,0,0,0,0,0,0,0,0,0,0,0,0,0,0,0,0,0,0,0,0,0,0
201302,31,105,2,4,Kimball County                ,0,0,0,0,0,0,0,0,0,0,0,0,0,0,0,0,0,0,0,0,0,0,0,0
201302,31,153,2,4,Sarpy County                  ,124,124,31311730,0,0,0,0,0,0,1,5,330208,71,71,19303844,0,0,0,0,0,0,0,0,0
201302,31,155,2,4,Saunders County               ,4,4,859496,0,0,0,0,0,0,0,0,0,4,4,859496,0,0,0,0,0,0,0,0,0
201302,31,177,2,4,Washington County             ,4,4,803989,0,0,0,0,0,0,0,0,0,4,4,803989,0,0,0,0,0,0,0,0,0
201302,32,001,4,8,Churchill County              ,2,2,361200,0,0,0,0,0,0,0,0,0,2,2,361200,0,0,0,0,0,0,0,0,0
201302,32,003,4,8,Clark County                  ,1087,1087,169817269,0,0,0,0,0,0,2,10,1047654,1087,1087,169817269,0,0,0,0,0,0,2,10,1047654
201302,32,005,4,8,Douglas County                ,13,13,3852019,0,0,0,0,0,0,0,0,0,13,13,3852019,0,0,0,0,0,0,0,0,0
201302,32,007,4,8,Elko County                   ,40,40,6458581,0,0,0,0,0,0,0,0,0,40,40,6458581,0,0,0,0,0,0,0,0,0
201302,32,013,4,8,Humboldt County               ,9,9,1127312,0,0,0,0,0,0,0,0,0,9,9,1127312,0,0,0,0,0,0,0,0,0
201302,32,015,4,8,Lander County                 ,0,0,0,0,0,0,0,0,0,0,0,0,0,0,0,0,0,0,0,0,0,0,0,0
201302,32,017,4,8,Lincoln County                ,1,1,163949,0,0,0,0,0,0,0,0,0,0,0,0,0,0,0,0,0,0,0,0,0
201302,32,019,4,8,Lyon County                   ,11,11,2053611,0,0,0,0,0,0,0,0,0,11,11,2053611,0,0,0,0,0,0,0,0,0
201302,32,021,4,8,Mineral County                ,0,0,0,0,0,0,0,0,0,0,0,0,0,0,0,0,0,0,0,0,0,0,0,0
201302,32,027,4,8,Pershing County               ,0,0,0,0,0,0,0,0,0,0,0,0,0,0,0,0,0,0,0,0,0,0,0,0
201302,32,029,4,8,Storey County                 ,1,1,164625,0,0,0,0,0,0,0,0,0,0,0,0,0,0,0,0,0,0,0,0,0
201302,32,031,4,8,Washoe County                 ,165,165,42503520,0,0,0,1,4,500000,1,43,6000000,165,165,42503520,0,0,0,1,4,500000,1,43,6000000
201302,32,033,4,8,White Pine County             ,0,0,0,0,0,0,0,0,0,0,0,0,0,0,0,0,0,0,0,0,0,0,0,0
201302,32,510,4,8,Carson City (Independent City),5,5,1614696,0,0,0,0,0,0,0,0,0,5,5,1614696,0,0,0,0,0,0,0,0,0
201302,33,015,1,1,Rockingham County             ,77,77,19832389,1,2,243500,0,0,0,0,0,0,60,60,15720335,0,0,0,0,0,0,0,0,0
201302,33,017,1,1,Strafford County              ,46,46,6085365,12,24,939984,0,0,0,0,0,0,38,38,5239939,0,0,0,0,0,0,0,0,0
201302,34,001,1,2,Atlantic County               ,43,43,4670028,1,2,83533,0,0,0,1,5,1098352,33,33,3511310,0,0,0,0,0,0,0,0,0
201302,34,003,1,2,Bergen County                 ,99,99,34204524,9,18,2774091,0,0,0,9,66,4908039,52,52,15390213,4,8,1454000,0,0,0,0,0,0
201302,34,005,1,2,Burlington County             ,61,61,11151326,0,0,0,0,0,0,4,26,2217441,40,40,6990844,0,0,0,0,0,0,0,0,0
201302,34,007,1,2,Camden County                 ,32,32,4322430,0,0,0,0,0,0,5,48,3329397,16,16,2767019,0,0,0,0,0,0,0,0,0
201302,34,009,1,2,Cape May County               ,51,51,14784695,10,20,3002700,0,0,0,1,10,695000,48,48,14203924,10,20,3002700,0,0,0,1,10,695000
201302,34,011,1,2,Cumberland County             ,31,31,3180288,0,0,0,0,0,0,0,0,0,19,19,1843837,0,0,0,0,0,0,0,0,0
201302,34,013,1,2,Essex County                  ,28,28,5415201,5,10,35199,8,24,2273255,3,41,6014875,16,16,2182973,5,10,35199,7,21,1747300,0,0,0
201302,34,015,1,2,Gloucester County             ,69,69,9647826,1,2,159685,12,48,8227750,0,0,0,57,57,8396138,0,0,0,12,48,8227750,0,0,0
201302,34,017,1,2,Hudson County                 ,7,7,916872,7,14,1528900,2,6,336500,6,198,21920019,1,1,125000,7,14,1528900,1,3,201500,2,95,10103678
201302,34,019,1,2,Hunterdon County              ,19,19,3649738,0,0,0,0,0,0,3,15,894030,8,8,1834335,0,0,0,0,0,0,0,0,0
201302,34,021,1,2,Mercer County                 ,24,24,6091486,3,6,2700,1,3,185850,2,10,895790,14,14,3404548,3,6,2700,0,0,0,0,0,0
201302,34,023,1,2,Middlesex County              ,119,119,20865146,0,0,0,1,3,164783,10,68,3235994,99,99,17314616,0,0,0,0,0,0,6,31,839442
201302,34,025,1,2,Monmouth County               ,126,126,25090275,0,0,0,0,0,0,9,55,7813063,99,99,19091156,0,0,0,0,0,0,6,36,6504400
201302,34,027,1,2,Morris County                 ,84,84,20415495,0,0,0,0,0,0,6,294,30558170,45,45,9671569,0,0,0,0,0,0,3,279,29680000
201302,34,029,1,2,Ocean County                  ,145,145,26709867,1,2,250000,0,0,0,3,29,2472309,126,126,23569840,1,2,250000,0,0,0,2,24,2088648
201302,34,031,1,2,Passaic County                ,40,40,6873337,1,2,141000,0,0,0,7,135,6523026,23,23,4142641,0,0,0,0,0,0,5,124,5866000
201302,34,033,1,2,Salem County                  ,3,3,274369,0,0,0,0,0,0,0,0,0,2,2,194335,0,0,0,0,0,0,0,0,0
201302,34,035,1,2,Somerset County               ,69,69,13182925,0,0,0,0,0,0,9,131,13666674,62,62,11744083,0,0,0,0,0,0,3,101,10813682
201302,34,037,1,2,Sussex County                 ,19,19,4037094,0,0,0,0,0,0,1,5,25000,3,3,668250,0,0,0,0,0,0,0,0,0
201302,34,039,1,2,Union County                  ,46,46,7982434,5,10,628864,0,0,0,7,99,2808654,24,24,3638201,3,6,324000,0,0,0,1,48,1222648
201302,34,041,1,2,Warren County                 ,26,26,3438132,0,0,0,0,0,0,1,5,812500,8,8,1127167,0,0,0,0,0,0,0,0,0
201302,35,000,4,8,New Mexico Balance of State   ,57,57,12627333,0,0,0,0,0,0,0,0,0,57,57,12627333,0,0,0,0,0,0,0,0,0
201302,35,001,4,8,Bernalillo County             ,195,195,36347765,0,0,0,2,6,844636,4,73,5682687,13,13,4040518,0,0,0,0,0,0,0,0,0
201302,35,005,4,8,Chaves County                 ,3,3,739000,0,0,0,0,0,0,0,0,0,3,3,739000,0,0,0,0,0,0,0,0,0
201302,35,007,4,8,Colfax County                 ,2,2,847054,0,0,0,0,0,0,0,0,0,0,0,0,0,0,0,0,0,0,0,0,0
201302,35,009,4,8,Curry County                  ,19,19,4662186,4,8,733567,3,9,671644,8,128,11781924,19,19,4662186,4,8,733567,3,9,671644,8,128,11781924
201302,35,013,4,8,Dona Ana County               ,122,122,24664424,0,0,0,0,0,0,0,0,0,122,122,24664424,0,0,0,0,0,0,0,0,0
201302,35,015,4,8,Eddy County                   ,21,21,4774368,0,0,0,0,0,0,0,0,0,21,21,4774368,0,0,0,0,0,0,0,0,0
201302,35,025,4,8,Lea County                    ,10,10,3757029,2,4,470000,8,32,3074000,0,0,0,10,10,3757029,2,4,470000,8,32,3074000,0,0,0
201302,35,027,4,8,Lincoln County                ,6,6,1049682,0,0,0,0,0,0,0,0,0,0,0,0,0,0,0,0,0,0,0,0,0
201302,35,028,4,8,Los Alamos County             ,1,1,447000,0,0,0,0,0,0,0,0,0,1,1,447000,0,0,0,0,0,0,0,0,0
201302,35,029,4,8,Luna County                   ,1,1,187000,0,0,0,0,0,0,0,0,0,1,1,187000,0,0,0,0,0,0,0,0,0
201302,35,031,4,8,McKinley County               ,0,0,0,0,0,0,0,0,0,0,0,0,0,0,0,0,0,0,0,0,0,0,0,0
201302,35,035,4,8,Otero County                  ,0,0,0,0,0,0,0,0,0,0,0,0,0,0,0,0,0,0,0,0,0,0,0,0
201302,35,039,4,8,Rio Arriba County             ,0,0,0,0,0,0,0,0,0,0,0,0,0,0,0,0,0,0,0,0,0,0,0,0
201302,35,041,4,8,Roosevelt County              ,15,15,1658000,0,0,0,0,0,0,0,0,0,15,15,1658000,0,0,0,0,0,0,0,0,0
201302,35,043,4,8,Sandoval County               ,109,109,19797316,0,0,0,0,0,0,0,0,0,0,0,0,0,0,0,0,0,0,0,0,0
201302,35,045,4,8,San Juan County               ,22,22,4866047,0,0,0,0,0,0,0,0,0,22,22,4866047,0,0,0,0,0,0,0,0,0
201302,35,049,4,8,Santa Fe County               ,23,23,3067234,0,0,0,0,0,0,0,0,0,0,0,0,0,0,0,0,0,0,0,0,0
201302,35,051,4,8,Sierra County                 ,1,1,99000,0,0,0,0,0,0,0,0,0,1,1,99000,0,0,0,0,0,0,0,0,0
201302,35,053,4,8,Socorro County                ,0,0,0,0,0,0,0,0,0,0,0,0,0,0,0,0,0,0,0,0,0,0,0,0
201302,35,055,4,8,Taos County                   ,5,5,548280,0,0,0,0,0,0,0,0,0,0,0,0,0,0,0,0,0,0,0,0,0
201302,35,061,4,8,Valencia County               ,19,19,2428866,0,0,0,0,0,0,0,0,0,0,0,0,0,0,0,0,0,0,0,0,0
201302,36,005,1,2,Bronx County                  ,2,2,473278,6,12,1338609,2,6,612294,6,151,14699397,2,2,473278,6,12,1338609,2,6,612294,6,151,14699397
201302,36,047,1,2,Kings County                  ,0,0,0,9,18,2007914,18,55,5612695,22,964,93842508,0,0,0,9,18,2007914,18,55,5612695,22,964,93842508
201302,36,059,1,2,Nassau County                 ,59,59,35998628,1,2,285000,0,0,0,0,0,0,54,54,34537121,0,0,0,0,0,0,0,0,0
201302,36,061,1,2,New York County               ,0,0,0,1,2,223102,0,0,0,6,528,51399216,0,0,0,1,2,223102,0,0,0,6,528,51399216
201302,36,079,1,2,Putnam County                 ,5,5,2154163,0,0,0,1,4,1208986,2,18,2199765,4,4,1840000,0,0,0,0,0,0,0,0,0
201302,36,081,1,2,Queens County                 ,7,7,1656473,23,46,5131337,3,9,918441,7,249,24239403,7,7,1656473,23,46,5131337,3,9,918441,7,249,24239403
201302,36,085,1,2,Richmond County               ,18,18,4259500,9,18,2007915,0,0,0,0,0,0,18,18,4259500,9,18,2007915,0,0,0,0,0,0
201302,36,087,1,2,Rockland County               ,5,5,3143468,1,2,310000,1,4,368377,1,8,698623,4,4,2749900,0,0,0,0,0,0,0,0,0
201302,36,103,1,2,Suffolk County                ,117,117,49984207,0,0,0,0,0,0,0,0,0,94,94,41950331,0,0,0,0,0,0,0,0,0
201302,36,119,1,2,Westchester County            ,25,25,15367215,1,2,143574,0,0,0,2,42,6895523,18,18,12082000,0,0,0,0,0,0,0,0,0
201302,37,003,3,5,Alexander County              ,5,5,1335550,0,0,0,0,0,0,0,0,0,5,5,1335550,0,0,0,0,0,0,0,0,0
201302,37,007,3,5,Anson County                  ,5,5,724792,0,0,0,0,0,0,0,0,0,0,0,0,0,0,0,0,0,0,0,0,0
201302,37,009,3,5,Ashe County                   ,7,7,1572300,0,0,0,0,0,0,0,0,0,7,7,1572300,0,0,0,0,0,0,0,0,0
201302,37,011,3,5,Avery County                  ,2,2,1440000,0,0,0,0,0,0,0,0,0,2,2,1440000,0,0,0,0,0,0,0,0,0
201302,37,019,3,5,Brunswick County              ,231,231,46859314,0,0,0,0,0,0,0,0,0,115,115,24652560,0,0,0,0,0,0,0,0,0
201302,37,025,3,5,Cabarrus County               ,178,178,22976411,0,0,0,0,0,0,8,238,14662231,178,178,22976411,0,0,0,0,0,0,8,238,14662231
201302,37,027,3,5,Caldwell County               ,9,9,1699950,0,0,0,0,0,0,0,0,0,9,9,1699950,0,0,0,0,0,0,0,0,0
201302,37,037,3,5,Chatham County                ,59,59,16464595,0,0,0,0,0,0,0,0,0,27,27,8812027,0,0,0,0,0,0,0,0,0
201302,37,039,3,5,Cherokee County               ,12,12,1833396,0,0,0,0,0,0,0,0,0,12,12,1833396,0,0,0,0,0,0,0,0,0
201302,37,049,3,5,Craven County                 ,55,55,7484809,0,0,0,0,0,0,0,0,0,21,21,3312550,0,0,0,0,0,0,0,0,0
201302,37,053,3,5,Currituck County              ,31,31,7884709,0,0,0,0,0,0,0,0,0,0,0,0,0,0,0,0,0,0,0,0,0
201302,37,059,3,5,Davie County                  ,14,14,3823082,0,0,0,0,0,0,0,0,0,14,14,3823082,0,0,0,0,0,0,0,0,0
201302,37,063,3,5,Durham County                 ,177,177,34901879,0,0,0,1,4,400000,0,0,0,177,177,34901879,0,0,0,1,4,400000,0,0,0
201302,37,067,3,5,Forsyth County                ,111,111,16527961,0,0,0,0,0,0,3,92,1942000,111,111,16527961,0,0,0,0,0,0,3,92,1942000
201302,37,069,3,5,Franklin County               ,37,37,5069931,0,0,0,0,0,0,0,0,0,37,37,5069931,0,0,0,0,0,0,0,0,0
201302,37,071,3,5,Gaston County                 ,60,60,12164858,0,0,0,0,0,0,1,80,11897011,60,60,12164858,0,0,0,0,0,0,1,80,11897011
201302,37,081,3,5,Guilford County               ,146,146,42204559,0,0,0,0,0,0,3,72,8675166,146,146,42204559,0,0,0,0,0,0,3,72,8675166
201302,37,089,3,5,Henderson County              ,32,32,7549843,0,0,0,0,0,0,0,0,0,32,32,7549843,0,0,0,0,0,0,0,0,0
201302,37,093,3,5,Hoke County                   ,67,67,12165538,0,0,0,0,0,0,0,0,0,67,67,12165538,0,0,0,0,0,0,0,0,0
201302,37,097,3,5,Iredell County                ,108,108,36496568,0,0,0,0,0,0,0,0,0,108,108,36496568,0,0,0,0,0,0,0,0,0
201302,37,099,3,5,Jackson County                ,15,15,6101210,2,4,600000,0,0,0,5,117,4775000,15,15,6101210,2,4,600000,0,0,0,5,117,4775000
201302,37,101,3,5,Johnston County               ,143,143,24392719,0,0,0,0,0,0,0,0,0,140,140,23958790,0,0,0,0,0,0,0,0,0
201302,37,105,3,5,Lee County                    ,10,10,1553845,0,0,0,0,0,0,0,0,0,10,10,1553845,0,0,0,0,0,0,0,0,0
201302,37,109,3,5,Lincoln County                ,26,26,4549786,2,4,435134,0,0,0,0,0,0,0,0,0,0,0,0,0,0,0,0,0,0
201302,37,113,3,5,Macon County                  ,4,4,2268000,0,0,0,0,0,0,0,0,0,4,4,2268000,0,0,0,0,0,0,0,0,0
201302,37,119,3,5,Mecklenburg County            ,631,631,124817538,0,0,0,7,25,1336594,50,902,82483497,631,631,124817538,0,0,0,7,25,1336594,50,902,82483497
201302,37,127,3,5,Nash County                   ,34,34,8940651,0,0,0,0,0,0,0,0,0,34,34,8940651,0,0,0,0,0,0,0,0,0
201302,37,129,3,5,New Hanover County            ,105,105,24061120,0,0,0,0,0,0,3,69,7856039,15,15,3378211,0,0,0,0,0,0,0,0,0
201302,37,135,3,5,Orange County                 ,40,40,13268944,1,2,350000,0,0,0,0,0,0,35,35,11929882,1,2,350000,0,0,0,0,0,0
201302,37,137,3,5,Pamlico County                ,6,6,1490760,0,0,0,0,0,0,0,0,0,0,0,0,0,0,0,0,0,0,0,0,0
201302,37,141,3,5,Pender County                 ,39,39,5542517,0,0,0,0,0,0,0,0,0,13,13,1938733,0,0,0,0,0,0,0,0,0
201302,37,145,3,5,Person County                 ,8,8,1576091,0,0,0,0,0,0,0,0,0,8,8,1576091,0,0,0,0,0,0,0,0,0
201302,37,147,3,5,Pitt County                   ,74,74,11312557,5,10,754200,0,0,0,1,8,873290,47,47,6132400,5,10,754200,0,0,0,1,8,873290
201302,37,149,3,5,Polk County                   ,2,2,498530,0,0,0,0,0,0,0,0,0,2,2,498530,0,0,0,0,0,0,0,0,0
201302,37,151,3,5,Randolph County               ,31,31,6464101,1,2,207000,0,0,0,0,0,0,31,31,6464101,1,2,207000,0,0,0,0,0,0
201302,37,157,3,5,Rockingham County             ,16,16,2058444,0,0,0,0,0,0,0,0,0,16,16,2058444,0,0,0,0,0,0,0,0,0
201302,37,159,3,5,Rowan County                  ,26,26,7468476,0,0,0,0,0,0,0,0,0,26,26,7468476,0,0,0,0,0,0,0,0,0
201302,37,163,3,5,Sampson County                ,5,5,936100,0,0,0,0,0,0,0,0,0,5,5,936100,0,0,0,0,0,0,0,0,0
201302,37,167,3,5,Stanly County                 ,15,15,1091500,0,0,0,0,0,0,0,0,0,15,15,1091500,0,0,0,0,0,0,0,0,0
201302,37,171,3,5,Surry County                  ,7,7,1152584,0,0,0,0,0,0,0,0,0,7,7,1152584,0,0,0,0,0,0,0,0,0
201302,37,175,3,5,Transylvania County           ,5,5,1635471,0,0,0,10,40,4100000,0,0,0,5,5,1635471,0,0,0,10,40,4100000,0,0,0
201302,37,179,3,5,Union County                  ,270,270,49213250,0,0,0,0,0,0,0,0,0,270,270,49213250,0,0,0,0,0,0,0,0,0
201302,37,181,3,5,Vance County                  ,4,4,651630,0,0,0,0,0,0,0,0,0,4,4,651630,0,0,0,0,0,0,0,0,0
201302,37,183,3,5,Wake County                   ,937,937,198675518,2,4,810360,0,0,0,3,250,19984004,876,876,186622986,2,4,810360,0,0,0,3,250,19984004
201302,37,195,3,5,Wilson County                 ,10,10,2285252,0,0,0,0,0,0,0,0,0,10,10,2285252,0,0,0,0,0,0,0,0,0
201302,39,015,2,3,Brown County                  ,7,7,1109955,0,0,0,0,0,0,0,0,0,0,0,0,0,0,0,0,0,0,0,0,0
201302,39,017,2,3,Butler County                 ,77,77,15821671,7,14,1750000,0,0,0,0,0,0,66,66,14392303,7,14,1750000,0,0,0,0,0,0
201302,39,025,2,3,Clermont County               ,40,40,7341728,0,0,0,0,0,0,0,0,0,40,40,7341728,0,0,0,0,0,0,0,0,0
201302,39,035,2,3,Cuyahoga County               ,91,91,23138895,0,0,0,0,0,0,2,10,1060610,65,65,19232950,0,0,0,0,0,0,0,0,0
201302,39,041,2,3,Delaware County               ,120,120,25772418,2,4,441998,1,4,349000,0,0,0,120,120,25772418,2,4,441998,1,4,349000,0,0,0
201302,39,045,2,3,Fairfield County              ,62,62,13066078,0,0,0,1,4,350000,0,0,0,54,54,11554768,0,0,0,1,4,350000,0,0,0
201302,39,049,2,3,Franklin County               ,190,190,46192386,1,2,400000,5,18,2391392,49,1112,66409087,183,183,44361413,1,2,400000,5,18,2391392,49,1112,66409087
201302,39,055,2,3,Geauga County                 ,15,15,3960000,0,0,0,0,0,0,0,0,0,15,15,3960000,0,0,0,0,0,0,0,0,0
201302,39,061,2,3,Hamilton County               ,85,85,23846449,2,4,402944,0,0,0,1,14,999000,59,59,17122025,2,4,402944,0,0,0,1,14,999000
201302,39,085,2,3,Lake County                   ,30,30,7562335,0,0,0,0,0,0,0,0,0,26,26,6980269,0,0,0,0,0,0,0,0,0
201302,39,089,2,3,Licking County                ,30,30,4717629,0,0,0,1,3,307668,0,0,0,9,9,1731722,0,0,0,0,0,0,0,0,0
201302,39,093,2,3,Lorain County                 ,83,83,17396422,0,0,0,0,0,0,1,7,294000,65,65,14963996,0,0,0,0,0,0,0,0,0
201302,39,097,2,3,Madison County                ,6,6,1278720,0,0,0,0,0,0,0,0,0,6,6,1278720,0,0,0,0,0,0,0,0,0
201302,39,103,2,3,Medina County                 ,57,57,12282551,0,0,0,0,0,0,0,0,0,57,57,12282551,0,0,0,0,0,0,0,0,0
201302,39,117,2,3,Morrow County                 ,4,4,621678,0,0,0,0,0,0,0,0,0,1,1,213120,0,0,0,0,0,0,0,0,0
201302,39,129,2,3,Pickaway County               ,2,2,300000,0,0,0,0,0,0,0,0,0,2,2,300000,0,0,0,0,0,0,0,0,0
201302,39,159,2,3,Union County                  ,37,37,7885437,0,0,0,0,0,0,0,0,0,37,37,7885437,0,0,0,0,0,0,0,0,0
201302,39,165,2,3,Warren County                 ,87,87,22058412,0,0,0,2,8,2030058,1,5,1619020,85,85,21776232,0,0,0,2,8,2030058,1,5,1619020
201302,39,169,2,3,Wayne County                  ,9,9,1157520,0,0,0,0,0,0,0,0,0,9,9,1157520,0,0,0,0,0,0,0,0,0
201302,40,017,3,7,Canadian County               ,36,36,8223854,0,0,0,0,0,0,0,0,0,29,29,6516048,0,0,0,0,0,0,0,0,0
201302,40,021,3,7,Cherokee County               ,8,8,1338235,0,0,0,0,0,0,1,10,488095,3,3,820000,0,0,0,0,0,0,0,0,0
201302,40,027,3,7,Cleveland County              ,116,116,21445278,3,6,650000,1,4,200000,0,0,0,116,116,21445278,3,6,650000,1,4,200000,0,0,0
201302,40,029,3,7,Coal County                   ,0,0,0,0,0,0,0,0,0,0,0,0,0,0,0,0,0,0,0,0,0,0,0,0
201302,40,037,3,7,Creek County                  ,25,25,3395396,0,0,0,0,0,0,0,0,0,25,25,3395396,0,0,0,0,0,0,0,0,0
201302,40,051,3,7,Grady County                  ,14,14,2128572,0,0,0,0,0,0,0,0,0,8,8,1700000,0,0,0,0,0,0,0,0,0
201302,40,081,3,7,Lincoln County                ,1,1,126000,0,0,0,0,0,0,0,0,0,1,1,126000,0,0,0,0,0,0,0,0,0
201302,40,083,3,7,Logan County                  ,0,0,0,1,2,125000,0,0,0,0,0,0,0,0,0,1,2,125000,0,0,0,0,0,0
201302,40,087,3,7,McClain County                ,46,46,9244916,0,0,0,0,0,0,0,0,0,46,46,9244916,0,0,0,0,0,0,0,0,0
201302,40,099,3,7,Murray County                 ,2,2,355000,0,0,0,0,0,0,0,0,0,2,2,355000,0,0,0,0,0,0,0,0,0
201302,40,109,3,7,Oklahoma County               ,620,620,129101211,8,16,1230239,0,0,0,18,318,12737489,468,468,106019635,6,12,900000,0,0,0,17,306,12050000
201302,40,111,3,7,Okmulgee County               ,2,2,193421,0,0,0,0,0,0,0,0,0,2,2,193421,0,0,0,0,0,0,0,0,0
201302,40,113,3,7,Osage County                  ,16,16,2881753,0,0,0,0,0,0,0,0,0,16,16,2881753,0,0,0,0,0,0,0,0,0
201302,40,117,3,7,Pawnee County                 ,0,0,0,0,0,0,0,0,0,0,0,0,0,0,0,0,0,0,0,0,0,0,0,0
201302,40,131,3,7,Rogers County                 ,54,54,9529827,0,0,0,0,0,0,0,0,0,53,53,9450397,0,0,0,0,0,0,0,0,0
201302,40,143,3,7,Tulsa County                  ,395,395,81737779,11,22,2895365,15,60,4366754,12,350,25892404,393,393,81611779,11,22,2895365,15,60,4366754,12,350,25892404
201302,40,145,3,7,Wagoner County                ,50,50,7592960,0,0,0,0,0,0,0,0,0,50,50,7592960,0,0,0,0,0,0,0,0,0
201302,41,000,4,9,Oregon Balance of State       ,14,14,1595664,0,0,0,0,0,0,0,0,0,14,14,1595664,0,0,0,0,0,0,0,0,0
201302,41,001,4,9,Baker County                  ,1,1,274513,0,0,0,0,0,0,0,0,0,1,1,274513,0,0,0,0,0,0,0,0,0
201302,41,005,4,9,Clackamas County              ,266,266,70684333,3,6,775413,0,0,0,1,12,42514,256,256,67970640,3,6,775413,0,0,0,1,12,42514
201302,41,009,4,9,Columbia County               ,2,2,463529,0,0,0,0,0,0,0,0,0,0,0,0,0,0,0,0,0,0,0,0,0
201302,41,017,4,9,Deschutes County              ,166,166,34867881,0,0,0,0,0,0,0,0,0,166,166,34867881,0,0,0,0,0,0,0,0,0
201302,41,019,4,9,Douglas County                ,17,17,3898212,0,0,0,0,0,0,0,0,0,17,17,3898212,0,0,0,0,0,0,0,0,0
201302,41,025,4,9,Harney County                 ,0,0,0,0,0,0,0,0,0,0,0,0,0,0,0,0,0,0,0,0,0,0,0,0
201302,41,033,4,9,Josephine County              ,15,15,3282134,0,0,0,0,0,0,0,0,0,15,15,3282134,0,0,0,0,0,0,0,0,0
201302,41,035,4,9,Klamath County                ,3,3,709250,0,0,0,0,0,0,0,0,0,3,3,709250,0,0,0,0,0,0,0,0,0
201302,41,045,4,9,Malheur County                ,0,0,0,0,0,0,0,0,0,0,0,0,0,0,0,0,0,0,0,0,0,0,0,0
201302,41,051,4,9,Multnomah County              ,135,135,31595602,6,12,1449171,2,8,588251,12,384,34466382,78,78,18792432,5,10,1216672,1,4,309640,9,260,21789914
201302,41,057,4,9,Tillamook County              ,8,8,2340949,0,0,0,0,0,0,0,0,0,8,8,2340949,0,0,0,0,0,0,0,0,0
201302,41,059,4,9,Umatilla County               ,3,3,530805,0,0,0,0,0,0,0,0,0,1,1,178294,0,0,0,0,0,0,0,0,0
201302,41,061,4,9,Union County                  ,1,1,275308,0,0,0,0,0,0,0,0,0,1,1,275308,0,0,0,0,0,0,0,0,0
201302,41,067,4,9,Washington County             ,230,230,58041744,0,0,0,0,0,0,17,526,53930474,226,226,56939474,0,0,0,0,0,0,17,526,53930474
201302,41,071,4,9,Yamhill County                ,33,33,8900057,0,0,0,0,0,0,0,0,0,31,31,8556959,0,0,0,0,0,0,0,0,0
201302,42,001,1,2,Adams County                  ,18,18,3281418,0,0,0,0,0,0,0,0,0,18,18,3281418,0,0,0,0,0,0,0,0,0
201302,42,003,1,2,Allegheny County              ,220,220,57971912,0,0,0,4,14,1672735,0,0,0,169,169,45436294,0,0,0,4,14,1672735,0,0,0
201302,42,005,1,2,Armstrong County              ,5,5,698734,0,0,0,0,0,0,0,0,0,0,0,0,0,0,0,0,0,0,0,0,0
201302,42,007,1,2,Beaver County                 ,24,24,4315283,0,0,0,0,0,0,0,0,0,24,24,4315283,0,0,0,0,0,0,0,0,0
201302,42,017,1,2,Bucks County                  ,100,100,18451699,0,0,0,0,0,0,0,0,0,84,84,15372796,0,0,0,0,0,0,0,0,0
201302,42,019,1,2,Butler County                 ,66,66,18446319,0,0,0,0,0,0,2,20,2963612,54,54,15767343,0,0,0,0,0,0,2,20,2963612
201302,42,025,1,2,Carbon County                 ,7,7,1268982,0,0,0,0,0,0,0,0,0,5,5,866800,0,0,0,0,0,0,0,0,0
201302,42,029,1,2,Chester County                ,117,117,26760586,0,0,0,0,0,0,2,11,1919699,106,106,24063811,0,0,0,0,0,0,0,0,0
201302,42,045,1,2,Delaware County               ,39,39,8896840,0,0,0,0,0,0,0,0,0,33,33,6369333,0,0,0,0,0,0,0,0,0
201302,42,051,1,2,Fayette County                ,27,27,5588303,0,0,0,0,0,0,0,0,0,4,4,504000,0,0,0,0,0,0,0,0,0
201302,42,055,1,2,Franklin County               ,18,18,2534475,0,0,0,0,0,0,0,0,0,10,10,1478076,0,0,0,0,0,0,0,0,0
201302,42,065,1,2,Jefferson County              ,7,7,993926,0,0,0,0,0,0,0,0,0,7,7,993926,0,0,0,0,0,0,0,0,0
201302,42,077,1,2,Lehigh County                 ,54,54,10120348,0,0,0,0,0,0,0,0,0,39,39,8014460,0,0,0,0,0,0,0,0,0
201302,42,091,1,2,Montgomery County             ,129,129,20885774,0,0,0,0,0,0,2,14,484000,117,117,18466842,0,0,0,0,0,0,1,5,225250
201302,42,095,1,2,Northampton County            ,57,57,11761613,1,2,38500,2,7,1170000,2,12,1381517,34,34,7379667,0,0,0,2,7,1170000,0,0,0
201302,42,101,1,2,Philadelphia County           ,111,111,26266919,13,26,1702560,12,39,2140000,7,348,73215600,111,111,26266919,13,26,1702560,12,39,2140000,7,348,73215600
201302,42,103,1,2,Pike County                   ,8,8,1597924,0,0,0,0,0,0,0,0,0,4,4,800000,0,0,0,0,0,0,0,0,0
201302,42,125,1,2,Washington County             ,42,42,9132983,0,0,0,1,3,375630,1,8,1001680,26,26,5865892,0,0,0,1,3,375630,1,8,1001680
201302,42,129,1,2,Westmoreland County           ,49,49,10242489,0,0,0,0,0,0,0,0,0,18,18,4097555,0,0,0,0,0,0,0,0,0
201302,44,001,1,1,Bristol County                ,8,8,2441805,2,4,400000,0,0,0,0,0,0,8,8,2441805,2,4,400000,0,0,0,0,0,0
201302,44,003,1,1,Kent County                   ,9,9,1202212,0,0,0,0,0,0,0,0,0,8,8,995730,0,0,0,0,0,0,0,0,0
201302,44,005,1,1,Newport County                ,15,15,3114539,0,0,0,0,0,0,0,0,0,15,15,3114539,0,0,0,0,0,0,0,0,0
201302,44,007,1,1,Providence County             ,36,36,4975547,1,2,223130,0,0,0,1,6,735000,31,31,4206100,0,0,0,0,0,0,1,6,735000
201302,44,009,1,1,Washington County             ,36,36,7058844,3,6,475800,0,0,0,0,0,0,23,23,3877890,0,0,0,0,0,0,0,0,0
201302,45,003,3,5,Aiken County                  ,113,113,23746825,0,0,0,0,0,0,0,0,0,95,95,21730537,0,0,0,0,0,0,0,0,0
201302,45,009,3,5,Bamberg County                ,0,0,0,0,0,0,0,0,0,0,0,0,0,0,0,0,0,0,0,0,0,0,0,0
201302,45,015,3,5,Berkeley County               ,147,147,34862776,0,0,0,0,0,0,1,17,862403,118,118,29957574,0,0,0,0,0,0,0,0,0
201302,45,017,3,5,Calhoun County                ,4,4,825930,0,0,0,0,0,0,0,0,0,4,4,825930,0,0,0,0,0,0,0,0,0
201302,45,019,3,5,Charleston County             ,369,369,93189394,0,0,0,0,0,0,15,362,16270006,221,221,56242411,0,0,0,0,0,0,12,308,13564407
201302,45,035,3,5,Dorchester County             ,90,90,22715000,0,0,0,1,4,549000,0,0,0,90,90,22715000,0,0,0,1,4,549000,0,0,0
201302,45,039,3,5,Fairfield County              ,7,7,811983,0,0,0,0,0,0,0,0,0,0,0,0,0,0,0,0,0,0,0,0,0
201302,45,041,3,5,Florence County               ,56,56,6959600,6,12,611625,0,0,0,2,10,600000,0,0,0,0,0,0,0,0,0,0,0,0
201302,45,045,3,5,Greenville County             ,310,310,79692214,0,0,0,0,0,0,3,18,1307066,290,290,75663406,0,0,0,0,0,0,3,18,1307066
201302,45,047,3,5,Greenwood County              ,12,12,1641604,1,2,293880,0,0,0,0,0,0,12,12,1641604,1,2,293880,0,0,0,0,0,0
201302,45,055,3,5,Kershaw County                ,30,30,4050046,0,0,0,0,0,0,0,0,0,29,29,3933690,0,0,0,0,0,0,0,0,0
201302,45,059,3,5,Laurens County                ,18,18,2981280,0,0,0,0,0,0,0,0,0,18,18,2981280,0,0,0,0,0,0,0,0,0
201302,45,063,3,5,Lexington County              ,252,252,45144603,0,0,0,0,0,0,3,44,4075580,59,59,7030732,0,0,0,0,0,0,0,0,0
201302,45,077,3,5,Pickens County                ,32,32,10552733,0,0,0,3,12,1200000,5,27,2700000,26,26,8925225,0,0,0,3,12,1200000,5,27,2700000
201302,45,079,3,5,Richland County               ,196,196,24606380,0,0,0,0,0,0,2,59,3330124,27,27,5287174,0,0,0,0,0,0,0,0,0
201302,45,081,3,5,Saluda County                 ,4,4,783572,0,0,0,0,0,0,0,0,0,4,4,783572,0,0,0,0,0,0,0,0,0
201302,45,085,3,5,Sumter County                 ,32,32,4455767,0,0,0,0,0,0,0,0,0,32,32,4455767,0,0,0,0,0,0,0,0,0
201302,45,091,3,5,York County                   ,190,190,51605589,0,0,0,0,0,0,1,6,713180,171,171,46521389,0,0,0,0,0,0,0,0,0
201302,46,005,2,4,Beadle County                 ,1,1,124119,0,0,0,0,0,0,0,0,0,1,1,124119,0,0,0,0,0,0,0,0,0
201302,46,069,2,4,Hyde County                   ,0,0,0,0,0,0,0,0,0,0,0,0,0,0,0,0,0,0,0,0,0,0,0,0
201302,46,121,2,4,Todd County                   ,0,0,0,0,0,0,0,0,0,0,0,0,0,0,0,0,0,0,0,0,0,0,0,0
201302,47,011,3,6,Bradley County                ,54,54,6064920,2,4,170000,0,0,0,0,0,0,54,54,6064920,2,4,170000,0,0,0,0,0,0
201302,47,015,3,6,Cannon County                 ,2,2,265778,0,0,0,0,0,0,0,0,0,0,0,0,0,0,0,0,0,0,0,0,0
201302,47,021,3,6,Cheatham County               ,7,7,1205618,0,0,0,0,0,0,0,0,0,7,7,1205618,0,0,0,0,0,0,0,0,0
201302,47,037,3,6,Davidson County               ,243,243,57314896,2,4,239390,0,0,0,2,76,9021382,243,243,57314896,2,4,239390,0,0,0,2,76,9021382
201302,47,039,3,6,Decatur County                ,0,0,0,0,0,0,0,0,0,0,0,0,0,0,0,0,0,0,0,0,0,0,0,0
201302,47,043,3,6,Dickson County                ,18,18,2886609,0,0,0,0,0,0,0,0,0,15,15,2583695,0,0,0,0,0,0,0,0,0
201302,47,047,3,6,Fayette County                ,29,29,7584000,0,0,0,0,0,0,0,0,0,14,14,4634000,0,0,0,0,0,0,0,0,0
201302,47,063,3,6,Hamblen County                ,11,11,1117648,0,0,0,0,0,0,0,0,0,3,3,340000,0,0,0,0,0,0,0,0,0
201302,47,071,3,6,Hardin County                 ,2,2,129772,0,0,0,0,0,0,0,0,0,0,0,0,0,0,0,0,0,0,0,0,0
201302,47,081,3,6,Hickman County                ,0,0,0,0,0,0,0,0,0,0,0,0,0,0,0,0,0,0,0,0,0,0,0,0
201302,47,091,3,6,Johnson County                ,1,1,55000,0,0,0,0,0,0,0,0,0,0,0,0,0,0,0,0,0,0,0,0,0
201302,47,093,3,6,Knox County                   ,167,167,29154066,0,0,0,0,0,0,2,12,1600001,167,167,29154066,0,0,0,0,0,0,2,12,1600001
201302,47,111,3,6,Macon County                  ,0,0,0,0,0,0,0,0,0,0,0,0,0,0,0,0,0,0,0,0,0,0,0,0
201302,47,113,3,6,Madison County                ,36,36,7364392,0,0,0,0,0,0,0,0,0,36,36,7364392,0,0,0,0,0,0,0,0,0
201302,47,125,3,6,Montgomery County             ,220,220,27666170,1,2,350000,3,12,630000,3,25,850000,220,220,27666170,1,2,350000,3,12,630000,3,25,850000
201302,47,141,3,6,Putnam County                 ,38,38,5278360,0,0,0,0,0,0,0,0,0,38,38,5278360,0,0,0,0,0,0,0,0,0
201302,47,147,3,6,Robertson County              ,23,23,3615050,0,0,0,0,0,0,0,0,0,19,19,2920138,0,0,0,0,0,0,0,0,0
201302,47,149,3,6,Rutherford County             ,314,314,51835652,58,116,9307008,9,34,2872692,6,60,5578500,308,308,50664298,58,116,9307008,9,34,2872692,6,60,5578500
201302,47,157,3,6,Shelby County                 ,150,150,30899709,3,6,561052,7,28,3460191,5,163,8687161,150,150,30899709,3,6,561052,7,28,3460191,5,163,8687161
201302,47,159,3,6,Smith County                  ,3,3,593427,0,0,0,0,0,0,0,0,0,3,3,593427,0,0,0,0,0,0,0,0,0
201302,47,165,3,6,Sumner County                 ,94,94,17218504,0,0,0,0,0,0,0,0,0,54,54,10006424,0,0,0,0,0,0,0,0,0
201302,47,167,3,6,Tipton County                 ,13,13,2091188,0,0,0,0,0,0,0,0,0,7,7,1269540,0,0,0,0,0,0,0,0,0
201302,47,169,3,6,Trousdale County              ,1,1,154000,0,0,0,0,0,0,0,0,0,1,1,154000,0,0,0,0,0,0,0,0,0
201302,47,179,3,6,Washington County             ,43,43,7523509,1,2,130000,0,0,0,0,0,0,43,43,7523509,1,2,130000,0,0,0,0,0,0
201302,47,187,3,6,Williamson County             ,198,198,59712782,0,0,0,0,0,0,8,40,7528000,194,194,58882572,0,0,0,0,0,0,8,40,7528000
201302,47,189,3,6,Wilson County                 ,169,169,32793896,0,0,0,0,0,0,0,0,0,93,93,16819632,0,0,0,0,0,0,0,0,0
201302,48,013,3,7,Atascosa County               ,8,8,1107463,0,0,0,0,0,0,0,0,0,3,3,354500,0,0,0,0,0,0,0,0,0
201302,48,015,3,7,Austin County                 ,9,9,1447319,0,0,0,0,0,0,0,0,0,5,5,844745,0,0,0,0,0,0,0,0,0
201302,48,019,3,7,Bandera County                ,0,0,0,0,0,0,0,0,0,0,0,0,0,0,0,0,0,0,0,0,0,0,0,0
201302,48,021,3,7,Bastrop County                ,14,14,1547040,0,0,0,0,0,0,0,0,0,14,14,1547040,0,0,0,0,0,0,0,0,0
201302,48,029,3,7,Bexar County                  ,473,473,87774038,1,2,216860,1,4,279465,22,343,25233530,209,209,43267693,0,0,0,0,0,0,9,45,3261510
201302,48,039,3,7,Brazoria County               ,271,271,54535811,1,2,20000,0,0,0,0,0,0,208,208,44658447,1,2,20000,0,0,0,0,0,0
201302,48,041,3,7,Brazos County                 ,118,118,20904536,1,2,240636,0,0,0,3,29,2660400,118,118,20904536,1,2,240636,0,0,0,3,29,2660400
201302,48,055,3,7,Caldwell County               ,2,2,280583,0,0,0,0,0,0,0,0,0,1,1,147000,0,0,0,0,0,0,0,0,0
201302,48,063,3,7,Camp County                   ,0,0,0,0,0,0,0,0,0,0,0,0,0,0,0,0,0,0,0,0,0,0,0,0
201302,48,071,3,7,Chambers County               ,34,34,6322991,0,0,0,0,0,0,0,0,0,34,34,6322991,0,0,0,0,0,0,0,0,0
201302,48,085,3,7,Collin County                 ,937,937,269159917,2,4,539770,0,0,0,2,211,18500000,874,874,249420143,2,4,539770,0,0,0,2,211,18500000
201302,48,091,3,7,Comal County                  ,235,235,34923714,0,0,0,0,0,0,0,0,0,126,126,26247400,0,0,0,0,0,0,0,0,0
201302,48,113,3,7,Dallas County                 ,539,539,143875230,1,2,184162,3,9,1006370,30,1362,144512544,515,515,128666420,1,2,184162,3,9,1006370,30,1362,144512544
201302,48,117,3,7,Deaf Smith County             ,0,0,0,0,0,0,1,3,180000,0,0,0,0,0,0,0,0,0,1,3,180000,0,0,0
201302,48,119,3,7,Delta County                  ,1,1,197809,0,0,0,0,0,0,0,0,0,1,1,197809,0,0,0,0,0,0,0,0,0
201302,48,121,3,7,Denton County                 ,392,392,124512301,0,0,0,0,0,0,1,27,2028005,377,377,120558057,0,0,0,0,0,0,1,27,2028005
201302,48,133,3,7,Eastland County               ,0,0,0,0,0,0,0,0,0,0,0,0,0,0,0,0,0,0,0,0,0,0,0,0
201302,48,135,3,7,Ector County                  ,74,74,13252500,0,0,0,0,0,0,4,101,7537314,0,0,0,0,0,0,0,0,0,0,0,0
201302,48,139,3,7,Ellis County                  ,118,118,17790473,0,0,0,0,0,0,0,0,0,118,118,17790473,0,0,0,0,0,0,0,0,0
201302,48,157,3,7,Fort Bend County              ,1104,1104,217868501,0,0,0,0,0,0,5,119,9359706,149,149,39955246,0,0,0,0,0,0,0,0,0
201302,48,167,3,7,Galveston County              ,374,374,79269765,0,0,0,0,0,0,0,0,0,350,350,75663585,0,0,0,0,0,0,0,0,0
201302,48,187,3,7,Guadalupe County              ,123,123,24982311,0,0,0,0,0,0,0,0,0,114,114,23794588,0,0,0,0,0,0,0,0,0
201302,48,201,3,7,Harris County                 ,2629,2629,457193056,5,10,916543,0,0,0,32,1427,104648131,2607,2607,449039030,5,10,916543,0,0,0,32,1427,104648131
201302,48,209,3,7,Hays County                   ,233,233,38194620,0,0,0,0,0,0,28,264,17701039,124,124,20649821,0,0,0,0,0,0,0,0,0
201302,48,215,3,7,Hidalgo County                ,413,413,53644266,12,24,1040000,6,22,1205674,0,0,0,374,374,50310566,12,24,1040000,6,22,1205674,0,0,0
201302,48,231,3,7,Hunt County                   ,1,1,137099,0,0,0,0,0,0,0,0,0,1,1,137099,0,0,0,0,0,0,0,0,0
201302,48,233,3,7,Hutchinson County             ,0,0,0,0,0,0,0,0,0,0,0,0,0,0,0,0,0,0,0,0,0,0,0,0
201302,48,251,3,7,Johnson County                ,102,102,17610770,0,0,0,0,0,0,0,0,0,67,67,11734960,0,0,0,0,0,0,0,0,0
201302,48,257,3,7,Kaufman County                ,47,47,7792188,0,0,0,0,0,0,0,0,0,47,47,7792188,0,0,0,0,0,0,0,0,0
201302,48,259,3,7,Kendall County                ,36,36,7828240,0,0,0,0,0,0,0,0,0,3,3,710500,0,0,0,0,0,0,0,0,0
201302,48,271,3,7,Kinney County                 ,0,0,0,0,0,0,0,0,0,0,0,0,0,0,0,0,0,0,0,0,0,0,0,0
201302,48,291,3,7,Liberty County                ,34,34,2780950,0,0,0,0,0,0,0,0,0,16,16,1640200,0,0,0,0,0,0,0,0,0
201302,48,307,3,7,McCulloch County              ,0,0,0,0,0,0,0,0,0,0,0,0,0,0,0,0,0,0,0,0,0,0,0,0
201302,48,323,3,7,Maverick County               ,9,9,534783,2,4,196700,1,4,180000,2,20,1210160,9,9,534783,2,4,196700,1,4,180000,2,20,1210160
201302,48,325,3,7,Medina County                 ,4,4,570000,0,0,0,0,0,0,0,0,0,4,4,570000,0,0,0,0,0,0,0,0,0
201302,48,329,3,7,Midland County                ,132,132,25570455,0,0,0,0,0,0,0,0,0,132,132,25570455,0,0,0,0,0,0,0,0,0
201302,48,339,3,7,Montgomery County             ,839,839,150751078,3,6,1037500,0,0,0,0,0,0,836,836,150401576,3,6,1037500,0,0,0,0,0,0
201302,48,353,3,7,Nolan County                  ,1,1,200000,0,0,0,0,0,0,0,0,0,1,1,200000,0,0,0,0,0,0,0,0,0
201302,48,359,3,7,Oldham County                 ,0,0,0,0,0,0,0,0,0,0,0,0,0,0,0,0,0,0,0,0,0,0,0,0
201302,48,367,3,7,Parker County                 ,36,36,7617432,0,0,0,0,0,0,0,0,0,35,35,7478887,0,0,0,0,0,0,0,0,0
201302,48,375,3,7,Potter County                 ,75,75,21488188,0,0,0,0,0,0,0,0,0,75,75,21488188,0,0,0,0,0,0,0,0,0
201302,48,383,3,7,Reagan County                 ,1,1,143750,0,0,0,0,0,0,0,0,0,0,0,0,0,0,0,0,0,0,0,0,0
201302,48,385,3,7,Real County                   ,0,0,0,0,0,0,0,0,0,0,0,0,0,0,0,0,0,0,0,0,0,0,0,0
201302,48,397,3,7,Rockwall County               ,106,106,29233685,0,0,0,0,0,0,0,0,0,98,98,28331490,0,0,0,0,0,0,0,0,0
201302,48,407,3,7,San Jacinto County            ,0,0,0,0,0,0,0,0,0,0,0,0,0,0,0,0,0,0,0,0,0,0,0,0
201302,48,435,3,7,Sutton County                 ,0,0,0,0,0,0,0,0,0,0,0,0,0,0,0,0,0,0,0,0,0,0,0,0
201302,48,437,3,7,Swisher County                ,0,0,0,0,0,0,0,0,0,0,0,0,0,0,0,0,0,0,0,0,0,0,0,0
201302,48,439,3,7,Tarrant County                ,627,627,153506692,10,20,8900000,1,4,100000,4,757,51727726,549,549,115739974,10,20,8900000,1,4,100000,4,757,51727726
201302,48,451,3,7,Tom Green County              ,50,50,9099085,0,0,0,0,0,0,0,0,0,50,50,9099085,0,0,0,0,0,0,0,0,0
201302,48,453,3,7,Travis County                 ,775,775,126040455,13,26,3821454,19,66,6647603,73,2897,271636212,737,737,118241848,13,26,3821454,19,66,6647603,73,2897,271636212
201302,48,463,3,7,Uvalde County                 ,2,2,230000,0,0,0,1,4,50000,0,0,0,2,2,230000,0,0,0,1,4,50000,0,0,0
201302,48,469,3,7,Victoria County               ,21,21,3098634,0,0,0,0,0,0,0,0,0,21,21,3098634,0,0,0,0,0,0,0,0,0
201302,48,471,3,7,Walker County                 ,14,14,2720617,0,0,0,0,0,0,0,0,0,14,14,2720617,0,0,0,0,0,0,0,0,0
201302,48,473,3,7,Waller County                 ,0,0,0,0,0,0,0,0,0,2,10,221806,0,0,0,0,0,0,0,0,0,0,0,0
201302,48,479,3,7,Webb County                   ,141,141,20684887,0,0,0,1,4,205476,4,70,4921251,0,0,0,0,0,0,0,0,0,0,0,0
201302,48,491,3,7,Williamson County             ,375,375,75814754,0,0,0,0,0,0,14,304,21976468,327,327,70928596,0,0,0,0,0,0,14,304,21976468
201302,48,493,3,7,Wilson County                 ,2,2,224330,0,0,0,0,0,0,1,5,240000,0,0,0,0,0,0,0,0,0,0,0,0
201302,48,497,3,7,Wise County                   ,4,4,499836,0,0,0,0,0,0,0,0,0,3,3,330800,0,0,0,0,0,0,0,0,0
201302,49,009,4,8,Daggett County                ,0,0,0,0,0,0,0,0,0,0,0,0,0,0,0,0,0,0,0,0,0,0,0,0
201302,49,019,4,8,Grand County                  ,8,8,1936854,0,0,0,1,3,214572,6,35,4361197,0,0,0,0,0,0,0,0,0,0,0,0
201302,49,021,4,8,Iron County                   ,14,14,2620458,0,0,0,0,0,0,0,0,0,10,10,1757700,0,0,0,0,0,0,0,0,0
201302,49,033,4,8,Rich County                   ,0,0,0,0,0,0,0,0,0,0,0,0,0,0,0,0,0,0,0,0,0,0,0,0
201302,49,035,4,8,Salt Lake County              ,410,410,83919218,1,2,649231,1,3,271977,9,89,7376196,355,355,74981225,1,2,649231,0,0,0,2,28,2910780
201302,49,039,4,8,Sanpete County                ,0,0,0,0,0,0,0,0,0,0,0,0,0,0,0,0,0,0,0,0,0,0,0,0
201302,49,043,4,8,Summit County                 ,18,18,8665900,0,0,0,0,0,0,0,0,0,1,1,122000,0,0,0,0,0,0,0,0,0
201302,49,045,4,8,Tooele County                 ,31,31,4770810,0,0,0,0,0,0,0,0,0,31,31,4770810,0,0,0,0,0,0,0,0,0
201302,49,051,4,8,Wasatch County                ,36,36,10297227,0,0,0,0,0,0,0,0,0,33,33,8958069,0,0,0,0,0,0,0,0,0
201302,51,003,3,5,Albemarle County              ,86,86,17644411,0,0,0,0,0,0,0,0,0,86,86,17644411,0,0,0,0,0,0,0,0,0
201302,51,007,3,5,Amelia County                 ,5,5,825750,0,0,0,0,0,0,0,0,0,5,5,825750,0,0,0,0,0,0,0,0,0
201302,51,013,3,5,Arlington County              ,27,27,6890000,0,0,0,0,0,0,0,0,0,27,27,6890000,0,0,0,0,0,0,0,0,0
201302,51,015,3,5,Augusta County                ,22,22,3556553,0,0,0,0,0,0,0,0,0,22,22,3556553,0,0,0,0,0,0,0,0,0
201302,51,019,3,5,Bedford County                ,30,30,6626000,0,0,0,0,0,0,0,0,0,30,30,6626000,0,0,0,0,0,0,0,0,0
201302,51,023,3,5,Botetourt County              ,7,7,1565000,0,0,0,0,0,0,0,0,0,7,7,1565000,0,0,0,0,0,0,0,0,0
201302,51,031,3,5,Campbell County               ,28,28,5495602,0,0,0,0,0,0,0,0,0,28,28,5495602,0,0,0,0,0,0,0,0,0
201302,51,033,3,5,Caroline County               ,19,19,2077085,0,0,0,0,0,0,0,0,0,19,19,2077085,0,0,0,0,0,0,0,0,0
201302,51,036,3,5,Charles City County           ,6,6,874768,0,0,0,0,0,0,0,0,0,0,0,0,0,0,0,0,0,0,0,0,0
201302,51,037,3,5,Charlotte County              ,2,2,56000,0,0,0,0,0,0,0,0,0,2,2,56000,0,0,0,0,0,0,0,0,0
201302,51,041,3,5,Chesterfield County           ,144,144,28484510,0,0,0,2,8,857778,0,0,0,144,144,28484510,0,0,0,2,8,857778,0,0,0
201302,51,043,3,5,Clarke County                 ,1,1,71000,0,0,0,0,0,0,0,0,0,1,1,71000,0,0,0,0,0,0,0,0,0
201302,51,047,3,5,Culpeper County               ,25,25,6209552,0,0,0,0,0,0,0,0,0,25,25,6209552,0,0,0,0,0,0,0,0,0
201302,51,049,3,5,Cumberland County             ,4,4,557500,0,0,0,0,0,0,0,0,0,4,4,557500,0,0,0,0,0,0,0,0,0
201302,51,053,3,5,Dinwiddie County              ,14,14,2389226,0,0,0,0,0,0,0,0,0,0,0,0,0,0,0,0,0,0,0,0,0
201302,51,059,3,5,Fairfax County                ,147,147,29064701,0,0,0,0,0,0,0,0,0,147,147,29064701,0,0,0,0,0,0,0,0,0
201302,51,061,3,5,Fauquier County               ,51,51,12337989,0,0,0,0,0,0,0,0,0,46,46,11545489,0,0,0,0,0,0,0,0,0
201302,51,065,3,5,Fluvanna County               ,8,8,1546000,0,0,0,0,0,0,0,0,0,8,8,1546000,0,0,0,0,0,0,0,0,0
201302,51,067,3,5,Franklin County               ,13,13,2971460,0,0,0,0,0,0,0,0,0,13,13,2971460,0,0,0,0,0,0,0,0,0
201302,51,069,3,5,Frederick County              ,54,54,10971274,0,0,0,0,0,0,0,0,0,54,54,10971274,0,0,0,0,0,0,0,0,0
201302,51,073,3,5,Gloucester County             ,19,19,3611585,0,0,0,0,0,0,0,0,0,19,19,3611585,0,0,0,0,0,0,0,0,0
201302,51,075,3,5,Goochland County              ,24,24,6488530,0,0,0,0,0,0,0,0,0,24,24,6488530,0,0,0,0,0,0,0,0,0
201302,51,079,3,5,Greene County                 ,9,9,1184842,0,0,0,0,0,0,0,0,0,9,9,1184842,0,0,0,0,0,0,0,0,0
201302,51,085,3,5,Hanover County                ,61,61,11228176,0,0,0,0,0,0,0,0,0,61,61,11228176,0,0,0,0,0,0,0,0,0
201302,51,087,3,5,Henrico County                ,126,126,22440376,0,0,0,0,0,0,17,85,17100648,126,126,22440376,0,0,0,0,0,0,17,85,17100648
201302,51,093,3,5,Isle of Wight County          ,20,20,4964020,0,0,0,0,0,0,0,0,0,0,0,0,0,0,0,0,0,0,0,0,0
201302,51,095,3,5,James City County             ,56,56,13429489,0,0,0,6,23,2208940,1,5,600667,56,56,13429489,0,0,0,6,23,2208940,1,5,600667
201302,51,097,3,5,King and Queen County         ,5,5,810281,0,0,0,0,0,0,0,0,0,5,5,810281,0,0,0,0,0,0,0,0,0
201302,51,099,3,5,King George County            ,16,16,2905204,0,0,0,0,0,0,0,0,0,16,16,2905204,0,0,0,0,0,0,0,0,0
201302,51,101,3,5,King William County           ,9,9,934000,0,0,0,0,0,0,0,0,0,9,9,934000,0,0,0,0,0,0,0,0,0
201302,51,107,3,5,Loudoun County                ,656,656,127919721,0,0,0,0,0,0,2,44,4040000,656,656,127919721,0,0,0,0,0,0,2,44,4040000
201302,51,109,3,5,Louisa County                 ,24,24,4816640,0,0,0,0,0,0,0,0,0,0,0,0,0,0,0,0,0,0,0,0,0
201302,51,115,3,5,Mathews County                ,2,2,550000,0,0,0,0,0,0,0,0,0,2,2,550000,0,0,0,0,0,0,0,0,0
201302,51,119,3,5,Middlesex County              ,8,8,1233760,0,0,0,0,0,0,1,5,387202,5,5,613000,0,0,0,0,0,0,0,0,0
201302,51,127,3,5,New Kent County               ,40,40,8194951,0,0,0,0,0,0,0,0,0,40,40,8194951,0,0,0,0,0,0,0,0,0
201302,51,137,3,5,Orange County                 ,23,23,3488700,0,0,0,0,0,0,0,0,0,23,23,3488700,0,0,0,0,0,0,0,0,0
201302,51,143,3,5,Pittsylvania County           ,28,28,4095930,0,0,0,0,0,0,0,0,0,0,0,0,0,0,0,0,0,0,0,0,0
201302,51,145,3,5,Powhatan County               ,12,12,3073500,0,0,0,0,0,0,0,0,0,12,12,3073500,0,0,0,0,0,0,0,0,0
201302,51,149,3,5,Prince George County          ,5,5,639618,0,0,0,0,0,0,0,0,0,5,5,639618,0,0,0,0,0,0,0,0,0
201302,51,153,3,5,Prince William County         ,225,225,44363619,0,0,0,0,0,0,0,0,0,225,225,44363619,0,0,0,0,0,0,0,0,0
201302,51,157,3,5,Rappahannock County           ,3,3,1285650,0,0,0,0,0,0,0,0,0,0,0,0,0,0,0,0,0,0,0,0,0
201302,51,161,3,5,Roanoke County                ,37,37,6882632,0,0,0,0,0,0,0,0,0,37,37,6882632,0,0,0,0,0,0,0,0,0
201302,51,163,3,5,Rockbridge County             ,7,7,924000,0,0,0,0,0,0,0,0,0,7,7,924000,0,0,0,0,0,0,0,0,0
201302,51,165,3,5,Rockingham County             ,105,105,13946499,0,0,0,0,0,0,0,0,0,105,105,13946499,0,0,0,0,0,0,0,0,0
201302,51,169,3,5,Scott County                  ,2,2,160000,0,0,0,0,0,0,0,0,0,2,2,160000,0,0,0,0,0,0,0,0,0
201302,51,171,3,5,Shenandoah County             ,14,14,1750883,0,0,0,0,0,0,0,0,0,14,14,1750883,0,0,0,0,0,0,0,0,0
201302,51,177,3,5,Spotsylvania County           ,54,54,14607158,0,0,0,0,0,0,0,0,0,0,0,0,0,0,0,0,0,0,0,0,0
201302,51,179,3,5,Stafford County               ,143,143,31329463,0,0,0,0,0,0,0,0,0,143,143,31329463,0,0,0,0,0,0,0,0,0
201302,51,181,3,5,Surry County                  ,2,2,238151,0,0,0,0,0,0,0,0,0,0,0,0,0,0,0,0,0,0,0,0,0
201302,51,183,3,5,Sussex County                 ,2,2,110000,0,0,0,0,0,0,0,0,0,2,2,110000,0,0,0,0,0,0,0,0,0
201302,51,187,3,5,Warren County                 ,10,10,2186000,0,0,0,0,0,0,0,0,0,10,10,2186000,0,0,0,0,0,0,0,0,0
201302,51,199,3,5,York County                   ,27,27,4700955,0,0,0,0,0,0,0,0,0,27,27,4700955,0,0,0,0,0,0,0,0,0
201302,51,510,3,5,Alexandria (Independent City) ,13,13,2968226,0,0,0,1,3,1008000,1,83,12487377,1,1,197809,0,0,0,0,0,0,0,0,0
201302,51,530,3,5,Buena Vista (Independent City),0,0,0,0,0,0,0,0,0,0,0,0,0,0,0,0,0,0,0,0,0,0,0,0
201302,51,550,3,5,Chesapeake(Independent City)  ,135,135,26704228,0,0,0,0,0,0,0,0,0,135,135,26704228,0,0,0,0,0,0,0,0,0
201302,51,570,3,5,Colonial Heights (Independent ,0,0,0,0,0,0,0,0,0,0,0,0,0,0,0,0,0,0,0,0,0,0,0,0
201302,51,580,3,5,Covington (Independent City)  ,0,0,0,0,0,0,0,0,0,0,0,0,0,0,0,0,0,0,0,0,0,0,0,0
201302,51,600,3,5,Fairfax (Independent City)    ,7,7,665000,0,0,0,0,0,0,0,0,0,7,7,665000,0,0,0,0,0,0,0,0,0
201302,51,610,3,5,Falls Church (Independent City,2,2,693614,0,0,0,0,0,0,0,0,0,0,0,0,0,0,0,0,0,0,0,0,0
201302,51,630,3,5,Fredericksburg(Independent Cit,8,8,2379963,0,0,0,0,0,0,0,0,0,8,8,2379963,0,0,0,0,0,0,0,0,0
201302,51,650,3,5,Hampton (Independent City)    ,24,24,3534259,0,0,0,0,0,0,5,73,5412311,6,6,837064,0,0,0,0,0,0,2,38,4200000
201302,51,660,3,5,Harrisonburg (Independent City,10,10,1156000,1,2,340000,0,0,0,0,0,0,10,10,1156000,1,2,340000,0,0,0,0,0,0
201302,51,670,3,5,Hopewell (Independent City)   ,12,12,1189831,0,0,0,0,0,0,0,0,0,12,12,1189831,0,0,0,0,0,0,0,0,0
201302,51,680,3,5,Lynchburg (Independent City)  ,18,18,3062476,0,0,0,0,0,0,0,0,0,18,18,3062476,0,0,0,0,0,0,0,0,0
201302,51,683,3,5,Manassas (Independent City)   ,22,22,3300000,0,0,0,0,0,0,0,0,0,0,0,0,0,0,0,0,0,0,0,0,0
201302,51,685,3,5,Manassas Park (Independent Cit,0,0,0,0,0,0,0,0,0,0,0,0,0,0,0,0,0,0,0,0,0,0,0,0
201302,51,700,3,5,Newport News (Independent City,8,8,684071,0,0,0,0,0,0,0,0,0,8,8,684071,0,0,0,0,0,0,0,0,0
201302,51,710,3,5,Norfolk (Independent City)    ,53,53,8550273,0,0,0,0,0,0,0,0,0,53,53,8550273,0,0,0,0,0,0,0,0,0
201302,51,730,3,5,Petersburg (Independent City) ,1,1,117913,0,0,0,0,0,0,0,0,0,0,0,0,0,0,0,0,0,0,0,0,0
201302,51,735,3,5,Poquoson (Independent City)   ,1,1,297000,0,0,0,0,0,0,0,0,0,1,1,297000,0,0,0,0,0,0,0,0,0
201302,51,740,3,5,Portsmouth (Independent City) ,7,7,1384663,0,0,0,0,0,0,0,0,0,7,7,1384663,0,0,0,0,0,0,0,0,0
201302,51,760,3,5,Richmond (Independent City)   ,16,16,2614408,4,8,776623,0,0,0,0,0,0,16,16,2614408,4,8,776623,0,0,0,0,0,0
201302,51,770,3,5,Roanoke (Independent City)    ,14,14,1773806,0,0,0,0,0,0,0,0,0,14,14,1773806,0,0,0,0,0,0,0,0,0
201302,51,800,3,5,Suffolk (Independent City)    ,73,73,13254989,0,0,0,1,4,156000,12,216,15412248,73,73,13254989,0,0,0,1,4,156000,12,216,15412248
201302,51,810,3,5,Virginia Beach (Independent Ci,140,140,24873845,0,0,0,0,0,0,23,437,30815722,140,140,24873845,0,0,0,0,0,0,23,437,30815722
201302,51,830,3,5,Williamsburg (Independent City,1,1,230000,0,0,0,0,0,0,0,0,0,1,1,230000,0,0,0,0,0,0,0,0,0
201302,53,011,4,9,Clark County                  ,239,239,55753757,0,0,0,0,0,0,18,273,20560088,235,235,55064911,0,0,0,0,0,0,18,273,20560088
201302,53,033,4,9,King County                   ,626,626,186402826,14,28,5491852,10,37,6257152,17,1047,132086024,520,520,154601527,13,26,5178119,10,37,6257152,12,1020,129348425
201302,53,041,4,9,Lewis County                  ,14,14,1700029,0,0,0,0,0,0,0,0,0,14,14,1700029,0,0,0,0,0,0,0,0,0
201302,53,053,4,9,Pierce County                 ,413,413,110923076,5,10,1150387,2,6,795984,14,107,14479910,411,411,110178720,5,10,1150387,2,6,795984,14,107,14479910
201302,53,059,4,9,Skamania County               ,6,6,1326750,0,0,0,0,0,0,0,0,0,0,0,0,0,0,0,0,0,0,0,0,0
201302,53,061,4,9,Snohomish County              ,269,269,65871812,3,6,805172,1,4,308286,16,224,24117816,251,251,62237833,2,4,644954,1,4,308286,15,197,21619367
201302,54,037,3,5,Jefferson County              ,24,24,5517826,0,0,0,0,0,0,0,0,0,24,24,5517826,0,0,0,0,0,0,0,0,0
201302,55,021,2,3,Columbia County               ,4,4,1265000,0,0,0,0,0,0,0,0,0,4,4,1265000,0,0,0,0,0,0,0,0,0
201302,55,025,2,3,Dane County                   ,132,132,33390672,0,0,0,0,0,0,2,63,5522583,128,128,32354423,0,0,0,0,0,0,1,58,5200000
201302,55,031,2,3,Douglas County                ,8,8,1592119,1,2,140000,0,0,0,0,0,0,8,8,1592119,1,2,140000,0,0,0,0,0,0
201302,55,037,2,3,Florence County               ,1,1,152950,0,0,0,0,0,0,0,0,0,0,0,0,0,0,0,0,0,0,0,0,0
201302,55,049,2,3,Iowa County                   ,3,3,598000,0,0,0,0,0,0,0,0,0,3,3,598000,0,0,0,0,0,0,0,0,0
201302,55,059,2,3,Kenosha County                ,22,22,4629093,0,0,0,0,0,0,0,0,0,21,21,4345593,0,0,0,0,0,0,0,0,0
201302,55,079,2,3,Milwaukee County              ,18,18,4349718,0,0,0,0,0,0,0,0,0,18,18,4349718,0,0,0,0,0,0,0,0,0
201302,55,089,2,3,Ozaukee County                ,16,16,5137218,0,0,0,0,0,0,0,0,0,9,9,2136410,0,0,0,0,0,0,0,0,0
201302,55,093,2,3,Pierce County                 ,2,2,301000,0,0,0,0,0,0,0,0,0,2,2,301000,0,0,0,0,0,0,0,0,0
201302,55,109,2,3,St. Croix County              ,9,9,2127030,0,0,0,0,0,0,0,0,0,9,9,2127030,0,0,0,0,0,0,0,0,0
201302,55,113,2,3,Sawyer County                 ,2,2,273000,0,0,0,0,0,0,0,0,0,2,2,273000,0,0,0,0,0,0,0,0,0
201302,55,131,2,3,Washington County             ,26,26,5505328,0,0,0,0,0,0,0,0,0,18,18,3385114,0,0,0,0,0,0,0,0,0
201302,55,133,2,3,Waukesha County               ,68,68,20879758,1,2,400000,0,0,0,0,0,0,64,64,19236577,1,2,400000,0,0,0,0,0,0
201302,56,019,4,8,Johnson County                ,0,0,0,0,0,0,0,0,0,0,0,0,0,0,0,0,0,0,0,0,0,0,0,0
201302,56,039,4,8,Teton County                  ,9,9,9490884,0,0,0,0,0,0,0,0,0,2,2,3000000,0,0,0,0,0,0,0,0,0
