Survey,FIPS,FIPS,Region,Division,County,,1-unit,,,2-units,,,3-4 units,,,5+ units,,,1-unit rep,,,2-units rep,,,3-4 units rep,,, 5+units rep
Date,State,County,Code,Code,Name,Bldgs,Units,Value,Bldgs,Units,Value,Bldgs,Units,Value,Bldgs,Units,Value,Bldgs,Units,Value,Bldgs,Units,Value,Bldgs,Units,Value,Bldgs,Units,Value
 
201402,01,001,3,6,Autauga County                ,19,19,5726829,0,0,0,0,0,0,0,0,0,19,19,5726829,0,0,0,0,0,0,0,0,0
201402,01,007,3,6,Bibb County                   ,3,3,510264,0,0,0,0,0,0,0,0,0,0,0,0,0,0,0,0,0,0,0,0,0
201402,01,009,3,6,Blount County                 ,1,1,125000,0,0,0,0,0,0,0,0,0,1,1,125000,0,0,0,0,0,0,0,0,0
201402,01,021,3,6,Chilton County                ,4,4,370000,0,0,0,0,0,0,0,0,0,4,4,370000,0,0,0,0,0,0,0,0,0
201402,01,037,3,6,Coosa County                  ,0,0,0,0,0,0,0,0,0,0,0,0,0,0,0,0,0,0,0,0,0,0,0,0
201402,01,073,3,6,Jefferson County              ,181,181,48536241,0,0,0,0,0,0,4,313,25947429,170,170,46577827,0,0,0,0,0,0,2,294,24997429
201402,01,081,3,6,Lee County                    ,137,137,39507658,0,0,0,0,0,0,2,11,1124198,69,69,18477072,0,0,0,0,0,0,0,0,0
201402,01,115,3,6,St. Clair County              ,8,8,1189578,0,0,0,0,0,0,0,0,0,4,4,776652,0,0,0,0,0,0,0,0,0
201402,01,117,3,6,Shelby County                 ,105,105,21884492,0,0,0,0,0,0,4,48,2682000,35,35,6484281,0,0,0,0,0,0,0,0,0
201402,01,127,3,6,Walker County                 ,0,0,0,0,0,0,0,0,0,0,0,0,0,0,0,0,0,0,0,0,0,0,0,0
201402,02,013,4,9,Aleutians East Borough        ,0,0,0,0,0,0,0,0,0,0,0,0,0,0,0,0,0,0,0,0,0,0,0,0
201402,02,016,4,9,Aleutians West Census Area    ,0,0,0,0,0,0,0,0,0,0,0,0,0,0,0,0,0,0,0,0,0,0,0,0
201402,02,020,4,9,Anchorage Borough             ,61,61,17653860,0,0,0,0,0,0,0,0,0,61,61,17653860,0,0,0,0,0,0,0,0,0
201402,02,020,4,9,Anchorage Municipality        ,61,61,17653860,0,0,0,0,0,0,0,0,0,61,61,17653860,0,0,0,0,0,0,0,0,0
201402,02,050,4,9,Bethel Census Area            ,6,6,850000,0,0,0,0,0,0,0,0,0,6,6,850000,0,0,0,0,0,0,0,0,0
201402,02,060,4,9,Bristol Bay Borough           ,0,0,0,0,0,0,0,0,0,0,0,0,0,0,0,0,0,0,0,0,0,0,0,0
201402,02,070,4,9,Dillingham Census Area        ,0,0,0,0,0,0,0,0,0,0,0,0,0,0,0,0,0,0,0,0,0,0,0,0
201402,02,090,4,9,Fairbanks North Star Borough  ,8,8,1470408,0,0,0,0,0,0,0,0,0,0,0,0,0,0,0,0,0,0,0,0,0
201402,02,100,4,9,Haines Borough                ,0,0,0,0,0,0,0,0,0,0,0,0,0,0,0,0,0,0,0,0,0,0,0,0
201402,02,105,4,9,Hoonah-Angoon Census Area     ,1,1,100000,0,0,0,0,0,0,0,0,0,1,1,100000,0,0,0,0,0,0,0,0,0
201402,02,110,4,9,Juneau Borough                ,1,1,210228,2,4,786160,0,0,0,0,0,0,1,1,210228,2,4,786160,0,0,0,0,0,0
201402,02,110,4,9,Juneau City and Borough       ,1,1,210228,2,4,786160,0,0,0,0,0,0,1,1,210228,2,4,786160,0,0,0,0,0,0
201402,02,122,4,9,Kenai Peninsula Borough       ,4,4,1021522,0,0,0,0,0,0,0,0,0,0,0,0,0,0,0,0,0,0,0,0,0
201402,02,130,4,9,Ketchikan Gateway Borough     ,5,5,1144989,1,2,249093,0,0,0,0,0,0,5,5,1144989,1,2,249093,0,0,0,0,0,0
201402,02,150,4,9,Kodiak Island Borough         ,2,2,285352,0,0,0,0,0,0,0,0,0,2,2,285352,0,0,0,0,0,0,0,0,0
201402,02,170,4,9,Matanuska-Susitna Borough     ,1,1,183773,1,2,349926,0,0,0,0,0,0,0,0,0,1,2,349926,0,0,0,0,0,0
201402,02,180,4,9,Nome Census Area              ,0,0,0,0,0,0,0,0,0,0,0,0,0,0,0,0,0,0,0,0,0,0,0,0
201402,02,185,4,9,North Slope Borough           ,2,2,453423,0,0,0,0,0,0,0,0,0,0,0,0,0,0,0,0,0,0,0,0,0
201402,02,188,4,9,Northwest Arctic Borough      ,1,1,248000,0,0,0,0,0,0,0,0,0,0,0,0,0,0,0,0,0,0,0,0,0
201402,02,195,4,9,Petersburg Census Area        ,3,3,147000,0,0,0,0,0,0,0,0,0,3,3,147000,0,0,0,0,0,0,0,0,0
201402,02,198,4,9,Prince of Wales-Hyder Census A,0,0,0,0,0,0,0,0,0,0,0,0,0,0,0,0,0,0,0,0,0,0,0,0
201402,02,220,4,9,Sitka Borough                 ,2,2,494572,1,2,300000,0,0,0,0,0,0,0,0,0,0,0,0,0,0,0,0,0,0
201402,02,220,4,9,Sitka City and Borough        ,2,2,494572,1,2,300000,0,0,0,0,0,0,0,0,0,0,0,0,0,0,0,0,0,0
201402,02,230,4,9,Skagway Municipality          ,0,0,0,0,0,0,0,0,0,0,0,0,0,0,0,0,0,0,0,0,0,0,0,0
201402,02,261,4,9,Valdez-Cordova Census Area    ,0,0,0,0,0,0,0,0,0,0,0,0,0,0,0,0,0,0,0,0,0,0,0,0
201402,02,270,4,9,Wade Hampton Census Area      ,0,0,0,0,0,0,0,0,0,0,0,0,0,0,0,0,0,0,0,0,0,0,0,0
201402,02,275,4,9,Wrangell City and Borough     ,0,0,0,0,0,0,0,0,0,0,0,0,0,0,0,0,0,0,0,0,0,0,0,0
201402,02,282,4,9,Yakutat Borough               ,0,0,0,0,0,0,0,0,0,0,0,0,0,0,0,0,0,0,0,0,0,0,0,0
201402,02,282,4,9,Yakutat City and Borough      ,0,0,0,0,0,0,0,0,0,0,0,0,0,0,0,0,0,0,0,0,0,0,0,0
201402,02,290,4,9,Yukon-Koyukuk Census Area     ,0,0,0,0,0,0,0,0,0,0,0,0,0,0,0,0,0,0,0,0,0,0,0,0
201402,04,013,4,8,Maricopa County               ,1568,1568,414658634,10,20,3811078,6,24,3351027,39,1352,133903046,1568,1568,414658634,10,20,3811078,6,24,3351027,39,1352,133903046
201402,04,019,4,8,Pima County                   ,365,365,92915788,2,4,203220,0,0,0,5,107,12549647,110,110,28967576,0,0,0,0,0,0,0,0,0
201402,04,021,4,8,Pinal County                  ,249,249,42144721,0,0,0,2,8,659074,0,0,0,244,244,41586649,0,0,0,2,8,659074,0,0,0
201402,05,023,3,7,Cleburne County               ,4,4,631000,0,0,0,0,0,0,0,0,0,4,4,631000,0,0,0,0,0,0,0,0,0
201402,05,025,3,7,Cleveland County              ,0,0,0,0,0,0,0,0,0,0,0,0,0,0,0,0,0,0,0,0,0,0,0,0
201402,05,027,3,7,Columbia County               ,0,0,0,0,0,0,0,0,0,0,0,0,0,0,0,0,0,0,0,0,0,0,0,0
201402,05,035,3,7,Crittenden County             ,4,4,472000,0,0,0,0,0,0,0,0,0,4,4,472000,0,0,0,0,0,0,0,0,0
201402,05,059,3,7,Hot Spring County             ,0,0,0,0,0,0,0,0,0,0,0,0,0,0,0,0,0,0,0,0,0,0,0,0
201402,05,061,3,7,Howard County                 ,0,0,0,0,0,0,0,0,0,0,0,0,0,0,0,0,0,0,0,0,0,0,0,0
201402,05,091,3,7,Miller County                 ,3,3,200000,1,2,100000,0,0,0,0,0,0,3,3,200000,1,2,100000,0,0,0,0,0,0
201402,05,099,3,7,Nevada County                 ,0,0,0,0,0,0,0,0,0,0,0,0,0,0,0,0,0,0,0,0,0,0,0,0
201402,06,001,4,9,Alameda County                ,198,198,77744331,0,0,0,3,10,1493144,0,0,0,198,198,77744331,0,0,0,3,10,1493144,0,0,0
201402,06,003,4,9,Alpine County                 ,1,1,295805,0,0,0,0,0,0,0,0,0,1,1,295805,0,0,0,0,0,0,0,0,0
201402,06,009,4,9,Calaveras County              ,9,9,2508824,0,0,0,0,0,0,0,0,0,7,7,1999275,0,0,0,0,0,0,0,0,0
201402,06,013,4,9,Contra Costa County           ,169,169,43699175,4,8,1665140,0,0,0,5,66,27119771,169,169,43699175,4,8,1665140,0,0,0,5,66,27119771
201402,06,017,4,9,El Dorado County              ,15,15,8577952,0,0,0,0,0,0,0,0,0,13,13,7986560,0,0,0,0,0,0,0,0,0
201402,06,037,4,9,Los Angeles County            ,601,601,210722440,35,70,13369012,11,37,9176560,33,2060,395123276,560,560,194196603,35,70,13369012,10,34,8604060,24,1959,379857637
201402,06,041,4,9,Marin County                  ,25,25,10390215,0,0,0,0,0,0,4,36,6722763,9,9,3841250,0,0,0,0,0,0,2,14,4554650
201402,06,045,4,9,Mendocino County              ,19,19,2499030,0,0,0,0,0,0,0,0,0,19,19,2499030,0,0,0,0,0,0,0,0,0
201402,06,049,4,9,Modoc County                  ,1,1,138030,0,0,0,0,0,0,0,0,0,0,0,0,0,0,0,0,0,0,0,0,0
201402,06,051,4,9,Mono County                   ,2,2,412174,0,0,0,0,0,0,0,0,0,0,0,0,0,0,0,0,0,0,0,0,0
201402,06,059,4,9,Orange County                 ,615,615,185093880,8,16,3797536,17,64,10690927,18,566,62833463,583,583,168952699,5,10,1764484,16,61,10396095,17,524,58365058
201402,06,061,4,9,Placer County                 ,199,199,55508055,0,0,0,0,0,0,0,0,0,197,197,54986119,0,0,0,0,0,0,0,0,0
201402,06,063,4,9,Plumas County                 ,6,6,1325423,0,0,0,0,0,0,0,0,0,6,6,1325423,0,0,0,0,0,0,0,0,0
201402,06,065,4,9,Riverside County              ,708,708,173599992,4,8,704010,0,0,0,12,218,17835654,607,607,156224462,4,8,704010,0,0,0,11,208,17249472
201402,06,067,4,9,Sacramento County             ,211,211,60772958,1,2,264825,0,0,0,0,0,0,208,208,60043195,1,2,264825,0,0,0,0,0,0
201402,06,069,4,9,San Benito County             ,5,5,1321009,0,0,0,0,0,0,0,0,0,2,2,583231,0,0,0,0,0,0,0,0,0
201402,06,071,4,9,San Bernardino County         ,218,218,49200556,7,14,3137986,3,9,1989676,2,10,1702593,199,199,46387952,7,14,3137986,3,9,1989676,2,10,1702593
201402,06,073,4,9,San Diego County              ,531,531,179106637,8,16,2722975,8,27,4855066,22,482,62661818,531,531,179106637,8,16,2722975,8,27,4855066,21,477,62307941
201402,06,075,4,9,San Francisco County          ,4,4,992513,2,4,1541000,2,7,2813960,2,144,26521850,4,4,992513,2,4,1541000,2,7,2813960,2,144,26521850
201402,06,077,4,9,San Joaquin County            ,175,175,44132044,0,0,0,0,0,0,1,20,2440620,174,174,43763433,0,0,0,0,0,0,1,20,2440620
201402,06,081,4,9,San Mateo County              ,56,56,54660192,0,0,0,1,3,468794,2,15,1963686,44,44,47751226,0,0,0,1,3,468794,0,0,0
201402,06,085,4,9,Santa Clara County            ,248,248,89255288,1,2,1023825,6,20,4180825,27,556,101430940,225,225,80542779,1,2,1023825,4,14,2505603,24,494,92433980
201402,06,091,4,9,Sierra County                 ,1,1,167056,0,0,0,0,0,0,0,0,0,1,1,167056,0,0,0,0,0,0,0,0,0
201402,06,113,4,9,Yolo County                   ,34,34,9775106,0,0,0,0,0,0,1,5,493503,34,34,9775106,0,0,0,0,0,0,0,0,0
201402,08,001,4,8,Adams County                  ,133,133,27929458,0,0,0,0,0,0,1,6,710046,123,123,25979654,0,0,0,0,0,0,1,6,710046
201402,08,005,4,8,Arapahoe County               ,217,217,53883845,0,0,0,0,0,0,0,0,0,215,215,50517845,0,0,0,0,0,0,0,0,0
201402,08,014,4,8,Broomfield County             ,84,84,27898025,0,0,0,0,0,0,0,0,0,84,84,27898025,0,0,0,0,0,0,0,0,0
201402,08,015,4,8,Chaffee County                ,11,11,2232250,0,0,0,0,0,0,0,0,0,11,11,2232250,0,0,0,0,0,0,0,0,0
201402,08,019,4,8,Clear Creek County            ,0,0,0,0,0,0,0,0,0,0,0,0,0,0,0,0,0,0,0,0,0,0,0,0
201402,08,023,4,8,Costilla County               ,4,4,907588,0,0,0,0,0,0,0,0,0,0,0,0,0,0,0,0,0,0,0,0,0
201402,08,031,4,8,Denver County                 ,347,347,84509401,21,42,8792452,0,0,0,21,739,69340851,347,347,84509401,21,42,8792452,0,0,0,21,739,69340851
201402,08,033,4,8,Dolores County                ,0,0,0,0,0,0,0,0,0,0,0,0,0,0,0,0,0,0,0,0,0,0,0,0
201402,08,035,4,8,Douglas County                ,324,324,89305271,0,0,0,0,0,0,0,0,0,324,324,89305271,0,0,0,0,0,0,0,0,0
201402,08,039,4,8,Elbert County                 ,15,15,4904425,0,0,0,0,0,0,0,0,0,14,14,4743995,0,0,0,0,0,0,0,0,0
201402,08,041,4,8,El Paso County                ,361,361,151482864,0,0,0,0,0,0,0,0,0,361,361,151482864,0,0,0,0,0,0,0,0,0
201402,08,047,4,8,Gilpin County                 ,0,0,0,0,0,0,0,0,0,0,0,0,0,0,0,0,0,0,0,0,0,0,0,0
201402,08,049,4,8,Grand County                  ,11,11,3190568,0,0,0,0,0,0,1,5,552045,3,3,1299162,0,0,0,0,0,0,0,0,0
201402,08,059,4,8,Jefferson County              ,109,109,29520890,5,10,1650169,6,18,1349706,9,232,27762333,109,109,29520890,5,10,1650169,6,18,1349706,9,232,27762333
201402,08,069,4,8,Larimer County                ,158,158,41154584,3,6,1046062,2,8,1350000,5,30,3939503,158,158,41154584,3,6,1046062,2,8,1350000,5,30,3939503
201402,08,077,4,8,Mesa County                   ,52,52,13280594,0,0,0,0,0,0,0,0,0,52,52,13280594,0,0,0,0,0,0,0,0,0
201402,08,093,4,8,Park County                   ,8,8,1338289,0,0,0,0,0,0,0,0,0,8,8,1338289,0,0,0,0,0,0,0,0,0
201402,08,101,4,8,Pueblo County                 ,38,38,7550026,0,0,0,0,0,0,0,0,0,38,38,7550026,0,0,0,0,0,0,0,0,0
201402,08,107,4,8,Routt County                  ,3,3,3036173,0,0,0,0,0,0,0,0,0,3,3,3036173,0,0,0,0,0,0,0,0,0
201402,08,119,4,8,Teller County                 ,2,2,483283,0,0,0,0,0,0,0,0,0,2,2,483283,0,0,0,0,0,0,0,0,0
201402,08,123,4,8,Weld County                   ,257,257,58227291,0,0,0,0,0,0,9,67,8971806,187,187,40503157,0,0,0,0,0,0,8,62,8077556
201402,10,001,3,5,Kent County                   ,112,112,19206780,0,0,0,0,0,0,0,0,0,112,112,19206780,0,0,0,0,0,0,0,0,0
201402,10,003,3,5,New Castle County             ,143,143,13539233,0,0,0,0,0,0,4,63,4846913,71,71,7288574,0,0,0,0,0,0,0,0,0
201402,10,005,3,5,Sussex County                 ,332,332,47316890,8,16,516990,0,0,0,1,6,699504,332,332,47316890,8,16,516990,0,0,0,1,6,699504
201402,11,001,3,5,Washington  DC                ,57,57,11695236,3,6,526280,2,8,713500,6,1078,82770996,57,57,11695236,3,6,526280,2,8,713500,6,1078,82770996
201402,12,003,3,5,Baker County                  ,3,3,601413,0,0,0,0,0,0,0,0,0,3,3,601413,0,0,0,0,0,0,0,0,0
201402,12,009,3,5,Brevard County                ,189,189,61764746,1,2,100000,0,0,0,0,0,0,188,188,61190613,1,2,100000,0,0,0,0,0,0
201402,12,011,3,5,Broward County                ,129,129,34478329,1,2,376500,1,4,774560,6,257,19681196,121,121,32710579,1,2,376500,1,4,774560,3,173,15985371
201402,12,013,3,5,Calhoun County                ,2,2,168500,0,0,0,0,0,0,0,0,0,2,2,168500,0,0,0,0,0,0,0,0,0
201402,12,015,3,5,Charlotte County              ,67,67,14442090,0,0,0,0,0,0,0,0,0,18,18,5543408,0,0,0,0,0,0,0,0,0
201402,12,019,3,5,Clay County                   ,113,113,20798835,2,4,340000,0,0,0,0,0,0,113,113,20798835,2,4,340000,0,0,0,0,0,0
201402,12,021,3,5,Collier County                ,250,250,82010491,0,0,0,6,22,2982589,4,42,5684930,145,145,56644473,0,0,0,4,16,2035000,2,18,2729900
201402,12,023,3,5,Columbia County               ,7,7,1007380,0,0,0,0,0,0,0,0,0,1,1,141050,0,0,0,0,0,0,0,0,0
201402,12,031,3,5,Duval County                  ,294,294,59560946,0,0,0,0,0,0,17,621,46650228,294,294,59560946,0,0,0,0,0,0,17,621,46650228
201402,12,033,3,5,Escambia County               ,87,87,18116053,0,0,0,0,0,0,0,0,0,87,87,18116053,0,0,0,0,0,0,0,0,0
201402,12,035,3,5,Flagler County                ,76,76,22715381,0,0,0,0,0,0,0,0,0,61,61,16868784,0,0,0,0,0,0,0,0,0
201402,12,037,3,5,Franklin County               ,1,1,275931,0,0,0,0,0,0,0,0,0,0,0,0,0,0,0,0,0,0,0,0,0
201402,12,041,3,5,Gilchrist County              ,2,2,200000,0,0,0,0,0,0,0,0,0,2,2,200000,0,0,0,0,0,0,0,0,0
201402,12,043,3,5,Glades County                 ,3,3,870718,0,0,0,0,0,0,0,0,0,3,3,870718,0,0,0,0,0,0,0,0,0
201402,12,047,3,5,Hamilton County               ,0,0,0,0,0,0,0,0,0,0,0,0,0,0,0,0,0,0,0,0,0,0,0,0
201402,12,049,3,5,Hardee County                 ,2,2,313944,0,0,0,0,0,0,0,0,0,0,0,0,0,0,0,0,0,0,0,0,0
201402,12,053,3,5,Hernando County               ,45,45,7255110,0,0,0,0,0,0,0,0,0,43,43,6874606,0,0,0,0,0,0,0,0,0
201402,12,055,3,5,Highlands County              ,16,16,3262305,0,0,0,0,0,0,0,0,0,16,16,3262305,0,0,0,0,0,0,0,0,0
201402,12,057,3,5,Hillsborough County           ,593,593,191419436,1,2,983254,2,6,305596,32,732,192112883,593,593,191419436,1,2,983254,2,6,305596,32,732,192112883
201402,12,061,3,5,Indian River County           ,98,98,37276765,0,0,0,0,0,0,0,0,0,92,92,36133138,0,0,0,0,0,0,0,0,0
201402,12,063,3,5,Jackson County                ,4,4,499721,0,0,0,0,0,0,0,0,0,0,0,0,0,0,0,0,0,0,0,0,0
201402,12,065,3,5,Jefferson County              ,6,6,1216106,0,0,0,0,0,0,0,0,0,6,6,1216106,0,0,0,0,0,0,0,0,0
201402,12,067,3,5,Lafayette County              ,2,2,382000,0,0,0,0,0,0,0,0,0,2,2,382000,0,0,0,0,0,0,0,0,0
201402,12,069,3,5,Lake County                   ,318,318,85861015,3,6,390000,0,0,0,27,571,59216520,243,243,64962046,3,6,390000,0,0,0,27,571,59216520
201402,12,071,3,5,Lee County                    ,425,425,98508059,10,20,2000000,10,32,10338695,6,162,22019469,425,425,98508059,10,20,2000000,10,32,10338695,6,162,22019469
201402,12,073,3,5,Leon County                   ,86,86,15468337,0,0,0,1,3,332000,4,137,12146310,47,47,9485006,0,0,0,0,0,0,0,0,0
201402,12,077,3,5,Liberty County                ,2,2,460000,0,0,0,0,0,0,0,0,0,2,2,460000,0,0,0,0,0,0,0,0,0
201402,12,081,3,5,Manatee County                ,308,308,73350285,0,0,0,8,28,3752184,2,39,3221616,308,308,73350285,0,0,0,8,28,3752184,2,39,3221616
201402,12,083,3,5,Marion County                 ,101,101,21089850,1,2,125000,1,3,120000,0,0,0,101,101,21089850,1,2,125000,1,3,120000,0,0,0
201402,12,085,3,5,Martin County                 ,62,62,35736232,0,0,0,0,0,0,0,0,0,61,61,33841505,0,0,0,0,0,0,0,0,0
201402,12,086,3,5,Miami-Dade County             ,222,222,68340221,7,14,1979778,0,0,0,29,1822,668164533,198,198,63845884,7,14,1979778,0,0,0,26,1800,640909139
201402,12,089,3,5,Nassau County                 ,103,103,27566752,0,0,0,0,0,0,0,0,0,103,103,27566752,0,0,0,0,0,0,0,0,0
201402,12,095,3,5,Orange County                 ,744,744,163309502,11,22,4423732,0,0,0,15,701,76350281,744,744,163309502,11,22,4423732,0,0,0,15,701,76350281
201402,12,097,3,5,Osceola County                ,481,481,113727426,0,0,0,4,16,714798,0,0,0,481,481,113727426,0,0,0,4,16,714798,0,0,0
201402,12,099,3,5,Palm Beach County             ,364,364,139901526,0,0,0,2,8,1643392,23,547,54436295,359,359,135942169,0,0,0,2,8,1643392,23,547,54436295
201402,12,101,3,5,Pasco County                  ,252,252,47667810,2,4,400905,0,0,0,15,627,32252457,250,250,47355432,2,4,400905,0,0,0,14,622,31782408
201402,12,103,3,5,Pinellas County               ,88,88,25174074,0,0,0,0,0,0,2,31,3247503,82,82,23690882,0,0,0,0,0,0,0,0,0
201402,12,105,3,5,Polk County                   ,352,352,66562026,0,0,0,0,0,0,0,0,0,350,350,66320272,0,0,0,0,0,0,0,0,0
201402,12,107,3,5,Putnam County                 ,9,9,1069400,0,0,0,0,0,0,0,0,0,9,9,1069400,0,0,0,0,0,0,0,0,0
201402,12,109,3,5,St. Johns County              ,407,407,115041133,0,0,0,0,0,0,0,0,0,407,407,115041133,0,0,0,0,0,0,0,0,0
201402,12,111,3,5,St. Lucie County              ,91,91,14780165,2,4,165528,0,0,0,15,262,33495615,89,89,14084005,2,4,165528,0,0,0,13,252,32026937
201402,12,113,3,5,Santa Rosa County             ,144,144,21031790,0,0,0,0,0,0,0,0,0,144,144,21031790,0,0,0,0,0,0,0,0,0
201402,12,115,3,5,Sarasota County               ,263,263,82337232,3,6,1334310,2,8,1869846,3,19,3737326,263,263,82337232,3,6,1334310,2,8,1869846,3,19,3737326
201402,12,117,3,5,Seminole County               ,118,118,44645378,0,0,0,0,0,0,1,5,1170817,104,104,40717740,0,0,0,0,0,0,0,0,0
201402,12,119,3,5,Sumter County                 ,597,597,164191616,0,0,0,0,0,0,0,0,0,597,597,164191616,0,0,0,0,0,0,0,0,0
201402,12,123,3,5,Taylor County                 ,3,3,324000,0,0,0,0,0,0,0,0,0,3,3,324000,0,0,0,0,0,0,0,0,0
201402,12,125,3,5,Union County                  ,6,6,691640,0,0,0,0,0,0,0,0,0,6,6,691640,0,0,0,0,0,0,0,0,0
201402,12,127,3,5,Volusia County                ,243,243,72882022,0,0,0,0,0,0,0,0,0,240,240,72065495,0,0,0,0,0,0,0,0,0
201402,12,129,3,5,Wakulla County                ,14,14,2001000,0,0,0,0,0,0,0,0,0,14,14,2001000,0,0,0,0,0,0,0,0,0
201402,12,131,3,5,Walton County                 ,180,180,69293609,0,0,0,0,0,0,2,60,5388276,180,180,69293609,0,0,0,0,0,0,2,60,5388276
201402,12,133,3,5,Washington County             ,4,4,842015,0,0,0,0,0,0,0,0,0,2,2,534379,0,0,0,0,0,0,0,0,0
201402,13,005,3,5,Bacon County                  ,0,0,0,0,0,0,0,0,0,0,0,0,0,0,0,0,0,0,0,0,0,0,0,0
201402,13,013,3,5,Barrow County                 ,51,51,6753629,0,0,0,0,0,0,1,5,273440,50,50,6659845,0,0,0,0,0,0,0,0,0
201402,13,015,3,5,Bartow County                 ,44,44,7302014,0,0,0,0,0,0,0,0,0,44,44,7302014,0,0,0,0,0,0,0,0,0
201402,13,029,3,5,Bryan County                  ,38,38,7211079,0,0,0,0,0,0,2,10,782584,20,20,4074807,0,0,0,0,0,0,0,0,0
201402,13,035,3,5,Butts County                  ,0,0,202215,0,0,0,0,0,0,0,0,0,0,0,202215,0,0,0,0,0,0,0,0,0
201402,13,045,3,5,Carroll County                ,10,10,1236773,0,0,0,0,0,0,0,0,0,10,10,1236773,0,0,0,0,0,0,0,0,0
201402,13,057,3,5,Cherokee County               ,206,206,45672467,0,0,0,0,0,0,0,0,0,206,206,45672467,0,0,0,0,0,0,0,0,0
201402,13,059,3,5,Clarke County                 ,25,25,4081341,0,0,0,0,0,0,0,0,0,25,25,4081341,0,0,0,0,0,0,0,0,0
201402,13,063,3,5,Clayton County                ,43,43,7811904,0,0,0,0,0,0,0,0,0,43,43,7811904,0,0,0,0,0,0,0,0,0
201402,13,067,3,5,Cobb County                   ,220,220,56804790,3,6,1333026,4,16,2768126,1,5,758335,216,216,55286824,3,6,1333026,4,16,2768126,1,5,758335
201402,13,077,3,5,Coweta County                 ,96,96,28207912,0,0,0,0,0,0,0,0,0,88,88,26769960,0,0,0,0,0,0,0,0,0
201402,13,085,3,5,Dawson County                 ,10,10,2808500,0,0,0,0,0,0,0,0,0,10,10,2808500,0,0,0,0,0,0,0,0,0
201402,13,089,3,5,DeKalb County                 ,41,41,11285394,0,0,0,0,0,0,0,0,0,29,29,6676248,0,0,0,0,0,0,0,0,0
201402,13,095,3,5,Dougherty County              ,6,6,659418,2,4,300220,0,0,0,0,0,0,0,0,0,0,0,0,0,0,0,0,0,0
201402,13,097,3,5,Douglas County                ,38,38,4728003,0,0,0,0,0,0,0,0,0,38,38,4728003,0,0,0,0,0,0,0,0,0
201402,13,111,3,5,Fannin County                 ,20,20,3852868,0,0,0,0,0,0,0,0,0,20,20,3852868,0,0,0,0,0,0,0,0,0
201402,13,113,3,5,Fayette County                ,42,42,10908780,0,0,0,0,0,0,0,0,0,40,40,10228530,0,0,0,0,0,0,0,0,0
201402,13,117,3,5,Forsyth County                ,364,364,48498215,0,0,0,0,0,0,0,0,0,364,364,48498215,0,0,0,0,0,0,0,0,0
201402,13,121,3,5,Fulton County                 ,281,281,62162006,0,0,0,0,0,0,7,906,121412000,278,278,61422185,0,0,0,0,0,0,7,906,121412000
201402,13,127,3,5,Glynn County                  ,68,68,17485240,0,0,0,0,0,0,0,0,0,0,0,0,0,0,0,0,0,0,0,0,0
201402,13,133,3,5,Greene County                 ,23,23,12766020,0,0,0,0,0,0,0,0,0,23,23,12766020,0,0,0,0,0,0,0,0,0
201402,13,135,3,5,Gwinnett County               ,346,346,62210107,0,0,0,0,0,0,1,62,4613167,216,216,44421912,0,0,0,0,0,0,0,0,0
201402,13,143,3,5,Haralson County               ,3,3,547105,0,0,0,0,0,0,0,0,0,0,0,0,0,0,0,0,0,0,0,0,0
201402,13,145,3,5,Harris County                 ,14,14,3981835,0,0,0,0,0,0,0,0,0,14,14,3981835,0,0,0,0,0,0,0,0,0
201402,13,149,3,5,Heard County                  ,3,3,403104,0,0,0,0,0,0,0,0,0,0,0,0,0,0,0,0,0,0,0,0,0
201402,13,151,3,5,Henry County                  ,132,132,25458868,0,0,0,0,0,0,0,0,0,128,128,24959846,0,0,0,0,0,0,0,0,0
201402,13,159,3,5,Jasper County                 ,8,8,1071844,0,0,0,0,0,0,0,0,0,0,0,0,0,0,0,0,0,0,0,0,0
201402,13,169,3,5,Jones County                  ,2,2,435000,0,0,0,0,0,0,0,0,0,2,2,435000,0,0,0,0,0,0,0,0,0
201402,13,171,3,5,Lamar County                  ,1,1,101800,0,0,0,0,0,0,0,0,0,1,1,101800,0,0,0,0,0,0,0,0,0
201402,13,177,3,5,Lee County                    ,20,20,2181906,0,0,0,0,0,0,0,0,0,8,8,810485,0,0,0,0,0,0,0,0,0
201402,13,189,3,5,McDuffie County               ,2,2,370193,0,0,0,0,0,0,0,0,0,1,1,210000,0,0,0,0,0,0,0,0,0
201402,13,199,3,5,Meriwether County             ,2,2,410360,0,0,0,0,0,0,0,0,0,2,2,410360,0,0,0,0,0,0,0,0,0
201402,13,211,3,5,Morgan County                 ,9,9,2763680,0,0,0,0,0,0,0,0,0,9,9,2763680,0,0,0,0,0,0,0,0,0
201402,13,213,3,5,Murray County                 ,2,2,362394,0,0,0,0,0,0,0,0,0,0,0,0,0,0,0,0,0,0,0,0,0
201402,13,215,3,5,Muscogee County               ,48,48,5081111,0,0,0,2,7,317964,3,36,2730528,0,0,0,0,0,0,0,0,0,0,0,0
201402,13,217,3,5,Newton County                 ,31,31,3873891,0,0,0,0,0,0,0,0,0,20,20,2828000,0,0,0,0,0,0,0,0,0
201402,13,223,3,5,Paulding County               ,138,138,14974154,0,0,0,0,0,0,0,0,0,121,121,12070758,0,0,0,0,0,0,0,0,0
201402,13,227,3,5,Pickens County                ,6,6,1746000,0,0,0,0,0,0,0,0,0,6,6,1746000,0,0,0,0,0,0,0,0,0
201402,13,231,3,5,Pike County                   ,4,4,515000,0,0,0,0,0,0,0,0,0,4,4,515000,0,0,0,0,0,0,0,0,0
201402,13,237,3,5,Putnam County                 ,7,7,1265000,0,0,0,0,0,0,0,0,0,7,7,1265000,0,0,0,0,0,0,0,0,0
201402,13,239,3,5,Quitman County                ,1,1,98000,0,0,0,0,0,0,0,0,0,1,1,98000,0,0,0,0,0,0,0,0,0
201402,13,247,3,5,Rockdale County               ,5,5,1193721,0,0,0,0,0,0,0,0,0,5,5,1193721,0,0,0,0,0,0,0,0,0
201402,13,255,3,5,Spalding County               ,21,21,2023502,0,0,0,0,0,0,0,0,0,21,21,2023502,0,0,0,0,0,0,0,0,0
201402,13,291,3,5,Union County                  ,9,9,1846617,0,0,0,0,0,0,0,0,0,9,9,1846617,0,0,0,0,0,0,0,0,0
201402,13,293,3,5,Upson County                  ,3,3,730000,0,0,0,0,0,0,0,0,0,3,3,730000,0,0,0,0,0,0,0,0,0
201402,13,297,3,5,Walton County                 ,19,19,2571950,0,0,0,0,0,0,0,0,0,19,19,2571950,0,0,0,0,0,0,0,0,0
201402,13,313,3,5,Whitfield County              ,6,6,741164,0,0,0,0,0,0,0,0,0,0,0,0,0,0,0,0,0,0,0,0,0
201402,13,321,3,5,Worth County                  ,1,1,140000,0,0,0,0,0,0,0,0,0,1,1,140000,0,0,0,0,0,0,0,0,0
201402,15,001,4,9,Hawaii County                 ,135,135,47091170,0,0,0,0,0,0,0,0,0,135,135,47091170,0,0,0,0,0,0,0,0,0
201402,15,003,4,9,Honolulu County               ,86,86,30003019,0,0,0,0,0,0,0,0,0,86,86,30003019,0,0,0,0,0,0,0,0,0
201402,15,007,4,9,Kauai County                  ,19,19,9508584,0,0,0,0,0,0,0,0,0,0,0,0,0,0,0,0,0,0,0,0,0
201402,15,009,4,9,Maui County                   ,61,61,14504517,1,2,296420,0,0,0,0,0,0,61,61,14504517,1,2,296420,0,0,0,0,0,0
201402,16,001,4,8,Ada County                    ,406,406,100832942,0,0,0,0,0,0,6,189,25959169,379,379,95420654,0,0,0,0,0,0,6,189,25959169
201402,16,015,4,8,Boise County                  ,1,1,415676,0,0,0,0,0,0,0,0,0,1,1,415676,0,0,0,0,0,0,0,0,0
201402,16,027,4,8,Canyon County                 ,118,118,20996670,2,4,192384,0,0,0,1,16,1003718,118,118,20996670,2,4,192384,0,0,0,1,16,1003718
201402,16,045,4,8,Gem County                    ,5,5,662351,0,0,0,0,0,0,0,0,0,5,5,662351,0,0,0,0,0,0,0,0,0
201402,16,073,4,8,Owyhee County                 ,2,2,297035,0,0,0,0,0,0,0,0,0,2,2,297035,0,0,0,0,0,0,0,0,0
201402,17,005,2,3,Bond County                   ,2,2,296786,0,0,0,0,0,0,0,0,0,1,1,150000,0,0,0,0,0,0,0,0,0
201402,17,013,2,3,Calhoun County                ,0,0,0,0,0,0,0,0,0,0,0,0,0,0,0,0,0,0,0,0,0,0,0,0
201402,17,027,2,3,Clinton County                ,8,8,1550257,0,0,0,0,0,0,0,0,0,8,8,1550257,0,0,0,0,0,0,0,0,0
201402,17,031,2,3,Cook County                   ,120,120,42553525,3,6,1599100,27,84,14686384,22,324,55067286,108,108,37161863,3,6,1599100,27,84,14686384,20,313,53267321
201402,17,037,2,3,DeKalb County                 ,2,2,241862,0,0,0,0,0,0,0,0,0,0,0,0,0,0,0,0,0,0,0,0,0
201402,17,039,2,3,De Witt County                ,2,2,590000,0,0,0,0,0,0,0,0,0,2,2,590000,0,0,0,0,0,0,0,0,0
201402,17,043,2,3,DuPage County                 ,127,127,44429086,0,0,0,0,0,0,0,0,0,123,123,42307563,0,0,0,0,0,0,0,0,0
201402,17,063,2,3,Grundy County                 ,3,3,591799,0,0,0,0,0,0,3,15,769230,1,1,170000,0,0,0,0,0,0,0,0,0
201402,17,083,2,3,Jersey County                 ,2,2,329564,0,0,0,0,0,0,0,0,0,1,1,171558,0,0,0,0,0,0,0,0,0
201402,17,089,2,3,Kane County                   ,108,108,20749709,1,2,214054,1,3,350250,1,5,762195,89,89,17422496,0,0,0,0,0,0,0,0,0
201402,17,093,2,3,Kendall County                ,16,16,2573647,0,0,0,0,0,0,0,0,0,16,16,2573647,0,0,0,0,0,0,0,0,0
201402,17,097,2,3,Lake County                   ,49,49,17060748,0,0,0,0,0,0,0,0,0,35,35,12412771,0,0,0,0,0,0,0,0,0
201402,17,111,2,3,McHenry County                ,39,39,8221131,0,0,0,0,0,0,2,68,7963301,38,38,8060962,0,0,0,0,0,0,1,63,7345800
201402,17,117,2,3,Macoupin County               ,4,4,805712,0,0,0,0,0,0,0,0,0,0,0,0,0,0,0,0,0,0,0,0,0
201402,17,119,2,3,Madison County                ,23,23,6034239,1,2,157954,0,0,0,0,0,0,22,22,5821119,1,2,157954,0,0,0,0,0,0
201402,17,133,2,3,Monroe County                 ,9,9,2157541,2,4,200000,0,0,0,0,0,0,9,9,2157541,2,4,200000,0,0,0,0,0,0
201402,17,163,2,3,St. Clair County              ,53,53,11244304,0,0,0,0,0,0,2,14,1668423,25,25,5516846,0,0,0,0,0,0,0,0,0
201402,17,197,2,3,Will County                   ,75,75,19768189,0,0,0,0,0,0,0,0,0,65,65,18088707,0,0,0,0,0,0,0,0,0
201402,18,001,2,3,Adams County                  ,6,6,1190406,0,0,0,0,0,0,0,0,0,5,5,999384,0,0,0,0,0,0,0,0,0
201402,18,003,2,3,Allen County                  ,57,57,13832607,0,0,0,0,0,0,3,24,1104000,57,57,13832607,0,0,0,0,0,0,3,24,1104000
201402,18,011,2,3,Boone County                  ,54,54,11991359,0,0,0,0,0,0,1,5,274690,44,44,8903388,0,0,0,0,0,0,0,0,0
201402,18,013,2,3,Brown County                  ,4,4,845652,1,2,205718,0,0,0,0,0,0,0,0,0,0,0,0,0,0,0,0,0,0
201402,18,019,2,3,Clark County                  ,53,53,10255728,0,0,0,0,0,0,1,8,398000,50,50,10125007,0,0,0,0,0,0,1,8,398000
201402,18,029,2,3,Dearborn County               ,4,4,690000,0,0,0,0,0,0,0,0,0,4,4,690000,0,0,0,0,0,0,0,0,0
201402,18,043,2,3,Floyd County                  ,11,11,2392525,0,0,0,0,0,0,0,0,0,7,7,1811027,0,0,0,0,0,0,0,0,0
201402,18,047,2,3,Franklin County               ,2,2,550000,0,0,0,0,0,0,0,0,0,2,2,550000,0,0,0,0,0,0,0,0,0
201402,18,049,2,3,Fulton County                 ,0,0,0,0,0,0,0,0,0,0,0,0,0,0,0,0,0,0,0,0,0,0,0,0
201402,18,057,2,3,Hamilton County               ,292,292,77189866,0,0,0,0,0,0,3,30,3375000,291,291,77079635,0,0,0,0,0,0,3,30,3375000
201402,18,059,2,3,Hancock County                ,45,45,6923423,0,0,0,0,0,0,0,0,0,45,45,6923423,0,0,0,0,0,0,0,0,0
201402,18,061,2,3,Harrison County               ,6,6,1095000,0,0,0,0,0,0,0,0,0,6,6,1095000,0,0,0,0,0,0,0,0,0
201402,18,063,2,3,Hendricks County              ,74,74,14723683,0,0,0,3,12,1541306,0,0,0,64,64,12899996,0,0,0,3,12,1541306,0,0,0
201402,18,065,2,3,Henry County                  ,0,0,0,0,0,0,0,0,0,0,0,0,0,0,0,0,0,0,0,0,0,0,0,0
201402,18,069,2,3,Huntington County             ,2,2,351319,0,0,0,0,0,0,0,0,0,2,2,351319,0,0,0,0,0,0,0,0,0
201402,18,073,2,3,Jasper County                 ,2,2,450257,0,0,0,0,0,0,0,0,0,2,2,450257,0,0,0,0,0,0,0,0,0
201402,18,079,2,3,Jennings County               ,1,1,129000,0,0,0,0,0,0,0,0,0,1,1,129000,0,0,0,0,0,0,0,0,0
201402,18,081,2,3,Johnson County                ,95,95,18421578,0,0,0,0,0,0,0,0,0,93,93,18190440,0,0,0,0,0,0,0,0,0
201402,18,087,2,3,Lagrange County               ,11,11,1111000,0,0,0,0,0,0,0,0,0,11,11,1111000,0,0,0,0,0,0,0,0,0
201402,18,089,2,3,Lake County                   ,56,56,13176151,1,2,200000,0,0,0,0,0,0,54,54,12731348,1,2,200000,0,0,0,0,0,0
201402,18,097,2,3,Marion County                 ,63,63,12250867,1,2,229070,0,0,0,0,0,0,59,59,11666177,1,2,229070,0,0,0,0,0,0
201402,18,105,2,3,Monroe County                 ,19,19,3695968,3,6,687211,0,0,0,2,41,3640330,9,9,1982310,3,6,687211,0,0,0,1,32,2861920
201402,18,109,2,3,Morgan County                 ,6,6,885700,0,0,0,0,0,0,0,0,0,6,6,885700,0,0,0,0,0,0,0,0,0
201402,18,111,2,3,Newton County                 ,0,0,0,0,0,0,0,0,0,0,0,0,0,0,0,0,0,0,0,0,0,0,0,0
201402,18,115,2,3,Ohio County                   ,1,1,35000,0,0,0,0,0,0,0,0,0,1,1,35000,0,0,0,0,0,0,0,0,0
201402,18,125,2,3,Pike County                   ,2,2,320000,0,0,0,0,0,0,0,0,0,2,2,320000,0,0,0,0,0,0,0,0,0
201402,18,127,2,3,Porter County                 ,21,21,6428105,0,0,0,0,0,0,1,16,1723979,21,21,6428105,0,0,0,0,0,0,1,16,1723979
201402,18,133,2,3,Putnam County                 ,1,1,103900,0,0,0,0,0,0,0,0,0,1,1,103900,0,0,0,0,0,0,0,0,0
201402,18,145,2,3,Shelby County                 ,0,0,0,0,0,0,2,6,0,0,0,0,0,0,0,0,0,0,0,0,0,0,0,0
201402,18,155,2,3,Switzerland County            ,2,2,116532,0,0,0,0,0,0,0,0,0,0,0,0,0,0,0,0,0,0,0,0,0
201402,18,157,2,3,Tippecanoe County             ,92,92,12073510,0,0,0,0,0,0,0,0,0,92,92,12073510,0,0,0,0,0,0,0,0,0
201402,18,163,2,3,Vanderburgh County            ,23,23,3344000,0,0,0,0,0,0,0,0,0,23,23,3344000,0,0,0,0,0,0,0,0,0
201402,18,167,2,3,Vigo County                   ,7,7,1309357,0,0,0,0,0,0,0,0,0,7,7,1309357,0,0,0,0,0,0,0,0,0
201402,18,175,2,3,Washington County             ,5,5,833006,0,0,0,0,0,0,0,0,0,0,0,0,0,0,0,0,0,0,0,0,0
201402,18,179,2,3,Wells County                  ,2,2,440513,0,0,0,0,0,0,0,0,0,2,2,440513,0,0,0,0,0,0,0,0,0
201402,18,181,2,3,White County                  ,0,0,0,0,0,0,0,0,0,0,0,0,0,0,0,0,0,0,0,0,0,0,0,0
201402,18,183,2,3,Whitley County                ,5,5,757000,0,0,0,0,0,0,0,0,0,5,5,757000,0,0,0,0,0,0,0,0,0
201402,19,049,2,4,Dallas County                 ,29,29,6813927,0,0,0,0,0,0,0,0,0,29,29,6813927,0,0,0,0,0,0,0,0,0
201402,19,077,2,4,Guthrie County                ,2,2,502520,0,0,0,0,0,0,0,0,0,0,0,0,0,0,0,0,0,0,0,0,0
201402,19,085,2,4,Harrison County               ,0,0,0,0,0,0,1,3,330000,0,0,0,0,0,0,0,0,0,0,0,0,0,0,0
201402,19,121,2,4,Madison County                ,4,4,960444,0,0,0,0,0,0,0,0,0,0,0,0,0,0,0,0,0,0,0,0,0
201402,19,129,2,4,Mills County                  ,0,0,0,0,0,0,0,0,0,0,0,0,0,0,0,0,0,0,0,0,0,0,0,0
201402,19,153,2,4,Polk County                   ,101,101,24038603,0,0,0,0,0,0,8,213,30373170,101,101,24038603,0,0,0,0,0,0,8,213,30373170
201402,19,155,2,4,Pottawattamie County          ,4,4,664612,0,0,0,0,0,0,0,0,0,3,3,437279,0,0,0,0,0,0,0,0,0
201402,19,181,2,4,Warren County                 ,5,5,2250434,0,0,0,0,0,0,0,0,0,5,5,2250434,0,0,0,0,0,0,0,0,0
201402,20,055,2,4,Finney County                 ,1,1,140000,0,0,0,0,0,0,0,0,0,1,1,140000,0,0,0,0,0,0,0,0,0
201402,20,059,2,4,Franklin County               ,4,4,1294773,2,4,332108,0,0,0,0,0,0,4,4,1294773,2,4,332108,0,0,0,0,0,0
201402,20,063,2,4,Gove County                   ,0,0,0,0,0,0,0,0,0,0,0,0,0,0,0,0,0,0,0,0,0,0,0,0
201402,20,091,2,4,Johnson County                ,150,150,44255858,1,2,338578,1,3,488182,40,402,58285399,87,87,26572193,0,0,0,0,0,0,40,402,58285399
201402,20,103,2,4,Leavenworth County            ,22,22,3582683,0,0,0,0,0,0,0,0,0,20,20,3305231,0,0,0,0,0,0,0,0,0
201402,20,107,2,4,Linn County                   ,4,4,515000,0,0,0,0,0,0,0,0,0,4,4,515000,0,0,0,0,0,0,0,0,0
201402,20,121,2,4,Miami County                  ,4,4,1432531,0,0,0,0,0,0,0,0,0,1,1,800000,0,0,0,0,0,0,0,0,0
201402,20,129,2,4,Morton County                 ,0,0,0,0,0,0,0,0,0,0,0,0,0,0,0,0,0,0,0,0,0,0,0,0
201402,20,151,2,4,Pratt County                  ,0,0,0,0,0,0,0,0,0,0,0,0,0,0,0,0,0,0,0,0,0,0,0,0
201402,20,183,2,4,Smith County                  ,0,0,0,0,0,0,0,0,0,0,0,0,0,0,0,0,0,0,0,0,0,0,0,0
201402,20,209,2,4,Wyandotte County              ,38,38,6695876,0,0,0,0,0,0,0,0,0,38,38,6695876,0,0,0,0,0,0,0,0,0
201402,21,005,3,6,Anderson County               ,1,1,177360,0,0,0,0,0,0,0,0,0,1,1,177360,0,0,0,0,0,0,0,0,0
201402,21,015,3,6,Boone County                  ,45,45,7228745,0,0,0,0,0,0,0,0,0,45,45,7228745,0,0,0,0,0,0,0,0,0
201402,21,021,3,6,Boyle County                  ,2,2,296000,0,0,0,0,0,0,0,0,0,2,2,296000,0,0,0,0,0,0,0,0,0
201402,21,029,3,6,Bullitt County                ,11,11,2695008,0,0,0,0,0,0,0,0,0,11,11,2695008,0,0,0,0,0,0,0,0,0
201402,21,037,3,6,Campbell County               ,28,28,5121582,0,0,0,0,0,0,0,0,0,28,28,5121582,0,0,0,0,0,0,0,0,0
201402,21,049,3,6,Clark County                  ,2,2,358500,0,0,0,0,0,0,0,0,0,0,0,0,0,0,0,0,0,0,0,0,0
201402,21,053,3,6,Clinton County                ,0,0,0,0,0,0,0,0,0,0,0,0,0,0,0,0,0,0,0,0,0,0,0,0
201402,21,059,3,6,Daviess County                ,19,19,2222741,0,0,0,0,0,0,0,0,0,19,19,2222741,0,0,0,0,0,0,0,0,0
201402,21,067,3,6,Fayette County                ,139,139,19252940,2,4,284000,0,0,0,6,209,16680048,0,0,0,0,0,0,0,0,0,0,0,0
201402,21,077,3,6,Gallatin County               ,2,2,262324,0,0,0,0,0,0,0,0,0,0,0,0,0,0,0,0,0,0,0,0,0
201402,21,081,3,6,Grant County                  ,5,5,720345,0,0,0,0,0,0,0,0,0,0,0,0,0,0,0,0,0,0,0,0,0
201402,21,103,3,6,Henry County                  ,1,1,105000,0,0,0,0,0,0,0,0,0,1,1,105000,0,0,0,0,0,0,0,0,0
201402,21,111,3,6,Jefferson County              ,114,114,25376635,2,4,700000,2,6,540125,32,573,33782490,34,34,7996605,2,4,700000,1,3,250000,27,447,27910116
201402,21,113,3,6,Jessamine County              ,20,20,4969260,0,0,0,1,3,382500,0,0,0,0,0,0,0,0,0,0,0,0,0,0,0
201402,21,117,3,6,Kenton County                 ,40,40,7338333,0,0,0,0,0,0,0,0,0,40,40,7338333,0,0,0,0,0,0,0,0,0
201402,21,137,3,6,Lincoln County                ,4,4,770574,0,0,0,0,0,0,0,0,0,4,4,770574,0,0,0,0,0,0,0,0,0
201402,21,151,3,6,Madison County                ,15,15,1381660,3,6,177500,0,0,0,3,17,547144,3,3,345000,3,6,177500,0,0,0,1,7,210000
201402,21,157,3,6,Marshall County               ,2,2,302784,0,0,0,0,0,0,3,18,1000001,0,0,0,0,0,0,0,0,0,0,0,0
201402,21,163,3,6,Meade County                  ,9,9,1360633,0,0,0,0,0,0,0,0,0,4,4,581000,0,0,0,0,0,0,0,0,0
201402,21,167,3,6,Mercer County                 ,4,4,558534,2,4,275000,0,0,0,0,0,0,0,0,0,0,0,0,0,0,0,0,0,0
201402,21,179,3,6,Nelson County                 ,19,19,2586000,0,0,0,0,0,0,0,0,0,19,19,2586000,0,0,0,0,0,0,0,0,0
201402,21,185,3,6,Oldham County                 ,31,31,6434496,0,0,0,0,0,0,0,0,0,0,0,0,0,0,0,0,0,0,0,0,0
201402,21,191,3,6,Pendleton County              ,0,0,0,0,0,0,0,0,0,0,0,0,0,0,0,0,0,0,0,0,0,0,0,0
201402,21,205,3,6,Rowan County                  ,0,0,0,0,0,0,0,0,0,0,0,0,0,0,0,0,0,0,0,0,0,0,0,0
201402,21,209,3,6,Scott County                  ,28,28,4271492,0,0,0,1,4,320000,0,0,0,28,28,4271492,0,0,0,1,4,320000,0,0,0
201402,21,211,3,6,Shelby County                 ,18,18,3688292,0,0,0,1,4,250000,0,0,0,18,18,3688292,0,0,0,1,4,250000,0,0,0
201402,21,213,3,6,Simpson County                ,1,1,147000,0,0,0,0,0,0,0,0,0,1,1,147000,0,0,0,0,0,0,0,0,0
201402,21,215,3,6,Spencer County                ,8,8,1603828,0,0,0,0,0,0,0,0,0,8,8,1603828,0,0,0,0,0,0,0,0,0
201402,21,221,3,6,Trigg County                  ,0,0,0,0,0,0,0,0,0,0,0,0,0,0,0,0,0,0,0,0,0,0,0,0
201402,21,239,3,6,Woodford County               ,12,12,2018645,0,0,0,0,0,0,0,0,0,12,12,2018645,0,0,0,0,0,0,0,0,0
201402,22,009,3,7,Avoyelles Parish              ,8,8,1514873,0,0,0,0,0,0,0,0,0,8,8,1514873,0,0,0,0,0,0,0,0,0
201402,22,017,3,7,Caddo Parish                  ,37,37,10442925,0,0,0,0,0,0,0,0,0,37,37,10442925,0,0,0,0,0,0,0,0,0
201402,22,039,3,7,Evangeline Parish             ,15,15,1689493,3,6,168000,0,0,0,0,0,0,14,14,1496850,3,6,168000,0,0,0,0,0,0
201402,22,051,3,7,Jefferson Parish              ,49,49,12527292,0,0,0,0,0,0,0,0,0,46,46,11805518,0,0,0,0,0,0,0,0,0
201402,22,071,3,7,Orleans Parish                ,89,89,22025378,6,12,692000,15,60,5625000,0,0,0,89,89,22025378,6,12,692000,15,60,5625000,0,0,0
201402,22,075,3,7,Plaquemines Parish            ,14,14,2625750,0,0,0,0,0,0,0,0,0,14,14,2625750,0,0,0,0,0,0,0,0,0
201402,22,077,3,7,Pointe Coupee Parish          ,6,6,1326056,0,0,0,0,0,0,0,0,0,6,6,1326056,0,0,0,0,0,0,0,0,0
201402,22,087,3,7,St. Bernard Parish            ,7,7,1269000,0,0,0,0,0,0,0,0,0,7,7,1269000,0,0,0,0,0,0,0,0,0
201402,22,089,3,7,St. Charles Parish            ,19,19,4560000,0,0,0,0,0,0,0,0,0,0,0,0,0,0,0,0,0,0,0,0,0
201402,22,091,3,7,St. Helena Parish             ,0,0,0,0,0,0,0,0,0,0,0,0,0,0,0,0,0,0,0,0,0,0,0,0
201402,22,095,3,7,St. John the Baptist Parish   ,7,7,1126196,0,0,0,0,0,0,0,0,0,3,3,447500,0,0,0,0,0,0,0,0,0
201402,22,103,3,7,St. Tammany Parish            ,197,197,42675517,0,0,0,0,0,0,0,0,0,194,194,41285278,0,0,0,0,0,0,0,0,0
201402,22,105,3,7,Tangipahoa Parish             ,67,67,8629112,0,0,0,0,0,0,0,0,0,61,61,7999112,0,0,0,0,0,0,0,0,0
201402,22,109,3,7,Terrebonne Parish             ,41,41,13082560,0,0,0,0,0,0,0,0,0,41,41,13082560,0,0,0,0,0,0,0,0,0
201402,22,117,3,7,Washington Parish             ,8,8,1654000,0,0,0,0,0,0,0,0,0,8,8,1654000,0,0,0,0,0,0,0,0,0
201402,23,000,1,1,Maine Unorganized Territory   ,7,7,929602,0,0,0,0,0,0,0,0,0,0,0,0,0,0,0,0,0,0,0,0,0
201402,24,003,3,5,Anne Arundel County           ,246,246,49243984,0,0,0,0,0,0,7,35,1400000,235,235,47402352,0,0,0,0,0,0,7,35,1400000
201402,24,005,3,5,Baltimore County              ,73,73,14310388,1,2,400000,0,0,0,0,0,0,73,73,14310388,1,2,400000,0,0,0,0,0,0
201402,24,009,3,5,Calvert County                ,35,35,6918553,0,0,0,0,0,0,0,0,0,10,10,1926434,0,0,0,0,0,0,0,0,0
201402,24,013,3,5,Carroll County                ,44,44,9539868,0,0,0,0,0,0,0,0,0,44,44,9539868,0,0,0,0,0,0,0,0,0
201402,24,015,3,5,Cecil County                  ,18,18,3719620,0,0,0,0,0,0,0,0,0,18,18,3719620,0,0,0,0,0,0,0,0,0
201402,24,017,3,5,Charles County                ,114,114,29972295,0,0,0,0,0,0,0,0,0,114,114,29972295,0,0,0,0,0,0,0,0,0
201402,24,021,3,5,Frederick County              ,127,127,23210374,0,0,0,0,0,0,5,131,5144103,127,127,23210374,0,0,0,0,0,0,5,131,5144103
201402,24,023,3,5,Garrett County                ,1,1,204000,0,0,0,0,0,0,0,0,0,1,1,204000,0,0,0,0,0,0,0,0,0
201402,24,025,3,5,Harford County                ,84,84,16819979,0,0,0,0,0,0,3,72,9300000,77,77,15055331,0,0,0,0,0,0,3,72,9300000
201402,24,027,3,5,Howard County                 ,116,116,23236704,0,0,0,0,0,0,0,0,0,116,116,23236704,0,0,0,0,0,0,0,0,0
201402,24,031,3,5,Montgomery County             ,187,187,37557648,6,12,832314,0,0,0,7,789,112122068,83,83,16496321,0,0,0,0,0,0,3,562,91003558
201402,24,033,3,5,Prince George County          ,151,151,29866398,0,0,0,0,0,0,0,0,0,151,151,29866398,0,0,0,0,0,0,0,0,0
201402,24,035,3,5,Queen Anne County             ,26,26,4845923,0,0,0,0,0,0,0,0,0,26,26,4845923,0,0,0,0,0,0,0,0,0
201402,24,510,3,5,Baltimore (Independent City)  ,30,30,4045344,0,0,0,0,0,0,2,114,10960034,0,0,0,0,0,0,0,0,0,0,0,0
201402,25,009,1,1,Essex County                  ,96,96,28869075,3,6,519333,3,9,1275000,2,69,10269482,60,60,18325316,2,4,296000,3,9,1275000,1,55,7049482
201402,25,017,1,1,Middlesex County              ,168,168,55816807,3,6,963295,1,4,579295,7,209,24549815,135,135,47059995,3,6,963295,1,4,579295,2,152,15851990
201402,25,019,1,1,Nantucket County              ,20,20,9756210,0,0,0,0,0,0,0,0,0,20,20,9756210,0,0,0,0,0,0,0,0,0
201402,25,021,1,1,Norfolk County                ,91,91,37233845,0,0,0,0,0,0,5,28,2687150,73,73,31448212,0,0,0,0,0,0,0,0,0
201402,25,023,1,1,Plymouth County               ,147,147,34162281,0,0,0,4,13,1509386,3,123,21139706,132,132,31530671,0,0,0,2,7,918500,2,118,20647301
201402,25,025,1,1,Suffolk County                ,7,7,1583851,9,18,2207383,3,9,900000,14,664,152589170,6,6,1403329,6,12,1800000,3,9,900000,12,618,148221878
201402,26,000,2,3,Michigan Balance of State     ,7,7,1219826,0,0,0,0,0,0,0,0,0,7,7,1219826,0,0,0,0,0,0,0,0,0
201402,26,001,2,3,Alcona County                 ,1,1,100471,0,0,0,0,0,0,0,0,0,0,0,0,0,0,0,0,0,0,0,0,0
201402,26,009,2,3,Antrim County                 ,4,4,614660,0,0,0,0,0,0,0,0,0,4,4,614660,0,0,0,0,0,0,0,0,0
201402,26,015,2,3,Barry County                  ,12,12,2147287,0,0,0,0,0,0,0,0,0,2,2,656000,0,0,0,0,0,0,0,0,0
201402,26,019,2,3,Benzie County                 ,2,2,358532,0,0,0,0,0,0,0,0,0,2,2,358532,0,0,0,0,0,0,0,0,0
201402,26,029,2,3,Charlevoix County             ,4,4,1042674,0,0,0,0,0,0,0,0,0,0,0,0,0,0,0,0,0,0,0,0,0
201402,26,031,2,3,Cheboygan County              ,2,2,176003,0,0,0,0,0,0,0,0,0,2,2,176003,0,0,0,0,0,0,0,0,0
201402,26,047,2,3,Emmet County                  ,1,1,266173,0,0,0,0,0,0,0,0,0,1,1,266173,0,0,0,0,0,0,0,0,0
201402,26,051,2,3,Gladwin County                ,2,2,366682,0,0,0,0,0,0,0,0,0,2,2,366682,0,0,0,0,0,0,0,0,0
201402,26,059,2,3,Hillsdale County              ,2,2,373702,0,0,0,0,0,0,0,0,0,0,0,0,0,0,0,0,0,0,0,0,0
201402,26,067,2,3,Ionia County                  ,2,2,494536,0,0,0,0,0,0,0,0,0,1,1,317000,0,0,0,0,0,0,0,0,0
201402,26,079,2,3,Kalkaska County               ,0,0,0,0,0,0,0,0,0,0,0,0,0,0,0,0,0,0,0,0,0,0,0,0
201402,26,081,2,3,Kent County                   ,123,123,30134819,3,6,573333,0,0,0,0,0,0,111,111,27534371,2,4,430000,0,0,0,0,0,0
201402,26,085,2,3,Lake County                   ,3,3,86235,0,0,0,0,0,0,0,0,0,0,0,0,0,0,0,0,0,0,0,0,0
201402,26,087,2,3,Lapeer County                 ,8,8,1660000,0,0,0,0,0,0,0,0,0,8,8,1660000,0,0,0,0,0,0,0,0,0
201402,26,089,2,3,Leelanau County               ,5,5,812080,0,0,0,0,0,0,0,0,0,5,5,812080,0,0,0,0,0,0,0,0,0
201402,26,093,2,3,Livingston County             ,49,49,13160751,0,0,0,0,0,0,0,0,0,47,47,12956607,0,0,0,0,0,0,0,0,0
201402,26,099,2,3,Macomb County                 ,106,106,25482273,2,4,822798,0,0,0,0,0,0,105,105,25252973,2,4,822798,0,0,0,0,0,0
201402,26,103,2,3,Marquette County              ,0,0,0,0,0,0,0,0,0,0,0,0,0,0,0,0,0,0,0,0,0,0,0,0
201402,26,113,2,3,Missaukee County              ,0,0,0,0,0,0,0,0,0,0,0,0,0,0,0,0,0,0,0,0,0,0,0,0
201402,26,123,2,3,Newaygo County                ,0,0,0,0,0,0,0,0,0,0,0,0,0,0,0,0,0,0,0,0,0,0,0,0
201402,26,125,2,3,Oakland County                ,251,251,67476964,3,6,405894,4,16,360000,0,0,0,230,230,61180171,3,6,405894,4,16,360000,0,0,0
201402,26,129,2,3,Ogemaw County                 ,1,1,183341,0,0,0,0,0,0,0,0,0,1,1,183341,0,0,0,0,0,0,0,0,0
201402,26,133,2,3,Osceola County                ,0,0,0,0,0,0,0,0,0,0,0,0,0,0,0,0,0,0,0,0,0,0,0,0
201402,26,137,2,3,Otsego County                 ,2,2,296526,0,0,0,0,0,0,1,5,333333,0,0,0,0,0,0,0,0,0,0,0,0
201402,26,141,2,3,Presque Isle County           ,0,0,0,0,0,0,0,0,0,0,0,0,0,0,0,0,0,0,0,0,0,0,0,0
201402,26,147,2,3,St. Clair County              ,10,10,1763409,0,0,0,0,0,0,0,0,0,7,7,1367257,0,0,0,0,0,0,0,0,0
201402,26,163,2,3,Wayne County                  ,106,106,20805948,0,0,0,0,0,0,0,0,0,106,106,20805948,0,0,0,0,0,0,0,0,0
201402,27,003,2,4,Anoka County                  ,55,55,14829803,0,0,0,0,0,0,0,0,0,53,53,14330687,0,0,0,0,0,0,0,0,0
201402,27,019,2,4,Carver County                 ,49,49,15567510,0,0,0,5,20,4217452,1,6,987839,49,49,15567510,0,0,0,5,20,4217452,1,6,987839
201402,27,025,2,4,Chisago County                ,6,6,977704,0,0,0,0,0,0,0,0,0,6,6,977704,0,0,0,0,0,0,0,0,0
201402,27,037,2,4,Dakota County                 ,93,93,28400604,0,0,0,0,0,0,0,0,0,91,91,27877281,0,0,0,0,0,0,0,0,0
201402,27,053,2,4,Hennepin County               ,226,226,85427349,0,0,0,0,0,0,3,268,40770181,204,204,78166002,0,0,0,0,0,0,3,268,40770181
201402,27,059,2,4,Isanti County                 ,2,2,322058,0,0,0,0,0,0,0,0,0,0,0,0,0,0,0,0,0,0,0,0,0
201402,27,123,2,4,Ramsey County                 ,20,20,5758035,0,0,0,0,0,0,1,10,1800000,18,18,5118652,0,0,0,0,0,0,1,10,1800000
201402,27,139,2,4,Scott County                  ,33,33,10974317,0,0,0,0,0,0,0,0,0,29,29,9593446,0,0,0,0,0,0,0,0,0
201402,27,141,2,4,Sherburne County              ,16,16,3524220,0,0,0,0,0,0,0,0,0,12,12,2560298,0,0,0,0,0,0,0,0,0
201402,27,163,2,4,Washington County             ,75,75,25905466,0,0,0,0,0,0,1,6,858000,75,75,25905466,0,0,0,0,0,0,1,6,858000
201402,27,171,2,4,Wright County                 ,51,51,11654550,0,0,0,0,0,0,0,0,0,50,50,11494531,0,0,0,0,0,0,0,0,0
201402,28,021,3,6,Claiborne County              ,0,0,0,0,0,0,0,0,0,0,0,0,0,0,0,0,0,0,0,0,0,0,0,0
201402,28,033,3,6,DeSoto County                 ,140,140,20314266,0,0,0,0,0,0,0,0,0,131,131,18856783,0,0,0,0,0,0,0,0,0
201402,28,039,3,6,George County                 ,0,0,0,0,0,0,0,0,0,0,0,0,0,0,0,0,0,0,0,0,0,0,0,0
201402,28,071,3,6,Lafayette County              ,55,55,12601040,4,8,1060000,0,0,0,0,0,0,55,55,12601040,4,8,1060000,0,0,0,0,0,0
201402,28,091,3,6,Marion County                 ,0,0,0,0,0,0,0,0,0,0,0,0,0,0,0,0,0,0,0,0,0,0,0,0
201402,28,093,3,6,Marshall County               ,5,5,609750,0,0,0,0,0,0,0,0,0,4,4,526000,0,0,0,0,0,0,0,0,0
201402,28,137,3,6,Tate County                   ,11,11,986315,0,0,0,0,0,0,0,0,0,0,0,0,0,0,0,0,0,0,0,0,0
201402,28,143,3,6,Tunica County                 ,2,2,160640,0,0,0,0,0,0,0,0,0,0,0,0,0,0,0,0,0,0,0,0,0
201402,28,153,3,6,Wayne County                  ,0,0,0,0,0,0,0,0,0,0,0,0,0,0,0,0,0,0,0,0,0,0,0,0
201402,29,001,2,4,Adair County                  ,0,0,0,0,0,0,0,0,0,0,0,0,0,0,0,0,0,0,0,0,0,0,0,0
201402,29,013,2,4,Bates County                  ,0,0,0,0,0,0,0,0,0,0,0,0,0,0,0,0,0,0,0,0,0,0,0,0
201402,29,019,2,4,Boone County                  ,86,86,17740727,4,8,550000,0,0,0,3,78,9200000,86,86,17740727,4,8,550000,0,0,0,3,78,9200000
201402,29,025,2,4,Caldwell County               ,0,0,0,0,0,0,0,0,0,0,0,0,0,0,0,0,0,0,0,0,0,0,0,0
201402,29,037,2,4,Cass County                   ,14,14,3596433,2,4,180000,0,0,0,0,0,0,9,9,2339336,2,4,180000,0,0,0,0,0,0
201402,29,047,2,4,Clay County                   ,21,21,3953414,0,0,0,0,0,0,0,0,0,17,17,3277073,0,0,0,0,0,0,0,0,0
201402,29,049,2,4,Clinton County                ,0,0,0,0,0,0,0,0,0,0,0,0,0,0,0,0,0,0,0,0,0,0,0,0
201402,29,051,2,4,Cole County                   ,19,19,3314232,1,2,208615,0,0,0,0,0,0,7,7,821000,0,0,0,0,0,0,0,0,0
201402,29,065,2,4,Dent County                   ,0,0,0,0,0,0,0,0,0,0,0,0,0,0,0,0,0,0,0,0,0,0,0,0
201402,29,071,2,4,Franklin County               ,28,28,4480464,0,0,0,0,0,0,0,0,0,26,26,4054224,0,0,0,0,0,0,0,0,0
201402,29,079,2,4,Grundy County                 ,0,0,0,0,0,0,0,0,0,0,0,0,0,0,0,0,0,0,0,0,0,0,0,0
201402,29,095,2,4,Jackson County                ,152,152,31661216,11,22,1286536,6,24,2282121,3,188,8331202,152,152,31661216,11,22,1286536,6,24,2282121,3,188,8331202
201402,29,099,2,4,Jefferson County              ,63,63,8934541,0,0,0,0,0,0,0,0,0,61,61,8692441,0,0,0,0,0,0,0,0,0
201402,29,105,2,4,Laclede County                ,2,2,292500,0,0,0,0,0,0,0,0,0,2,2,292500,0,0,0,0,0,0,0,0,0
201402,29,107,2,4,Lafayette County              ,1,1,209804,0,0,0,0,0,0,0,0,0,0,0,0,0,0,0,0,0,0,0,0,0
201402,29,113,2,4,Lincoln County                ,5,5,710000,0,0,0,0,0,0,0,0,0,5,5,710000,0,0,0,0,0,0,0,0,0
201402,29,141,2,4,Morgan County                 ,0,0,0,0,0,0,0,0,0,0,0,0,0,0,0,0,0,0,0,0,0,0,0,0
201402,29,161,2,4,Phelps County                 ,5,5,544417,0,0,0,1,3,200838,0,0,0,4,4,385000,0,0,0,0,0,0,0,0,0
201402,29,165,2,4,Platte County                 ,31,31,11888164,0,0,0,0,0,0,0,0,0,31,31,11888164,0,0,0,0,0,0,0,0,0
201402,29,175,2,4,Randolph County               ,2,2,275000,0,0,0,0,0,0,0,0,0,2,2,275000,0,0,0,0,0,0,0,0,0
201402,29,177,2,4,Ray County                    ,2,2,412858,0,0,0,0,0,0,0,0,0,0,0,0,0,0,0,0,0,0,0,0,0
201402,29,183,2,4,St. Charles County            ,240,240,54138392,4,8,1122665,5,18,1649980,0,0,0,240,240,54138392,4,8,1122665,5,18,1649980,0,0,0
201402,29,189,2,4,St. Louis County              ,109,109,38143741,0,0,0,1,4,513769,6,43,5800000,102,102,35255517,0,0,0,1,4,513769,6,43,5800000
201402,29,219,2,4,Warren County                 ,8,8,1490357,0,0,0,0,0,0,0,0,0,8,8,1490357,0,0,0,0,0,0,0,0,0
201402,29,221,2,4,Washington County             ,0,0,0,0,0,0,0,0,0,0,0,0,0,0,0,0,0,0,0,0,0,0,0,0
201402,29,510,2,4,St. Louis (Independent City)  ,11,11,2235000,0,0,0,0,0,0,1,177,53696629,11,11,2235000,0,0,0,0,0,0,1,177,53696629
201402,30,017,4,8,Custer County                 ,1,1,140000,0,0,0,0,0,0,0,0,0,1,1,140000,0,0,0,0,0,0,0,0,0
201402,30,023,4,8,Deer Lodge County             ,0,0,0,0,0,0,0,0,0,0,0,0,0,0,0,0,0,0,0,0,0,0,0,0
201402,30,033,4,8,Garfield County               ,0,0,0,0,0,0,0,0,0,0,0,0,0,0,0,0,0,0,0,0,0,0,0,0
201402,30,063,4,8,Missoula County               ,13,13,1550127,1,2,51992,0,0,0,0,0,0,13,13,1550127,1,2,51992,0,0,0,0,0,0
201402,30,067,4,8,Park County                   ,2,2,397022,1,2,265000,0,0,0,0,0,0,0,0,0,0,0,0,0,0,0,0,0,0
201402,30,093,4,8,Silver Bow County             ,2,2,263516,0,0,0,0,0,0,0,0,0,2,2,263516,0,0,0,0,0,0,0,0,0
201402,31,025,2,4,Cass County                   ,4,4,665447,0,0,0,0,0,0,0,0,0,4,4,665447,0,0,0,0,0,0,0,0,0
201402,31,033,2,4,Cheyenne County               ,1,1,220257,0,0,0,0,0,0,0,0,0,1,1,220257,0,0,0,0,0,0,0,0,0
201402,31,055,2,4,Douglas County                ,171,171,25772306,5,10,700000,0,0,0,2,113,9739073,168,168,25163855,5,10,700000,0,0,0,2,113,9739073
201402,31,077,2,4,Greeley County                ,0,0,0,0,0,0,0,0,0,0,0,0,0,0,0,0,0,0,0,0,0,0,0,0
201402,31,105,2,4,Kimball County                ,0,0,0,0,0,0,0,0,0,0,0,0,0,0,0,0,0,0,0,0,0,0,0,0
201402,31,153,2,4,Sarpy County                  ,88,88,24636053,1,2,421528,0,0,0,1,42,4535688,88,88,24636053,1,2,421528,0,0,0,1,42,4535688
201402,31,155,2,4,Saunders County               ,6,6,1185994,0,0,0,0,0,0,0,0,0,5,5,905994,0,0,0,0,0,0,0,0,0
201402,31,177,2,4,Washington County             ,5,5,1021794,0,0,0,0,0,0,0,0,0,5,5,1021794,0,0,0,0,0,0,0,0,0
201402,32,001,4,8,Churchill County              ,0,0,0,0,0,0,1,4,156460,0,0,0,0,0,0,0,0,0,1,4,156460,0,0,0
201402,32,003,4,8,Clark County                  ,873,873,152709987,0,0,0,2,8,654332,10,408,24911143,873,873,152709987,0,0,0,2,8,654332,10,408,24911143
201402,32,005,4,8,Douglas County                ,28,28,10135981,0,0,0,0,0,0,0,0,0,28,28,10135981,0,0,0,0,0,0,0,0,0
201402,32,007,4,8,Elko County                   ,13,13,1878145,0,0,0,0,0,0,0,0,0,13,13,1878145,0,0,0,0,0,0,0,0,0
201402,32,013,4,8,Humboldt County               ,10,10,1155205,1,2,199342,0,0,0,0,0,0,3,3,255313,0,0,0,0,0,0,0,0,0
201402,32,015,4,8,Lander County                 ,2,2,260720,0,0,0,0,0,0,0,0,0,2,2,260720,0,0,0,0,0,0,0,0,0
201402,32,017,4,8,Lincoln County                ,1,1,248128,0,0,0,0,0,0,0,0,0,1,1,248128,0,0,0,0,0,0,0,0,0
201402,32,019,4,8,Lyon County                   ,22,22,4327997,0,0,0,0,0,0,0,0,0,22,22,4327997,0,0,0,0,0,0,0,0,0
201402,32,021,4,8,Mineral County                ,0,0,0,0,0,0,0,0,0,0,0,0,0,0,0,0,0,0,0,0,0,0,0,0
201402,32,027,4,8,Pershing County               ,0,0,0,0,0,0,0,0,0,0,0,0,0,0,0,0,0,0,0,0,0,0,0,0
201402,32,029,4,8,Storey County                 ,0,0,0,0,0,0,0,0,0,0,0,0,0,0,0,0,0,0,0,0,0,0,0,0
201402,32,031,4,8,Washoe County                 ,201,201,52741854,2,4,459881,1,3,272783,7,50,4260652,201,201,52741854,2,4,459881,1,3,272783,7,50,4260652
201402,32,033,4,8,White Pine County             ,0,0,0,0,0,0,0,0,0,0,0,0,0,0,0,0,0,0,0,0,0,0,0,0
201402,32,510,4,8,Carson City (Independent City),7,7,1854492,0,0,0,0,0,0,0,0,0,7,7,1854492,0,0,0,0,0,0,0,0,0
201402,33,015,1,1,Rockingham County             ,80,80,20695986,3,6,357880,1,4,217000,0,0,0,73,73,18959045,3,6,357880,1,4,217000,0,0,0
201402,33,017,1,1,Strafford County              ,22,22,3549678,0,0,0,0,0,0,2,10,1482352,13,13,2020700,0,0,0,0,0,0,0,0,0
201402,34,001,1,2,Atlantic County               ,62,62,15214872,5,10,2045650,0,0,0,2,10,2196704,46,46,12714191,5,10,2045650,0,0,0,0,0,0
201402,34,003,1,2,Bergen County                 ,88,88,34064659,6,12,1367302,0,0,0,17,197,18457005,44,44,17763450,2,4,628250,0,0,0,2,25,4485175
201402,34,005,1,2,Burlington County             ,75,75,11734028,0,0,0,0,0,0,6,72,2257433,49,49,6835908,0,0,0,0,0,0,2,48,702000
201402,34,007,1,2,Camden County                 ,45,45,8584708,1,2,4500,0,0,0,15,87,3832054,27,27,5431462,1,2,4500,0,0,0,8,40,1166759
201402,34,009,1,2,Cape May County               ,77,77,25304656,18,36,6550350,1,4,25000,1,5,13000,75,75,24923650,18,36,6550350,1,4,25000,1,5,13000
201402,34,011,1,2,Cumberland County             ,30,30,3228060,0,0,0,0,0,0,1,5,666180,11,11,1005650,0,0,0,0,0,0,0,0,0
201402,34,013,1,2,Essex County                  ,43,43,9341074,3,6,331800,1,3,525955,8,157,18555125,22,22,4507920,3,6,331800,0,0,0,2,69,9479703
201402,34,015,1,2,Gloucester County             ,50,50,7116780,0,0,0,0,0,0,0,0,0,35,35,5378355,0,0,0,0,0,0,0,0,0
201402,34,017,1,2,Hudson County                 ,14,14,2923436,2,4,224400,2,6,1019780,15,437,48649172,9,9,2116000,2,4,224400,2,6,1019780,9,276,30161309
201402,34,019,1,2,Hunterdon County              ,22,22,5626559,1,2,233200,0,0,0,1,5,203395,19,19,5350701,0,0,0,0,0,0,0,0,0
201402,34,021,1,2,Mercer County                 ,46,46,7704074,1,2,102600,0,0,0,3,30,1994553,41,41,6534713,1,2,102600,0,0,0,2,25,1512970
201402,34,023,1,2,Middlesex County              ,103,103,17784425,1,2,117500,2,6,624900,4,41,2290633,87,87,15518219,0,0,0,1,3,200000,1,12,677000
201402,34,025,1,2,Monmouth County               ,124,124,24957342,1,2,159500,3,11,1037200,10,54,4600955,105,105,22379877,1,2,159500,3,11,1037200,4,24,2789200
201402,34,027,1,2,Morris County                 ,70,70,17661858,0,0,0,0,0,0,8,160,20879302,26,26,8452585,0,0,0,0,0,0,1,125,18475000
201402,34,029,1,2,Ocean County                  ,355,355,71776631,10,20,1979155,0,0,0,0,0,0,344,344,70056544,10,20,1979155,0,0,0,0,0,0
201402,34,031,1,2,Passaic County                ,24,24,4724024,2,4,277938,0,0,0,7,52,4507296,6,6,1634000,1,2,137700,0,0,0,2,18,1978000
201402,34,033,1,2,Salem County                  ,3,3,358488,0,0,0,0,0,0,0,0,0,2,2,280600,0,0,0,0,0,0,0,0,0
201402,34,035,1,2,Somerset County               ,83,83,16941445,0,0,0,0,0,0,4,31,2200989,78,78,16443396,0,0,0,0,0,0,0,0,0
201402,34,037,1,2,Sussex County                 ,23,23,4132116,0,0,0,0,0,0,2,10,391308,5,5,818400,0,0,0,0,0,0,0,0,0
201402,34,039,1,2,Union County                  ,57,57,11900472,1,2,142377,2,6,299200,6,36,782610,42,42,9623181,0,0,0,2,6,299200,0,0,0
201402,34,041,1,2,Warren County                 ,13,13,2264304,0,0,0,0,0,0,2,11,377016,6,6,1003904,0,0,0,0,0,0,0,0,0
201402,35,000,4,8,New Mexico Balance of State   ,50,50,9168634,0,0,0,0,0,0,0,0,0,50,50,9168634,0,0,0,0,0,0,0,0,0
201402,35,001,4,8,Bernalillo County             ,120,120,26061460,0,0,0,0,0,0,4,198,13412928,120,120,26061460,0,0,0,0,0,0,4,198,13412928
201402,35,005,4,8,Chaves County                 ,3,3,440100,0,0,0,0,0,0,0,0,0,3,3,440100,0,0,0,0,0,0,0,0,0
201402,35,007,4,8,Colfax County                 ,1,1,366417,0,0,0,0,0,0,0,0,0,0,0,0,0,0,0,0,0,0,0,0,0
201402,35,009,4,8,Curry County                  ,18,18,3578193,1,2,326594,0,0,0,0,0,0,18,18,3578193,1,2,326594,0,0,0,0,0,0
201402,35,013,4,8,Dona Ana County               ,95,95,18910932,0,0,0,0,0,0,0,0,0,82,82,16555432,0,0,0,0,0,0,0,0,0
201402,35,015,4,8,Eddy County                   ,25,25,4048418,0,0,0,1,4,1173153,0,0,0,25,25,4048418,0,0,0,1,4,1173153,0,0,0
201402,35,017,4,8,Grant County                  ,1,1,160000,0,0,0,0,0,0,0,0,0,1,1,160000,0,0,0,0,0,0,0,0,0
201402,35,025,4,8,Lea County                    ,9,9,1645494,0,0,0,0,0,0,0,0,0,9,9,1645494,0,0,0,0,0,0,0,0,0
201402,35,027,4,8,Lincoln County                ,6,6,2309776,0,0,0,0,0,0,0,0,0,6,6,2309776,0,0,0,0,0,0,0,0,0
201402,35,028,4,8,Los Alamos County             ,0,0,0,0,0,0,0,0,0,0,0,0,0,0,0,0,0,0,0,0,0,0,0,0
201402,35,029,4,8,Luna County                   ,0,0,0,0,0,0,0,0,0,0,0,0,0,0,0,0,0,0,0,0,0,0,0,0
201402,35,031,4,8,McKinley County               ,0,0,0,0,0,0,0,0,0,0,0,0,0,0,0,0,0,0,0,0,0,0,0,0
201402,35,035,4,8,Otero County                  ,0,0,0,0,0,0,0,0,0,0,0,0,0,0,0,0,0,0,0,0,0,0,0,0
201402,35,039,4,8,Rio Arriba County             ,0,0,0,0,0,0,0,0,0,0,0,0,0,0,0,0,0,0,0,0,0,0,0,0
201402,35,041,4,8,Roosevelt County              ,3,3,563000,0,0,0,0,0,0,0,0,0,3,3,563000,0,0,0,0,0,0,0,0,0
201402,35,043,4,8,Sandoval County               ,104,104,18911279,1,2,283271,4,13,1090093,0,0,0,0,0,0,0,0,0,0,0,0,0,0,0
201402,35,045,4,8,San Juan County               ,24,24,5378021,0,0,0,0,0,0,0,0,0,24,24,5378021,0,0,0,0,0,0,0,0,0
201402,35,047,4,8,San Miguel County             ,0,0,0,0,0,0,0,0,0,0,0,0,0,0,0,0,0,0,0,0,0,0,0,0
201402,35,049,4,8,Santa Fe County               ,33,33,5064078,0,0,0,0,0,0,0,0,0,22,22,3597139,0,0,0,0,0,0,0,0,0
201402,35,051,4,8,Sierra County                 ,0,0,0,0,0,0,0,0,0,0,0,0,0,0,0,0,0,0,0,0,0,0,0,0
201402,35,053,4,8,Socorro County                ,1,1,217000,0,0,0,0,0,0,0,0,0,1,1,217000,0,0,0,0,0,0,0,0,0
201402,35,055,4,8,Taos County                   ,9,9,1033540,0,0,0,0,0,0,0,0,0,2,2,265950,0,0,0,0,0,0,0,0,0
201402,35,061,4,8,Valencia County               ,11,11,1192099,0,0,0,0,0,0,0,0,0,0,0,0,0,0,0,0,0,0,0,0,0
201402,36,005,1,2,Bronx County                  ,0,0,0,4,8,880289,0,0,0,2,88,7912280,0,0,0,4,8,880289,0,0,0,2,88,7912280
201402,36,047,1,2,Kings County                  ,0,0,0,9,18,1902424,13,49,4678285,29,812,73469797,0,0,0,9,18,1902424,13,49,4678285,29,812,73469797
201402,36,059,1,2,Nassau County                 ,97,97,46321710,0,0,0,0,0,0,0,0,0,88,88,41076898,0,0,0,0,0,0,0,0,0
201402,36,061,1,2,New York County               ,1,1,193263,1,2,198738,1,4,381901,8,339,30861786,1,1,193263,1,2,198738,1,4,381901,8,339,30861786
201402,36,079,1,2,Putnam County                 ,7,7,2110055,0,0,0,0,0,0,0,0,0,7,7,2110055,0,0,0,0,0,0,0,0,0
201402,36,081,1,2,Queens County                 ,30,30,6407267,14,28,2953006,5,16,1478147,5,213,19041348,30,30,6407267,14,28,2953006,5,16,1478147,5,213,19041348
201402,36,085,1,2,Richmond County               ,46,46,10433855,12,24,2555530,0,0,0,0,0,0,46,46,10433855,12,24,2555530,0,0,0,0,0,0
201402,36,087,1,2,Rockland County               ,11,11,3324302,1,2,227184,1,4,381901,3,36,3422700,9,9,2277000,1,2,227184,1,4,381901,3,36,3422700
201402,36,103,1,2,Suffolk County                ,170,170,98149393,0,0,0,0,0,0,1,5,1883319,157,157,91536760,0,0,0,0,0,0,0,0,0
201402,36,119,1,2,Westchester County            ,32,32,19008553,1,2,200000,0,0,0,4,100,13225806,21,21,14992532,0,0,0,0,0,0,2,62,6987000
201402,37,003,3,5,Alexander County              ,9,9,2042875,0,0,0,0,0,0,0,0,0,9,9,2042875,0,0,0,0,0,0,0,0,0
201402,37,007,3,5,Anson County                  ,4,4,606286,0,0,0,1,3,174720,0,0,0,0,0,0,0,0,0,0,0,0,0,0,0
201402,37,009,3,5,Ashe County                   ,7,7,1429000,0,0,0,0,0,0,0,0,0,7,7,1429000,0,0,0,0,0,0,0,0,0
201402,37,011,3,5,Avery County                  ,1,1,122000,0,0,0,0,0,0,0,0,0,1,1,122000,0,0,0,0,0,0,0,0,0
201402,37,019,3,5,Brunswick County              ,252,252,45131900,0,0,0,0,0,0,0,0,0,161,161,29491937,0,0,0,0,0,0,0,0,0
201402,37,025,3,5,Cabarrus County               ,163,163,23861358,2,4,120000,0,0,0,0,0,0,163,163,23861358,2,4,120000,0,0,0,0,0,0
201402,37,027,3,5,Caldwell County               ,19,19,4048000,0,0,0,0,0,0,0,0,0,19,19,4048000,0,0,0,0,0,0,0,0,0
201402,37,037,3,5,Chatham County                ,80,80,20156232,0,0,0,0,0,0,0,0,0,46,46,10988434,0,0,0,0,0,0,0,0,0
201402,37,039,3,5,Cherokee County               ,8,8,1331044,0,0,0,0,0,0,0,0,0,8,8,1331044,0,0,0,0,0,0,0,0,0
201402,37,049,3,5,Craven County                 ,51,51,6546889,0,0,0,0,0,0,0,0,0,18,18,2950460,0,0,0,0,0,0,0,0,0
201402,37,053,3,5,Currituck County              ,37,37,11092565,0,0,0,0,0,0,0,0,0,0,0,0,0,0,0,0,0,0,0,0,0
201402,37,059,3,5,Davie County                  ,10,10,2036223,0,0,0,0,0,0,0,0,0,10,10,2036223,0,0,0,0,0,0,0,0,0
201402,37,063,3,5,Durham County                 ,237,237,44914061,1,2,176814,0,0,0,4,37,6048664,237,237,44914061,1,2,176814,0,0,0,4,37,6048664
201402,37,067,3,5,Forsyth County                ,114,114,19747515,0,0,0,0,0,0,1,50,3723000,114,114,19747515,0,0,0,0,0,0,1,50,3723000
201402,37,069,3,5,Franklin County               ,40,40,6717319,0,0,0,0,0,0,0,0,0,40,40,6717319,0,0,0,0,0,0,0,0,0
201402,37,071,3,5,Gaston County                 ,71,71,14509063,0,0,0,0,0,0,0,0,0,71,71,14509063,0,0,0,0,0,0,0,0,0
201402,37,081,3,5,Guilford County               ,172,172,43369829,0,0,0,0,0,0,6,72,9976424,153,153,39486692,0,0,0,0,0,0,5,66,9516709
201402,37,089,3,5,Henderson County              ,35,35,10313601,0,0,0,0,0,0,0,0,0,35,35,10313601,0,0,0,0,0,0,0,0,0
201402,37,093,3,5,Hoke County                   ,53,53,10874518,0,0,0,0,0,0,0,0,0,53,53,10874518,0,0,0,0,0,0,0,0,0
201402,37,097,3,5,Iredell County                ,107,107,33986111,0,0,0,0,0,0,0,0,0,107,107,33986111,0,0,0,0,0,0,0,0,0
201402,37,099,3,5,Jackson County                ,16,16,9668441,0,0,0,0,0,0,0,0,0,16,16,9668441,0,0,0,0,0,0,0,0,0
201402,37,101,3,5,Johnston County               ,175,175,31580065,0,0,0,0,0,0,0,0,0,171,171,30897843,0,0,0,0,0,0,0,0,0
201402,37,105,3,5,Lee County                    ,9,9,2149760,0,0,0,0,0,0,0,0,0,9,9,2149760,0,0,0,0,0,0,0,0,0
201402,37,109,3,5,Lincoln County                ,18,18,3469142,0,0,0,0,0,0,2,10,640102,0,0,0,0,0,0,0,0,0,0,0,0
201402,37,113,3,5,Macon County                  ,15,15,2978044,0,0,0,0,0,0,0,0,0,15,15,2978044,0,0,0,0,0,0,0,0,0
201402,37,119,3,5,Mecklenburg County            ,624,624,128032066,2,4,160829,0,0,0,11,442,14742129,624,624,128032066,2,4,160829,0,0,0,11,442,14742129
201402,37,127,3,5,Nash County                   ,21,21,3470805,0,0,0,0,0,0,0,0,0,21,21,3470805,0,0,0,0,0,0,0,0,0
201402,37,129,3,5,New Hanover County            ,128,128,33585048,1,2,280435,0,0,0,9,242,35340288,72,72,18004398,0,0,0,0,0,0,4,140,23828605
201402,37,135,3,5,Orange County                 ,42,42,13895457,0,0,0,0,0,0,0,0,0,40,40,13310240,0,0,0,0,0,0,0,0,0
201402,37,137,3,5,Pamlico County                ,8,8,1978292,0,0,0,0,0,0,0,0,0,0,0,0,0,0,0,0,0,0,0,0,0
201402,37,141,3,5,Pender County                 ,38,38,5144757,4,8,720000,0,0,0,0,0,0,14,14,1860386,4,8,720000,0,0,0,0,0,0
201402,37,145,3,5,Person County                 ,4,4,580000,0,0,0,0,0,0,0,0,0,4,4,580000,0,0,0,0,0,0,0,0,0
201402,37,147,3,5,Pitt County                   ,56,56,9496878,5,10,864741,1,3,172875,2,34,1731367,39,39,7302780,2,4,394000,0,0,0,0,0,0
201402,37,149,3,5,Polk County                   ,7,7,2138881,0,0,0,0,0,0,0,0,0,7,7,2138881,0,0,0,0,0,0,0,0,0
201402,37,151,3,5,Randolph County               ,18,18,3861430,0,0,0,0,0,0,0,0,0,18,18,3861430,0,0,0,0,0,0,0,0,0
201402,37,157,3,5,Rockingham County             ,14,14,3912717,0,0,0,0,0,0,0,0,0,14,14,3912717,0,0,0,0,0,0,0,0,0
201402,37,159,3,5,Rowan County                  ,25,25,8034594,0,0,0,0,0,0,0,0,0,25,25,8034594,0,0,0,0,0,0,0,0,0
201402,37,163,3,5,Sampson County                ,5,5,757240,0,0,0,0,0,0,0,0,0,5,5,757240,0,0,0,0,0,0,0,0,0
201402,37,167,3,5,Stanly County                 ,12,12,1269493,0,0,0,0,0,0,0,0,0,12,12,1269493,0,0,0,0,0,0,0,0,0
201402,37,171,3,5,Surry County                  ,11,11,2233565,0,0,0,0,0,0,0,0,0,11,11,2233565,0,0,0,0,0,0,0,0,0
201402,37,175,3,5,Transylvania County           ,9,9,7710416,0,0,0,0,0,0,0,0,0,9,9,7710416,0,0,0,0,0,0,0,0,0
201402,37,179,3,5,Union County                  ,270,270,49219315,0,0,0,0,0,0,0,0,0,270,270,49219315,0,0,0,0,0,0,0,0,0
201402,37,181,3,5,Vance County                  ,1,1,193264,0,0,0,0,0,0,0,0,0,1,1,193264,0,0,0,0,0,0,0,0,0
201402,37,183,3,5,Wake County                   ,1000,1000,208432151,0,0,0,0,0,0,26,679,51782415,961,961,201053737,0,0,0,0,0,0,25,639,49236657
201402,37,195,3,5,Wilson County                 ,16,16,3672144,0,0,0,0,0,0,0,0,0,16,16,3672144,0,0,0,0,0,0,0,0,0
201402,39,015,2,3,Brown County                  ,6,6,957102,0,0,0,0,0,0,0,0,0,0,0,0,0,0,0,0,0,0,0,0,0
201402,39,017,2,3,Butler County                 ,83,83,23234664,1,2,350000,0,0,0,0,0,0,78,78,22553938,1,2,350000,0,0,0,0,0,0
201402,39,025,2,3,Clermont County               ,44,44,6971081,0,0,0,1,4,355000,2,44,3342000,44,44,6971081,0,0,0,1,4,355000,2,44,3342000
201402,39,035,2,3,Cuyahoga County               ,67,67,19658703,0,0,0,0,0,0,2,10,1060610,47,47,16776785,0,0,0,0,0,0,0,0,0
201402,39,041,2,3,Delaware County               ,114,114,24753557,2,4,412334,3,12,1833100,3,18,2340260,111,111,24244712,2,4,412334,3,12,1833100,3,18,2340260
201402,39,045,2,3,Fairfield County              ,34,34,8045291,0,0,0,0,0,0,0,0,0,27,27,6782801,0,0,0,0,0,0,0,0,0
201402,39,049,2,3,Franklin County               ,207,207,54605099,0,0,0,2,8,380000,33,277,16089014,198,198,51984762,0,0,0,2,8,380000,33,277,16089014
201402,39,055,2,3,Geauga County                 ,14,14,4841419,0,0,0,0,0,0,0,0,0,14,14,4841419,0,0,0,0,0,0,0,0,0
201402,39,061,2,3,Hamilton County               ,54,54,13068134,0,0,0,2,6,853634,1,6,615550,25,25,6542688,0,0,0,0,0,0,1,6,615550
201402,39,085,2,3,Lake County                   ,24,24,5865116,5,10,680983,1,4,800000,1,13,809184,22,22,5546088,5,10,680983,1,4,800000,0,0,0
201402,39,089,2,3,Licking County                ,28,28,5435602,0,0,0,0,0,0,0,0,0,1,1,220257,0,0,0,0,0,0,0,0,0
201402,39,093,2,3,Lorain County                 ,76,76,14708104,0,0,0,1,4,168000,1,5,210000,70,70,13540127,0,0,0,1,4,168000,1,5,210000
201402,39,097,2,3,Madison County                ,5,5,979517,0,0,0,0,0,0,0,0,0,4,4,881026,0,0,0,0,0,0,0,0,0
201402,39,103,2,3,Medina County                 ,48,48,14385735,0,0,0,0,0,0,0,0,0,48,48,14385735,0,0,0,0,0,0,0,0,0
201402,39,117,2,3,Morrow County                 ,2,2,440514,0,0,0,0,0,0,0,0,0,2,2,440514,0,0,0,0,0,0,0,0,0
201402,39,129,2,3,Pickaway County               ,3,3,495000,0,0,0,0,0,0,0,0,0,3,3,495000,0,0,0,0,0,0,0,0,0
201402,39,159,2,3,Union County                  ,46,46,12100715,0,0,0,0,0,0,0,0,0,36,36,9897727,0,0,0,0,0,0,0,0,0
201402,39,165,2,3,Warren County                 ,97,97,24338161,0,0,0,1,4,1024330,0,0,0,93,93,23739027,0,0,0,1,4,1024330,0,0,0
201402,39,169,2,3,Wayne County                  ,11,11,2047707,0,0,0,0,0,0,1,6,500000,11,11,2047707,0,0,0,0,0,0,1,6,500000
201402,40,017,3,7,Canadian County               ,35,35,7582689,0,0,0,0,0,0,1,8,800000,14,14,2891062,0,0,0,0,0,0,1,8,800000
201402,40,021,3,7,Cherokee County               ,5,5,629338,0,0,0,0,0,0,0,0,0,0,0,0,0,0,0,0,0,0,0,0,0
201402,40,027,3,7,Cleveland County              ,163,163,30066077,19,38,2840000,0,0,0,0,0,0,162,162,29886291,19,38,2840000,0,0,0,0,0,0
201402,40,029,3,7,Coal County                   ,0,0,0,0,0,0,0,0,0,0,0,0,0,0,0,0,0,0,0,0,0,0,0,0
201402,40,037,3,7,Creek County                  ,14,14,2095000,0,0,0,0,0,0,0,0,0,14,14,2095000,0,0,0,0,0,0,0,0,0
201402,40,051,3,7,Grady County                  ,17,17,4060000,0,0,0,0,0,0,0,0,0,17,17,4060000,0,0,0,0,0,0,0,0,0
201402,40,081,3,7,Lincoln County                ,4,4,815359,0,0,0,0,0,0,0,0,0,4,4,815359,0,0,0,0,0,0,0,0,0
201402,40,083,3,7,Logan County                  ,5,5,855000,0,0,0,0,0,0,0,0,0,5,5,855000,0,0,0,0,0,0,0,0,0
201402,40,087,3,7,McClain County                ,42,42,7832011,0,0,0,0,0,0,0,0,0,32,32,6208100,0,0,0,0,0,0,0,0,0
201402,40,099,3,7,Murray County                 ,2,2,300000,0,0,0,0,0,0,0,0,0,2,2,300000,0,0,0,0,0,0,0,0,0
201402,40,109,3,7,Oklahoma County               ,649,649,142638785,0,0,0,3,11,1145500,13,150,9000000,640,640,140940462,0,0,0,3,11,1145500,13,150,9000000
201402,40,111,3,7,Okmulgee County               ,0,0,0,0,0,0,0,0,0,0,0,0,0,0,0,0,0,0,0,0,0,0,0,0
201402,40,113,3,7,Osage County                  ,17,17,3114934,0,0,0,0,0,0,0,0,0,17,17,3114934,0,0,0,0,0,0,0,0,0
201402,40,117,3,7,Pawnee County                 ,0,0,0,0,0,0,0,0,0,0,0,0,0,0,0,0,0,0,0,0,0,0,0,0
201402,40,131,3,7,Rogers County                 ,87,87,16048253,0,0,0,0,0,0,0,0,0,87,87,16048253,0,0,0,0,0,0,0,0,0
201402,40,143,3,7,Tulsa County                  ,271,271,57645602,0,0,0,1,4,300000,9,285,15848306,270,270,57582602,0,0,0,1,4,300000,9,285,15848306
201402,40,145,3,7,Wagoner County                ,31,31,4459135,0,0,0,0,0,0,0,0,0,31,31,4459135,0,0,0,0,0,0,0,0,0
201402,41,000,4,9,Oregon Balance of State       ,7,7,733126,0,0,0,0,0,0,0,0,0,7,7,733126,0,0,0,0,0,0,0,0,0
201402,41,001,4,9,Baker County                  ,2,2,449721,0,0,0,0,0,0,0,0,0,0,0,0,0,0,0,0,0,0,0,0,0
201402,41,005,4,9,Clackamas County              ,152,152,42439228,2,4,904222,1,4,663574,0,0,0,152,152,42439228,2,4,904222,1,4,663574,0,0,0
201402,41,009,4,9,Columbia County               ,21,21,4576425,1,2,210000,2,6,655000,0,0,0,20,20,4232953,1,2,210000,2,6,655000,0,0,0
201402,41,017,4,9,Deschutes County              ,146,146,37003317,0,0,0,0,0,0,2,10,1036070,91,91,23667397,0,0,0,0,0,0,0,0,0
201402,41,019,4,9,Douglas County                ,23,23,5296778,0,0,0,0,0,0,0,0,0,23,23,5296778,0,0,0,0,0,0,0,0,0
201402,41,025,4,9,Harney County                 ,0,0,0,0,0,0,0,0,0,0,0,0,0,0,0,0,0,0,0,0,0,0,0,0
201402,41,033,4,9,Josephine County              ,18,18,4175878,0,0,0,0,0,0,0,0,0,18,18,4175878,0,0,0,0,0,0,0,0,0
201402,41,035,4,9,Klamath County                ,4,4,741317,0,0,0,0,0,0,0,0,0,4,4,741317,0,0,0,0,0,0,0,0,0
201402,41,045,4,9,Malheur County                ,5,5,1063789,0,0,0,0,0,0,0,0,0,4,4,951914,0,0,0,0,0,0,0,0,0
201402,41,051,4,9,Multnomah County              ,118,118,27914667,5,10,1236258,0,0,0,8,305,28589566,118,118,27914667,5,10,1236258,0,0,0,8,305,28589566
201402,41,057,4,9,Tillamook County              ,13,13,1827766,0,0,0,0,0,0,0,0,0,13,13,1827766,0,0,0,0,0,0,0,0,0
201402,41,059,4,9,Umatilla County               ,10,10,1954004,0,0,0,0,0,0,0,0,0,5,5,1064770,0,0,0,0,0,0,0,0,0
201402,41,061,4,9,Union County                  ,1,1,196414,0,0,0,0,0,0,0,0,0,1,1,196414,0,0,0,0,0,0,0,0,0
201402,41,063,4,9,Wallowa County                ,2,2,677989,0,0,0,0,0,0,0,0,0,2,2,677989,0,0,0,0,0,0,0,0,0
201402,41,067,4,9,Washington County             ,221,221,62067660,0,0,0,0,0,0,7,300,7375234,219,219,61433428,0,0,0,0,0,0,7,300,7375234
201402,41,071,4,9,Yamhill County                ,36,36,8407065,0,0,0,0,0,0,0,0,0,31,31,7447910,0,0,0,0,0,0,0,0,0
201402,42,001,1,2,Adams County                  ,21,21,4622487,0,0,0,0,0,0,0,0,0,21,21,4622487,0,0,0,0,0,0,0,0,0
201402,42,003,1,2,Allegheny County              ,164,164,41947626,1,2,800000,2,7,525000,1,40,4850800,137,137,35883814,1,2,800000,0,0,0,1,40,4850800
201402,42,005,1,2,Armstrong County              ,6,6,1038972,0,0,0,0,0,0,0,0,0,1,1,315000,0,0,0,0,0,0,0,0,0
201402,42,007,1,2,Beaver County                 ,25,25,5229917,0,0,0,0,0,0,0,0,0,21,21,4576167,0,0,0,0,0,0,0,0,0
201402,42,017,1,2,Bucks County                  ,92,92,15048880,0,0,0,0,0,0,2,11,1888333,85,85,13780488,0,0,0,0,0,0,0,0,0
201402,42,019,1,2,Butler County                 ,55,55,16847767,0,0,0,0,0,0,0,0,0,55,55,16847767,0,0,0,0,0,0,0,0,0
201402,42,025,1,2,Carbon County                 ,4,4,595938,0,0,0,0,0,0,0,0,0,3,3,411900,0,0,0,0,0,0,0,0,0
201402,42,029,1,2,Chester County                ,107,107,22046287,1,2,190150,2,7,407902,11,106,14381124,94,94,19485492,1,2,190150,1,4,196000,9,82,10591650
201402,42,045,1,2,Delaware County               ,22,22,5544037,0,0,0,0,0,0,1,34,11600000,15,15,3596474,0,0,0,0,0,0,1,34,11600000
201402,42,051,1,2,Fayette County                ,27,27,6178334,0,0,0,0,0,0,0,0,0,3,3,499000,0,0,0,0,0,0,0,0,0
201402,42,055,1,2,Franklin County               ,28,28,4572063,1,2,300000,0,0,0,3,15,758333,20,20,3700776,0,0,0,0,0,0,0,0,0
201402,42,065,1,2,Jefferson County              ,8,8,1133282,0,0,0,0,0,0,0,0,0,8,8,1133282,0,0,0,0,0,0,0,0,0
201402,42,077,1,2,Lehigh County                 ,51,51,9428686,0,0,0,0,0,0,0,0,0,30,30,7045455,0,0,0,0,0,0,0,0,0
201402,42,091,1,2,Montgomery County             ,89,89,16195251,1,2,280400,0,0,0,1,5,885000,75,75,13675588,1,2,280400,0,0,0,1,5,885000
201402,42,095,1,2,Northampton County            ,52,52,10028124,0,0,0,0,0,0,3,15,1637999,43,43,8522804,0,0,0,0,0,0,0,0,0
201402,42,101,1,2,Philadelphia County           ,68,68,14401262,11,22,2313400,15,53,3595000,2,381,85408000,68,68,14401262,11,22,2313400,15,53,3595000,2,381,85408000
201402,42,103,1,2,Pike County                   ,8,8,1747570,0,0,0,0,0,0,0,0,0,5,5,1216000,0,0,0,0,0,0,0,0,0
201402,42,125,1,2,Washington County             ,43,43,11742271,0,0,0,1,3,552140,1,5,648384,28,28,8695467,0,0,0,1,3,552140,1,5,648384
201402,42,129,1,2,Westmoreland County           ,38,38,8890443,1,2,300000,0,0,0,0,0,0,15,15,3622106,0,0,0,0,0,0,0,0,0
201402,44,001,1,1,Bristol County                ,1,1,208918,0,0,0,0,0,0,0,0,0,0,0,0,0,0,0,0,0,0,0,0,0
201402,44,003,1,1,Kent County                   ,14,14,3377922,0,0,0,0,0,0,0,0,0,14,14,3377922,0,0,0,0,0,0,0,0,0
201402,44,005,1,1,Newport County                ,10,10,3749645,0,0,0,0,0,0,0,0,0,10,10,3749645,0,0,0,0,0,0,0,0,0
201402,44,007,1,1,Providence County             ,19,19,3126912,3,6,566000,0,0,0,0,0,0,15,15,2543970,3,6,566000,0,0,0,0,0,0
201402,44,009,1,1,Washington County             ,28,28,6822230,0,0,0,0,0,0,0,0,0,17,17,3843728,0,0,0,0,0,0,0,0,0
201402,45,003,3,5,Aiken County                  ,70,70,14087002,0,0,0,0,0,0,0,0,0,61,61,13078858,0,0,0,0,0,0,0,0,0
201402,45,009,3,5,Bamberg County                ,2,2,820000,0,0,0,0,0,0,0,0,0,2,2,820000,0,0,0,0,0,0,0,0,0
201402,45,015,3,5,Berkeley County               ,178,178,46081541,0,0,0,0,0,0,7,709,22337972,170,170,43449845,0,0,0,0,0,0,7,709,22337972
201402,45,017,3,5,Calhoun County                ,3,3,736423,0,0,0,0,0,0,0,0,0,3,3,736423,0,0,0,0,0,0,0,0,0
201402,45,019,3,5,Charleston County             ,285,285,73166717,0,0,0,0,0,0,6,118,8544205,197,197,59190252,0,0,0,0,0,0,3,51,5187258
201402,45,035,3,5,Dorchester County             ,103,103,26081500,0,0,0,0,0,0,12,261,26610000,102,102,25974000,0,0,0,0,0,0,12,261,26610000
201402,45,039,3,5,Fairfield County              ,6,6,695986,0,0,0,0,0,0,0,0,0,0,0,0,0,0,0,0,0,0,0,0,0
201402,45,041,3,5,Florence County               ,37,37,5819958,1,2,67000,2,6,682000,0,0,0,0,0,0,0,0,0,0,0,0,0,0,0
201402,45,045,3,5,Greenville County             ,302,302,74563160,0,0,0,0,0,0,0,0,0,299,299,74293171,0,0,0,0,0,0,0,0,0
201402,45,047,3,5,Greenwood County              ,10,10,1387212,0,0,0,0,0,0,0,0,0,10,10,1387212,0,0,0,0,0,0,0,0,0
201402,45,055,3,5,Kershaw County                ,29,29,3695914,0,0,0,0,0,0,0,0,0,25,25,3284528,0,0,0,0,0,0,0,0,0
201402,45,059,3,5,Laurens County                ,13,13,1730788,0,0,0,0,0,0,0,0,0,13,13,1730788,0,0,0,0,0,0,0,0,0
201402,45,063,3,5,Lexington County              ,227,227,43997465,0,0,0,0,0,0,2,54,5001849,29,29,4791949,0,0,0,0,0,0,0,0,0
201402,45,077,3,5,Pickens County                ,60,60,18427472,0,0,0,0,0,0,0,0,0,48,48,16571106,0,0,0,0,0,0,0,0,0
201402,45,079,3,5,Richland County               ,208,208,27436128,0,0,0,0,0,0,4,74,4176764,31,31,6593665,0,0,0,0,0,0,0,0,0
201402,45,081,3,5,Saluda County                 ,4,4,628820,0,0,0,0,0,0,0,0,0,4,4,628820,0,0,0,0,0,0,0,0,0
201402,45,085,3,5,Sumter County                 ,47,47,6157570,0,0,0,0,0,0,0,0,0,47,47,6157570,0,0,0,0,0,0,0,0,0
201402,45,091,3,5,York County                   ,206,206,60370303,0,0,0,0,0,0,2,46,5148042,70,70,24772821,0,0,0,0,0,0,0,0,0
201402,46,005,2,4,Beadle County                 ,0,0,0,0,0,0,0,0,0,0,0,0,0,0,0,0,0,0,0,0,0,0,0,0
201402,46,069,2,4,Hyde County                   ,0,0,0,0,0,0,0,0,0,0,0,0,0,0,0,0,0,0,0,0,0,0,0,0
201402,46,121,2,4,Todd County                   ,0,0,0,0,0,0,0,0,0,0,0,0,0,0,0,0,0,0,0,0,0,0,0,0
201402,47,011,3,6,Bradley County                ,54,54,7369105,0,0,0,1,4,144000,0,0,0,47,47,6702015,0,0,0,1,4,144000,0,0,0
201402,47,015,3,6,Cannon County                 ,2,2,252654,0,0,0,0,0,0,0,0,0,0,0,0,0,0,0,0,0,0,0,0,0
201402,47,021,3,6,Cheatham County               ,5,5,689000,0,0,0,0,0,0,0,0,0,5,5,689000,0,0,0,0,0,0,0,0,0
201402,47,037,3,6,Davidson County               ,381,381,78480961,1,2,313440,0,0,0,16,592,70565297,381,381,78480961,1,2,313440,0,0,0,16,592,70565297
201402,47,039,3,6,Decatur County                ,0,0,0,0,0,0,0,0,0,0,0,0,0,0,0,0,0,0,0,0,0,0,0,0
201402,47,043,3,6,Dickson County                ,17,17,4366249,0,0,0,0,0,0,0,0,0,17,17,4366249,0,0,0,0,0,0,0,0,0
201402,47,047,3,6,Fayette County                ,42,42,12655246,0,0,0,0,0,0,0,0,0,31,31,10510246,0,0,0,0,0,0,0,0,0
201402,47,063,3,6,Hamblen County                ,7,7,1070143,1,2,127500,0,0,0,0,0,0,4,4,770000,0,0,0,0,0,0,0,0,0
201402,47,071,3,6,Hardin County                 ,0,0,0,0,0,0,0,0,0,0,0,0,0,0,0,0,0,0,0,0,0,0,0,0
201402,47,081,3,6,Hickman County                ,0,0,0,0,0,0,0,0,0,0,0,0,0,0,0,0,0,0,0,0,0,0,0,0
201402,47,091,3,6,Johnson County                ,0,0,0,0,0,0,0,0,0,0,0,0,0,0,0,0,0,0,0,0,0,0,0,0
201402,47,093,3,6,Knox County                   ,176,176,28242391,0,0,0,0,0,0,2,19,1500000,176,176,28242391,0,0,0,0,0,0,2,19,1500000
201402,47,111,3,6,Macon County                  ,2,2,130000,0,0,0,0,0,0,0,0,0,2,2,130000,0,0,0,0,0,0,0,0,0
201402,47,113,3,6,Madison County                ,24,24,4446530,0,0,0,0,0,0,0,0,0,24,24,4446530,0,0,0,0,0,0,0,0,0
201402,47,125,3,6,Montgomery County             ,203,203,24543192,0,0,0,0,0,0,0,0,0,203,203,24543192,0,0,0,0,0,0,0,0,0
201402,47,141,3,6,Putnam County                 ,48,48,5893595,0,0,0,0,0,0,0,0,0,48,48,5893595,0,0,0,0,0,0,0,0,0
201402,47,147,3,6,Robertson County              ,37,37,5374032,0,0,0,0,0,0,0,0,0,34,34,5079755,0,0,0,0,0,0,0,0,0
201402,47,149,3,6,Rutherford County             ,227,227,42293995,0,0,0,0,0,0,21,577,36954410,200,200,38874549,0,0,0,0,0,0,20,553,35697424
201402,47,157,3,6,Shelby County                 ,146,146,31479961,0,0,0,0,0,0,2,236,15850000,146,146,31479961,0,0,0,0,0,0,2,236,15850000
201402,47,159,3,6,Smith County                  ,5,5,988289,0,0,0,0,0,0,0,0,0,5,5,988289,0,0,0,0,0,0,0,0,0
201402,47,165,3,6,Sumner County                 ,108,108,21259478,0,0,0,0,0,0,0,0,0,66,66,12299612,0,0,0,0,0,0,0,0,0
201402,47,167,3,6,Tipton County                 ,22,22,3770765,0,0,0,0,0,0,0,0,0,14,14,2697285,0,0,0,0,0,0,0,0,0
201402,47,169,3,6,Trousdale County              ,2,2,446000,0,0,0,0,0,0,0,0,0,2,2,446000,0,0,0,0,0,0,0,0,0
201402,47,179,3,6,Washington County             ,41,41,8011673,0,0,0,0,0,0,0,0,0,41,41,8011673,0,0,0,0,0,0,0,0,0
201402,47,187,3,6,Williamson County             ,269,269,86999481,0,0,0,0,0,0,0,0,0,269,269,86999481,0,0,0,0,0,0,0,0,0
201402,47,189,3,6,Wilson County                 ,157,157,33702057,0,0,0,0,0,0,15,166,7481956,85,85,15594088,0,0,0,0,0,0,13,156,6050000
201402,48,013,3,7,Atascosa County               ,12,12,4207509,0,0,0,0,0,0,0,0,0,7,7,3449742,0,0,0,0,0,0,0,0,0
201402,48,015,3,7,Austin County                 ,2,2,313896,0,0,0,1,3,240000,0,0,0,0,0,0,0,0,0,1,3,240000,0,0,0
201402,48,019,3,7,Bandera County                ,0,0,0,0,0,0,0,0,0,0,0,0,0,0,0,0,0,0,0,0,0,0,0,0
201402,48,021,3,7,Bastrop County                ,12,12,1362943,0,0,0,0,0,0,0,0,0,12,12,1362943,0,0,0,0,0,0,0,0,0
201402,48,029,3,7,Bexar County                  ,528,528,101730738,3,6,661173,1,3,209599,16,304,23229554,241,241,54359973,1,2,312720,0,0,0,0,0,0
201402,48,039,3,7,Brazoria County               ,348,348,75257262,0,0,0,0,0,0,0,0,0,343,343,74649908,0,0,0,0,0,0,0,0,0
201402,48,041,3,7,Brazos County                 ,185,185,30378023,6,12,1776120,0,0,0,4,21,1359348,185,185,30378023,6,12,1776120,0,0,0,4,21,1359348
201402,48,055,3,7,Caldwell County               ,4,4,449628,0,0,0,0,0,0,0,0,0,1,1,65000,0,0,0,0,0,0,0,0,0
201402,48,063,3,7,Camp County                   ,1,1,70000,0,0,0,0,0,0,0,0,0,1,1,70000,0,0,0,0,0,0,0,0,0
201402,48,071,3,7,Chambers County               ,68,68,13084982,0,0,0,0,0,0,0,0,0,49,49,9693482,0,0,0,0,0,0,0,0,0
201402,48,085,3,7,Collin County                 ,926,926,290121843,4,8,1025992,0,0,0,14,669,47519404,837,837,255118752,4,8,1025992,0,0,0,14,669,47519404
201402,48,091,3,7,Comal County                  ,294,294,67120305,6,12,1005793,1,3,250146,0,0,0,294,294,67120305,6,12,1005793,1,3,250146,0,0,0
201402,48,113,3,7,Dallas County                 ,619,619,174940440,6,12,1052560,2,8,713500,48,2157,161309719,588,588,163149861,6,12,1052560,2,8,713500,48,2157,161309719
201402,48,117,3,7,Deaf Smith County             ,0,0,0,0,0,0,0,0,0,0,0,0,0,0,0,0,0,0,0,0,0,0,0,0
201402,48,119,3,7,Delta County                  ,0,0,0,0,0,0,0,0,0,0,0,0,0,0,0,0,0,0,0,0,0,0,0,0
201402,48,121,3,7,Denton County                 ,394,394,134269555,2,4,408000,0,0,0,4,20,1800000,385,385,131502884,2,4,408000,0,0,0,4,20,1800000
201402,48,133,3,7,Eastland County               ,0,0,0,0,0,0,0,0,0,0,0,0,0,0,0,0,0,0,0,0,0,0,0,0
201402,48,135,3,7,Ector County                  ,71,71,14868525,0,0,0,0,0,0,0,0,0,71,71,14868525,0,0,0,0,0,0,0,0,0
201402,48,139,3,7,Ellis County                  ,175,175,30283969,0,0,0,0,0,0,1,9,939130,159,159,28128675,0,0,0,0,0,0,0,0,0
201402,48,157,3,7,Fort Bend County              ,1174,1174,51188716,1,2,184162,1,3,450000,5,37,2895563,159,159,45655392,0,0,0,1,3,450000,0,0,0
201402,48,167,3,7,Galveston County              ,355,355,73782214,0,0,0,0,0,0,1,20,3208899,258,258,55803873,0,0,0,0,0,0,0,0,0
201402,48,187,3,7,Guadalupe County              ,112,112,26473499,0,0,0,0,0,0,0,0,0,105,105,25527882,0,0,0,0,0,0,0,0,0
201402,48,201,3,7,Harris County                 ,2858,2858,534766660,6,12,2076214,5,18,1655000,104,2570,221472181,2839,2839,530460765,6,12,2076214,5,18,1655000,104,2570,221472181
201402,48,209,3,7,Hays County                   ,285,285,52338358,0,0,0,0,0,0,34,368,24702952,126,126,23528003,0,0,0,0,0,0,0,0,0
201402,48,215,3,7,Hidalgo County                ,405,405,60195106,27,54,3140466,7,28,1110000,4,27,1368785,389,389,58902335,27,54,3140466,7,28,1110000,4,27,1368785
201402,48,231,3,7,Hunt County                   ,6,6,1314464,0,0,0,0,0,0,0,0,0,4,4,956822,0,0,0,0,0,0,0,0,0
201402,48,233,3,7,Hutchinson County             ,0,0,0,0,0,0,0,0,0,0,0,0,0,0,0,0,0,0,0,0,0,0,0,0
201402,48,251,3,7,Johnson County                ,135,135,26687171,0,0,0,0,0,0,0,0,0,99,99,20667922,0,0,0,0,0,0,0,0,0
201402,48,257,3,7,Kaufman County                ,43,43,8821474,0,0,0,0,0,0,0,0,0,42,42,8669690,0,0,0,0,0,0,0,0,0
201402,48,259,3,7,Kendall County                ,49,49,12458787,0,0,0,0,0,0,0,0,0,29,29,8179579,0,0,0,0,0,0,0,0,0
201402,48,271,3,7,Kinney County                 ,0,0,0,0,0,0,0,0,0,0,0,0,0,0,0,0,0,0,0,0,0,0,0,0
201402,48,291,3,7,Liberty County                ,44,44,5777320,0,0,0,0,0,0,0,0,0,43,43,5669060,0,0,0,0,0,0,0,0,0
201402,48,307,3,7,McCulloch County              ,0,0,0,0,0,0,0,0,0,0,0,0,0,0,0,0,0,0,0,0,0,0,0,0
201402,48,323,3,7,Maverick County               ,12,12,867957,0,0,0,0,0,0,0,0,0,7,7,501684,0,0,0,0,0,0,0,0,0
201402,48,325,3,7,Medina County                 ,4,4,384000,0,0,0,0,0,0,1,24,550000,4,4,384000,0,0,0,0,0,0,1,24,550000
201402,48,329,3,7,Midland County                ,150,150,29837370,0,0,0,0,0,0,11,300,24000000,150,150,29837370,0,0,0,0,0,0,11,300,24000000
201402,48,339,3,7,Montgomery County             ,804,804,209514915,1,2,100000,0,0,0,0,0,0,795,795,206920401,1,2,100000,0,0,0,0,0,0
201402,48,353,3,7,Nolan County                  ,0,0,0,0,0,0,0,0,0,0,0,0,0,0,0,0,0,0,0,0,0,0,0,0
201402,48,359,3,7,Oldham County                 ,0,0,0,0,0,0,0,0,0,0,0,0,0,0,0,0,0,0,0,0,0,0,0,0
201402,48,367,3,7,Parker County                 ,75,75,13470252,0,0,0,0,0,0,2,13,1379557,71,71,12981460,0,0,0,0,0,0,0,0,0
201402,48,375,3,7,Potter County                 ,83,83,20884733,0,0,0,6,24,854143,10,240,26788540,83,83,20884733,0,0,0,6,24,854143,10,240,26788540
201402,48,383,3,7,Reagan County                 ,0,0,0,0,0,0,0,0,0,0,0,0,0,0,0,0,0,0,0,0,0,0,0,0
201402,48,385,3,7,Real County                   ,0,0,0,0,0,0,0,0,0,0,0,0,0,0,0,0,0,0,0,0,0,0,0,0
201402,48,397,3,7,Rockwall County               ,131,131,42710828,0,0,0,0,0,0,0,0,0,131,131,42710828,0,0,0,0,0,0,0,0,0
201402,48,407,3,7,San Jacinto County            ,0,0,0,0,0,0,0,0,0,0,0,0,0,0,0,0,0,0,0,0,0,0,0,0
201402,48,435,3,7,Sutton County                 ,0,0,0,0,0,0,0,0,0,0,0,0,0,0,0,0,0,0,0,0,0,0,0,0
201402,48,437,3,7,Swisher County                ,0,0,0,0,0,0,0,0,0,0,0,0,0,0,0,0,0,0,0,0,0,0,0,0
201402,48,439,3,7,Tarrant County                ,896,896,195877540,9,18,1781323,8,32,2467056,35,502,38557290,851,851,177704069,9,18,1781323,8,32,2467056,35,502,38557290
201402,48,451,3,7,Tom Green County              ,46,46,9746370,0,0,0,0,0,0,11,176,5500000,46,46,9746370,0,0,0,0,0,0,11,176,5500000
201402,48,453,3,7,Travis County                 ,768,768,169440574,35,70,9807996,0,0,0,34,633,54517480,729,729,161756733,35,70,9807996,0,0,0,34,633,54517480
201402,48,463,3,7,Uvalde County                 ,1,1,70000,0,0,0,0,0,0,0,0,0,1,1,70000,0,0,0,0,0,0,0,0,0
201402,48,469,3,7,Victoria County               ,19,19,3279500,0,0,0,0,0,0,1,5,352432,9,9,1463160,0,0,0,0,0,0,0,0,0
201402,48,471,3,7,Walker County                 ,12,12,2130781,0,0,0,0,0,0,0,0,0,12,12,2130781,0,0,0,0,0,0,0,0,0
201402,48,473,3,7,Waller County                 ,3,3,459430,0,0,0,0,0,0,2,13,288347,1,1,280000,0,0,0,0,0,0,0,0,0
201402,48,479,3,7,Webb County                   ,137,137,19995313,0,0,0,2,7,330666,2,145,8850289,0,0,0,0,0,0,0,0,0,0,0,0
201402,48,491,3,7,Williamson County             ,552,552,136155199,0,0,0,1,3,329154,3,33,2266624,552,552,136155199,0,0,0,1,3,329154,3,33,2266624
201402,48,493,3,7,Wilson County                 ,9,9,1824617,0,0,0,0,0,0,2,10,480000,6,6,1445287,0,0,0,0,0,0,0,0,0
201402,48,497,3,7,Wise County                   ,3,3,514000,0,0,0,0,0,0,0,0,0,3,3,514000,0,0,0,0,0,0,0,0,0
201402,49,009,4,8,Daggett County                ,0,0,0,0,0,0,0,0,0,0,0,0,0,0,0,0,0,0,0,0,0,0,0,0
201402,49,019,4,8,Grand County                  ,8,8,2049357,0,0,0,0,0,0,2,10,1246056,4,4,1103478,0,0,0,0,0,0,0,0,0
201402,49,021,4,8,Iron County                   ,20,20,3742652,0,0,0,0,0,0,0,0,0,14,14,2449446,0,0,0,0,0,0,0,0,0
201402,49,033,4,8,Rich County                   ,4,4,1159676,0,0,0,0,0,0,0,0,0,2,2,825000,0,0,0,0,0,0,0,0,0
201402,49,035,4,8,Salt Lake County              ,420,420,107201544,11,22,3218989,11,38,5155594,30,610,62664907,368,368,95963431,11,22,3218989,10,35,4953318,27,581,60091305
201402,49,039,4,8,Sanpete County                ,2,2,228264,0,0,0,0,0,0,0,0,0,2,2,228264,0,0,0,0,0,0,0,0,0
201402,49,043,4,8,Summit County                 ,18,18,8380704,0,0,0,0,0,0,0,0,0,8,8,2877990,0,0,0,0,0,0,0,0,0
201402,49,045,4,8,Tooele County                 ,41,41,6241893,0,0,0,0,0,0,0,0,0,19,19,3035450,0,0,0,0,0,0,0,0,0
201402,49,051,4,8,Wasatch County                ,56,56,19303919,0,0,0,0,0,0,0,0,0,56,56,19303919,0,0,0,0,0,0,0,0,0
201402,51,003,3,5,Albemarle County              ,83,83,21771397,0,0,0,0,0,0,0,0,0,53,53,13773202,0,0,0,0,0,0,0,0,0
201402,51,007,3,5,Amelia County                 ,7,7,1805760,0,0,0,0,0,0,0,0,0,7,7,1805760,0,0,0,0,0,0,0,0,0
201402,51,013,3,5,Arlington County              ,21,21,1919000,0,0,0,0,0,0,0,0,0,21,21,1919000,0,0,0,0,0,0,0,0,0
201402,51,015,3,5,Augusta County                ,9,9,1752963,0,0,0,0,0,0,0,0,0,9,9,1752963,0,0,0,0,0,0,0,0,0
201402,51,019,3,5,Bedford County                ,32,32,7461636,0,0,0,0,0,0,1,24,1500000,32,32,7461636,0,0,0,0,0,0,1,24,1500000
201402,51,023,3,5,Botetourt County              ,12,12,3684993,0,0,0,0,0,0,0,0,0,12,12,3684993,0,0,0,0,0,0,0,0,0
201402,51,031,3,5,Campbell County               ,13,13,2423000,1,2,140000,0,0,0,0,0,0,13,13,2423000,1,2,140000,0,0,0,0,0,0
201402,51,033,3,5,Caroline County               ,13,13,1930080,0,0,0,0,0,0,0,0,0,13,13,1930080,0,0,0,0,0,0,0,0,0
201402,51,036,3,5,Charles City County           ,3,3,498397,0,0,0,0,0,0,0,0,0,0,0,0,0,0,0,0,0,0,0,0,0
201402,51,037,3,5,Charlotte County              ,0,0,0,0,0,0,0,0,0,0,0,0,0,0,0,0,0,0,0,0,0,0,0,0
201402,51,041,3,5,Chesterfield County           ,137,137,27244607,0,0,0,2,7,1016916,0,0,0,137,137,27244607,0,0,0,2,7,1016916,0,0,0
201402,51,043,3,5,Clarke County                 ,7,7,1530000,0,0,0,0,0,0,0,0,0,7,7,1530000,0,0,0,0,0,0,0,0,0
201402,51,047,3,5,Culpeper County               ,24,24,5374745,0,0,0,0,0,0,0,0,0,24,24,5374745,0,0,0,0,0,0,0,0,0
201402,51,049,3,5,Cumberland County             ,4,4,845000,0,0,0,0,0,0,0,0,0,4,4,845000,0,0,0,0,0,0,0,0,0
201402,51,053,3,5,Dinwiddie County              ,10,10,1412404,0,0,0,0,0,0,0,0,0,0,0,0,0,0,0,0,0,0,0,0,0
201402,51,059,3,5,Fairfax County                ,110,110,22613764,0,0,0,0,0,0,2,911,87000000,110,110,22613764,0,0,0,0,0,0,2,911,87000000
201402,51,061,3,5,Fauquier County               ,34,34,6829094,0,0,0,0,0,0,0,0,0,32,32,6462220,0,0,0,0,0,0,0,0,0
201402,51,065,3,5,Fluvanna County               ,14,14,2609642,0,0,0,0,0,0,0,0,0,7,7,1408549,0,0,0,0,0,0,0,0,0
201402,51,067,3,5,Franklin County               ,12,12,3081473,0,0,0,0,0,0,0,0,0,12,12,3081473,0,0,0,0,0,0,0,0,0
201402,51,069,3,5,Frederick County              ,51,51,11850569,0,0,0,0,0,0,0,0,0,51,51,11850569,0,0,0,0,0,0,0,0,0
201402,51,073,3,5,Gloucester County             ,20,20,4293670,0,0,0,0,0,0,0,0,0,20,20,4293670,0,0,0,0,0,0,0,0,0
201402,51,075,3,5,Goochland County              ,30,30,8402894,0,0,0,0,0,0,0,0,0,30,30,8402894,0,0,0,0,0,0,0,0,0
201402,51,079,3,5,Greene County                 ,12,12,2565886,0,0,0,0,0,0,0,0,0,12,12,2565886,0,0,0,0,0,0,0,0,0
201402,51,085,3,5,Hanover County                ,69,69,13635453,0,0,0,0,0,0,0,0,0,69,69,13635453,0,0,0,0,0,0,0,0,0
201402,51,087,3,5,Henrico County                ,116,116,21604119,0,0,0,0,0,0,0,0,0,116,116,21604119,0,0,0,0,0,0,0,0,0
201402,51,093,3,5,Isle of Wight County          ,13,13,2764440,0,0,0,0,0,0,0,0,0,5,5,1327974,0,0,0,0,0,0,0,0,0
201402,51,095,3,5,James City County             ,61,61,15705878,0,0,0,0,0,0,6,58,613748,61,61,15705878,0,0,0,0,0,0,6,58,613748
201402,51,097,3,5,King and Queen County         ,2,2,400000,0,0,0,0,0,0,0,0,0,2,2,400000,0,0,0,0,0,0,0,0,0
201402,51,099,3,5,King George County            ,16,16,3599750,0,0,0,0,0,0,0,0,0,16,16,3599750,0,0,0,0,0,0,0,0,0
201402,51,101,3,5,King William County           ,13,13,1598600,0,0,0,0,0,0,0,0,0,13,13,1598600,0,0,0,0,0,0,0,0,0
201402,51,107,3,5,Loudoun County                ,544,544,108258001,0,0,0,0,0,0,7,107,8178546,544,544,108258001,0,0,0,0,0,0,7,107,8178546
201402,51,109,3,5,Louisa County                 ,27,27,6349778,0,0,0,0,0,0,0,0,0,27,27,6349778,0,0,0,0,0,0,0,0,0
201402,51,115,3,5,Mathews County                ,4,4,779698,0,0,0,0,0,0,0,0,0,4,4,779698,0,0,0,0,0,0,0,0,0
201402,51,119,3,5,Middlesex County              ,3,3,730867,0,0,0,0,0,0,0,0,0,3,3,730867,0,0,0,0,0,0,0,0,0
201402,51,127,3,5,New Kent County               ,31,31,5378017,0,0,0,0,0,0,0,0,0,31,31,5378017,0,0,0,0,0,0,0,0,0
201402,51,137,3,5,Orange County                 ,8,8,2756537,0,0,0,0,0,0,0,0,0,8,8,2756537,0,0,0,0,0,0,0,0,0
201402,51,143,3,5,Pittsylvania County           ,13,13,1819485,1,2,60000,1,3,60000,1,5,295125,0,0,0,0,0,0,0,0,0,0,0,0
201402,51,145,3,5,Powhatan County               ,20,20,4661086,0,0,0,0,0,0,0,0,0,20,20,4661086,0,0,0,0,0,0,0,0,0
201402,51,149,3,5,Prince George County          ,7,7,1168749,0,0,0,0,0,0,0,0,0,7,7,1168749,0,0,0,0,0,0,0,0,0
201402,51,153,3,5,Prince William County         ,227,227,54553824,0,0,0,1,4,148000,2,59,4058112,96,96,19697241,0,0,0,0,0,0,0,0,0
201402,51,157,3,5,Rappahannock County           ,2,2,571000,0,0,0,0,0,0,0,0,0,2,2,571000,0,0,0,0,0,0,0,0,0
201402,51,161,3,5,Roanoke County                ,16,16,2619223,0,0,0,0,0,0,0,0,0,16,16,2619223,0,0,0,0,0,0,0,0,0
201402,51,163,3,5,Rockbridge County             ,7,7,1110503,0,0,0,0,0,0,0,0,0,0,0,0,0,0,0,0,0,0,0,0,0
201402,51,165,3,5,Rockingham County             ,43,43,9300500,0,0,0,0,0,0,0,0,0,43,43,9300500,0,0,0,0,0,0,0,0,0
201402,51,169,3,5,Scott County                  ,4,4,393276,0,0,0,0,0,0,0,0,0,1,1,10000,0,0,0,0,0,0,0,0,0
201402,51,171,3,5,Shenandoah County             ,11,11,2191000,0,0,0,0,0,0,0,0,0,11,11,2191000,0,0,0,0,0,0,0,0,0
201402,51,177,3,5,Spotsylvania County           ,55,55,13828658,0,0,0,0,0,0,0,0,0,0,0,0,0,0,0,0,0,0,0,0,0
201402,51,179,3,5,Stafford County               ,140,140,31341996,0,0,0,0,0,0,0,0,0,140,140,31341996,0,0,0,0,0,0,0,0,0
201402,51,181,3,5,Surry County                  ,1,1,123723,0,0,0,0,0,0,0,0,0,0,0,0,0,0,0,0,0,0,0,0,0
201402,51,183,3,5,Sussex County                 ,0,0,0,0,0,0,0,0,0,0,0,0,0,0,0,0,0,0,0,0,0,0,0,0
201402,51,187,3,5,Warren County                 ,5,5,1479500,0,0,0,0,0,0,0,0,0,5,5,1479500,0,0,0,0,0,0,0,0,0
201402,51,199,3,5,York County                   ,10,10,3029919,0,0,0,2,8,1090343,0,0,0,10,10,3029919,0,0,0,2,8,1090343,0,0,0
201402,51,510,3,5,Alexandria (Independent City) ,27,27,5754350,0,0,0,0,0,0,4,731,76787894,14,14,3115000,0,0,0,0,0,0,3,698,72508302
201402,51,530,3,5,Buena Vista (Independent City),0,0,0,0,0,0,0,0,0,0,0,0,0,0,0,0,0,0,0,0,0,0,0,0
201402,51,550,3,5,Chesapeake(Independent City)  ,139,139,27479460,0,0,0,0,0,0,0,0,0,139,139,27479460,0,0,0,0,0,0,0,0,0
201402,51,570,3,5,Colonial Heights (Independent ,2,2,160000,0,0,0,0,0,0,0,0,0,2,2,160000,0,0,0,0,0,0,0,0,0
201402,51,580,3,5,Covington (Independent City)  ,2,2,248454,0,0,0,0,0,0,0,0,0,0,0,0,0,0,0,0,0,0,0,0,0
201402,51,600,3,5,Fairfax (Independent City)    ,9,9,1000000,0,0,0,0,0,0,0,0,0,9,9,1000000,0,0,0,0,0,0,0,0,0
201402,51,610,3,5,Falls Church (Independent City,11,11,2642500,0,0,0,0,0,0,0,0,0,11,11,2642500,0,0,0,0,0,0,0,0,0
201402,51,630,3,5,Fredericksburg(Independent Cit,7,7,1400374,0,0,0,0,0,0,0,0,0,7,7,1400374,0,0,0,0,0,0,0,0,0
201402,51,650,3,5,Hampton (Independent City)    ,25,25,3220810,0,0,0,0,0,0,0,0,0,0,0,0,0,0,0,0,0,0,0,0,0
201402,51,660,3,5,Harrisonburg (Independent City,15,15,1617713,4,8,1380000,0,0,0,2,24,1471990,15,15,1617713,4,8,1380000,0,0,0,2,24,1471990
201402,51,670,3,5,Hopewell (Independent City)   ,2,2,205000,0,0,0,0,0,0,0,0,0,2,2,205000,0,0,0,0,0,0,0,0,0
201402,51,680,3,5,Lynchburg (Independent City)  ,9,9,1261560,0,0,0,0,0,0,0,0,0,9,9,1261560,0,0,0,0,0,0,0,0,0
201402,51,683,3,5,Manassas (Independent City)   ,18,18,2468094,0,0,0,0,0,0,0,0,0,0,0,0,0,0,0,0,0,0,0,0,0
201402,51,685,3,5,Manassas Park (Independent Cit,2,2,500000,0,0,0,0,0,0,0,0,0,0,0,0,0,0,0,0,0,0,0,0,0
201402,51,700,3,5,Newport News (Independent City,26,26,1678317,0,0,0,0,0,0,0,0,0,26,26,1678317,0,0,0,0,0,0,0,0,0
201402,51,710,3,5,Norfolk (Independent City)    ,57,57,11695237,0,0,0,0,0,0,0,0,0,57,57,11695237,0,0,0,0,0,0,0,0,0
201402,51,730,3,5,Petersburg (Independent City) ,2,2,516000,0,0,0,0,0,0,0,0,0,2,2,516000,0,0,0,0,0,0,0,0,0
201402,51,735,3,5,Poquoson (Independent City)   ,1,1,100000,0,0,0,0,0,0,0,0,0,1,1,100000,0,0,0,0,0,0,0,0,0
201402,51,740,3,5,Portsmouth (Independent City) ,12,12,2400353,0,0,0,0,0,0,1,8,464645,7,7,1436257,0,0,0,0,0,0,0,0,0
201402,51,760,3,5,Richmond (Independent City)   ,27,27,5534087,7,14,1460560,0,0,0,0,0,0,27,27,5534087,7,14,1460560,0,0,0,0,0,0
201402,51,770,3,5,Roanoke (Independent City)    ,4,4,631370,0,0,0,0,0,0,0,0,0,4,4,631370,0,0,0,0,0,0,0,0,0
201402,51,800,3,5,Suffolk (Independent City)    ,53,53,10561114,1,2,115000,0,0,0,0,0,0,53,53,10561114,1,2,115000,0,0,0,0,0,0
201402,51,810,3,5,Virginia Beach (Independent Ci,77,77,13930493,0,0,0,0,0,0,2,48,2099400,77,77,13930493,0,0,0,0,0,0,2,48,2099400
201402,51,830,3,5,Williamsburg (Independent City,0,0,0,0,0,0,0,0,0,0,0,0,0,0,0,0,0,0,0,0,0,0,0,0
201402,53,011,4,9,Clark County                  ,183,183,48338079,0,0,0,0,0,0,12,269,18808588,75,75,15252876,0,0,0,0,0,0,9,243,16795702
201402,53,033,4,9,King County                   ,645,645,202858655,29,58,11401226,12,43,7286205,14,595,66596205,588,588,183611528,29,58,11401226,12,43,7286205,10,532,58494611
201402,53,041,4,9,Lewis County                  ,11,11,2073386,0,0,0,0,0,0,0,0,0,11,11,2073386,0,0,0,0,0,0,0,0,0
201402,53,053,4,9,Pierce County                 ,367,367,98718096,1,2,246854,2,8,1737754,9,140,10384712,357,357,96134265,1,2,246854,2,8,1737754,7,120,8820301
201402,53,059,4,9,Skamania County               ,4,4,791198,0,0,0,0,0,0,0,0,0,2,2,325797,0,0,0,0,0,0,0,0,0
201402,53,061,4,9,Snohomish County              ,332,332,85725226,6,12,2370544,0,0,0,3,50,5628479,331,331,85409819,6,12,2370544,0,0,0,3,50,5628479
201402,54,037,3,5,Jefferson County              ,27,27,6924673,0,0,0,0,0,0,0,0,0,27,27,6924673,0,0,0,0,0,0,0,0,0
201402,54,043,3,5,Lincoln County                ,2,2,215000,0,0,0,0,0,0,0,0,0,2,2,215000,0,0,0,0,0,0,0,0,0
201402,55,021,2,3,Columbia County               ,1,1,200000,0,0,0,0,0,0,0,0,0,1,1,200000,0,0,0,0,0,0,0,0,0
201402,55,025,2,3,Dane County                   ,103,103,29767685,1,2,189366,0,0,0,8,149,17786759,79,79,25069622,0,0,0,0,0,0,0,0,0
201402,55,031,2,3,Douglas County                ,3,3,368341,0,0,0,0,0,0,0,0,0,3,3,368341,0,0,0,0,0,0,0,0,0
201402,55,037,2,3,Florence County               ,0,0,0,0,0,0,0,0,0,0,0,0,0,0,0,0,0,0,0,0,0,0,0,0
201402,55,049,2,3,Iowa County                   ,1,1,200000,0,0,0,0,0,0,0,0,0,1,1,200000,0,0,0,0,0,0,0,0,0
201402,55,059,2,3,Kenosha County                ,15,15,4350650,0,0,0,0,0,0,2,88,6000000,15,15,4350650,0,0,0,0,0,0,2,88,6000000
201402,55,079,2,3,Milwaukee County              ,13,13,3553733,0,0,0,0,0,0,7,129,7412458,12,12,3313733,0,0,0,0,0,0,7,129,7412458
201402,55,089,2,3,Ozaukee County                ,14,14,4678378,0,0,0,0,0,0,0,0,0,7,7,1813525,0,0,0,0,0,0,0,0,0
201402,55,093,2,3,Pierce County                 ,5,5,776976,0,0,0,0,0,0,0,0,0,4,4,584726,0,0,0,0,0,0,0,0,0
201402,55,109,2,3,St. Croix County              ,13,13,2555002,0,0,0,0,0,0,0,0,0,11,11,2295000,0,0,0,0,0,0,0,0,0
201402,55,113,2,3,Sawyer County                 ,0,0,0,0,0,0,0,0,0,0,0,0,0,0,0,0,0,0,0,0,0,0,0,0
201402,55,131,2,3,Washington County             ,15,15,3731861,0,0,0,0,0,0,0,0,0,8,8,1834457,0,0,0,0,0,0,0,0,0
201402,55,133,2,3,Waukesha County               ,96,96,30991227,0,0,0,0,0,0,0,0,0,89,89,27882339,0,0,0,0,0,0,0,0,0
201402,56,019,4,8,Johnson County                ,3,3,579600,0,0,0,0,0,0,0,0,0,3,3,579600,0,0,0,0,0,0,0,0,0
201402,56,039,4,8,Teton County                  ,22,22,19218049,0,0,0,0,0,0,1,5,428316,19,19,18579996,0,0,0,0,0,0,0,0,0
