Survey,FIPS,FIPS,Region,Division,County,,1-unit,,,2-units,,,3-4 units,,,5+ units,,,1-unit rep,,,2-units rep,,,3-4 units rep,,, 5+units rep
Date,State,County,Code,Code,Name,Bldgs,Units,Value,Bldgs,Units,Value,Bldgs,Units,Value,Bldgs,Units,Value,Bldgs,Units,Value,Bldgs,Units,Value,Bldgs,Units,Value,Bldgs,Units,Value
 
201504,01,001,3,6,Autauga County                ,63,63,16407583,0,0,0,0,0,0,0,0,0,63,63,16407583,0,0,0,0,0,0,0,0,0
201504,01,007,3,6,Bibb County                   ,8,8,1351236,0,0,0,0,0,0,0,0,0,0,0,0,0,0,0,0,0,0,0,0,0
201504,01,009,3,6,Blount County                 ,1,1,98505,0,0,0,0,0,0,2,40,3831302,1,1,98505,0,0,0,0,0,0,2,40,3831302
201504,01,021,3,6,Chilton County                ,5,5,570000,0,0,0,0,0,0,0,0,0,5,5,570000,0,0,0,0,0,0,0,0,0
201504,01,073,3,6,Jefferson County              ,465,465,121155037,0,0,0,0,0,0,7,179,19565152,446,446,118063225,0,0,0,0,0,0,4,164,18762421
201504,01,083,3,6,Limestone County              ,31,31,6142228,0,0,0,0,0,0,0,0,0,30,30,6014228,0,0,0,0,0,0,0,0,0
201504,01,089,3,6,Madison County                ,576,576,84282761,1,2,219948,4,16,340000,6,104,7937782,531,531,76396957,1,2,219948,4,16,340000,6,104,7937782
201504,01,113,3,6,Russell County                ,67,67,11707214,0,0,0,0,0,0,0,0,0,56,56,9760190,0,0,0,0,0,0,0,0,0
201504,01,115,3,6,St. Clair County              ,32,32,5302438,0,0,0,0,0,0,0,0,0,32,32,5302438,0,0,0,0,0,0,0,0,0
201504,01,117,3,6,Shelby County                 ,314,314,74127785,0,0,0,0,0,0,0,0,0,186,186,42139784,0,0,0,0,0,0,0,0,0
201504,01,127,3,6,Walker County                 ,6,6,1725000,0,0,0,0,0,0,0,0,0,6,6,1725000,0,0,0,0,0,0,0,0,0
201504,02,013,4,9,Aleutians East Borough        ,0,0,0,0,0,0,0,0,0,0,0,0,0,0,0,0,0,0,0,0,0,0,0,0
201504,02,016,4,9,Aleutians West Census Area    ,0,0,0,0,0,0,0,0,0,0,0,0,0,0,0,0,0,0,0,0,0,0,0,0
201504,02,020,4,9,Anchorage Borough             ,182,182,56221493,1,2,322399,4,12,2153266,2,16,2529529,0,0,0,0,0,0,0,0,0,0,0,0
201504,02,020,4,9,Anchorage Municipality        ,182,182,56221493,1,2,322399,4,12,2153266,2,16,2529529,0,0,0,0,0,0,0,0,0,0,0,0
201504,02,050,4,9,Bethel Census Area            ,1,1,300000,0,0,0,0,0,0,0,0,0,1,1,300000,0,0,0,0,0,0,0,0,0
201504,02,060,4,9,Bristol Bay Borough           ,1,1,129500,0,0,0,0,0,0,0,0,0,1,1,129500,0,0,0,0,0,0,0,0,0
201504,02,070,4,9,Dillingham Census Area        ,0,0,0,0,0,0,0,0,0,0,0,0,0,0,0,0,0,0,0,0,0,0,0,0
201504,02,090,4,9,Fairbanks North Star Borough  ,0,0,0,0,0,0,0,0,0,0,0,0,0,0,0,0,0,0,0,0,0,0,0,0
201504,02,100,4,9,Haines Borough                ,1,1,291587,0,0,0,0,0,0,0,0,0,1,1,291587,0,0,0,0,0,0,0,0,0
201504,02,105,4,9,Hoonah-Angoon Census Area     ,0,0,0,0,0,0,0,0,0,0,0,0,0,0,0,0,0,0,0,0,0,0,0,0
201504,02,110,4,9,Juneau Borough                ,23,23,5136355,2,4,646872,0,0,0,0,0,0,23,23,5136355,2,4,646872,0,0,0,0,0,0
201504,02,110,4,9,Juneau City and Borough       ,23,23,5136355,2,4,646872,0,0,0,0,0,0,23,23,5136355,2,4,646872,0,0,0,0,0,0
201504,02,122,4,9,Kenai Peninsula Borough       ,22,22,4266658,4,8,1122792,0,0,0,0,0,0,5,5,753000,3,6,785000,0,0,0,0,0,0
201504,02,130,4,9,Ketchikan Gateway Borough     ,4,4,1057135,0,0,0,0,0,0,0,0,0,4,4,1057135,0,0,0,0,0,0,0,0,0
201504,02,150,4,9,Kodiak Island Borough         ,3,3,515708,0,0,0,0,0,0,0,0,0,3,3,515708,0,0,0,0,0,0,0,0,0
201504,02,170,4,9,Matanuska-Susitna Borough     ,18,18,2954456,5,10,1301235,0,0,0,0,0,0,9,9,1644903,4,8,1043336,0,0,0,0,0,0
201504,02,180,4,9,Nome Census Area              ,2,2,200422,0,0,0,0,0,0,0,0,0,0,0,0,0,0,0,0,0,0,0,0,0
201504,02,185,4,9,North Slope Borough           ,5,5,1306096,0,0,0,0,0,0,0,0,0,4,4,1048617,0,0,0,0,0,0,0,0,0
201504,02,188,4,9,Northwest Arctic Borough      ,4,4,1538614,0,0,0,0,0,0,0,0,0,2,2,510365,0,0,0,0,0,0,0,0,0
201504,02,195,4,9,Petersburg Borough            ,2,2,234229,0,0,0,0,0,0,0,0,0,1,1,100000,0,0,0,0,0,0,0,0,0
201504,02,195,4,9,Petersburg Census Area        ,2,2,234229,0,0,0,0,0,0,0,0,0,1,1,100000,0,0,0,0,0,0,0,0,0
201504,02,198,4,9,Prince of Wales-Hyder Census A,0,0,0,0,0,0,0,0,0,0,0,0,0,0,0,0,0,0,0,0,0,0,0,0
201504,02,220,4,9,Sitka Borough                 ,4,4,1081458,2,4,622364,0,0,0,0,0,0,0,0,0,0,0,0,0,0,0,0,0,0
201504,02,220,4,9,Sitka City and Borough        ,4,4,1081458,2,4,622364,0,0,0,0,0,0,0,0,0,0,0,0,0,0,0,0,0,0
201504,02,230,4,9,Skagway Municipality          ,0,0,0,1,2,163000,0,0,0,0,0,0,0,0,0,0,0,0,0,0,0,0,0,0
201504,02,261,4,9,Valdez-Cordova Census Area    ,0,0,0,1,2,150000,0,0,0,0,0,0,0,0,0,1,2,150000,0,0,0,0,0,0
201504,02,270,4,9,Wade Hampton Census Area      ,0,0,0,0,0,0,0,0,0,0,0,0,0,0,0,0,0,0,0,0,0,0,0,0
201504,02,275,4,9,Wrangell City and Borough     ,1,1,100000,0,0,0,0,0,0,0,0,0,1,1,100000,0,0,0,0,0,0,0,0,0
201504,02,282,4,9,Yakutat Borough               ,0,0,0,0,0,0,0,0,0,0,0,0,0,0,0,0,0,0,0,0,0,0,0,0
201504,02,282,4,9,Yakutat City and Borough      ,0,0,0,0,0,0,0,0,0,0,0,0,0,0,0,0,0,0,0,0,0,0,0,0
201504,02,290,4,9,Yukon-Koyukuk Census Area     ,0,0,0,0,0,0,0,0,0,0,0,0,0,0,0,0,0,0,0,0,0,0,0,0
201504,04,013,4,8,Maricopa County               ,4601,4601,1280413683,22,44,8037265,35,128,19194894,175,2049,383661900,4594,4594,1278923718,22,44,8037265,35,128,19194894,170,1871,362992419
201504,04,019,4,8,Pima County                   ,717,717,190374172,7,14,688786,0,0,0,14,319,37497629,515,515,147766687,0,0,0,0,0,0,0,0,0
201504,04,021,4,8,Pinal County                  ,582,582,112072107,0,0,0,0,0,0,0,0,0,550,550,105105909,0,0,0,0,0,0,0,0,0
201504,05,013,3,7,Calhoun County                ,0,0,0,0,0,0,0,0,0,0,0,0,0,0,0,0,0,0,0,0,0,0,0,0
201504,05,035,3,7,Crittenden County             ,14,14,2105000,0,0,0,0,0,0,0,0,0,14,14,2105000,0,0,0,0,0,0,0,0,0
201504,05,045,3,7,Faulkner County               ,79,79,15186292,0,0,0,0,0,0,0,0,0,74,74,14239329,0,0,0,0,0,0,0,0,0
201504,05,053,3,7,Grant County                  ,3,3,411583,0,0,0,0,0,0,0,0,0,0,0,0,0,0,0,0,0,0,0,0,0
201504,05,085,3,7,Lonoke County                 ,95,95,9818149,3,6,354050,2,6,325250,0,0,0,28,28,4380384,3,6,354050,2,6,325250,0,0,0
201504,05,087,3,7,Madison County                ,0,0,0,0,0,0,0,0,0,0,0,0,0,0,0,0,0,0,0,0,0,0,0,0
201504,05,091,3,7,Miller County                 ,8,8,1424768,1,2,100000,0,0,0,0,0,0,4,4,790000,1,2,100000,0,0,0,0,0,0
201504,05,105,3,7,Perry County                  ,0,0,0,0,0,0,0,0,0,0,0,0,0,0,0,0,0,0,0,0,0,0,0,0
201504,05,119,3,7,Pulaski County                ,227,227,52280830,0,0,0,0,0,0,14,277,15652111,227,227,52280830,0,0,0,0,0,0,14,277,15652111
201504,05,129,3,7,Searcy County                 ,0,0,0,0,0,0,0,0,0,0,0,0,0,0,0,0,0,0,0,0,0,0,0,0
201504,05,143,3,7,Washington County             ,310,310,69311406,0,0,0,0,0,0,0,0,0,290,290,65016281,0,0,0,0,0,0,0,0,0
201504,06,001,4,9,Alameda County                ,493,493,177132507,3,6,1196950,8,28,5520499,21,929,133781977,452,452,163814806,3,6,1196950,8,28,5520499,20,924,133253131
201504,06,013,4,9,Contra Costa County           ,633,633,199642445,1,2,416494,3,11,2338117,4,40,5214509,621,621,196202463,1,2,416494,3,11,2338117,4,40,5214509
201504,06,017,4,9,El Dorado County              ,51,51,28942375,0,0,0,0,0,0,0,0,0,50,50,28711548,0,0,0,0,0,0,0,0,0
201504,06,019,4,9,Fresno County                 ,760,760,204659703,0,0,0,1,4,251773,12,112,6032488,476,476,130331744,0,0,0,0,0,0,7,65,2592574
201504,06,037,4,9,Los Angeles County            ,1455,1455,633134940,107,214,39562202,4,13,2012424,134,6737,1164621615,1301,1301,566197156,106,212,39174602,2,7,1241000,114,6550,1138165254
201504,06,041,4,9,Marin County                  ,83,83,37190526,0,0,0,0,0,0,5,59,5814486,47,47,23698205,0,0,0,0,0,0,0,0,0
201504,06,059,4,9,Orange County                 ,1167,1167,374848324,20,40,8685022,30,107,19817418,47,2299,317432096,1114,1114,340630426,13,26,4434950,30,107,19817418,45,2235,308555020
201504,06,061,4,9,Placer County                 ,613,613,192117416,1,2,410351,0,0,0,10,186,15073181,609,609,190809800,1,2,410351,0,0,0,10,186,15073181
201504,06,063,4,9,Plumas County                 ,9,9,1557938,0,0,0,0,0,0,0,0,0,9,9,1557938,0,0,0,0,0,0,0,0,0
201504,06,067,4,9,Sacramento County             ,519,519,135326633,6,12,1521545,0,0,0,2,228,31957274,512,512,133679183,6,12,1521545,0,0,0,2,228,31957274
201504,06,069,4,9,San Benito County             ,46,46,12178302,3,6,750111,0,0,0,0,0,0,36,36,9993636,3,6,750111,0,0,0,0,0,0
201504,06,071,4,9,San Bernardino County         ,869,869,214524096,53,106,17523932,22,77,12299497,86,629,65997309,778,778,195046711,49,98,16410052,19,67,10688592,73,493,54163426
201504,06,073,4,9,San Diego County              ,1150,1150,394502565,13,26,3884632,3,11,1675954,75,2076,279064693,1138,1138,388994916,13,26,3884632,3,11,1675954,71,2034,274759504
201504,06,075,4,9,San Francisco County          ,24,24,6362689,22,44,17830060,2,6,2100000,11,717,199380466,24,24,6362689,22,44,17830060,2,6,2100000,11,717,199380466
201504,06,081,4,9,San Mateo County              ,144,144,96974291,1,2,722400,1,3,1023750,16,383,73176182,95,95,68492093,0,0,0,1,3,1023750,10,262,51285214
201504,06,085,4,9,Santa Clara County            ,661,661,257077662,3,6,1822195,6,22,4811167,44,1125,173525436,633,633,248524116,2,4,1222195,5,19,4065909,40,1016,154603046
201504,06,091,4,9,Sierra County                 ,0,0,0,0,0,0,0,0,0,0,0,0,0,0,0,0,0,0,0,0,0,0,0,0
201504,06,113,4,9,Yolo County                   ,92,92,26532256,1,2,293907,0,0,0,0,0,0,92,92,26532256,1,2,293907,0,0,0,0,0,0
201504,08,001,4,8,Adams County                  ,446,446,103582053,0,0,0,4,15,2939927,1,10,1530722,416,416,97741591,0,0,0,4,15,2939927,1,10,1530722
201504,08,005,4,8,Arapahoe County               ,482,482,134688439,0,0,0,5,15,1818750,10,405,73486763,480,480,131322439,0,0,0,5,15,1818750,10,405,73486763
201504,08,014,4,8,Broomfield County             ,150,150,51733422,0,0,0,0,0,0,4,39,4012598,101,101,34659305,0,0,0,0,0,0,1,6,766464
201504,08,015,4,8,Chaffee County                ,29,29,7819697,0,0,0,1,3,549700,0,0,0,0,0,0,0,0,0,0,0,0,0,0,0
201504,08,019,4,8,Clear Creek County            ,2,2,360888,0,0,0,0,0,0,0,0,0,2,2,360888,0,0,0,0,0,0,0,0,0
201504,08,031,4,8,Denver County                 ,506,506,122124524,55,110,23508307,0,0,0,15,2138,174352276,506,506,122124524,55,110,23508307,0,0,0,15,2138,174352276
201504,08,035,4,8,Douglas County                ,709,709,212472107,0,0,0,1,4,664261,6,115,9782342,709,709,212472107,0,0,0,1,4,664261,6,115,9782342
201504,08,039,4,8,Elbert County                 ,34,34,10178902,0,0,0,0,0,0,0,0,0,34,34,10178902,0,0,0,0,0,0,0,0,0
201504,08,041,4,8,El Paso County                ,892,892,355100331,0,0,0,0,0,0,0,0,0,892,892,355100331,0,0,0,0,0,0,0,0,0
201504,08,047,4,8,Gilpin County                 ,1,1,500000,0,0,0,0,0,0,0,0,0,1,1,500000,0,0,0,0,0,0,0,0,0
201504,08,069,4,8,Larimer County                ,538,538,141042130,14,28,4421129,1,3,675981,3,74,8265763,538,538,141042130,14,28,4421129,1,3,675981,3,74,8265763
201504,08,077,4,8,Mesa County                   ,126,126,31344775,1,2,303232,0,0,0,1,5,335747,76,76,19207338,0,0,0,0,0,0,0,0,0
201504,08,093,4,8,Park County                   ,27,27,3609796,0,0,0,0,0,0,0,0,0,27,27,3609796,0,0,0,0,0,0,0,0,0
201504,08,101,4,8,Pueblo County                 ,47,47,7903399,10,20,2521120,0,0,0,0,0,0,47,47,7903399,10,20,2521120,0,0,0,0,0,0
201504,08,119,4,8,Teller County                 ,18,18,5044426,0,0,0,0,0,0,0,0,0,12,12,3257630,0,0,0,0,0,0,0,0,0
201504,09,001,1,1,Fairfield County              ,203,203,117679145,1,2,190000,0,0,0,7,279,35658720,146,146,69480940,1,2,190000,0,0,0,6,274,35133720
201504,09,003,1,1,Hartford County               ,108,108,23765570,9,18,1169124,4,12,1062061,6,75,5377127,91,91,20183651,5,10,659720,0,0,0,2,48,4062600
201504,09,007,1,1,Middlesex County              ,35,35,9220489,2,4,455995,2,8,1209494,2,10,919372,26,26,6394843,1,2,150000,2,8,1209494,1,5,604747
201504,09,013,1,1,Tolland County                ,43,43,8882651,0,0,0,0,0,0,3,37,3013650,31,31,6215583,0,0,0,0,0,0,2,32,2400000
201504,10,001,3,5,Kent County                   ,267,267,38192325,1,2,160000,0,0,0,1,8,335200,267,267,38192325,1,2,160000,0,0,0,1,8,335200
201504,10,003,3,5,New Castle County             ,404,404,37216726,0,0,0,1,4,253842,13,169,11208976,190,190,18017544,0,0,0,0,0,0,2,48,1621300
201504,10,005,3,5,Sussex County                 ,654,654,93360156,24,48,6074059,2,7,1015512,5,31,4511693,654,654,93360156,24,48,6074059,2,7,1015512,5,31,4511693
201504,11,001,3,5,Washington  DC                ,98,98,21531192,15,30,3326982,1,3,323250,9,881,74369609,98,98,21531192,15,30,3326982,1,3,323250,9,881,74369609
201504,12,003,3,5,Baker County                  ,10,10,1807893,1,2,62000,0,0,0,0,0,0,10,10,1807893,1,2,62000,0,0,0,0,0,0
201504,12,019,3,5,Clay County                   ,314,314,63561561,0,0,0,0,0,0,0,0,0,313,313,62654331,0,0,0,0,0,0,0,0,0
201504,12,031,3,5,Duval County                  ,773,773,178032044,7,14,1552592,0,0,0,19,635,51628040,773,773,178032044,7,14,1552592,0,0,0,19,635,51628040
201504,12,033,3,5,Escambia County               ,250,250,55913867,0,0,0,0,0,0,13,304,24716416,250,250,55913867,0,0,0,0,0,0,13,304,24716416
201504,12,053,3,5,Hernando County               ,103,103,18528738,0,0,0,0,0,0,0,0,0,102,102,18332022,0,0,0,0,0,0,0,0,0
201504,12,057,3,5,Hillsborough County           ,1689,1689,594854851,5,10,2096241,1,4,716000,34,1609,197931390,1675,1675,592861107,5,10,2096241,1,4,716000,34,1609,197931390
201504,12,067,3,5,Lafayette County              ,3,3,626000,0,0,0,0,0,0,0,0,0,3,3,626000,0,0,0,0,0,0,0,0,0
201504,12,071,3,5,Lee County                    ,1248,1248,313664099,3,6,860000,16,64,14539567,78,952,92133614,1248,1248,313664099,3,6,860000,16,64,14539567,78,952,92133614
201504,12,073,3,5,Leon County                   ,177,177,36022215,1,2,150000,0,0,0,6,221,18630161,73,73,17878829,0,0,0,0,0,0,0,0,0
201504,12,081,3,5,Manatee County                ,735,735,181817160,3,6,1701296,10,40,6999290,8,162,12572436,734,734,181529271,3,6,1701296,10,40,6999290,8,162,12572436
201504,12,086,3,5,Miami-Dade County             ,806,806,216079828,10,20,3657767,21,82,9438988,94,3625,611055576,771,771,209227098,9,18,3536767,21,82,9438988,86,3512,562968236
201504,12,089,3,5,Nassau County                 ,247,247,68572287,0,0,0,0,0,0,13,300,34204630,247,247,68572287,0,0,0,0,0,0,13,300,34204630
201504,12,091,3,5,Okaloosa County               ,257,257,75178780,3,6,690511,0,0,0,0,0,0,257,257,75178780,3,6,690511,0,0,0,0,0,0
201504,12,095,3,5,Orange County                 ,1768,1768,465999967,16,32,5255184,0,0,0,29,1306,133515948,1716,1716,453008083,16,32,5255184,0,0,0,29,1306,133515948
201504,12,097,3,5,Osceola County                ,855,855,225505589,3,6,847533,2,8,1289896,37,696,79178360,804,804,218418547,3,6,847533,2,8,1289896,37,696,79178360
201504,12,101,3,5,Pasco County                  ,682,682,148050254,11,22,2142253,5,20,699045,36,452,26066225,681,681,147930254,11,22,2142253,5,20,699045,35,447,25693699
201504,12,103,3,5,Pinellas County               ,304,304,90485965,0,0,0,3,12,3560000,12,543,74740120,272,272,82344254,0,0,0,3,12,3560000,8,468,69470508
201504,12,109,3,5,St. Johns County              ,757,757,221677278,0,0,0,3,12,2850722,1,8,1044633,757,757,221677278,0,0,0,3,12,2850722,1,8,1044633
201504,12,113,3,5,Santa Rosa County             ,375,375,47837041,0,0,0,0,0,0,2,14,831000,375,375,47837041,0,0,0,0,0,0,2,14,831000
201504,12,115,3,5,Sarasota County               ,694,694,219766839,1,2,224665,5,20,4882159,6,44,9343194,687,687,215933393,1,2,224665,5,20,4882159,5,27,5479027
201504,12,117,3,5,Seminole County               ,332,332,118499373,0,0,0,0,0,0,6,344,23883078,332,332,118499373,0,0,0,0,0,0,6,344,23883078
201504,12,129,3,5,Wakulla County                ,47,47,6058900,0,0,0,0,0,0,0,0,0,47,47,6058900,0,0,0,0,0,0,0,0,0
201504,12,131,3,5,Walton County                 ,352,352,139378514,0,0,0,9,27,4613543,0,0,0,352,352,139378514,0,0,0,9,27,4613543,0,0,0
201504,12,133,3,5,Washington County             ,7,7,1258623,0,0,0,0,0,0,0,0,0,5,5,940966,0,0,0,0,0,0,0,0,0
201504,13,007,3,5,Baker County                  ,0,0,0,0,0,0,0,0,0,0,0,0,0,0,0,0,0,0,0,0,0,0,0,0
201504,13,013,3,5,Barrow County                 ,135,135,18476555,0,0,0,0,0,0,0,0,0,124,124,17362960,0,0,0,0,0,0,0,0,0
201504,13,015,3,5,Bartow County                 ,107,107,18904003,0,0,0,0,0,0,0,0,0,92,92,15869625,0,0,0,0,0,0,0,0,0
201504,13,021,3,5,Bibb County                   ,3,3,326544,0,0,0,0,0,0,0,0,0,0,0,0,0,0,0,0,0,0,0,0,0
201504,13,029,3,5,Bryan County                  ,112,112,24184803,0,0,0,0,0,0,2,12,741292,70,70,17379918,0,0,0,0,0,0,0,0,0
201504,13,033,3,5,Burke County                  ,15,15,2538424,0,0,0,0,0,0,0,0,0,0,0,0,0,0,0,0,0,0,0,0,0
201504,13,035,3,5,Butts County                  ,7,7,1039000,0,0,0,0,0,0,0,0,0,7,7,1039000,0,0,0,0,0,0,0,0,0
201504,13,045,3,5,Carroll County                ,33,33,5447445,0,0,0,0,0,0,0,0,0,33,33,5447445,0,0,0,0,0,0,0,0,0
201504,13,051,3,5,Chatham County                ,360,360,60698434,0,0,0,0,0,0,1,5,412357,291,291,53482682,0,0,0,0,0,0,0,0,0
201504,13,057,3,5,Cherokee County               ,601,601,149380684,0,0,0,0,0,0,2,89,10052116,601,601,149380684,0,0,0,0,0,0,2,89,10052116
201504,13,059,3,5,Clarke County                 ,24,24,5008293,0,0,0,0,0,0,2,24,1772000,24,24,5008293,0,0,0,0,0,0,2,24,1772000
201504,13,063,3,5,Clayton County                ,127,127,29755991,0,0,0,0,0,0,0,0,0,127,127,29755991,0,0,0,0,0,0,0,0,0
201504,13,067,3,5,Cobb County                   ,527,527,155745027,3,6,1121149,12,48,8478020,19,380,49077786,519,519,153130319,3,6,1121149,12,48,8478020,19,380,49077786
201504,13,073,3,5,Columbia County               ,456,456,74845217,0,0,0,0,0,0,7,68,3801645,362,362,59257719,0,0,0,0,0,0,7,68,3801645
201504,13,077,3,5,Coweta County                 ,304,304,98027157,0,0,0,0,0,0,0,0,0,278,278,93195585,0,0,0,0,0,0,0,0,0
201504,13,085,3,5,Dawson County                 ,60,60,12434606,0,0,0,0,0,0,0,0,0,60,60,12434606,0,0,0,0,0,0,0,0,0
201504,13,095,3,5,Dougherty County              ,15,15,1655738,4,8,600440,0,0,0,0,0,0,0,0,0,0,0,0,0,0,0,0,0,0
201504,13,097,3,5,Douglas County                ,79,79,10115007,0,0,0,0,0,0,0,0,0,79,79,10115007,0,0,0,0,0,0,0,0,0
201504,13,111,3,5,Fannin County                 ,64,64,13354592,0,0,0,0,0,0,0,0,0,64,64,13354592,0,0,0,0,0,0,0,0,0
201504,13,113,3,5,Fayette County                ,116,116,27086851,0,0,0,0,0,0,0,0,0,106,106,23811543,0,0,0,0,0,0,0,0,0
201504,13,117,3,5,Forsyth County                ,965,965,138449889,3,6,483420,0,0,0,1,15,628110,965,965,138449889,3,6,483420,0,0,0,1,15,628110
201504,13,121,3,5,Fulton County                 ,997,997,250296076,0,0,0,0,0,0,22,1549,206660293,991,991,249114232,0,0,0,0,0,0,22,1549,206660293
201504,13,127,3,5,Glynn County                  ,150,150,39566358,0,0,0,0,0,0,0,0,0,0,0,0,0,0,0,0,0,0,0,0,0
201504,13,135,3,5,Gwinnett County               ,1106,1106,200276693,0,0,0,0,0,0,0,0,0,1074,1074,191949006,0,0,0,0,0,0,0,0,0
201504,13,143,3,5,Haralson County               ,8,8,1463028,0,0,0,0,0,0,0,0,0,0,0,0,0,0,0,0,0,0,0,0,0
201504,13,145,3,5,Harris County                 ,55,55,15491866,0,0,0,0,0,0,0,0,0,55,55,15491866,0,0,0,0,0,0,0,0,0
201504,13,149,3,5,Heard County                  ,6,6,780896,0,0,0,0,0,0,0,0,0,0,0,0,0,0,0,0,0,0,0,0,0
201504,13,151,3,5,Henry County                  ,382,382,75725004,0,0,0,0,0,0,0,0,0,364,364,73551297,0,0,0,0,0,0,0,0,0
201504,13,159,3,5,Jasper County                 ,18,18,2411532,0,0,0,0,0,0,0,0,0,0,0,0,0,0,0,0,0,0,0,0,0
201504,13,171,3,5,Lamar County                  ,10,10,1196378,0,0,0,0,0,0,0,0,0,10,10,1196378,0,0,0,0,0,0,0,0,0
201504,13,177,3,5,Lee County                    ,39,39,5151025,0,0,0,0,0,0,0,0,0,39,39,5151025,0,0,0,0,0,0,0,0,0
201504,13,179,3,5,Liberty County                ,64,64,15242703,0,0,0,0,0,0,0,0,0,64,64,15242703,0,0,0,0,0,0,0,0,0
201504,13,189,3,5,McDuffie County               ,5,5,1122996,0,0,0,0,0,0,0,0,0,0,0,0,0,0,0,0,0,0,0,0,0
201504,13,199,3,5,Meriwether County             ,11,11,2297512,0,0,0,0,0,0,0,0,0,10,10,2206312,0,0,0,0,0,0,0,0,0
201504,13,201,3,5,Miller County                 ,0,0,0,0,0,0,0,0,0,0,0,0,0,0,0,0,0,0,0,0,0,0,0,0
201504,13,207,3,5,Monroe County                 ,22,22,4832348,0,0,0,0,0,0,0,0,0,22,22,4832348,0,0,0,0,0,0,0,0,0
201504,13,215,3,5,Muscogee County               ,116,116,12279357,0,0,0,4,14,635928,6,74,5612719,0,0,0,0,0,0,0,0,0,0,0,0
201504,13,217,3,5,Newton County                 ,93,93,15964608,0,0,0,0,0,0,3,15,214287,83,83,14713496,0,0,0,0,0,0,0,0,0
201504,13,227,3,5,Pickens County                ,19,19,4880060,1,2,200000,0,0,0,0,0,0,19,19,4880060,1,2,200000,0,0,0,0,0,0
201504,13,231,3,5,Pike County                   ,13,13,2084877,0,0,0,0,0,0,0,0,0,12,12,1944377,0,0,0,0,0,0,0,0,0
201504,13,235,3,5,Pulaski County                ,6,6,469750,0,0,0,0,0,0,0,0,0,0,0,0,0,0,0,0,0,0,0,0,0
201504,13,245,3,5,Richmond County               ,158,158,28420068,1,2,180000,0,0,0,2,30,875806,8,8,1417990,0,0,0,0,0,0,0,0,0
201504,13,247,3,5,Rockdale County               ,46,46,10403330,0,0,0,0,0,0,0,0,0,46,46,10403330,0,0,0,0,0,0,0,0,0
201504,13,255,3,5,Spalding County               ,74,74,9019245,0,0,0,0,0,0,0,0,0,74,74,9019245,0,0,0,0,0,0,0,0,0
201504,13,275,3,5,Thomas County                 ,35,35,18102635,0,0,0,2,8,1000000,0,0,0,35,35,18102635,0,0,0,2,8,1000000,0,0,0
201504,13,291,3,5,Union County                  ,31,31,6824456,0,0,0,0,0,0,0,0,0,31,31,6824456,0,0,0,0,0,0,0,0,0
201504,15,001,4,9,Hawaii County                 ,287,287,105349333,0,0,0,0,0,0,0,0,0,287,287,105349333,0,0,0,0,0,0,0,0,0
201504,15,003,4,9,Honolulu County               ,340,340,130124157,0,0,0,0,0,0,26,1020,242162400,340,340,130124157,0,0,0,0,0,0,26,1020,242162400
201504,15,007,4,9,Kauai County                  ,53,53,29673342,0,0,0,0,0,0,0,0,0,9,9,5770697,0,0,0,0,0,0,0,0,0
201504,15,009,4,9,Maui County                   ,143,143,37405672,2,4,700834,7,28,9095200,17,118,35383640,143,143,37405672,2,4,700834,7,28,9095200,17,118,35383640
201504,16,001,4,8,Ada County                    ,985,985,253066125,0,0,0,49,196,12093600,14,287,21003766,985,985,253066125,0,0,0,49,196,12093600,14,287,21003766
201504,16,015,4,8,Boise County                  ,9,9,1535147,0,0,0,0,0,0,0,0,0,9,9,1535147,0,0,0,0,0,0,0,0,0
201504,16,027,4,8,Canyon County                 ,351,351,55298380,0,0,0,0,0,0,0,0,0,336,336,52609703,0,0,0,0,0,0,0,0,0
201504,16,045,4,8,Gem County                    ,11,11,1527140,0,0,0,0,0,0,0,0,0,11,11,1527140,0,0,0,0,0,0,0,0,0
201504,16,073,4,8,Owyhee County                 ,6,6,1092215,0,0,0,0,0,0,0,0,0,6,6,1092215,0,0,0,0,0,0,0,0,0
201504,17,005,2,3,Bond County                   ,4,4,361208,0,0,0,0,0,0,4,48,1440000,3,3,185000,0,0,0,0,0,0,4,48,1440000
201504,17,013,2,3,Calhoun County                ,2,2,155000,0,0,0,0,0,0,0,0,0,2,2,155000,0,0,0,0,0,0,0,0,0
201504,17,031,2,3,Cook County                   ,474,474,145761474,7,14,2667900,18,59,11697780,30,2537,381892698,425,425,126289471,7,14,2667900,18,59,11697780,29,2521,377566772
201504,17,037,2,3,DeKalb County                 ,40,40,8848360,0,0,0,0,0,0,0,0,0,40,40,8848360,0,0,0,0,0,0,0,0,0
201504,17,039,2,3,De Witt County                ,3,3,605000,0,0,0,0,0,0,0,0,0,3,3,605000,0,0,0,0,0,0,0,0,0
201504,17,043,2,3,DuPage County                 ,305,305,112778504,1,2,322777,0,0,0,0,0,0,289,289,107035325,1,2,322777,0,0,0,0,0,0
201504,17,063,2,3,Grundy County                 ,27,27,6214682,0,0,0,0,0,0,5,29,1487178,21,21,5137486,0,0,0,0,0,0,0,0,0
201504,17,083,2,3,Jersey County                 ,9,9,1306410,0,0,0,0,0,0,0,0,0,3,3,376264,0,0,0,0,0,0,0,0,0
201504,17,093,2,3,Kendall County                ,38,38,8826125,0,0,0,0,0,0,0,0,0,38,38,8826125,0,0,0,0,0,0,0,0,0
201504,17,097,2,3,Lake County                   ,170,170,53331768,2,4,488459,0,0,0,5,36,4323574,107,107,37327314,1,2,251579,0,0,0,4,24,2664000
201504,17,111,2,3,McHenry County                ,93,93,17063597,0,0,0,2,8,640000,0,0,0,81,81,16028115,0,0,0,2,8,640000,0,0,0
201504,17,119,2,3,Madison County                ,100,100,24471716,0,0,0,2,8,936000,0,0,0,95,95,23708328,0,0,0,2,8,936000,0,0,0
201504,17,133,2,3,Monroe County                 ,43,43,9905736,1,2,290000,0,0,0,0,0,0,32,32,7545158,1,2,290000,0,0,0,0,0,0
201504,17,197,2,3,Will County                   ,303,303,77113406,4,8,1360000,0,0,0,0,0,0,262,262,68160306,4,8,1360000,0,0,0,0,0,0
201504,18,003,2,3,Allen County                  ,232,232,52096241,0,0,0,2,8,368000,12,95,3706000,232,232,52096241,0,0,0,2,8,368000,12,95,3706000
201504,18,011,2,3,Boone County                  ,144,144,42875002,6,12,2098800,0,0,0,0,0,0,143,143,42618561,6,12,2098800,0,0,0,0,0,0
201504,18,013,2,3,Brown County                  ,11,11,2431949,0,0,0,0,0,0,0,0,0,5,5,1176827,0,0,0,0,0,0,0,0,0
201504,18,019,2,3,Clark County                  ,122,122,21602535,8,16,1320000,1,4,400000,1,5,128125,116,116,20787910,8,16,1320000,1,4,400000,0,0,0
201504,18,047,2,3,Franklin County               ,13,13,2648700,0,0,0,0,0,0,0,0,0,13,13,2648700,0,0,0,0,0,0,0,0,0
201504,18,057,2,3,Hamilton County               ,610,610,169167173,8,16,1733525,1,3,126000,15,195,14227032,552,552,152019732,8,16,1733525,1,3,126000,14,163,10626240
201504,18,059,2,3,Hancock County                ,118,118,19889164,1,2,50000,0,0,0,0,0,0,115,115,19222226,1,2,50000,0,0,0,0,0,0
201504,18,061,2,3,Harrison County               ,17,17,4049846,0,0,0,0,0,0,0,0,0,17,17,4049846,0,0,0,0,0,0,0,0,0
201504,18,063,2,3,Hendricks County              ,195,195,44489795,1,2,257167,0,0,0,2,36,2028572,142,142,33618144,0,0,0,0,0,0,0,0,0
201504,18,069,2,3,Huntington County             ,13,13,2232318,0,0,0,0,0,0,0,0,0,13,13,2232318,0,0,0,0,0,0,0,0,0
201504,18,073,2,3,Jasper County                 ,16,16,3524839,0,0,0,0,0,0,0,0,0,16,16,3524839,0,0,0,0,0,0,0,0,0
201504,18,081,2,3,Johnson County                ,178,178,37022652,0,0,0,0,0,0,0,0,0,170,170,36098100,0,0,0,0,0,0,0,0,0
201504,18,087,2,3,Lagrange County               ,46,46,3279245,0,0,0,0,0,0,0,0,0,46,46,3279245,0,0,0,0,0,0,0,0,0
201504,18,089,2,3,Lake County                   ,205,205,50223015,3,6,745470,0,0,0,1,8,1096000,197,197,48436285,3,6,745470,0,0,0,1,8,1096000
201504,18,097,2,3,Marion County                 ,273,273,64562888,1,2,196285,3,12,1410733,32,184,167081913,247,247,59051882,0,0,0,3,12,1410733,31,163,165468297
201504,18,105,2,3,Monroe County                 ,65,65,15545505,5,10,1251783,0,0,0,0,0,0,65,65,15545505,5,10,1251783,0,0,0,0,0,0
201504,18,109,2,3,Morgan County                 ,28,28,5537200,0,0,0,0,0,0,0,0,0,28,28,5537200,0,0,0,0,0,0,0,0,0
201504,18,111,2,3,Newton County                 ,3,3,668736,0,0,0,0,0,0,0,0,0,0,0,0,0,0,0,0,0,0,0,0,0
201504,18,115,2,3,Ohio County                   ,2,2,490000,0,0,0,0,0,0,0,0,0,2,2,490000,0,0,0,0,0,0,0,0,0
201504,18,119,2,3,Owen County                   ,6,6,470830,0,0,0,0,0,0,0,0,0,6,6,470830,0,0,0,0,0,0,0,0,0
201504,18,127,2,3,Porter County                 ,85,85,24060412,0,0,0,0,0,0,0,0,0,79,79,22880133,0,0,0,0,0,0,0,0,0
201504,18,133,2,3,Putnam County                 ,14,14,2131096,0,0,0,0,0,0,0,0,0,14,14,2131096,0,0,0,0,0,0,0,0,0
201504,18,145,2,3,Shelby County                 ,14,14,2815603,0,0,0,0,0,0,0,0,0,14,14,2815603,0,0,0,0,0,0,0,0,0
201504,18,151,2,3,Steuben County                ,23,23,6193607,0,0,0,0,0,0,0,0,0,23,23,6193607,0,0,0,0,0,0,0,0,0
201504,18,157,2,3,Tippecanoe County             ,123,123,25201204,0,0,0,0,0,0,3,21,1895062,38,38,6057918,0,0,0,0,0,0,0,0,0
201504,18,163,2,3,Vanderburgh County            ,92,92,12101725,3,6,627389,0,0,0,0,0,0,92,92,12101725,3,6,627389,0,0,0,0,0,0
201504,18,167,2,3,Vigo County                   ,21,21,4975886,2,4,225571,6,24,1020000,1,9,845816,20,20,4825322,0,0,0,6,24,1020000,0,0,0
201504,18,175,2,3,Washington County             ,10,10,1387474,0,0,0,0,0,0,0,0,0,1,1,140000,0,0,0,0,0,0,0,0,0
201504,18,183,2,3,Whitley County                ,16,16,3213400,0,0,0,0,0,0,0,0,0,16,16,3213400,0,0,0,0,0,0,0,0,0
201504,19,049,2,4,Dallas County                 ,199,199,49242151,0,0,0,0,0,0,2,32,7998389,198,198,49039256,0,0,0,0,0,0,2,32,7998389
201504,19,085,2,4,Harrison County               ,6,6,1045257,1,2,229070,0,0,0,0,0,0,5,5,825000,0,0,0,0,0,0,0,0,0
201504,19,129,2,4,Mills County                  ,2,2,500000,0,0,0,0,0,0,0,0,0,2,2,500000,0,0,0,0,0,0,0,0,0
201504,19,153,2,4,Polk County                   ,770,770,183476582,15,30,3122319,1,3,494400,4,138,20096458,760,760,181797668,15,30,3122319,1,3,494400,4,138,20096458
201504,19,181,2,4,Warren County                 ,63,63,17112498,0,0,0,0,0,0,0,0,0,56,56,14787916,0,0,0,0,0,0,0,0,0
201504,20,091,2,4,Johnson County                ,455,455,144609818,2,4,593314,1,4,590427,17,583,67385674,260,260,88054197,1,2,291731,0,0,0,17,583,67385674
201504,20,103,2,4,Leavenworth County            ,76,76,11214045,0,0,0,0,0,0,0,0,0,76,76,11214045,0,0,0,0,0,0,0,0,0
201504,20,107,2,4,Linn County                   ,10,10,874768,0,0,0,0,0,0,0,0,0,3,3,153000,0,0,0,0,0,0,0,0,0
201504,20,121,2,4,Miami County                  ,15,15,3194919,0,0,0,0,0,0,0,0,0,5,5,840824,0,0,0,0,0,0,0,0,0
201504,20,209,2,4,Wyandotte County              ,52,52,11636602,5,10,1000000,0,0,0,0,0,0,52,52,11636602,5,10,1000000,0,0,0,0,0,0
201504,21,005,3,6,Anderson County               ,9,9,1642634,0,0,0,0,0,0,0,0,0,9,9,1642634,0,0,0,0,0,0,0,0,0
201504,21,015,3,6,Boone County                  ,138,138,20459764,0,0,0,0,0,0,0,0,0,138,138,20459764,0,0,0,0,0,0,0,0,0
201504,21,017,3,6,Bourbon County                ,7,7,2288686,1,2,200000,0,0,0,0,0,0,2,2,743000,0,0,0,0,0,0,0,0,0
201504,21,021,3,6,Boyle County                  ,7,7,1856300,0,0,0,0,0,0,0,0,0,7,7,1856300,0,0,0,0,0,0,0,0,0
201504,21,029,3,6,Bullitt County                ,95,95,17237731,2,4,560000,0,0,0,0,0,0,95,95,17237731,2,4,560000,0,0,0,0,0,0
201504,21,035,3,6,Calloway County               ,2,2,319000,0,0,0,11,39,2036000,1,7,408000,2,2,319000,0,0,0,11,39,2036000,1,7,408000
201504,21,037,3,6,Campbell County               ,52,52,11802529,0,0,0,0,0,0,1,8,719000,51,51,11685529,0,0,0,0,0,0,1,8,719000
201504,21,045,3,6,Casey County                  ,0,0,0,0,0,0,0,0,0,0,0,0,0,0,0,0,0,0,0,0,0,0,0,0
201504,21,047,3,6,Christian County              ,17,17,1417200,0,0,0,1,4,280000,0,0,0,11,11,990000,0,0,0,1,4,280000,0,0,0
201504,21,049,3,6,Clark County                  ,10,10,1868530,2,4,800000,0,0,0,0,0,0,4,4,830000,0,0,0,0,0,0,0,0,0
201504,21,067,3,6,Fayette County                ,246,246,37001626,3,6,473133,2,7,903014,5,87,6116577,0,0,0,0,0,0,0,0,0,0,0,0
201504,21,069,3,6,Fleming County                ,0,0,0,0,0,0,0,0,0,0,0,0,0,0,0,0,0,0,0,0,0,0,0,0
201504,21,077,3,6,Gallatin County               ,4,4,629090,0,0,0,0,0,0,0,0,0,0,0,0,0,0,0,0,0,0,0,0,0
201504,21,081,3,6,Grant County                  ,11,11,1751613,0,0,0,0,0,0,1,5,313750,8,8,1140000,0,0,0,0,0,0,0,0,0
201504,21,091,3,6,Hancock County                ,0,0,0,0,0,0,0,0,0,0,0,0,0,0,0,0,0,0,0,0,0,0,0,0
201504,21,099,3,6,Hart County                   ,12,12,1167000,0,0,0,0,0,0,3,15,1703214,0,0,0,0,0,0,0,0,0,0,0,0
201504,21,101,3,6,Henderson County              ,11,11,1672000,0,0,0,0,0,0,0,0,0,11,11,1672000,0,0,0,0,0,0,0,0,0
201504,21,103,3,6,Henry County                  ,10,10,1389000,0,0,0,0,0,0,0,0,0,10,10,1389000,0,0,0,0,0,0,0,0,0
201504,21,111,3,6,Jefferson County              ,258,258,46594761,2,4,750000,5,16,561000,10,76,2317900,258,258,46594761,2,4,750000,5,16,561000,10,76,2317900
201504,21,113,3,6,Jessamine County              ,59,59,16439204,0,0,0,1,3,378214,0,0,0,28,28,12293543,0,0,0,0,0,0,0,0,0
201504,21,115,3,6,Johnson County                ,0,0,0,0,0,0,0,0,0,0,0,0,0,0,0,0,0,0,0,0,0,0,0,0
201504,21,117,3,6,Kenton County                 ,81,81,18031227,0,0,0,0,0,0,0,0,0,81,81,18031227,0,0,0,0,0,0,0,0,0
201504,21,121,3,6,Knox County                   ,0,0,0,0,0,0,0,0,0,0,0,0,0,0,0,0,0,0,0,0,0,0,0,0
201504,21,123,3,6,Larue County                  ,13,13,2624873,0,0,0,0,0,0,0,0,0,0,0,0,0,0,0,0,0,0,0,0,0
201504,21,137,3,6,Lincoln County                ,4,4,815931,0,0,0,0,0,0,0,0,0,4,4,815931,0,0,0,0,0,0,0,0,0
201504,21,145,3,6,McCracken County              ,97,97,7615269,0,0,0,0,0,0,1,5,810657,97,97,7615269,0,0,0,0,0,0,1,5,810657
201504,21,151,3,6,Madison County                ,34,34,3071955,3,6,338988,2,8,270000,4,20,674288,4,4,475000,0,0,0,2,8,270000,0,0,0
201504,21,161,3,6,Mason County                  ,3,3,822000,0,0,0,0,0,0,0,0,0,3,3,822000,0,0,0,0,0,0,0,0,0
201504,21,163,3,6,Meade County                  ,25,25,3654547,2,4,250000,0,0,0,0,0,0,18,18,2569000,2,4,250000,0,0,0,0,0,0
201504,21,167,3,6,Mercer County                 ,13,13,1822272,3,6,412500,0,0,0,0,0,0,0,0,0,0,0,0,0,0,0,0,0,0
201504,21,175,3,6,Morgan County                 ,5,5,375000,0,0,0,0,0,0,0,0,0,0,0,0,0,0,0,0,0,0,0,0,0
201504,21,179,3,6,Nelson County                 ,42,42,6799590,0,0,0,1,4,210000,0,0,0,42,42,6799590,0,0,0,1,4,210000,0,0,0
201504,21,185,3,6,Oldham County                 ,77,77,17275308,0,0,0,0,0,0,0,0,0,0,0,0,0,0,0,0,0,0,0,0,0
201504,21,191,3,6,Pendleton County              ,0,0,0,0,0,0,0,0,0,0,0,0,0,0,0,0,0,0,0,0,0,0,0,0
201504,21,209,3,6,Scott County                  ,130,130,17618559,1,2,330000,0,0,0,6,36,2070000,130,130,17618559,1,2,330000,0,0,0,6,36,2070000
201504,21,211,3,6,Shelby County                 ,85,85,12095700,0,0,0,0,0,0,0,0,0,85,85,12095700,0,0,0,0,0,0,0,0,0
201504,21,213,3,6,Simpson County                ,6,6,1043500,9,18,1320000,0,0,0,0,0,0,6,6,1043500,9,18,1320000,0,0,0,0,0,0
201504,21,215,3,6,Spencer County                ,21,21,4638292,0,0,0,0,0,0,0,0,0,21,21,4638292,0,0,0,0,0,0,0,0,0
201504,21,221,3,6,Trigg County                  ,0,0,0,0,0,0,0,0,0,0,0,0,0,0,0,0,0,0,0,0,0,0,0,0
201504,21,225,3,6,Union County                  ,0,0,0,0,0,0,0,0,0,0,0,0,0,0,0,0,0,0,0,0,0,0,0,0
201504,21,239,3,6,Woodford County               ,31,31,6823630,0,0,0,0,0,0,0,0,0,31,31,6823630,0,0,0,0,0,0,0,0,0
201504,22,005,3,7,Ascension Parish              ,366,366,53165503,0,0,0,0,0,0,0,0,0,282,282,40411447,0,0,0,0,0,0,0,0,0
201504,22,015,3,7,Bossier Parish                ,312,312,44275506,0,0,0,0,0,0,7,150,9133069,105,105,18925815,0,0,0,0,0,0,0,0,0
201504,22,017,3,7,Caddo Parish                  ,105,105,25674621,0,0,0,0,0,0,0,0,0,79,79,18735199,0,0,0,0,0,0,0,0,0
201504,22,031,3,7,De Soto Parish                ,40,40,10043053,0,0,0,0,0,0,0,0,0,40,40,10043053,0,0,0,0,0,0,0,0,0
201504,22,033,3,7,East Baton Rouge Parish       ,440,440,104294206,0,0,0,0,0,0,2,26,6246392,346,346,80977324,0,0,0,0,0,0,0,0,0
201504,22,037,3,7,East Feliciana Parish         ,16,16,3387131,0,0,0,0,0,0,0,0,0,16,16,3387131,0,0,0,0,0,0,0,0,0
201504,22,047,3,7,Iberville Parish              ,36,36,6270303,0,0,0,0,0,0,0,0,0,0,0,0,0,0,0,0,0,0,0,0,0
201504,22,051,3,7,Jefferson Parish              ,130,130,22756582,3,6,372120,0,0,0,0,0,0,128,128,22097711,3,6,372120,0,0,0,0,0,0
201504,22,055,3,7,Lafayette Parish              ,550,550,121693436,1,2,200000,1,3,270000,0,0,0,387,387,87496772,1,2,200000,1,3,270000,0,0,0
201504,22,063,3,7,Livingston Parish             ,311,311,66640437,0,0,0,0,0,0,0,0,0,241,241,52016645,0,0,0,0,0,0,0,0,0
201504,22,071,3,7,Orleans Parish                ,50,50,11431330,3,6,655050,0,0,0,1,100,15000000,50,50,11431330,3,6,655050,0,0,0,1,100,15000000
201504,22,075,3,7,Plaquemines Parish            ,13,13,3962235,1,2,440000,0,0,0,0,0,0,7,7,2592588,1,2,440000,0,0,0,0,0,0
201504,22,077,3,7,Pointe Coupee Parish          ,14,14,3313536,0,0,0,0,0,0,0,0,0,14,14,3313536,0,0,0,0,0,0,0,0,0
201504,22,087,3,7,St. Bernard Parish            ,28,28,4482000,0,0,0,0,0,0,0,0,0,28,28,4482000,0,0,0,0,0,0,0,0,0
201504,22,089,3,7,St. Charles Parish            ,37,37,8185416,0,0,0,0,0,0,0,0,0,0,0,0,0,0,0,0,0,0,0,0,0
201504,22,091,3,7,St. Helena Parish             ,0,0,0,0,0,0,0,0,0,0,0,0,0,0,0,0,0,0,0,0,0,0,0,0
201504,22,095,3,7,St. John the Baptist Parish   ,10,10,1357000,0,0,0,0,0,0,0,0,0,10,10,1357000,0,0,0,0,0,0,0,0,0
201504,22,099,3,7,St. Martin Parish             ,48,48,10986268,0,0,0,0,0,0,0,0,0,48,48,10986268,0,0,0,0,0,0,0,0,0
201504,22,103,3,7,St. Tammany Parish            ,470,470,114280667,0,0,0,0,0,0,0,0,0,459,459,110330754,0,0,0,0,0,0,0,0,0
201504,22,109,3,7,Terrebonne Parish             ,71,71,18801447,0,0,0,0,0,0,0,0,0,71,71,18801447,0,0,0,0,0,0,0,0,0
201504,22,121,3,7,West Baton Rouge Parish       ,62,62,10284036,0,0,0,0,0,0,0,0,0,49,49,8494938,0,0,0,0,0,0,0,0,0
201504,22,125,3,7,West Feliciana Parish         ,11,11,2263647,0,0,0,0,0,0,0,0,0,11,11,2263647,0,0,0,0,0,0,0,0,0
201504,23,000,1,1,Maine Unorganized Territory   ,13,13,1726403,0,0,0,0,0,0,0,0,0,0,0,0,0,0,0,0,0,0,0,0,0
201504,24,003,3,5,Anne Arundel County           ,548,548,118745230,0,0,0,0,0,0,1,19,2138526,517,517,113285597,0,0,0,0,0,0,0,0,0
201504,24,005,3,5,Baltimore County              ,237,237,51770784,0,0,0,0,0,0,1,27,3000000,237,237,51770784,0,0,0,0,0,0,1,27,3000000
201504,24,009,3,5,Calvert County                ,64,64,14281581,0,0,0,0,0,0,0,0,0,64,64,14281581,0,0,0,0,0,0,0,0,0
201504,24,013,3,5,Carroll County                ,63,63,13955173,0,0,0,0,0,0,4,48,5280000,63,63,13955173,0,0,0,0,0,0,4,48,5280000
201504,24,015,3,5,Cecil County                  ,26,26,8434430,0,0,0,0,0,0,0,0,0,26,26,8434430,0,0,0,0,0,0,0,0,0
201504,24,017,3,5,Charles County                ,312,312,65344924,0,0,0,0,0,0,0,0,0,306,306,64239500,0,0,0,0,0,0,0,0,0
201504,24,021,3,5,Frederick County              ,233,233,50756936,0,0,0,0,0,0,3,30,4791563,172,172,38375986,0,0,0,0,0,0,2,25,4245730
201504,24,023,3,5,Garrett County                ,21,21,4102046,0,0,0,0,0,0,0,0,0,21,21,4102046,0,0,0,0,0,0,0,0,0
201504,24,025,3,5,Harford County                ,85,85,22198749,0,0,0,0,0,0,7,84,7525436,84,84,22059582,0,0,0,0,0,0,7,84,7525436
201504,24,027,3,5,Howard County                 ,282,282,61623634,0,0,0,0,0,0,2,126,11937142,282,282,61623634,0,0,0,0,0,0,2,126,11937142
201504,24,031,3,5,Montgomery County             ,390,390,85626909,0,0,0,1,4,95000,5,68,64817008,390,390,85626909,0,0,0,1,4,95000,5,68,64817008
201504,24,033,3,5,Prince George County          ,491,491,107377928,0,0,0,0,0,0,1,319,25935976,491,491,107377928,0,0,0,0,0,0,1,319,25935976
201504,24,035,3,5,Queen Anne County             ,63,63,12644224,2,4,270000,0,0,0,0,0,0,63,63,12644224,2,4,270000,0,0,0,0,0,0
201504,24,037,3,5,St. Mary's County             ,197,197,31797085,0,0,0,0,0,0,1,5,905000,197,197,31797085,0,0,0,0,0,0,1,5,905000
201504,24,037,3,5,St. Marys County              ,197,197,31797085,0,0,0,0,0,0,1,5,905000,197,197,31797085,0,0,0,0,0,0,1,5,905000
201504,24,039,3,5,Somerset County               ,10,10,1635171,1,2,130000,0,0,0,1,8,783467,2,2,350000,0,0,0,0,0,0,0,0,0
201504,24,045,3,5,Wicomico County               ,19,19,3748030,1,2,176172,0,0,0,4,36,2578295,19,19,3748030,0,0,0,0,0,0,4,36,2578295
201504,24,510,3,5,Baltimore (Independent City)  ,82,82,12117456,1,2,354842,3,11,1440142,4,305,28006446,0,0,0,0,0,0,0,0,0,0,0,0
201504,25,005,1,1,Bristol County                ,139,139,26719226,2,4,679900,0,0,0,3,46,3115000,104,104,20139159,2,4,679900,0,0,0,3,46,3115000
201504,25,009,1,1,Essex County                  ,159,159,48371103,2,4,364444,3,9,2129929,10,130,16782308,89,89,27745554,0,0,0,2,6,1450000,1,18,746250
201504,25,017,1,1,Middlesex County              ,365,365,100450970,16,32,4006011,2,6,742394,30,808,103690440,285,285,80719724,12,24,2943652,1,3,232383,17,482,66022190
201504,25,021,1,1,Norfolk County                ,149,149,54062979,3,6,958518,2,6,993758,12,122,9727900,95,95,35165562,2,4,610000,0,0,0,0,0,0
201504,25,023,1,1,Plymouth County               ,212,212,47458804,2,4,575000,3,10,984810,6,40,3562025,160,160,36562381,2,4,575000,0,0,0,2,10,600000
201504,25,025,1,1,Suffolk County                ,13,13,3013541,17,34,6191004,4,12,1600000,25,1364,220324505,11,11,2703013,16,32,5970000,4,12,1600000,16,1174,199172324
201504,26,000,2,3,Michigan Balance of State     ,8,8,1823934,0,0,0,0,0,0,0,0,0,8,8,1823934,0,0,0,0,0,0,0,0,0
201504,26,019,2,3,Benzie County                 ,7,7,1287487,0,0,0,0,0,0,0,0,0,7,7,1287487,0,0,0,0,0,0,0,0,0
201504,26,029,2,3,Charlevoix County             ,11,11,3328101,1,2,570171,0,0,0,0,0,0,0,0,0,0,0,0,0,0,0,0,0,0
201504,26,089,2,3,Leelanau County               ,26,26,5274012,0,0,0,0,0,0,0,0,0,26,26,5274012,0,0,0,0,0,0,0,0,0
201504,26,093,2,3,Livingston County             ,156,156,41421184,0,0,0,0,0,0,5,36,5237894,149,149,40706683,0,0,0,0,0,0,5,36,5237894
201504,26,095,2,3,Luce County                   ,1,1,300000,0,0,0,0,0,0,0,0,0,1,1,300000,0,0,0,0,0,0,0,0,0
201504,26,099,2,3,Macomb County                 ,251,251,67278832,3,6,1205705,0,0,0,10,149,9338368,248,248,66857999,3,6,1205705,0,0,0,9,144,8838368
201504,26,103,2,3,Marquette County              ,8,8,1563000,0,0,0,0,0,0,1,9,2430000,8,8,1563000,0,0,0,0,0,0,1,9,2430000
201504,26,137,2,3,Otsego County                 ,3,3,243000,0,0,0,0,0,0,0,0,0,0,0,0,0,0,0,0,0,0,0,0,0
201504,26,147,2,3,St. Clair County              ,21,21,4298387,0,0,0,0,0,0,0,0,0,19,19,4016489,0,0,0,0,0,0,0,0,0
201504,26,163,2,3,Wayne County                  ,226,226,60632680,1,2,245000,3,11,1632240,2,40,1934980,219,219,59181574,1,2,245000,2,8,1170208,2,40,1934980
201504,27,003,2,4,Anoka County                  ,217,217,60005420,0,0,0,0,0,0,2,16,2678800,208,208,58026547,0,0,0,0,0,0,2,16,2678800
201504,27,019,2,4,Carver County                 ,152,152,47047875,1,2,254572,1,4,639000,0,0,0,128,128,39732811,1,2,254572,1,4,639000,0,0,0
201504,27,025,2,4,Chisago County                ,42,42,6623966,0,0,0,0,0,0,0,0,0,34,34,5615788,0,0,0,0,0,0,0,0,0
201504,27,027,2,4,Clay County                   ,88,88,19098120,2,4,550000,5,15,2476880,2,72,6000000,87,87,18826320,2,4,550000,5,15,2476880,2,72,6000000
201504,27,037,2,4,Dakota County                 ,264,264,80937378,0,0,0,0,0,0,0,0,0,220,220,68788842,0,0,0,0,0,0,0,0,0
201504,27,053,2,4,Hennepin County               ,507,507,195256523,1,2,305000,3,10,1700598,5,253,72099755,480,480,183948291,1,2,305000,2,7,1013400,4,245,70690635
201504,27,059,2,4,Isanti County                 ,26,26,4737162,0,0,0,0,0,0,0,0,0,26,26,4737162,0,0,0,0,0,0,0,0,0
201504,27,123,2,4,Ramsey County                 ,66,66,23269155,0,0,0,0,0,0,1,136,21300000,66,66,23269155,0,0,0,0,0,0,1,136,21300000
201504,27,139,2,4,Scott County                  ,113,113,37053354,0,0,0,0,0,0,0,0,0,100,100,33139782,0,0,0,0,0,0,0,0,0
201504,27,141,2,4,Sherburne County              ,62,62,13711932,0,0,0,0,0,0,0,0,0,57,57,12678512,0,0,0,0,0,0,0,0,0
201504,27,163,2,4,Washington County             ,168,168,58151537,0,0,0,0,0,0,1,160,31561000,156,156,52712510,0,0,0,0,0,0,1,160,31561000
201504,27,171,2,4,Wright County                 ,132,132,36507938,0,0,0,0,0,0,0,0,0,121,121,34700039,0,0,0,0,0,0,0,0,0
201504,28,033,3,6,DeSoto County                 ,327,327,47438032,0,0,0,0,0,0,1,5,424350,219,219,27704170,0,0,0,0,0,0,1,5,424350
201504,28,041,3,6,Greene County                 ,1,1,120000,0,0,0,0,0,0,0,0,0,1,1,120000,0,0,0,0,0,0,0,0,0
201504,28,045,3,6,Hancock County                ,110,110,16996853,2,4,370358,4,13,1304697,4,43,3640496,5,5,879568,0,0,0,0,0,0,0,0,0
201504,28,047,3,6,Harrison County               ,266,266,40402953,1,2,245000,0,0,0,0,0,0,231,231,36426918,0,0,0,0,0,0,0,0,0
201504,28,067,3,6,Jones County                  ,10,10,853237,0,0,0,0,0,0,0,0,0,1,1,168000,0,0,0,0,0,0,0,0,0
201504,28,137,3,6,Tate County                   ,17,17,2760032,0,0,0,0,0,0,0,0,0,5,5,1200000,0,0,0,0,0,0,0,0,0
201504,28,143,3,6,Tunica County                 ,5,5,401600,0,0,0,0,0,0,0,0,0,0,0,0,0,0,0,0,0,0,0,0,0
201504,28,145,3,6,Union County                  ,2,2,200000,0,0,0,0,0,0,0,0,0,2,2,200000,0,0,0,0,0,0,0,0,0
201504,28,149,3,6,Warren County                 ,2,2,140000,0,0,0,0,0,0,0,0,0,2,2,140000,0,0,0,0,0,0,0,0,0
201504,29,013,2,4,Bates County                  ,2,2,425000,0,0,0,0,0,0,0,0,0,2,2,425000,0,0,0,0,0,0,0,0,0
201504,29,019,2,4,Boone County                  ,220,220,48291177,8,16,1430000,0,0,0,7,144,21931012,220,220,48291177,8,16,1430000,0,0,0,7,144,21931012
201504,29,049,2,4,Clinton County                ,8,8,1965054,0,0,0,0,0,0,0,0,0,4,4,1175000,0,0,0,0,0,0,0,0,0
201504,29,065,2,4,Dent County                   ,0,0,0,0,0,0,0,0,0,0,0,0,0,0,0,0,0,0,0,0,0,0,0,0
201504,29,071,2,4,Franklin County               ,112,112,18916002,1,2,400000,0,0,0,0,0,0,104,104,17621463,1,2,400000,0,0,0,0,0,0
201504,29,095,2,4,Jackson County                ,507,507,109469348,17,34,3010976,2,8,733456,16,540,41118080,506,506,109351355,17,34,3010976,2,8,733456,16,540,41118080
201504,29,099,2,4,Jefferson County              ,173,173,24510013,1,2,60000,0,0,0,0,0,0,164,164,23109723,1,2,60000,0,0,0,0,0,0
201504,29,105,2,4,Laclede County                ,10,10,1249700,0,0,0,0,0,0,0,0,0,10,10,1249700,0,0,0,0,0,0,0,0,0
201504,29,107,2,4,Lafayette County              ,8,8,1615758,0,0,0,0,0,0,0,0,0,0,0,0,0,0,0,0,0,0,0,0,0
201504,29,113,2,4,Lincoln County                ,22,22,2320731,0,0,0,4,16,1752000,4,26,2847000,22,22,2320731,0,0,0,4,16,1752000,4,26,2847000
201504,29,165,2,4,Platte County                 ,71,71,20617946,0,0,0,2,6,660000,0,0,0,68,68,19868278,0,0,0,2,6,660000,0,0,0
201504,29,185,2,4,St. Clair County              ,0,0,0,0,0,0,0,0,0,0,0,0,0,0,0,0,0,0,0,0,0,0,0,0
201504,29,189,2,4,St. Louis County              ,294,294,119654804,0,0,0,0,0,0,2,13,3538648,215,215,86920745,0,0,0,0,0,0,0,0,1700000
201504,29,219,2,4,Warren County                 ,25,25,5598509,0,0,0,0,0,0,0,0,0,25,25,5598509,0,0,0,0,0,0,0,0,0
201504,29,221,2,4,Washington County             ,0,0,0,0,0,0,0,0,0,0,0,0,0,0,0,0,0,0,0,0,0,0,0,0
201504,29,510,2,4,St. Louis (Independent City)  ,22,22,4211000,0,0,0,3,9,300000,1,6,2200000,22,22,4211000,0,0,0,3,9,300000,1,6,2200000
201504,30,033,4,8,Garfield County               ,1,1,150000,0,0,0,0,0,0,0,0,0,1,1,150000,0,0,0,0,0,0,0,0,0
201504,30,063,4,8,Missoula County               ,76,76,10132908,3,6,498552,0,0,0,5,121,5053774,76,76,10132908,3,6,498552,0,0,0,5,121,5053774
201504,30,093,4,8,Silver Bow County             ,6,6,619530,1,2,99406,3,12,467300,1,5,205206,6,6,619530,1,2,99406,3,12,467300,1,5,205206
201504,31,001,2,4,Adams County                  ,15,15,3125933,1,2,193932,0,0,0,0,0,0,0,0,0,0,0,0,0,0,0,0,0,0
201504,31,025,2,4,Cass County                   ,27,27,4316310,0,0,0,0,0,0,0,0,0,27,27,4316310,0,0,0,0,0,0,0,0,0
201504,31,033,2,4,Cheyenne County               ,8,8,1844365,0,0,0,0,0,0,0,0,0,8,8,1844365,0,0,0,0,0,0,0,0,0
201504,31,055,2,4,Douglas County                ,522,522,80326272,0,0,0,0,0,0,3,101,8144275,504,504,75758365,0,0,0,0,0,0,3,101,8144275
201504,31,105,2,4,Kimball County                ,0,0,0,0,0,0,0,0,0,0,0,0,0,0,0,0,0,0,0,0,0,0,0,0
201504,31,153,2,4,Sarpy County                  ,281,281,75729274,0,0,0,0,0,0,0,0,0,281,281,75729274,0,0,0,0,0,0,0,0,0
201504,31,165,2,4,Sioux County                  ,1,1,318000,0,0,0,0,0,0,0,0,0,1,1,318000,0,0,0,0,0,0,0,0,0
201504,31,177,2,4,Washington County             ,26,26,5768233,0,0,0,0,0,0,0,0,0,26,26,5768233,0,0,0,0,0,0,0,0,0
201504,32,001,4,8,Churchill County              ,8,8,1909115,0,0,0,0,0,0,0,0,0,8,8,1909115,0,0,0,0,0,0,0,0,0
201504,32,003,4,8,Clark County                  ,2701,2701,447665765,0,0,0,2,7,1057362,42,675,37213791,2701,2701,447665765,0,0,0,2,7,1057362,42,675,37213791
201504,32,005,4,8,Douglas County                ,46,46,17360418,1,2,294902,0,0,0,0,0,0,46,46,17360418,1,2,294902,0,0,0,0,0,0
201504,32,007,4,8,Elko County                   ,72,72,10027667,0,0,0,0,0,0,3,36,2859998,72,72,10027667,0,0,0,0,0,0,3,36,2859998
201504,32,013,4,8,Humboldt County               ,6,6,888754,0,0,0,0,0,0,0,0,0,6,6,888754,0,0,0,0,0,0,0,0,0
201504,32,015,4,8,Lander County                 ,0,0,0,0,0,0,0,0,0,0,0,0,0,0,0,0,0,0,0,0,0,0,0,0
201504,32,017,4,8,Lincoln County                ,4,4,1010360,0,0,0,0,0,0,0,0,0,2,2,524308,0,0,0,0,0,0,0,0,0
201504,32,019,4,8,Lyon County                   ,45,45,8019626,0,0,0,0,0,0,0,0,0,43,43,7606389,0,0,0,0,0,0,0,0,0
201504,32,021,4,8,Mineral County                ,0,0,0,0,0,0,0,0,0,0,0,0,0,0,0,0,0,0,0,0,0,0,0,0
201504,32,027,4,8,Pershing County               ,0,0,0,0,0,0,0,0,0,0,0,0,0,0,0,0,0,0,0,0,0,0,0,0
201504,32,029,4,8,Storey County                 ,5,5,989981,0,0,0,0,0,0,0,0,0,5,5,989981,0,0,0,0,0,0,0,0,0
201504,32,031,4,8,Washoe County                 ,613,613,149776053,2,4,324665,0,0,0,26,296,26227436,613,613,149776053,2,4,324665,0,0,0,26,296,26227436
201504,32,033,4,8,White Pine County             ,4,4,785785,0,0,0,0,0,0,0,0,0,2,2,491785,0,0,0,0,0,0,0,0,0
201504,32,510,4,8,Carson City (Independent City),12,12,3010674,0,0,0,0,0,0,0,0,0,12,12,3010674,0,0,0,0,0,0,0,0,0
201504,33,015,1,1,Rockingham County             ,152,152,38064785,4,8,1360000,0,0,0,0,0,0,122,122,30878357,3,6,1110000,0,0,0,0,0,0
201504,33,017,1,1,Strafford County              ,59,59,11972049,2,4,657560,1,3,444529,8,99,13409995,51,51,10538454,0,0,0,0,0,0,4,32,3238696
201504,34,001,1,2,Atlantic County               ,97,97,16434829,2,4,432637,0,0,0,5,67,10877624,63,63,12450703,0,0,0,0,0,0,0,0,0
201504,34,003,1,2,Bergen County                 ,260,260,81128327,31,62,12086312,4,12,1758000,36,406,30288780,142,142,41200145,21,42,10131000,3,9,1405000,5,39,4333200
201504,34,005,1,2,Burlington County             ,160,160,27985050,1,2,216224,1,3,213125,7,61,3766155,111,111,20607439,1,2,216224,0,0,0,0,0,0
201504,34,007,1,2,Camden County                 ,82,82,16855614,9,18,125705,1,4,52471,36,292,13704045,41,41,11718000,9,18,125705,0,0,0,21,130,3993257
201504,34,009,1,2,Cape May County               ,154,154,47247896,27,54,7981301,0,0,0,1,13,1823750,148,148,46153941,27,54,7981301,0,0,0,1,13,1823750
201504,34,011,1,2,Cumberland County             ,51,51,5354720,0,0,0,0,0,0,1,5,666180,11,11,745224,0,0,0,0,0,0,0,0,0
201504,34,013,1,2,Essex County                  ,100,100,23375398,3,6,414701,7,22,1653282,26,442,32423831,58,58,16145853,2,4,330000,4,12,957000,5,105,14588446
201504,34,015,1,2,Gloucester County             ,127,127,15314880,1,2,47561,0,0,0,0,0,0,98,98,11882379,1,2,47561,0,0,0,0,0,0
201504,34,017,1,2,Hudson County                 ,135,135,44861933,7,14,2501185,7,23,3988951,22,1581,187507905,105,105,41101900,2,4,1590000,3,11,2593300,5,602,39588320
201504,34,019,1,2,Hunterdon County              ,42,42,9521700,0,0,0,0,0,0,7,60,3334218,36,36,8452926,0,0,0,0,0,0,1,6,850000
201504,34,021,1,2,Mercer County                 ,75,75,19452560,2,4,110225,1,3,80000,4,34,2010987,54,54,16858069,1,2,3100,1,3,80000,2,17,1103050
201504,34,023,1,2,Middlesex County              ,245,245,44389365,0,0,0,3,9,1120617,24,543,43358221,221,221,41231494,0,0,0,1,3,224500,11,236,9722562
201504,34,025,1,2,Monmouth County               ,266,266,65755548,0,0,0,1,3,230000,14,546,19783503,181,181,51023658,0,0,0,1,3,230000,8,505,15046418
201504,34,027,1,2,Morris County                 ,244,244,46720285,0,0,0,0,0,0,20,323,22019145,166,166,29283421,0,0,0,0,0,0,1,10,587750
201504,34,029,1,2,Ocean County                  ,655,655,132822629,16,32,2591061,0,0,0,18,217,21883267,644,644,130655751,16,32,2591061,0,0,0,17,212,21881443
201504,34,031,1,2,Passaic County                ,35,35,7738966,4,8,661263,0,0,0,9,95,8648660,11,11,3732102,2,4,359750,0,0,0,0,0,0
201504,34,033,1,2,Salem County                  ,11,11,1073736,0,0,0,0,0,0,1,12,260000,8,8,647000,0,0,0,0,0,0,1,12,260000
201504,34,035,1,2,Somerset County               ,141,141,26255410,1,2,168800,0,0,0,13,255,16672997,118,118,22440367,1,2,168800,0,0,0,2,40,3965582
201504,34,037,1,2,Sussex County                 ,40,40,8595559,0,0,0,0,0,0,5,31,1866445,12,12,2832130,0,0,0,0,0,0,0,0,0
201504,34,039,1,2,Union County                  ,103,103,23828328,9,18,1374394,0,0,0,33,732,51945570,47,47,17507025,7,14,908602,0,0,0,13,436,41374711
201504,34,041,1,2,Warren County                 ,40,40,6276902,0,0,0,0,0,0,5,35,1511256,10,10,1891750,0,0,0,0,0,0,0,0,0
201504,35,000,4,8,New Mexico Balance of State   ,94,94,23888007,0,0,0,0,0,0,0,0,0,94,94,23888007,0,0,0,0,0,0,0,0,0
201504,35,001,4,8,Bernalillo County             ,317,317,69337472,0,0,0,0,0,0,1,130,13543630,317,317,69337472,0,0,0,0,0,0,1,130,13543630
201504,35,005,4,8,Chaves County                 ,23,23,4221894,0,0,0,0,0,0,0,0,0,23,23,4221894,0,0,0,0,0,0,0,0,0
201504,35,007,4,8,Colfax County                 ,3,3,1239393,0,0,0,0,0,0,0,0,0,0,0,0,0,0,0,0,0,0,0,0,0
201504,35,009,4,8,Curry County                  ,20,20,4972895,0,0,0,0,0,0,0,0,0,20,20,4972895,0,0,0,0,0,0,0,0,0
201504,35,013,4,8,Dona Ana County               ,216,216,42716390,0,0,0,1,4,550000,1,11,800000,216,216,42716390,0,0,0,1,4,550000,1,11,800000
201504,35,015,4,8,Eddy County                   ,57,57,10423066,0,0,0,0,0,0,0,0,0,57,57,10423066,0,0,0,0,0,0,0,0,0
201504,35,017,4,8,Grant County                  ,2,2,301000,0,0,0,0,0,0,0,0,0,2,2,301000,0,0,0,0,0,0,0,0,0
201504,35,025,4,8,Lea County                    ,59,59,12572366,0,0,0,0,0,0,13,240,4500000,59,59,12572366,0,0,0,0,0,0,13,240,4500000
201504,35,027,4,8,Lincoln County                ,18,18,4233292,0,0,0,0,0,0,0,0,0,0,0,0,0,0,0,0,0,0,0,0,0
201504,35,028,4,8,Los Alamos County             ,1,1,358333,0,0,0,0,0,0,0,0,0,0,0,0,0,0,0,0,0,0,0,0,0
201504,35,029,4,8,Luna County                   ,1,1,175000,0,0,0,0,0,0,0,0,0,1,1,175000,0,0,0,0,0,0,0,0,0
201504,35,031,4,8,McKinley County               ,1,1,165000,0,0,0,0,0,0,0,0,0,1,1,165000,0,0,0,0,0,0,0,0,0
201504,35,035,4,8,Otero County                  ,0,0,0,0,0,0,0,0,0,0,0,0,0,0,0,0,0,0,0,0,0,0,0,0
201504,35,039,4,8,Rio Arriba County             ,0,0,0,0,0,0,0,0,0,0,0,0,0,0,0,0,0,0,0,0,0,0,0,0
201504,35,041,4,8,Roosevelt County              ,10,10,1204853,0,0,0,0,0,0,0,0,0,8,8,903500,0,0,0,0,0,0,0,0,0
201504,35,043,4,8,Sandoval County               ,298,298,56419473,3,6,849813,7,25,2096333,4,20,833332,1,1,917640,0,0,0,0,0,0,0,0,0
201504,35,045,4,8,San Juan County               ,33,33,8294184,0,0,0,0,0,0,0,0,0,33,33,8294184,0,0,0,0,0,0,0,0,0
201504,35,047,4,8,San Miguel County             ,0,0,0,0,0,0,0,0,0,0,0,0,0,0,0,0,0,0,0,0,0,0,0,0
201504,35,049,4,8,Santa Fe County               ,28,28,6496218,0,0,0,0,0,0,0,0,0,28,28,6496218,0,0,0,0,0,0,0,0,0
201504,35,051,4,8,Sierra County                 ,0,0,0,0,0,0,0,0,0,0,0,0,0,0,0,0,0,0,0,0,0,0,0,0
201504,35,053,4,8,Socorro County                ,0,0,0,0,0,0,0,0,0,0,0,0,0,0,0,0,0,0,0,0,0,0,0,0
201504,35,055,4,8,Taos County                   ,21,21,2683461,0,0,0,0,0,0,0,0,0,2,2,600000,0,0,0,0,0,0,0,0,0
201504,35,061,4,8,Valencia County               ,26,26,2818712,0,0,0,0,0,0,0,0,0,0,0,0,0,0,0,0,0,0,0,0,0
201504,36,001,1,2,Albany County                 ,71,71,19234608,1,2,220000,2,7,430000,8,129,21508340,65,65,18107853,1,2,220000,2,7,430000,8,129,21508340
201504,36,005,1,2,Bronx County                  ,1,1,257201,11,22,2832017,3,10,1087559,16,990,109225900,1,1,257201,11,22,2832017,3,10,1087559,16,990,109225900
201504,36,029,1,2,Erie County                   ,198,198,51189267,4,8,1066800,0,0,0,9,198,16836932,157,157,41206094,2,4,720000,0,0,0,4,143,11000000
201504,36,047,1,2,Kings County                  ,1,1,257201,14,28,3582624,29,98,10706168,97,5786,689491320,1,1,257201,14,28,3582624,29,98,10706168,97,5786,689491320
201504,36,051,1,2,Livingston County             ,14,14,2486440,0,0,0,0,0,0,1,5,312500,10,10,1648000,0,0,0,0,0,0,0,0,0
201504,36,055,1,2,Monroe County                 ,235,235,41975745,4,8,1083970,0,0,0,2,41,5010278,209,209,35518408,2,4,460000,0,0,0,1,12,910000
201504,36,059,1,2,Nassau County                 ,174,174,91838380,1,2,271215,0,0,0,1,23,3743769,146,146,82508965,1,2,271215,0,0,0,0,0,0
201504,36,061,1,2,New York County               ,4,4,1028802,0,0,0,1,4,432256,16,3111,358692220,4,4,1028802,0,0,0,1,4,432256,16,3111,358692220
201504,36,063,1,2,Niagara County                ,45,45,11183047,0,0,0,3,12,1893888,1,8,1045173,40,40,10306104,0,0,0,3,12,1893888,1,8,1045173
201504,36,069,1,2,Ontario County                ,117,117,26104033,1,2,115000,1,3,286426,1,9,876764,100,100,22187043,1,2,115000,0,0,0,0,0,0
201504,36,073,1,2,Orleans County                ,9,9,1130900,0,0,0,0,0,0,0,0,0,7,7,835900,0,0,0,0,0,0,0,0,0
201504,36,079,1,2,Putnam County                 ,8,8,2129247,0,0,0,0,0,0,3,15,1677725,4,4,1230000,0,0,0,0,0,0,0,0,0
201504,36,081,1,2,Queens County                 ,47,47,11567879,33,66,8256681,29,88,9592662,33,1202,132784540,47,47,11567879,33,66,8256681,29,88,9592662,33,1202,132784540
201504,36,083,1,2,Rensselaer County             ,21,21,4320742,0,0,0,0,0,0,0,0,0,6,6,1189000,0,0,0,0,0,0,0,0,0
201504,36,085,1,2,Richmond County               ,63,63,15698863,56,112,13977742,0,0,0,1,6,750120,63,63,15698863,56,112,13977742,0,0,0,1,6,750120
201504,36,087,1,2,Rockland County               ,47,47,11935133,10,20,2786311,1,3,329381,11,83,9212080,43,43,10681654,8,16,2068811,1,3,329381,11,83,9212080
201504,36,091,1,2,Saratoga County               ,164,164,41350063,2,4,504604,5,16,1685955,19,212,15376482,141,141,36430544,2,4,504604,4,13,1460955,15,188,13402700
201504,36,093,1,2,Schenectady County            ,15,15,2459125,0,0,0,4,16,1325000,1,8,775000,10,10,1796300,0,0,0,4,16,1325000,1,8,775000
201504,36,095,1,2,Schoharie County              ,3,3,645520,0,0,0,0,0,0,0,0,0,2,2,515520,0,0,0,0,0,0,0,0,0
201504,36,099,1,2,Seneca County                 ,5,5,681000,0,0,0,0,0,0,0,0,0,5,5,681000,0,0,0,0,0,0,0,0,0
201504,36,117,1,2,Wayne County                  ,20,20,3551577,0,0,0,0,0,0,0,0,0,16,16,2949627,0,0,0,0,0,0,0,0,0
201504,36,119,1,2,Westchester County            ,96,96,54309445,5,10,1278574,0,0,0,6,154,24098585,82,82,48960197,4,8,1135000,0,0,0,5,149,21765252
201504,37,007,3,5,Anson County                  ,10,10,1498650,0,0,0,0,0,0,0,0,0,0,0,0,0,0,0,0,0,0,0,0,0
201504,37,011,3,5,Avery County                  ,10,10,2585000,0,0,0,0,0,0,0,0,0,10,10,2585000,0,0,0,0,0,0,0,0,0
201504,37,015,3,5,Bertie County                 ,8,8,1526354,0,0,0,0,0,0,0,0,0,6,6,1113200,0,0,0,0,0,0,0,0,0
201504,37,025,3,5,Cabarrus County               ,453,453,61565217,0,0,0,0,0,0,19,348,22748453,453,453,61565217,0,0,0,0,0,0,19,348,22748453
201504,37,033,3,5,Caswell County                ,13,13,3163295,0,0,0,0,0,0,0,0,0,13,13,3163295,0,0,0,0,0,0,0,0,0
201504,37,037,3,5,Chatham County                ,176,176,46120183,0,0,0,0,0,0,0,0,0,176,176,46120183,0,0,0,0,0,0,0,0,0
201504,37,051,3,5,Cumberland County             ,262,262,43572691,0,0,0,0,0,0,1,16,1920552,262,262,43572691,0,0,0,0,0,0,1,16,1920552
201504,37,053,3,5,Currituck County              ,90,90,22006946,2,4,253700,0,0,0,0,0,0,67,67,15183832,2,4,253700,0,0,0,0,0,0
201504,37,059,3,5,Davie County                  ,37,37,10048352,0,0,0,0,0,0,0,0,0,32,32,8864113,0,0,0,0,0,0,0,0,0
201504,37,063,3,5,Durham County                 ,442,442,80289187,0,0,0,0,0,0,9,527,30351297,104,104,17533501,0,0,0,0,0,0,0,0,0
201504,37,069,3,5,Franklin County               ,107,107,19541116,0,0,0,0,0,0,0,0,0,107,107,19541116,0,0,0,0,0,0,0,0,0
201504,37,071,3,5,Gaston County                 ,297,297,72596763,0,0,0,0,0,0,4,20,2856807,297,297,72596763,0,0,0,0,0,0,4,20,2856807
201504,37,081,3,5,Guilford County               ,437,437,104140915,0,0,0,0,0,0,7,124,17794771,437,437,104140915,0,0,0,0,0,0,7,124,17794771
201504,37,089,3,5,Henderson County              ,227,227,37359122,0,0,0,0,0,0,0,0,0,227,227,37359122,0,0,0,0,0,0,0,0,0
201504,37,093,3,5,Hoke County                   ,75,75,16401267,0,0,0,0,0,0,1,49,4642222,75,75,16401267,0,0,0,0,0,0,1,49,4642222
201504,37,097,3,5,Iredell County                ,337,337,104412613,0,0,0,0,0,0,0,0,0,337,337,104412613,0,0,0,0,0,0,0,0,0
201504,37,101,3,5,Johnston County               ,490,490,80912691,0,0,0,0,0,0,0,0,0,483,483,79729978,0,0,0,0,0,0,0,0,0
201504,37,119,3,5,Mecklenburg County            ,1053,1053,231382738,14,28,6342197,8,32,3592008,77,1505,107399449,1053,1053,231382738,14,28,6342197,8,32,3592008,77,1505,107399449
201504,37,133,3,5,Onslow County                 ,291,291,36560547,0,0,0,2,8,629440,1,8,680000,291,291,36560547,0,0,0,2,8,629440,1,8,680000
201504,37,135,3,5,Orange County                 ,122,122,34331889,0,0,0,0,0,0,0,0,0,117,117,32579937,0,0,0,0,0,0,0,0,0
201504,37,145,3,5,Person County                 ,20,20,3533558,0,0,0,0,0,0,0,0,0,20,20,3533558,0,0,0,0,0,0,0,0,0
201504,37,151,3,5,Randolph County               ,59,59,12689764,0,0,0,0,0,0,0,0,0,59,59,12689764,0,0,0,0,0,0,0,0,0
201504,37,157,3,5,Rockingham County             ,44,44,9819512,0,0,0,0,0,0,0,0,0,44,44,9819512,0,0,0,0,0,0,0,0,0
201504,37,179,3,5,Union County                  ,435,435,85214777,0,0,0,0,0,0,0,0,0,435,435,85214777,0,0,0,0,0,0,0,0,0
201504,37,181,3,5,Vance County                  ,9,9,1390117,0,0,0,0,0,0,0,0,0,0,0,0,0,0,0,0,0,0,0,0,0
201504,37,183,3,5,Wake County                   ,2062,2062,473918791,8,16,1618171,0,0,0,42,1546,101849138,1894,1894,437989779,8,16,1618171,0,0,0,42,1546,101849138
201504,37,195,3,5,Wilson County                 ,32,32,8139044,0,0,0,0,0,0,0,0,0,32,32,8139044,0,0,0,0,0,0,0,0,0
201504,39,007,2,3,Ashtabula County              ,13,13,2229120,1,2,100000,0,0,0,0,0,0,0,0,0,0,0,0,0,0,0,0,0,0
201504,39,015,2,3,Brown County                  ,18,18,2867935,0,0,0,0,0,0,0,0,0,0,0,0,0,0,0,0,0,0,0,0,0
201504,39,017,2,3,Butler County                 ,162,162,36100055,0,0,0,0,0,0,0,0,0,156,156,35244317,0,0,0,0,0,0,0,0,0
201504,39,025,2,3,Clermont County               ,93,93,17936737,0,0,0,2,6,1089000,4,32,1307808,93,93,17936737,0,0,0,2,6,1089000,4,32,1307808
201504,39,041,2,3,Delaware County               ,246,246,59497937,0,0,0,0,0,0,0,0,0,246,246,59497937,0,0,0,0,0,0,0,0,0
201504,39,049,2,3,Franklin County               ,459,459,127147322,1,2,549506,2,8,940489,47,849,83323805,448,448,123956965,1,2,549506,2,8,940489,47,849,83323805
201504,39,055,2,3,Geauga County                 ,37,37,12577800,0,0,0,0,0,0,0,0,0,37,37,12577800,0,0,0,0,0,0,0,0,0
201504,39,085,2,3,Lake County                   ,84,84,20443801,0,0,0,0,0,0,1,6,535752,69,69,16341345,0,0,0,0,0,0,0,0,0
201504,39,089,2,3,Licking County                ,83,83,21930244,0,0,0,0,0,0,0,0,0,83,83,21930244,0,0,0,0,0,0,0,0,0
201504,39,093,2,3,Lorain County                 ,170,170,37537880,1,2,237600,5,20,840000,10,75,3318000,125,125,24909936,1,2,237600,5,20,840000,10,75,3318000
201504,39,097,2,3,Madison County                ,10,10,2190098,0,0,0,0,0,0,0,0,0,7,7,1658286,0,0,0,0,0,0,0,0,0
201504,39,103,2,3,Medina County                 ,142,142,31108935,0,0,0,0,0,0,0,0,0,142,142,31108935,0,0,0,0,0,0,0,0,0
201504,39,117,2,3,Morrow County                 ,8,8,1349067,0,0,0,0,0,0,0,0,0,7,7,1130000,0,0,0,0,0,0,0,0,0
201504,39,159,2,3,Union County                  ,121,121,29122924,0,0,0,0,0,0,0,0,0,121,121,29122924,0,0,0,0,0,0,0,0,0
201504,39,165,2,3,Warren County                 ,255,255,66272889,1,2,272725,3,9,973885,0,0,0,247,247,65084849,1,2,272725,3,9,973885,0,0,0
201504,40,001,3,7,Adair County                  ,0,0,0,0,0,0,0,0,0,0,0,0,0,0,0,0,0,0,0,0,0,0,0,0
201504,40,017,3,7,Canadian County               ,66,66,18849846,0,0,0,0,0,0,0,0,0,61,61,17486598,0,0,0,0,0,0,0,0,0
201504,40,021,3,7,Cherokee County               ,14,14,1837336,0,0,0,0,0,0,1,5,244048,0,0,0,0,0,0,0,0,0,0,0,0
201504,40,027,3,7,Cleveland County              ,311,311,65079002,1,2,300000,0,0,0,4,146,9017032,311,311,65079002,1,2,300000,0,0,0,4,146,9017032
201504,40,029,3,7,Coal County                   ,1,1,108000,0,0,0,0,0,0,0,0,0,1,1,108000,0,0,0,0,0,0,0,0,0
201504,40,037,3,7,Creek County                  ,44,44,7002872,0,0,0,0,0,0,3,60,4368798,35,35,5590209,0,0,0,0,0,0,3,60,4368798
201504,40,051,3,7,Grady County                  ,34,34,6516748,0,0,0,0,0,0,0,0,0,8,8,1286500,0,0,0,0,0,0,0,0,0
201504,40,055,3,7,Greer County                  ,0,0,0,0,0,0,0,0,0,0,0,0,0,0,0,0,0,0,0,0,0,0,0,0
201504,40,081,3,7,Lincoln County                ,5,5,962377,0,0,0,0,0,0,0,0,0,5,5,962377,0,0,0,0,0,0,0,0,0
201504,40,083,3,7,Logan County                  ,54,54,9758594,0,0,0,0,0,0,0,0,0,54,54,9758594,0,0,0,0,0,0,0,0,0
201504,40,087,3,7,McClain County                ,64,64,14470373,0,0,0,0,0,0,0,0,0,50,50,11548806,0,0,0,0,0,0,0,0,0
201504,40,109,3,7,Oklahoma County               ,1432,1432,325097474,3,6,470000,0,0,0,7,140,7719432,1387,1387,317772182,3,6,470000,0,0,0,7,140,7719432
201504,40,111,3,7,Okmulgee County               ,1,1,83000,1,2,100000,0,0,0,0,0,0,1,1,83000,1,2,100000,0,0,0,0,0,0
201504,40,113,3,7,Osage County                  ,18,18,4025646,0,0,0,0,0,0,0,0,0,18,18,4025646,0,0,0,0,0,0,0,0,0
201504,40,117,3,7,Pawnee County                 ,1,1,75000,0,0,0,0,0,0,0,0,0,1,1,75000,0,0,0,0,0,0,0,0,0
201504,40,131,3,7,Rogers County                 ,157,157,23911444,4,8,467000,0,0,0,0,0,0,154,154,23619778,4,8,467000,0,0,0,0,0,0
201504,40,143,3,7,Tulsa County                  ,706,706,159741217,0,0,0,4,16,1237198,6,36,2680169,703,703,159552217,0,0,0,4,16,1237198,6,36,2680169
201504,40,145,3,7,Wagoner County                ,109,109,18517704,0,0,0,0,0,0,0,0,0,106,106,18060865,0,0,0,0,0,0,0,0,0
201504,41,000,4,9,Oregon Balance of State       ,60,60,7811259,0,0,0,0,0,0,0,0,0,49,49,6064573,0,0,0,0,0,0,0,0,0
201504,41,005,4,9,Clackamas County              ,522,522,155604206,0,0,0,1,3,559586,10,71,7938383,509,509,150968717,0,0,0,1,3,559586,10,71,7938383
201504,41,019,4,9,Douglas County                ,53,53,13984533,1,2,251799,0,0,0,0,0,0,53,53,13984533,1,2,251799,0,0,0,0,0,0
201504,41,025,4,9,Harney County                 ,1,1,191446,0,0,0,0,0,0,0,0,0,0,0,0,0,0,0,0,0,0,0,0,0
201504,41,035,4,9,Klamath County                ,18,18,4638254,0,0,0,0,0,0,0,0,0,18,18,4638254,0,0,0,0,0,0,0,0,0
201504,41,051,4,9,Multnomah County              ,384,384,102659491,15,30,3829498,0,0,0,10,451,48207121,383,383,102485917,15,30,3829498,0,0,0,10,451,48207121
201504,41,067,4,9,Washington County             ,513,513,128148308,8,16,2256267,0,0,0,6,465,81464251,513,513,128148308,8,16,2256267,0,0,0,6,465,81464251
201504,41,071,4,9,Yamhill County                ,99,99,25368991,0,0,0,0,0,0,0,0,0,96,96,24860400,0,0,0,0,0,0,0,0,0
201504,42,001,1,2,Adams County                  ,60,60,13264989,0,0,0,1,3,360000,1,7,840000,42,42,8861999,0,0,0,0,0,0,0,0,0
201504,42,017,1,2,Bucks County                  ,251,251,53158627,1,2,230000,8,28,4440676,0,0,0,217,217,47057527,1,2,230000,8,28,4440676,0,0,0
201504,42,029,1,2,Chester County                ,236,236,44562420,0,0,0,1,3,147000,1,33,5657387,198,198,34899346,0,0,0,1,3,147000,0,0,18900
201504,42,037,1,2,Columbia County               ,24,24,4660076,0,0,0,0,0,0,0,0,0,14,14,2708500,0,0,0,0,0,0,0,0,0
201504,42,041,1,2,Cumberland County             ,227,227,44930935,0,0,0,2,8,1421235,3,62,3718653,221,221,43817433,0,0,0,2,8,1421235,1,30,1152270
201504,42,043,1,2,Dauphin County                ,84,84,17750470,2,4,240000,0,0,0,10,112,8978591,25,25,5681693,1,2,120000,0,0,0,4,72,4861812
201504,42,045,1,2,Delaware County               ,77,77,16369472,0,0,0,1,3,0,1,6,2047059,42,42,8535154,0,0,0,0,0,0,0,0,0
201504,42,055,1,2,Franklin County               ,70,70,11851645,0,0,0,1,3,324192,0,0,0,52,52,9522875,0,0,0,0,0,0,0,0,0
201504,42,091,1,2,Montgomery County             ,285,285,49578385,0,0,0,2,6,876431,7,114,10570000,258,258,44298617,0,0,0,1,3,455900,4,66,6450000
201504,42,093,1,2,Montour County                ,4,4,1716665,0,0,0,0,0,0,0,0,0,3,3,1530769,0,0,0,0,0,0,0,0,0
201504,42,099,1,2,Perry County                  ,17,17,3929626,0,0,0,0,0,0,0,0,0,1,1,260000,0,0,0,0,0,0,0,0,0
201504,42,101,1,2,Philadelphia County           ,273,273,67392182,27,54,6339920,31,99,10441655,19,521,79330540,273,273,67392182,27,54,6339920,31,99,10441655,19,521,79330540
201504,42,103,1,2,Pike County                   ,12,12,4294202,0,0,0,0,0,0,1,5,341600,9,9,3585000,0,0,0,0,0,0,0,0,0
201504,44,001,1,1,Bristol County                ,11,11,2028410,0,0,0,0,0,0,0,0,0,11,11,2028410,0,0,0,0,0,0,0,0,0
201504,44,003,1,1,Kent County                   ,24,24,5563158,0,0,0,0,0,0,0,0,0,22,22,4762785,0,0,0,0,0,0,0,0,0
201504,44,005,1,1,Newport County                ,33,33,9046407,0,0,0,0,0,0,0,0,0,33,33,9046407,0,0,0,0,0,0,0,0,0
201504,44,007,1,1,Providence County             ,64,64,10279932,2,4,365000,0,0,0,0,0,0,62,62,9984721,2,4,365000,0,0,0,0,0,0
201504,44,009,1,1,Washington County             ,52,52,17321154,1,2,184450,2,8,1143800,0,0,0,48,48,16886372,0,0,0,2,8,1143800,0,0,0
201504,45,003,3,5,Aiken County                  ,230,230,50773733,0,0,0,0,0,0,3,15,677499,91,91,20216713,0,0,0,0,0,0,0,0,0
201504,45,009,3,5,Bamberg County                ,2,2,420000,0,0,0,0,0,0,0,0,0,2,2,420000,0,0,0,0,0,0,0,0,0
201504,45,015,3,5,Berkeley County               ,483,483,132520583,20,40,4462472,0,0,0,1,56,1321156,427,427,121367056,20,40,4462472,0,0,0,0,0,0
201504,45,017,3,5,Calhoun County                ,8,8,1398984,0,0,0,0,0,0,0,0,0,8,8,1398984,0,0,0,0,0,0,0,0,0
201504,45,019,3,5,Charleston County             ,790,790,200460161,0,0,0,0,0,0,6,247,38357924,484,484,126341298,0,0,0,0,0,0,2,132,32596000
201504,45,035,3,5,Dorchester County             ,240,240,54920837,0,0,0,0,0,0,0,0,0,240,240,54920837,0,0,0,0,0,0,0,0,0
201504,45,037,3,5,Edgefield County              ,28,28,6781554,0,0,0,0,0,0,0,0,0,28,28,6781554,0,0,0,0,0,0,0,0,0
201504,45,039,3,5,Fairfield County              ,21,21,3030506,0,0,0,0,0,0,0,0,0,8,8,1384226,0,0,0,0,0,0,0,0,0
201504,45,045,3,5,Greenville County             ,813,813,203465945,0,0,0,0,0,0,20,912,82647306,810,810,203195956,0,0,0,0,0,0,20,912,82647306
201504,45,051,3,5,Horry County                  ,1195,1195,205055703,11,22,2151916,0,0,0,4,25,3429032,1141,1141,192304714,11,22,2151916,0,0,0,3,20,2824735
201504,45,055,3,5,Kershaw County                ,86,86,12950237,0,0,0,0,0,0,0,0,0,86,86,12950237,0,0,0,0,0,0,0,0,0
201504,45,059,3,5,Laurens County                ,23,23,3359062,0,0,0,0,0,0,0,0,0,23,23,3359062,0,0,0,0,0,0,0,0,0
201504,45,063,3,5,Lexington County              ,514,514,126265655,0,0,0,0,0,0,3,21,1945163,71,71,10817832,0,0,0,0,0,0,0,0,0
201504,45,077,3,5,Pickens County                ,145,145,36165928,2,4,268514,0,0,0,8,95,8695424,82,82,28507824,2,4,268514,0,0,0,4,27,3237445
201504,45,079,3,5,Richland County               ,520,520,69187163,0,0,0,1,4,360000,6,135,7619773,95,95,18944006,0,0,0,1,4,360000,0,0,0
201504,45,081,3,5,Saluda County                 ,4,4,927899,0,0,0,0,0,0,0,0,0,4,4,927899,0,0,0,0,0,0,0,0,0
201504,45,085,3,5,Sumter County                 ,90,90,11004236,0,0,0,0,0,0,0,0,0,90,90,11004236,0,0,0,0,0,0,0,0,0
201504,45,091,3,5,York County                   ,638,638,193020649,0,0,0,0,0,0,9,136,13996408,333,333,115599532,0,0,0,0,0,0,2,48,5293317
201504,46,007,2,4,Bennett County                ,0,0,0,0,0,0,0,0,0,0,0,0,0,0,0,0,0,0,0,0,0,0,0,0
201504,46,055,2,4,Haakon County                 ,0,0,0,0,0,0,0,0,0,0,0,0,0,0,0,0,0,0,0,0,0,0,0,0
201504,46,071,2,4,Jackson County                ,0,0,0,0,0,0,0,0,0,0,0,0,0,0,0,0,0,0,0,0,0,0,0,0
201504,46,111,2,4,Sanborn County                ,1,1,350000,0,0,0,0,0,0,0,0,0,1,1,350000,0,0,0,0,0,0,0,0,0
201504,47,001,3,6,Anderson County               ,31,31,6994374,0,0,0,0,0,0,0,0,0,29,29,6723521,0,0,0,0,0,0,0,0,0
201504,47,015,3,6,Cannon County                 ,4,4,504760,0,0,0,0,0,0,0,0,0,0,0,0,0,0,0,0,0,0,0,0,0
201504,47,021,3,6,Cheatham County               ,26,26,3886688,0,0,0,0,0,0,0,0,0,25,25,3676000,0,0,0,0,0,0,0,0,0
201504,47,037,3,6,Davidson County               ,1153,1153,268830275,1,2,473869,0,0,0,9,1152,121941385,1152,1152,268022263,1,2,473869,0,0,0,9,1152,121941385
201504,47,043,3,6,Dickson County                ,50,50,10071556,0,0,0,0,0,0,0,0,0,44,44,8699992,0,0,0,0,0,0,0,0,0
201504,47,049,3,6,Fentress County               ,2,2,166700,0,0,0,0,0,0,0,0,0,2,2,166700,0,0,0,0,0,0,0,0,0
201504,47,081,3,6,Hickman County                ,14,14,2608295,0,0,0,0,0,0,0,0,0,0,0,0,0,0,0,0,0,0,0,0,0
201504,47,093,3,6,Knox County                   ,413,413,76756520,0,0,0,0,0,0,0,0,0,413,413,76756520,0,0,0,0,0,0,0,0,0
201504,47,105,3,6,Loudon County                 ,81,81,17251917,0,0,0,0,0,0,0,0,0,77,77,16728675,0,0,0,0,0,0,0,0,0
201504,47,125,3,6,Montgomery County             ,317,317,43971431,1,2,110000,0,0,0,3,21,1221900,317,317,43971431,1,2,110000,0,0,0,3,21,1221900
201504,47,139,3,6,Polk County                   ,51,51,9186328,0,0,0,0,0,0,0,0,0,0,0,0,0,0,0,0,0,0,0,0,0
201504,47,149,3,6,Rutherford County             ,711,711,131351735,1,2,262584,0,0,0,18,383,23049281,648,648,122967998,1,2,262584,0,0,0,15,324,19635766
201504,47,153,3,6,Sequatchie County             ,3,3,140000,0,0,0,0,0,0,0,0,0,3,3,140000,0,0,0,0,0,0,0,0,0
201504,47,157,3,6,Shelby County                 ,332,332,77143975,0,0,0,0,0,0,6,616,41939921,332,332,77143975,0,0,0,0,0,0,6,616,41939921
201504,47,159,3,6,Smith County                  ,16,16,2393631,0,0,0,0,0,0,0,0,0,15,15,2294131,0,0,0,0,0,0,0,0,0
201504,47,161,3,6,Stewart County                ,0,0,0,0,0,0,0,0,0,0,0,0,0,0,0,0,0,0,0,0,0,0,0,0
201504,47,165,3,6,Sumner County                 ,296,296,57575709,0,0,0,0,0,0,3,72,5256193,253,253,48608896,0,0,0,0,0,0,3,72,5256193
201504,47,167,3,6,Tipton County                 ,38,38,6200951,0,0,0,0,0,0,0,0,0,20,20,3775065,0,0,0,0,0,0,0,0,0
201504,47,169,3,6,Trousdale County              ,13,13,1754000,0,0,0,1,3,220000,0,0,0,13,13,1754000,0,0,0,1,3,220000,0,0,0
201504,47,173,3,6,Union County                  ,14,14,1870000,0,0,0,0,0,0,0,0,0,14,14,1870000,0,0,0,0,0,0,0,0,0
201504,47,175,3,6,Van Buren County              ,0,0,0,0,0,0,0,0,0,0,0,0,0,0,0,0,0,0,0,0,0,0,0,0
201504,47,189,3,6,Wilson County                 ,310,310,75673898,0,0,0,0,0,0,5,95,11066000,309,309,75599498,0,0,0,0,0,0,5,95,11066000
201504,48,013,3,7,Atascosa County               ,25,25,4245533,0,0,0,0,0,0,0,0,0,9,9,1644170,0,0,0,0,0,0,0,0,0
201504,48,015,3,7,Austin County                 ,8,8,1230270,0,0,0,0,0,0,0,0,0,1,1,150000,0,0,0,0,0,0,0,0,0
201504,48,019,3,7,Bandera County                ,0,0,0,0,0,0,0,0,0,0,0,0,0,0,0,0,0,0,0,0,0,0,0,0
201504,48,021,3,7,Bastrop County                ,51,51,6316885,5,10,791000,0,0,0,0,0,0,51,51,6316885,5,10,791000,0,0,0,0,0,0
201504,48,025,3,7,Bee County                    ,3,3,321295,0,0,0,0,0,0,0,0,0,0,0,0,0,0,0,0,0,0,0,0,0
201504,48,027,3,7,Bell County                   ,589,589,99413564,40,80,5369301,0,0,0,0,0,0,418,418,67927241,40,80,5369301,0,0,0,0,0,0
201504,48,029,3,7,Bexar County                  ,1228,1228,270563464,1,2,161200,8,32,3146936,37,332,34441747,1055,1055,243211061,1,2,161200,8,32,3146936,33,309,29540466
201504,48,051,3,7,Burleson County               ,2,2,204183,0,0,0,0,0,0,0,0,0,0,0,0,0,0,0,0,0,0,0,0,0
201504,48,055,3,7,Caldwell County               ,78,78,13970450,0,0,0,0,0,0,0,0,0,51,51,9426991,0,0,0,0,0,0,0,0,0
201504,48,085,3,7,Collin County                 ,2558,2558,776387269,1,2,325824,0,0,0,5,537,34500000,2363,2363,723443899,1,2,325824,0,0,0,5,537,34500000
201504,48,091,3,7,Comal County                  ,530,530,116164726,4,8,887195,0,0,0,0,0,0,530,530,116164726,4,8,887195,0,0,0,0,0,0
201504,48,099,3,7,Coryell County                ,43,43,5877267,6,12,901388,0,0,0,0,0,0,33,33,4488872,5,10,750000,0,0,0,0,0,0
201504,48,107,3,7,Crosby County                 ,3,3,201000,0,0,0,0,0,0,0,0,0,0,0,0,0,0,0,0,0,0,0,0,0
201504,48,113,3,7,Dallas County                 ,1619,1619,472796229,19,38,9975197,17,65,4503250,98,5032,286429199,1458,1458,419625613,18,36,9562986,17,65,4503250,90,4408,246796523
201504,48,119,3,7,Delta County                  ,1,1,225668,0,0,0,0,0,0,0,0,0,1,1,225668,0,0,0,0,0,0,0,0,0
201504,48,135,3,7,Ector County                  ,135,135,26920690,0,0,0,0,0,0,3,144,11208000,135,135,26920690,0,0,0,0,0,0,3,144,11208000
201504,48,139,3,7,Ellis County                  ,420,420,73831542,2,4,443598,0,0,0,0,0,0,413,413,72075141,2,4,443598,0,0,0,0,0,0
201504,48,141,3,7,El Paso County                ,917,917,139589120,15,30,1982168,2,7,511860,9,100,13218228,913,913,139060789,15,30,1982168,2,7,511860,9,100,13218228
201504,48,157,3,7,Fort Bend County              ,2989,2989,375166651,3,6,784162,1,3,400000,7,79,4754895,468,468,131844829,2,4,600000,1,3,400000,0,0,0
201504,48,167,3,7,Galveston County              ,813,813,178427033,0,0,0,0,0,0,0,0,0,712,712,158213974,0,0,0,0,0,0,0,0,0
201504,48,185,3,7,Grimes County                 ,6,6,608948,0,0,0,0,0,0,0,0,0,6,6,608948,0,0,0,0,0,0,0,0,0
201504,48,187,3,7,Guadalupe County              ,353,353,82218270,0,0,0,0,0,0,0,0,0,324,324,77284784,0,0,0,0,0,0,0,0,0
201504,48,193,3,7,Hamilton County               ,0,0,0,0,0,0,0,0,0,0,0,0,0,0,0,0,0,0,0,0,0,0,0,0
201504,48,195,3,7,Hansford County               ,3,3,492048,0,0,0,0,0,0,0,0,0,0,0,0,0,0,0,0,0,0,0,0,0
201504,48,201,3,7,Harris County                 ,5907,5907,1094201994,24,48,5022938,0,0,0,116,5140,506515996,5868,5868,1071429173,23,46,4942938,0,0,0,116,5140,506515996
201504,48,211,3,7,Hemphill County               ,0,0,0,0,0,0,0,0,0,0,0,0,0,0,0,0,0,0,0,0,0,0,0,0
201504,48,215,3,7,Hidalgo County                ,931,931,165255848,29,58,2398033,12,47,2512400,18,379,30451674,900,900,161545235,29,58,2398033,12,47,2512400,18,379,30451674
201504,48,233,3,7,Hutchinson County             ,0,0,0,0,0,0,0,0,0,0,0,0,0,0,0,0,0,0,0,0,0,0,0,0
201504,48,251,3,7,Johnson County                ,169,169,34405050,0,0,0,0,0,0,0,0,0,169,169,34405050,0,0,0,0,0,0,0,0,0
201504,48,257,3,7,Kaufman County                ,76,76,12782471,0,0,0,0,0,0,0,0,0,69,69,11493593,0,0,0,0,0,0,0,0,0
201504,48,259,3,7,Kendall County                ,65,65,17941358,0,0,0,0,0,0,0,0,0,65,65,17941358,0,0,0,0,0,0,0,0,0
201504,48,271,3,7,Kinney County                 ,0,0,0,0,0,0,0,0,0,0,0,0,0,0,0,0,0,0,0,0,0,0,0,0
201504,48,281,3,7,Lampasas County               ,60,60,647566,3,6,502896,1,3,145714,4,22,1551196,0,0,0,0,0,0,0,0,0,0,0,0
201504,48,291,3,7,Liberty County                ,89,89,7610066,0,0,0,0,0,0,0,0,0,89,89,7610066,0,0,0,0,0,0,0,0,0
201504,48,303,3,7,Lubbock County                ,321,321,78209747,20,40,4166183,0,0,0,8,94,5435210,229,229,57117240,18,36,3751000,0,0,0,0,0,0
201504,48,323,3,7,Maverick County               ,26,26,2985321,2,4,235933,0,0,0,0,0,0,19,19,2272715,1,2,74611,0,0,0,0,0,0
201504,48,325,3,7,Medina County                 ,11,11,1771824,0,0,0,0,0,0,0,0,0,11,11,1771824,0,0,0,0,0,0,0,0,0
201504,48,329,3,7,Midland County                ,219,219,43279393,0,0,0,0,0,0,12,264,25500000,219,219,43279393,0,0,0,0,0,0,12,264,25500000
201504,48,339,3,7,Montgomery County             ,1786,1786,406218464,0,0,0,0,0,0,8,806,77187354,1761,1761,398070721,0,0,0,0,0,0,8,806,77187354
201504,48,367,3,7,Parker County                 ,140,140,30463168,0,0,0,0,0,0,1,5,530599,133,133,29592854,0,0,0,0,0,0,0,0,0
201504,48,375,3,7,Potter County                 ,160,160,41959702,0,0,0,0,0,0,29,300,24337000,160,160,41959702,0,0,0,0,0,0,29,300,24337000
201504,48,383,3,7,Reagan County                 ,1,1,120200,0,0,0,1,3,155152,0,0,0,0,0,0,0,0,0,0,0,0,0,0,0
201504,48,385,3,7,Real County                   ,0,0,0,0,0,0,0,0,0,0,0,0,0,0,0,0,0,0,0,0,0,0,0,0
201504,48,395,3,7,Robertson County              ,25,25,5044203,0,0,0,0,0,0,0,0,0,20,20,4382401,0,0,0,0,0,0,0,0,0
201504,48,397,3,7,Rockwall County               ,302,302,87116725,0,0,0,0,0,0,0,0,0,302,302,87116725,0,0,0,0,0,0,0,0,0
201504,48,407,3,7,San Jacinto County            ,8,8,1451886,0,0,0,0,0,0,0,0,0,7,7,1366172,0,0,0,0,0,0,0,0,0
201504,48,411,3,7,San Saba County               ,0,0,0,0,0,0,0,0,0,0,0,0,0,0,0,0,0,0,0,0,0,0,0,0
201504,48,451,3,7,Tom Green County              ,64,64,13959212,0,0,0,0,0,0,0,0,0,64,64,13959212,0,0,0,0,0,0,0,0,0
201504,48,453,3,7,Travis County                 ,1839,1839,422351998,48,96,13802424,2,6,3360000,49,2049,297092515,1699,1699,387864277,48,96,13802424,2,6,3360000,47,2018,294712273
201504,48,473,3,7,Waller County                 ,4,4,950951,0,0,0,0,0,0,4,24,532333,4,4,950951,0,0,0,0,0,0,0,0,0
201504,48,491,3,7,Williamson County             ,1408,1408,368787319,4,8,914465,2,8,552105,11,488,43000000,1384,1384,364431309,4,8,914465,2,8,552105,11,488,43000000
201504,48,493,3,7,Wilson County                 ,13,13,2497980,0,0,0,0,0,0,0,0,0,3,3,720595,0,0,0,0,0,0,0,0,0
201504,48,497,3,7,Wise County                   ,28,28,6396654,0,0,0,0,0,0,0,0,0,24,24,5536560,0,0,0,0,0,0,0,0,0
201504,49,011,4,8,Davis County                  ,463,463,113321644,0,0,0,4,14,2053990,6,33,4316082,427,427,102074483,0,0,0,4,14,2053990,5,28,3670082
201504,49,023,4,8,Juab County                   ,19,19,5774400,1,2,220000,1,3,544175,0,0,0,18,18,5512246,1,2,220000,1,3,544175,0,0,0
201504,49,029,4,8,Morgan County                 ,32,32,10743595,0,0,0,0,0,0,0,0,0,0,0,0,0,0,0,0,0,0,0,0,0
201504,49,035,4,8,Salt Lake County              ,886,886,220870674,1,2,346238,35,126,20430798,23,454,38661504,739,739,186560039,1,2,346238,33,120,19825216,16,397,33159098
201504,49,039,4,8,Sanpete County                ,11,11,2005219,0,0,0,0,0,0,0,0,0,11,11,2005219,0,0,0,0,0,0,0,0,0
201504,49,043,4,8,Summit County                 ,34,34,17019162,0,0,0,0,0,0,1,5,854284,25,25,12395350,0,0,0,0,0,0,0,0,0
201504,49,057,4,8,Weber County                  ,186,186,40760348,0,0,0,2,7,999860,4,20,2363712,87,87,18157793,0,0,0,0,0,0,0,0,0
201504,51,003,3,5,Albemarle County              ,143,143,35240311,0,0,0,0,0,0,0,0,0,61,61,14040295,0,0,0,0,0,0,0,0,0
201504,51,007,3,5,Amelia County                 ,13,13,2933640,0,0,0,0,0,0,0,0,0,13,13,2933640,0,0,0,0,0,0,0,0,0
201504,51,009,3,5,Amherst County                ,13,13,1455126,0,0,0,0,0,0,0,0,0,13,13,1455126,0,0,0,0,0,0,0,0,0
201504,51,013,3,5,Arlington County              ,90,90,41037055,0,0,0,0,0,0,3,306,38035241,67,67,32771043,0,0,0,0,0,0,2,140,26475000
201504,51,015,3,5,Augusta County                ,76,76,10478683,0,0,0,0,0,0,0,0,0,76,76,10478683,0,0,0,0,0,0,0,0,0
201504,51,019,3,5,Bedford County                ,95,95,20601800,0,0,0,0,0,0,0,0,0,95,95,20601800,0,0,0,0,0,0,0,0,0
201504,51,033,3,5,Caroline County               ,30,30,6086268,0,0,0,0,0,0,0,0,0,30,30,6086268,0,0,0,0,0,0,0,0,0
201504,51,036,3,5,Charles City County           ,3,3,524300,0,0,0,0,0,0,0,0,0,3,3,524300,0,0,0,0,0,0,0,0,0
201504,51,037,3,5,Charlotte County              ,9,9,1916400,0,0,0,0,0,0,0,0,0,9,9,1916400,0,0,0,0,0,0,0,0,0
201504,51,041,3,5,Chesterfield County           ,335,335,73037380,0,0,0,6,23,2715000,5,27,4316572,335,335,73037380,0,0,0,6,23,2715000,5,27,4316572
201504,51,043,3,5,Clarke County                 ,17,17,5992047,0,0,0,0,0,0,0,0,0,17,17,5992047,0,0,0,0,0,0,0,0,0
201504,51,049,3,5,Cumberland County             ,7,7,1332837,0,0,0,0,0,0,0,0,0,7,7,1332837,0,0,0,0,0,0,0,0,0
201504,51,051,3,5,Dickenson County              ,1,1,60000,0,0,0,0,0,0,0,0,0,1,1,60000,0,0,0,0,0,0,0,0,0
201504,51,053,3,5,Dinwiddie County              ,19,19,2745921,0,0,0,0,0,0,0,0,0,0,0,0,0,0,0,0,0,0,0,0,0
201504,51,059,3,5,Fairfax County                ,279,279,61183176,6,12,2100000,0,0,0,4,657,61664478,279,279,61183176,6,12,2100000,0,0,0,4,657,61664478
201504,51,061,3,5,Fauquier County               ,51,51,15536517,0,0,0,0,0,0,0,0,0,49,49,15209747,0,0,0,0,0,0,0,0,0
201504,51,073,3,5,Gloucester County             ,42,42,11370724,0,0,0,2,6,300000,0,0,0,42,42,11370724,0,0,0,2,6,300000,0,0,0
201504,51,075,3,5,Goochland County              ,51,51,16243167,0,0,0,0,0,0,0,0,0,51,51,16243167,0,0,0,0,0,0,0,0,0
201504,51,085,3,5,Hanover County                ,199,199,42135775,0,0,0,0,0,0,0,0,0,199,199,42135775,0,0,0,0,0,0,0,0,0
201504,51,087,3,5,Henrico County                ,245,245,41437174,0,0,0,0,0,0,16,321,23768000,245,245,41437174,0,0,0,0,0,0,16,321,23768000
201504,51,093,3,5,Isle of Wight County          ,39,39,7310383,0,0,0,0,0,0,0,0,0,26,26,4388926,0,0,0,0,0,0,0,0,0
201504,51,095,3,5,James City County             ,138,138,42040808,0,0,0,2,8,1380995,0,0,0,138,138,42040808,0,0,0,2,8,1380995,0,0,0
201504,51,097,3,5,King and Queen County         ,4,4,825500,0,0,0,0,0,0,0,0,0,4,4,825500,0,0,0,0,0,0,0,0,0
201504,51,099,3,5,King George County            ,33,33,8126948,0,0,0,0,0,0,0,0,0,33,33,8126948,0,0,0,0,0,0,0,0,0
201504,51,107,3,5,Loudoun County                ,942,942,197399077,0,0,0,0,0,0,23,762,71161513,942,942,197399077,0,0,0,0,0,0,23,762,71161513
201504,51,109,3,5,Louisa County                 ,69,69,13178141,0,0,0,0,0,0,0,0,0,69,69,13178141,0,0,0,0,0,0,0,0,0
201504,51,115,3,5,Mathews County                ,8,8,2094830,0,0,0,0,0,0,0,0,0,8,8,2094830,0,0,0,0,0,0,0,0,0
201504,51,127,3,5,New Kent County               ,70,70,13421871,0,0,0,0,0,0,0,0,0,70,70,13421871,0,0,0,0,0,0,0,0,0
201504,51,139,3,5,Page County                   ,12,12,1819836,0,0,0,0,0,0,0,0,0,8,8,1344651,0,0,0,0,0,0,0,0,0
201504,51,145,3,5,Powhatan County               ,50,50,11027495,0,0,0,0,0,0,0,0,0,50,50,11027495,0,0,0,0,0,0,0,0,0
201504,51,149,3,5,Prince George County          ,19,19,2753170,0,0,0,0,0,0,0,0,0,19,19,2753170,0,0,0,0,0,0,0,0,0
201504,51,153,3,5,Prince William County         ,436,436,95117287,0,0,0,0,0,0,26,330,36052926,436,436,95117287,0,0,0,0,0,0,26,330,36052926
201504,51,165,3,5,Rockingham County             ,106,106,21160478,0,0,0,0,0,0,0,0,0,106,106,21160478,0,0,0,0,0,0,0,0,0
201504,51,175,3,5,Southampton County            ,9,9,1606873,0,0,0,0,0,0,0,0,0,0,0,0,0,0,0,0,0,0,0,0,0
201504,51,177,3,5,Spotsylvania County           ,133,133,34042847,0,0,0,0,0,0,0,0,0,0,0,0,0,0,0,0,0,0,0,0,0
201504,51,179,3,5,Stafford County               ,243,243,54411212,0,0,0,0,0,0,0,0,0,243,243,54411212,0,0,0,0,0,0,0,0,0
201504,51,181,3,5,Surry County                  ,6,6,1013968,0,0,0,0,0,0,0,0,0,2,2,430000,0,0,0,0,0,0,0,0,0
201504,51,183,3,5,Sussex County                 ,3,3,428070,0,0,0,0,0,0,0,0,0,3,3,428070,0,0,0,0,0,0,0,0,0
201504,51,187,3,5,Warren County                 ,24,24,5068520,0,0,0,0,0,0,0,0,0,24,24,5068520,0,0,0,0,0,0,0,0,0
201504,51,199,3,5,York County                   ,40,40,10921090,0,0,0,0,0,0,1,6,751525,40,40,10921090,0,0,0,0,0,0,1,6,751525
201504,51,510,3,5,Alexandria (Independent City) ,43,43,7503350,0,0,0,0,0,0,0,0,0,43,43,7503350,0,0,0,0,0,0,0,0,0
201504,51,540,3,5,Charlottesville (Independent C,22,22,4403207,3,6,576750,0,0,0,4,78,11467651,0,0,0,0,0,0,0,0,0,0,0,0
201504,51,550,3,5,Chesapeake(Independent City)  ,463,463,100767072,0,0,0,0,0,0,0,0,0,463,463,100767072,0,0,0,0,0,0,0,0,0
201504,51,570,3,5,Colonial Heights (Independent ,4,4,733276,0,0,0,0,0,0,0,0,0,3,3,603000,0,0,0,0,0,0,0,0,0
201504,51,580,3,5,Covington (Independent City)  ,0,0,0,0,0,0,0,0,0,0,0,0,0,0,0,0,0,0,0,0,0,0,0,0
201504,51,600,3,5,Fairfax (Independent City)    ,7,7,1958000,0,0,0,0,0,0,0,0,0,7,7,1958000,0,0,0,0,0,0,0,0,0
201504,51,610,3,5,Falls Church (Independent City,15,15,6825000,0,0,0,0,0,0,0,0,0,15,15,6825000,0,0,0,0,0,0,0,0,0
201504,51,630,3,5,Fredericksburg(Independent Cit,18,18,5982930,0,0,0,0,0,0,0,0,0,18,18,5982930,0,0,0,0,0,0,0,0,0
201504,51,650,3,5,Hampton (Independent City)    ,47,47,2624118,0,0,0,0,0,0,0,0,0,31,31,1915392,0,0,0,0,0,0,0,0,0
201504,51,660,3,5,Harrisonburg (Independent City,13,13,2089616,1,2,282500,0,0,0,0,0,0,9,9,1593000,0,0,0,0,0,0,0,0,0
201504,51,670,3,5,Hopewell (Independent City)   ,23,23,2142601,0,0,0,0,0,0,0,0,0,23,23,2142601,0,0,0,0,0,0,0,0,0
201504,51,680,3,5,Lynchburg (Independent City)  ,36,36,6246245,0,0,0,0,0,0,3,72,6471978,36,36,6246245,0,0,0,0,0,0,3,72,6471978
201504,51,683,3,5,Manassas (Independent City)   ,43,43,6060324,0,0,0,0,0,0,0,0,0,0,0,0,0,0,0,0,0,0,0,0,0
201504,51,685,3,5,Manassas Park (Independent Cit,4,4,745456,0,0,0,0,0,0,0,0,0,0,0,0,0,0,0,0,0,0,0,0,0
201504,51,700,3,5,Newport News (Independent City,32,32,3056904,0,0,0,0,0,0,1,13,578001,24,24,2388474,0,0,0,0,0,0,0,0,0
201504,51,710,3,5,Norfolk (Independent City)    ,114,114,22725915,2,4,470000,0,0,0,0,0,0,114,114,22725915,2,4,470000,0,0,0,0,0,0
201504,51,730,3,5,Petersburg (Independent City) ,3,3,289525,0,0,0,0,0,0,0,0,0,3,3,289525,0,0,0,0,0,0,0,0,0
201504,51,735,3,5,Poquoson (Independent City)   ,5,5,2103000,0,0,0,0,0,0,0,0,0,5,5,2103000,0,0,0,0,0,0,0,0,0
201504,51,740,3,5,Portsmouth (Independent City) ,25,25,3967565,0,0,0,0,0,0,0,0,0,25,25,3967565,0,0,0,0,0,0,0,0,0
201504,51,760,3,5,Richmond (Independent City)   ,74,74,10386401,1,2,161274,1,4,260000,2,78,4479400,74,74,10386401,1,2,161274,1,4,260000,2,78,4479400
201504,51,800,3,5,Suffolk (Independent City)    ,111,111,24192880,0,0,0,0,0,0,0,0,0,111,111,24192880,0,0,0,0,0,0,0,0,0
201504,51,810,3,5,Virginia Beach (Independent Ci,240,240,38753173,0,0,0,1,4,800000,1,147,12726190,240,240,38753173,0,0,0,1,4,800000,1,147,12726190
201504,51,830,3,5,Williamsburg (Independent City,7,7,1100260,0,0,0,0,0,0,0,0,0,7,7,1100260,0,0,0,0,0,0,0,0,0
201504,53,005,4,9,Benton County                 ,303,303,86534371,2,4,578936,2,8,623000,6,46,5157891,104,104,33306353,0,0,0,1,4,453000,2,14,1767000
201504,53,011,4,9,Clark County                  ,670,670,175733014,2,4,136968,10,30,2142669,14,247,18464177,638,638,167853107,2,4,136968,9,27,2003593,11,216,15744303
201504,53,021,4,9,Franklin County               ,101,101,27212100,19,38,3818573,0,0,0,0,0,0,19,19,6374778,0,0,0,0,0,0,0,0,0
201504,53,031,4,9,Jefferson County              ,50,50,9687344,0,0,0,0,0,0,0,0,0,50,50,9687344,0,0,0,0,0,0,0,0,0
201504,53,033,4,9,King County                   ,1228,1228,443436898,81,162,30335199,45,149,28751261,85,5851,871360173,1052,1052,377313305,81,162,30335199,45,149,28751261,71,5637,850043299
201504,53,035,4,9,Kitsap County                 ,237,237,66801182,0,0,0,0,0,0,2,24,5327474,237,237,66801182,0,0,0,0,0,0,2,24,5327474
201504,53,053,4,9,Pierce County                 ,644,644,183249511,15,30,4476799,6,22,2825346,11,178,14039116,615,615,175407699,13,26,3773461,6,22,2825346,9,156,12586502
201504,53,055,4,9,San Juan County               ,31,31,7809409,0,0,0,0,0,0,0,0,0,31,31,7809409,0,0,0,0,0,0,0,0,0
201504,53,059,4,9,Skamania County               ,10,10,2221401,0,0,0,1,3,300301,0,0,0,7,7,1531851,0,0,0,0,0,0,0,0,0
201504,53,061,4,9,Snohomish County              ,807,807,211502632,7,14,3069993,2,8,2272182,6,337,44890180,803,803,210154420,7,14,3069993,2,8,2272182,6,337,44890180
201504,54,011,3,5,Cabell County                 ,11,11,2680347,3,6,250000,6,20,687152,0,0,0,7,7,2020000,3,6,250000,1,4,50000,0,0,0
201504,54,015,3,5,Clay County                   ,1,1,25000,0,0,0,0,0,0,0,0,0,1,1,25000,0,0,0,0,0,0,0,0,0
201504,54,019,3,5,Fayette County                ,8,8,757408,0,0,0,0,0,0,0,0,0,3,3,125369,0,0,0,0,0,0,0,0,0
201504,54,037,3,5,Jefferson County              ,63,63,16120871,0,0,0,1,4,800000,0,0,0,54,54,13350649,0,0,0,1,4,800000,0,0,0
201504,54,081,3,5,Raleigh County                ,21,21,4910950,0,0,0,0,0,0,0,0,0,13,13,3222510,0,0,0,0,0,0,0,0,0
201504,55,025,2,3,Dane County                   ,321,321,94192125,2,4,607000,6,21,2809000,13,355,41002828,214,214,68497133,2,4,607000,3,12,1615000,0,0,0
201504,55,031,2,3,Douglas County                ,10,10,1634517,0,0,0,0,0,0,0,0,0,10,10,1634517,0,0,0,0,0,0,0,0,0
201504,55,037,2,3,Florence County               ,6,6,910926,0,0,0,0,0,0,0,0,0,0,0,0,0,0,0,0,0,0,0,0,0
201504,55,049,2,3,Iowa County                   ,11,11,3443000,0,0,0,0,0,0,0,0,0,11,11,3443000,0,0,0,0,0,0,0,0,0
201504,55,059,2,3,Kenosha County                ,49,49,14329931,0,0,0,0,0,0,3,92,7350000,48,48,14035526,0,0,0,0,0,0,3,92,7350000
201504,55,079,2,3,Milwaukee County              ,43,43,12172804,0,0,0,0,0,0,8,361,52049566,41,41,10912804,0,0,0,0,0,0,7,356,51662066
201504,55,089,2,3,Ozaukee County                ,48,48,18121007,0,0,0,0,0,0,1,5,782282,18,18,4471612,0,0,0,0,0,0,0,0,0
201504,55,093,2,3,Pierce County                 ,34,34,8235000,0,0,0,0,0,0,0,0,0,34,34,8235000,0,0,0,0,0,0,0,0,0
201504,55,109,2,3,St. Croix County              ,58,58,14145013,5,10,1020000,0,0,0,0,0,0,55,55,13364540,5,10,1020000,0,0,0,0,0,0
201504,55,131,2,3,Washington County             ,68,68,17927067,4,8,1150000,0,0,0,1,21,1400000,46,46,11503023,2,4,500000,0,0,0,1,21,1400000
201504,56,029,4,8,Park County                   ,33,33,8298100,0,0,0,0,0,0,0,0,0,31,31,7876767,0,0,0,0,0,0,0,0,0
201504,56,039,4,8,Teton County                  ,90,90,108304356,0,0,0,0,0,0,2,10,856632,79,79,104730030,0,0,0,0,0,0,0,0,0
