Survey,FIPS,FIPS,Region,Division,County,,1-unit,,,2-units,,,3-4 units,,,5+ units,,,1-unit rep,,,2-units rep,,,3-4 units rep,,, 5+units rep
Date,State,County,Code,Code,Name,Bldgs,Units,Value,Bldgs,Units,Value,Bldgs,Units,Value,Bldgs,Units,Value,Bldgs,Units,Value,Bldgs,Units,Value,Bldgs,Units,Value,Bldgs,Units,Value
 
201502,01,001,3,6,Autauga County                ,35,35,8707605,0,0,0,0,0,0,0,0,0,35,35,8707605,0,0,0,0,0,0,0,0,0
201502,01,007,3,6,Bibb County                   ,3,3,530244,0,0,0,0,0,0,0,0,0,0,0,0,0,0,0,0,0,0,0,0,0
201502,01,009,3,6,Blount County                 ,1,1,98505,0,0,0,0,0,0,2,40,3831302,1,1,98505,0,0,0,0,0,0,2,40,3831302
201502,01,021,3,6,Chilton County                ,2,2,300000,0,0,0,0,0,0,0,0,0,2,2,300000,0,0,0,0,0,0,0,0,0
201502,01,073,3,6,Jefferson County              ,206,206,56139439,0,0,0,0,0,0,4,103,10514606,199,199,54863361,0,0,0,0,0,0,2,92,9814080
201502,01,083,3,6,Limestone County              ,9,9,1776355,0,0,0,0,0,0,0,0,0,9,9,1776355,0,0,0,0,0,0,0,0,0
201502,01,089,3,6,Madison County                ,240,240,32161420,0,0,0,4,16,340000,6,104,7937782,240,240,32161420,0,0,0,4,16,340000,6,104,7937782
201502,01,113,3,6,Russell County                ,28,28,4828174,0,0,0,0,0,0,0,0,0,17,17,2881150,0,0,0,0,0,0,0,0,0
201502,01,115,3,6,St. Clair County              ,24,24,3499019,0,0,0,1,4,446589,1,5,372157,20,20,2745373,0,0,0,0,0,0,0,0,0
201502,01,117,3,6,Shelby County                 ,145,145,37541293,0,0,0,0,0,0,0,0,0,84,84,22052724,0,0,0,0,0,0,0,0,0
201502,01,127,3,6,Walker County                 ,3,3,1075000,0,0,0,0,0,0,0,0,0,3,3,1075000,0,0,0,0,0,0,0,0,0
201502,02,013,4,9,Aleutians East Borough        ,0,0,0,0,0,0,0,0,0,0,0,0,0,0,0,0,0,0,0,0,0,0,0,0
201502,02,016,4,9,Aleutians West Census Area    ,0,0,0,0,0,0,0,0,0,0,0,0,0,0,0,0,0,0,0,0,0,0,0,0
201502,02,020,4,9,Anchorage Borough             ,71,71,21715720,0,0,0,2,6,1092268,0,0,0,0,0,0,0,0,0,0,0,0,0,0,0
201502,02,020,4,9,Anchorage Municipality        ,71,71,21715720,0,0,0,2,6,1092268,0,0,0,0,0,0,0,0,0,0,0,0,0,0,0
201502,02,050,4,9,Bethel Census Area            ,0,0,0,0,0,0,0,0,0,0,0,0,0,0,0,0,0,0,0,0,0,0,0,0
201502,02,060,4,9,Bristol Bay Borough           ,0,0,0,0,0,0,0,0,0,0,0,0,0,0,0,0,0,0,0,0,0,0,0,0
201502,02,070,4,9,Dillingham Census Area        ,0,0,0,0,0,0,0,0,0,0,0,0,0,0,0,0,0,0,0,0,0,0,0,0
201502,02,090,4,9,Fairbanks North Star Borough  ,0,0,0,0,0,0,0,0,0,0,0,0,0,0,0,0,0,0,0,0,0,0,0,0
201502,02,100,4,9,Haines Borough                ,0,0,0,0,0,0,0,0,0,0,0,0,0,0,0,0,0,0,0,0,0,0,0,0
201502,02,105,4,9,Hoonah-Angoon Census Area     ,0,0,0,0,0,0,0,0,0,0,0,0,0,0,0,0,0,0,0,0,0,0,0,0
201502,02,110,4,9,Juneau Borough                ,5,5,943364,1,2,362511,0,0,0,0,0,0,5,5,943364,1,2,362511,0,0,0,0,0,0
201502,02,110,4,9,Juneau City and Borough       ,5,5,943364,1,2,362511,0,0,0,0,0,0,5,5,943364,1,2,362511,0,0,0,0,0,0
201502,02,122,4,9,Kenai Peninsula Borough       ,6,6,1146690,1,2,260000,0,0,0,0,0,0,1,1,150000,1,2,260000,0,0,0,0,0,0
201502,02,130,4,9,Ketchikan Gateway Borough     ,3,3,765548,0,0,0,0,0,0,0,0,0,3,3,765548,0,0,0,0,0,0,0,0,0
201502,02,150,4,9,Kodiak Island Borough         ,1,1,56795,0,0,0,0,0,0,0,0,0,1,1,56795,0,0,0,0,0,0,0,0,0
201502,02,170,4,9,Matanuska-Susitna Borough     ,5,5,923671,3,6,782502,0,0,0,0,0,0,4,4,745308,3,6,782502,0,0,0,0,0,0
201502,02,180,4,9,Nome Census Area              ,0,0,0,0,0,0,0,0,0,0,0,0,0,0,0,0,0,0,0,0,0,0,0,0
201502,02,185,4,9,North Slope Borough           ,2,2,505133,0,0,0,0,0,0,0,0,0,1,1,262154,0,0,0,0,0,0,0,0,0
201502,02,188,4,9,Northwest Arctic Borough      ,0,0,0,0,0,0,0,0,0,0,0,0,0,0,0,0,0,0,0,0,0,0,0,0
201502,02,195,4,9,Petersburg Borough            ,1,1,100000,0,0,0,0,0,0,0,0,0,1,1,100000,0,0,0,0,0,0,0,0,0
201502,02,195,4,9,Petersburg Census Area        ,1,1,100000,0,0,0,0,0,0,0,0,0,1,1,100000,0,0,0,0,0,0,0,0,0
201502,02,198,4,9,Prince of Wales-Hyder Census A,0,0,0,0,0,0,0,0,0,0,0,0,0,0,0,0,0,0,0,0,0,0,0,0
201502,02,220,4,9,Sitka Borough                 ,1,1,273451,1,2,311182,0,0,0,0,0,0,0,0,0,0,0,0,0,0,0,0,0,0
201502,02,220,4,9,Sitka City and Borough        ,1,1,273451,1,2,311182,0,0,0,0,0,0,0,0,0,0,0,0,0,0,0,0,0,0
201502,02,230,4,9,Skagway Municipality          ,0,0,0,1,2,163000,0,0,0,0,0,0,0,0,0,0,0,0,0,0,0,0,0,0
201502,02,261,4,9,Valdez-Cordova Census Area    ,0,0,0,0,0,0,0,0,0,0,0,0,0,0,0,0,0,0,0,0,0,0,0,0
201502,02,270,4,9,Wade Hampton Census Area      ,0,0,0,0,0,0,0,0,0,0,0,0,0,0,0,0,0,0,0,0,0,0,0,0
201502,02,275,4,9,Wrangell City and Borough     ,0,0,0,0,0,0,0,0,0,0,0,0,0,0,0,0,0,0,0,0,0,0,0,0
201502,02,282,4,9,Yakutat Borough               ,0,0,0,0,0,0,0,0,0,0,0,0,0,0,0,0,0,0,0,0,0,0,0,0
201502,02,282,4,9,Yakutat City and Borough      ,0,0,0,0,0,0,0,0,0,0,0,0,0,0,0,0,0,0,0,0,0,0,0,0
201502,02,290,4,9,Yukon-Koyukuk Census Area     ,0,0,0,0,0,0,0,0,0,0,0,0,0,0,0,0,0,0,0,0,0,0,0,0
201502,04,013,4,8,Maricopa County               ,1842,1842,499079702,8,16,2635741,13,45,7918394,42,766,93217689,1840,1840,498624995,8,16,2635741,13,45,7918394,42,766,93217689
201502,04,019,4,8,Pima County                   ,357,357,92760411,3,6,295194,0,0,0,6,155,18219851,96,96,28850621,0,0,0,0,0,0,0,0,0
201502,04,021,4,8,Pinal County                  ,204,204,38746507,0,0,0,0,0,0,0,0,0,169,169,32010649,0,0,0,0,0,0,0,0,0
201502,05,013,3,7,Calhoun County                ,0,0,0,0,0,0,0,0,0,0,0,0,0,0,0,0,0,0,0,0,0,0,0,0
201502,05,035,3,7,Crittenden County             ,4,4,682000,0,0,0,0,0,0,0,0,0,4,4,682000,0,0,0,0,0,0,0,0,0
201502,05,045,3,7,Faulkner County               ,24,24,5417866,0,0,0,0,0,0,0,0,0,22,22,5000346,0,0,0,0,0,0,0,0,0
201502,05,053,3,7,Grant County                  ,1,1,147875,0,0,0,0,0,0,0,0,0,0,0,0,0,0,0,0,0,0,0,0,0
201502,05,085,3,7,Lonoke County                 ,42,42,4285334,3,6,354050,2,6,325250,0,0,0,12,12,1879696,3,6,354050,2,6,325250,0,0,0
201502,05,087,3,7,Madison County                ,0,0,0,0,0,0,0,0,0,0,0,0,0,0,0,0,0,0,0,0,0,0,0,0
201502,05,091,3,7,Miller County                 ,4,4,790000,0,0,0,0,0,0,0,0,0,4,4,790000,0,0,0,0,0,0,0,0,0
201502,05,105,3,7,Perry County                  ,0,0,0,0,0,0,0,0,0,0,0,0,0,0,0,0,0,0,0,0,0,0,0,0
201502,05,119,3,7,Pulaski County                ,101,101,24998013,0,0,0,0,0,0,14,277,15652111,101,101,24998013,0,0,0,0,0,0,14,277,15652111
201502,05,129,3,7,Searcy County                 ,0,0,0,0,0,0,0,0,0,0,0,0,0,0,0,0,0,0,0,0,0,0,0,0
201502,05,143,3,7,Washington County             ,134,134,28512048,0,0,0,0,0,0,0,0,0,125,125,25503086,0,0,0,0,0,0,0,0,0
201502,06,001,4,9,Alameda County                ,176,176,61355235,0,0,0,5,16,2557539,3,126,9247163,176,176,61355235,0,0,0,5,16,2557539,2,121,8081885
201502,06,013,4,9,Contra Costa County           ,245,245,79657183,0,0,0,0,0,0,1,12,1518927,245,245,79657183,0,0,0,0,0,0,1,12,1518927
201502,06,017,4,9,El Dorado County              ,20,20,13058506,0,0,0,0,0,0,0,0,0,20,20,13058506,0,0,0,0,0,0,0,0,0
201502,06,019,4,9,Fresno County                 ,310,310,84044111,0,0,0,0,0,0,7,65,2592574,272,272,75697212,0,0,0,0,0,0,7,65,2592574
201502,06,037,4,9,Los Angeles County            ,681,681,303750801,55,110,19324189,0,0,0,64,3222,619572326,630,630,278751703,55,110,19324189,0,0,0,52,2992,595398951
201502,06,041,4,9,Marin County                  ,24,24,9148444,0,0,0,0,0,0,2,29,2857968,8,8,3060795,0,0,0,0,0,0,0,0,0
201502,06,059,4,9,Orange County                 ,345,345,127744832,7,14,3371874,10,39,7495254,24,1798,243441512,315,315,112091667,4,8,1371838,7,28,4959373,19,1619,220155731
201502,06,061,4,9,Placer County                 ,246,246,75436484,1,2,410351,0,0,0,0,0,0,243,243,74647340,1,2,410351,0,0,0,0,0,0
201502,06,063,4,9,Plumas County                 ,3,3,378965,0,0,0,0,0,0,0,0,0,3,3,378965,0,0,0,0,0,0,0,0,0
201502,06,067,4,9,Sacramento County             ,176,176,51907456,1,2,175000,0,0,0,2,228,31957274,173,173,51201406,1,2,175000,0,0,0,2,228,31957274
201502,06,069,4,9,San Benito County             ,25,25,6225517,3,6,750111,0,0,0,0,0,0,16,16,4225137,3,6,750111,0,0,0,0,0,0
201502,06,071,4,9,San Bernardino County         ,374,374,89462549,3,6,835410,2,7,1127634,26,245,19919089,322,322,77923911,0,0,0,0,0,0,18,147,10991565
201502,06,073,4,9,San Diego County              ,687,687,240241594,3,6,701878,1,4,701790,31,689,99588605,679,679,237814987,3,6,701878,1,4,701790,29,671,97796088
201502,06,075,4,9,San Francisco County          ,10,10,2621543,9,18,6910960,1,3,900000,6,358,97936010,10,10,2621543,9,18,6910960,1,3,900000,6,358,97936010
201502,06,081,4,9,San Mateo County              ,50,50,36941074,0,0,0,1,3,1023750,4,82,12015041,30,30,25065521,0,0,0,1,3,1023750,0,0,0
201502,06,085,4,9,Santa Clara County            ,254,254,100190200,1,2,600000,5,17,4280673,26,948,141124148,218,218,88473179,0,0,0,3,11,2488629,18,797,109942205
201502,06,091,4,9,Sierra County                 ,0,0,0,0,0,0,0,0,0,0,0,0,0,0,0,0,0,0,0,0,0,0,0,0
201502,06,113,4,9,Yolo County                   ,44,44,12183581,1,2,336106,0,0,0,0,0,0,40,40,11304814,0,0,0,0,0,0,0,0,0
201502,08,001,4,8,Adams County                  ,153,153,36875643,0,0,0,4,15,2939927,1,10,1530722,142,142,34728573,0,0,0,4,15,2939927,1,10,1530722
201502,08,005,4,8,Arapahoe County               ,197,197,51776323,0,0,0,5,15,1818750,8,220,26902045,196,196,50093323,0,0,0,5,15,1818750,8,220,26902045
201502,08,014,4,8,Broomfield County             ,51,51,17509923,0,0,0,0,0,0,2,55,4236137,24,24,8157335,0,0,0,0,0,0,0,0,0
201502,08,015,4,8,Chaffee County                ,11,11,2996596,0,0,0,0,0,0,0,0,0,0,0,0,0,0,0,0,0,0,0,0,0
201502,08,019,4,8,Clear Creek County            ,0,0,0,0,0,0,0,0,0,0,0,0,0,0,0,0,0,0,0,0,0,0,0,0
201502,08,031,4,8,Denver County                 ,249,249,62391291,13,26,5712923,0,0,0,3,408,81612419,249,249,62391291,13,26,5712923,0,0,0,3,408,81612419
201502,08,035,4,8,Douglas County                ,302,302,93539368,0,0,0,0,0,0,1,5,110239,296,296,91591350,0,0,0,0,0,0,1,5,110239
201502,08,039,4,8,Elbert County                 ,13,13,4425623,0,0,0,0,0,0,0,0,0,13,13,4425623,0,0,0,0,0,0,0,0,0
201502,08,041,4,8,El Paso County                ,324,324,126992173,0,0,0,0,0,0,0,0,0,324,324,126992173,0,0,0,0,0,0,0,0,0
201502,08,047,4,8,Gilpin County                 ,1,1,500000,0,0,0,0,0,0,0,0,0,1,1,500000,0,0,0,0,0,0,0,0,0
201502,08,069,4,8,Larimer County                ,252,252,67564753,10,20,3275754,0,0,0,2,14,1703186,252,252,67564753,10,20,3275754,0,0,0,2,14,1703186
201502,08,077,4,8,Mesa County                   ,40,40,9963965,0,0,0,0,0,0,0,0,0,40,40,9963965,0,0,0,0,0,0,0,0,0
201502,08,093,4,8,Park County                   ,15,15,1882595,0,0,0,0,0,0,0,0,0,15,15,1882595,0,0,0,0,0,0,0,0,0
201502,08,101,4,8,Pueblo County                 ,24,24,4097932,0,0,0,0,0,0,0,0,0,12,12,1904052,0,0,0,0,0,0,0,0,0
201502,08,119,4,8,Teller County                 ,4,4,462243,0,0,0,0,0,0,0,0,0,4,4,462243,0,0,0,0,0,0,0,0,0
201502,09,001,1,1,Fairfield County              ,96,96,49502150,0,0,0,0,0,0,3,113,22203220,74,74,30309933,0,0,0,0,0,0,3,113,22203220
201502,09,003,1,1,Hartford County               ,43,43,9475109,4,8,527422,1,3,265515,2,10,486862,33,33,7717536,2,4,272720,0,0,0,0,0,0
201502,09,007,1,1,Middlesex County              ,9,9,2700308,1,2,150000,2,8,1209494,1,5,604747,5,5,1649000,1,2,150000,2,8,1209494,1,5,604747
201502,09,013,1,1,Tolland County                ,12,12,3010055,0,0,0,0,0,0,1,16,1200000,5,5,1326260,0,0,0,0,0,0,1,16,1200000
201502,10,001,3,5,Kent County                   ,141,141,19652061,0,0,0,0,0,0,0,0,0,141,141,19652061,0,0,0,0,0,0,0,0,0
201502,10,003,3,5,New Castle County             ,181,181,17472989,0,0,0,0,0,0,6,60,5186015,100,100,10166542,0,0,0,0,0,0,0,0,0
201502,10,005,3,5,Sussex County                 ,288,288,41167785,20,40,5133306,1,4,444354,1,5,685760,288,288,41167785,20,40,5133306,1,4,444354,1,5,685760
201502,11,001,3,5,Washington  DC                ,35,35,7545797,1,2,221799,1,3,323250,4,326,26505104,35,35,7545797,1,2,221799,1,3,323250,4,326,26505104
201502,12,003,3,5,Baker County                  ,3,3,410485,0,0,0,0,0,0,0,0,0,3,3,410485,0,0,0,0,0,0,0,0,0
201502,12,019,3,5,Clay County                   ,144,144,29463593,0,0,0,0,0,0,0,0,0,144,144,29463593,0,0,0,0,0,0,0,0,0
201502,12,031,3,5,Duval County                  ,319,319,73610753,1,2,221799,0,0,0,10,347,28212488,319,319,73610753,1,2,221799,0,0,0,10,347,28212488
201502,12,033,3,5,Escambia County               ,132,132,28749960,0,0,0,0,0,0,13,304,24716416,132,132,28749960,0,0,0,0,0,0,13,304,24716416
201502,12,053,3,5,Hernando County               ,39,39,7719109,0,0,0,0,0,0,0,0,0,39,39,7719109,0,0,0,0,0,0,0,0,0
201502,12,057,3,5,Hillsborough County           ,721,721,263250117,3,6,1196241,0,0,0,16,445,50901610,721,721,263250117,3,6,1196241,0,0,0,16,445,50901610
201502,12,067,3,5,Lafayette County              ,1,1,184000,0,0,0,0,0,0,0,0,0,1,1,184000,0,0,0,0,0,0,0,0,0
201502,12,071,3,5,Lee County                    ,539,539,137190849,0,0,0,8,32,7166251,36,600,47424237,539,539,137190849,0,0,0,8,32,7166251,36,600,47424237
201502,12,073,3,5,Leon County                   ,84,84,17676278,1,2,150000,0,0,0,3,115,9045278,36,36,9332962,0,0,0,0,0,0,0,0,0
201502,12,081,3,5,Manatee County                ,362,362,83761418,3,6,1701296,5,20,2667454,5,125,8256825,191,191,48254134,3,6,1701296,4,16,2188230,2,20,1777440
201502,12,086,3,5,Miami-Dade County             ,307,307,83417610,6,12,2224839,18,71,21643110,80,2468,474692146,295,295,81060353,6,12,2224839,18,71,21643110,74,2398,447373865
201502,12,089,3,5,Nassau County                 ,127,127,36051136,0,0,0,0,0,0,13,300,34204630,127,127,36051136,0,0,0,0,0,0,13,300,34204630
201502,12,091,3,5,Okaloosa County               ,119,119,31968535,3,6,690511,0,0,0,0,0,0,119,119,31968535,3,6,690511,0,0,0,0,0,0
201502,12,095,3,5,Orange County                 ,820,820,220794478,6,12,2058852,0,0,0,7,330,26851185,814,814,217923194,6,12,2058852,0,0,0,7,330,26851185
201502,12,097,3,5,Osceola County                ,294,294,76853893,0,0,0,1,4,644948,21,540,60764430,294,294,76853893,0,0,0,1,4,644948,21,540,60764430
201502,12,101,3,5,Pasco County                  ,294,294,62691721,7,14,1152915,3,12,445805,26,400,25130424,294,294,62691721,7,14,1152915,3,12,445805,24,370,23742529
201502,12,103,3,5,Pinellas County               ,125,125,30693827,0,0,0,3,12,3560000,5,416,45250782,113,113,27889873,0,0,0,3,12,3560000,5,416,45250782
201502,12,109,3,5,St. Johns County              ,352,352,99997165,0,0,0,1,4,704766,0,0,0,352,352,99997165,0,0,0,1,4,704766,0,0,0
201502,12,113,3,5,Santa Rosa County             ,193,193,41609681,0,0,0,0,0,0,0,0,0,193,193,41609681,0,0,0,0,0,0,0,0,0
201502,12,115,3,5,Sarasota County               ,323,323,102824525,1,2,224665,2,8,1858097,1,6,2066924,323,323,102824525,1,2,224665,2,8,1858097,1,6,2066924
201502,12,117,3,5,Seminole County               ,153,153,51169870,0,0,0,0,0,0,4,221,14543653,153,153,51169870,0,0,0,0,0,0,4,221,14543653
201502,12,129,3,5,Wakulla County                ,18,18,2150000,0,0,0,0,0,0,0,0,0,18,18,2150000,0,0,0,0,0,0,0,0,0
201502,12,131,3,5,Walton County                 ,174,174,73543205,0,0,0,7,21,3599172,0,0,0,174,174,73543205,0,0,0,7,21,3599172,0,0,0
201502,12,133,3,5,Washington County             ,5,5,839992,0,0,0,0,0,0,0,0,0,3,3,527638,0,0,0,0,0,0,0,0,0
201502,13,007,3,5,Baker County                  ,0,0,0,0,0,0,0,0,0,0,0,0,0,0,0,0,0,0,0,0,0,0,0,0
201502,13,013,3,5,Barrow County                 ,67,67,8822826,0,0,0,0,0,0,0,0,0,63,63,8421900,0,0,0,0,0,0,0,0,0
201502,13,015,3,5,Bartow County                 ,41,41,7846656,0,0,0,0,0,0,0,0,0,41,41,7846656,0,0,0,0,0,0,0,0,0
201502,13,021,3,5,Bibb County                   ,1,1,108848,0,0,0,0,0,0,0,0,0,0,0,0,0,0,0,0,0,0,0,0,0
201502,13,029,3,5,Bryan County                  ,47,47,10061318,0,0,0,0,0,0,0,0,0,30,30,7244621,0,0,0,0,0,0,0,0,0
201502,13,033,3,5,Burke County                  ,6,6,1024576,0,0,0,0,0,0,0,0,0,0,0,0,0,0,0,0,0,0,0,0,0
201502,13,035,3,5,Butts County                  ,3,3,555000,0,0,0,0,0,0,0,0,0,3,3,555000,0,0,0,0,0,0,0,0,0
201502,13,045,3,5,Carroll County                ,11,11,1978724,0,0,0,0,0,0,0,0,0,11,11,1978724,0,0,0,0,0,0,0,0,0
201502,13,051,3,5,Chatham County                ,178,178,27784236,0,0,0,0,0,0,0,0,0,147,147,24515125,0,0,0,0,0,0,0,0,0
201502,13,057,3,5,Cherokee County               ,238,238,59674054,0,0,0,0,0,0,0,0,0,238,238,59674054,0,0,0,0,0,0,0,0,0
201502,13,059,3,5,Clarke County                 ,15,15,2621989,0,0,0,0,0,0,0,0,0,15,15,2621989,0,0,0,0,0,0,0,0,0
201502,13,063,3,5,Clayton County                ,58,58,13319482,0,0,0,0,0,0,0,0,0,58,58,13319482,0,0,0,0,0,0,0,0,0
201502,13,067,3,5,Cobb County                   ,209,209,62246160,2,4,727670,6,24,4480811,4,23,5845173,209,209,62246160,2,4,727670,6,24,4480811,4,23,5845173
201502,13,073,3,5,Columbia County               ,186,186,30465329,0,0,0,0,0,0,0,0,0,86,86,13997191,0,0,0,0,0,0,0,0,0
201502,13,077,3,5,Coweta County                 ,154,154,50205826,0,0,0,0,0,0,0,0,0,141,141,47910417,0,0,0,0,0,0,0,0,0
201502,13,085,3,5,Dawson County                 ,20,20,3970568,0,0,0,0,0,0,0,0,0,20,20,3970568,0,0,0,0,0,0,0,0,0
201502,13,095,3,5,Dougherty County              ,7,7,772678,2,4,300220,0,0,0,0,0,0,0,0,0,0,0,0,0,0,0,0,0,0
201502,13,097,3,5,Douglas County                ,38,38,3348315,0,0,0,0,0,0,0,0,0,38,38,3348315,0,0,0,0,0,0,0,0,0
201502,13,111,3,5,Fannin County                 ,23,23,4894344,0,0,0,0,0,0,0,0,0,23,23,4894344,0,0,0,0,0,0,0,0,0
201502,13,113,3,5,Fayette County                ,46,46,10709582,0,0,0,0,0,0,0,0,0,41,41,9165330,0,0,0,0,0,0,0,0,0
201502,13,117,3,5,Forsyth County                ,426,426,60796355,0,0,0,0,0,0,1,15,628110,426,426,60796355,0,0,0,0,0,0,1,15,628110
201502,13,121,3,5,Fulton County                 ,383,383,93700403,0,0,0,0,0,0,7,630,88841431,378,378,92923203,0,0,0,0,0,0,7,630,88841431
201502,13,127,3,5,Glynn County                  ,67,67,17672973,0,0,0,0,0,0,0,0,0,0,0,0,0,0,0,0,0,0,0,0,0
201502,13,135,3,5,Gwinnett County               ,443,443,95754457,0,0,0,0,0,0,0,0,0,431,431,91934085,0,0,0,0,0,0,0,0,0
201502,13,143,3,5,Haralson County               ,5,5,813181,0,0,0,0,0,0,0,0,0,0,0,0,0,0,0,0,0,0,0,0,0
201502,13,145,3,5,Harris County                 ,23,23,6150690,0,0,0,0,0,0,0,0,0,23,23,6150690,0,0,0,0,0,0,0,0,0
201502,13,149,3,5,Heard County                  ,2,2,268736,0,0,0,0,0,0,0,0,0,0,0,0,0,0,0,0,0,0,0,0,0
201502,13,151,3,5,Henry County                  ,213,213,41979716,0,0,0,0,0,0,0,0,0,208,208,41432661,0,0,0,0,0,0,0,0,0
201502,13,159,3,5,Jasper County                 ,8,8,1071792,0,0,0,0,0,0,0,0,0,0,0,0,0,0,0,0,0,0,0,0,0
201502,13,171,3,5,Lamar County                  ,1,1,156800,0,0,0,0,0,0,0,0,0,1,1,156800,0,0,0,0,0,0,0,0,0
201502,13,177,3,5,Lee County                    ,17,17,2332755,0,0,0,0,0,0,0,0,0,17,17,2332755,0,0,0,0,0,0,0,0,0
201502,13,179,3,5,Liberty County                ,37,37,8566282,0,0,0,0,0,0,0,0,0,37,37,8566282,0,0,0,0,0,0,0,0,0
201502,13,189,3,5,McDuffie County               ,2,2,473866,0,0,0,0,0,0,0,0,0,0,0,0,0,0,0,0,0,0,0,0,0
201502,13,199,3,5,Meriwether County             ,6,6,1169171,0,0,0,0,0,0,0,0,0,5,5,1077971,0,0,0,0,0,0,0,0,0
201502,13,201,3,5,Miller County                 ,0,0,0,0,0,0,0,0,0,0,0,0,0,0,0,0,0,0,0,0,0,0,0,0
201502,13,207,3,5,Monroe County                 ,16,16,3492348,0,0,0,0,0,0,0,0,0,16,16,3492348,0,0,0,0,0,0,0,0,0
201502,13,215,3,5,Muscogee County               ,52,52,5504540,0,0,0,2,7,317964,3,36,2730512,0,0,0,0,0,0,0,0,0,0,0,0
201502,13,217,3,5,Newton County                 ,46,46,5943598,0,0,0,0,0,0,2,10,142858,42,42,5461100,0,0,0,0,0,0,0,0,0
201502,13,227,3,5,Pickens County                ,10,10,2703400,0,0,0,0,0,0,0,0,0,10,10,2703400,0,0,0,0,0,0,0,0,0
201502,13,231,3,5,Pike County                   ,9,9,1588377,0,0,0,0,0,0,0,0,0,9,9,1588377,0,0,0,0,0,0,0,0,0
201502,13,235,3,5,Pulaski County                ,4,4,313166,0,0,0,0,0,0,0,0,0,0,0,0,0,0,0,0,0,0,0,0,0
201502,13,245,3,5,Richmond County               ,72,72,12749385,1,2,180000,0,0,0,0,0,0,1,1,275000,0,0,0,0,0,0,0,0,0
201502,13,247,3,5,Rockdale County               ,15,15,3347171,0,0,0,0,0,0,0,0,0,15,15,3347171,0,0,0,0,0,0,0,0,0
201502,13,255,3,5,Spalding County               ,31,31,4142982,0,0,0,0,0,0,0,0,0,31,31,4142982,0,0,0,0,0,0,0,0,0
201502,13,275,3,5,Thomas County                 ,15,15,13871821,0,0,0,0,0,0,0,0,0,15,15,13871821,0,0,0,0,0,0,0,0,0
201502,13,291,3,5,Union County                  ,11,11,2371536,0,0,0,0,0,0,0,0,0,11,11,2371536,0,0,0,0,0,0,0,0,0
201502,15,001,4,9,Hawaii County                 ,116,116,37978895,0,0,0,0,0,0,0,0,0,116,116,37978895,0,0,0,0,0,0,0,0,0
201502,15,003,4,9,Honolulu County               ,195,195,71166014,0,0,0,0,0,0,4,688,206863000,195,195,71166014,0,0,0,0,0,0,4,688,206863000
201502,15,007,4,9,Kauai County                  ,18,18,10640942,0,0,0,0,0,0,0,0,0,9,9,5770697,0,0,0,0,0,0,0,0,0
201502,15,009,4,9,Maui County                   ,80,80,20763191,2,4,700834,7,28,9095200,17,118,35383640,80,80,20763191,2,4,700834,7,28,9095200,17,118,35383640
201502,16,001,4,8,Ada County                    ,412,412,109988532,0,0,0,22,88,5803600,0,0,0,401,401,107418529,0,0,0,22,88,5803600,0,0,0
201502,16,015,4,8,Boise County                  ,3,3,369226,0,0,0,0,0,0,0,0,0,3,3,369226,0,0,0,0,0,0,0,0,0
201502,16,027,4,8,Canyon County                 ,135,135,20565735,0,0,0,0,0,0,0,0,0,122,122,17855576,0,0,0,0,0,0,0,0,0
201502,16,045,4,8,Gem County                    ,1,1,238049,0,0,0,0,0,0,0,0,0,1,1,238049,0,0,0,0,0,0,0,0,0
201502,16,073,4,8,Owyhee County                 ,4,4,721759,0,0,0,0,0,0,0,0,0,4,4,721759,0,0,0,0,0,0,0,0,0
201502,17,005,2,3,Bond County                   ,2,2,120000,0,0,0,0,0,0,0,0,0,2,2,120000,0,0,0,0,0,0,0,0,0
201502,17,013,2,3,Calhoun County                ,2,2,155000,0,0,0,0,0,0,0,0,0,2,2,155000,0,0,0,0,0,0,0,0,0
201502,17,031,2,3,Cook County                   ,163,163,53984964,1,2,200000,4,12,1666730,13,1188,112044822,147,147,47413200,1,2,200000,4,12,1666730,13,1188,112044822
201502,17,037,2,3,DeKalb County                 ,4,4,1025000,0,0,0,0,0,0,0,0,0,4,4,1025000,0,0,0,0,0,0,0,0,0
201502,17,039,2,3,De Witt County                ,1,1,180000,0,0,0,0,0,0,0,0,0,1,1,180000,0,0,0,0,0,0,0,0,0
201502,17,043,2,3,DuPage County                 ,110,110,42785139,0,0,0,0,0,0,0,0,0,102,102,39710761,0,0,0,0,0,0,0,0,0
201502,17,063,2,3,Grundy County                 ,4,4,847464,0,0,0,0,0,0,2,10,512820,2,2,469415,0,0,0,0,0,0,0,0,0
201502,17,083,2,3,Jersey County                 ,5,5,687482,0,0,0,0,0,0,0,0,0,3,3,376264,0,0,0,0,0,0,0,0,0
201502,17,093,2,3,Kendall County                ,12,12,2546504,0,0,0,0,0,0,0,0,0,12,12,2546504,0,0,0,0,0,0,0,0,0
201502,17,097,2,3,Lake County                   ,61,61,17466942,1,2,251579,0,0,0,0,0,0,45,45,14796873,1,2,251579,0,0,0,0,0,0
201502,17,111,2,3,McHenry County                ,30,30,4925780,0,0,0,0,0,0,1,5,617501,25,25,4428251,0,0,0,0,0,0,0,0,0
201502,17,119,2,3,Madison County                ,34,34,9247305,0,0,0,0,0,0,0,0,0,29,29,8488437,0,0,0,0,0,0,0,0,0
201502,17,133,2,3,Monroe County                 ,16,16,3557219,1,2,290000,0,0,0,0,0,0,12,12,2694532,1,2,290000,0,0,0,0,0,0
201502,17,197,2,3,Will County                   ,84,84,22363914,0,0,0,0,0,0,0,0,0,65,65,17941532,0,0,0,0,0,0,0,0,0
201502,18,003,2,3,Allen County                  ,68,68,15288172,0,0,0,0,0,0,0,0,0,68,68,15288172,0,0,0,0,0,0,0,0,0
201502,18,011,2,3,Boone County                  ,63,63,17970282,0,0,0,0,0,0,0,0,0,63,63,17970282,0,0,0,0,0,0,0,0,0
201502,18,013,2,3,Brown County                  ,4,4,889105,0,0,0,0,0,0,0,0,0,2,2,470731,0,0,0,0,0,0,0,0,0
201502,18,019,2,3,Clark County                  ,56,56,10416337,7,14,1155000,0,0,0,1,5,128125,54,54,10162907,7,14,1155000,0,0,0,0,0,0
201502,18,047,2,3,Franklin County               ,5,5,646700,0,0,0,0,0,0,0,0,0,5,5,646700,0,0,0,0,0,0,0,0,0
201502,18,057,2,3,Hamilton County               ,250,250,69100826,5,10,1196315,0,0,0,0,0,0,250,250,69100826,5,10,1196315,0,0,0,0,0,0
201502,18,059,2,3,Hancock County                ,46,46,7337533,0,0,0,0,0,0,0,0,0,46,46,7337533,0,0,0,0,0,0,0,0,0
201502,18,061,2,3,Harrison County               ,5,5,1206096,0,0,0,0,0,0,0,0,0,5,5,1206096,0,0,0,0,0,0,0,0,0
201502,18,063,2,3,Hendricks County              ,67,67,15044879,0,0,0,0,0,0,1,17,957937,55,55,12527499,0,0,0,0,0,0,0,0,0
201502,18,069,2,3,Huntington County             ,6,6,812883,0,0,0,0,0,0,0,0,0,6,6,812883,0,0,0,0,0,0,0,0,0
201502,18,073,2,3,Jasper County                 ,3,3,590731,0,0,0,0,0,0,0,0,0,3,3,590731,0,0,0,0,0,0,0,0,0
201502,18,081,2,3,Johnson County                ,84,84,15816533,0,0,0,0,0,0,0,0,0,82,82,15585395,0,0,0,0,0,0,0,0,0
201502,18,087,2,3,Lagrange County               ,4,4,1150000,0,0,0,0,0,0,0,0,0,4,4,1150000,0,0,0,0,0,0,0,0,0
201502,18,089,2,3,Lake County                   ,34,34,7729562,0,0,0,0,0,0,0,0,0,31,31,7108166,0,0,0,0,0,0,0,0,0
201502,18,097,2,3,Marion County                 ,121,121,27104352,1,2,196285,3,12,1410733,9,69,6041913,95,95,21593346,0,0,0,3,12,1410733,8,48,4428297
201502,18,105,2,3,Monroe County                 ,26,26,6119498,1,2,251579,0,0,0,0,0,0,26,26,6119498,1,2,251579,0,0,0,0,0,0
201502,18,109,2,3,Morgan County                 ,7,7,1540000,0,0,0,0,0,0,0,0,0,7,7,1540000,0,0,0,0,0,0,0,0,0
201502,18,111,2,3,Newton County                 ,0,0,0,0,0,0,0,0,0,0,0,0,0,0,0,0,0,0,0,0,0,0,0,0
201502,18,115,2,3,Ohio County                   ,0,0,0,0,0,0,0,0,0,0,0,0,0,0,0,0,0,0,0,0,0,0,0,0
201502,18,119,2,3,Owen County                   ,0,0,0,0,0,0,0,0,0,0,0,0,0,0,0,0,0,0,0,0,0,0,0,0
201502,18,127,2,3,Porter County                 ,10,10,2362978,0,0,0,0,0,0,0,0,0,10,10,2362978,0,0,0,0,0,0,0,0,0
201502,18,133,2,3,Putnam County                 ,3,3,350000,0,0,0,0,0,0,0,0,0,3,3,350000,0,0,0,0,0,0,0,0,0
201502,18,145,2,3,Shelby County                 ,3,3,567000,0,0,0,0,0,0,0,0,0,3,3,567000,0,0,0,0,0,0,0,0,0
201502,18,151,2,3,Steuben County                ,3,3,1226129,0,0,0,0,0,0,0,0,0,3,3,1226129,0,0,0,0,0,0,0,0,0
201502,18,157,2,3,Tippecanoe County             ,30,30,6682591,0,0,0,0,0,0,1,7,626045,12,12,2739018,0,0,0,0,0,0,0,0,0
201502,18,163,2,3,Vanderburgh County            ,37,37,4946000,1,2,215000,0,0,0,0,0,0,37,37,4946000,1,2,215000,0,0,0,0,0,0
201502,18,167,2,3,Vigo County                   ,4,4,841225,0,0,0,0,0,0,1,5,265623,3,3,706096,0,0,0,0,0,0,0,0,0
201502,18,175,2,3,Washington County             ,3,3,411868,0,0,0,0,0,0,0,0,0,1,1,140000,0,0,0,0,0,0,0,0,0
201502,18,183,2,3,Whitley County                ,4,4,697000,0,0,0,0,0,0,0,0,0,4,4,697000,0,0,0,0,0,0,0,0,0
201502,19,049,2,4,Dallas County                 ,72,72,17203502,0,0,0,0,0,0,0,0,0,72,72,17203502,0,0,0,0,0,0,0,0,0
201502,19,085,2,4,Harrison County               ,2,2,355257,0,0,0,0,0,0,0,0,0,1,1,135000,0,0,0,0,0,0,0,0,0
201502,19,129,2,4,Mills County                  ,0,0,0,0,0,0,0,0,0,0,0,0,0,0,0,0,0,0,0,0,0,0,0,0
201502,19,153,2,4,Polk County                   ,200,200,47633447,0,0,0,1,3,494400,1,54,9700000,191,191,46176293,0,0,0,1,3,494400,1,54,9700000
201502,19,181,2,4,Warren County                 ,18,18,5089717,0,0,0,0,0,0,0,0,0,17,17,4790288,0,0,0,0,0,0,0,0,0
201502,20,091,2,4,Johnson County                ,168,168,54697463,1,2,291731,0,0,0,10,164,20886267,103,103,35523206,1,2,291731,0,0,0,10,164,20886267
201502,20,103,2,4,Leavenworth County            ,26,26,3990095,0,0,0,0,0,0,0,0,0,26,26,3990095,0,0,0,0,0,0,0,0,0
201502,20,107,2,4,Linn County                   ,3,3,143374,0,0,0,0,0,0,0,0,0,2,2,23000,0,0,0,0,0,0,0,0,0
201502,20,121,2,4,Miami County                  ,2,2,503632,0,0,0,0,0,0,0,0,0,0,0,0,0,0,0,0,0,0,0,0,0
201502,20,209,2,4,Wyandotte County              ,9,9,1515834,0,0,0,0,0,0,0,0,0,9,9,1515834,0,0,0,0,0,0,0,0,0
201502,21,005,3,6,Anderson County               ,5,5,1071314,0,0,0,0,0,0,0,0,0,5,5,1071314,0,0,0,0,0,0,0,0,0
201502,21,015,3,6,Boone County                  ,54,54,7791817,0,0,0,0,0,0,0,0,0,54,54,7791817,0,0,0,0,0,0,0,0,0
201502,21,017,3,6,Bourbon County                ,2,2,636286,1,2,200000,0,0,0,0,0,0,0,0,0,0,0,0,0,0,0,0,0,0
201502,21,021,3,6,Boyle County                  ,3,3,1186000,0,0,0,0,0,0,0,0,0,3,3,1186000,0,0,0,0,0,0,0,0,0
201502,21,029,3,6,Bullitt County                ,38,38,6066448,0,0,0,0,0,0,0,0,0,38,38,6066448,0,0,0,0,0,0,0,0,0
201502,21,035,3,6,Calloway County               ,1,1,99000,0,0,0,7,25,1421000,0,0,0,1,1,99000,0,0,0,7,25,1421000,0,0,0
201502,21,037,3,6,Campbell County               ,16,16,2911087,0,0,0,0,0,0,0,0,0,16,16,2911087,0,0,0,0,0,0,0,0,0
201502,21,045,3,6,Casey County                  ,0,0,0,0,0,0,0,0,0,0,0,0,0,0,0,0,0,0,0,0,0,0,0,0
201502,21,047,3,6,Christian County              ,2,2,142400,0,0,0,1,4,280000,0,0,0,0,0,0,0,0,0,1,4,280000,0,0,0
201502,21,049,3,6,Clark County                  ,6,6,1038530,2,4,800000,0,0,0,0,0,0,0,0,0,0,0,0,0,0,0,0,0,0
201502,21,067,3,6,Fayette County                ,110,110,16686282,1,2,134400,2,7,903014,2,32,2553883,0,0,0,0,0,0,0,0,0,0,0,0
201502,21,069,3,6,Fleming County                ,0,0,0,0,0,0,0,0,0,0,0,0,0,0,0,0,0,0,0,0,0,0,0,0
201502,21,077,3,6,Gallatin County               ,1,1,163066,0,0,0,0,0,0,0,0,0,0,0,0,0,0,0,0,0,0,0,0,0
201502,21,081,3,6,Grant County                  ,4,4,380000,0,0,0,0,0,0,0,0,0,4,4,380000,0,0,0,0,0,0,0,0,0
201502,21,091,3,6,Hancock County                ,0,0,0,0,0,0,0,0,0,0,0,0,0,0,0,0,0,0,0,0,0,0,0,0
201502,21,099,3,6,Hart County                   ,5,5,486250,0,0,0,0,0,0,1,5,567738,0,0,0,0,0,0,0,0,0,0,0,0
201502,21,101,3,6,Henderson County              ,3,3,590000,0,0,0,0,0,0,0,0,0,3,3,590000,0,0,0,0,0,0,0,0,0
201502,21,103,3,6,Henry County                  ,3,3,425000,0,0,0,0,0,0,0,0,0,3,3,425000,0,0,0,0,0,0,0,0,0
201502,21,111,3,6,Jefferson County              ,159,159,36322922,0,0,0,3,10,984769,10,219,8437223,5,5,849000,0,0,0,0,0,0,0,0,0
201502,21,113,3,6,Jessamine County              ,22,22,5755777,0,0,0,0,0,0,0,0,0,8,8,3883543,0,0,0,0,0,0,0,0,0
201502,21,115,3,6,Johnson County                ,0,0,0,0,0,0,0,0,0,0,0,0,0,0,0,0,0,0,0,0,0,0,0,0
201502,21,117,3,6,Kenton County                 ,33,33,6526481,0,0,0,0,0,0,0,0,0,33,33,6526481,0,0,0,0,0,0,0,0,0
201502,21,121,3,6,Knox County                   ,0,0,0,0,0,0,0,0,0,0,0,0,0,0,0,0,0,0,0,0,0,0,0,0
201502,21,123,3,6,Larue County                  ,6,6,1186854,0,0,0,0,0,0,0,0,0,0,0,0,0,0,0,0,0,0,0,0,0
201502,21,137,3,6,Lincoln County                ,1,1,212798,0,0,0,0,0,0,0,0,0,1,1,212798,0,0,0,0,0,0,0,0,0
201502,21,145,3,6,McCracken County              ,70,70,3314295,0,0,0,0,0,0,1,5,810657,70,70,3314295,0,0,0,0,0,0,1,5,810657
201502,21,151,3,6,Madison County                ,14,14,1220347,1,2,112996,1,4,120000,2,10,337144,1,1,95000,0,0,0,1,4,120000,0,0,0
201502,21,161,3,6,Mason County                  ,0,0,0,0,0,0,0,0,0,0,0,0,0,0,0,0,0,0,0,0,0,0,0,0
201502,21,163,3,6,Meade County                  ,9,9,1141290,1,2,120000,0,0,0,0,0,0,5,5,520000,1,2,120000,0,0,0,0,0,0
201502,21,167,3,6,Mercer County                 ,5,5,700874,2,4,275000,0,0,0,0,0,0,0,0,0,0,0,0,0,0,0,0,0,0
201502,21,175,3,6,Morgan County                 ,2,2,150000,0,0,0,0,0,0,0,0,0,0,0,0,0,0,0,0,0,0,0,0,0
201502,21,179,3,6,Nelson County                 ,13,13,1698000,0,0,0,0,0,0,0,0,0,13,13,1698000,0,0,0,0,0,0,0,0,0
201502,21,185,3,6,Oldham County                 ,34,34,7018872,0,0,0,0,0,0,0,0,0,0,0,0,0,0,0,0,0,0,0,0,0
201502,21,191,3,6,Pendleton County              ,0,0,0,0,0,0,0,0,0,0,0,0,0,0,0,0,0,0,0,0,0,0,0,0
201502,21,209,3,6,Scott County                  ,47,47,5920204,1,2,330000,0,0,0,6,36,2070000,47,47,5920204,1,2,330000,0,0,0,6,36,2070000
201502,21,211,3,6,Shelby County                 ,18,18,3028316,0,0,0,0,0,0,0,0,0,18,18,3028316,0,0,0,0,0,0,0,0,0
201502,21,213,3,6,Simpson County                ,2,2,426000,5,10,720000,0,0,0,0,0,0,2,2,426000,5,10,720000,0,0,0,0,0,0
201502,21,215,3,6,Spencer County                ,8,8,1724754,0,0,0,0,0,0,0,0,0,8,8,1724754,0,0,0,0,0,0,0,0,0
201502,21,221,3,6,Trigg County                  ,0,0,0,0,0,0,0,0,0,0,0,0,0,0,0,0,0,0,0,0,0,0,0,0
201502,21,225,3,6,Union County                  ,0,0,0,0,0,0,0,0,0,0,0,0,0,0,0,0,0,0,0,0,0,0,0,0
201502,21,239,3,6,Woodford County               ,21,21,4285790,0,0,0,0,0,0,0,0,0,21,21,4285790,0,0,0,0,0,0,0,0,0
201502,22,005,3,7,Ascension Parish              ,197,197,29078763,0,0,0,0,0,0,0,0,0,186,186,26082847,0,0,0,0,0,0,0,0,0
201502,22,015,3,7,Bossier Parish                ,129,129,17229305,0,0,0,0,0,0,3,74,4505648,37,37,5962775,0,0,0,0,0,0,0,0,0
201502,22,017,3,7,Caddo Parish                  ,31,31,8227864,0,0,0,0,0,0,0,0,0,31,31,8227864,0,0,0,0,0,0,0,0,0
201502,22,031,3,7,De Soto Parish                ,12,12,3286202,0,0,0,0,0,0,0,0,0,11,11,3088393,0,0,0,0,0,0,0,0,0
201502,22,033,3,7,East Baton Rouge Parish       ,182,182,44039241,0,0,0,0,0,0,0,0,0,182,182,44039241,0,0,0,0,0,0,0,0,0
201502,22,037,3,7,East Feliciana Parish         ,12,12,2553571,0,0,0,0,0,0,0,0,0,12,12,2553571,0,0,0,0,0,0,0,0,0
201502,22,047,3,7,Iberville Parish              ,16,16,2713758,0,0,0,0,0,0,0,0,0,0,0,0,0,0,0,0,0,0,0,0,0
201502,22,051,3,7,Jefferson Parish              ,41,41,9732409,1,2,80000,0,0,0,0,0,0,24,24,6349730,1,2,80000,0,0,0,0,0,0
201502,22,055,3,7,Lafayette Parish              ,201,201,40461023,1,2,200000,0,0,0,2,15,732939,136,136,31458307,1,2,200000,0,0,0,0,0,0
201502,22,063,3,7,Livingston Parish             ,111,111,22581781,0,0,0,0,0,0,0,0,0,56,56,11639710,0,0,0,0,0,0,0,0,0
201502,22,071,3,7,Orleans Parish                ,121,121,23914979,11,22,2089426,0,0,0,0,0,0,0,0,0,0,0,0,0,0,0,0,0,0
201502,22,075,3,7,Plaquemines Parish            ,3,3,835000,1,2,440000,0,0,0,0,0,0,3,3,835000,1,2,440000,0,0,0,0,0,0
201502,22,077,3,7,Pointe Coupee Parish          ,6,6,1454926,0,0,0,0,0,0,0,0,0,6,6,1454926,0,0,0,0,0,0,0,0,0
201502,22,087,3,7,St. Bernard Parish            ,13,13,1567000,0,0,0,0,0,0,0,0,0,13,13,1567000,0,0,0,0,0,0,0,0,0
201502,22,089,3,7,St. Charles Parish            ,16,16,3526274,0,0,0,0,0,0,0,0,0,0,0,0,0,0,0,0,0,0,0,0,0
201502,22,091,3,7,St. Helena Parish             ,0,0,0,0,0,0,0,0,0,0,0,0,0,0,0,0,0,0,0,0,0,0,0,0
201502,22,095,3,7,St. John the Baptist Parish   ,4,4,668671,0,0,0,0,0,0,0,0,0,0,0,0,0,0,0,0,0,0,0,0,0
201502,22,099,3,7,St. Martin Parish             ,22,22,5318489,0,0,0,0,0,0,0,0,0,22,22,5318489,0,0,0,0,0,0,0,0,0
201502,22,103,3,7,St. Tammany Parish            ,226,226,56153991,0,0,0,0,0,0,0,0,0,222,222,54662379,0,0,0,0,0,0,0,0,0
201502,22,109,3,7,Terrebonne Parish             ,33,33,9190672,0,0,0,0,0,0,0,0,0,33,33,9190672,0,0,0,0,0,0,0,0,0
201502,22,121,3,7,West Baton Rouge Parish       ,22,22,3300595,0,0,0,0,0,0,0,0,0,20,20,3118471,0,0,0,0,0,0,0,0,0
201502,22,125,3,7,West Feliciana Parish         ,8,8,1618647,0,0,0,0,0,0,0,0,0,8,8,1618647,0,0,0,0,0,0,0,0,0
201502,23,000,1,1,Maine Unorganized Territory   ,2,2,265600,0,0,0,0,0,0,0,0,0,0,0,0,0,0,0,0,0,0,0,0,0
201502,24,003,3,5,Anne Arundel County           ,196,196,41795056,0,0,0,0,0,0,0,0,0,186,186,40100522,0,0,0,0,0,0,0,0,0
201502,24,005,3,5,Baltimore County              ,83,83,17894319,0,0,0,0,0,0,1,27,3000000,83,83,17894319,0,0,0,0,0,0,1,27,3000000
201502,24,009,3,5,Calvert County                ,16,16,3449507,0,0,0,0,0,0,0,0,0,16,16,3449507,0,0,0,0,0,0,0,0,0
201502,24,013,3,5,Carroll County                ,21,21,4527478,0,0,0,0,0,0,0,0,0,21,21,4527478,0,0,0,0,0,0,0,0,0
201502,24,015,3,5,Cecil County                  ,7,7,1252331,0,0,0,0,0,0,0,0,0,7,7,1252331,0,0,0,0,0,0,0,0,0
201502,24,017,3,5,Charles County                ,128,128,25732362,0,0,0,0,0,0,0,0,0,125,125,25377000,0,0,0,0,0,0,0,0,0
201502,24,021,3,5,Frederick County              ,102,102,21902783,0,0,0,0,0,0,1,20,3345730,102,102,21902783,0,0,0,0,0,0,1,20,3345730
201502,24,023,3,5,Garrett County                ,2,2,282000,0,0,0,0,0,0,0,0,0,2,2,282000,0,0,0,0,0,0,0,0,0
201502,24,025,3,5,Harford County                ,25,25,7403060,0,0,0,0,0,0,7,84,7525436,25,25,7403060,0,0,0,0,0,0,7,84,7525436
201502,24,027,3,5,Howard County                 ,153,153,32985913,0,0,0,0,0,0,0,0,0,153,153,32985913,0,0,0,0,0,0,0,0,0
201502,24,031,3,5,Montgomery County             ,153,153,30948572,0,0,0,0,0,0,2,69,7940679,153,153,30948572,0,0,0,0,0,0,2,69,7940679
201502,24,033,3,5,Prince George County          ,248,248,53765456,0,0,0,0,0,0,1,319,25935976,246,246,53036174,0,0,0,0,0,0,1,319,25935976
201502,24,035,3,5,Queen Anne County             ,32,32,6053625,0,0,0,0,0,0,0,0,0,31,31,5953625,0,0,0,0,0,0,0,0,0
201502,24,037,3,5,St. Mary's County             ,76,76,16736689,0,0,0,0,0,0,1,5,905000,76,76,16736689,0,0,0,0,0,0,1,5,905000
201502,24,037,3,5,St. Marys County              ,76,76,16736689,0,0,0,0,0,0,1,5,905000,76,76,16736689,0,0,0,0,0,0,1,5,905000
201502,24,039,3,5,Somerset County               ,3,3,436797,0,0,0,0,0,0,0,0,0,2,2,350000,0,0,0,0,0,0,0,0,0
201502,24,045,3,5,Wicomico County               ,12,12,2420650,0,0,0,0,0,0,0,0,0,12,12,2420650,0,0,0,0,0,0,0,0,0
201502,24,510,3,5,Baltimore (Independent City)  ,36,36,5198892,1,2,354842,2,7,916454,2,175,15892587,0,0,0,0,0,0,0,0,0,0,0,0
201502,25,005,1,1,Bristol County                ,43,43,8140334,0,0,0,0,0,0,2,41,2315000,34,34,6784097,0,0,0,0,0,0,2,41,2315000
201502,25,009,1,1,Essex County                  ,57,57,18250750,1,2,182222,2,6,1679929,3,28,2965138,35,35,11529660,0,0,0,1,3,1000000,1,18,746250
201502,25,017,1,1,Middlesex County              ,143,143,39784195,11,22,2818652,0,0,0,17,279,29347997,120,120,34193693,11,22,2818652,0,0,0,14,206,21510159
201502,25,021,1,1,Norfolk County                ,71,71,25089878,2,4,610000,0,0,0,5,37,3283776,54,54,19152872,2,4,610000,0,0,0,0,0,0
201502,25,023,1,1,Plymouth County               ,72,72,17490000,2,4,575000,1,3,295443,2,11,1090886,52,52,13399612,2,4,575000,0,0,0,0,0,0
201502,25,025,1,1,Suffolk County                ,6,6,1448558,4,8,1536000,1,3,200000,13,1109,181860908,6,6,1448558,4,8,1536000,1,3,200000,10,1054,176043380
201502,26,000,2,3,Michigan Balance of State     ,1,1,213277,0,0,0,0,0,0,0,0,0,1,1,213277,0,0,0,0,0,0,0,0,0
201502,26,019,2,3,Benzie County                 ,1,1,185000,0,0,0,0,0,0,0,0,0,1,1,185000,0,0,0,0,0,0,0,0,0
201502,26,029,2,3,Charlevoix County             ,3,3,890685,0,0,0,0,0,0,0,0,0,0,0,0,0,0,0,0,0,0,0,0,0
201502,26,089,2,3,Leelanau County               ,10,10,1741890,0,0,0,0,0,0,0,0,0,10,10,1741890,0,0,0,0,0,0,0,0,0
201502,26,093,2,3,Livingston County             ,45,45,11574644,0,0,0,0,0,0,0,0,0,42,42,11268429,0,0,0,0,0,0,0,0,0
201502,26,095,2,3,Luce County                   ,1,1,300000,0,0,0,0,0,0,0,0,0,1,1,300000,0,0,0,0,0,0,0,0,0
201502,26,099,2,3,Macomb County                 ,77,77,19653267,0,0,0,0,0,0,0,0,0,77,77,19653267,0,0,0,0,0,0,0,0,0
201502,26,103,2,3,Marquette County              ,0,0,0,0,0,0,0,0,0,0,0,0,0,0,0,0,0,0,0,0,0,0,0,0
201502,26,137,2,3,Otsego County                 ,1,1,81000,0,0,0,0,0,0,0,0,0,0,0,0,0,0,0,0,0,0,0,0,0
201502,26,147,2,3,St. Clair County              ,2,2,265949,0,0,0,0,0,0,0,0,0,1,1,125000,0,0,0,0,0,0,0,0,0
201502,26,163,2,3,Wayne County                  ,79,79,19199677,0,0,0,0,0,0,2,40,1934980,75,75,18509596,0,0,0,0,0,0,2,40,1934980
201502,27,003,2,4,Anoka County                  ,97,97,26669613,0,0,0,0,0,0,0,0,0,93,93,25783715,0,0,0,0,0,0,0,0,0
201502,27,019,2,4,Carver County                 ,67,67,21685700,0,0,0,1,4,639000,0,0,0,60,60,19773458,0,0,0,1,4,639000,0,0,0
201502,27,025,2,4,Chisago County                ,23,23,3962586,0,0,0,0,0,0,0,0,0,20,20,3527073,0,0,0,0,0,0,0,0,0
201502,27,027,2,4,Clay County                   ,2,2,473333,1,2,300000,0,0,0,0,0,0,1,1,300000,1,2,300000,0,0,0,0,0,0
201502,27,037,2,4,Dakota County                 ,125,125,41579182,0,0,0,0,0,0,0,0,0,116,116,38987877,0,0,0,0,0,0,0,0,0
201502,27,053,2,4,Hennepin County               ,242,242,97073283,1,2,305000,1,3,263400,0,0,0,232,232,91426991,1,2,305000,1,3,263400,0,0,0
201502,27,059,2,4,Isanti County                 ,8,8,1566933,0,0,0,0,0,0,0,0,0,7,7,1381240,0,0,0,0,0,0,0,0,0
201502,27,123,2,4,Ramsey County                 ,23,23,6842987,0,0,0,0,0,0,1,136,21300000,19,19,5059645,0,0,0,0,0,0,1,136,21300000
201502,27,139,2,4,Scott County                  ,48,48,16026963,0,0,0,0,0,0,0,0,0,40,40,13334295,0,0,0,0,0,0,0,0,0
201502,27,141,2,4,Sherburne County              ,18,18,4361259,0,0,0,0,0,0,0,0,0,18,18,4361259,0,0,0,0,0,0,0,0,0
201502,27,163,2,4,Washington County             ,67,67,23165692,0,0,0,0,0,0,0,0,0,63,63,21366580,0,0,0,0,0,0,0,0,0
201502,27,171,2,4,Wright County                 ,61,61,18233921,0,0,0,0,0,0,0,0,0,61,61,18233921,0,0,0,0,0,0,0,0,0
201502,28,033,3,6,DeSoto County                 ,152,152,22085968,0,0,0,0,0,0,1,5,424350,101,101,13153940,0,0,0,0,0,0,1,5,424350
201502,28,041,3,6,Greene County                 ,0,0,0,0,0,0,0,0,0,0,0,0,0,0,0,0,0,0,0,0,0,0,0,0
201502,28,045,3,6,Hancock County                ,48,48,7556247,2,4,370358,2,6,602168,2,22,1862579,2,2,481931,0,0,0,0,0,0,0,0,0
201502,28,047,3,6,Harrison County               ,123,123,19000593,1,2,245000,0,0,0,0,0,0,107,107,17182977,0,0,0,0,0,0,0,0,0
201502,28,067,3,6,Jones County                  ,8,8,599656,0,0,0,0,0,0,0,0,0,1,1,168000,0,0,0,0,0,0,0,0,0
201502,28,137,3,6,Tate County                   ,4,4,1000000,0,0,0,0,0,0,0,0,0,4,4,1000000,0,0,0,0,0,0,0,0,0
201502,28,143,3,6,Tunica County                 ,2,2,160640,0,0,0,0,0,0,0,0,0,0,0,0,0,0,0,0,0,0,0,0,0
201502,28,145,3,6,Union County                  ,0,0,0,0,0,0,0,0,0,0,0,0,0,0,0,0,0,0,0,0,0,0,0,0
201502,28,149,3,6,Warren County                 ,0,0,0,0,0,0,0,0,0,0,0,0,0,0,0,0,0,0,0,0,0,0,0,0
201502,29,013,2,4,Bates County                  ,1,1,175000,0,0,0,0,0,0,0,0,0,1,1,175000,0,0,0,0,0,0,0,0,0
201502,29,019,2,4,Boone County                  ,85,85,17334352,5,10,1000000,0,0,0,0,0,0,85,85,17334352,5,10,1000000,0,0,0,0,0,0
201502,29,049,2,4,Clinton County                ,1,1,218380,0,0,0,0,0,0,0,0,0,0,0,0,0,0,0,0,0,0,0,0,0
201502,29,065,2,4,Dent County                   ,0,0,0,0,0,0,0,0,0,0,0,0,0,0,0,0,0,0,0,0,0,0,0,0
201502,29,071,2,4,Franklin County               ,42,42,5714238,0,0,0,0,0,0,0,0,0,40,40,5273724,0,0,0,0,0,0,0,0,0
201502,29,095,2,4,Jackson County                ,170,170,36297203,11,22,1437152,2,8,733456,4,152,11184069,167,167,35809743,11,22,1437152,2,8,733456,4,152,11184069
201502,29,099,2,4,Jefferson County              ,67,67,8864142,0,0,0,0,0,0,0,0,0,65,65,8580694,0,0,0,0,0,0,0,0,0
201502,29,105,2,4,Laclede County                ,4,4,535700,0,0,0,0,0,0,0,0,0,4,4,535700,0,0,0,0,0,0,0,0,0
201502,29,107,2,4,Lafayette County              ,3,3,660770,0,0,0,0,0,0,0,0,0,0,0,0,0,0,0,0,0,0,0,0,0
201502,29,113,2,4,Lincoln County                ,10,10,983000,0,0,0,4,16,1752000,4,26,2847000,10,10,983000,0,0,0,4,16,1752000,4,26,2847000
201502,29,165,2,4,Platte County                 ,26,26,7806493,0,0,0,1,3,330000,0,0,0,26,26,7806493,0,0,0,1,3,330000,0,0,0
201502,29,185,2,4,St. Clair County              ,0,0,0,0,0,0,0,0,0,0,0,0,0,0,0,0,0,0,0,0,0,0,0,0
201502,29,189,2,4,St. Louis County              ,113,113,45783245,0,0,0,0,0,0,0,0,0,92,92,37527765,0,0,0,0,0,0,0,0,0
201502,29,219,2,4,Warren County                 ,9,9,1814731,0,0,0,0,0,0,0,0,0,9,9,1814731,0,0,0,0,0,0,0,0,0
201502,29,221,2,4,Washington County             ,0,0,0,0,0,0,0,0,0,0,0,0,0,0,0,0,0,0,0,0,0,0,0,0
201502,29,510,2,4,St. Louis (Independent City)  ,6,6,1541000,0,0,0,0,0,0,0,0,0,6,6,1541000,0,0,0,0,0,0,0,0,0
201502,30,033,4,8,Garfield County               ,1,1,150000,0,0,0,0,0,0,0,0,0,1,1,150000,0,0,0,0,0,0,0,0,0
201502,30,063,4,8,Missoula County               ,17,17,3164081,0,0,0,0,0,0,4,97,3637372,17,17,3164081,0,0,0,0,0,0,4,97,3637372
201502,30,093,4,8,Silver Bow County             ,1,1,65127,1,2,99406,1,4,158700,1,5,205206,1,1,65127,1,2,99406,1,4,158700,1,5,205206
201502,31,001,2,4,Adams County                  ,3,3,682253,0,0,0,0,0,0,0,0,0,0,0,0,0,0,0,0,0,0,0,0,0
201502,31,025,2,4,Cass County                   ,9,9,1441509,0,0,0,0,0,0,0,0,0,9,9,1441509,0,0,0,0,0,0,0,0,0
201502,31,033,2,4,Cheyenne County               ,3,3,585365,0,0,0,0,0,0,0,0,0,3,3,585365,0,0,0,0,0,0,0,0,0
201502,31,055,2,4,Douglas County                ,180,180,26268968,0,0,0,0,0,0,2,91,7307761,174,174,24691396,0,0,0,0,0,0,2,91,7307761
201502,31,105,2,4,Kimball County                ,0,0,0,0,0,0,0,0,0,0,0,0,0,0,0,0,0,0,0,0,0,0,0,0
201502,31,153,2,4,Sarpy County                  ,109,109,31295915,0,0,0,0,0,0,0,0,0,109,109,31295915,0,0,0,0,0,0,0,0,0
201502,31,165,2,4,Sioux County                  ,1,1,318000,0,0,0,0,0,0,0,0,0,1,1,318000,0,0,0,0,0,0,0,0,0
201502,31,177,2,4,Washington County             ,5,5,897797,0,0,0,0,0,0,0,0,0,5,5,897797,0,0,0,0,0,0,0,0,0
201502,32,001,4,8,Churchill County              ,4,4,841930,0,0,0,0,0,0,0,0,0,4,4,841930,0,0,0,0,0,0,0,0,0
201502,32,003,4,8,Clark County                  ,1122,1122,203787295,0,0,0,0,0,0,39,588,31966667,1122,1122,203787295,0,0,0,0,0,0,39,588,31966667
201502,32,005,4,8,Douglas County                ,18,18,6390214,0,0,0,0,0,0,0,0,0,18,18,6390214,0,0,0,0,0,0,0,0,0
201502,32,007,4,8,Elko County                   ,36,36,4687033,0,0,0,0,0,0,0,0,0,36,36,4687033,0,0,0,0,0,0,0,0,0
201502,32,013,4,8,Humboldt County               ,1,1,210914,0,0,0,0,0,0,0,0,0,1,1,210914,0,0,0,0,0,0,0,0,0
201502,32,015,4,8,Lander County                 ,0,0,0,0,0,0,0,0,0,0,0,0,0,0,0,0,0,0,0,0,0,0,0,0
201502,32,017,4,8,Lincoln County                ,2,2,524308,0,0,0,0,0,0,0,0,0,2,2,524308,0,0,0,0,0,0,0,0,0
201502,32,019,4,8,Lyon County                   ,22,22,4043886,0,0,0,0,0,0,0,0,0,22,22,4043886,0,0,0,0,0,0,0,0,0
201502,32,021,4,8,Mineral County                ,0,0,0,0,0,0,0,0,0,0,0,0,0,0,0,0,0,0,0,0,0,0,0,0
201502,32,027,4,8,Pershing County               ,0,0,0,0,0,0,0,0,0,0,0,0,0,0,0,0,0,0,0,0,0,0,0,0
201502,32,029,4,8,Storey County                 ,1,1,140000,0,0,0,0,0,0,0,0,0,1,1,140000,0,0,0,0,0,0,0,0,0
201502,32,031,4,8,Washoe County                 ,213,213,53121058,0,0,0,0,0,0,5,113,11731149,159,159,39707227,0,0,0,0,0,0,4,70,5552185
201502,32,033,4,8,White Pine County             ,1,1,253785,0,0,0,0,0,0,0,0,0,1,1,253785,0,0,0,0,0,0,0,0,0
201502,32,510,4,8,Carson City (Independent City),4,4,953021,0,0,0,0,0,0,0,0,0,4,4,953021,0,0,0,0,0,0,0,0,0
201502,33,015,1,1,Rockingham County             ,45,45,12397428,1,2,250000,0,0,0,0,0,0,36,36,10200585,0,0,0,0,0,0,0,0,0
201502,33,017,1,1,Strafford County              ,15,15,2661347,1,2,328780,0,0,0,4,34,3520814,10,10,1766897,0,0,0,0,0,0,2,16,1554000
201502,34,001,1,2,Atlantic County               ,52,52,10651604,0,0,0,0,0,0,2,11,2416374,35,35,8668255,0,0,0,0,0,0,0,0,0
201502,34,003,1,2,Bergen County                 ,104,104,34119441,10,20,3536098,2,6,408000,20,197,16779742,56,56,18832121,6,12,2573500,1,3,55000,3,26,3354000
201502,34,005,1,2,Burlington County             ,79,79,12781259,0,0,0,0,0,0,3,17,1128629,63,63,9998464,0,0,0,0,0,0,0,0,0
201502,34,007,1,2,Camden County                 ,37,37,7322057,4,8,114400,0,0,0,10,71,3101276,20,20,5500221,4,8,114400,0,0,0,4,20,7700
201502,34,009,1,2,Cape May County               ,80,80,27276422,16,32,4749700,0,0,0,0,0,137000,78,78,26913152,16,32,4749700,0,0,0,0,0,137000
201502,34,011,1,2,Cumberland County             ,20,20,2115603,0,0,0,0,0,0,0,0,0,6,6,505252,0,0,0,0,0,0,0,0,0
201502,34,013,1,2,Essex County                  ,37,37,6661690,0,0,0,3,9,491600,11,137,16340698,20,20,3920625,0,0,0,2,6,488400,3,60,10374446
201502,34,015,1,2,Gloucester County             ,49,49,5495828,0,0,0,0,0,0,0,0,0,38,38,4341040,0,0,0,0,0,0,0,0,0
201502,34,017,1,2,Hudson County                 ,99,99,40685867,2,4,1068931,5,17,3005697,7,158,13983723,96,96,40252100,1,2,790000,3,11,2549192,2,34,4318000
201502,34,019,1,2,Hunterdon County              ,15,15,3287631,0,0,0,0,0,0,3,16,1256790,14,14,3059026,0,0,0,0,0,0,1,6,850000
201502,34,021,1,2,Mercer County                 ,12,12,4022295,0,0,0,0,0,0,3,30,2440769,8,8,3246444,0,0,0,0,0,0,1,11,1101600
201502,34,023,1,2,Middlesex County              ,101,101,17323596,0,0,0,1,3,476643,8,129,6632311,91,91,15928749,0,0,0,0,0,0,4,68,4002401
201502,34,025,1,2,Monmouth County               ,109,109,23310758,0,0,0,0,0,0,5,50,6506309,78,78,18307636,0,0,0,0,0,0,2,32,4532668
201502,34,027,1,2,Morris County                 ,96,96,17514373,0,0,0,0,0,0,7,84,4345253,67,67,11572900,0,0,0,0,0,0,0,0,0
201502,34,029,1,2,Ocean County                  ,288,288,57339492,7,14,1333240,0,0,0,8,94,13476813,269,269,54678938,5,10,953936,0,0,0,8,94,13476813
201502,34,031,1,2,Passaic County                ,14,14,3294776,1,2,160746,0,0,0,4,33,3323327,2,2,1314324,0,0,0,0,0,0,0,0,0
201502,34,033,1,2,Salem County                  ,2,2,247286,0,0,0,0,0,0,0,0,0,0,0,0,0,0,0,0,0,0,0,0,0
201502,34,035,1,2,Somerset County               ,66,66,15932693,0,0,0,0,0,0,7,112,8202464,57,57,15147066,0,0,0,0,0,0,2,40,3965582
201502,34,037,1,2,Sussex County                 ,16,16,3236442,0,0,0,0,0,0,1,5,181892,6,6,1292050,0,0,0,0,0,0,0,0,0
201502,34,039,1,2,Union County                  ,43,43,11423300,5,10,687344,0,0,0,14,228,33377444,20,20,8455200,4,8,551502,0,0,0,4,143,29898211
201502,34,041,1,2,Warren County                 ,15,15,2213639,0,0,0,0,0,0,2,14,604503,3,3,678850,0,0,0,0,0,0,0,0,0
201502,35,000,4,8,New Mexico Balance of State   ,37,37,9927982,0,0,0,0,0,0,0,0,0,37,37,9927982,0,0,0,0,0,0,0,0,0
201502,35,001,4,8,Bernalillo County             ,129,129,29456281,0,0,0,0,0,0,0,0,0,129,129,29456281,0,0,0,0,0,0,0,0,0
201502,35,005,4,8,Chaves County                 ,8,8,1571534,0,0,0,0,0,0,0,0,0,8,8,1571534,0,0,0,0,0,0,0,0,0
201502,35,007,4,8,Colfax County                 ,1,1,402782,0,0,0,0,0,0,0,0,0,0,0,0,0,0,0,0,0,0,0,0,0
201502,35,009,4,8,Curry County                  ,7,7,1633760,0,0,0,0,0,0,0,0,0,7,7,1633760,0,0,0,0,0,0,0,0,0
201502,35,013,4,8,Dona Ana County               ,96,96,18260410,0,0,0,1,4,550000,0,0,0,96,96,18260410,0,0,0,1,4,550000,0,0,0
201502,35,015,4,8,Eddy County                   ,27,27,4400245,0,0,0,0,0,0,0,0,0,27,27,4400245,0,0,0,0,0,0,0,0,0
201502,35,017,4,8,Grant County                  ,2,2,301000,0,0,0,0,0,0,0,0,0,2,2,301000,0,0,0,0,0,0,0,0,0
201502,35,025,4,8,Lea County                    ,19,19,3729866,0,0,0,0,0,0,0,0,0,19,19,3729866,0,0,0,0,0,0,0,0,0
201502,35,027,4,8,Lincoln County                ,7,7,1564989,0,0,0,0,0,0,0,0,0,0,0,0,0,0,0,0,0,0,0,0,0
201502,35,028,4,8,Los Alamos County             ,0,0,0,1,2,400000,0,0,0,0,0,0,0,0,0,0,0,0,0,0,0,0,0,0
201502,35,029,4,8,Luna County                   ,0,0,0,0,0,0,0,0,0,0,0,0,0,0,0,0,0,0,0,0,0,0,0,0
201502,35,031,4,8,McKinley County               ,0,0,0,0,0,0,0,0,0,0,0,0,0,0,0,0,0,0,0,0,0,0,0,0
201502,35,035,4,8,Otero County                  ,0,0,0,0,0,0,0,0,0,0,0,0,0,0,0,0,0,0,0,0,0,0,0,0
201502,35,039,4,8,Rio Arriba County             ,0,0,0,0,0,0,0,0,0,0,0,0,0,0,0,0,0,0,0,0,0,0,0,0
201502,35,041,4,8,Roosevelt County              ,3,3,457353,0,0,0,0,0,0,0,0,0,1,1,156000,0,0,0,0,0,0,0,0,0
201502,35,043,4,8,Sandoval County               ,122,122,22543433,1,2,283271,3,10,838533,2,10,416666,0,0,0,0,0,0,0,0,0,0,0,0
201502,35,045,4,8,San Juan County               ,12,12,2810557,0,0,0,0,0,0,0,0,0,12,12,2810557,0,0,0,0,0,0,0,0,0
201502,35,047,4,8,San Miguel County             ,0,0,0,0,0,0,0,0,0,0,0,0,0,0,0,0,0,0,0,0,0,0,0,0
201502,35,049,4,8,Santa Fe County               ,17,17,4057382,0,0,0,0,0,0,0,0,0,17,17,4057382,0,0,0,0,0,0,0,0,0
201502,35,051,4,8,Sierra County                 ,0,0,0,0,0,0,0,0,0,0,0,0,0,0,0,0,0,0,0,0,0,0,0,0
201502,35,053,4,8,Socorro County                ,0,0,0,0,0,0,0,0,0,0,0,0,0,0,0,0,0,0,0,0,0,0,0,0
201502,35,055,4,8,Taos County                   ,7,7,767591,0,0,0,0,0,0,0,0,0,0,0,0,0,0,0,0,0,0,0,0,0
201502,35,061,4,8,Valencia County               ,11,11,1192532,0,0,0,0,0,0,0,0,0,0,0,0,0,0,0,0,0,0,0,0,0
201502,36,001,1,2,Albany County                 ,25,25,6826621,0,0,0,1,4,100000,2,55,11980000,23,23,6471579,0,0,0,1,4,100000,2,55,11980000
201502,36,005,1,2,Bronx County                  ,0,0,0,1,2,246003,0,0,0,3,155,15301600,0,0,0,1,2,246003,0,0,0,3,155,15301600
201502,36,029,1,2,Erie County                   ,93,93,24014703,1,2,173400,0,0,0,6,152,11642879,69,69,18103116,0,0,0,0,0,0,3,136,10400000
201502,36,047,1,2,Kings County                  ,0,0,0,3,6,738009,9,31,3349984,35,1288,127151360,0,0,0,3,6,738009,9,31,3349984,35,1288,127151360
201502,36,051,1,2,Livingston County             ,7,7,1428115,0,0,0,0,0,0,0,0,0,6,6,1288000,0,0,0,0,0,0,0,0,0
201502,36,055,1,2,Monroe County                 ,43,43,9958423,1,2,250000,0,0,0,1,12,910000,39,39,8887959,1,2,250000,0,0,0,1,12,910000
201502,36,059,1,2,Nassau County                 ,65,65,31744363,0,0,0,0,0,0,0,0,0,49,49,28298818,0,0,0,0,0,0,0,0,0
201502,36,061,1,2,New York County               ,0,0,0,0,0,0,0,0,0,7,701,69202720,0,0,0,0,0,0,0,0,0,7,701,69202720
201502,36,063,1,2,Niagara County                ,11,11,3318757,0,0,0,3,12,1893888,1,8,1045173,10,10,3134000,0,0,0,3,12,1893888,1,8,1045173
201502,36,069,1,2,Ontario County                ,76,76,15301931,0,0,0,0,0,0,0,0,0,73,73,14693043,0,0,0,0,0,0,0,0,0
201502,36,073,1,2,Orleans County                ,3,3,285900,0,0,0,0,0,0,0,0,0,2,2,210900,0,0,0,0,0,0,0,0,0
201502,36,079,1,2,Putnam County                 ,0,0,0,0,0,0,0,0,0,1,5,611046,0,0,0,0,0,0,0,0,0,0,0,0
201502,36,081,1,2,Queens County                 ,19,19,4587101,14,28,3444042,10,31,3349984,13,255,25173600,19,19,4587101,14,28,3444042,10,31,3349984,13,255,25173600
201502,36,083,1,2,Rensselaer County             ,6,6,1141101,0,0,0,0,0,0,1,5,385417,1,1,279000,0,0,0,0,0,0,0,0,0
201502,36,085,1,2,Richmond County               ,17,17,4104249,27,54,6642081,0,0,0,0,0,0,17,17,4104249,27,54,6642081,0,0,0,0,0,0
201502,36,087,1,2,Rockland County               ,4,4,926566,2,4,584914,2,6,576208,3,27,2628160,2,2,341000,0,0,0,0,0,0,1,10,1000000
201502,36,091,1,2,Saratoga County               ,53,53,13625929,0,0,0,1,3,225000,3,67,1500000,42,42,11444570,0,0,0,0,0,0,1,57,750000
201502,36,093,1,2,Schenectady County            ,5,5,758995,0,0,0,0,0,0,0,0,0,2,2,361300,0,0,0,0,0,0,0,0,0
201502,36,095,1,2,Schoharie County              ,0,0,0,0,0,0,0,0,0,0,0,0,0,0,0,0,0,0,0,0,0,0,0,0
201502,36,099,1,2,Seneca County                 ,1,1,250000,0,0,0,0,0,0,0,0,0,1,1,250000,0,0,0,0,0,0,0,0,0
201502,36,117,1,2,Wayne County                  ,8,8,1525176,0,0,0,0,0,0,0,0,0,6,6,1195426,0,0,0,0,0,0,0,0,0
201502,36,119,1,2,Westchester County            ,41,41,19959140,2,4,560000,0,0,0,0,0,0,35,35,17548646,2,4,560000,0,0,0,0,0,0
201502,37,007,3,5,Anson County                  ,5,5,749325,0,0,0,0,0,0,0,0,0,0,0,0,0,0,0,0,0,0,0,0,0
201502,37,011,3,5,Avery County                  ,2,2,1091000,0,0,0,0,0,0,0,0,0,2,2,1091000,0,0,0,0,0,0,0,0,0
201502,37,015,3,5,Bertie County                 ,6,6,1113200,0,0,0,0,0,0,0,0,0,6,6,1113200,0,0,0,0,0,0,0,0,0
201502,37,025,3,5,Cabarrus County               ,187,187,24716313,0,0,0,0,0,0,0,0,0,187,187,24716313,0,0,0,0,0,0,0,0,0
201502,37,033,3,5,Caswell County                ,5,5,844425,0,0,0,0,0,0,0,0,0,5,5,844425,0,0,0,0,0,0,0,0,0
201502,37,037,3,5,Chatham County                ,77,77,19781515,0,0,0,0,0,0,0,0,0,77,77,19781515,0,0,0,0,0,0,0,0,0
201502,37,051,3,5,Cumberland County             ,100,100,18303531,0,0,0,0,0,0,1,16,1920552,100,100,18303531,0,0,0,0,0,0,1,16,1920552
201502,37,053,3,5,Currituck County              ,39,39,10453607,0,0,0,0,0,0,0,0,0,39,39,10453607,0,0,0,0,0,0,0,0,0
201502,37,059,3,5,Davie County                  ,7,7,1784239,0,0,0,0,0,0,0,0,0,2,2,600000,0,0,0,0,0,0,0,0,0
201502,37,063,3,5,Durham County                 ,201,201,35314416,0,0,0,0,0,0,4,280,15940640,104,104,17533501,0,0,0,0,0,0,0,0,0
201502,37,069,3,5,Franklin County               ,29,29,5555489,0,0,0,0,0,0,0,0,0,29,29,5555489,0,0,0,0,0,0,0,0,0
201502,37,071,3,5,Gaston County                 ,128,128,31674498,0,0,0,0,0,0,3,15,2067154,128,128,31674498,0,0,0,0,0,0,3,15,2067154
201502,37,081,3,5,Guilford County               ,184,184,51815949,0,0,0,0,0,0,4,60,9102932,184,184,51815949,0,0,0,0,0,0,4,60,9102932
201502,37,089,3,5,Henderson County              ,48,48,13054098,0,0,0,0,0,0,0,0,0,48,48,13054098,0,0,0,0,0,0,0,0,0
201502,37,093,3,5,Hoke County                   ,27,27,5821043,0,0,0,0,0,0,0,0,0,27,27,5821043,0,0,0,0,0,0,0,0,0
201502,37,097,3,5,Iredell County                ,159,159,49102645,0,0,0,0,0,0,0,0,0,159,159,49102645,0,0,0,0,0,0,0,0,0
201502,37,101,3,5,Johnston County               ,217,217,36435696,0,0,0,0,0,0,0,0,0,214,214,35928819,0,0,0,0,0,0,0,0,0
201502,37,119,3,5,Mecklenburg County            ,620,620,133668406,12,24,6014040,1,4,449001,45,1031,73727633,620,620,133668406,12,24,6014040,1,4,449001,45,1031,73727633
201502,37,133,3,5,Onslow County                 ,98,98,11941015,0,0,0,1,4,314720,0,0,0,98,98,11941015,0,0,0,1,4,314720,0,0,0
201502,37,135,3,5,Orange County                 ,38,38,12192936,0,0,0,0,0,0,2,15,3298870,32,32,10593282,0,0,0,0,0,0,0,0,0
201502,37,145,3,5,Person County                 ,6,6,696716,0,0,0,0,0,0,0,0,0,6,6,696716,0,0,0,0,0,0,0,0,0
201502,37,151,3,5,Randolph County               ,29,29,6901459,0,0,0,0,0,0,0,0,0,29,29,6901459,0,0,0,0,0,0,0,0,0
201502,37,157,3,5,Rockingham County             ,22,22,4869540,0,0,0,0,0,0,0,0,0,22,22,4869540,0,0,0,0,0,0,0,0,0
201502,37,179,3,5,Union County                  ,183,183,33734206,0,0,0,0,0,0,0,0,0,183,183,33734206,0,0,0,0,0,0,0,0,0
201502,37,181,3,5,Vance County                  ,4,4,594668,0,0,0,0,0,0,0,0,0,0,0,0,0,0,0,0,0,0,0,0,0
201502,37,183,3,5,Wake County                   ,905,905,206209593,7,14,1318171,0,0,0,24,952,65433527,828,828,190083737,7,14,1318171,0,0,0,23,947,65142398
201502,37,195,3,5,Wilson County                 ,13,13,3406258,0,0,0,0,0,0,0,0,0,13,13,3406258,0,0,0,0,0,0,0,0,0
201502,39,007,2,3,Ashtabula County              ,3,3,477564,0,0,0,0,0,0,0,0,0,0,0,0,0,0,0,0,0,0,0,0,0
201502,39,015,2,3,Brown County                  ,7,7,1115308,0,0,0,0,0,0,0,0,0,0,0,0,0,0,0,0,0,0,0,0,0
201502,39,017,2,3,Butler County                 ,70,70,16473466,0,0,0,0,0,0,0,0,0,64,64,15597072,0,0,0,0,0,0,0,0,0
201502,39,025,2,3,Clermont County               ,33,33,6008009,0,0,0,1,3,935000,0,0,0,33,33,6008009,0,0,0,1,3,935000,0,0,0
201502,39,041,2,3,Delaware County               ,93,93,22842937,0,0,0,0,0,0,0,0,0,93,93,22842937,0,0,0,0,0,0,0,0,0
201502,39,049,2,3,Franklin County               ,171,171,48348935,0,0,0,2,8,940489,25,399,35634979,151,151,43565999,0,0,0,2,8,940489,23,378,34505088
201502,39,055,2,3,Geauga County                 ,11,11,3797505,0,0,0,0,0,0,0,0,0,11,11,3797505,0,0,0,0,0,0,0,0,0
201502,39,085,2,3,Lake County                   ,21,21,5006906,0,0,0,0,0,0,0,0,0,20,20,4693763,0,0,0,0,0,0,0,0,0
201502,39,089,2,3,Licking County                ,27,27,5372836,0,0,0,0,0,0,0,0,0,0,0,0,0,0,0,0,0,0,0,0,0
201502,39,093,2,3,Lorain County                 ,61,61,13149575,0,0,0,5,20,840000,8,59,2562000,57,57,12460955,0,0,0,5,20,840000,8,59,2562000
201502,39,097,2,3,Madison County                ,5,5,1002543,0,0,0,0,0,0,0,0,0,2,2,470731,0,0,0,0,0,0,0,0,0
201502,39,103,2,3,Medina County                 ,54,54,11129430,0,0,0,0,0,0,0,0,0,54,54,11129430,0,0,0,0,0,0,0,0,0
201502,39,117,2,3,Morrow County                 ,2,2,309067,0,0,0,0,0,0,0,0,0,1,1,90000,0,0,0,0,0,0,0,0,0
201502,39,159,2,3,Union County                  ,44,44,10356074,0,0,0,0,0,0,0,0,0,44,44,10356074,0,0,0,0,0,0,0,0,0
201502,39,165,2,3,Warren County                 ,82,82,20333920,0,0,0,2,6,564797,0,0,0,80,80,20036910,0,0,0,2,6,564797,0,0,0
201502,40,001,3,7,Adair County                  ,0,0,0,0,0,0,0,0,0,0,0,0,0,0,0,0,0,0,0,0,0,0,0,0
201502,40,017,3,7,Canadian County               ,30,30,7529748,0,0,0,0,0,0,0,0,0,25,25,6166500,0,0,0,0,0,0,0,0,0
201502,40,021,3,7,Cherokee County               ,6,6,787430,0,0,0,0,0,0,0,0,0,0,0,0,0,0,0,0,0,0,0,0,0
201502,40,027,3,7,Cleveland County              ,205,205,38554906,0,0,0,0,0,0,3,119,7276451,205,205,38554906,0,0,0,0,0,0,3,119,7276451
201502,40,029,3,7,Coal County                   ,0,0,0,0,0,0,0,0,0,0,0,0,0,0,0,0,0,0,0,0,0,0,0,0
201502,40,037,3,7,Creek County                  ,19,19,2808540,0,0,0,0,0,0,3,60,4368798,17,17,2684930,0,0,0,0,0,0,3,60,4368798
201502,40,051,3,7,Grady County                  ,12,12,2327571,0,0,0,0,0,0,0,0,0,1,1,150000,0,0,0,0,0,0,0,0,0
201502,40,055,3,7,Greer County                  ,0,0,0,0,0,0,0,0,0,0,0,0,0,0,0,0,0,0,0,0,0,0,0,0
201502,40,081,3,7,Lincoln County                ,3,3,646783,0,0,0,0,0,0,0,0,0,3,3,646783,0,0,0,0,0,0,0,0,0
201502,40,083,3,7,Logan County                  ,51,51,9153000,0,0,0,0,0,0,0,0,0,51,51,9153000,0,0,0,0,0,0,0,0,0
201502,40,087,3,7,McClain County                ,37,37,7642347,0,0,0,0,0,0,0,0,0,14,14,3434379,0,0,0,0,0,0,0,0,0
201502,40,109,3,7,Oklahoma County               ,632,632,141832800,3,6,470000,0,0,0,7,140,7719432,612,612,138675738,3,6,470000,0,0,0,7,140,7719432
201502,40,111,3,7,Okmulgee County               ,1,1,83000,1,2,100000,0,0,0,0,0,0,1,1,83000,1,2,100000,0,0,0,0,0,0
201502,40,113,3,7,Osage County                  ,5,5,1069616,0,0,0,0,0,0,0,0,0,5,5,1069616,0,0,0,0,0,0,0,0,0
201502,40,117,3,7,Pawnee County                 ,1,1,75000,0,0,0,0,0,0,0,0,0,1,1,75000,0,0,0,0,0,0,0,0,0
201502,40,131,3,7,Rogers County                 ,79,79,12582786,4,8,467000,0,0,0,0,0,0,78,78,12479453,4,8,467000,0,0,0,0,0,0
201502,40,143,3,7,Tulsa County                  ,323,323,68180533,0,0,0,2,8,600000,6,36,2680169,321,321,68054533,0,0,0,2,8,600000,6,36,2680169
201502,40,145,3,7,Wagoner County                ,55,55,8829041,0,0,0,0,0,0,0,0,0,55,55,8829041,0,0,0,0,0,0,0,0,0
201502,41,000,4,9,Oregon Balance of State       ,13,13,1855295,0,0,0,0,0,0,0,0,0,0,0,0,0,0,0,0,0,0,0,0,0
201502,41,005,4,9,Clackamas County              ,202,202,62228884,0,0,0,1,3,559586,9,53,6443533,183,183,58000063,0,0,0,1,3,559586,9,53,6443533
201502,41,019,4,9,Douglas County                ,21,21,5443613,0,0,0,0,0,0,0,0,0,21,21,5443613,0,0,0,0,0,0,0,0,0
201502,41,025,4,9,Harney County                 ,1,1,191446,0,0,0,0,0,0,0,0,0,0,0,0,0,0,0,0,0,0,0,0,0
201502,41,035,4,9,Klamath County                ,7,7,2066411,0,0,0,0,0,0,0,0,0,7,7,2066411,0,0,0,0,0,0,0,0,0
201502,41,051,4,9,Multnomah County              ,183,183,48785187,5,10,1277189,0,0,0,7,328,42025454,182,182,48611613,5,10,1277189,0,0,0,7,328,42025454
201502,41,067,4,9,Washington County             ,224,224,63527316,3,6,954807,0,0,0,3,298,42209429,224,224,63527316,3,6,954807,0,0,0,3,298,42209429
201502,41,071,4,9,Yamhill County                ,37,37,8823947,0,0,0,0,0,0,0,0,0,30,30,7166359,0,0,0,0,0,0,0,0,0
201502,42,001,1,2,Adams County                  ,18,18,3419153,0,0,0,0,0,0,0,0,0,10,10,1875500,0,0,0,0,0,0,0,0,0
201502,42,017,1,2,Bucks County                  ,150,150,35133000,0,0,0,1,4,610000,0,0,0,138,138,33087220,0,0,0,1,4,610000,0,0,0
201502,42,029,1,2,Chester County                ,101,101,18754111,0,0,0,0,0,0,0,0,18900,67,67,12600847,0,0,0,0,0,0,0,0,18900
201502,42,037,1,2,Columbia County               ,8,8,1426185,0,0,0,0,0,0,0,0,0,3,3,493500,0,0,0,0,0,0,0,0,0
201502,42,041,1,2,Cumberland County             ,100,100,21758042,0,0,0,1,4,780077,1,8,818950,99,99,21579996,0,0,0,1,4,780077,0,0,0
201502,42,043,1,2,Dauphin County                ,36,36,7136551,0,0,0,0,0,0,2,10,1161990,11,11,2515524,0,0,0,0,0,0,0,0,0
201502,42,045,1,2,Delaware County               ,33,33,7035035,0,0,0,0,0,0,0,0,0,22,22,4467195,0,0,0,0,0,0,0,0,0
201502,42,055,1,2,Franklin County               ,27,27,4679267,0,0,0,0,0,0,0,0,0,17,17,3321619,0,0,0,0,0,0,0,0,0
201502,42,091,1,2,Montgomery County             ,125,125,19721629,0,0,0,1,3,455900,5,65,5851613,117,117,18405982,0,0,0,1,3,455900,2,48,4050000
201502,42,093,1,2,Montour County                ,2,2,380769,0,0,0,0,0,0,0,0,0,2,2,380769,0,0,0,0,0,0,0,0,0
201502,42,099,1,2,Perry County                  ,6,6,1352941,0,0,0,0,0,0,0,0,0,0,0,0,0,0,0,0,0,0,0,0,0
201502,42,101,1,2,Philadelphia County           ,139,139,33558270,7,14,1625000,11,35,2846765,9,85,10248300,139,139,33558270,7,14,1625000,11,35,2846765,9,85,10248300
201502,42,103,1,2,Pike County                   ,4,4,859509,0,0,0,0,0,0,0,0,0,2,2,425000,0,0,0,0,0,0,0,0,0
201502,44,001,1,1,Bristol County                ,4,4,800210,0,0,0,0,0,0,0,0,0,4,4,800210,0,0,0,0,0,0,0,0,0
201502,44,003,1,1,Kent County                   ,12,12,3338626,0,0,0,0,0,0,0,0,0,9,9,2632370,0,0,0,0,0,0,0,0,0
201502,44,005,1,1,Newport County                ,7,7,2573400,0,0,0,0,0,0,0,0,0,7,7,2573400,0,0,0,0,0,0,0,0,0
201502,44,007,1,1,Providence County             ,21,21,2992190,0,0,0,0,0,0,0,0,0,21,21,2992190,0,0,0,0,0,0,0,0,0
201502,44,009,1,1,Washington County             ,12,12,3592432,0,0,0,0,0,0,0,0,0,8,8,2498445,0,0,0,0,0,0,0,0,0
201502,45,003,3,5,Aiken County                  ,110,110,25297580,0,0,0,0,0,0,2,10,451666,47,47,10946046,0,0,0,0,0,0,0,0,0
201502,45,009,3,5,Bamberg County                ,2,2,420000,0,0,0,0,0,0,0,0,0,2,2,420000,0,0,0,0,0,0,0,0,0
201502,45,015,3,5,Berkeley County               ,227,227,64563547,0,0,0,0,0,0,0,0,0,215,215,62869241,0,0,0,0,0,0,0,0,0
201502,45,017,3,5,Calhoun County                ,2,2,134000,0,0,0,0,0,0,0,0,0,2,2,134000,0,0,0,0,0,0,0,0,0
201502,45,019,3,5,Charleston County             ,325,325,80740017,0,0,0,0,0,0,3,111,27855910,193,193,48287505,0,0,0,0,0,0,1,54,25000000
201502,45,035,3,5,Dorchester County             ,92,92,20657425,0,0,0,0,0,0,0,0,0,92,92,20657425,0,0,0,0,0,0,0,0,0
201502,45,037,3,5,Edgefield County              ,17,17,3477675,0,0,0,0,0,0,0,0,0,17,17,3477675,0,0,0,0,0,0,0,0,0
201502,45,039,3,5,Fairfield County              ,11,11,1732219,0,0,0,0,0,0,0,0,0,8,8,1384226,0,0,0,0,0,0,0,0,0
201502,45,045,3,5,Greenville County             ,319,319,83268117,0,0,0,0,0,0,9,582,55098184,318,318,83178121,0,0,0,0,0,0,9,582,55098184
201502,45,051,3,5,Horry County                  ,548,548,95038032,6,12,1466108,0,0,0,1,5,535000,548,548,95038032,6,12,1466108,0,0,0,1,5,535000
201502,45,055,3,5,Kershaw County                ,46,46,6287269,0,0,0,0,0,0,0,0,0,46,46,6287269,0,0,0,0,0,0,0,0,0
201502,45,059,3,5,Laurens County                ,10,10,1317085,0,0,0,0,0,0,0,0,0,10,10,1317085,0,0,0,0,0,0,0,0,0
201502,45,063,3,5,Lexington County              ,234,234,55893505,0,0,0,0,0,0,2,15,1389402,35,35,5334122,0,0,0,0,0,0,0,0,0
201502,45,077,3,5,Pickens County                ,77,77,17237038,0,0,0,0,0,0,6,66,6581870,40,40,12971355,0,0,0,0,0,0,4,27,3237445
201502,45,079,3,5,Richland County               ,232,232,32777903,0,0,0,0,0,0,3,68,3838108,40,40,9605495,0,0,0,0,0,0,0,0,0
201502,45,081,3,5,Saluda County                 ,3,3,746696,0,0,0,0,0,0,0,0,0,3,3,746696,0,0,0,0,0,0,0,0,0
201502,45,085,3,5,Sumter County                 ,56,56,6808028,0,0,0,0,0,0,0,0,0,56,56,6808028,0,0,0,0,0,0,0,0,0
201502,45,091,3,5,York County                   ,289,289,86965067,0,0,0,0,0,0,2,17,1916623,113,113,37561687,0,0,0,0,0,0,0,0,0
201502,46,007,2,4,Bennett County                ,0,0,0,0,0,0,0,0,0,0,0,0,0,0,0,0,0,0,0,0,0,0,0,0
201502,46,055,2,4,Haakon County                 ,0,0,0,0,0,0,0,0,0,0,0,0,0,0,0,0,0,0,0,0,0,0,0,0
201502,46,071,2,4,Jackson County                ,0,0,0,0,0,0,0,0,0,0,0,0,0,0,0,0,0,0,0,0,0,0,0,0
201502,46,111,2,4,Sanborn County                ,0,0,0,0,0,0,0,0,0,0,0,0,0,0,0,0,0,0,0,0,0,0,0,0
201502,47,001,3,6,Anderson County               ,11,11,2757371,0,0,0,0,0,0,0,0,0,11,11,2757371,0,0,0,0,0,0,0,0,0
201502,47,015,3,6,Cannon County                 ,1,1,126190,0,0,0,0,0,0,0,0,0,0,0,0,0,0,0,0,0,0,0,0,0
201502,47,021,3,6,Cheatham County               ,13,13,1949000,0,0,0,0,0,0,0,0,0,13,13,1949000,0,0,0,0,0,0,0,0,0
201502,47,037,3,6,Davidson County               ,472,472,107562960,1,2,473869,0,0,0,6,460,46515723,472,472,107562960,1,2,473869,0,0,0,6,460,46515723
201502,47,043,3,6,Dickson County                ,17,17,3741444,0,0,0,0,0,0,0,0,0,10,10,2166903,0,0,0,0,0,0,0,0,0
201502,47,049,3,6,Fentress County               ,0,0,0,0,0,0,0,0,0,0,0,0,0,0,0,0,0,0,0,0,0,0,0,0
201502,47,081,3,6,Hickman County                ,5,5,887800,0,0,0,0,0,0,0,0,0,0,0,0,0,0,0,0,0,0,0,0,0
201502,47,093,3,6,Knox County                   ,178,178,30682578,0,0,0,0,0,0,0,0,0,178,178,30682578,0,0,0,0,0,0,0,0,0
201502,47,105,3,6,Loudon County                 ,34,34,7734238,0,0,0,0,0,0,0,0,0,32,32,7514850,0,0,0,0,0,0,0,0,0
201502,47,125,3,6,Montgomery County             ,130,130,18215887,1,2,110000,0,0,0,3,21,1221900,130,130,18215887,1,2,110000,0,0,0,3,21,1221900
201502,47,139,3,6,Polk County                   ,22,22,3962730,0,0,0,0,0,0,0,0,0,0,0,0,0,0,0,0,0,0,0,0,0
201502,47,149,3,6,Rutherford County             ,293,293,55881324,0,0,0,0,0,0,15,324,19635766,284,284,54286720,0,0,0,0,0,0,15,324,19635766
201502,47,153,3,6,Sequatchie County             ,1,1,98750,0,0,0,0,0,0,0,0,0,0,0,0,0,0,0,0,0,0,0,0,0
201502,47,157,3,6,Shelby County                 ,131,131,31632963,0,0,0,0,0,0,2,84,6755468,131,131,31632963,0,0,0,0,0,0,2,84,6755468
201502,47,159,3,6,Smith County                  ,6,6,516498,0,0,0,0,0,0,0,0,0,6,6,516498,0,0,0,0,0,0,0,0,0
201502,47,161,3,6,Stewart County                ,0,0,0,0,0,0,0,0,0,0,0,0,0,0,0,0,0,0,0,0,0,0,0,0
201502,47,165,3,6,Sumner County                 ,124,124,21969578,0,0,0,0,0,0,0,0,0,73,73,13163692,0,0,0,0,0,0,0,0,0
201502,47,167,3,6,Tipton County                 ,16,16,2453222,0,0,0,0,0,0,0,0,0,8,8,1375050,0,0,0,0,0,0,0,0,0
201502,47,169,3,6,Trousdale County              ,7,7,796000,0,0,0,1,3,220000,0,0,0,7,7,796000,0,0,0,1,3,220000,0,0,0
201502,47,173,3,6,Union County                  ,6,6,870000,0,0,0,0,0,0,0,0,0,6,6,870000,0,0,0,0,0,0,0,0,0
201502,47,175,3,6,Van Buren County              ,0,0,0,0,0,0,0,0,0,0,0,0,0,0,0,0,0,0,0,0,0,0,0,0
201502,47,189,3,6,Wilson County                 ,131,131,31577095,0,0,0,0,0,0,1,16,1213000,131,131,31577095,0,0,0,0,0,0,1,16,1213000
201502,48,013,3,7,Atascosa County               ,10,10,1471636,0,0,0,0,0,0,0,0,0,0,0,0,0,0,0,0,0,0,0,0,0
201502,48,015,3,7,Austin County                 ,5,5,767298,0,0,0,0,0,0,0,0,0,1,1,150000,0,0,0,0,0,0,0,0,0
201502,48,019,3,7,Bandera County                ,0,0,0,0,0,0,0,0,0,0,0,0,0,0,0,0,0,0,0,0,0,0,0,0
201502,48,021,3,7,Bastrop County                ,14,14,1712705,4,8,600000,0,0,0,0,0,0,14,14,1712705,4,8,600000,0,0,0,0,0,0
201502,48,025,3,7,Bee County                    ,0,0,0,0,0,0,0,0,0,0,0,0,0,0,0,0,0,0,0,0,0,0,0,0
201502,48,027,3,7,Bell County                   ,241,241,40485881,25,50,3328481,0,0,0,0,0,0,147,147,23805375,25,50,3328481,0,0,0,0,0,0
201502,48,029,3,7,Bexar County                  ,581,581,124785623,1,2,161200,4,16,1573468,26,186,17767971,514,514,114871724,1,2,161200,4,16,1573468,24,175,15423880
201502,48,051,3,7,Burleson County               ,2,2,204183,0,0,0,0,0,0,0,0,0,0,0,0,0,0,0,0,0,0,0,0,0
201502,48,055,3,7,Caldwell County               ,4,4,322667,0,0,0,0,0,0,0,0,0,3,3,195000,0,0,0,0,0,0,0,0,0
201502,48,085,3,7,Collin County                 ,1188,1188,361916744,1,2,325824,0,0,0,5,537,34500000,1104,1104,334957783,1,2,325824,0,0,0,5,537,34500000
201502,48,091,3,7,Comal County                  ,193,193,41601292,4,8,887195,0,0,0,0,0,0,193,193,41601292,4,8,887195,0,0,0,0,0,0
201502,48,099,3,7,Coryell County                ,16,16,2228049,5,10,750000,0,0,0,0,0,0,11,11,1552792,5,10,750000,0,0,0,0,0,0
201502,48,107,3,7,Crosby County                 ,1,1,67000,0,0,0,0,0,0,0,0,0,0,0,0,0,0,0,0,0,0,0,0,0
201502,48,113,3,7,Dallas County                 ,667,667,194393832,12,24,6273924,13,49,2953250,70,3116,180866801,645,645,189642830,12,24,6273924,13,49,2953250,66,3075,176056010
201502,48,119,3,7,Delta County                  ,0,0,0,0,0,0,0,0,0,0,0,0,0,0,0,0,0,0,0,0,0,0,0,0
201502,48,135,3,7,Ector County                  ,55,55,10430420,0,0,0,0,0,0,3,144,11208000,55,55,10430420,0,0,0,0,0,0,3,144,11208000
201502,48,139,3,7,Ellis County                  ,159,159,28959924,0,0,0,0,0,0,0,0,0,159,159,28959924,0,0,0,0,0,0,0,0,0
201502,48,141,3,7,El Paso County                ,322,322,50164653,3,6,543778,0,0,0,1,7,89878,296,296,47470958,3,6,543778,0,0,0,1,7,89878
201502,48,157,3,7,Fort Bend County              ,1308,1308,163699180,1,2,184162,0,0,0,16,171,14014846,177,177,53888723,0,0,0,0,0,0,12,120,11158362
201502,48,167,3,7,Galveston County              ,362,362,78628297,0,0,0,0,0,0,0,0,0,309,309,68687352,0,0,0,0,0,0,0,0,0
201502,48,185,3,7,Grimes County                 ,4,4,453008,0,0,0,0,0,0,0,0,0,4,4,453008,0,0,0,0,0,0,0,0,0
201502,48,187,3,7,Guadalupe County              ,136,136,31034548,0,0,0,0,0,0,0,0,0,124,124,28982752,0,0,0,0,0,0,0,0,0
201502,48,193,3,7,Hamilton County               ,0,0,0,0,0,0,0,0,0,0,0,0,0,0,0,0,0,0,0,0,0,0,0,0
201502,48,195,3,7,Hansford County               ,1,1,133000,0,0,0,0,0,0,0,0,0,0,0,0,0,0,0,0,0,0,0,0,0
201502,48,201,3,7,Harris County                 ,2835,2835,510933687,7,14,1456358,0,0,0,50,2388,294411507,2813,2813,498480959,7,14,1456358,0,0,0,50,2388,294411507
201502,48,211,3,7,Hemphill County               ,0,0,0,0,0,0,0,0,0,0,0,0,0,0,0,0,0,0,0,0,0,0,0,0
201502,48,215,3,7,Hidalgo County                ,394,394,65996443,15,30,1278293,4,15,965000,5,167,9104160,378,378,64148976,15,30,1278293,4,15,965000,5,167,9104160
201502,48,233,3,7,Hutchinson County             ,0,0,0,0,0,0,0,0,0,0,0,0,0,0,0,0,0,0,0,0,0,0,0,0
201502,48,251,3,7,Johnson County                ,83,83,16879643,0,0,0,0,0,0,0,0,0,54,54,11296914,0,0,0,0,0,0,0,0,0
201502,48,257,3,7,Kaufman County                ,17,17,2746820,0,0,0,0,0,0,0,0,0,15,15,2564094,0,0,0,0,0,0,0,0,0
201502,48,259,3,7,Kendall County                ,28,28,7260929,0,0,0,0,0,0,0,0,0,28,28,7260929,0,0,0,0,0,0,0,0,0
201502,48,271,3,7,Kinney County                 ,0,0,0,0,0,0,0,0,0,0,0,0,0,0,0,0,0,0,0,0,0,0,0,0
201502,48,281,3,7,Lampasas County               ,28,28,277172,2,4,335264,0,0,0,2,12,846107,0,0,0,0,0,0,0,0,0,0,0,0
201502,48,291,3,7,Liberty County                ,29,29,2645393,0,0,0,0,0,0,0,0,0,29,29,2645393,0,0,0,0,0,0,0,0,0
201502,48,303,3,7,Lubbock County                ,163,163,36317740,6,12,1412817,0,0,0,13,177,10817243,4,4,852000,2,4,538000,0,0,0,0,0,0
201502,48,323,3,7,Maverick County               ,12,12,1289488,0,0,0,0,0,0,0,0,0,12,12,1289488,0,0,0,0,0,0,0,0,0
201502,48,325,3,7,Medina County                 ,3,3,514758,0,0,0,0,0,0,0,0,0,2,2,345000,0,0,0,0,0,0,0,0,0
201502,48,329,3,7,Midland County                ,129,129,25525773,0,0,0,0,0,0,0,0,0,129,129,25525773,0,0,0,0,0,0,0,0,0
201502,48,339,3,7,Montgomery County             ,889,889,190442644,1,2,221799,0,0,0,8,646,64391116,882,882,188543100,1,2,221799,0,0,0,8,646,64391116
201502,48,367,3,7,Parker County                 ,76,76,16404149,0,0,0,0,0,0,2,10,1061198,70,70,15722765,0,0,0,0,0,0,0,0,0
201502,48,375,3,7,Potter County                 ,85,85,21178652,0,0,0,0,0,0,29,300,24337000,85,85,21178652,0,0,0,0,0,0,29,300,24337000
201502,48,383,3,7,Reagan County                 ,1,1,120200,0,0,0,0,0,0,0,0,0,0,0,0,0,0,0,0,0,0,0,0,0
201502,48,385,3,7,Real County                   ,0,0,0,0,0,0,0,0,0,0,0,0,0,0,0,0,0,0,0,0,0,0,0,0
201502,48,395,3,7,Robertson County              ,10,10,1896747,0,0,0,0,0,0,0,0,0,7,7,1509159,0,0,0,0,0,0,0,0,0
201502,48,397,3,7,Rockwall County               ,141,141,42668209,0,0,0,0,0,0,0,0,0,141,141,42668209,0,0,0,0,0,0,0,0,0
201502,48,407,3,7,San Jacinto County            ,0,0,0,0,0,0,0,0,0,0,0,0,0,0,0,0,0,0,0,0,0,0,0,0
201502,48,411,3,7,San Saba County               ,0,0,0,0,0,0,0,0,0,0,0,0,0,0,0,0,0,0,0,0,0,0,0,0
201502,48,451,3,7,Tom Green County              ,21,21,4527478,0,0,0,0,0,0,0,0,0,21,21,4527478,0,0,0,0,0,0,0,0,0
201502,48,453,3,7,Travis County                 ,846,846,183300353,27,54,7413854,0,0,0,29,1060,72132243,789,789,170045801,27,54,7413854,0,0,0,28,1043,70826949
201502,48,473,3,7,Waller County                 ,0,0,0,0,0,0,0,0,0,2,12,266167,0,0,0,0,0,0,0,0,0,0,0,0
201502,48,491,3,7,Williamson County             ,695,695,186886015,3,6,602840,0,0,0,0,0,0,691,691,186379621,3,6,602840,0,0,0,0,0,0
201502,48,493,3,7,Wilson County                 ,5,5,1008021,0,0,0,0,0,0,0,0,0,3,3,720595,0,0,0,0,0,0,0,0,0
201502,48,497,3,7,Wise County                   ,8,8,1387222,0,0,0,0,0,0,0,0,0,7,7,1231815,0,0,0,0,0,0,0,0,0
201502,49,011,4,8,Davis County                  ,195,195,47922547,0,0,0,2,6,1017214,1,6,820000,191,191,46453038,0,0,0,1,3,471000,1,6,820000
201502,49,023,4,8,Juab County                   ,5,5,1319504,0,0,0,0,0,0,0,0,0,4,4,1273504,0,0,0,0,0,0,0,0,0
201502,49,029,4,8,Morgan County                 ,14,14,4871397,0,0,0,0,0,0,0,0,0,0,0,0,0,0,0,0,0,0,0,0,0
201502,49,035,4,8,Salt Lake County              ,359,359,89334552,0,0,0,13,47,7346063,5,59,5496517,293,293,75757194,0,0,0,12,44,6935481,0,0,0
201502,49,039,4,8,Sanpete County                ,3,3,608849,0,0,0,0,0,0,0,0,0,3,3,608849,0,0,0,0,0,0,0,0,0
201502,49,043,4,8,Summit County                 ,8,8,3622404,0,0,0,0,0,0,0,0,0,8,8,3622404,0,0,0,0,0,0,0,0,0
201502,49,057,4,8,Weber County                  ,85,85,18885056,0,0,0,0,0,0,1,5,465205,46,46,10083174,0,0,0,0,0,0,0,0,0
201502,51,003,3,5,Albemarle County              ,61,61,14040295,0,0,0,0,0,0,0,0,0,61,61,14040295,0,0,0,0,0,0,0,0,0
201502,51,007,3,5,Amelia County                 ,1,1,234900,0,0,0,0,0,0,0,0,0,1,1,234900,0,0,0,0,0,0,0,0,0
201502,51,009,3,5,Amherst County                ,3,3,279000,0,0,0,0,0,0,0,0,0,3,3,279000,0,0,0,0,0,0,0,0,0
201502,51,013,3,5,Arlington County              ,45,45,18930088,0,0,0,0,0,0,3,219,34936375,29,29,14000000,0,0,0,0,0,0,2,140,26475000
201502,51,015,3,5,Augusta County                ,19,19,3562183,0,0,0,0,0,0,0,0,0,19,19,3562183,0,0,0,0,0,0,0,0,0
201502,51,019,3,5,Bedford County                ,30,30,6834730,0,0,0,0,0,0,0,0,0,30,30,6834730,0,0,0,0,0,0,0,0,0
201502,51,033,3,5,Caroline County               ,11,11,2145600,0,0,0,0,0,0,0,0,0,11,11,2145600,0,0,0,0,0,0,0,0,0
201502,51,036,3,5,Charles City County           ,3,3,701781,0,0,0,0,0,0,0,0,0,1,1,259600,0,0,0,0,0,0,0,0,0
201502,51,037,3,5,Charlotte County              ,2,2,566400,0,0,0,0,0,0,0,0,0,2,2,566400,0,0,0,0,0,0,0,0,0
201502,51,041,3,5,Chesterfield County           ,135,135,28901065,0,0,0,2,7,610000,4,22,3635372,135,135,28901065,0,0,0,2,7,610000,4,22,3635372
201502,51,043,3,5,Clarke County                 ,4,4,969142,0,0,0,0,0,0,0,0,0,0,0,0,0,0,0,0,0,0,0,0,0
201502,51,049,3,5,Cumberland County             ,3,3,345000,0,0,0,0,0,0,0,0,0,3,3,345000,0,0,0,0,0,0,0,0,0
201502,51,051,3,5,Dickenson County              ,0,0,0,0,0,0,0,0,0,0,0,0,0,0,0,0,0,0,0,0,0,0,0,0
201502,51,053,3,5,Dinwiddie County              ,10,10,1408702,0,0,0,0,0,0,0,0,0,0,0,0,0,0,0,0,0,0,0,0,0
201502,51,059,3,5,Fairfax County                ,135,135,29080841,6,12,2100000,0,0,0,0,0,0,135,135,29080841,6,12,2100000,0,0,0,0,0,0
201502,51,061,3,5,Fauquier County               ,22,22,6902249,0,0,0,0,0,0,0,0,0,21,21,6738864,0,0,0,0,0,0,0,0,0
201502,51,073,3,5,Gloucester County             ,8,8,3532105,0,0,0,0,0,0,0,0,0,8,8,3532105,0,0,0,0,0,0,0,0,0
201502,51,075,3,5,Goochland County              ,15,15,5567420,0,0,0,0,0,0,0,0,0,15,15,5567420,0,0,0,0,0,0,0,0,0
201502,51,085,3,5,Hanover County                ,75,75,15812799,0,0,0,0,0,0,0,0,0,75,75,15812799,0,0,0,0,0,0,0,0,0
201502,51,087,3,5,Henrico County                ,98,98,16621941,0,0,0,0,0,0,1,22,1700000,98,98,16621941,0,0,0,0,0,0,1,22,1700000
201502,51,093,3,5,Isle of Wight County          ,20,20,4829820,0,0,0,0,0,0,0,0,0,0,0,0,0,0,0,0,0,0,0,0,0
201502,51,095,3,5,James City County             ,54,54,15324885,0,0,0,0,0,0,0,0,0,54,54,15324885,0,0,0,0,0,0,0,0,0
201502,51,097,3,5,King and Queen County         ,0,0,0,0,0,0,0,0,0,0,0,0,0,0,0,0,0,0,0,0,0,0,0,0
201502,51,099,3,5,King George County            ,11,11,2818588,0,0,0,0,0,0,0,0,0,11,11,2818588,0,0,0,0,0,0,0,0,0
201502,51,107,3,5,Loudoun County                ,376,376,76884420,3,6,480000,0,0,0,13,305,26494000,376,376,76884420,3,6,480000,0,0,0,13,305,26494000
201502,51,109,3,5,Louisa County                 ,27,27,5275866,0,0,0,0,0,0,0,0,0,27,27,5275866,0,0,0,0,0,0,0,0,0
201502,51,115,3,5,Mathews County                ,2,2,751000,0,0,0,0,0,0,0,0,0,2,2,751000,0,0,0,0,0,0,0,0,0
201502,51,127,3,5,New Kent County               ,29,29,6252232,0,0,0,0,0,0,0,0,0,29,29,6252232,0,0,0,0,0,0,0,0,0
201502,51,139,3,5,Page County                   ,3,3,540000,0,0,0,0,0,0,0,0,0,3,3,540000,0,0,0,0,0,0,0,0,0
201502,51,145,3,5,Powhatan County               ,20,20,4069249,0,0,0,0,0,0,0,0,0,20,20,4069249,0,0,0,0,0,0,0,0,0
201502,51,149,3,5,Prince George County          ,6,6,1003000,0,0,0,0,0,0,0,0,0,6,6,1003000,0,0,0,0,0,0,0,0,0
201502,51,153,3,5,Prince William County         ,114,114,24577739,0,0,0,0,0,0,2,34,4800000,114,114,24577739,0,0,0,0,0,0,2,34,4800000
201502,51,165,3,5,Rockingham County             ,45,45,9468920,0,0,0,0,0,0,0,0,0,45,45,9468920,0,0,0,0,0,0,0,0,0
201502,51,175,3,5,Southampton County            ,4,4,780946,0,0,0,0,0,0,0,0,0,0,0,0,0,0,0,0,0,0,0,0,0
201502,51,177,3,5,Spotsylvania County           ,59,59,15101714,0,0,0,0,0,0,0,0,0,0,0,0,0,0,0,0,0,0,0,0,0
201502,51,179,3,5,Stafford County               ,103,103,20691743,0,0,0,0,0,0,0,0,0,103,103,20691743,0,0,0,0,0,0,0,0,0
201502,51,181,3,5,Surry County                  ,2,2,350472,0,0,0,0,0,0,0,0,0,1,1,225000,0,0,0,0,0,0,0,0,0
201502,51,183,3,5,Sussex County                 ,0,0,0,0,0,0,0,0,0,0,0,0,0,0,0,0,0,0,0,0,0,0,0,0
201502,51,187,3,5,Warren County                 ,7,7,812000,0,0,0,0,0,0,0,0,0,7,7,812000,0,0,0,0,0,0,0,0,0
201502,51,199,3,5,York County                   ,13,13,4216518,0,0,0,0,0,0,0,0,0,13,13,4216518,0,0,0,0,0,0,0,0,0
201502,51,510,3,5,Alexandria (Independent City) ,22,22,4535685,0,0,0,0,0,0,1,115,11608288,5,5,1077971,0,0,0,0,0,0,0,0,0
201502,51,540,3,5,Charlottesville (Independent C,10,10,1900714,1,2,193750,0,0,0,2,46,6752259,0,0,0,0,0,0,0,0,0,0,0,0
201502,51,550,3,5,Chesapeake(Independent City)  ,220,220,47430725,0,0,0,0,0,0,0,0,0,220,220,47430725,0,0,0,0,0,0,0,0,0
201502,51,570,3,5,Colonial Heights (Independent ,0,0,0,0,0,0,0,0,0,0,0,0,0,0,0,0,0,0,0,0,0,0,0,0
201502,51,580,3,5,Covington (Independent City)  ,0,0,0,0,0,0,0,0,0,0,0,0,0,0,0,0,0,0,0,0,0,0,0,0
201502,51,600,3,5,Fairfax (Independent City)    ,3,3,878000,0,0,0,0,0,0,0,0,0,3,3,878000,0,0,0,0,0,0,0,0,0
201502,51,610,3,5,Falls Church (Independent City,8,8,2880000,0,0,0,0,0,0,0,0,0,8,8,2880000,0,0,0,0,0,0,0,0,0
201502,51,630,3,5,Fredericksburg(Independent Cit,3,3,1320000,0,0,0,0,0,0,0,0,0,3,3,1320000,0,0,0,0,0,0,0,0,0
201502,51,650,3,5,Hampton (Independent City)    ,24,24,3240288,0,0,0,0,0,0,2,19,1165443,0,0,0,0,0,0,0,0,0,0,0,0
201502,51,660,3,5,Harrisonburg (Independent City,8,8,993232,2,4,565000,0,0,0,0,0,0,0,0,0,0,0,0,0,0,0,0,0,0
201502,51,670,3,5,Hopewell (Independent City)   ,9,9,1003853,0,0,0,0,0,0,0,0,0,4,4,451238,0,0,0,0,0,0,0,0,0
201502,51,680,3,5,Lynchburg (Independent City)  ,21,21,3575740,0,0,0,0,0,0,0,0,0,21,21,3575740,0,0,0,0,0,0,0,0,0
201502,51,683,3,5,Manassas (Independent City)   ,18,18,2536880,0,0,0,0,0,0,0,0,0,0,0,0,0,0,0,0,0,0,0,0,0
201502,51,685,3,5,Manassas Park (Independent Cit,2,2,372728,0,0,0,0,0,0,0,0,0,0,0,0,0,0,0,0,0,0,0,0,0
201502,51,700,3,5,Newport News (Independent City,12,12,1174072,0,0,0,0,0,0,1,13,578001,4,4,505642,0,0,0,0,0,0,0,0,0
201502,51,710,3,5,Norfolk (Independent City)    ,35,35,5230569,0,0,0,0,0,0,0,0,0,35,35,5230569,0,0,0,0,0,0,0,0,0
201502,51,730,3,5,Petersburg (Independent City) ,2,2,212500,0,0,0,0,0,0,0,0,0,2,2,212500,0,0,0,0,0,0,0,0,0
201502,51,735,3,5,Poquoson (Independent City)   ,2,2,1000000,0,0,0,0,0,0,0,0,0,2,2,1000000,0,0,0,0,0,0,0,0,0
201502,51,740,3,5,Portsmouth (Independent City) ,8,8,1474565,0,0,0,0,0,0,0,0,0,8,8,1474565,0,0,0,0,0,0,0,0,0
201502,51,760,3,5,Richmond (Independent City)   ,37,37,5379076,1,2,161274,1,4,260000,0,0,0,37,37,5379076,1,2,161274,1,4,260000,0,0,0
201502,51,800,3,5,Suffolk (Independent City)    ,48,48,10348521,0,0,0,0,0,0,0,0,0,48,48,10348521,0,0,0,0,0,0,0,0,0
201502,51,810,3,5,Virginia Beach (Independent Ci,73,73,13195702,0,0,0,1,4,800000,0,0,0,73,73,13195702,0,0,0,1,4,800000,0,0,0
201502,51,830,3,5,Williamsburg (Independent City,2,2,338767,0,0,0,0,0,0,0,0,0,2,2,338767,0,0,0,0,0,0,0,0,0
201502,53,005,4,9,Benton County                 ,138,138,39646813,2,4,578936,0,0,0,2,14,1638740,54,54,17693119,0,0,0,0,0,0,0,0,0
201502,53,011,4,9,Clark County                  ,307,307,78340684,0,0,0,1,3,212089,13,238,17674536,293,293,74758251,0,0,0,1,3,212089,11,216,15744303
201502,53,021,4,9,Franklin County               ,38,38,10123786,9,18,1824399,0,0,0,0,0,0,5,5,1804821,0,0,0,0,0,0,0,0,0
201502,53,031,4,9,Jefferson County              ,13,13,2104438,0,0,0,0,0,0,0,0,0,9,9,1189514,0,0,0,0,0,0,0,0,0
201502,53,033,4,9,King County                   ,574,574,198414997,21,42,7994299,13,45,10679608,44,3417,493945461,491,491,167456090,21,42,7994299,13,45,10679608,38,3333,486069767
201502,53,035,4,9,Kitsap County                 ,85,85,22989400,0,0,0,0,0,0,0,0,0,85,85,22989400,0,0,0,0,0,0,0,0,0
201502,53,053,4,9,Pierce County                 ,263,263,72275756,0,0,0,3,12,1828005,3,37,2389241,245,245,67603140,0,0,0,3,12,1828005,0,0,0
201502,53,055,4,9,San Juan County               ,14,14,4215628,0,0,0,0,0,0,0,0,0,8,8,2707449,0,0,0,0,0,0,0,0,0
201502,53,059,4,9,Skamania County               ,1,1,230583,0,0,0,0,0,0,0,0,0,0,0,0,0,0,0,0,0,0,0,0,0
201502,53,061,4,9,Snohomish County              ,385,385,97829334,5,10,2055688,1,4,1129684,2,314,40025113,385,385,97829334,5,10,2055688,1,4,1129684,2,314,40025113
201502,54,011,3,5,Cabell County                 ,2,2,386850,0,0,0,4,12,477864,0,0,0,1,1,340000,0,0,0,0,0,0,0,0,0
201502,54,015,3,5,Clay County                   ,0,0,0,0,0,0,0,0,0,0,0,0,0,0,0,0,0,0,0,0,0,0,0,0
201502,54,019,3,5,Fayette County                ,3,3,383678,0,0,0,0,0,0,0,0,0,1,1,75000,0,0,0,0,0,0,0,0,0
201502,54,037,3,5,Jefferson County              ,30,30,8046149,0,0,0,1,4,800000,0,0,0,30,30,8046149,0,0,0,1,4,800000,0,0,0
201502,54,081,3,5,Raleigh County                ,8,8,2442535,0,0,0,0,0,0,0,0,0,8,8,2442535,0,0,0,0,0,0,0,0,0
201502,55,025,2,3,Dane County                   ,123,123,37175896,1,2,227000,4,13,1774000,7,152,16858592,78,78,26074497,1,2,227000,1,4,580000,0,0,0
201502,55,031,2,3,Douglas County                ,4,4,675730,0,0,0,0,0,0,0,0,0,4,4,675730,0,0,0,0,0,0,0,0,0
201502,55,037,2,3,Florence County               ,2,2,306188,0,0,0,0,0,0,0,0,0,0,0,0,0,0,0,0,0,0,0,0,0
201502,55,049,2,3,Iowa County                   ,1,1,600000,0,0,0,0,0,0,0,0,0,1,1,600000,0,0,0,0,0,0,0,0,0
201502,55,059,2,3,Kenosha County                ,16,16,4701900,0,0,0,0,0,0,0,0,0,16,16,4701900,0,0,0,0,0,0,0,0,0
201502,55,079,2,3,Milwaukee County              ,19,19,4530578,0,0,0,0,0,0,7,356,51662066,19,19,4530578,0,0,0,0,0,0,7,356,51662066
201502,55,089,2,3,Ozaukee County                ,17,17,6407810,0,0,0,0,0,0,0,0,0,8,8,1957123,0,0,0,0,0,0,0,0,0
201502,55,093,2,3,Pierce County                 ,2,2,714000,0,0,0,0,0,0,0,0,0,2,2,714000,0,0,0,0,0,0,0,0,0
201502,55,109,2,3,St. Croix County              ,20,20,4395001,3,6,600000,0,0,0,0,0,0,17,17,3725665,3,6,600000,0,0,0,0,0,0
201502,55,131,2,3,Washington County             ,28,28,7017032,1,2,325000,0,0,0,0,0,0,22,22,5294628,0,0,0,0,0,0,0,0,0
201502,56,029,4,8,Park County                   ,17,17,4169002,0,0,0,0,0,0,0,0,0,14,14,3482008,0,0,0,0,0,0,0,0,0
201502,56,039,4,8,Teton County                  ,12,12,13277169,0,0,0,0,0,0,1,5,428316,2,2,2560000,0,0,0,0,0,0,0,0,0
