Survey,FIPS,FIPS,Region,Division,County,,1-unit,,,2-units,,,3-4 units,,,5+ units,,,1-unit rep,,,2-units rep,,,3-4 units rep,,, 5+units rep
Date,State,County,Code,Code,Name,Bldgs,Units,Value,Bldgs,Units,Value,Bldgs,Units,Value,Bldgs,Units,Value,Bldgs,Units,Value,Bldgs,Units,Value,Bldgs,Units,Value,Bldgs,Units,Value
 
201505,01,001,3,6,Autauga County                ,72,72,18499331,0,0,0,0,0,0,0,0,0,72,72,18499331,0,0,0,0,0,0,0,0,0
201505,01,007,3,6,Bibb County                   ,10,10,1704732,0,0,0,0,0,0,0,0,0,0,0,0,0,0,0,0,0,0,0,0,0
201505,01,009,3,6,Blount County                 ,1,1,98505,0,0,0,0,0,0,2,40,3831302,1,1,98505,0,0,0,0,0,0,2,40,3831302
201505,01,021,3,6,Chilton County                ,8,8,872000,0,0,0,0,0,0,0,0,0,8,8,872000,0,0,0,0,0,0,0,0,0
201505,01,073,3,6,Jefferson County              ,576,576,150941374,0,0,0,0,0,0,8,184,19731041,554,554,147223189,0,0,0,0,0,0,4,164,18762421
201505,01,083,3,6,Limestone County              ,38,38,7839058,0,0,0,0,0,0,0,0,0,37,37,7711058,0,0,0,0,0,0,0,0,0
201505,01,089,3,6,Madison County                ,728,728,106445557,1,2,219948,4,16,340000,6,104,7937782,685,685,98962494,1,2,219948,4,16,340000,6,104,7937782
201505,01,113,3,6,Russell County                ,85,85,15288447,1,2,113764,0,0,0,0,0,0,74,74,13341423,1,2,113764,0,0,0,0,0,0
201505,01,115,3,6,St. Clair County              ,38,38,6476438,0,0,0,0,0,0,0,0,0,38,38,6476438,0,0,0,0,0,0,0,0,0
201505,01,117,3,6,Shelby County                 ,389,389,90673921,0,0,0,0,0,0,0,0,0,218,218,48692056,0,0,0,0,0,0,0,0,0
201505,01,127,3,6,Walker County                 ,7,7,1900000,0,0,0,0,0,0,0,0,0,7,7,1900000,0,0,0,0,0,0,0,0,0
201505,02,013,4,9,Aleutians East Borough        ,0,0,0,0,0,0,0,0,0,0,0,0,0,0,0,0,0,0,0,0,0,0,0,0
201505,02,016,4,9,Aleutians West Census Area    ,1,1,98118,0,0,0,0,0,0,0,0,0,0,0,0,0,0,0,0,0,0,0,0,0
201505,02,020,4,9,Anchorage Borough             ,244,244,75722990,1,2,322399,5,15,2668130,4,29,4584771,0,0,0,0,0,0,0,0,0,0,0,0
201505,02,020,4,9,Anchorage Municipality        ,244,244,75722990,1,2,322399,5,15,2668130,4,29,4584771,0,0,0,0,0,0,0,0,0,0,0,0
201505,02,050,4,9,Bethel Census Area            ,2,2,650000,0,0,0,0,0,0,0,0,0,2,2,650000,0,0,0,0,0,0,0,0,0
201505,02,060,4,9,Bristol Bay Borough           ,1,1,129500,0,0,0,0,0,0,0,0,0,1,1,129500,0,0,0,0,0,0,0,0,0
201505,02,070,4,9,Dillingham Census Area        ,1,1,240312,0,0,0,0,0,0,0,0,0,0,0,0,0,0,0,0,0,0,0,0,0
201505,02,090,4,9,Fairbanks North Star Borough  ,2,2,694000,0,0,0,0,0,0,0,0,0,2,2,694000,0,0,0,0,0,0,0,0,0
201505,02,100,4,9,Haines Borough                ,1,1,291587,0,0,0,0,0,0,0,0,0,1,1,291587,0,0,0,0,0,0,0,0,0
201505,02,105,4,9,Hoonah-Angoon Census Area     ,0,0,0,0,0,0,0,0,0,0,0,0,0,0,0,0,0,0,0,0,0,0,0,0
201505,02,110,4,9,Juneau Borough                ,28,28,6575405,2,4,646872,0,0,0,0,0,0,28,28,6575405,2,4,646872,0,0,0,0,0,0
201505,02,110,4,9,Juneau City and Borough       ,28,28,6575405,2,4,646872,0,0,0,0,0,0,28,28,6575405,2,4,646872,0,0,0,0,0,0
201505,02,122,4,9,Kenai Peninsula Borough       ,38,38,6666087,5,10,1492792,0,0,0,0,0,0,25,25,3929400,4,8,1155000,0,0,0,0,0,0
201505,02,130,4,9,Ketchikan Gateway Borough     ,5,5,1348722,0,0,0,0,0,0,0,0,0,5,5,1348722,0,0,0,0,0,0,0,0,0
201505,02,150,4,9,Kodiak Island Borough         ,5,5,769222,0,0,0,0,0,0,0,0,0,5,5,769222,0,0,0,0,0,0,0,0,0
201505,02,170,4,9,Matanuska-Susitna Borough     ,22,22,4693620,7,14,1923650,0,0,0,0,0,0,18,18,4127922,7,14,1923650,0,0,0,0,0,0
201505,02,180,4,9,Nome Census Area              ,2,2,360773,0,0,0,0,0,0,0,0,0,2,2,360773,0,0,0,0,0,0,0,0,0
201505,02,185,4,9,North Slope Borough           ,7,7,1850291,0,0,0,0,0,0,0,0,0,7,7,1850291,0,0,0,0,0,0,0,0,0
201505,02,188,4,9,Northwest Arctic Borough      ,2,2,510365,0,0,0,0,0,0,0,0,0,2,2,510365,0,0,0,0,0,0,0,0,0
201505,02,195,4,9,Petersburg Borough            ,3,3,368458,0,0,0,0,0,0,0,0,0,1,1,100000,0,0,0,0,0,0,0,0,0
201505,02,195,4,9,Petersburg Census Area        ,3,3,368458,0,0,0,0,0,0,0,0,0,1,1,100000,0,0,0,0,0,0,0,0,0
201505,02,198,4,9,Prince of Wales-Hyder Census A,0,0,0,0,0,0,0,0,0,0,0,0,0,0,0,0,0,0,0,0,0,0,0,0
201505,02,220,4,9,Sitka Borough                 ,6,6,1616014,2,4,622364,0,0,0,0,0,0,0,0,0,0,0,0,0,0,0,0,0,0
201505,02,220,4,9,Sitka City and Borough        ,6,6,1616014,2,4,622364,0,0,0,0,0,0,0,0,0,0,0,0,0,0,0,0,0,0
201505,02,230,4,9,Skagway Municipality          ,0,0,0,1,2,163000,0,0,0,0,0,0,0,0,0,0,0,0,0,0,0,0,0,0
201505,02,261,4,9,Valdez-Cordova Census Area    ,2,2,170000,1,2,150000,0,0,0,0,0,0,2,2,170000,1,2,150000,0,0,0,0,0,0
201505,02,270,4,9,Wade Hampton Census Area      ,0,0,0,0,0,0,0,0,0,0,0,0,0,0,0,0,0,0,0,0,0,0,0,0
201505,02,275,4,9,Wrangell City and Borough     ,1,1,100000,0,0,0,0,0,0,0,0,0,1,1,100000,0,0,0,0,0,0,0,0,0
201505,02,282,4,9,Yakutat Borough               ,0,0,0,0,0,0,0,0,0,0,0,0,0,0,0,0,0,0,0,0,0,0,0,0
201505,02,282,4,9,Yakutat City and Borough      ,0,0,0,0,0,0,0,0,0,0,0,0,0,0,0,0,0,0,0,0,0,0,0,0
201505,02,290,4,9,Yukon-Koyukuk Census Area     ,0,0,0,0,0,0,0,0,0,0,0,0,0,0,0,0,0,0,0,0,0,0,0,0
201505,04,013,4,8,Maricopa County               ,5963,5963,1654944713,22,44,8037265,31,114,17696983,125,2112,439073477,5949,5949,1651892431,22,44,8037265,31,114,17696983,116,1782,400753653
201505,04,019,4,8,Pima County                   ,978,978,256952756,9,18,885582,0,0,0,18,387,45490854,666,666,191869951,0,0,0,0,0,0,0,0,0
201505,04,021,4,8,Pinal County                  ,811,811,154620638,0,0,0,0,0,0,0,0,0,736,736,138200195,0,0,0,0,0,0,0,0,0
201505,05,013,3,7,Calhoun County                ,0,0,0,0,0,0,0,0,0,0,0,0,0,0,0,0,0,0,0,0,0,0,0,0
201505,05,035,3,7,Crittenden County             ,19,19,2955000,1,2,50000,0,0,0,0,0,0,19,19,2955000,1,2,50000,0,0,0,0,0,0
201505,05,045,3,7,Faulkner County               ,91,91,17794472,0,0,0,0,0,0,0,0,0,85,85,16638749,0,0,0,0,0,0,0,0,0
201505,05,053,3,7,Grant County                  ,4,4,527416,0,0,0,0,0,0,0,0,0,0,0,0,0,0,0,0,0,0,0,0,0
201505,05,085,3,7,Lonoke County                 ,119,119,11958193,3,6,354050,2,6,325250,0,0,0,34,34,5011384,3,6,354050,2,6,325250,0,0,0
201505,05,087,3,7,Madison County                ,0,0,0,0,0,0,0,0,0,0,0,0,0,0,0,0,0,0,0,0,0,0,0,0
201505,05,091,3,7,Miller County                 ,13,13,1945076,1,2,100000,0,0,0,0,0,0,10,10,1469000,1,2,100000,0,0,0,0,0,0
201505,05,105,3,7,Perry County                  ,1,1,33000,0,0,0,0,0,0,0,0,0,1,1,33000,0,0,0,0,0,0,0,0,0
201505,05,119,3,7,Pulaski County                ,278,278,63167294,0,0,0,0,0,0,14,277,15652111,278,278,63167294,0,0,0,0,0,0,14,277,15652111
201505,05,129,3,7,Searcy County                 ,0,0,0,0,0,0,0,0,0,0,0,0,0,0,0,0,0,0,0,0,0,0,0,0
201505,05,143,3,7,Washington County             ,400,400,91342062,0,0,0,0,0,0,0,0,0,374,374,86426296,0,0,0,0,0,0,0,0,0
201505,06,001,4,9,Alameda County                ,619,619,221488947,3,6,1196950,10,34,6801985,27,1032,147231889,542,542,196693592,3,6,1196950,10,34,6801985,24,1014,144602448
201505,06,013,4,9,Contra Costa County           ,978,978,298062428,1,2,416494,3,11,2338117,5,62,9987455,973,973,296630206,1,2,416494,3,11,2338117,4,40,5214509
201505,06,017,4,9,El Dorado County              ,222,222,41839392,0,0,0,1,4,744300,0,0,0,216,216,39662196,0,0,0,0,0,0,0,0,0
201505,06,019,4,9,Fresno County                 ,941,941,253111000,1,2,244208,1,3,188830,18,177,14921264,744,744,203094178,1,2,244208,0,0,0,15,158,13429315
201505,06,037,4,9,Los Angeles County            ,1876,1876,800688268,133,266,48238917,9,29,5782615,167,7621,1312914846,1704,1704,720499671,130,260,47198717,7,23,5011191,144,7441,1290045760
201505,06,041,4,9,Marin County                  ,97,97,43880787,0,0,0,0,0,0,7,71,6997093,48,48,24998205,0,0,0,0,0,0,0,0,0
201505,06,059,4,9,Orange County                 ,1665,1665,513507657,53,106,21734924,80,268,51835870,87,2663,361690811,1558,1558,461520665,45,90,16401495,79,265,50774472,80,2558,347587394
201505,06,061,4,9,Placer County                 ,800,800,258672001,1,2,410351,0,0,0,10,186,15073181,794,794,256710577,1,2,410351,0,0,0,10,186,15073181
201505,06,063,4,9,Plumas County                 ,11,11,1919630,0,0,0,0,0,0,0,0,0,11,11,1919630,0,0,0,0,0,0,0,0,0
201505,06,067,4,9,Sacramento County             ,726,726,192331505,6,12,1521545,0,0,0,2,228,31957274,717,717,190213355,6,12,1521545,0,0,0,2,228,31957274
201505,06,069,4,9,San Benito County             ,53,53,14281303,3,6,750111,0,0,0,0,0,0,37,37,10376218,3,6,750111,0,0,0,0,0,0
201505,06,071,4,9,San Bernardino County         ,1144,1144,282476057,58,116,19305322,29,102,16585184,88,640,67371169,1012,1012,251315376,51,102,16990828,23,83,13030658,74,499,55102582
201505,06,073,4,9,San Diego County              ,1431,1431,491376407,17,34,6379353,11,38,6306442,122,2805,412156137,1417,1417,485692106,17,34,6379353,11,38,6306442,117,2750,406450056
201505,06,075,4,9,San Francisco County          ,31,31,8233262,28,56,22427890,2,6,2100000,16,918,263468086,31,31,8233262,28,56,22427890,2,6,2100000,16,918,263468086
201505,06,081,4,9,San Mateo County              ,174,174,121766381,1,2,722400,1,3,1023750,18,461,86453466,102,102,80771061,0,0,0,1,3,1023750,10,279,52157214
201505,06,085,4,9,Santa Clara County            ,789,789,305961394,3,6,1822195,9,32,8347898,55,1273,202739678,705,705,280803937,2,4,1222195,7,26,6747867,47,1063,163791773
201505,06,091,4,9,Sierra County                 ,0,0,0,0,0,0,0,0,0,0,0,0,0,0,0,0,0,0,0,0,0,0,0,0
201505,06,113,4,9,Yolo County                   ,123,123,36324250,1,2,293907,0,0,0,0,0,0,123,123,36324250,1,2,293907,0,0,0,0,0,0
201505,08,001,4,8,Adams County                  ,645,645,156526796,0,0,0,6,21,3652226,2,34,3599366,645,645,156526796,0,0,0,6,21,3652226,2,34,3599366
201505,08,005,4,8,Arapahoe County               ,642,642,172711406,0,0,0,5,15,1818750,9,400,43986763,611,611,163203346,0,0,0,5,15,1818750,9,400,43986763
201505,08,014,4,8,Broomfield County             ,170,170,57249810,0,0,0,0,0,0,5,29,3638567,170,170,57249810,0,0,0,0,0,0,5,29,3638567
201505,08,015,4,8,Chaffee County                ,41,41,10981484,0,0,0,1,3,549700,0,0,0,0,0,0,0,0,0,0,0,0,0,0,0
201505,08,019,4,8,Clear Creek County            ,4,4,641584,0,0,0,0,0,0,0,0,0,4,4,641584,0,0,0,0,0,0,0,0,0
201505,08,031,4,8,Denver County                 ,672,672,163364064,66,132,27988820,0,0,0,19,2443,206822822,672,672,163364064,66,132,27988820,0,0,0,19,2443,206822822
201505,08,035,4,8,Douglas County                ,920,920,275804999,0,0,0,1,4,664261,6,115,9782342,911,911,272889644,0,0,0,1,4,664261,6,115,9782342
201505,08,039,4,8,Elbert County                 ,46,46,13420027,0,0,0,0,0,0,0,0,0,46,46,13420027,0,0,0,0,0,0,0,0,0
201505,08,041,4,8,El Paso County                ,1159,1159,467171214,0,0,0,0,0,0,1,6,768000,1159,1159,467171214,0,0,0,0,0,0,1,6,768000
201505,08,047,4,8,Gilpin County                 ,3,3,1250000,0,0,0,0,0,0,0,0,0,3,3,1250000,0,0,0,0,0,0,0,0,0
201505,08,069,4,8,Larimer County                ,699,699,184175995,15,30,5217960,1,3,675981,6,94,11208933,699,699,184175995,15,30,5217960,1,3,675981,6,94,11208933
201505,08,077,4,8,Mesa County                   ,166,166,39475353,0,0,0,0,0,0,0,0,0,166,166,39475353,0,0,0,0,0,0,0,0,0
201505,08,093,4,8,Park County                   ,40,40,6251872,0,0,0,0,0,0,0,0,0,40,40,6251872,0,0,0,0,0,0,0,0,0
201505,08,101,4,8,Pueblo County                 ,65,65,10937853,10,20,2521120,0,0,0,3,62,8762000,65,65,10937853,10,20,2521120,0,0,0,3,62,8762000
201505,08,119,4,8,Teller County                 ,26,26,6434327,0,0,0,0,0,0,0,0,0,26,26,6434327,0,0,0,0,0,0,0,0,0
201505,09,001,1,1,Fairfield County              ,284,284,168084778,1,2,190000,0,0,0,13,659,86514811,211,211,111594399,1,2,190000,0,0,0,11,648,85359811
201505,09,003,1,1,Hartford County               ,159,159,35270459,10,20,1296475,6,19,1591082,8,116,8939792,138,138,30992565,5,10,659720,1,3,175000,3,72,6797600
201505,09,007,1,1,Middlesex County              ,49,49,12208904,2,4,455995,3,11,1631586,4,20,1796786,40,40,9942512,1,2,150000,2,8,1209494,1,5,604747
201505,09,013,1,1,Tolland County                ,60,60,12151045,1,2,150000,0,0,0,4,51,4731870,43,43,8303311,1,2,150000,0,0,0,2,32,2400000
201505,10,001,3,5,Kent County                   ,348,348,50136473,2,4,350250,0,0,0,2,32,3426935,346,346,49954039,2,4,350250,0,0,0,2,32,3426935
201505,10,003,3,5,New Castle County             ,527,527,48175769,0,0,0,2,8,507684,16,213,14493637,194,194,18920217,0,0,0,0,0,0,2,48,1621300
201505,10,005,3,5,Sussex County                 ,822,822,119449819,33,66,8089805,5,18,2180828,7,42,5877888,822,822,119449819,33,66,8089805,5,18,2180828,7,42,5877888
201505,11,001,3,5,Washington  DC                ,114,114,25141883,19,38,4206774,1,3,323250,15,1506,133581621,114,114,25141883,19,38,4206774,1,3,323250,15,1506,133581621
201505,12,003,3,5,Baker County                  ,11,11,1827893,1,2,62000,0,0,0,0,0,0,11,11,1827893,1,2,62000,0,0,0,0,0,0
201505,12,019,3,5,Clay County                   ,390,390,79262975,0,0,0,0,0,0,5,80,5137474,390,390,79262975,0,0,0,0,0,0,5,80,5137474
201505,12,031,3,5,Duval County                  ,991,991,230905163,7,14,1552592,0,0,0,19,635,51628040,991,991,230905163,7,14,1552592,0,0,0,19,635,51628040
201505,12,033,3,5,Escambia County               ,302,302,67670922,0,0,0,0,0,0,13,304,24716416,302,302,67670922,0,0,0,0,0,0,13,304,24716416
201505,12,053,3,5,Hernando County               ,135,135,24316673,0,0,0,0,0,0,1,5,471170,103,103,18996822,0,0,0,0,0,0,0,0,0
201505,12,057,3,5,Hillsborough County           ,2327,2327,818546923,5,10,2096241,3,11,1940761,37,2007,235038942,2313,2313,816553179,5,10,2096241,3,11,1940761,37,2007,235038942
201505,12,067,3,5,Lafayette County              ,3,3,626000,0,0,0,0,0,0,0,0,0,3,3,626000,0,0,0,0,0,0,0,0,0
201505,12,071,3,5,Lee County                    ,1597,1597,396657493,9,18,1986210,18,72,16216461,91,1095,113983292,1597,1597,396657493,9,18,1986210,18,72,16216461,91,1095,113983292
201505,12,073,3,5,Leon County                   ,219,219,45838264,1,2,150000,0,0,0,7,268,23433198,90,90,23288103,0,0,0,0,0,0,0,0,0
201505,12,081,3,5,Manatee County                ,963,963,235962459,3,6,1701296,15,60,10316350,10,186,18672436,959,959,234443618,3,6,1701296,15,60,10316350,10,186,18672436
201505,12,086,3,5,Miami-Dade County             ,984,984,267643024,10,20,3657767,21,82,9438988,120,5527,843007292,938,938,258814035,9,18,3536767,21,82,9438988,109,5388,783602770
201505,12,089,3,5,Nassau County                 ,316,316,85995479,0,0,0,0,0,0,13,300,34204630,316,316,85995479,0,0,0,0,0,0,13,300,34204630
201505,12,091,3,5,Okaloosa County               ,315,315,92557113,4,8,870151,0,0,0,0,0,0,314,314,92334184,4,8,870151,0,0,0,0,0,0
201505,12,095,3,5,Orange County                 ,2253,2253,584899735,17,34,5555184,0,0,0,32,1626,163832498,2158,2158,562447290,17,34,5555184,0,0,0,32,1626,163832498
201505,12,097,3,5,Osceola County                ,1139,1139,293171063,3,6,847533,2,8,1289896,38,720,82006754,1035,1035,278155163,3,6,847533,2,8,1289896,38,720,82006754
201505,12,101,3,5,Pasco County                  ,822,822,179538134,11,22,2142253,5,20,699045,38,465,26627751,820,820,179298134,11,22,2142253,5,20,699045,36,455,25882699
201505,12,103,3,5,Pinellas County               ,389,389,117682735,1,2,322251,3,12,3560000,16,790,121807851,384,384,116104595,1,2,322251,3,12,3560000,15,755,119984154
201505,12,109,3,5,St. Johns County              ,937,937,271027534,0,0,0,3,12,2850722,2,20,2644633,932,932,270018721,0,0,0,3,12,2850722,2,20,2644633
201505,12,113,3,5,Santa Rosa County             ,471,471,69501189,0,0,0,0,0,0,2,14,831000,471,471,69501189,0,0,0,0,0,0,2,14,831000
201505,12,115,3,5,Sarasota County               ,896,896,283337141,1,2,224665,5,20,4882159,9,134,18150440,889,889,279503695,1,2,224665,5,20,4882159,8,117,14286273
201505,12,117,3,5,Seminole County               ,401,401,137752439,0,0,0,0,0,0,7,364,25543391,401,401,137752439,0,0,0,0,0,0,6,344,23883078
201505,12,129,3,5,Wakulla County                ,58,58,7972635,0,0,0,0,0,0,0,0,0,58,58,7972635,0,0,0,0,0,0,0,0,0
201505,12,131,3,5,Walton County                 ,449,449,179808515,0,0,0,18,54,9155345,0,0,0,449,449,179808515,0,0,0,18,54,9155345,0,0,0
201505,12,133,3,5,Washington County             ,9,9,1576280,0,0,0,0,0,0,0,0,0,5,5,940966,0,0,0,0,0,0,0,0,0
201505,13,007,3,5,Baker County                  ,0,0,0,0,0,0,0,0,0,0,0,0,0,0,0,0,0,0,0,0,0,0,0,0
201505,13,013,3,5,Barrow County                 ,197,197,26569826,0,0,0,0,0,0,0,0,0,192,192,26057620,0,0,0,0,0,0,0,0,0
201505,13,015,3,5,Bartow County                 ,135,135,25493513,0,0,0,0,0,0,0,0,0,120,120,22430530,0,0,0,0,0,0,0,0,0
201505,13,021,3,5,Bibb County                   ,4,4,435392,0,0,0,0,0,0,0,0,0,0,0,0,0,0,0,0,0,0,0,0,0
201505,13,029,3,5,Bryan County                  ,153,153,32961384,0,0,0,0,0,0,3,18,1041292,97,97,23980613,0,0,0,0,0,0,0,0,0
201505,13,033,3,5,Burke County                  ,19,19,3198458,0,0,0,0,0,0,0,0,0,0,0,0,0,0,0,0,0,0,0,0,0
201505,13,035,3,5,Butts County                  ,9,9,1259000,0,0,0,0,0,0,0,0,0,9,9,1259000,0,0,0,0,0,0,0,0,0
201505,13,045,3,5,Carroll County                ,40,40,6955454,0,0,0,0,0,0,0,0,0,40,40,6955454,0,0,0,0,0,0,0,0,0
201505,13,051,3,5,Chatham County                ,458,458,81711681,0,0,0,0,0,0,2,10,824714,371,371,72684796,0,0,0,0,0,0,0,0,0
201505,13,057,3,5,Cherokee County               ,758,758,188330935,0,0,0,0,0,0,2,89,10052116,758,758,188330935,0,0,0,0,0,0,2,89,10052116
201505,13,059,3,5,Clarke County                 ,29,29,6117294,0,0,0,0,0,0,2,24,1772000,29,29,6117294,0,0,0,0,0,0,2,24,1772000
201505,13,063,3,5,Clayton County                ,172,172,39911060,0,0,0,0,0,0,0,0,0,172,172,39911060,0,0,0,0,0,0,0,0,0
201505,13,067,3,5,Cobb County                   ,661,661,197658666,6,12,2294087,13,51,9518441,21,397,52277997,648,648,193488667,6,12,2294087,13,51,9518441,21,397,52277997
201505,13,073,3,5,Columbia County               ,587,587,96730127,0,0,0,0,0,0,7,68,3801645,373,373,60617619,0,0,0,0,0,0,7,68,3801645
201505,13,077,3,5,Coweta County                 ,337,337,115071420,0,0,0,0,0,0,0,0,0,336,336,114966420,0,0,0,0,0,0,0,0,0
201505,13,085,3,5,Dawson County                 ,73,73,15616521,0,0,0,0,0,0,0,0,0,73,73,15616521,0,0,0,0,0,0,0,0,0
201505,13,095,3,5,Dougherty County              ,19,19,2097268,5,10,750550,0,0,0,0,0,0,0,0,0,0,0,0,0,0,0,0,0,0
201505,13,097,3,5,Douglas County                ,106,106,12656511,0,0,0,0,0,0,0,0,0,106,106,12656511,0,0,0,0,0,0,0,0,0
201505,13,111,3,5,Fannin County                 ,79,79,16480133,0,0,0,0,0,0,0,0,0,64,64,13354592,0,0,0,0,0,0,0,0,0
201505,13,113,3,5,Fayette County                ,143,143,33974994,0,0,0,0,0,0,0,0,0,127,127,28785893,0,0,0,0,0,0,0,0,0
201505,13,117,3,5,Forsyth County                ,1217,1217,174421827,3,6,483420,0,0,0,1,15,628110,1217,1217,174421827,3,6,483420,0,0,0,1,15,628110
201505,13,121,3,5,Fulton County                 ,1262,1262,330399106,0,0,0,0,0,0,27,2777,373701663,1252,1252,328710212,0,0,0,0,0,0,27,2777,373701663
201505,13,127,3,5,Glynn County                  ,190,190,50117387,0,0,0,0,0,0,0,0,0,0,0,0,0,0,0,0,0,0,0,0,0
201505,13,135,3,5,Gwinnett County               ,1409,1409,265477198,0,0,0,0,0,0,0,0,0,1364,1364,255130050,0,0,0,0,0,0,0,0,0
201505,13,143,3,5,Haralson County               ,9,9,1645906,0,0,0,0,0,0,0,0,0,0,0,0,0,0,0,0,0,0,0,0,0
201505,13,145,3,5,Harris County                 ,72,72,19232576,0,0,0,0,0,0,0,0,0,72,72,19232576,0,0,0,0,0,0,0,0,0
201505,13,149,3,5,Heard County                  ,8,8,1024320,0,0,0,0,0,0,0,0,0,0,0,0,0,0,0,0,0,0,0,0,0
201505,13,151,3,5,Henry County                  ,491,491,99465488,0,0,0,0,0,0,0,0,0,473,473,97291781,0,0,0,0,0,0,0,0,0
201505,13,159,3,5,Jasper County                 ,23,23,3081402,0,0,0,0,0,0,0,0,0,0,0,0,0,0,0,0,0,0,0,0,0
201505,13,171,3,5,Lamar County                  ,16,16,1728199,0,0,0,0,0,0,0,0,0,16,16,1728199,0,0,0,0,0,0,0,0,0
201505,13,177,3,5,Lee County                    ,45,45,5783995,0,0,0,0,0,0,0,0,0,45,45,5783995,0,0,0,0,0,0,0,0,0
201505,13,179,3,5,Liberty County                ,76,76,18113778,0,0,0,0,0,0,0,0,0,76,76,18113778,0,0,0,0,0,0,0,0,0
201505,13,189,3,5,McDuffie County               ,7,7,1065526,0,0,0,0,0,0,0,0,0,5,5,715000,0,0,0,0,0,0,0,0,0
201505,13,199,3,5,Meriwether County             ,13,13,2725860,0,0,0,0,0,0,0,0,0,10,10,2206312,0,0,0,0,0,0,0,0,0
201505,13,201,3,5,Miller County                 ,0,0,0,0,0,0,0,0,0,0,0,0,0,0,0,0,0,0,0,0,0,0,0,0
201505,13,207,3,5,Monroe County                 ,35,35,7914348,0,0,0,0,0,0,0,0,0,35,35,7914348,0,0,0,0,0,0,0,0,0
201505,13,215,3,5,Muscogee County               ,147,147,15560909,0,0,0,5,17,772198,7,92,6977975,0,0,0,0,0,0,0,0,0,0,0,0
201505,13,217,3,5,Newton County                 ,110,110,19530704,0,0,0,0,0,0,3,15,214287,97,97,17872851,0,0,0,0,0,0,0,0,0
201505,13,227,3,5,Pickens County                ,26,26,6415060,1,2,200000,0,0,0,0,0,0,26,26,6415060,1,2,200000,0,0,0,0,0,0
201505,13,231,3,5,Pike County                   ,14,14,2204877,0,0,0,0,0,0,0,0,0,13,13,2064377,0,0,0,0,0,0,0,0,0
201505,13,235,3,5,Pulaski County                ,8,8,626333,0,0,0,0,0,0,0,0,0,0,0,0,0,0,0,0,0,0,0,0,0
201505,13,245,3,5,Richmond County               ,191,191,34749548,1,2,180000,0,0,0,3,56,1634838,9,9,1532990,0,0,0,0,0,0,0,0,0
201505,13,247,3,5,Rockdale County               ,69,69,15443030,0,0,0,0,0,0,0,0,0,69,69,15443030,0,0,0,0,0,0,0,0,0
201505,13,255,3,5,Spalding County               ,87,87,10731261,0,0,0,0,0,0,0,0,0,87,87,10731261,0,0,0,0,0,0,0,0,0
201505,13,275,3,5,Thomas County                 ,39,39,19750043,0,0,0,2,8,1000000,0,0,0,39,39,19750043,0,0,0,2,8,1000000,0,0,0
201505,13,291,3,5,Union County                  ,46,46,10209479,0,0,0,0,0,0,0,0,0,46,46,10209479,0,0,0,0,0,0,0,0,0
201505,15,001,4,9,Hawaii County                 ,347,347,152922339,0,0,0,0,0,0,0,0,0,347,347,152922339,0,0,0,0,0,0,0,0,0
201505,15,003,4,9,Honolulu County               ,449,449,171893398,0,0,0,0,0,0,27,1096,251362400,449,449,171893398,0,0,0,0,0,0,27,1096,251362400
201505,15,007,4,9,Kauai County                  ,76,76,42225964,0,0,0,0,0,0,0,0,0,9,9,5770697,0,0,0,0,0,0,0,0,0
201505,15,009,4,9,Maui County                   ,187,187,49163558,2,4,700834,7,28,9095200,17,118,35383640,187,187,49163558,2,4,700834,7,28,9095200,17,118,35383640
201505,16,001,4,8,Ada County                    ,1251,1251,324602096,0,0,0,57,226,14122850,23,462,36701078,1201,1201,312186878,0,0,0,49,196,12093600,22,420,31891851
201505,16,015,4,8,Boise County                  ,17,17,3499655,0,0,0,0,0,0,0,0,0,17,17,3499655,0,0,0,0,0,0,0,0,0
201505,16,027,4,8,Canyon County                 ,442,442,71896891,0,0,0,0,0,0,0,0,0,441,441,71617891,0,0,0,0,0,0,0,0,0
201505,16,045,4,8,Gem County                    ,14,14,2191559,0,0,0,0,0,0,0,0,0,14,14,2191559,0,0,0,0,0,0,0,0,0
201505,16,073,4,8,Owyhee County                 ,12,12,2241454,0,0,0,0,0,0,0,0,0,12,12,2241454,0,0,0,0,0,0,0,0,0
201505,17,005,2,3,Bond County                   ,5,5,537416,0,0,0,0,0,0,4,48,1440000,3,3,185000,0,0,0,0,0,0,4,48,1440000
201505,17,013,2,3,Calhoun County                ,2,2,155000,0,0,0,0,0,0,0,0,0,2,2,155000,0,0,0,0,0,0,0,0,0
201505,17,031,2,3,Cook County                   ,615,615,197425386,8,16,2867900,24,78,15672780,46,2882,454785343,551,551,172107416,8,16,2867900,24,78,15672780,43,2838,443542572
201505,17,037,2,3,DeKalb County                 ,47,47,10156306,0,0,0,0,0,0,0,0,0,44,44,9599360,0,0,0,0,0,0,0,0,0
201505,17,039,2,3,De Witt County                ,6,6,1175000,0,0,0,0,0,0,0,0,0,6,6,1175000,0,0,0,0,0,0,0,0,0
201505,17,043,2,3,DuPage County                 ,406,406,148870639,1,2,322777,0,0,0,1,94,11200000,371,371,134784104,1,2,322777,0,0,0,1,94,11200000
201505,17,063,2,3,Grundy County                 ,32,32,7402738,0,0,0,0,0,0,6,36,1846152,25,25,6164993,0,0,0,0,0,0,0,0,0
201505,17,083,2,3,Jersey County                 ,12,12,1765974,0,0,0,0,0,0,0,0,0,3,3,376264,0,0,0,0,0,0,0,0,0
201505,17,093,2,3,Kendall County                ,57,57,11868799,0,0,0,0,0,0,0,0,0,57,57,11868799,0,0,0,0,0,0,0,0,0
201505,17,097,2,3,Lake County                   ,216,216,68608545,3,6,725339,0,0,0,5,56,5554000,126,126,45588332,1,2,251579,0,0,0,5,56,5554000
201505,17,111,2,3,McHenry County                ,138,138,25759321,0,0,0,4,16,1280000,0,0,0,121,121,24288513,0,0,0,4,16,1280000,0,0,0
201505,17,119,2,3,Madison County                ,137,137,33025034,0,0,0,2,8,936000,1,5,446429,127,127,31269612,0,0,0,2,8,936000,0,0,0
201505,17,133,2,3,Monroe County                 ,55,55,12320084,1,2,290000,0,0,0,0,0,0,40,40,9031474,1,2,290000,0,0,0,0,0,0
201505,17,197,2,3,Will County                   ,384,384,95680460,7,14,2460000,0,0,0,0,0,0,330,330,84404885,7,14,2460000,0,0,0,0,0,0
201505,18,003,2,3,Allen County                  ,316,316,70752707,3,6,1350000,2,8,368000,12,95,3706000,316,316,70752707,3,6,1350000,2,8,368000,12,95,3706000
201505,18,011,2,3,Boone County                  ,181,181,54076533,8,16,2848800,0,0,0,2,42,2675000,179,179,53563651,8,16,2848800,0,0,0,2,42,2675000
201505,18,013,2,3,Brown County                  ,15,15,3268697,0,0,0,1,3,299774,0,0,0,5,5,1176827,0,0,0,0,0,0,0,0,0
201505,18,019,2,3,Clark County                  ,151,151,25438497,8,16,1320000,1,4,400000,1,5,128125,143,143,24316107,8,16,1320000,1,4,400000,0,0,0
201505,18,047,2,3,Franklin County               ,17,17,3508700,0,0,0,0,0,0,0,0,0,17,17,3508700,0,0,0,0,0,0,0,0,0
201505,18,057,2,3,Hamilton County               ,811,811,226582205,8,16,1733525,2,7,544550,35,672,46902287,695,695,192287323,8,16,1733525,2,7,544550,33,595,38237881
201505,18,059,2,3,Hancock County                ,147,147,25275721,1,2,50000,0,0,0,0,0,0,147,147,25275721,1,2,50000,0,0,0,0,0,0
201505,18,061,2,3,Harrison County               ,27,27,6240000,0,0,0,0,0,0,0,0,0,27,27,6240000,0,0,0,0,0,0,0,0,0
201505,18,063,2,3,Hendricks County              ,262,262,59775056,2,4,514334,0,0,0,2,36,2028572,192,192,45664636,0,0,0,0,0,0,0,0,0
201505,18,069,2,3,Huntington County             ,20,20,3517770,0,0,0,0,0,0,0,0,0,20,20,3517770,0,0,0,0,0,0,0,0,0
201505,18,073,2,3,Jasper County                 ,20,20,4563121,0,0,0,0,0,0,0,0,0,20,20,4563121,0,0,0,0,0,0,0,0,0
201505,18,081,2,3,Johnson County                ,247,247,51242634,0,0,0,0,0,0,0,0,0,236,236,49971375,0,0,0,0,0,0,0,0,0
201505,18,087,2,3,Lagrange County               ,59,59,4207245,0,0,0,0,0,0,0,0,0,59,59,4207245,0,0,0,0,0,0,0,0,0
201505,18,089,2,3,Lake County                   ,288,288,70833579,4,8,909470,2,8,993520,2,14,1606000,278,278,68608239,4,8,909470,2,8,993520,2,14,1606000
201505,18,097,2,3,Marion County                 ,353,353,83822359,1,2,196285,3,12,1410733,35,245,190081913,327,327,78311353,0,0,0,3,12,1410733,34,224,188468297
201505,18,105,2,3,Monroe County                 ,82,82,19729103,5,10,1251783,0,0,0,0,0,0,82,82,19729103,5,10,1251783,0,0,0,0,0,0
201505,18,109,2,3,Morgan County                 ,40,40,7433294,0,0,0,0,0,0,0,0,0,40,40,7433294,0,0,0,0,0,0,0,0,0
201505,18,111,2,3,Newton County                 ,5,5,1122304,0,0,0,0,0,0,0,0,0,0,0,0,0,0,0,0,0,0,0,0,0
201505,18,115,2,3,Ohio County                   ,2,2,490000,0,0,0,0,0,0,0,0,0,2,2,490000,0,0,0,0,0,0,0,0,0
201505,18,119,2,3,Owen County                   ,8,8,720830,0,0,0,0,0,0,0,0,0,8,8,720830,0,0,0,0,0,0,0,0,0
201505,18,127,2,3,Porter County                 ,121,121,34104896,2,4,400000,2,6,480000,1,16,1505186,113,113,33069304,2,4,400000,2,6,480000,1,16,1505186
201505,18,133,2,3,Putnam County                 ,21,21,3767660,0,0,0,0,0,0,0,0,0,21,21,3767660,0,0,0,0,0,0,0,0,0
201505,18,145,2,3,Shelby County                 ,17,17,3455603,0,0,0,0,0,0,0,0,0,17,17,3455603,0,0,0,0,0,0,0,0,0
201505,18,151,2,3,Steuben County                ,34,34,9113607,0,0,0,0,0,0,0,0,0,34,34,9113607,0,0,0,0,0,0,0,0,0
201505,18,157,2,3,Tippecanoe County             ,171,171,35600295,0,0,0,0,0,0,4,30,2725368,49,49,7829918,0,0,0,0,0,0,0,0,0
201505,18,163,2,3,Vanderburgh County            ,113,113,15454739,6,12,1452389,0,0,0,0,0,0,113,113,15454739,6,12,1452389,0,0,0,0,0,0
201505,18,167,2,3,Vigo County                   ,27,27,6356920,4,8,451142,6,24,1020000,2,22,2067551,25,25,6055792,0,0,0,6,24,1020000,0,0,0
201505,18,175,2,3,Washington County             ,13,13,1795277,0,0,0,0,0,0,0,0,0,1,1,140000,0,0,0,0,0,0,0,0,0
201505,18,183,2,3,Whitley County                ,19,19,4086900,0,0,0,0,0,0,0,0,0,19,19,4086900,0,0,0,0,0,0,0,0,0
201505,19,049,2,4,Dallas County                 ,267,267,67401901,0,0,0,0,0,0,2,32,7998389,266,266,67199006,0,0,0,0,0,0,2,32,7998389
201505,19,085,2,4,Harrison County               ,7,7,1291351,1,2,229070,0,0,0,0,0,0,6,6,1071094,0,0,0,0,0,0,0,0,0
201505,19,129,2,4,Mills County                  ,3,3,746094,0,0,0,0,0,0,0,0,0,3,3,746094,0,0,0,0,0,0,0,0,0
201505,19,153,2,4,Polk County                   ,1095,1095,258872643,15,30,3122319,2,7,1181104,7,205,28623279,1068,1068,252514540,15,30,3122319,2,7,1181104,6,200,27970987
201505,19,181,2,4,Warren County                 ,95,95,25144646,1,2,241500,0,0,0,0,0,0,95,95,25144646,1,2,241500,0,0,0,0,0,0
201505,20,091,2,4,Johnson County                ,599,599,190068078,3,6,884977,2,6,885641,21,630,74114801,346,346,113768983,2,4,583394,0,0,0,17,583,67385674
201505,20,103,2,4,Leavenworth County            ,83,83,12640187,0,0,0,0,0,0,0,0,0,83,83,12640187,0,0,0,0,0,0,0,0,0
201505,20,107,2,4,Linn County                   ,13,13,1224394,0,0,0,0,0,0,0,0,0,8,8,709000,0,0,0,0,0,0,0,0,0
201505,20,121,2,4,Miami County                  ,24,24,4976077,0,0,0,0,0,0,2,32,2619215,9,9,1526966,0,0,0,0,0,0,2,32,2619215
201505,20,209,2,4,Wyandotte County              ,55,55,12143475,5,10,1000000,0,0,0,0,0,0,54,54,11964202,5,10,1000000,0,0,0,0,0,0
201505,21,005,3,6,Anderson County               ,15,15,2960962,0,0,0,0,0,0,0,0,0,15,15,2960962,0,0,0,0,0,0,0,0,0
201505,21,015,3,6,Boone County                  ,194,194,28078954,0,0,0,0,0,0,0,0,0,194,194,28078954,0,0,0,0,0,0,0,0,0
201505,21,017,3,6,Bourbon County                ,9,9,2879943,1,2,200000,0,0,0,0,0,0,2,2,743000,0,0,0,0,0,0,0,0,0
201505,21,021,3,6,Boyle County                  ,9,9,3816300,0,0,0,0,0,0,0,0,0,9,9,3816300,0,0,0,0,0,0,0,0,0
201505,21,029,3,6,Bullitt County                ,132,132,25440954,2,4,560000,0,0,0,0,0,0,132,132,25440954,2,4,560000,0,0,0,0,0,0
201505,21,035,3,6,Calloway County               ,2,2,319000,0,0,0,12,43,2311000,1,7,408000,2,2,319000,0,0,0,12,43,2311000,1,7,408000
201505,21,037,3,6,Campbell County               ,66,66,14847806,0,0,0,1,4,513500,6,64,5545600,65,65,14730806,0,0,0,1,4,513500,6,64,5545600
201505,21,045,3,6,Casey County                  ,0,0,0,0,0,0,0,0,0,0,0,0,0,0,0,0,0,0,0,0,0,0,0,0
201505,21,047,3,6,Christian County              ,20,20,1799600,0,0,0,1,4,280000,0,0,0,12,12,1230000,0,0,0,1,4,280000,0,0,0
201505,21,049,3,6,Clark County                  ,12,12,2214706,2,4,800000,0,0,0,0,0,0,4,4,830000,0,0,0,0,0,0,0,0,0
201505,21,067,3,6,Fayette County                ,311,311,46564993,4,8,677466,2,7,903014,6,122,8204088,0,0,0,0,0,0,0,0,0,0,0,0
201505,21,069,3,6,Fleming County                ,1,1,160000,0,0,0,0,0,0,0,0,0,1,1,160000,0,0,0,0,0,0,0,0,0
201505,21,077,3,6,Gallatin County               ,5,5,800500,0,0,0,0,0,0,0,0,0,5,5,800500,0,0,0,0,0,0,0,0,0
201505,21,081,3,6,Grant County                  ,14,14,2272613,0,0,0,0,0,0,1,5,313750,11,11,1661000,0,0,0,0,0,0,0,0,0
201505,21,091,3,6,Hancock County                ,1,1,195167,0,0,0,0,0,0,0,0,0,1,1,195167,0,0,0,0,0,0,0,0,0
201505,21,099,3,6,Hart County                   ,15,15,1458750,0,0,0,0,0,0,4,20,2270952,0,0,0,0,0,0,0,0,0,0,0,0
201505,21,101,3,6,Henderson County              ,13,13,2212000,0,0,0,0,0,0,0,0,0,13,13,2212000,0,0,0,0,0,0,0,0,0
201505,21,103,3,6,Henry County                  ,14,14,2139000,0,0,0,0,0,0,0,0,0,14,14,2139000,0,0,0,0,0,0,0,0,0
201505,21,111,3,6,Jefferson County              ,349,349,65463848,5,10,1115040,5,16,561000,23,182,8845354,259,259,46802761,2,4,750000,5,16,561000,10,76,2317900
201505,21,113,3,6,Jessamine County              ,72,72,19157783,0,0,0,1,3,378214,0,0,0,32,32,13808543,0,0,0,0,0,0,0,0,0
201505,21,115,3,6,Johnson County                ,0,0,0,0,0,0,0,0,0,0,0,0,0,0,0,0,0,0,0,0,0,0,0,0
201505,21,117,3,6,Kenton County                 ,99,99,21492091,0,0,0,0,0,0,0,0,0,99,99,21492091,0,0,0,0,0,0,0,0,0
201505,21,121,3,6,Knox County                   ,0,0,0,0,0,0,0,0,0,0,0,0,0,0,0,0,0,0,0,0,0,0,0,0
201505,21,123,3,6,Larue County                  ,14,14,2992199,0,0,0,0,0,0,0,0,0,8,8,1805345,0,0,0,0,0,0,0,0,0
201505,21,137,3,6,Lincoln County                ,12,12,2377270,0,0,0,0,0,0,0,0,0,12,12,2377270,0,0,0,0,0,0,0,0,0
201505,21,145,3,6,McCracken County              ,110,110,10957655,0,0,0,4,16,737120,1,5,810657,110,110,10957655,0,0,0,4,16,737120,1,5,810657
201505,21,151,3,6,Madison County                ,49,49,4551042,4,8,451984,5,20,895000,6,36,1242860,10,10,1175000,0,0,0,5,20,895000,1,11,400000
201505,21,161,3,6,Mason County                  ,5,5,1048000,0,0,0,0,0,0,0,0,0,5,5,1048000,0,0,0,0,0,0,0,0,0
201505,21,163,3,6,Meade County                  ,35,35,5308924,2,4,250000,0,0,0,0,0,0,25,25,3759120,2,4,250000,0,0,0,0,0,0
201505,21,167,3,6,Mercer County                 ,17,17,2382971,3,6,412500,0,0,0,0,0,0,0,0,0,0,0,0,0,0,0,0,0,0
201505,21,175,3,6,Morgan County                 ,6,6,450000,0,0,0,0,0,0,0,0,0,0,0,0,0,0,0,0,0,0,0,0,0
201505,21,179,3,6,Nelson County                 ,49,49,7877590,2,4,430000,1,4,210000,0,0,0,49,49,7877590,2,4,430000,1,4,210000,0,0,0
201505,21,185,3,6,Oldham County                 ,97,97,22658262,0,0,0,0,0,0,0,0,0,0,0,0,0,0,0,0,0,0,0,0,0
201505,21,191,3,6,Pendleton County              ,0,0,0,0,0,0,0,0,0,0,0,0,0,0,0,0,0,0,0,0,0,0,0,0
201505,21,209,3,6,Scott County                  ,183,183,24670811,1,2,330000,0,0,0,7,44,2365000,183,183,24670811,1,2,330000,0,0,0,7,44,2365000
201505,21,211,3,6,Shelby County                 ,101,101,15958490,0,0,0,0,0,0,0,0,0,101,101,15958490,0,0,0,0,0,0,0,0,0
201505,21,213,3,6,Simpson County                ,7,7,1293500,9,18,1320000,0,0,0,0,0,0,7,7,1293500,9,18,1320000,0,0,0,0,0,0
201505,21,215,3,6,Spencer County                ,28,28,6217969,0,0,0,0,0,0,0,0,0,28,28,6217969,0,0,0,0,0,0,0,0,0
201505,21,221,3,6,Trigg County                  ,0,0,0,0,0,0,0,0,0,0,0,0,0,0,0,0,0,0,0,0,0,0,0,0
201505,21,225,3,6,Union County                  ,0,0,0,0,0,0,0,0,0,0,0,0,0,0,0,0,0,0,0,0,0,0,0,0
201505,21,239,3,6,Woodford County               ,41,41,8193630,0,0,0,0,0,0,0,0,0,41,41,8193630,0,0,0,0,0,0,0,0,0
201505,22,005,3,7,Ascension Parish              ,424,424,62876478,0,0,0,0,0,0,0,0,0,340,340,50122422,0,0,0,0,0,0,0,0,0
201505,22,015,3,7,Bossier Parish                ,390,390,52561931,0,0,0,0,0,0,9,186,11325005,128,128,20476815,0,0,0,0,0,0,0,0,0
201505,22,017,3,7,Caddo Parish                  ,131,131,28943548,0,0,0,0,0,0,0,0,0,131,131,28943548,0,0,0,0,0,0,0,0,0
201505,22,031,3,7,De Soto Parish                ,45,45,11097710,0,0,0,0,0,0,0,0,0,40,40,10043053,0,0,0,0,0,0,0,0,0
201505,22,033,3,7,East Baton Rouge Parish       ,574,574,143344800,0,0,0,0,0,0,1,19,2610442,539,539,134917429,0,0,0,0,0,0,0,0,0
201505,22,037,3,7,East Feliciana Parish         ,17,17,3582298,0,0,0,0,0,0,0,0,0,17,17,3582298,0,0,0,0,0,0,0,0,0
201505,22,047,3,7,Iberville Parish              ,45,45,7938788,0,0,0,0,0,0,0,0,0,1,1,230000,0,0,0,0,0,0,0,0,0
201505,22,051,3,7,Jefferson Parish              ,160,160,28072347,3,6,372120,0,0,0,0,0,0,129,129,22299311,3,6,372120,0,0,0,0,0,0
201505,22,055,3,7,Lafayette Parish              ,722,722,158279187,1,2,200000,1,3,270000,0,0,0,469,469,101768699,1,2,200000,1,3,270000,0,0,0
201505,22,063,3,7,Livingston Parish             ,304,304,65757570,0,0,0,0,0,0,0,0,0,298,298,64713392,0,0,0,0,0,0,0,0,0
201505,22,071,3,7,Orleans Parish                ,104,104,23769155,7,14,1383255,1,4,382508,2,119,18759990,50,50,11431330,3,6,655050,0,0,0,1,100,15000000
201505,22,075,3,7,Plaquemines Parish            ,11,11,3529030,5,10,1480000,0,0,0,0,0,0,11,11,3529030,5,10,1480000,0,0,0,0,0,0
201505,22,077,3,7,Pointe Coupee Parish          ,23,23,6204692,0,0,0,0,0,0,0,0,0,23,23,6204692,0,0,0,0,0,0,0,0,0
201505,22,087,3,7,St. Bernard Parish            ,37,37,5922352,0,0,0,0,0,0,0,0,0,37,37,5922352,0,0,0,0,0,0,0,0,0
201505,22,089,3,7,St. Charles Parish            ,48,48,10640636,0,0,0,0,0,0,0,0,0,0,0,0,0,0,0,0,0,0,0,0,0
201505,22,091,3,7,St. Helena Parish             ,0,0,0,0,0,0,0,0,0,0,0,0,0,0,0,0,0,0,0,0,0,0,0,0
201505,22,095,3,7,St. John the Baptist Parish   ,13,13,1866493,0,0,0,0,0,0,0,0,0,10,10,1357000,0,0,0,0,0,0,0,0,0
201505,22,099,3,7,St. Martin Parish             ,61,61,14752598,0,0,0,0,0,0,0,0,0,61,61,14752598,0,0,0,0,0,0,0,0,0
201505,22,103,3,7,St. Tammany Parish            ,566,566,139796155,0,0,0,0,0,0,0,0,0,549,549,134065961,0,0,0,0,0,0,0,0,0
201505,22,109,3,7,Terrebonne Parish             ,94,94,24472877,0,0,0,0,0,0,0,0,0,94,94,24472877,0,0,0,0,0,0,0,0,0
201505,22,121,3,7,West Baton Rouge Parish       ,75,75,13379027,0,0,0,0,0,0,0,0,0,68,68,12741593,0,0,0,0,0,0,0,0,0
201505,22,125,3,7,West Feliciana Parish         ,14,14,3264748,0,0,0,0,0,0,0,0,0,14,14,3264748,0,0,0,0,0,0,0,0,0
201505,23,000,1,1,Maine Unorganized Territory   ,21,21,2788805,0,0,0,0,0,0,0,0,0,0,0,0,0,0,0,0,0,0,0,0,0
201505,24,003,3,5,Anne Arundel County           ,795,795,173835720,0,0,0,0,0,0,3,40,9941308,749,749,165640620,0,0,0,0,0,0,1,5,6001918
201505,24,005,3,5,Baltimore County              ,321,321,70726913,0,0,0,0,0,0,1,27,3000000,321,321,70726913,0,0,0,0,0,0,1,27,3000000
201505,24,009,3,5,Calvert County                ,112,112,25113655,0,0,0,0,0,0,0,0,0,112,112,25113655,0,0,0,0,0,0,0,0,0
201505,24,013,3,5,Carroll County                ,94,94,20950887,0,0,0,0,0,0,4,48,5280000,94,94,20950887,0,0,0,0,0,0,4,48,5280000
201505,24,015,3,5,Cecil County                  ,36,36,9981840,0,0,0,0,0,0,0,0,0,36,36,9981840,0,0,0,0,0,0,0,0,0
201505,24,017,3,5,Charles County                ,399,399,82602348,0,0,0,0,0,0,0,0,0,387,387,80391500,0,0,0,0,0,0,0,0,0
201505,24,021,3,5,Frederick County              ,327,327,73938174,0,0,0,0,0,0,8,103,18578364,327,327,73938174,0,0,0,0,0,0,8,103,18578364
201505,24,023,3,5,Garrett County                ,46,46,12212207,0,0,0,0,0,0,0,0,0,46,46,12212207,0,0,0,0,0,0,0,0,0
201505,24,025,3,5,Harford County                ,123,123,31003808,0,0,0,0,0,0,8,90,8257904,118,118,29545964,0,0,0,0,0,0,7,84,7525436
201505,24,027,3,5,Howard County                 ,392,392,86447136,0,0,0,0,0,0,4,262,24821676,392,392,86447136,0,0,0,0,0,0,4,262,24821676
201505,24,031,3,5,Montgomery County             ,500,500,108793052,0,0,0,1,4,95000,5,68,64817008,500,500,108793052,0,0,0,1,4,95000,5,68,64817008
201505,24,033,3,5,Prince George County          ,602,602,132427099,0,0,0,0,0,0,1,319,25935976,602,602,132427099,0,0,0,0,0,0,1,319,25935976
201505,24,035,3,5,Queen Anne County             ,77,77,14951229,2,4,270000,0,0,0,0,0,0,77,77,14951229,2,4,270000,0,0,0,0,0,0
201505,24,037,3,5,St. Mary's County             ,316,316,63989538,0,0,0,0,0,0,1,5,905000,316,316,63989538,0,0,0,0,0,0,1,5,905000
201505,24,037,3,5,St. Marys County              ,316,316,63989538,0,0,0,0,0,0,1,5,905000,316,316,63989538,0,0,0,0,0,0,1,5,905000
201505,24,039,3,5,Somerset County               ,13,13,2207145,0,0,0,0,0,0,1,5,489667,6,6,1220000,0,0,0,0,0,0,0,0,0
201505,24,045,3,5,Wicomico County               ,31,31,5521240,1,2,176172,0,0,0,4,36,2578295,31,31,5521240,0,0,0,0,0,0,4,36,2578295
201505,24,510,3,5,Baltimore (Independent City)  ,104,104,15547131,1,2,354842,3,11,1440142,5,349,32278812,0,0,0,0,0,0,0,0,0,0,0,0
201505,25,005,1,1,Bristol County                ,207,207,41028048,3,6,994400,0,0,0,4,56,3830517,164,164,32873425,3,6,994400,0,0,0,3,46,3115000
201505,25,009,1,1,Essex County                  ,214,214,68473286,4,8,1084575,3,9,2129929,13,173,21989462,126,126,41477294,1,2,325000,2,6,1450000,1,18,746250
201505,25,017,1,1,Middlesex County              ,488,488,133708464,17,34,4397652,3,9,1125394,39,1192,156816473,351,351,99071956,12,24,2943652,2,6,615383,17,482,66022190
201505,25,021,1,1,Norfolk County                ,198,198,71165614,4,8,1307036,2,6,993758,19,251,19405884,125,125,45446067,2,4,610000,0,0,0,1,15,1900000
201505,25,023,1,1,Plymouth County               ,285,285,66195729,3,6,758213,5,16,1752553,9,67,6349024,213,213,51406419,3,6,758213,0,0,0,2,10,600000
201505,25,025,1,1,Suffolk County                ,23,23,5493279,23,46,7921004,8,26,3912240,30,2362,576696375,20,20,5017818,22,44,7700000,8,26,3912240,18,2014,537857324
201505,26,000,2,3,Michigan Balance of State     ,16,16,3168164,1,2,442640,0,0,0,0,0,0,8,8,1823934,0,0,0,0,0,0,0,0,0
201505,26,019,2,3,Benzie County                 ,13,13,2453436,0,0,0,0,0,0,0,0,0,13,13,2453436,0,0,0,0,0,0,0,0,0
201505,26,029,2,3,Charlevoix County             ,18,18,5493525,1,2,570171,0,0,0,0,0,0,0,0,0,0,0,0,0,0,0,0,0,0
201505,26,089,2,3,Leelanau County               ,39,39,8797219,0,0,0,0,0,0,0,0,0,39,39,8797219,0,0,0,0,0,0,0,0,0
201505,26,093,2,3,Livingston County             ,207,207,55639357,3,6,1133493,0,0,0,5,36,5237894,198,198,54720713,3,6,1133493,0,0,0,5,36,5237894
201505,26,095,2,3,Luce County                   ,1,1,300000,0,0,0,0,0,0,0,0,0,1,1,300000,0,0,0,0,0,0,0,0,0
201505,26,099,2,3,Macomb County                 ,409,409,106412203,3,6,1205705,0,0,0,10,158,10713535,392,392,101124484,3,6,1205705,0,0,0,9,144,8838368
201505,26,103,2,3,Marquette County              ,19,19,3870000,0,0,0,0,0,0,1,9,2430000,19,19,3870000,0,0,0,0,0,0,1,9,2430000
201505,26,137,2,3,Otsego County                 ,5,5,405000,0,0,0,0,0,0,0,0,0,0,0,0,0,0,0,0,0,0,0,0,0
201505,26,147,2,3,St. Clair County              ,34,34,6761098,0,0,0,0,0,0,0,0,0,28,28,5785047,0,0,0,0,0,0,0,0,0
201505,26,163,2,3,Wayne County                  ,304,304,83277490,1,2,245000,5,19,3154542,4,51,3787219,292,292,80844141,1,2,245000,4,16,2692510,4,51,3787219
201505,27,003,2,4,Anoka County                  ,287,287,79008167,0,0,0,0,0,0,2,16,2678800,276,276,76570399,0,0,0,0,0,0,2,16,2678800
201505,27,019,2,4,Carver County                 ,192,192,59465143,1,2,254572,1,4,639000,1,138,17000000,155,155,48059282,1,2,254572,1,4,639000,1,138,17000000
201505,27,025,2,4,Chisago County                ,62,62,9711163,0,0,0,0,0,0,0,0,0,51,51,8305485,0,0,0,0,0,0,0,0,0
201505,27,027,2,4,Clay County                   ,130,130,27856349,2,4,550000,5,15,2476880,2,72,6000000,130,130,27856349,2,4,550000,5,15,2476880,2,72,6000000
201505,27,037,2,4,Dakota County                 ,370,370,111853233,0,0,0,2,8,772000,0,0,0,310,310,95485611,0,0,0,2,8,772000,0,0,0
201505,27,053,2,4,Hennepin County               ,637,637,238654227,1,2,305000,2,7,1013400,9,804,163249095,624,624,231685186,1,2,305000,2,7,1013400,8,794,161487695
201505,27,059,2,4,Isanti County                 ,39,39,7493768,0,0,0,0,0,0,0,0,0,39,39,7493768,0,0,0,0,0,0,0,0,0
201505,27,123,2,4,Ramsey County                 ,81,81,27549002,0,0,0,0,0,0,2,249,32300000,80,80,27228519,0,0,0,0,0,0,2,249,32300000
201505,27,139,2,4,Scott County                  ,154,154,49629543,0,0,0,0,0,0,0,0,0,154,154,49629543,0,0,0,0,0,0,0,0,0
201505,27,141,2,4,Sherburne County              ,96,96,22383059,0,0,0,0,0,0,0,0,0,89,89,21042561,0,0,0,0,0,0,0,0,0
201505,27,163,2,4,Washington County             ,240,240,82436475,0,0,0,0,0,0,1,160,31561000,224,224,75156645,0,0,0,0,0,0,1,160,31561000
201505,27,171,2,4,Wright County                 ,189,189,51458740,0,0,0,0,0,0,0,0,0,177,177,49433310,0,0,0,0,0,0,0,0,0
201505,28,033,3,6,DeSoto County                 ,429,429,62342005,0,0,0,0,0,0,1,5,424350,285,285,36020380,0,0,0,0,0,0,1,5,424350
201505,28,041,3,6,Greene County                 ,1,1,120000,0,0,0,0,0,0,0,0,0,1,1,120000,0,0,0,0,0,0,0,0,0
201505,28,045,3,6,Hancock County                ,141,141,22159355,3,6,555537,5,17,1706142,5,53,4487123,8,8,1745563,0,0,0,0,0,0,0,0,0
201505,28,047,3,6,Harrison County               ,330,330,50502185,1,2,245000,0,0,0,0,0,0,285,285,45390140,0,0,0,0,0,0,0,0,0
201505,28,067,3,6,Jones County                  ,12,12,1106818,0,0,0,0,0,0,0,0,0,1,1,168000,0,0,0,0,0,0,0,0,0
201505,28,137,3,6,Tate County                   ,20,20,3552409,0,0,0,0,0,0,0,0,0,5,5,1200000,0,0,0,0,0,0,0,0,0
201505,28,143,3,6,Tunica County                 ,6,6,481920,0,0,0,0,0,0,0,0,0,0,0,0,0,0,0,0,0,0,0,0,0
201505,28,145,3,6,Union County                  ,3,3,421000,0,0,0,0,0,0,0,0,0,3,3,421000,0,0,0,0,0,0,0,0,0
201505,28,149,3,6,Warren County                 ,2,2,140000,0,0,0,0,0,0,0,0,0,2,2,140000,0,0,0,0,0,0,0,0,0
201505,29,013,2,4,Bates County                  ,2,2,425000,0,0,0,0,0,0,0,0,0,2,2,425000,0,0,0,0,0,0,0,0,0
201505,29,019,2,4,Boone County                  ,286,286,64862333,8,16,1430000,1,4,350000,7,144,21931012,286,286,64862333,8,16,1430000,1,4,350000,7,144,21931012
201505,29,049,2,4,Clinton County                ,12,12,2634854,0,0,0,0,0,0,0,0,0,8,8,1844800,0,0,0,0,0,0,0,0,0
201505,29,065,2,4,Dent County                   ,0,0,0,0,0,0,0,0,0,0,0,0,0,0,0,0,0,0,0,0,0,0,0,0
201505,29,071,2,4,Franklin County               ,139,139,24002714,1,2,400000,0,0,0,0,0,0,139,139,24002714,1,2,400000,0,0,0,0,0,0
201505,29,095,2,4,Jackson County                ,649,649,138786543,18,36,3402976,7,28,2631368,16,540,41118080,646,646,138274514,18,36,3402976,7,28,2631368,16,540,41118080
201505,29,099,2,4,Jefferson County              ,215,215,31079765,2,4,325000,0,0,0,1,5,567387,200,200,28692071,1,2,60000,0,0,0,0,0,0
201505,29,105,2,4,Laclede County                ,11,11,1429700,0,0,0,0,0,0,0,0,0,11,11,1429700,0,0,0,0,0,0,0,0,0
201505,29,107,2,4,Lafayette County              ,10,10,2081233,0,0,0,0,0,0,0,0,0,0,0,0,0,0,0,0,0,0,0,0,0
201505,29,113,2,4,Lincoln County                ,31,31,3294673,0,0,0,4,16,1752000,4,26,2847000,31,31,3294673,0,0,0,4,16,1752000,4,26,2847000
201505,29,165,2,4,Platte County                 ,104,104,28396943,0,0,0,3,9,990000,0,0,0,102,102,28072226,0,0,0,3,9,990000,0,0,0
201505,29,185,2,4,St. Clair County              ,0,0,0,0,0,0,0,0,0,0,0,0,0,0,0,0,0,0,0,0,0,0,0,0
201505,29,189,2,4,St. Louis County              ,358,358,152840807,0,0,0,0,0,0,2,15,4755428,248,248,108086392,0,0,0,0,0,0,0,0,1700000
201505,29,219,2,4,Warren County                 ,36,36,7924883,0,0,0,0,0,0,0,0,0,36,36,7924883,0,0,0,0,0,0,0,0,0
201505,29,221,2,4,Washington County             ,0,0,0,0,0,0,0,0,0,0,0,0,0,0,0,0,0,0,0,0,0,0,0,0
201505,29,510,2,4,St. Louis (Independent City)  ,33,33,5790743,0,0,0,3,9,300000,2,35,6799000,33,33,5790743,0,0,0,3,9,300000,2,35,6799000
201505,30,033,4,8,Garfield County               ,1,1,150000,0,0,0,0,0,0,0,0,0,1,1,150000,0,0,0,0,0,0,0,0,0
201505,30,063,4,8,Missoula County               ,106,106,14541879,3,6,498552,2,8,270168,7,133,5408518,99,99,12766055,3,6,498552,2,8,270168,7,133,5408518
201505,30,093,4,8,Silver Bow County             ,12,12,1367366,1,2,99406,3,12,467300,1,5,205206,12,12,1367366,1,2,99406,3,12,467300,1,5,205206
201505,31,001,2,4,Adams County                  ,25,25,5102855,2,4,387864,0,0,0,0,0,0,0,0,0,0,0,0,0,0,0,0,0,0
201505,31,025,2,4,Cass County                   ,37,37,5804768,0,0,0,0,0,0,0,0,0,37,37,5804768,0,0,0,0,0,0,0,0,0
201505,31,033,2,4,Cheyenne County               ,10,10,2504365,0,0,0,0,0,0,1,8,595000,10,10,2504365,0,0,0,0,0,0,1,8,595000
201505,31,055,2,4,Douglas County                ,667,667,101788187,0,0,0,0,0,0,4,146,10830876,642,642,95544588,0,0,0,0,0,0,4,146,10830876
201505,31,105,2,4,Kimball County                ,0,0,0,0,0,0,0,0,0,0,0,0,0,0,0,0,0,0,0,0,0,0,0,0
201505,31,153,2,4,Sarpy County                  ,340,340,90355323,0,0,0,0,0,0,0,0,0,340,340,90355323,0,0,0,0,0,0,0,0,0
201505,31,165,2,4,Sioux County                  ,1,1,318000,0,0,0,0,0,0,0,0,0,1,1,318000,0,0,0,0,0,0,0,0,0
201505,31,177,2,4,Washington County             ,34,34,8076858,0,0,0,0,0,0,0,0,0,34,34,8076858,0,0,0,0,0,0,0,0,0
201505,32,001,4,8,Churchill County              ,11,11,2477208,0,0,0,0,0,0,0,0,0,11,11,2477208,0,0,0,0,0,0,0,0,0
201505,32,003,4,8,Clark County                  ,3403,3403,545050197,2,4,600000,2,7,1057362,65,1135,75044544,3403,3403,545050197,2,4,600000,2,7,1057362,65,1135,75044544
201505,32,005,4,8,Douglas County                ,64,64,23935829,1,2,294902,0,0,0,0,0,0,64,64,23935829,1,2,294902,0,0,0,0,0,0
201505,32,007,4,8,Elko County                   ,93,93,12725819,0,0,0,0,0,0,3,36,2859998,92,92,12710819,0,0,0,0,0,0,3,36,2859998
201505,32,013,4,8,Humboldt County               ,7,7,1079698,0,0,0,0,0,0,0,0,0,7,7,1079698,0,0,0,0,0,0,0,0,0
201505,32,015,4,8,Lander County                 ,0,0,0,0,0,0,0,0,0,0,0,0,0,0,0,0,0,0,0,0,0,0,0,0
201505,32,017,4,8,Lincoln County                ,5,5,1267414,0,0,0,0,0,0,0,0,0,2,2,524308,0,0,0,0,0,0,0,0,0
201505,32,019,4,8,Lyon County                   ,54,54,10041547,0,0,0,0,0,0,0,0,0,51,51,9430073,0,0,0,0,0,0,0,0,0
201505,32,021,4,8,Mineral County                ,0,0,0,0,0,0,0,0,0,0,0,0,0,0,0,0,0,0,0,0,0,0,0,0
201505,32,027,4,8,Pershing County               ,0,0,0,0,0,0,0,0,0,0,0,0,0,0,0,0,0,0,0,0,0,0,0,0
201505,32,029,4,8,Storey County                 ,6,6,1081981,0,0,0,0,0,0,0,0,0,6,6,1081981,0,0,0,0,0,0,0,0,0
201505,32,031,4,8,Washoe County                 ,761,761,187875372,2,4,324665,1,3,230198,32,346,31720616,627,627,155090230,2,4,324665,0,0,0,26,296,26227436
201505,32,033,4,8,White Pine County             ,5,5,1016584,0,0,0,0,0,0,0,0,0,3,3,722584,0,0,0,0,0,0,0,0,0
201505,32,510,4,8,Carson City (Independent City),14,14,3524028,0,0,0,0,0,0,0,0,0,14,14,3524028,0,0,0,0,0,0,0,0,0
201505,33,015,1,1,Rockingham County             ,202,202,52258800,5,10,1610000,0,0,0,0,0,0,154,154,40013946,3,6,1110000,0,0,0,0,0,0
201505,33,017,1,1,Strafford County              ,75,75,14819839,4,8,1365060,1,3,444529,9,163,25615238,66,66,13192054,2,4,707500,0,0,0,4,32,3238696
201505,34,001,1,2,Atlantic County               ,121,121,19145483,1,2,289712,0,0,0,7,148,22626488,81,81,14419503,0,0,0,0,0,0,0,0,0
201505,34,003,1,2,Bergen County                 ,349,349,104700752,31,62,12505223,6,18,2067150,40,653,52417545,203,203,54279925,22,44,10517500,4,12,1714000,5,39,4333200
201505,34,005,1,2,Burlington County             ,231,231,40637923,1,2,216224,0,0,0,10,138,7018712,185,185,33874291,1,2,216224,0,0,0,1,8,954000
201505,34,007,1,2,Camden County                 ,114,114,20548572,9,18,125705,0,0,0,44,453,23928143,64,64,14803009,9,18,125705,0,0,0,22,135,3993356
201505,34,009,1,2,Cape May County               ,184,184,56641028,29,58,8602701,0,0,0,1,13,1823750,177,177,55402673,29,58,8602701,0,0,0,1,13,1823750
201505,34,011,1,2,Cumberland County             ,65,65,6885716,0,0,0,0,0,0,2,15,1998540,19,19,1548724,0,0,0,0,0,0,0,0,0
201505,34,013,1,2,Essex County                  ,315,315,26990470,5,10,744902,8,25,2047844,36,702,51950823,264,264,18671753,3,6,575500,5,15,1060500,5,105,14588446
201505,34,015,1,2,Gloucester County             ,146,146,18960076,1,2,47561,0,0,0,0,0,0,116,116,15681868,1,2,47561,0,0,0,0,0,0
201505,34,017,1,2,Hudson County                 ,74,74,10450168,8,16,2641185,9,31,5913951,27,2399,310363641,43,43,6424400,3,6,1730000,5,19,4518300,10,1059,136686320
201505,34,019,1,2,Hunterdon County              ,61,61,13104090,0,0,0,0,0,0,10,119,6237495,51,51,11494777,0,0,0,0,0,0,1,6,850000
201505,34,021,1,2,Mercer County                 ,83,83,26495509,2,4,29250,1,3,80000,11,366,9066580,73,73,24132924,2,4,29250,1,3,80000,8,325,5883050
201505,34,023,1,2,Middlesex County              ,297,297,50479255,1,2,212450,2,6,896117,30,902,95390998,264,264,45515368,0,0,0,0,0,0,13,278,11093410
201505,34,025,1,2,Monmouth County               ,351,351,85286596,0,0,0,1,3,230000,11,179,20337628,251,251,67943521,0,0,0,1,3,230000,4,133,15046418
201505,34,027,1,2,Morris County                 ,317,317,63511043,0,0,0,0,0,0,30,575,30370773,226,226,43560241,0,0,0,0,0,0,5,82,2227750
201505,34,029,1,2,Ocean County                  ,829,829,167957831,17,34,2821061,0,0,0,17,212,21881443,821,821,166524054,17,34,2821061,0,0,0,17,212,21881443
201505,34,031,1,2,Passaic County                ,42,42,9319061,4,8,661263,1,3,64500,11,150,14081789,14,14,4830434,2,4,359750,0,0,0,2,15,1377040
201505,34,033,1,2,Salem County                  ,12,12,1147612,0,0,0,0,0,0,1,12,260000,8,8,647500,0,0,0,0,0,0,1,12,260000
201505,34,035,1,2,Somerset County               ,169,169,31362845,1,2,168800,0,0,0,18,446,28062507,139,139,27875369,1,2,168800,0,0,0,2,40,3965582
201505,34,037,1,2,Sussex County                 ,52,52,11498968,0,0,0,0,0,0,7,51,2963370,13,13,3519930,0,0,0,0,0,0,0,0,0
201505,34,039,1,2,Union County                  ,122,122,26958930,15,30,2215394,0,0,0,38,888,56664409,56,56,19390825,13,26,1749602,0,0,0,14,441,41494711
201505,34,041,1,2,Warren County                 ,57,57,9948714,0,0,0,0,0,0,4,47,2029402,21,21,4603756,0,0,0,0,0,0,0,0,0
201505,35,000,4,8,New Mexico Balance of State   ,117,117,31484432,0,0,0,0,0,0,0,0,0,117,117,31484432,0,0,0,0,0,0,0,0,0
201505,35,001,4,8,Bernalillo County             ,431,431,93611442,0,0,0,0,0,0,1,130,13543630,431,431,93611442,0,0,0,0,0,0,1,130,13543630
201505,35,005,4,8,Chaves County                 ,33,33,5426576,0,0,0,0,0,0,0,0,0,33,33,5426576,0,0,0,0,0,0,0,0,0
201505,35,007,4,8,Colfax County                 ,4,4,1673222,0,0,0,0,0,0,0,0,0,0,0,0,0,0,0,0,0,0,0,0,0
201505,35,009,4,8,Curry County                  ,27,27,6626016,0,0,0,0,0,0,0,0,0,27,27,6626016,0,0,0,0,0,0,0,0,0
201505,35,013,4,8,Dona Ana County               ,293,293,58282434,0,0,0,1,4,550000,1,11,800000,293,293,58282434,0,0,0,1,4,550000,1,11,800000
201505,35,015,4,8,Eddy County                   ,74,74,14155181,0,0,0,0,0,0,0,0,0,74,74,14155181,0,0,0,0,0,0,0,0,0
201505,35,017,4,8,Grant County                  ,4,4,939300,0,0,0,0,0,0,0,0,0,4,4,939300,0,0,0,0,0,0,0,0,0
201505,35,025,4,8,Lea County                    ,69,69,15503766,0,0,0,0,0,0,13,240,4500000,69,69,15503766,0,0,0,0,0,0,13,240,4500000
201505,35,027,4,8,Lincoln County                ,25,25,6042155,0,0,0,0,0,0,0,0,0,0,0,0,0,0,0,0,0,0,0,0,0
201505,35,028,4,8,Los Alamos County             ,2,2,936451,0,0,0,0,0,0,0,0,0,2,2,936451,0,0,0,0,0,0,0,0,0
201505,35,029,4,8,Luna County                   ,2,2,386000,0,0,0,0,0,0,0,0,0,2,2,386000,0,0,0,0,0,0,0,0,0
201505,35,031,4,8,McKinley County               ,1,1,165000,0,0,0,0,0,0,0,0,0,1,1,165000,0,0,0,0,0,0,0,0,0
201505,35,035,4,8,Otero County                  ,0,0,0,0,0,0,0,0,0,0,0,0,0,0,0,0,0,0,0,0,0,0,0,0
201505,35,039,4,8,Rio Arriba County             ,0,0,0,0,0,0,0,0,0,0,0,0,0,0,0,0,0,0,0,0,0,0,0,0
201505,35,041,4,8,Roosevelt County              ,16,16,2402853,0,0,0,0,0,0,0,0,0,14,14,2101500,0,0,0,0,0,0,0,0,0
201505,35,043,4,8,Sandoval County               ,388,388,73660226,4,8,1133084,9,33,2767159,5,25,1041665,1,1,917640,0,0,0,0,0,0,0,0,0
201505,35,045,4,8,San Juan County               ,48,48,11463081,0,0,0,0,0,0,0,0,0,36,36,9085561,0,0,0,0,0,0,0,0,0
201505,35,047,4,8,San Miguel County             ,0,0,0,0,0,0,0,0,0,0,0,0,0,0,0,0,0,0,0,0,0,0,0,0
201505,35,049,4,8,Santa Fe County               ,36,36,9792576,0,0,0,0,0,0,0,0,0,36,36,9792576,0,0,0,0,0,0,0,0,0
201505,35,051,4,8,Sierra County                 ,0,0,0,0,0,0,0,0,0,0,0,0,0,0,0,0,0,0,0,0,0,0,0,0
201505,35,053,4,8,Socorro County                ,0,0,0,0,0,0,1,3,195000,0,0,0,0,0,0,0,0,0,1,3,195000,0,0,0
201505,35,055,4,8,Taos County                   ,29,29,3560707,0,0,0,0,0,0,0,0,0,2,2,600000,0,0,0,0,0,0,0,0,0
201505,35,061,4,8,Valencia County               ,34,34,3686008,0,0,0,0,0,0,0,0,0,0,0,0,0,0,0,0,0,0,0,0,0
201505,36,001,1,2,Albany County                 ,91,91,24129145,1,2,220000,8,31,4434429,10,318,49744350,83,83,22556117,1,2,220000,8,31,4434429,10,318,49744350
201505,36,005,1,2,Bronx County                  ,1,1,257201,13,26,3349220,3,10,1087559,18,1034,114726780,1,1,257201,13,26,3349220,3,10,1087559,18,1034,114726780
201505,36,029,1,2,Erie County                   ,274,274,71700182,3,6,920000,0,0,0,8,204,17290480,243,243,64093426,3,6,920000,0,0,0,4,143,11000000
201505,36,047,1,2,Kings County                  ,8,8,2057605,23,46,5910037,42,144,15756683,168,10330,1257582200,8,8,2057605,23,46,5910037,42,144,15756683,168,10330,1257582200
201505,36,051,1,2,Livingston County             ,20,20,3504940,0,0,0,0,0,0,2,10,568000,13,13,1996500,0,0,0,0,0,0,0,0,0
201505,36,055,1,2,Monroe County                 ,320,320,59814828,4,8,1083970,0,0,0,8,130,16053800,305,305,55220313,2,4,460000,0,0,0,8,130,16053800
201505,36,059,1,2,Nassau County                 ,229,229,116672223,1,2,271215,0,0,0,4,81,12936467,177,177,98216228,1,2,271215,0,0,0,1,9,1700000
201505,36,061,1,2,New York County               ,4,4,1028802,0,0,0,1,4,432256,30,6257,752005140,4,4,1028802,0,0,0,1,4,432256,30,6257,752005140
201505,36,063,1,2,Niagara County                ,66,66,16043679,0,0,0,3,12,1893888,1,8,1045173,62,62,15315796,0,0,0,3,12,1893888,1,8,1045173
201505,36,069,1,2,Ontario County                ,137,137,32062717,1,2,115000,0,0,0,1,48,5600000,127,127,29916043,1,2,115000,0,0,0,1,48,5600000
201505,36,073,1,2,Orleans County                ,9,9,1130900,0,0,0,0,0,0,0,0,0,7,7,835900,0,0,0,0,0,0,0,0,0
201505,36,079,1,2,Putnam County                 ,15,15,4225912,0,0,0,0,0,0,4,20,2133358,9,9,2918000,0,0,0,0,0,0,0,0,0
201505,36,081,1,2,Queens County                 ,67,67,16711891,47,94,11877101,32,99,10800394,59,5862,715377740,67,67,16711891,47,94,11877101,32,99,10800394,59,5862,715377740
201505,36,083,1,2,Rensselaer County             ,36,36,7406699,0,0,0,0,0,0,1,30,1431818,13,13,3024000,0,0,0,0,0,0,0,0,0
201505,36,085,1,2,Richmond County               ,74,74,18528070,64,128,16046553,0,0,0,1,6,750120,74,74,18528070,64,128,16046553,0,0,0,1,6,750120
201505,36,087,1,2,Rockland County               ,56,56,14406395,11,22,3145061,1,3,329381,14,118,14226911,54,54,14074175,8,16,2068811,1,3,329381,13,99,10962200
201505,36,091,1,2,Saratoga County               ,229,229,57257711,4,8,1021807,8,26,2844718,22,248,18343355,198,198,50993596,4,8,1021807,7,23,2619718,16,196,13902700
201505,36,093,1,2,Schenectady County            ,20,20,3258944,0,0,0,4,16,1325000,8,121,10148480,16,16,2661300,0,0,0,4,16,1325000,7,104,9089522
201505,36,095,1,2,Schoharie County              ,6,6,1427347,0,0,0,0,0,0,0,0,0,4,4,967520,0,0,0,0,0,0,0,0,0
201505,36,099,1,2,Seneca County                 ,7,7,1046000,0,0,0,0,0,0,0,0,0,7,7,1046000,0,0,0,0,0,0,0,0,0
201505,36,117,1,2,Wayne County                  ,29,29,5252304,5,10,500000,0,0,0,0,0,0,23,23,4309627,5,10,500000,0,0,0,0,0,0
201505,36,119,1,2,Westchester County            ,121,121,71619974,6,12,1422148,0,0,0,11,232,35897170,104,104,65406797,4,8,1135000,0,0,0,9,222,31230504
201505,37,007,3,5,Anson County                  ,12,12,1798380,0,0,0,0,0,0,0,0,0,0,0,0,0,0,0,0,0,0,0,0,0
201505,37,011,3,5,Avery County                  ,14,14,5998000,0,0,0,0,0,0,0,0,0,14,14,5998000,0,0,0,0,0,0,0,0,0
201505,37,015,3,5,Bertie County                 ,10,10,1776700,0,0,0,0,0,0,0,0,0,10,10,1776700,0,0,0,0,0,0,0,0,0
201505,37,025,3,5,Cabarrus County               ,562,562,77499702,0,0,0,0,0,0,19,348,22748453,562,562,77499702,0,0,0,0,0,0,19,348,22748453
201505,37,033,3,5,Caswell County                ,17,17,3890025,0,0,0,0,0,0,0,0,0,17,17,3890025,0,0,0,0,0,0,0,0,0
201505,37,037,3,5,Chatham County                ,255,255,67414118,0,0,0,0,0,0,0,0,0,255,255,67414118,0,0,0,0,0,0,0,0,0
201505,37,051,3,5,Cumberland County             ,308,308,50668428,0,0,0,0,0,0,6,138,10384552,308,308,50668428,0,0,0,0,0,0,6,138,10384552
201505,37,053,3,5,Currituck County              ,117,117,29596999,2,4,253700,0,0,0,0,0,0,117,117,29596999,2,4,253700,0,0,0,0,0,0
201505,37,059,3,5,Davie County                  ,47,47,11553352,0,0,0,0,0,0,5,80,3517100,42,42,10369113,0,0,0,0,0,0,5,80,3517100
201505,37,063,3,5,Durham County                 ,558,558,102367889,0,0,0,0,0,0,10,555,32260347,104,104,17533501,0,0,0,0,0,0,0,0,0
201505,37,069,3,5,Franklin County               ,140,140,25186601,0,0,0,0,0,0,0,0,0,140,140,25186601,0,0,0,0,0,0,0,0,0
201505,37,071,3,5,Gaston County                 ,371,371,91280029,0,0,0,0,0,0,4,20,2856807,371,371,91280029,0,0,0,0,0,0,4,20,2856807
201505,37,081,3,5,Guilford County               ,521,521,126821228,0,0,0,0,0,0,8,151,20418414,498,498,121896086,0,0,0,0,0,0,7,124,17794771
201505,37,089,3,5,Henderson County              ,259,259,46812833,0,0,0,0,0,0,0,0,0,259,259,46812833,0,0,0,0,0,0,0,0,0
201505,37,093,3,5,Hoke County                   ,88,88,19334954,0,0,0,0,0,0,1,49,4642222,88,88,19334954,0,0,0,0,0,0,1,49,4642222
201505,37,097,3,5,Iredell County                ,439,439,133395340,0,0,0,0,0,0,0,0,0,439,439,133395340,0,0,0,0,0,0,0,0,0
201505,37,101,3,5,Johnston County               ,626,626,104049267,0,0,0,0,0,0,0,0,0,617,617,102528636,0,0,0,0,0,0,0,0,0
201505,37,119,3,5,Mecklenburg County            ,1663,1663,369040342,14,28,6342197,8,32,3592008,93,2084,150269131,1663,1663,369040342,14,28,6342197,8,32,3592008,93,2084,150269131
201505,37,133,3,5,Onslow County                 ,364,364,46388000,0,0,0,2,8,629440,1,8,680000,364,364,46388000,0,0,0,2,8,629440,1,8,680000
201505,37,135,3,5,Orange County                 ,155,155,47741982,0,0,0,0,0,0,0,0,0,146,146,44588468,0,0,0,0,0,0,0,0,0
201505,37,145,3,5,Person County                 ,28,28,4751183,0,0,0,0,0,0,0,0,0,28,28,4751183,0,0,0,0,0,0,0,0,0
201505,37,151,3,5,Randolph County               ,77,77,16556096,0,0,0,0,0,0,0,0,0,77,77,16556096,0,0,0,0,0,0,0,0,0
201505,37,157,3,5,Rockingham County             ,51,51,11471213,0,0,0,0,0,0,0,0,0,51,51,11471213,0,0,0,0,0,0,0,0,0
201505,37,179,3,5,Union County                  ,571,571,115258328,1,2,96000,0,0,0,0,0,0,564,564,114503505,1,2,96000,0,0,0,0,0,0
201505,37,181,3,5,Vance County                  ,12,12,1888232,0,0,0,0,0,0,0,0,0,0,0,0,0,0,0,0,0,0,0,0,0
201505,37,183,3,5,Wake County                   ,2796,2796,618762990,8,16,1618171,3,10,1844400,50,1737,118868264,2711,2711,600000559,8,16,1618171,3,10,1844400,50,1737,118868264
201505,37,195,3,5,Wilson County                 ,43,43,10672129,0,0,0,0,0,0,0,0,0,43,43,10672129,0,0,0,0,0,0,0,0,0
201505,39,007,2,3,Ashtabula County              ,21,21,3715525,2,4,267000,0,0,0,0,0,0,0,0,0,0,0,0,0,0,0,0,0,0
201505,39,015,2,3,Brown County                  ,24,24,3823913,0,0,0,0,0,0,0,0,0,0,0,0,0,0,0,0,0,0,0,0,0
201505,39,017,2,3,Butler County                 ,216,216,48245698,2,4,900000,0,0,0,0,0,0,211,211,47532583,2,4,900000,0,0,0,0,0,0
201505,39,025,2,3,Clermont County               ,129,129,24358515,0,0,0,2,6,1089000,4,32,1307808,129,129,24358515,0,0,0,2,6,1089000,4,32,1307808
201505,39,041,2,3,Delaware County               ,324,324,79388389,0,0,0,4,16,1916202,1,6,252000,324,324,79388389,0,0,0,4,16,1916202,1,6,252000
201505,39,049,2,3,Franklin County               ,589,589,166358611,1,2,549506,2,8,940489,55,1031,102948137,577,577,163062754,1,2,549506,2,8,940489,55,1031,102948137
201505,39,055,2,3,Geauga County                 ,52,52,16787990,0,0,0,0,0,0,0,0,0,52,52,16787990,0,0,0,0,0,0,0,0,0
201505,39,085,2,3,Lake County                   ,109,109,26139935,0,0,0,0,0,0,2,11,982212,81,81,18663022,0,0,0,0,0,0,0,0,0
201505,39,089,2,3,Licking County                ,123,123,31884949,0,0,0,0,0,0,0,0,0,122,122,31645861,0,0,0,0,0,0,0,0,0
201505,39,093,2,3,Lorain County                 ,235,235,48455221,1,2,237600,5,20,840000,11,80,3521913,195,195,42282179,1,2,237600,5,20,840000,10,75,3318000
201505,39,097,2,3,Madison County                ,13,13,2928380,0,0,0,0,0,0,0,0,0,10,10,2396568,0,0,0,0,0,0,0,0,0
201505,39,103,2,3,Medina County                 ,201,201,46146538,1,2,239000,7,28,1229040,4,26,1022080,201,201,46146538,1,2,239000,7,28,1229040,4,26,1022080
201505,39,117,2,3,Morrow County                 ,13,13,2579537,0,0,0,0,0,0,0,0,0,12,12,2360470,0,0,0,0,0,0,0,0,0
201505,39,159,2,3,Union County                  ,156,156,40439228,0,0,0,0,0,0,0,0,0,156,156,40439228,0,0,0,0,0,0,0,0,0
201505,39,165,2,3,Warren County                 ,348,348,91256836,1,2,272725,5,16,1941901,2,20,1075119,322,322,85974311,1,2,272725,4,13,1607165,0,0,0
201505,40,001,3,7,Adair County                  ,0,0,0,0,0,0,0,0,0,0,0,0,0,0,0,0,0,0,0,0,0,0,0,0
201505,40,017,3,7,Canadian County               ,83,83,23333383,2,4,260000,0,0,0,0,0,0,74,74,20650604,2,4,260000,0,0,0,0,0,0
201505,40,021,3,7,Cherokee County               ,18,18,2362289,0,0,0,0,0,0,1,5,244048,0,0,0,0,0,0,0,0,0,0,0,0
201505,40,027,3,7,Cleveland County              ,381,381,80625265,2,4,454286,1,4,413026,4,146,9017032,336,336,73374861,1,2,300000,0,0,80000,4,146,9017032
201505,40,029,3,7,Coal County                   ,1,1,108000,0,0,0,0,0,0,0,0,0,1,1,108000,0,0,0,0,0,0,0,0,0
201505,40,037,3,7,Creek County                  ,59,59,9207872,0,0,0,0,0,0,3,60,4368798,50,50,7795209,0,0,0,0,0,0,3,60,4368798
201505,40,051,3,7,Grady County                  ,43,43,8328198,0,0,0,0,0,0,0,0,0,8,8,1286500,0,0,0,0,0,0,0,0,0
201505,40,055,3,7,Greer County                  ,0,0,0,0,0,0,0,0,0,0,0,0,0,0,0,0,0,0,0,0,0,0,0,0
201505,40,081,3,7,Lincoln County                ,7,7,1277377,0,0,0,0,0,0,0,0,0,7,7,1277377,0,0,0,0,0,0,0,0,0
201505,40,083,3,7,Logan County                  ,56,56,10558594,0,0,0,0,0,0,0,0,0,56,56,10558594,0,0,0,0,0,0,0,0,0
201505,40,087,3,7,McClain County                ,85,85,19011504,0,0,0,0,0,0,0,0,0,61,61,13653535,0,0,0,0,0,0,0,0,0
201505,40,109,3,7,Oklahoma County               ,1710,1710,386489405,12,24,2480000,0,0,0,7,140,7719432,1651,1651,376803645,12,24,2480000,0,0,0,7,140,7719432
201505,40,111,3,7,Okmulgee County               ,1,1,83000,1,2,100000,0,0,0,0,0,0,1,1,83000,1,2,100000,0,0,0,0,0,0
201505,40,113,3,7,Osage County                  ,23,23,4886646,0,0,0,0,0,0,0,0,0,23,23,4886646,0,0,0,0,0,0,0,0,0
201505,40,117,3,7,Pawnee County                 ,1,1,75000,0,0,0,0,0,0,0,0,0,1,1,75000,0,0,0,0,0,0,0,0,0
201505,40,131,3,7,Rogers County                 ,187,187,29096737,5,10,554570,0,0,0,1,5,197917,182,182,28616738,5,10,554570,0,0,0,0,0,0
201505,40,143,3,7,Tulsa County                  ,858,858,197176523,1,2,180000,4,16,1237198,6,36,2680169,843,843,193966983,1,2,180000,4,16,1237198,6,36,2680169
201505,40,145,3,7,Wagoner County                ,129,129,21440820,0,0,0,0,0,0,0,0,0,129,129,21440820,0,0,0,0,0,0,0,0,0
201505,41,000,4,9,Oregon Balance of State       ,72,72,9716734,0,0,0,0,0,0,0,0,0,49,49,6064573,0,0,0,0,0,0,0,0,0
201505,41,005,4,9,Clackamas County              ,660,660,189427721,0,0,0,2,6,839403,10,71,7938383,638,638,182473506,0,0,0,2,6,839403,10,71,7938383
201505,41,019,4,9,Douglas County                ,67,67,17368378,1,2,251799,0,0,0,0,0,0,67,67,17368378,1,2,251799,0,0,0,0,0,0
201505,41,025,4,9,Harney County                 ,1,1,191446,0,0,0,0,0,0,0,0,0,0,0,0,0,0,0,0,0,0,0,0,0
201505,41,035,4,9,Klamath County                ,32,32,7742856,0,0,0,0,0,0,0,0,0,32,32,7742856,0,0,0,0,0,0,0,0,0
201505,41,051,4,9,Multnomah County              ,504,504,132629782,21,42,5271715,1,3,357242,14,496,120733632,503,503,132456208,21,42,5271715,1,3,357242,14,496,120733632
201505,41,067,4,9,Washington County             ,716,716,181847950,10,20,2589047,1,4,748000,10,655,94594671,709,709,179708680,10,20,2589047,1,4,748000,10,655,94594671
201505,41,071,4,9,Yamhill County                ,130,130,33765834,0,0,0,0,0,0,0,0,0,127,127,33257243,0,0,0,0,0,0,0,0,0
201505,42,001,1,2,Adams County                  ,78,78,17667979,0,0,0,2,6,720000,2,20,2400000,42,42,8861999,0,0,0,0,0,0,0,0,0
201505,42,017,1,2,Bucks County                  ,325,325,65643646,2,4,460600,11,37,5724676,0,0,0,268,268,56292617,2,4,460600,11,37,5724676,0,0,0
201505,42,029,1,2,Chester County                ,306,306,61425195,0,0,0,2,7,343000,3,97,16272605,258,258,49649624,0,0,0,2,7,343000,0,0,18900
201505,42,037,1,2,Columbia County               ,30,30,6033129,0,0,0,0,0,0,0,0,0,15,15,2965701,0,0,0,0,0,0,0,0,0
201505,42,041,1,2,Cumberland County             ,295,295,57718350,0,0,0,2,8,1421235,4,83,4626916,286,286,56333520,0,0,0,2,8,1421235,1,30,1152270
201505,42,043,1,2,Dauphin County                ,128,128,27842445,2,4,240000,0,0,0,12,168,12991997,88,88,20112022,1,2,120000,0,0,0,6,118,7685812
201505,42,045,1,2,Delaware County               ,93,93,19819361,0,0,0,0,0,0,0,0,0,50,50,10402355,0,0,0,0,0,0,0,0,0
201505,42,055,1,2,Franklin County               ,89,89,15258963,0,0,0,1,3,324192,2,10,563600,65,65,12195477,0,0,0,0,0,0,0,0,0
201505,42,091,1,2,Montgomery County             ,381,381,70371713,0,0,0,3,9,1296962,8,206,27500000,344,344,62932404,0,0,0,1,3,455900,5,191,26450000
201505,42,093,1,2,Montour County                ,5,5,1902561,0,0,0,0,0,0,0,0,0,3,3,1530769,0,0,0,0,0,0,0,0,0
201505,42,099,1,2,Perry County                  ,22,22,5136758,0,0,0,0,0,0,0,0,0,1,1,260000,0,0,0,0,0,0,0,0,0
201505,42,101,1,2,Philadelphia County           ,361,361,90025834,29,58,6829350,43,137,15172755,22,580,84730540,361,361,90025834,29,58,6829350,43,137,15172755,22,580,84730540
201505,42,103,1,2,Pike County                   ,15,15,5257358,0,0,0,0,0,0,1,5,341600,11,11,4306730,0,0,0,0,0,0,0,0,0
201505,44,001,1,1,Bristol County                ,15,15,3154881,0,0,0,0,0,0,0,0,0,13,13,2599410,0,0,0,0,0,0,0,0,0
201505,44,003,1,1,Kent County                   ,30,30,6606751,0,0,0,0,0,0,0,0,0,25,25,5150385,0,0,0,0,0,0,0,0,0
201505,44,005,1,1,Newport County                ,43,43,11614972,0,0,0,0,0,0,0,0,0,42,42,11352280,0,0,0,0,0,0,0,0,0
201505,44,007,1,1,Providence County             ,99,99,16408463,5,10,723900,0,0,0,0,0,0,94,94,15855254,4,8,556600,0,0,0,0,0,0
201505,44,009,1,1,Washington County             ,70,70,22182488,2,4,409450,2,8,1143800,0,0,0,57,57,19132892,1,2,225000,2,8,1143800,0,0,0
201505,45,003,3,5,Aiken County                  ,293,293,65140290,0,0,0,0,0,0,3,15,677499,119,119,27630239,0,0,0,0,0,0,0,0,0
201505,45,009,3,5,Bamberg County                ,2,2,420000,0,0,0,0,0,0,0,0,0,2,2,420000,0,0,0,0,0,0,0,0,0
201505,45,015,3,5,Berkeley County               ,637,637,173638365,20,40,4462472,0,0,0,2,106,2500760,599,599,164012508,20,40,4462472,0,0,0,0,0,0
201505,45,017,3,5,Calhoun County                ,9,9,1737984,0,0,0,0,0,0,0,0,0,9,9,1737984,0,0,0,0,0,0,0,0,0
201505,45,019,3,5,Charleston County             ,987,987,252880489,0,0,0,0,0,0,7,274,39710724,595,595,159263076,0,0,0,0,0,0,2,132,32596000
201505,45,035,3,5,Dorchester County             ,311,311,71651837,0,0,0,0,0,0,0,0,0,311,311,71651837,0,0,0,0,0,0,0,0,0
201505,45,037,3,5,Edgefield County              ,30,30,7101554,0,0,0,0,0,0,0,0,0,30,30,7101554,0,0,0,0,0,0,0,0,0
201505,45,039,3,5,Fairfield County              ,27,27,3864802,0,0,0,0,0,0,0,0,0,8,8,1384226,0,0,0,0,0,0,0,0,0
201505,45,045,3,5,Greenville County             ,1035,1035,258094651,0,0,0,0,0,0,21,955,82947306,1030,1030,257644669,0,0,0,0,0,0,21,955,82947306
201505,45,051,3,5,Horry County                  ,1461,1461,247943141,14,28,2527501,0,0,0,5,45,4941618,1234,1234,215413772,11,22,2151916,0,0,0,4,26,3724263
201505,45,055,3,5,Kershaw County                ,109,109,16293500,0,0,0,0,0,0,0,0,0,109,109,16293500,0,0,0,0,0,0,0,0,0
201505,45,059,3,5,Laurens County                ,29,29,4362819,0,0,0,0,0,0,0,0,0,28,28,4210544,0,0,0,0,0,0,0,0,0
201505,45,063,3,5,Lexington County              ,656,656,163469872,0,0,0,0,0,0,7,245,17321443,98,98,16096644,0,0,0,0,0,0,4,224,15376280
201505,45,077,3,5,Pickens County                ,176,176,45910103,2,4,268514,1,3,240000,9,104,9131221,110,110,37511219,2,4,268514,0,0,0,4,27,3237445
201505,45,079,3,5,Richland County               ,724,724,95301804,31,62,6972121,1,4,360000,7,168,9482384,176,176,29312496,31,62,6972121,1,4,360000,0,0,0
201505,45,081,3,5,Saluda County                 ,6,6,1231899,0,0,0,0,0,0,0,0,0,6,6,1231899,0,0,0,0,0,0,0,0,0
201505,45,085,3,5,Sumter County                 ,113,113,14635219,0,0,0,0,0,0,0,0,0,113,113,14635219,0,0,0,0,0,0,0,0,0
201505,45,091,3,5,York County                   ,808,808,246628738,5,10,1252590,0,0,0,20,410,42244707,403,403,141024997,5,10,1252590,0,0,0,10,264,28106590
201505,46,007,2,4,Bennett County                ,0,0,0,0,0,0,0,0,0,0,0,0,0,0,0,0,0,0,0,0,0,0,0,0
201505,46,055,2,4,Haakon County                 ,0,0,0,1,2,200000,0,0,0,0,0,0,0,0,0,1,2,200000,0,0,0,0,0,0
201505,46,071,2,4,Jackson County                ,0,0,0,0,0,0,0,0,0,0,0,0,0,0,0,0,0,0,0,0,0,0,0,0
201505,46,111,2,4,Sanborn County                ,3,3,490000,0,0,0,0,0,0,0,0,0,3,3,490000,0,0,0,0,0,0,0,0,0
201505,47,001,3,6,Anderson County               ,40,40,8772739,0,0,0,0,0,0,0,0,0,37,37,8311886,0,0,0,0,0,0,0,0,0
201505,47,015,3,6,Cannon County                 ,5,5,630950,0,0,0,0,0,0,0,0,0,0,0,0,0,0,0,0,0,0,0,0,0
201505,47,021,3,6,Cheatham County               ,36,36,5691688,0,0,0,0,0,0,0,0,0,35,35,5481000,0,0,0,0,0,0,0,0,0
201505,47,037,3,6,Davidson County               ,1500,1500,350563469,1,2,473869,0,0,0,11,1451,159180871,1499,1499,349755457,1,2,473869,0,0,0,11,1451,159180871
201505,47,043,3,6,Dickson County                ,68,68,13556108,0,0,0,0,0,0,0,0,0,62,62,12184544,0,0,0,0,0,0,0,0,0
201505,47,049,3,6,Fentress County               ,2,2,166700,0,0,0,0,0,0,0,0,0,2,2,166700,0,0,0,0,0,0,0,0,0
201505,47,081,3,6,Hickman County                ,18,18,3416499,0,0,0,0,0,0,0,0,0,0,0,0,0,0,0,0,0,0,0,0,0
201505,47,093,3,6,Knox County                   ,561,561,103741421,0,0,0,0,0,0,1,234,29864000,561,561,103741421,0,0,0,0,0,0,1,234,29864000
201505,47,105,3,6,Loudon County                 ,94,94,19877577,0,0,0,0,0,0,0,0,0,89,89,19160175,0,0,0,0,0,0,0,0,0
201505,47,125,3,6,Montgomery County             ,422,422,60806586,1,2,110000,0,0,0,3,21,1221900,422,422,60806586,1,2,110000,0,0,0,3,21,1221900
201505,47,139,3,6,Polk County                   ,64,64,11527941,0,0,0,0,0,0,0,0,0,0,0,0,0,0,0,0,0,0,0,0,0
201505,47,149,3,6,Rutherford County             ,885,885,167358566,1,2,262584,0,0,0,19,388,23302198,794,794,155515989,1,2,262584,0,0,0,15,324,19635766
201505,47,153,3,6,Sequatchie County             ,3,3,140000,0,0,0,0,0,0,0,0,0,3,3,140000,0,0,0,0,0,0,0,0,0
201505,47,157,3,6,Shelby County                 ,419,419,99524633,0,0,0,0,0,0,8,960,62588004,419,419,99524633,0,0,0,0,0,0,8,960,62588004
201505,47,159,3,6,Smith County                  ,20,20,3098631,0,0,0,0,0,0,0,0,0,19,19,2999131,0,0,0,0,0,0,0,0,0
201505,47,161,3,6,Stewart County                ,0,0,0,0,0,0,0,0,0,0,0,0,0,0,0,0,0,0,0,0,0,0,0,0
201505,47,165,3,6,Sumner County                 ,373,373,75633968,0,0,0,0,0,0,3,72,5256193,328,328,66327035,0,0,0,0,0,0,3,72,5256193
201505,47,167,3,6,Tipton County                 ,46,46,7293297,0,0,0,0,0,0,0,0,0,22,22,4127321,0,0,0,0,0,0,0,0,0
201505,47,169,3,6,Trousdale County              ,22,22,2747000,0,0,0,2,6,371000,0,0,0,22,22,2747000,0,0,0,2,6,371000,0,0,0
201505,47,173,3,6,Union County                  ,23,23,3270000,0,0,0,0,0,0,0,0,0,23,23,3270000,0,0,0,0,0,0,0,0,0
201505,47,175,3,6,Van Buren County              ,0,0,0,0,0,0,0,0,0,0,0,0,0,0,0,0,0,0,0,0,0,0,0,0
201505,47,189,3,6,Wilson County                 ,399,399,100065173,0,0,0,0,0,0,7,143,17251000,398,398,99990773,0,0,0,0,0,0,7,143,17251000
201505,48,013,3,7,Atascosa County               ,29,29,4805557,0,0,0,0,0,0,0,0,0,15,15,2844020,0,0,0,0,0,0,0,0,0
201505,48,015,3,7,Austin County                 ,11,11,1723326,0,0,0,0,0,0,0,0,0,1,1,150000,0,0,0,0,0,0,0,0,0
201505,48,019,3,7,Bandera County                ,0,0,0,0,0,0,0,0,0,0,0,0,0,0,0,0,0,0,0,0,0,0,0,0
201505,48,021,3,7,Bastrop County                ,63,63,8082313,5,10,791000,0,0,0,0,0,0,63,63,8082313,5,10,791000,0,0,0,0,0,0
201505,48,025,3,7,Bee County                    ,4,4,430692,0,0,0,0,0,0,0,0,0,0,0,0,0,0,0,0,0,0,0,0,0
201505,48,027,3,7,Bell County                   ,743,743,125662310,46,92,6113645,0,0,0,0,0,0,573,573,94414016,46,92,6113645,0,0,0,0,0,0
201505,48,029,3,7,Bexar County                  ,1527,1527,335271141,1,2,161200,11,44,4327037,48,596,55428969,1125,1125,262120202,1,2,161200,11,44,4327037,33,309,29540466
201505,48,051,3,7,Burleson County               ,3,3,340783,0,0,0,0,0,0,0,0,0,0,0,0,0,0,0,0,0,0,0,0,0
201505,48,055,3,7,Caldwell County               ,98,98,17387442,0,0,0,0,0,0,0,0,0,65,65,10634016,0,0,0,0,0,0,0,0,0
201505,48,085,3,7,Collin County                 ,3246,3246,955328417,2,4,708096,0,0,0,6,719,50640948,3083,3083,923241689,2,4,708096,0,0,0,6,719,50640948
201505,48,091,3,7,Comal County                  ,669,669,147441104,5,10,1107143,0,0,0,0,0,0,669,669,147441104,5,10,1107143,0,0,0,0,0,0
201505,48,099,3,7,Coryell County                ,67,67,9103505,6,12,901388,0,0,0,6,72,9858028,58,58,7853950,5,10,750000,0,0,0,6,72,9858028
201505,48,107,3,7,Crosby County                 ,4,4,268000,0,0,0,0,0,0,0,0,0,0,0,0,0,0,0,0,0,0,0,0,0
201505,48,113,3,7,Dallas County                 ,1967,1967,564712755,22,44,11566501,24,93,9263250,109,5602,329569014,1780,1780,507081746,21,42,11154290,24,93,9263250,100,4973,288596523
201505,48,119,3,7,Delta County                  ,1,1,225668,0,0,0,0,0,0,0,0,0,1,1,225668,0,0,0,0,0,0,0,0,0
201505,48,135,3,7,Ector County                  ,165,165,34256200,0,0,0,0,0,0,3,144,11208000,165,165,34256200,0,0,0,0,0,0,3,144,11208000
201505,48,139,3,7,Ellis County                  ,533,533,93160466,2,4,443598,0,0,0,0,0,0,533,533,93160466,2,4,443598,0,0,0,0,0,0
201505,48,141,3,7,El Paso County                ,1145,1145,174304464,19,38,2869490,5,17,1603009,12,118,15776601,1140,1140,173751133,19,38,2869490,5,17,1603009,12,118,15776601
201505,48,157,3,7,Fort Bend County              ,3766,3766,484487378,4,8,1084162,2,6,850000,9,92,5516033,571,571,174783270,3,6,900000,2,6,850000,0,0,0
201505,48,167,3,7,Galveston County              ,1051,1051,226690681,0,0,0,0,0,0,0,0,0,930,930,203484282,0,0,0,0,0,0,0,0,0
201505,48,185,3,7,Grimes County                 ,6,6,608948,0,0,0,0,0,0,0,0,0,6,6,608948,0,0,0,0,0,0,0,0,0
201505,48,187,3,7,Guadalupe County              ,492,492,121465915,0,0,0,0,0,0,0,0,0,471,471,117855698,0,0,0,0,0,0,0,0,0
201505,48,193,3,7,Hamilton County               ,0,0,0,0,0,0,0,0,0,0,0,0,0,0,0,0,0,0,0,0,0,0,0,0
201505,48,195,3,7,Hansford County               ,5,5,784548,0,0,0,0,0,0,0,0,0,0,0,0,0,0,0,0,0,0,0,0,0
201505,48,201,3,7,Harris County                 ,7338,7338,1374816280,37,74,7953330,0,0,0,129,5815,558831882,7269,7269,1339119043,36,72,7873330,0,0,0,129,5815,558831882
201505,48,211,3,7,Hemphill County               ,0,0,0,0,0,0,0,0,0,0,0,0,0,0,0,0,0,0,0,0,0,0,0,0
201505,48,215,3,7,Hidalgo County                ,1159,1159,207358040,35,70,3225329,18,71,3687400,21,459,36595342,1117,1117,202417748,35,70,3225329,18,71,3687400,21,459,36595342
201505,48,233,3,7,Hutchinson County             ,0,0,0,0,0,0,0,0,0,0,0,0,0,0,0,0,0,0,0,0,0,0,0,0
201505,48,251,3,7,Johnson County                ,207,207,42054834,0,0,0,0,0,0,0,0,0,207,207,42054834,0,0,0,0,0,0,0,0,0
201505,48,257,3,7,Kaufman County                ,107,107,17133077,0,0,0,0,0,0,0,0,0,96,96,14995719,0,0,0,0,0,0,0,0,0
201505,48,259,3,7,Kendall County                ,80,80,23398529,0,0,0,0,0,0,0,0,0,80,80,23398529,0,0,0,0,0,0,0,0,0
201505,48,271,3,7,Kinney County                 ,0,0,0,0,0,0,0,0,0,0,0,0,0,0,0,0,0,0,0,0,0,0,0,0
201505,48,281,3,7,Lampasas County               ,75,75,846326,3,6,502896,1,3,145714,5,27,1903740,0,0,0,0,0,0,0,0,0,0,0,0
201505,48,291,3,7,Liberty County                ,107,107,9250066,0,0,0,0,0,0,0,0,0,107,107,9250066,0,0,0,0,0,0,0,0,0
201505,48,303,3,7,Lubbock County                ,408,408,99514768,24,48,4930775,2,8,600000,32,397,21145667,322,322,79809239,21,42,4308000,2,8,600000,26,312,16230850
201505,48,323,3,7,Maverick County               ,28,28,3214719,2,4,367392,0,0,0,0,0,0,28,28,3214719,2,4,367392,0,0,0,0,0,0
201505,48,325,3,7,Medina County                 ,12,12,1902687,0,0,0,0,0,0,1,5,114583,11,11,1771824,0,0,0,0,0,0,0,0,0
201505,48,329,3,7,Midland County                ,286,286,58399163,0,0,0,0,0,0,12,264,25500000,286,286,58399163,0,0,0,0,0,0,12,264,25500000
201505,48,339,3,7,Montgomery County             ,2211,2211,508875134,0,0,0,0,0,0,21,1222,116598869,2196,2196,505930018,0,0,0,0,0,0,21,1222,116598869
201505,48,367,3,7,Parker County                 ,168,168,36465374,0,0,0,0,0,0,1,5,530599,158,158,35197844,0,0,0,0,0,0,0,0,0
201505,48,375,3,7,Potter County                 ,200,200,52652805,0,0,0,0,0,0,29,300,24337000,200,200,52652805,0,0,0,0,0,0,29,300,24337000
201505,48,383,3,7,Reagan County                 ,1,1,120200,1,2,150000,2,6,310304,0,0,0,0,0,0,0,0,0,0,0,0,0,0,0
201505,48,385,3,7,Real County                   ,0,0,0,0,0,0,0,0,0,0,0,0,0,0,0,0,0,0,0,0,0,0,0,0
201505,48,395,3,7,Robertson County              ,31,31,6411132,0,0,0,0,0,0,0,0,0,26,26,5736410,0,0,0,0,0,0,0,0,0
201505,48,397,3,7,Rockwall County               ,393,393,113749960,0,0,0,0,0,0,0,0,0,371,371,109960190,0,0,0,0,0,0,0,0,0
201505,48,407,3,7,San Jacinto County            ,28,28,5355234,0,0,0,0,0,0,0,0,0,27,27,5269520,0,0,0,0,0,0,0,0,0
201505,48,411,3,7,San Saba County               ,1,1,75000,0,0,0,0,0,0,0,0,0,1,1,75000,0,0,0,0,0,0,0,0,0
201505,48,451,3,7,Tom Green County              ,94,94,19570472,0,0,0,0,0,0,0,0,0,94,94,19570472,0,0,0,0,0,0,0,0,0
201505,48,453,3,7,Travis County                 ,2379,2379,551751272,66,132,18969964,5,18,3954500,59,2375,315856373,2212,2212,507143278,66,132,18969964,5,18,3954500,57,2344,313476131
201505,48,473,3,7,Waller County                 ,5,5,1150951,0,0,0,0,0,0,5,30,665416,5,5,1150951,0,0,0,0,0,0,0,0,0
201505,48,491,3,7,Williamson County             ,1806,1806,439056644,4,8,914465,4,15,1678945,22,488,43000000,1779,1779,434311666,4,8,914465,4,15,1678945,22,488,43000000
201505,48,493,3,7,Wilson County                 ,15,15,2803934,0,0,0,0,0,0,0,0,0,4,4,970595,0,0,0,0,0,0,0,0,0
201505,48,497,3,7,Wise County                   ,34,34,7778314,0,0,0,0,0,0,0,0,0,27,27,6213533,0,0,0,0,0,0,0,0,0
201505,49,011,4,8,Davis County                  ,577,577,140152986,1,2,321000,5,18,2610485,7,39,4984396,554,554,132580056,1,2,321000,5,18,2610485,6,34,4338396
201505,49,023,4,8,Juab County                   ,26,26,7543624,1,2,220000,1,3,544175,0,0,0,25,25,7281470,1,2,220000,1,3,544175,0,0,0
201505,49,029,4,8,Morgan County                 ,42,42,13828506,0,0,0,0,0,0,0,0,0,0,0,0,0,0,0,0,0,0,0,0,0
201505,49,035,4,8,Salt Lake County              ,1103,1103,278760035,4,8,1098348,38,138,22454744,27,475,40938257,898,898,228695328,4,8,1098348,36,132,21849162,18,408,34558195
201505,49,039,4,8,Sanpete County                ,13,13,2278222,0,0,0,0,0,0,0,0,0,13,13,2278222,0,0,0,0,0,0,0,0,0
201505,49,043,4,8,Summit County                 ,57,57,27012680,0,0,0,3,11,2012563,4,47,14153431,38,38,17251299,0,0,0,2,8,1171033,2,37,12444863
201505,49,057,4,8,Weber County                  ,242,242,53611984,0,0,0,5,18,2580855,5,25,2997411,111,111,23595190,0,0,0,0,0,0,0,0,0
201505,51,003,3,5,Albemarle County              ,181,181,45832514,0,0,0,0,0,0,0,0,0,61,61,14040295,0,0,0,0,0,0,0,0,0
201505,51,007,3,5,Amelia County                 ,15,15,3138840,0,0,0,0,0,0,0,0,0,15,15,3138840,0,0,0,0,0,0,0,0,0
201505,51,009,3,5,Amherst County                ,14,14,1705126,0,0,0,0,0,0,0,0,0,14,14,1705126,0,0,0,0,0,0,0,0,0
201505,51,013,3,5,Arlington County              ,108,108,50071043,0,0,0,0,0,0,2,140,26475000,108,108,50071043,0,0,0,0,0,0,2,140,26475000
201505,51,015,3,5,Augusta County                ,95,95,14210877,0,0,0,0,0,0,0,0,0,95,95,14210877,0,0,0,0,0,0,0,0,0
201505,51,019,3,5,Bedford County                ,121,121,28399800,0,0,0,0,0,0,0,0,0,121,121,28399800,0,0,0,0,0,0,0,0,0
201505,51,033,3,5,Caroline County               ,37,37,7455068,0,0,0,0,0,0,0,0,0,37,37,7455068,0,0,0,0,0,0,0,0,0
201505,51,036,3,5,Charles City County           ,5,5,847120,0,0,0,0,0,0,0,0,0,3,3,524300,0,0,0,0,0,0,0,0,0
201505,51,037,3,5,Charlotte County              ,10,10,1980400,0,0,0,0,0,0,0,0,0,10,10,1980400,0,0,0,0,0,0,0,0,0
201505,51,041,3,5,Chesterfield County           ,422,422,92670514,0,0,0,7,27,3118100,6,32,4416572,422,422,92670514,0,0,0,7,27,3118100,6,32,4416572
201505,51,043,3,5,Clarke County                 ,21,21,7709107,0,0,0,0,0,0,0,0,0,21,21,7709107,0,0,0,0,0,0,0,0,0
201505,51,049,3,5,Cumberland County             ,8,8,1632837,0,0,0,0,0,0,0,0,0,8,8,1632837,0,0,0,0,0,0,0,0,0
201505,51,051,3,5,Dickenson County              ,1,1,60000,0,0,0,0,0,0,0,0,0,1,1,60000,0,0,0,0,0,0,0,0,0
201505,51,053,3,5,Dinwiddie County              ,23,23,3378789,0,0,0,0,0,0,0,0,0,0,0,0,0,0,0,0,0,0,0,0,0
201505,51,059,3,5,Fairfax County                ,349,349,76900614,6,12,2100000,0,0,0,4,657,61664478,349,349,76900614,6,12,2100000,0,0,0,4,657,61664478
201505,51,061,3,5,Fauquier County               ,75,75,20351136,0,0,0,0,0,0,0,0,0,49,49,15209747,0,0,0,0,0,0,0,0,0
201505,51,073,3,5,Gloucester County             ,57,57,14331469,0,0,0,2,6,300000,0,0,0,57,57,14331469,0,0,0,2,6,300000,0,0,0
201505,51,075,3,5,Goochland County              ,60,60,19440142,0,0,0,0,0,0,0,0,0,60,60,19440142,0,0,0,0,0,0,0,0,0
201505,51,085,3,5,Hanover County                ,246,246,48320568,0,0,0,0,0,0,0,0,0,246,246,48320568,0,0,0,0,0,0,0,0,0
201505,51,087,3,5,Henrico County                ,320,320,55708655,0,0,0,0,0,0,17,351,25437000,320,320,55708655,0,0,0,0,0,0,17,351,25437000
201505,51,093,3,5,Isle of Wight County          ,52,52,10231840,0,0,0,0,0,0,0,0,0,26,26,4388926,0,0,0,0,0,0,0,0,0
201505,51,095,3,5,James City County             ,175,175,51683588,0,0,0,3,11,1608260,1,6,439615,175,175,51683588,0,0,0,3,11,1608260,1,6,439615
201505,51,097,3,5,King and Queen County         ,6,6,926500,0,0,0,0,0,0,0,0,0,6,6,926500,0,0,0,0,0,0,0,0,0
201505,51,099,3,5,King George County            ,45,45,11140188,0,0,0,0,0,0,0,0,0,45,45,11140188,0,0,0,0,0,0,0,0,0
201505,51,107,3,5,Loudoun County                ,1144,1144,232782683,3,6,480000,0,0,0,24,711,58715431,1144,1144,232782683,3,6,480000,0,0,0,24,711,58715431
201505,51,109,3,5,Louisa County                 ,84,84,16376370,0,0,0,0,0,0,0,0,0,69,69,13178141,0,0,0,0,0,0,0,0,0
201505,51,115,3,5,Mathews County                ,10,10,2534430,0,0,0,0,0,0,0,0,0,10,10,2534430,0,0,0,0,0,0,0,0,0
201505,51,127,3,5,New Kent County               ,87,87,16090997,0,0,0,0,0,0,0,0,0,87,87,16090997,0,0,0,0,0,0,0,0,0
201505,51,139,3,5,Page County                   ,14,14,2278302,0,0,0,0,0,0,0,0,0,14,14,2278302,0,0,0,0,0,0,0,0,0
201505,51,145,3,5,Powhatan County               ,61,61,13992495,0,0,0,0,0,0,0,0,0,61,61,13992495,0,0,0,0,0,0,0,0,0
201505,51,149,3,5,Prince George County          ,24,24,3596900,0,0,0,0,0,0,0,0,0,24,24,3596900,0,0,0,0,0,0,0,0,0
201505,51,153,3,5,Prince William County         ,527,527,115653093,0,0,0,0,0,0,26,330,36052926,527,527,115653093,0,0,0,0,0,0,26,330,36052926
201505,51,165,3,5,Rockingham County             ,159,159,33168478,0,0,0,0,0,0,0,0,0,159,159,33168478,0,0,0,0,0,0,0,0,0
201505,51,175,3,5,Southampton County            ,12,12,1977873,0,0,0,0,0,0,0,0,0,3,3,371000,0,0,0,0,0,0,0,0,0
201505,51,177,3,5,Spotsylvania County           ,151,151,41185225,0,0,0,0,0,0,0,0,0,151,151,41185225,0,0,0,0,0,0,0,0,0
201505,51,179,3,5,Stafford County               ,303,303,73416694,0,0,0,0,0,0,0,0,0,303,303,73416694,0,0,0,0,0,0,0,0,0
201505,51,181,3,5,Surry County                  ,7,7,983024,0,0,0,0,0,0,0,0,0,5,5,650000,0,0,0,0,0,0,0,0,0
201505,51,183,3,5,Sussex County                 ,4,4,618070,0,0,0,0,0,0,0,0,0,4,4,618070,0,0,0,0,0,0,0,0,0
201505,51,187,3,5,Warren County                 ,38,38,7997320,0,0,0,0,0,0,0,0,0,38,38,7997320,0,0,0,0,0,0,0,0,0
201505,51,199,3,5,York County                   ,48,48,12741419,0,0,0,0,0,0,1,6,751525,48,48,12741419,0,0,0,0,0,0,1,6,751525
201505,51,510,3,5,Alexandria (Independent City) ,51,51,9338450,0,0,0,0,0,0,0,0,0,51,51,9338450,0,0,0,0,0,0,0,0,0
201505,51,540,3,5,Charlottesville (Independent C,27,27,5538261,4,8,766000,0,0,0,5,85,12507887,0,0,0,0,0,0,0,0,0,0,0,0
201505,51,550,3,5,Chesapeake(Independent City)  ,568,568,124462233,0,0,0,0,0,0,0,0,0,568,568,124462233,0,0,0,0,0,0,0,0,0
201505,51,570,3,5,Colonial Heights (Independent ,4,4,653000,0,0,0,0,0,0,0,0,0,4,4,653000,0,0,0,0,0,0,0,0,0
201505,51,580,3,5,Covington (Independent City)  ,0,0,0,0,0,0,0,0,0,0,0,0,0,0,0,0,0,0,0,0,0,0,0,0
201505,51,600,3,5,Fairfax (Independent City)    ,7,7,1958000,0,0,0,0,0,0,0,0,0,7,7,1958000,0,0,0,0,0,0,0,0,0
201505,51,610,3,5,Falls Church (Independent City,18,18,8125000,0,0,0,0,0,0,0,0,0,18,18,8125000,0,0,0,0,0,0,0,0,0
201505,51,630,3,5,Fredericksburg(Independent Cit,19,19,6432930,0,0,0,0,0,0,0,0,0,19,19,6432930,0,0,0,0,0,0,0,0,0
201505,51,650,3,5,Hampton (Independent City)    ,62,62,3288548,0,0,0,0,0,0,0,0,0,31,31,1915392,0,0,0,0,0,0,0,0,0
201505,51,660,3,5,Harrisonburg (Independent City,27,27,3766116,1,2,282500,0,0,0,0,0,0,23,23,3269500,0,0,0,0,0,0,0,0,0
201505,51,670,3,5,Hopewell (Independent City)   ,26,26,2551838,0,0,0,0,0,0,0,0,0,26,26,2551838,0,0,0,0,0,0,0,0,0
201505,51,680,3,5,Lynchburg (Independent City)  ,45,45,7993749,0,0,0,0,0,0,3,72,6471978,36,36,6246245,0,0,0,0,0,0,3,72,6471978
201505,51,683,3,5,Manassas (Independent City)   ,55,55,7751578,0,0,0,0,0,0,0,0,0,0,0,0,0,0,0,0,0,0,0,0,0
201505,51,685,3,5,Manassas Park (Independent Cit,5,5,931820,0,0,0,0,0,0,0,0,0,0,0,0,0,0,0,0,0,0,0,0,0
201505,51,700,3,5,Newport News (Independent City,43,43,3894885,0,0,0,0,0,0,1,13,578001,35,35,3226455,0,0,0,0,0,0,0,0,0
201505,51,710,3,5,Norfolk (Independent City)    ,143,143,29270293,4,8,705000,0,0,0,0,0,0,143,143,29270293,4,8,705000,0,0,0,0,0,0
201505,51,730,3,5,Petersburg (Independent City) ,3,3,289525,0,0,0,0,0,0,0,0,0,3,3,289525,0,0,0,0,0,0,0,0,0
201505,51,735,3,5,Poquoson (Independent City)   ,5,5,2103000,0,0,0,0,0,0,0,0,0,5,5,2103000,0,0,0,0,0,0,0,0,0
201505,51,740,3,5,Portsmouth (Independent City) ,32,32,4697565,0,0,0,0,0,0,0,0,0,32,32,4697565,0,0,0,0,0,0,0,0,0
201505,51,760,3,5,Richmond (Independent City)   ,91,91,12663079,5,10,953464,1,4,260000,2,78,4479400,91,91,12663079,5,10,953464,1,4,260000,2,78,4479400
201505,51,800,3,5,Suffolk (Independent City)    ,168,168,37055968,0,0,0,0,0,0,0,0,0,168,168,37055968,0,0,0,0,0,0,0,0,0
201505,51,810,3,5,Virginia Beach (Independent Ci,317,317,57060934,0,0,0,3,12,2400000,1,147,12726190,317,317,57060934,0,0,0,3,12,2400000,1,147,12726190
201505,51,830,3,5,Williamsburg (Independent City,8,8,1400260,0,0,0,0,0,0,0,0,0,8,8,1400260,0,0,0,0,0,0,0,0,0
201505,53,005,4,9,Benton County                 ,383,383,110398123,2,4,578936,3,11,750500,7,54,5778935,128,128,41104408,0,0,0,1,4,453000,2,14,1767000
201505,53,011,4,9,Clark County                  ,858,858,228581937,5,10,342420,10,30,2142669,15,277,19715497,714,714,183715770,5,10,342420,9,27,2003593,12,246,16995623
201505,53,021,4,9,Franklin County               ,130,130,34837718,22,44,4377302,0,0,0,0,0,0,24,24,8094909,0,0,0,0,0,0,0,0,0
201505,53,031,4,9,Jefferson County              ,72,72,11570546,1,2,132894,0,0,0,0,0,0,72,72,11570546,1,2,132894,0,0,0,0,0,0
201505,53,033,4,9,King County                   ,1606,1606,577706036,98,196,37029930,69,231,46740462,96,6751,981430987,1460,1460,523413702,98,196,37029930,69,231,46740462,85,6568,965297529
201505,53,035,4,9,Kitsap County                 ,305,305,84553093,1,2,304099,0,0,0,2,24,5327474,305,305,84553093,1,2,304099,0,0,0,2,24,5327474
201505,53,053,4,9,Pierce County                 ,837,837,239396735,20,40,6143826,7,26,3363346,15,231,21391671,812,812,232320981,18,36,5440488,7,26,3363346,14,226,21000569
201505,53,055,4,9,San Juan County               ,38,38,8972926,0,0,0,0,0,0,0,0,0,38,38,8972926,0,0,0,0,0,0,0,0,0
201505,53,059,4,9,Skamania County               ,13,13,2909852,0,0,0,1,3,300301,0,0,0,7,7,1531851,0,0,0,0,0,0,0,0,0
201505,53,061,4,9,Snohomish County              ,1038,1038,273675068,10,20,4036282,2,8,2272182,12,474,62708364,1014,1014,267677196,9,18,3782701,2,8,2272182,11,466,62414063
201505,54,011,3,5,Cabell County                 ,18,18,4067278,3,6,250000,1,4,50000,0,0,0,17,17,3545581,3,6,250000,1,4,50000,0,0,0
201505,54,015,3,5,Clay County                   ,1,1,25000,0,0,0,0,0,0,0,0,0,1,1,25000,0,0,0,0,0,0,0,0,0
201505,54,019,3,5,Fayette County                ,10,10,1022342,0,0,0,0,0,0,0,0,0,3,3,125369,0,0,0,0,0,0,0,0,0
201505,54,037,3,5,Jefferson County              ,83,83,20611093,0,0,0,1,4,800000,0,0,0,65,65,15070649,0,0,0,1,4,800000,0,0,0
201505,54,081,3,5,Raleigh County                ,25,25,6959586,0,0,0,0,0,0,0,0,0,24,24,6675861,0,0,0,0,0,0,0,0,0
201505,55,025,2,3,Dane County                   ,475,475,143204829,7,14,2827000,8,28,3731000,17,794,111837547,435,435,131056971,7,14,2827000,4,16,2090000,9,681,101152360
201505,55,031,2,3,Douglas County                ,27,27,4111104,1,2,200000,0,0,0,0,0,0,27,27,4111104,1,2,200000,0,0,0,0,0,0
201505,55,037,2,3,Florence County               ,9,9,1358752,0,0,0,0,0,0,0,0,0,0,0,0,0,0,0,0,0,0,0,0,0
201505,55,049,2,3,Iowa County                   ,19,19,5541000,1,2,200000,0,0,0,0,0,0,19,19,5541000,1,2,200000,0,0,0,0,0,0
201505,55,059,2,3,Kenosha County                ,66,66,19713160,0,0,0,0,0,0,3,92,7350000,64,64,19092536,0,0,0,0,0,0,3,92,7350000
201505,55,079,2,3,Milwaukee County              ,50,50,14276804,5,10,870000,0,0,0,8,361,52049566,47,47,12386804,5,10,870000,0,0,0,7,356,51662066
201505,55,089,2,3,Ozaukee County                ,60,60,22947136,0,0,0,0,0,0,2,10,1564564,20,20,4952412,0,0,0,0,0,0,0,0,0
201505,55,093,2,3,Pierce County                 ,45,45,10839669,0,0,0,0,0,0,0,0,0,44,44,10560613,0,0,0,0,0,0,0,0,0
201505,55,109,2,3,St. Croix County              ,87,87,21622330,7,14,1440000,0,0,0,0,0,0,82,82,20393207,7,14,1440000,0,0,0,0,0,0
201505,55,131,2,3,Washington County             ,95,95,24640427,7,14,2025000,0,0,0,2,26,1795833,65,65,15620823,4,8,1050000,0,0,0,1,21,1400000
201505,56,029,4,8,Park County                   ,53,53,13065555,0,0,0,1,4,350000,0,0,0,51,51,12644222,0,0,0,1,4,350000,0,0,0
201505,56,039,4,8,Teton County                  ,107,107,124340210,1,2,500000,0,0,0,2,10,856632,79,79,104730030,0,0,0,0,0,0,0,0,0
