Survey,FIPS,FIPS,Region,Division,County,,1-unit,,,2-units,,,3-4 units,,,5+ units,,,1-unit rep,,,2-units rep,,,3-4 units rep,,, 5+units rep
Date,State,County,Code,Code,Name,Bldgs,Units,Value,Bldgs,Units,Value,Bldgs,Units,Value,Bldgs,Units,Value,Bldgs,Units,Value,Bldgs,Units,Value,Bldgs,Units,Value,Bldgs,Units,Value
 
201510,01,001,3,6,Autauga County                ,137,137,34159994,0,0,0,0,0,0,0,0,0,137,137,34159994,0,0,0,0,0,0,0,0,0
201510,01,007,3,6,Bibb County                   ,20,20,3560968,0,0,0,0,0,0,0,0,0,3,3,619000,0,0,0,0,0,0,0,0,0
201510,01,009,3,6,Blount County                 ,6,6,1189173,0,0,0,0,0,0,2,40,3831302,6,6,1189173,0,0,0,0,0,0,2,40,3831302
201510,01,021,3,6,Chilton County                ,18,18,1813200,0,0,0,0,0,0,0,0,0,17,17,1718200,0,0,0,0,0,0,0,0,0
201510,01,073,3,6,Jefferson County              ,1194,1194,311466889,0,0,0,0,0,0,18,766,74479536,1121,1121,296152355,0,0,0,0,0,0,16,756,74147758
201510,01,083,3,6,Limestone County              ,80,80,17053834,0,0,0,0,0,0,0,0,0,79,79,16925834,0,0,0,0,0,0,0,0,0
201510,01,089,3,6,Madison County                ,1703,1703,271628132,1,2,219948,4,16,340000,15,362,21711214,1699,1699,271122872,1,2,219948,4,16,340000,15,362,21711214
201510,01,113,3,6,Russell County                ,150,150,26268700,1,2,113764,0,0,0,8,312,22036000,139,139,24321676,1,2,113764,0,0,0,8,312,22036000
201510,01,115,3,6,St. Clair County              ,105,105,16490611,0,0,0,0,0,0,0,0,0,96,96,15230611,0,0,0,0,0,0,0,0,0
201510,01,117,3,6,Shelby County                 ,783,783,176799427,0,0,0,0,0,0,0,0,0,430,430,90987966,0,0,0,0,0,0,0,0,0
201510,01,127,3,6,Walker County                 ,11,11,2760000,0,0,0,0,0,0,0,0,0,11,11,2760000,0,0,0,0,0,0,0,0,0
201510,02,013,4,9,Aleutians East Borough        ,0,0,0,1,2,293438,0,0,0,0,0,0,0,0,0,1,2,293438,0,0,0,0,0,0
201510,02,016,4,9,Aleutians West Census Area    ,3,3,294354,0,0,0,0,0,0,0,0,0,0,0,0,0,0,0,0,0,0,0,0,0
201510,02,020,4,9,Anchorage Borough             ,547,547,171028695,1,2,322399,10,30,5242450,13,113,17864798,0,0,0,0,0,0,0,0,0,0,0,0
201510,02,020,4,9,Anchorage Municipality        ,547,547,171028695,1,2,322399,10,30,5242450,13,113,17864798,0,0,0,0,0,0,0,0,0,0,0,0
201510,02,050,4,9,Bethel Census Area            ,6,6,1300000,2,4,700000,0,0,0,0,0,0,6,6,1300000,2,4,700000,0,0,0,0,0,0
201510,02,060,4,9,Bristol Bay Borough           ,3,3,401500,0,0,0,0,0,0,0,0,0,3,3,401500,0,0,0,0,0,0,0,0,0
201510,02,070,4,9,Dillingham Census Area        ,2,2,480624,0,0,0,0,0,0,0,0,0,0,0,0,0,0,0,0,0,0,0,0,0
201510,02,090,4,9,Fairbanks North Star Borough  ,7,7,2188800,0,0,0,0,0,0,0,0,0,7,7,2188800,0,0,0,0,0,0,0,0,0
201510,02,100,4,9,Haines Borough                ,6,6,1700798,0,0,0,0,0,0,0,0,0,6,6,1700798,0,0,0,0,0,0,0,0,0
201510,02,105,4,9,Hoonah-Angoon Census Area     ,2,2,546769,0,0,0,0,0,0,0,0,0,1,1,291587,0,0,0,0,0,0,0,0,0
201510,02,110,4,9,Juneau Borough                ,70,70,14811635,2,4,646872,0,0,0,1,8,822126,70,70,14811635,2,4,646872,0,0,0,1,8,822126
201510,02,110,4,9,Juneau City and Borough       ,70,70,14811635,2,4,646872,0,0,0,1,8,822126,70,70,14811635,2,4,646872,0,0,0,1,8,822126
201510,02,122,4,9,Kenai Peninsula Borough       ,100,100,20861899,9,18,2408578,0,0,0,1,5,737352,76,76,15887281,8,16,2070786,0,0,0,1,5,737352
201510,02,130,4,9,Ketchikan Gateway Borough     ,16,16,4556177,1,2,293438,1,4,454720,0,0,0,16,16,4556177,1,2,293438,1,4,454720,0,0,0
201510,02,150,4,9,Kodiak Island Borough         ,17,17,3187526,0,0,0,1,3,237856,0,0,0,17,17,3187526,0,0,0,1,3,237856,0,0,0
201510,02,170,4,9,Matanuska-Susitna Borough     ,47,47,10794949,14,28,3878678,6,24,2728320,0,0,0,47,47,10794949,14,28,3878678,6,24,2728320,0,0,0
201510,02,180,4,9,Nome Census Area              ,4,4,589140,0,0,0,0,0,0,0,0,0,4,4,589140,0,0,0,0,0,0,0,0,0
201510,02,185,4,9,North Slope Borough           ,7,7,1850291,0,0,0,0,0,0,0,0,0,7,7,1850291,0,0,0,0,0,0,0,0,0
201510,02,188,4,9,Northwest Arctic Borough      ,6,6,2448978,0,0,0,0,0,0,0,0,0,2,2,510365,0,0,0,0,0,0,0,0,0
201510,02,195,4,9,Petersburg Borough            ,3,3,484229,2,4,245000,0,0,0,0,0,0,2,2,350000,1,2,160000,0,0,0,0,0,0
201510,02,195,4,9,Petersburg Census Area        ,3,3,484229,2,4,245000,0,0,0,0,0,0,2,2,350000,1,2,160000,0,0,0,0,0,0
201510,02,198,4,9,Prince of Wales-Hyder Census A,0,0,0,0,0,0,0,0,0,0,0,0,0,0,0,0,0,0,0,0,0,0,0,0
201510,02,220,4,9,Sitka Borough                 ,14,14,3754238,2,4,622364,0,0,0,0,0,0,0,0,0,0,0,0,0,0,0,0,0,0
201510,02,220,4,9,Sitka City and Borough        ,14,14,3754238,2,4,622364,0,0,0,0,0,0,0,0,0,0,0,0,0,0,0,0,0,0
201510,02,230,4,9,Skagway Municipality          ,3,3,840000,2,4,464886,0,0,0,0,0,0,3,3,840000,1,2,301886,0,0,0,0,0,0
201510,02,261,4,9,Valdez-Cordova Census Area    ,4,4,295000,1,2,150000,0,0,0,0,0,0,4,4,295000,1,2,150000,0,0,0,0,0,0
201510,02,270,4,9,Wade Hampton Census Area      ,0,0,0,0,0,0,0,0,0,0,0,0,0,0,0,0,0,0,0,0,0,0,0,0
201510,02,275,4,9,Wrangell City and Borough     ,4,4,656000,0,0,0,0,0,0,0,0,0,4,4,656000,0,0,0,0,0,0,0,0,0
201510,02,282,4,9,Yakutat Borough               ,0,0,0,0,0,0,0,0,0,0,0,0,0,0,0,0,0,0,0,0,0,0,0,0
201510,02,282,4,9,Yakutat City and Borough      ,0,0,0,0,0,0,0,0,0,0,0,0,0,0,0,0,0,0,0,0,0,0,0,0
201510,02,290,4,9,Yukon-Koyukuk Census Area     ,0,0,0,0,0,0,0,0,0,0,0,0,0,0,0,0,0,0,0,0,0,0,0,0
201510,04,013,4,8,Maricopa County               ,12635,12635,3536522671,30,60,10966211,40,149,24250391,218,4633,758398032,12635,12635,3536522671,30,60,10966211,40,149,24250391,218,4633,758398032
201510,04,019,4,8,Pima County                   ,2145,2145,565863138,20,40,1967960,0,0,0,38,826,97094172,1460,1460,409777474,0,0,0,0,0,0,0,0,0
201510,04,021,4,8,Pinal County                  ,1788,1788,332458026,24,48,3632710,0,0,0,0,0,0,1564,1564,283609010,24,48,3632710,0,0,0,0,0,0
201510,05,013,3,7,Calhoun County                ,0,0,0,0,0,0,0,0,0,0,0,0,0,0,0,0,0,0,0,0,0,0,0,0
201510,05,035,3,7,Crittenden County             ,45,45,7461668,3,6,274000,0,0,0,0,0,0,45,45,7461668,3,6,274000,0,0,0,0,0,0
201510,05,045,3,7,Faulkner County               ,175,175,35579473,3,6,220000,0,0,0,0,0,0,167,167,34004816,3,6,220000,0,0,0,0,0,0
201510,05,053,3,7,Grant County                  ,9,9,1106581,0,0,0,0,0,0,0,0,0,0,0,0,0,0,0,0,0,0,0,0,0
201510,05,085,3,7,Lonoke County                 ,254,254,23383656,4,8,533350,6,18,1082075,0,0,0,139,139,13545417,4,8,533350,6,18,1082075,0,0,0
201510,05,087,3,7,Madison County                ,0,0,0,0,0,0,0,0,0,0,0,0,0,0,0,0,0,0,0,0,0,0,0,0
201510,05,091,3,7,Miller County                 ,34,34,4833076,2,4,190000,0,0,0,0,0,0,31,31,4357000,2,4,190000,0,0,0,0,0,0
201510,05,105,3,7,Perry County                  ,1,1,33000,0,0,0,0,0,0,0,0,0,1,1,33000,0,0,0,0,0,0,0,0,0
201510,05,119,3,7,Pulaski County                ,584,584,129087819,5,10,1794886,0,0,0,20,530,28627111,570,570,126873450,5,10,1794886,0,0,0,20,530,28627111
201510,05,129,3,7,Searcy County                 ,1,1,200000,0,0,0,0,0,0,0,0,0,1,1,200000,0,0,0,0,0,0,0,0,0
201510,05,143,3,7,Washington County             ,827,827,195240870,0,0,0,0,0,0,3,231,30713408,770,770,186663211,0,0,0,0,0,0,2,226,30213408
201510,06,001,4,9,Alameda County                ,1441,1441,507326979,10,20,4849693,21,74,15147269,73,2227,336573918,1410,1410,497542298,10,20,4849693,21,74,15147269,73,2227,336573918
201510,06,013,4,9,Contra Costa County           ,1763,1763,565826298,1,2,416494,4,14,3038117,17,338,55827385,1746,1746,561670032,1,2,416494,4,14,3038117,13,317,52957468
201510,06,017,4,9,El Dorado County              ,487,487,151134779,0,0,0,0,0,0,0,0,0,487,487,151134779,0,0,0,0,0,0,0,0,0
201510,06,019,4,9,Fresno County                 ,1801,1801,484729980,2,4,507309,0,0,0,18,177,14921264,1632,1632,441261816,2,4,507309,0,0,0,15,158,13429315
201510,06,037,4,9,Los Angeles County            ,4012,4012,1652836996,285,570,102189944,17,55,10085482,291,13801,2296360901,3734,3734,1518368478,283,566,101537344,15,49,9187994,264,13576,2267638580
201510,06,041,4,9,Marin County                  ,185,185,90766227,0,0,0,0,0,0,16,150,14782591,77,77,47424105,0,0,0,0,0,0,0,0,0
201510,06,059,4,9,Orange County                 ,3234,3234,1072905491,79,158,34740304,103,342,67774708,153,5627,757429556,3106,3106,991224601,62,124,23705043,101,336,65651912,149,5525,744658806
201510,06,061,4,9,Placer County                 ,1718,1718,586075766,2,4,903223,0,0,0,11,196,17327267,1706,1706,582152918,2,4,903223,0,0,0,11,196,17327267
201510,06,063,4,9,Plumas County                 ,26,26,4420616,0,0,0,0,0,0,0,0,0,26,26,4420616,0,0,0,0,0,0,0,0,0
201510,06,067,4,9,Sacramento County             ,1885,1885,509327058,40,80,10599585,1,3,381815,24,653,86170426,1867,1867,505090758,40,80,10599585,1,3,381815,24,653,86170426
201510,06,069,4,9,San Benito County             ,168,168,48894625,3,6,750111,0,0,0,0,0,0,139,139,41988405,3,6,750111,0,0,0,0,0,0
201510,06,071,4,9,San Bernardino County         ,2359,2359,578006648,57,114,18501614,28,100,15352532,104,785,83436955,2165,2165,536586623,53,106,17387734,24,87,13457913,87,615,69474602
201510,06,073,4,9,San Diego County              ,2673,2673,919535789,38,76,12846767,73,232,40362532,194,4490,716908671,2567,2567,882811546,36,72,11850378,70,221,38574346,180,4216,683439892
201510,06,075,4,9,San Francisco County          ,63,63,16784452,44,88,30017849,7,21,6319137,34,2662,709321515,63,63,16784452,44,88,30017849,7,21,6319137,34,2662,709321515
201510,06,081,4,9,San Mateo County              ,411,411,299455818,1,2,722400,2,6,1462887,24,669,135985480,324,324,250626621,0,0,0,2,6,1462887,19,641,132319933
201510,06,085,4,9,Santa Clara County            ,1464,1464,571327885,5,10,2870515,18,65,15619574,118,3368,592137330,1395,1395,546942045,5,10,2870515,15,55,13135381,113,3105,545958960
201510,06,091,4,9,Sierra County                 ,1,1,190093,0,0,0,0,0,0,0,0,0,1,1,190093,0,0,0,0,0,0,0,0,0
201510,06,113,4,9,Yolo County                   ,270,270,80089796,2,4,893907,0,0,0,1,16,3416000,270,270,80089796,2,4,893907,0,0,0,1,16,3416000
201510,08,001,4,8,Adams County                  ,1248,1248,311298690,0,0,0,6,21,3652226,2,34,3599366,1220,1220,305872072,0,0,0,6,21,3652226,2,34,3599366
201510,08,005,4,8,Arapahoe County               ,1439,1439,374547819,0,0,0,9,31,2218750,19,862,107248354,1432,1432,362766819,0,0,0,9,31,2218750,19,862,107248354
201510,08,014,4,8,Broomfield County             ,360,360,124611865,0,0,0,2,7,924907,8,68,7816512,317,317,109628456,0,0,0,1,4,530419,7,40,5062217
201510,08,015,4,8,Chaffee County                ,92,92,24419080,2,4,647924,4,12,2198800,0,0,0,0,0,0,0,0,0,0,0,0,0,0,0
201510,08,019,4,8,Clear Creek County            ,16,16,3886751,0,0,0,0,0,0,0,0,0,16,16,3886751,0,0,0,0,0,0,0,0,0
201510,08,031,4,8,Denver County                 ,1578,1578,396182393,89,178,37262045,0,0,0,37,3854,409176669,1363,1363,348016323,67,134,28165570,0,0,0,33,3365,363627159
201510,08,035,4,8,Douglas County                ,1831,1831,551962925,0,0,0,1,4,664261,16,518,56063939,1807,1807,544188644,0,0,0,1,4,664261,16,518,56063939
201510,08,039,4,8,Elbert County                 ,115,115,28251477,0,0,0,0,0,0,0,0,0,115,115,28251477,0,0,0,0,0,0,0,0,0
201510,08,041,4,8,El Paso County                ,2559,2559,927899850,1,2,319527,2,8,1459934,12,559,57226755,2559,2559,927899850,1,2,319527,2,8,1459934,12,559,57226755
201510,08,047,4,8,Gilpin County                 ,13,13,5800000,0,0,0,0,0,0,0,0,0,13,13,5800000,0,0,0,0,0,0,0,0,0
201510,08,069,4,8,Larimer County                ,1531,1531,412993511,23,46,7501190,3,9,1657331,20,524,59839081,1529,1529,412565008,23,46,7501190,3,9,1657331,20,524,59839081
201510,08,077,4,8,Mesa County                   ,394,394,100132699,0,0,0,0,0,0,3,50,4792604,301,301,77557066,0,0,0,0,0,0,1,40,4121110
201510,08,093,4,8,Park County                   ,107,107,18330341,0,0,0,0,0,0,0,0,0,107,107,18330341,0,0,0,0,0,0,0,0,0
201510,08,101,4,8,Pueblo County                 ,167,167,29606292,10,20,2521120,0,0,0,3,62,8762000,147,147,26030049,10,20,2521120,0,0,0,3,62,8762000
201510,08,119,4,8,Teller County                 ,71,71,18872891,0,0,0,0,0,0,0,0,0,71,71,18872891,0,0,0,0,0,0,0,0,0
201510,09,001,1,1,Fairfield County              ,645,645,383040068,5,10,1314531,1,3,500000,38,1472,190485254,557,557,302013389,5,10,1314531,1,3,500000,35,1454,188595254
201510,09,003,1,1,Hartford County               ,411,411,84872728,19,38,2693152,15,52,4421237,21,329,23030638,350,350,74763372,7,14,1164940,1,3,175000,10,246,18832699
201510,09,007,1,1,Middlesex County              ,115,115,30013667,2,4,450000,3,11,1483494,2,29,3499533,104,104,26175005,2,4,450000,3,11,1483494,2,29,3499533
201510,09,013,1,1,Tolland County                ,136,136,28945925,2,4,265000,0,0,0,10,106,10718340,89,89,17954578,1,2,150000,0,0,0,3,48,3600000
201510,10,001,3,5,Kent County                   ,698,698,102620480,3,6,546820,2,8,814000,17,173,16471705,690,690,101848252,3,6,546820,2,8,814000,17,173,16471705
201510,10,003,3,5,New Castle County             ,1035,1035,96933201,2,4,155270,0,0,0,29,459,31978434,915,915,87350665,2,4,155270,0,0,0,15,365,28929234
201510,10,005,3,5,Sussex County                 ,1814,1814,263463670,59,118,13893315,13,47,6443928,13,76,8948108,1814,1814,263463670,59,118,13893315,13,47,6443928,13,76,8948108
201510,11,001,3,5,Washington  DC                ,238,238,53124740,46,92,10145370,2,7,807114,35,3767,347786995,238,238,53124740,46,92,10145370,2,7,807114,35,3767,347786995
201510,12,003,3,5,Baker County                  ,33,33,5365851,1,2,62000,0,0,0,0,0,0,33,33,5365851,1,2,62000,0,0,0,0,0,0
201510,12,019,3,5,Clay County                   ,789,789,157152797,1,2,170000,0,0,0,5,80,5137474,785,785,156327011,0,0,0,0,0,0,5,80,5137474
201510,12,031,3,5,Duval County                  ,2115,2115,495933957,13,26,2872280,1,4,483864,57,1875,169960141,2100,2100,490532149,13,26,2872280,1,4,483864,56,1870,168630974
201510,12,033,3,5,Escambia County               ,690,690,154700266,0,0,0,0,0,0,13,304,24716416,690,690,154700266,0,0,0,0,0,0,13,304,24716416
201510,12,053,3,5,Hernando County               ,361,361,63363915,0,0,0,0,0,0,0,0,0,359,359,62970483,0,0,0,0,0,0,0,0,0
201510,12,057,3,5,Hillsborough County           ,4754,4754,1627285879,24,48,5576441,7,26,3525761,51,3430,427256551,4754,4754,1627285879,24,48,5576441,7,26,3525761,51,3430,427256551
201510,12,067,3,5,Lafayette County              ,6,6,1086955,0,0,0,0,0,0,0,0,0,6,6,1086955,0,0,0,0,0,0,0,0,0
201510,12,071,3,5,Lee County                    ,3230,3230,843913702,10,20,2166210,44,176,38342186,148,2484,308993668,3230,3230,843913702,10,20,2166210,44,176,38342186,148,2484,308993668
201510,12,073,3,5,Leon County                   ,465,465,94106255,3,6,650000,1,3,390000,21,563,53579918,205,205,48464593,0,0,0,0,0,0,0,0,0
201510,12,081,3,5,Manatee County                ,2135,2135,505413765,3,6,1701296,42,157,26166880,37,637,45960990,2090,2090,495062709,3,6,1701296,31,124,21069521,33,560,40671152
201510,12,086,3,5,Miami-Dade County             ,2411,2411,642956191,24,48,8368774,21,82,8510719,165,8500,1299027071,2323,2323,618392321,23,46,8247774,21,82,8510719,155,8442,1212274027
201510,12,089,3,5,Nassau County                 ,670,670,185938802,1,2,577364,0,0,0,15,313,36541597,627,627,174475306,1,2,577364,0,0,0,14,308,35953889
201510,12,091,3,5,Okaloosa County               ,608,608,174139132,6,12,1566151,0,0,0,0,0,0,608,608,174139132,6,12,1566151,0,0,0,0,0,0
201510,12,095,3,5,Orange County                 ,4512,4512,1245423141,43,86,14473624,19,70,8719282,77,2542,278132221,4506,4506,1242551857,43,86,14473624,19,70,8719282,77,2542,278132221
201510,12,097,3,5,Osceola County                ,2845,2845,736749674,19,38,3605592,6,24,3869688,99,2846,275723682,2741,2741,721733774,19,38,3605592,6,24,3869688,99,2846,275723682
201510,12,101,3,5,Pasco County                  ,1634,1634,361356171,22,44,4094483,13,50,1834120,52,553,29759490,1626,1626,360396171,22,44,4094483,13,50,1834120,46,523,27524334
201510,12,103,3,5,Pinellas County               ,746,746,218890263,1,2,322251,4,15,3738500,41,1615,204663131,705,705,205981761,1,2,322251,4,15,3738500,30,1373,188338313
201510,12,109,3,5,St. Johns County              ,2444,2444,682143986,0,0,0,14,56,13407258,5,56,7444633,2439,2439,681135173,0,0,0,14,56,13407258,5,56,7444633
201510,12,113,3,5,Santa Rosa County             ,990,990,134067793,2,4,335000,0,0,0,4,28,1691000,990,990,134067793,2,4,335000,0,0,0,4,28,1691000
201510,12,115,3,5,Sarasota County               ,1969,1969,598454357,6,12,2166080,12,48,12186070,17,400,52365193,1945,1945,587008553,6,12,2166080,12,48,12186070,15,378,45589576
201510,12,117,3,5,Seminole County               ,854,854,296501786,0,0,0,0,0,0,12,419,30705208,852,852,296251024,0,0,0,0,0,0,10,368,26471409
201510,12,129,3,5,Wakulla County                ,117,117,15830635,0,0,0,0,0,0,0,0,0,117,117,15830635,0,0,0,0,0,0,0,0,0
201510,12,131,3,5,Walton County                 ,911,911,387585279,0,0,0,36,108,18202324,1,8,8777750,911,911,387585279,0,0,0,36,108,18202324,1,8,8777750
201510,12,133,3,5,Washington County             ,18,18,2932076,0,0,0,0,0,0,0,0,0,14,14,2296762,0,0,0,0,0,0,0,0,0
201510,13,007,3,5,Baker County                  ,0,0,0,0,0,0,0,0,0,0,0,0,0,0,0,0,0,0,0,0,0,0,0,0
201510,13,013,3,5,Barrow County                 ,351,351,47731361,0,0,0,0,0,0,0,0,0,321,321,44658125,0,0,0,0,0,0,0,0,0
201510,13,015,3,5,Bartow County                 ,303,303,59741188,0,0,0,0,0,0,0,0,0,293,293,57577856,0,0,0,0,0,0,0,0,0
201510,13,021,3,5,Bibb County                   ,98,98,16539855,0,0,0,0,0,0,0,0,0,98,98,16539855,0,0,0,0,0,0,0,0,0
201510,13,029,3,5,Bryan County                  ,348,348,72481472,0,0,0,0,0,0,5,38,1900000,275,275,61135780,0,0,0,0,0,0,0,0,0
201510,13,033,3,5,Burke County                  ,37,37,6495136,0,0,0,0,0,0,0,0,0,21,21,3855000,0,0,0,0,0,0,0,0,0
201510,13,035,3,5,Butts County                  ,29,29,4493426,0,0,0,0,0,0,0,0,0,28,28,4300475,0,0,0,0,0,0,0,0,0
201510,13,045,3,5,Carroll County                ,142,142,21066452,0,0,0,0,0,0,0,0,0,142,142,21066452,0,0,0,0,0,0,0,0,0
201510,13,051,3,5,Chatham County                ,883,883,180315866,1,2,210000,0,0,0,8,59,4886499,704,704,162305152,1,2,210000,0,0,0,1,24,2000000
201510,13,057,3,5,Cherokee County               ,1569,1569,385420702,1,2,260560,1,3,490320,2,89,10052116,1569,1569,385420702,1,2,260560,1,3,490320,2,89,10052116
201510,13,059,3,5,Clarke County                 ,76,76,16060922,0,0,0,0,0,0,5,421,39216132,76,76,16060922,0,0,0,0,0,0,5,421,39216132
201510,13,063,3,5,Clayton County                ,405,405,92888470,0,0,0,0,0,0,0,0,0,401,401,91864667,0,0,0,0,0,0,0,0,0
201510,13,067,3,5,Cobb County                   ,1321,1321,384693109,5,10,2627461,24,96,19612605,36,486,74437753,1321,1321,384693109,5,10,2627461,24,96,19612605,36,486,74437753
201510,13,073,3,5,Columbia County               ,1196,1196,201400673,0,0,0,0,0,0,7,68,3801645,423,423,69030747,0,0,0,0,0,0,7,68,3801645
201510,13,077,3,5,Coweta County                 ,685,685,231488202,0,0,0,0,0,0,17,213,20199507,635,635,217948725,0,0,0,0,0,0,17,213,20199507
201510,13,085,3,5,Dawson County                 ,144,144,28707062,0,0,0,0,0,0,0,0,0,144,144,28707062,0,0,0,0,0,0,0,0,0
201510,13,095,3,5,Dougherty County              ,42,42,4636067,11,22,1651210,2,6,305536,1,5,187500,0,0,0,0,0,0,0,0,0,0,0,0
201510,13,097,3,5,Douglas County                ,194,194,26667757,0,0,0,0,0,0,0,0,0,194,194,26667757,0,0,0,0,0,0,0,0,0
201510,13,111,3,5,Fannin County                 ,161,161,32285830,0,0,0,0,0,0,0,0,0,161,161,32285830,0,0,0,0,0,0,0,0,0
201510,13,113,3,5,Fayette County                ,272,272,64123473,0,0,0,0,0,0,6,210,14492474,247,247,55935203,0,0,0,0,0,0,6,210,14492474
201510,13,117,3,5,Forsyth County                ,2507,2507,360668056,3,6,483420,0,0,0,16,512,21092790,2507,2507,360668056,3,6,483420,0,0,0,16,512,21092790
201510,13,121,3,5,Fulton County                 ,2578,2578,694489544,3,6,1355000,0,0,0,53,5216,650897105,2520,2520,678942906,3,6,1355000,0,0,0,49,5161,647495076
201510,13,127,3,5,Glynn County                  ,396,396,104455185,0,0,0,0,0,0,0,0,0,0,0,0,0,0,0,0,0,0,0,0,0
201510,13,135,3,5,Gwinnett County               ,2842,2842,404937790,0,0,0,9,27,612623,9,224,24496670,2801,2801,392923258,0,0,0,9,27,612623,9,224,24496670
201510,13,143,3,5,Haralson County               ,31,31,6409359,0,0,0,0,0,0,0,0,0,19,19,4287696,0,0,0,0,0,0,0,0,0
201510,13,145,3,5,Harris County                 ,127,127,34179896,0,0,0,0,0,0,0,0,0,127,127,34179896,0,0,0,0,0,0,0,0,0
201510,13,149,3,5,Heard County                  ,17,17,2119728,0,0,0,0,0,0,0,0,0,0,0,0,0,0,0,0,0,0,0,0,0
201510,13,151,3,5,Henry County                  ,1081,1081,223037871,0,0,0,1,4,542493,0,0,0,1049,1049,219154639,0,0,0,1,4,542493,0,0,0
201510,13,159,3,5,Jasper County                 ,47,47,6296778,0,0,0,0,0,0,0,0,0,0,0,0,0,0,0,0,0,0,0,0,0
201510,13,171,3,5,Lamar County                  ,38,38,4537194,0,0,0,0,0,0,0,0,0,38,38,4537194,0,0,0,0,0,0,0,0,0
201510,13,177,3,5,Lee County                    ,89,89,10934040,0,0,0,0,0,0,0,0,0,89,89,10934040,0,0,0,0,0,0,0,0,0
201510,13,179,3,5,Liberty County                ,177,177,44591068,1,2,139965,1,4,361478,5,72,7463310,177,177,44591068,1,2,139965,1,4,361478,5,72,7463310
201510,13,189,3,5,McDuffie County               ,18,18,2978526,0,0,0,0,0,0,0,0,0,16,16,2628000,0,0,0,0,0,0,0,0,0
201510,13,199,3,5,Meriwether County             ,26,26,5353209,0,0,0,0,0,0,0,0,0,22,22,4768661,0,0,0,0,0,0,0,0,0
201510,13,201,3,5,Miller County                 ,3,3,550058,0,0,0,0,0,0,0,0,0,3,3,550058,0,0,0,0,0,0,0,0,0
201510,13,207,3,5,Monroe County                 ,72,72,15488578,0,0,0,0,0,0,0,0,0,72,72,15488578,0,0,0,0,0,0,0,0,0
201510,13,215,3,5,Muscogee County               ,307,307,32497952,0,0,0,8,28,1271854,15,195,14790273,0,0,0,0,0,0,0,0,0,0,0,0
201510,13,217,3,5,Newton County                 ,210,210,40847975,0,0,0,0,0,0,0,0,0,210,210,40847975,0,0,0,0,0,0,0,0,0
201510,13,227,3,5,Pickens County                ,60,60,14477943,1,2,200000,0,0,0,0,0,0,54,54,13009810,1,2,200000,0,0,0,0,0,0
201510,13,231,3,5,Pike County                   ,35,35,5499235,0,0,0,0,0,0,0,0,0,33,33,5125477,0,0,0,0,0,0,0,0,0
201510,13,235,3,5,Pulaski County                ,13,13,1017792,0,0,0,0,0,0,0,0,0,0,0,0,0,0,0,0,0,0,0,0,0
201510,13,245,3,5,Richmond County               ,366,366,68668964,1,2,180000,0,0,0,11,222,6480968,19,19,3408990,0,0,0,0,0,0,0,0,0
201510,13,247,3,5,Rockdale County               ,109,109,24469758,0,0,0,0,0,0,0,0,0,109,109,24469758,0,0,0,0,0,0,0,0,0
201510,13,255,3,5,Spalding County               ,160,160,20799974,0,0,0,0,0,0,0,0,0,160,160,20799974,0,0,0,0,0,0,0,0,0
201510,13,275,3,5,Thomas County                 ,70,70,26254690,0,0,0,2,8,1000000,0,0,0,59,59,24389376,0,0,0,2,8,1000000,0,0,0
201510,13,291,3,5,Union County                  ,107,107,27820124,0,0,0,0,0,0,0,0,0,107,107,27820124,0,0,0,0,0,0,0,0,0
201510,15,001,4,9,Hawaii County                 ,693,693,309523992,9,18,20958932,1,3,5525682,4,24,2900000,693,693,309523992,9,18,20958932,1,3,5525682,4,24,2900000
201510,15,003,4,9,Honolulu County               ,852,852,335257574,0,0,0,0,0,0,83,2322,436492716,852,852,335257574,0,0,0,0,0,0,83,2322,436492716
201510,15,007,4,9,Kauai County                  ,180,180,112940351,0,0,0,0,0,0,0,0,0,180,180,112940351,0,0,0,0,0,0,0,0,0
201510,15,009,4,9,Maui County                   ,297,297,79752018,6,12,2739574,7,28,9095200,17,118,35383640,297,297,79752018,6,12,2739574,7,28,9095200,17,118,35383640
201510,16,001,4,8,Ada County                    ,2596,2596,681627091,2,4,594407,73,292,18287600,43,762,63709897,2596,2596,681627091,2,4,594407,73,292,18287600,43,762,63709897
201510,16,015,4,8,Boise County                  ,44,44,8986776,0,0,0,0,0,0,0,0,0,44,44,8986776,0,0,0,0,0,0,0,0,0
201510,16,027,4,8,Canyon County                 ,964,964,158346497,0,0,0,0,0,0,0,0,0,964,964,158346497,0,0,0,0,0,0,0,0,0
201510,16,045,4,8,Gem County                    ,36,36,5155487,0,0,0,0,0,0,0,0,0,34,34,4941249,0,0,0,0,0,0,0,0,0
201510,16,073,4,8,Owyhee County                 ,20,20,3848192,0,0,0,0,0,0,0,0,0,20,20,3848192,0,0,0,0,0,0,0,0,0
201510,17,005,2,3,Bond County                   ,52,52,7334456,0,0,0,0,0,0,5,60,1800000,45,45,6101000,0,0,0,0,0,0,5,60,1800000
201510,17,013,2,3,Calhoun County                ,6,6,852083,0,0,0,0,0,0,0,0,0,5,5,655000,0,0,0,0,0,0,0,0,0
201510,17,031,2,3,Cook County                   ,1372,1372,454860170,34,68,10575514,88,291,48306318,102,4039,495360036,1272,1272,419094130,34,68,10575514,88,291,48306318,100,4029,494014945
201510,17,037,2,3,DeKalb County                 ,112,112,23628475,0,0,0,0,0,0,0,0,0,112,112,23628475,0,0,0,0,0,0,0,0,0
201510,17,039,2,3,De Witt County                ,20,20,3827076,0,0,0,1,3,185000,0,0,0,20,20,3827076,0,0,0,1,3,185000,0,0,0
201510,17,043,2,3,DuPage County                 ,911,911,349597109,1,2,322777,1,3,420000,2,286,66200000,822,822,311931842,1,2,322777,1,3,420000,2,286,66200000
201510,17,063,2,3,Grundy County                 ,65,65,15387768,0,0,0,0,0,0,17,92,4717944,54,54,13621729,0,0,0,0,0,0,0,0,0
201510,17,083,2,3,Jersey County                 ,23,23,3289022,0,0,0,0,0,0,0,0,0,8,8,969289,0,0,0,0,0,0,0,0,0
201510,17,093,2,3,Kendall County                ,148,148,28821239,0,0,0,0,0,0,0,0,0,148,148,28821239,0,0,0,0,0,0,0,0,0
201510,17,097,2,3,Lake County                   ,461,461,176002620,8,16,1909739,3,9,450000,12,138,16239277,343,343,136897308,1,2,251579,3,9,450000,9,80,8218000
201510,17,111,2,3,McHenry County                ,301,301,56394728,0,0,0,14,56,4760000,1,186,19359363,280,280,54378012,0,0,0,14,56,4760000,1,186,19359363
201510,17,119,2,3,Madison County                ,313,313,75699781,0,0,0,3,12,1323000,2,10,892858,298,298,72974358,0,0,0,3,12,1323000,0,0,0
201510,17,133,2,3,Monroe County                 ,115,115,27843407,1,2,290000,0,0,0,0,0,0,101,101,24741319,1,2,290000,0,0,0,0,0,0
201510,17,197,2,3,Will County                   ,898,898,233101766,12,24,4150000,0,0,0,3,32,2400000,784,784,209814381,12,24,4150000,0,0,0,3,32,2400000
201510,18,003,2,3,Allen County                  ,735,735,173869487,5,10,1935000,4,15,887640,18,137,6871942,735,735,173869487,5,10,1935000,4,15,887640,18,137,6871942
201510,18,011,2,3,Boone County                  ,329,329,99528341,10,20,3340800,0,0,0,2,42,2675000,326,326,98759018,10,20,3340800,0,0,0,2,42,2675000
201510,18,013,2,3,Brown County                  ,34,34,7243250,0,0,0,3,9,899322,0,0,0,5,5,1176827,0,0,0,0,0,0,0,0,0
201510,18,019,2,3,Clark County                  ,316,316,56873115,19,38,4020146,2,7,610000,1,5,128125,298,298,54211900,19,38,4020146,2,7,610000,0,0,0
201510,18,047,2,3,Franklin County               ,33,33,6430568,0,0,0,0,0,0,0,0,0,33,33,6430568,0,0,0,0,0,0,0,0,0
201510,18,057,2,3,Hamilton County               ,1616,1616,463907688,12,24,2748993,7,25,2957070,121,1612,134033301,1443,1443,412761011,12,24,2748993,7,25,2957070,117,1480,119180034
201510,18,059,2,3,Hancock County                ,322,322,53350322,1,2,50000,0,0,0,0,0,0,319,319,52683384,1,2,50000,0,0,0,0,0,0
201510,18,061,2,3,Harrison County               ,88,88,20419350,0,0,0,0,0,0,0,0,0,88,88,20419350,0,0,0,0,0,0,0,0,0
201510,18,063,2,3,Hendricks County              ,592,592,134660076,3,6,674334,2,8,835000,17,276,24978572,509,509,117484323,1,2,160000,2,8,835000,15,240,22950000
201510,18,069,2,3,Huntington County             ,46,46,9223541,0,0,0,0,0,0,0,0,0,46,46,9223541,0,0,0,0,0,0,0,0,0
201510,18,073,2,3,Jasper County                 ,58,58,13650189,0,0,0,0,0,0,0,0,0,58,58,13650189,0,0,0,0,0,0,0,0,0
201510,18,081,2,3,Johnson County                ,515,515,104181591,1,2,385000,0,0,0,0,0,0,489,489,101176797,1,2,385000,0,0,0,0,0,0
201510,18,087,2,3,Lagrange County               ,118,118,13803246,0,0,0,0,0,0,0,0,0,118,118,13803246,0,0,0,0,0,0,0,0,0
201510,18,089,2,3,Lake County                   ,724,724,176220388,16,32,2314754,28,110,13571768,7,46,5601227,702,702,170588655,16,32,2314754,28,110,13571768,5,36,4923055
201510,18,097,2,3,Marion County                 ,698,698,164262832,10,20,3963847,6,21,2196377,49,690,303727354,604,604,144400538,6,12,2876200,5,18,2010733,45,625,299317855
201510,18,105,2,3,Monroe County                 ,185,185,44851482,7,14,1754941,0,0,0,5,43,4216133,164,164,39908811,5,10,1251783,0,0,0,2,16,1725216
201510,18,109,2,3,Morgan County                 ,97,97,17922677,1,2,160000,0,0,0,0,0,0,91,91,16514787,1,2,160000,0,0,0,0,0,0
201510,18,111,2,3,Newton County                 ,15,15,3390144,0,0,0,0,0,0,0,0,0,0,0,0,0,0,0,0,0,0,0,0,0
201510,18,115,2,3,Ohio County                   ,8,8,1370888,0,0,0,0,0,0,0,0,0,8,8,1370888,0,0,0,0,0,0,0,0,0
201510,18,119,2,3,Owen County                   ,20,20,2608296,0,0,0,0,0,0,0,0,0,18,18,2269330,0,0,0,0,0,0,0,0,0
201510,18,127,2,3,Porter County                 ,301,301,84681321,6,12,1205000,3,9,1041007,12,197,24519513,296,296,83292675,6,12,1205000,3,9,1041007,12,197,24519513
201510,18,133,2,3,Putnam County                 ,44,44,9314446,0,0,0,0,0,0,0,0,0,44,44,9314446,0,0,0,0,0,0,0,0,0
201510,18,145,2,3,Shelby County                 ,41,41,9248259,0,0,0,0,0,0,1,40,4000000,41,41,9248259,0,0,0,0,0,0,1,40,4000000
201510,18,151,2,3,Steuben County                ,102,102,28760335,0,0,0,0,0,0,0,0,0,102,102,28760335,0,0,0,0,0,0,0,0,0
201510,18,157,2,3,Tippecanoe County             ,358,358,76231306,0,0,0,0,0,0,9,78,7002626,81,81,13231468,0,0,0,0,0,0,0,0,0
201510,18,163,2,3,Vanderburgh County            ,249,249,36856289,11,22,2209389,0,0,0,1,30,552100,249,249,36856289,11,22,2209389,0,0,0,1,30,552100
201510,18,167,2,3,Vigo County                   ,73,73,15717063,14,28,1455610,8,32,1698000,3,41,3668281,66,66,14365330,10,20,1004468,8,32,1698000,0,0,0
201510,18,175,2,3,Washington County             ,28,28,3858357,0,0,0,0,0,0,0,0,0,1,1,140000,0,0,0,0,0,0,0,0,0
201510,18,183,2,3,Whitley County                ,62,62,13190400,0,0,0,0,0,0,0,0,0,62,62,13190400,0,0,0,0,0,0,0,0,0
201510,19,049,2,4,Dallas County                 ,588,588,158283911,0,0,0,0,0,0,2,32,7998389,586,586,157788625,0,0,0,0,0,0,2,32,7998389
201510,19,085,2,4,Harrison County               ,22,22,4278904,1,2,229070,0,0,0,0,0,0,20,20,3823282,0,0,0,0,0,0,0,0,0
201510,19,129,2,4,Mills County                  ,4,4,1046094,0,0,0,0,0,0,0,0,0,4,4,1046094,0,0,0,0,0,0,0,0,0
201510,19,153,2,4,Polk County                   ,2168,2168,529500277,19,38,3570059,2,7,1181104,43,1164,162087230,2103,2103,512211371,19,38,3570059,2,7,1181104,39,1142,159217146
201510,19,181,2,4,Warren County                 ,219,219,56467387,3,6,698000,2,8,852700,0,0,0,217,217,55693579,3,6,698000,2,8,852700,0,0,0
201510,20,091,2,4,Johnson County                ,1370,1370,435983178,7,14,2172902,11,43,6783027,52,989,140506542,844,844,285218198,2,4,583394,7,28,4529000,52,989,140506542
201510,20,103,2,4,Leavenworth County            ,186,186,33902667,0,0,0,0,0,0,0,0,0,186,186,33902667,0,0,0,0,0,0,0,0,0
201510,20,107,2,4,Linn County                   ,25,25,2545039,0,0,0,0,0,0,0,0,0,17,17,1755000,0,0,0,0,0,0,0,0,0
201510,20,121,2,4,Miami County                  ,49,49,10117145,0,0,0,0,0,0,2,32,2619215,13,13,2068966,0,0,0,0,0,0,2,32,2619215
201510,20,209,2,4,Wyandotte County              ,119,119,24777712,10,20,1872500,0,0,0,0,0,0,119,119,24777712,10,20,1872500,0,0,0,0,0,0
201510,21,005,3,6,Anderson County               ,41,41,8325363,0,0,0,0,0,0,0,0,0,40,40,8109769,0,0,0,0,0,0,0,0,0
201510,21,015,3,6,Boone County                  ,353,353,54203554,0,0,0,0,0,0,13,156,8549600,353,353,54203554,0,0,0,0,0,0,13,156,8549600
201510,21,017,3,6,Bourbon County                ,26,26,7370416,1,2,200000,0,0,0,0,0,0,9,9,2277188,0,0,0,0,0,0,0,0,0
201510,21,021,3,6,Boyle County                  ,23,23,6332300,0,0,0,0,0,0,9,72,3100000,23,23,6332300,0,0,0,0,0,0,9,72,3100000
201510,21,029,3,6,Bullitt County                ,297,297,58451776,2,4,560000,0,0,0,1,6,260000,297,297,58451776,2,4,560000,0,0,0,1,6,260000
201510,21,035,3,6,Calloway County               ,11,11,2225701,1,2,129000,19,67,3336500,1,7,408000,11,11,2225701,1,2,129000,19,67,3336500,1,7,408000
201510,21,037,3,6,Campbell County               ,159,159,38460129,1,2,95000,4,16,1734300,9,84,7754331,154,154,37697379,1,2,95000,4,16,1734300,9,84,7754331
201510,21,045,3,6,Casey County                  ,0,0,0,0,0,0,0,0,0,0,0,0,0,0,0,0,0,0,0,0,0,0,0,0
201510,21,047,3,6,Christian County              ,38,38,4131600,1,2,75000,3,12,930000,0,0,0,20,20,2850000,1,2,75000,3,12,930000,0,0,0
201510,21,049,3,6,Clark County                  ,23,23,4118675,5,10,2000000,0,0,0,0,0,0,4,4,830000,0,0,0,0,0,0,0,0,0
201510,21,067,3,6,Fayette County                ,522,522,79638520,5,10,1024999,3,10,1400000,22,591,33606857,194,194,31380300,2,4,412000,1,4,800000,10,358,19709999
201510,21,069,3,6,Fleming County                ,1,1,160000,0,0,0,0,0,0,0,0,0,1,1,160000,0,0,0,0,0,0,0,0,0
201510,21,077,3,6,Gallatin County               ,8,8,1236000,0,0,0,0,0,0,0,0,0,8,8,1236000,0,0,0,0,0,0,0,0,0
201510,21,081,3,6,Grant County                  ,35,35,8050839,0,0,0,0,0,0,3,15,941250,26,26,6216000,0,0,0,0,0,0,0,0,0
201510,21,091,3,6,Hancock County                ,1,1,195167,0,0,0,0,0,0,0,0,0,1,1,195167,0,0,0,0,0,0,0,0,0
201510,21,099,3,6,Hart County                   ,34,34,3306500,0,0,0,0,0,0,9,45,5109642,0,0,0,0,0,0,0,0,0,0,0,0
201510,21,101,3,6,Henderson County              ,35,35,8497765,0,0,0,0,0,0,6,91,1359300,35,35,8497765,0,0,0,0,0,0,6,91,1359300
201510,21,103,3,6,Henry County                  ,23,23,3578000,0,0,0,0,0,0,0,0,0,23,23,3578000,0,0,0,0,0,0,0,0,0
201510,21,111,3,6,Jefferson County              ,754,754,153590863,12,24,1966800,19,69,1921000,56,467,31187149,488,488,98436984,2,4,750000,19,69,1921000,11,94,8217900
201510,21,113,3,6,Jessamine County              ,158,158,43774046,0,0,0,3,9,1134642,0,0,0,74,74,32540642,0,0,0,0,0,0,0,0,0
201510,21,115,3,6,Johnson County                ,0,0,0,0,0,0,0,0,0,0,0,0,0,0,0,0,0,0,0,0,0,0,0,0
201510,21,117,3,6,Kenton County                 ,210,210,43342082,0,0,0,0,0,0,0,0,0,210,210,43342082,0,0,0,0,0,0,0,0,0
201510,21,121,3,6,Knox County                   ,0,0,0,0,0,0,0,0,0,0,0,0,0,0,0,0,0,0,0,0,0,0,0,0
201510,21,123,3,6,Larue County                  ,29,29,6377222,1,2,219948,0,0,0,0,0,0,23,23,5190368,1,2,219948,0,0,0,0,0,0
201510,21,137,3,6,Lincoln County                ,29,29,5695115,0,0,0,0,0,0,0,0,0,29,29,5695115,0,0,0,0,0,0,0,0,0
201510,21,145,3,6,McCracken County              ,177,177,24752657,0,0,0,4,16,737120,14,281,17198381,177,177,24752657,0,0,0,4,16,737120,14,281,17198381
201510,21,151,3,6,Madison County                ,107,107,9901172,10,20,1081964,8,32,1480000,12,67,2288006,20,20,2370000,1,2,65000,8,32,1480000,1,11,400000
201510,21,157,3,6,Marshall County               ,28,28,5700165,0,0,0,0,0,0,0,0,0,28,28,5700165,0,0,0,0,0,0,0,0,0
201510,21,161,3,6,Mason County                  ,18,18,3568000,0,0,0,0,0,0,0,0,0,18,18,3568000,0,0,0,0,0,0,0,0,0
201510,21,163,3,6,Meade County                  ,72,72,10810885,4,8,500000,0,0,0,0,0,0,57,57,8487320,4,8,500000,0,0,0,0,0,0
201510,21,167,3,6,Mercer County                 ,37,37,5186466,7,14,962500,0,0,0,0,0,0,0,0,0,0,0,0,0,0,0,0,0,0
201510,21,175,3,6,Morgan County                 ,15,15,1125000,0,0,0,0,0,0,0,0,0,0,0,0,0,0,0,0,0,0,0,0,0
201510,21,179,3,6,Nelson County                 ,137,137,21039990,2,4,430000,1,4,210000,0,0,0,137,137,21039990,2,4,430000,1,4,210000,0,0,0
201510,21,185,3,6,Oldham County                 ,201,201,50649624,0,0,0,0,0,0,0,0,0,0,0,0,0,0,0,0,0,0,0,0,0
201510,21,191,3,6,Pendleton County              ,0,0,0,0,0,0,0,0,0,0,0,0,0,0,0,0,0,0,0,0,0,0,0,0
201510,21,209,3,6,Scott County                  ,366,366,48156291,1,2,330000,0,0,0,14,86,4785000,366,366,48156291,1,2,330000,0,0,0,14,86,4785000
201510,21,211,3,6,Shelby County                 ,251,251,45767364,0,0,0,0,0,0,0,0,0,251,251,45767364,0,0,0,0,0,0,0,0,0
201510,21,213,3,6,Simpson County                ,28,28,4335200,10,20,1420000,0,0,0,0,0,0,28,28,4335200,10,20,1420000,0,0,0,0,0,0
201510,21,215,3,6,Spencer County                ,70,70,15696033,0,0,0,0,0,0,0,0,0,70,70,15696033,0,0,0,0,0,0,0,0,0
201510,21,221,3,6,Trigg County                  ,0,0,0,0,0,0,0,0,0,0,0,0,0,0,0,0,0,0,0,0,0,0,0,0
201510,21,225,3,6,Union County                  ,9,9,2000513,0,0,0,0,0,0,0,0,0,9,9,2000513,0,0,0,0,0,0,0,0,0
201510,21,239,3,6,Woodford County               ,92,92,17894630,0,0,0,0,0,0,0,0,0,92,92,17894630,0,0,0,0,0,0,0,0,0
201510,22,005,3,7,Ascension Parish              ,741,741,118110904,0,0,0,0,0,0,0,0,0,554,554,89888121,0,0,0,0,0,0,0,0,0
201510,22,015,3,7,Bossier Parish                ,488,488,80944337,0,0,0,0,0,0,0,0,0,488,488,80944337,0,0,0,0,0,0,0,0,0
201510,22,017,3,7,Caddo Parish                  ,273,273,63578018,0,0,0,0,0,0,11,84,7022524,247,247,56638596,0,0,0,0,0,0,11,84,7022524
201510,22,031,3,7,De Soto Parish                ,96,96,24167108,0,0,0,0,0,0,0,0,0,96,96,24167108,0,0,0,0,0,0,0,0,0
201510,22,033,3,7,East Baton Rouge Parish       ,1233,1233,289180655,0,0,0,0,0,0,1,19,2610442,1161,1161,272080096,0,0,0,0,0,0,0,0,0
201510,22,037,3,7,East Feliciana Parish         ,40,40,8071149,0,0,0,0,0,0,0,0,0,40,40,8071149,0,0,0,0,0,0,0,0,0
201510,22,047,3,7,Iberville Parish              ,89,89,16186977,1,2,150000,0,0,0,0,0,0,6,6,1756800,1,2,150000,0,0,0,0,0,0
201510,22,051,3,7,Jefferson Parish              ,313,313,62497452,8,16,1056063,0,0,0,0,0,0,296,296,58293921,5,10,671064,0,0,0,0,0,0
201510,22,055,3,7,Lafayette Parish              ,1301,1301,283253826,3,6,990158,1,3,270000,1,178,2660000,1167,1167,262279579,3,6,990158,1,3,270000,1,178,2660000
201510,22,063,3,7,Livingston Parish             ,639,639,135620931,0,0,0,0,0,0,0,0,0,307,307,66313392,0,0,0,0,0,0,0,0,0
201510,22,071,3,7,Orleans Parish                ,119,119,25934837,8,16,1952057,1,3,230000,3,342,42483533,119,119,25934837,8,16,1952057,1,3,230000,3,342,42483533
201510,22,075,3,7,Plaquemines Parish            ,35,35,10091418,6,12,1560000,0,0,0,0,0,0,30,30,8950046,6,12,1560000,0,0,0,0,0,0
201510,22,077,3,7,Pointe Coupee Parish          ,39,39,9842750,0,0,0,0,0,0,0,0,0,39,39,9842750,0,0,0,0,0,0,0,0,0
201510,22,087,3,7,St. Bernard Parish            ,67,67,10430974,0,0,0,0,0,0,0,0,0,63,63,9783440,0,0,0,0,0,0,0,0,0
201510,22,089,3,7,St. Charles Parish            ,102,102,22160470,0,0,0,1,3,250000,0,0,0,71,71,15241214,0,0,0,1,3,250000,0,0,0
201510,22,091,3,7,St. Helena Parish             ,0,0,0,0,0,0,0,0,0,0,0,0,0,0,0,0,0,0,0,0,0,0,0,0
201510,22,095,3,7,St. John the Baptist Parish   ,27,27,4254296,0,0,0,0,0,0,0,0,0,11,11,1537000,0,0,0,0,0,0,0,0,0
201510,22,099,3,7,St. Martin Parish             ,131,131,29515881,0,0,0,0,0,0,0,0,0,125,125,28193721,0,0,0,0,0,0,0,0,0
201510,22,103,3,7,St. Tammany Parish            ,1084,1084,269486952,1,2,155000,0,0,0,0,0,0,1039,1039,255680371,1,2,155000,0,0,0,0,0,0
201510,22,109,3,7,Terrebonne Parish             ,193,193,51426073,0,0,0,0,0,0,0,0,0,193,193,51426073,0,0,0,0,0,0,0,0,0
201510,22,121,3,7,West Baton Rouge Parish       ,137,137,23221171,0,0,0,0,0,0,4,80,6158340,124,124,22037365,0,0,0,0,0,0,4,80,6158340
201510,22,125,3,7,West Feliciana Parish         ,50,50,13329250,0,0,0,0,0,0,0,0,0,50,50,13329250,0,0,0,0,0,0,0,0,0
201510,23,000,1,1,Maine Unorganized Territory   ,60,60,7968014,0,0,0,0,0,0,0,0,0,0,0,0,0,0,0,0,0,0,0,0,0
201510,24,003,3,5,Anne Arundel County           ,1422,1422,241914618,3,6,1206283,0,0,0,21,983,103377458,1394,1394,236808412,3,6,1206283,0,0,0,19,946,99212960
201510,24,005,3,5,Baltimore County              ,635,635,146015638,1,2,130000,0,0,0,2,359,34453421,635,635,146015638,1,2,130000,0,0,0,2,359,34453421
201510,24,009,3,5,Calvert County                ,301,301,67764945,0,0,0,0,0,0,1,5,150000,301,301,67764945,0,0,0,0,0,0,1,5,150000
201510,24,013,3,5,Carroll County                ,258,258,58644651,5,10,1170000,3,9,1486021,2,17,1820000,230,230,52555355,5,10,1170000,2,6,928602,1,12,1320000
201510,24,015,3,5,Cecil County                  ,92,92,21226780,0,0,0,0,0,0,0,0,0,92,92,21226780,0,0,0,0,0,0,0,0,0
201510,24,017,3,5,Charles County                ,804,804,164052836,0,0,0,0,0,0,0,0,0,799,799,163131650,0,0,0,0,0,0,0,0,0
201510,24,021,3,5,Frederick County              ,625,625,139182550,0,0,0,8,32,3870915,38,471,71815290,625,625,139182550,0,0,0,8,32,3870915,38,471,71815290
201510,24,023,3,5,Garrett County                ,172,172,48116930,0,0,0,0,0,0,0,0,0,172,172,48116930,0,0,0,0,0,0,0,0,0
201510,24,025,3,5,Harford County                ,359,359,87161827,0,0,0,0,0,0,19,442,41575436,358,358,86999327,0,0,0,0,0,0,19,442,41575436
201510,24,027,3,5,Howard County                 ,942,942,193345342,12,24,3950000,0,0,0,5,278,27157000,942,942,193345342,12,24,3950000,0,0,0,5,278,27157000
201510,24,031,3,5,Montgomery County             ,1164,1164,252998250,5,10,827449,1,4,95000,9,654,140321824,1150,1150,251200573,0,0,0,1,4,95000,9,654,140321824
201510,24,033,3,5,Prince George County          ,1213,1213,270310372,0,0,0,0,0,0,1,319,25935976,1213,1213,270310372,0,0,0,0,0,0,1,319,25935976
201510,24,035,3,5,Queen Anne County             ,140,140,27442272,0,0,0,0,0,0,0,0,0,139,139,27226678,0,0,0,0,0,0,0,0,0
201510,24,037,3,5,St. Mary's County             ,583,583,103780787,0,0,0,0,0,0,2,10,1810000,575,575,101051955,0,0,0,0,0,0,2,10,1810000
201510,24,037,3,5,St. Marys County              ,583,583,103780787,0,0,0,0,0,0,2,10,1810000,575,575,101051955,0,0,0,0,0,0,2,10,1810000
201510,24,039,3,5,Somerset County               ,33,33,6571551,0,0,0,0,0,0,7,158,19313467,27,27,5752450,0,0,0,0,0,0,6,150,18530000
201510,24,045,3,5,Wicomico County               ,77,77,13301344,5,10,977296,0,0,0,6,46,3478295,74,74,12947221,4,8,801124,0,0,0,4,36,2578295
201510,24,510,3,5,Baltimore (Independent City)  ,177,177,26023850,5,10,1045000,1,3,392766,5,409,40382132,133,133,19164500,5,10,1045000,0,0,0,3,305,30283813
201510,25,005,1,1,Bristol County                ,515,515,105580402,6,12,1407200,2,6,930000,7,109,7655541,450,450,96020277,5,10,1141200,2,6,930000,6,104,7297782
201510,25,009,1,1,Essex County                  ,517,517,169274050,20,40,5678221,6,18,3441298,14,402,54034639,341,341,115602374,17,34,4816312,4,12,2505980,7,322,44147900
201510,25,017,1,1,Middlesex County              ,1253,1253,350883968,58,116,18268716,10,32,5038869,53,1778,253265134,1028,1028,297314479,47,94,15491216,9,29,4288869,32,1432,210783001
201510,25,021,1,1,Norfolk County                ,570,570,209425422,9,18,2975108,13,39,8942633,43,574,53659550,496,496,188497627,3,6,884000,11,33,7840867,4,169,19640000
201510,25,023,1,1,Plymouth County               ,704,704,161333212,9,18,2981747,18,56,7380990,16,118,11371555,542,542,129864642,7,14,2479913,7,21,3757298,2,10,600000
201510,25,025,1,1,Suffolk County                ,42,42,10195556,40,80,13734016,22,72,11322240,69,4228,929534554,37,37,9390229,36,72,12850000,22,72,11322240,44,3546,853494925
201510,26,000,2,3,Michigan Balance of State     ,51,51,9910400,0,0,0,0,0,0,0,0,0,51,51,9910400,0,0,0,0,0,0,0,0,0
201510,26,019,2,3,Benzie County                 ,52,52,10319576,0,0,0,0,0,0,0,0,0,52,52,10319576,0,0,0,0,0,0,0,0,0
201510,26,029,2,3,Charlevoix County             ,52,52,16011299,3,6,1710513,0,0,0,0,0,0,0,0,0,0,0,0,0,0,0,0,0,0
201510,26,089,2,3,Leelanau County               ,94,94,22128955,0,0,0,0,0,0,0,0,0,83,83,19471939,0,0,0,0,0,0,0,0,0
201510,26,093,2,3,Livingston County             ,522,522,145226002,3,6,1133493,2,7,1116338,5,36,5237894,503,503,143286643,3,6,1133493,2,7,1116338,5,36,5237894
201510,26,095,2,3,Luce County                   ,3,3,590700,0,0,0,0,0,0,0,0,0,3,3,590700,0,0,0,0,0,0,0,0,0
201510,26,099,2,3,Macomb County                 ,1231,1231,317052527,9,18,3181066,3,11,1099557,31,526,47741199,1230,1230,316854194,9,18,3181066,3,11,1099557,31,526,47741199
201510,26,103,2,3,Marquette County              ,77,77,14979015,3,6,758000,0,0,0,1,9,2430000,77,77,14979015,3,6,758000,0,0,0,1,9,2430000
201510,26,137,2,3,Otsego County                 ,15,15,1215000,0,0,0,0,0,0,0,0,0,0,0,0,0,0,0,0,0,0,0,0,0
201510,26,147,2,3,St. Clair County              ,111,111,22449436,0,0,0,0,0,0,0,0,0,100,100,20958461,0,0,0,0,0,0,0,0,0
201510,26,163,2,3,Wayne County                  ,707,707,196469263,3,6,1046885,19,74,9174272,52,569,59035550,692,692,192738699,3,6,1046885,18,71,8712240,52,569,59035550
201510,27,003,2,4,Anoka County                  ,648,648,175224104,2,4,700062,0,0,0,2,16,2678800,627,627,170491861,2,4,700062,0,0,0,2,16,2678800
201510,27,019,2,4,Carver County                 ,458,458,144497542,1,2,254572,1,4,639000,2,206,25120000,420,420,132908832,1,2,254572,1,4,639000,2,206,25120000
201510,27,025,2,4,Chisago County                ,137,137,22647750,0,0,0,0,0,0,0,0,0,111,111,19233843,0,0,0,0,0,0,0,0,0
201510,27,027,2,4,Clay County                   ,262,262,56820749,2,4,550000,5,15,2476880,6,239,19050000,262,262,56820749,2,4,550000,5,15,2476880,6,239,19050000
201510,27,037,2,4,Dakota County                 ,857,857,250726294,0,0,0,7,26,4138760,18,356,31964230,707,707,210314705,0,0,0,5,20,2972000,16,346,30052224
201510,27,053,2,4,Hennepin County               ,1377,1377,521197548,1,2,305000,5,17,2972796,24,2113,407317378,1356,1356,513687020,1,2,305000,3,11,1598400,22,2074,402168336
201510,27,059,2,4,Isanti County                 ,117,117,21539788,0,0,0,0,0,0,1,48,4250000,117,117,21539788,0,0,0,0,0,0,1,48,4250000
201510,27,123,2,4,Ramsey County                 ,224,224,67063296,1,2,300000,0,0,0,11,1215,148340484,222,222,66422330,1,2,300000,0,0,0,11,1215,148340484
201510,27,139,2,4,Scott County                  ,350,350,109489557,0,0,0,0,0,0,0,0,0,334,334,104915959,0,0,0,0,0,0,0,0,0
201510,27,141,2,4,Sherburne County              ,251,251,55026157,0,0,0,0,0,0,1,29,2600000,247,247,54512821,0,0,0,0,0,0,1,29,2600000
201510,27,163,2,4,Washington County             ,526,526,180847322,0,0,0,0,0,0,3,275,46727000,486,486,163682146,0,0,0,0,0,0,3,275,46727000
201510,27,171,2,4,Wright County                 ,465,465,122510267,0,0,0,0,0,0,0,0,0,434,434,115081132,0,0,0,0,0,0,0,0,0
201510,28,033,3,6,DeSoto County                 ,920,920,138865102,0,0,0,0,0,0,2,10,843450,894,894,133670983,0,0,0,0,0,0,2,10,843450
201510,28,041,3,6,Greene County                 ,1,1,120000,0,0,0,0,0,0,0,0,0,1,1,120000,0,0,0,0,0,0,0,0,0
201510,28,045,3,6,Hancock County                ,328,328,53758993,7,14,1296253,10,35,3512645,11,113,9566886,51,51,11272229,0,0,0,0,0,0,0,0,0
201510,28,047,3,6,Harrison County               ,633,633,99530080,1,2,245000,0,0,0,0,0,0,541,541,89078788,0,0,0,0,0,0,0,0,0
201510,28,067,3,6,Jones County                  ,24,24,3485770,0,0,0,0,0,0,0,0,0,8,8,1913000,0,0,0,0,0,0,0,0,0
201510,28,137,3,6,Tate County                   ,61,61,13610747,1,2,115000,0,0,0,0,0,0,61,61,13610747,1,2,115000,0,0,0,0,0,0
201510,28,143,3,6,Tunica County                 ,12,12,1129520,0,0,0,0,0,0,0,0,0,1,1,246000,0,0,0,0,0,0,0,0,0
201510,28,145,3,6,Union County                  ,6,6,906000,0,0,0,0,0,0,0,0,0,6,6,906000,0,0,0,0,0,0,0,0,0
201510,28,149,3,6,Warren County                 ,3,3,340000,0,0,0,0,0,0,0,0,0,3,3,340000,0,0,0,0,0,0,0,0,0
201510,29,013,2,4,Bates County                  ,3,3,431000,0,0,0,0,0,0,0,0,0,3,3,431000,0,0,0,0,0,0,0,0,0
201510,29,019,2,4,Boone County                  ,671,671,154615187,10,20,1838600,4,13,955931,9,213,36931012,671,671,154615187,10,20,1838600,4,13,955931,9,213,36931012
201510,29,049,2,4,Clinton County                ,23,23,4294795,0,0,0,0,0,0,0,0,0,16,16,2974800,0,0,0,0,0,0,0,0,0
201510,29,065,2,4,Dent County                   ,0,0,0,0,0,0,0,0,0,0,0,0,0,0,0,0,0,0,0,0,0,0,0,0
201510,29,071,2,4,Franklin County               ,351,351,56279334,2,4,620000,0,0,0,2,26,1197292,343,343,54984795,2,4,620000,0,0,0,1,21,700000
201510,29,095,2,4,Jackson County                ,1363,1363,299404763,54,108,9162436,31,121,11393852,73,1740,161559743,1362,1362,299286770,54,108,9162436,31,121,11393852,73,1740,161559743
201510,29,099,2,4,Jefferson County              ,463,463,68104657,4,8,560000,0,0,0,0,0,0,428,428,63391063,4,8,560000,0,0,0,0,0,0
201510,29,105,2,4,Laclede County                ,18,18,2976700,0,0,0,0,0,0,0,0,0,18,18,2976700,0,0,0,0,0,0,0,0,0
201510,29,107,2,4,Lafayette County              ,23,23,4881608,0,0,0,0,0,0,0,0,0,2,2,424000,0,0,0,0,0,0,0,0,0
201510,29,113,2,4,Lincoln County                ,68,68,8203137,0,0,0,4,16,1752000,4,26,2847000,68,68,8203137,0,0,0,4,16,1752000,4,26,2847000
201510,29,165,2,4,Platte County                 ,210,210,57342507,0,0,0,3,9,990000,0,0,0,205,205,56321872,0,0,0,3,9,990000,0,0,0
201510,29,185,2,4,St. Clair County              ,0,0,0,0,0,0,0,0,0,0,0,0,0,0,0,0,0,0,0,0,0,0,0,0
201510,29,189,2,4,St. Louis County              ,727,727,316701907,0,0,0,0,0,0,10,380,48525560,529,529,236248046,0,0,0,0,0,0,5,330,38340800
201510,29,219,2,4,Warren County                 ,86,86,19223322,0,0,0,0,0,0,0,0,0,86,86,19223322,0,0,0,0,0,0,0,0,0
201510,29,221,2,4,Washington County             ,0,0,0,0,0,0,0,0,0,0,0,0,0,0,0,0,0,0,0,0,0,0,0,0
201510,29,510,2,4,St. Louis (Independent City)  ,66,66,11364643,0,0,0,4,13,950000,4,329,55125578,66,66,11364643,0,0,0,4,13,950000,4,329,55125578
201510,30,033,4,8,Garfield County               ,1,1,150000,0,0,0,0,0,0,0,0,0,1,1,150000,0,0,0,0,0,0,0,0,0
201510,30,063,4,8,Missoula County               ,274,274,43996902,8,16,1281498,4,15,473543,11,237,9935353,274,274,43996902,8,16,1281498,4,15,473543,11,237,9935353
201510,30,093,4,8,Silver Bow County             ,29,29,3227287,1,2,99406,9,36,1476875,1,5,205206,29,29,3227287,1,2,99406,9,36,1476875,1,5,205206
201510,31,001,2,4,Adams County                  ,45,45,10141422,8,16,2618198,0,0,0,0,0,0,45,45,10141422,8,16,2618198,0,0,0,0,0,0
201510,31,025,2,4,Cass County                   ,90,90,15180686,0,0,0,0,0,0,0,0,0,85,85,14343997,0,0,0,0,0,0,0,0,0
201510,31,033,2,4,Cheyenne County               ,17,17,4313694,0,0,0,0,0,0,1,8,595000,16,16,4083365,0,0,0,0,0,0,1,8,595000
201510,31,055,2,4,Douglas County                ,1411,1411,221371865,0,0,0,0,0,0,20,853,66529640,1403,1403,219456789,0,0,0,0,0,0,20,853,66529640
201510,31,105,2,4,Kimball County                ,0,0,0,2,4,290000,0,0,0,0,0,0,0,0,0,2,4,290000,0,0,0,0,0,0
201510,31,153,2,4,Sarpy County                  ,723,723,188524948,3,6,1003603,1,4,534000,2,29,4306120,711,711,185046316,3,6,1003603,1,4,534000,0,0,0
201510,31,165,2,4,Sioux County                  ,2,2,568000,0,0,0,0,0,0,0,0,0,2,2,568000,0,0,0,0,0,0,0,0,0
201510,31,177,2,4,Washington County             ,79,79,20912565,0,0,0,0,0,0,0,0,0,77,77,20381957,0,0,0,0,0,0,0,0,0
201510,32,001,4,8,Churchill County              ,16,16,3625395,0,0,0,0,0,0,0,0,0,16,16,3625395,0,0,0,0,0,0,0,0,0
201510,32,003,4,8,Clark County                  ,6761,6761,1178017378,16,32,3411527,4,15,2250714,146,2154,186277473,6761,6761,1178017378,16,32,3411527,4,15,2250714,146,2154,186277473
201510,32,005,4,8,Douglas County                ,128,128,47754542,1,2,294902,0,0,0,0,0,0,128,128,47754542,1,2,294902,0,0,0,0,0,0
201510,32,007,4,8,Elko County                   ,177,177,25484180,0,0,0,0,0,0,3,36,2859998,175,175,25454180,0,0,0,0,0,0,3,36,2859998
201510,32,013,4,8,Humboldt County               ,16,16,2346274,0,0,0,2,8,813340,4,24,2468556,16,16,2346274,0,0,0,2,8,813340,4,24,2468556
201510,32,015,4,8,Lander County                 ,2,2,294977,0,0,0,0,0,0,0,0,0,2,2,294977,0,0,0,0,0,0,0,0,0
201510,32,017,4,8,Lincoln County                ,9,9,2202315,0,0,0,0,0,0,0,0,0,6,6,1593207,0,0,0,0,0,0,0,0,0
201510,32,019,4,8,Lyon County                   ,138,138,28503911,0,0,0,0,0,0,0,0,0,135,135,27892437,0,0,0,0,0,0,0,0,0
201510,32,021,4,8,Mineral County                ,0,0,0,0,0,0,0,0,0,0,0,0,0,0,0,0,0,0,0,0,0,0,0,0
201510,32,027,4,8,Pershing County               ,0,0,0,0,0,0,0,0,0,0,0,0,0,0,0,0,0,0,0,0,0,0,0,0
201510,32,029,4,8,Storey County                 ,8,8,1341842,0,0,0,0,0,0,0,0,0,7,7,1227727,0,0,0,0,0,0,0,0,0
201510,32,031,4,8,Washoe County                 ,1625,1625,407575742,8,16,2211217,0,0,0,37,647,71381473,1598,1598,398478035,7,14,1745769,0,0,0,37,647,71381473
201510,32,033,4,8,White Pine County             ,6,6,1178584,0,0,0,0,0,0,0,0,0,3,3,722584,0,0,0,0,0,0,0,0,0
201510,32,510,4,8,Carson City (Independent City),34,34,7551028,0,0,0,1,4,360259,0,0,0,34,34,7551028,0,0,0,1,4,360259,0,0,0
201510,33,015,1,1,Rockingham County             ,640,640,145035159,13,26,4411000,4,13,1319000,9,129,17351346,591,591,131268616,13,26,4411000,4,13,1319000,7,104,14571356
201510,33,017,1,1,Strafford County              ,185,185,33769356,7,14,2056450,1,3,444529,15,320,52910459,168,168,30370178,5,10,1398890,0,0,0,5,56,5169896
201510,34,001,1,2,Atlantic County               ,281,281,49088281,5,10,1301773,0,0,0,15,301,44824242,195,195,36077123,0,0,0,0,0,0,0,0,0
201510,34,003,1,2,Bergen County                 ,769,769,289429822,78,156,26903195,6,18,2630000,101,1444,105476454,464,464,188485651,54,108,21928505,4,12,1924000,21,288,28097874
201510,34,005,1,2,Burlington County             ,474,474,86575436,5,10,776765,0,0,0,27,310,12057915,360,360,68632871,5,10,776765,0,0,0,13,220,7589390
201510,34,007,1,2,Camden County                 ,267,267,47798995,16,32,183805,1,3,39353,68,655,32539658,169,169,36183338,16,32,183805,0,0,0,26,183,4005854
201510,34,009,1,2,Cape May County               ,382,382,122298954,51,102,17619901,0,0,0,2,18,1836750,364,364,117479799,51,102,17619901,0,0,0,1,13,1823750
201510,34,011,1,2,Cumberland County             ,159,159,16708819,0,0,0,0,0,0,7,47,6262092,67,67,5903784,0,0,0,0,0,0,0,0,0
201510,34,013,1,2,Essex County                  ,414,414,57842538,18,36,3814702,22,67,7326937,76,2097,155160496,315,315,41829723,15,30,3560599,14,42,3250000,17,782,66291346
201510,34,015,1,2,Gloucester County             ,354,354,48800114,2,4,49561,0,0,0,16,268,12632950,289,289,41692822,2,4,49561,0,0,0,16,268,12632950
201510,34,017,1,2,Hudson County                 ,274,274,22766787,19,38,6795446,18,60,10975683,47,4003,353557202,244,244,18753504,16,32,6115255,13,45,8963282,20,2972,219836363
201510,34,019,1,2,Hunterdon County              ,129,129,31214695,1,2,233200,0,0,0,22,211,11414034,107,107,27609889,0,0,0,0,0,0,2,18,1693900
201510,34,021,1,2,Mercer County                 ,255,255,71769731,6,12,465215,1,3,80000,18,486,15449257,214,214,66050638,5,10,63915,1,3,80000,12,400,8797776
201510,34,023,1,2,Middlesex County              ,669,669,123826481,7,14,1071915,8,26,4494541,60,1926,206018506,584,584,112531029,6,12,859465,5,17,3178950,26,691,32472243
201510,34,025,1,2,Monmouth County               ,770,770,190261433,13,26,1679040,2,6,548686,21,362,25704503,616,616,165361362,13,26,1679040,1,3,230000,13,281,18908268
201510,34,027,1,2,Morris County                 ,635,635,140947489,0,0,0,0,0,0,66,1352,65649856,438,438,96942446,0,0,0,0,0,0,13,394,13637950
201510,34,029,1,2,Ocean County                  ,1712,1712,344729260,25,50,4711714,0,0,0,21,258,25215863,1632,1632,330972695,21,42,4047161,0,0,0,19,247,24847943
201510,34,031,1,2,Passaic County                ,97,97,18856350,5,10,802030,7,21,733652,23,297,26761913,44,44,9670139,2,4,359750,4,12,504520,10,151,12597486
201510,34,033,1,2,Salem County                  ,23,23,3017521,0,0,0,0,0,0,1,12,260000,16,16,2297282,0,0,0,0,0,0,1,12,260000
201510,34,035,1,2,Somerset County               ,328,328,66997431,6,12,902000,0,0,0,39,896,59853705,262,262,59978214,5,10,735500,0,0,0,10,350,27601545
201510,34,037,1,2,Sussex County                 ,112,112,24648631,0,0,0,0,0,0,9,76,4316058,34,34,8581455,0,0,0,0,0,0,0,0,0
201510,34,039,1,2,Union County                  ,333,333,70234752,28,56,3635994,2,7,1017925,59,1530,82880699,203,203,53818086,25,50,2995202,1,4,865000,21,704,48378711
201510,34,041,1,2,Warren County                 ,122,122,20389949,0,0,0,0,0,0,12,127,5453166,57,57,10527525,0,0,0,0,0,0,1,24,1005756
201510,35,000,4,8,New Mexico Balance of State   ,258,258,71171485,0,0,0,0,0,0,0,0,0,168,168,47919123,0,0,0,0,0,0,0,0,0
201510,35,001,4,8,Bernalillo County             ,954,954,211649621,0,0,0,0,0,0,1,130,13543630,954,954,211649621,0,0,0,0,0,0,1,130,13543630
201510,35,005,4,8,Chaves County                 ,63,63,11797615,0,0,0,0,0,0,0,0,0,57,57,9856875,0,0,0,0,0,0,0,0,0
201510,35,007,4,8,Colfax County                 ,11,11,4359344,0,0,0,0,0,0,0,0,0,5,5,1756368,0,0,0,0,0,0,0,0,0
201510,35,009,4,8,Curry County                  ,43,43,11481312,0,0,0,0,0,0,0,0,0,43,43,11481312,0,0,0,0,0,0,0,0,0
201510,35,013,4,8,Dona Ana County               ,604,604,121058861,1,2,313896,8,28,4950000,1,11,800000,604,604,121058861,1,2,313896,8,28,4950000,1,11,800000
201510,35,015,4,8,Eddy County                   ,143,143,26025953,0,0,0,0,0,0,0,0,0,138,138,24982587,0,0,0,0,0,0,0,0,0
201510,35,017,4,8,Grant County                  ,15,15,2639200,0,0,0,0,0,0,0,0,0,15,15,2639200,0,0,0,0,0,0,0,0,0
201510,35,025,4,8,Lea County                    ,151,151,32605785,0,0,0,0,0,0,13,240,4500000,151,151,32605785,0,0,0,0,0,0,13,240,4500000
201510,35,027,4,8,Lincoln County                ,54,54,13536016,0,0,0,0,0,0,0,0,0,0,0,0,0,0,0,0,0,0,0,0,0
201510,35,028,4,8,Los Alamos County             ,6,6,2051211,0,0,0,0,0,0,0,0,0,6,6,2051211,0,0,0,0,0,0,0,0,0
201510,35,029,4,8,Luna County                   ,7,7,1194000,0,0,0,0,0,0,0,0,0,7,7,1194000,0,0,0,0,0,0,0,0,0
201510,35,031,4,8,McKinley County               ,4,4,1150460,0,0,0,0,0,0,0,0,0,4,4,1150460,0,0,0,0,0,0,0,0,0
201510,35,035,4,8,Otero County                  ,0,0,0,0,0,0,0,0,0,0,0,0,0,0,0,0,0,0,0,0,0,0,0,0
201510,35,039,4,8,Rio Arriba County             ,0,0,0,0,0,0,0,0,0,0,0,0,0,0,0,0,0,0,0,0,0,0,0,0
201510,35,041,4,8,Roosevelt County              ,24,24,3241853,0,0,0,0,0,0,0,0,0,22,22,2940500,0,0,0,0,0,0,0,0,0
201510,35,043,4,8,Sandoval County               ,700,700,136074397,6,12,1699626,14,52,4360371,9,45,1874997,103,103,24027406,0,0,0,0,0,0,0,0,0
201510,35,045,4,8,San Juan County               ,101,101,24502869,0,0,0,0,0,0,0,0,0,101,101,24502869,0,0,0,0,0,0,0,0,0
201510,35,047,4,8,San Miguel County             ,0,0,0,0,0,0,0,0,0,0,0,0,0,0,0,0,0,0,0,0,0,0,0,0
201510,35,049,4,8,Santa Fe County               ,97,97,24231903,0,0,0,0,0,0,0,0,0,77,77,19624228,0,0,0,0,0,0,0,0,0
201510,35,051,4,8,Sierra County                 ,0,0,0,0,0,0,0,0,0,0,0,0,0,0,0,0,0,0,0,0,0,0,0,0
201510,35,053,4,8,Socorro County                ,2,2,367000,0,0,0,1,3,195000,0,0,0,1,1,150000,0,0,0,1,3,195000,0,0,0
201510,35,055,4,8,Taos County                   ,65,65,7626755,0,0,0,0,0,0,0,0,0,4,4,937750,0,0,0,0,0,0,0,0,0
201510,35,061,4,8,Valencia County               ,73,73,7914076,0,0,0,0,0,0,0,0,0,0,0,0,0,0,0,0,0,0,0,0,0
201510,36,001,1,2,Albany County                 ,223,223,57432235,3,6,520403,23,91,11953622,25,576,77709674,202,202,53351595,1,2,220000,23,91,11953622,25,576,77709674
201510,36,005,1,2,Bronx County                  ,4,4,1028803,27,54,6969639,13,44,4820547,59,3562,430777340,4,4,1028803,27,54,6969639,13,44,4820547,59,3562,430777340
201510,36,029,1,2,Erie County                   ,717,717,192769586,8,16,2656082,0,0,0,31,527,57648435,638,638,177061735,6,12,1942000,0,0,0,21,466,49696373
201510,36,047,1,2,Kings County                  ,39,39,10030823,49,98,12633673,89,304,33323691,435,20413,2518158860,39,39,10030823,49,98,12633673,89,304,33323691,435,20413,2518158860
201510,36,051,1,2,Livingston County             ,46,46,8590918,1,2,113750,0,0,0,2,10,568000,28,28,5101500,0,0,0,0,0,0,0,0,0
201510,36,055,1,2,Monroe County                 ,752,752,137472143,15,30,3742150,32,115,10310900,27,668,59974565,719,719,128724180,13,26,3118180,32,115,10310900,26,654,57995121
201510,36,059,1,2,Nassau County                 ,527,527,274758709,2,4,631398,0,0,0,19,418,64410739,430,430,242602548,2,4,631398,0,0,0,14,378,59450619
201510,36,061,1,2,New York County               ,4,4,1028802,0,0,0,3,12,1310606,80,12077,1479621540,4,4,1028802,0,0,0,3,12,1310606,80,12077,1479621540
201510,36,063,1,2,Niagara County                ,147,147,35262476,2,4,140000,3,12,1893888,1,8,1045173,142,142,34334231,2,4,140000,3,12,1893888,1,8,1045173
201510,36,069,1,2,Ontario County                ,315,315,74269302,1,2,115000,0,0,0,8,126,14587091,281,281,66944618,1,2,115000,0,0,0,7,121,14100000
201510,36,073,1,2,Orleans County                ,14,14,1920567,0,0,0,0,0,0,0,0,0,12,12,1625567,0,0,0,0,0,0,0,0,0
201510,36,079,1,2,Putnam County                 ,44,44,14343388,0,0,0,4,12,3542424,6,31,3135751,28,28,10774070,0,0,0,0,0,0,0,0,0
201510,36,081,1,2,Queens County                 ,138,138,34973133,114,228,29203395,55,175,19144724,121,9911,1221583720,138,138,34973133,114,228,29203395,55,175,19144724,121,9911,1221583720
201510,36,083,1,2,Rensselaer County             ,86,86,16477350,3,6,1650000,1,3,600000,7,97,4629545,40,40,8293000,0,0,0,0,0,0,0,0,0
201510,36,085,1,2,Richmond County               ,203,203,51706946,133,266,33890051,0,0,0,1,6,750120,203,203,51706946,133,266,33890051,0,0,0,1,6,750120
201510,36,087,1,2,Rockland County               ,107,107,27749042,20,40,5855717,13,44,5089448,28,205,23977860,101,101,26468810,14,28,3703217,5,17,2107731,23,173,20488020
201510,36,091,1,2,Saratoga County               ,576,576,146140054,13,26,3182016,27,90,10314820,63,715,56584541,501,501,129402280,12,24,3082016,26,87,10089820,49,606,46961360
201510,36,093,1,2,Schenectady County            ,56,56,9468077,6,12,1000000,4,16,1325000,26,397,37491029,44,44,7225586,6,12,1000000,4,16,1325000,23,354,34812488
201510,36,095,1,2,Schoharie County              ,16,16,3198617,0,0,0,1,4,400000,0,0,0,12,12,2492123,0,0,0,1,4,400000,0,0,0
201510,36,099,1,2,Seneca County                 ,21,21,3157500,0,0,0,0,0,0,0,0,0,21,21,3157500,0,0,0,0,0,0,0,0,0
201510,36,117,1,2,Wayne County                  ,52,52,9241191,7,14,700000,1,4,200000,0,0,0,36,36,6532938,5,10,500000,1,4,200000,0,0,0
201510,36,119,1,2,Westchester County            ,258,258,139460483,12,24,4344148,0,0,0,14,349,52232743,212,212,120568772,7,14,3457000,0,0,0,11,334,45232744
201510,37,007,3,5,Anson County                  ,28,28,4196220,0,0,0,1,3,174720,0,0,0,0,0,0,0,0,0,0,0,0,0,0,0
201510,37,011,3,5,Avery County                  ,40,40,18796429,0,0,0,0,0,0,0,0,0,35,35,16470179,0,0,0,0,0,0,0,0,0
201510,37,015,3,5,Bertie County                 ,14,14,2368150,0,0,0,0,0,0,0,0,0,14,14,2368150,0,0,0,0,0,0,0,0,0
201510,37,025,3,5,Cabarrus County               ,1230,1230,174514908,2,4,240000,0,0,0,19,348,22748453,1230,1230,174514908,2,4,240000,0,0,0,19,348,22748453
201510,37,033,3,5,Caswell County                ,41,41,8225181,0,0,0,0,0,0,0,0,0,41,41,8225181,0,0,0,0,0,0,0,0,0
201510,37,037,3,5,Chatham County                ,486,486,132043826,1,2,180450,1,4,360900,0,0,0,486,486,132043826,1,2,180450,1,4,360900,0,0,0
201510,37,051,3,5,Cumberland County             ,581,581,94831729,1,2,20000,0,0,0,19,446,86774552,581,581,94831729,1,2,20000,0,0,0,19,446,86774552
201510,37,053,3,5,Currituck County              ,246,246,72205060,2,4,253700,0,0,0,0,0,0,246,246,72205060,2,4,253700,0,0,0,0,0,0
201510,37,059,3,5,Davie County                  ,99,99,22888864,0,0,0,0,0,0,5,80,3517100,86,86,20017931,0,0,0,0,0,0,5,80,3517100
201510,37,063,3,5,Durham County                 ,1340,1340,225424082,0,0,0,2,8,432400,39,1042,71223708,1115,1115,182561963,0,0,0,2,8,432400,37,977,66791983
201510,37,069,3,5,Franklin County               ,301,301,53349818,0,0,0,0,0,0,0,0,0,301,301,53349818,0,0,0,0,0,0,0,0,0
201510,37,071,3,5,Gaston County                 ,748,748,189420314,0,0,0,1,3,390879,10,403,36368855,748,748,189420314,0,0,0,1,3,390879,10,403,36368855
201510,37,081,3,5,Guilford County               ,1116,1116,279765363,0,0,0,0,0,0,19,329,40588579,1047,1047,264989938,0,0,0,0,0,0,16,234,31357242
201510,37,089,3,5,Henderson County              ,528,528,97440967,0,0,0,0,0,0,2,48,3750000,528,528,97440967,0,0,0,0,0,0,2,48,3750000
201510,37,093,3,5,Hoke County                   ,200,200,44609793,0,0,0,0,0,0,1,49,4642222,200,200,44609793,0,0,0,0,0,0,1,49,4642222
201510,37,097,3,5,Iredell County                ,935,935,278867079,0,0,0,0,0,0,11,284,32516051,935,935,278867079,0,0,0,0,0,0,11,284,32516051
201510,37,101,3,5,Johnston County               ,1338,1338,231191102,0,0,0,0,0,0,0,0,0,1292,1292,224029815,0,0,0,0,0,0,0,0,0
201510,37,119,3,5,Mecklenburg County            ,3403,3403,761703016,20,40,7493126,32,128,7858803,126,3951,347081923,3403,3403,761703016,20,40,7493126,32,128,7858803,126,3951,347081923
201510,37,133,3,5,Onslow County                 ,757,757,95349894,4,8,416000,3,12,944320,2,14,1152080,757,757,95349894,4,8,416000,3,12,944320,2,14,1152080
201510,37,135,3,5,Orange County                 ,322,322,103303065,0,0,0,0,0,0,0,0,0,294,294,93492133,0,0,0,0,0,0,0,0,0
201510,37,145,3,5,Person County                 ,56,56,10202488,0,0,0,0,0,0,0,0,0,56,56,10202488,0,0,0,0,0,0,0,0,0
201510,37,151,3,5,Randolph County               ,188,188,38995364,0,0,0,0,0,0,0,0,0,188,188,38995364,0,0,0,0,0,0,0,0,0
201510,37,157,3,5,Rockingham County             ,104,104,24411380,0,0,0,0,0,0,2,60,6143000,104,104,24411380,0,0,0,0,0,0,2,60,6143000
201510,37,179,3,5,Union County                  ,1174,1174,238576619,1,2,96000,0,0,0,0,0,0,1174,1174,238576619,1,2,96000,0,0,0,0,0,0
201510,37,181,3,5,Vance County                  ,66,66,5937555,0,0,0,0,0,0,0,0,0,66,66,5937555,0,0,0,0,0,0,0,0,0
201510,37,183,3,5,Wake County                   ,5779,5779,1269719237,10,20,2173171,1,4,76000,75,2807,224374950,5622,5622,1235974426,10,20,2173171,1,4,76000,75,2807,224374950
201510,37,195,3,5,Wilson County                 ,98,98,27273812,0,0,0,0,0,0,0,0,0,98,98,27273812,0,0,0,0,0,0,0,0,0
201510,39,007,2,3,Ashtabula County              ,60,60,10961748,8,16,1269000,0,0,0,0,0,0,0,0,0,0,0,0,0,0,0,0,0,0
201510,39,015,2,3,Brown County                  ,55,55,8763133,0,0,0,0,0,0,0,0,0,0,0,0,0,0,0,0,0,0,0,0,0
201510,39,017,2,3,Butler County                 ,487,487,106101299,2,4,900000,0,0,0,15,336,24998515,487,487,106101299,2,4,900000,0,0,0,15,336,24998515
201510,39,025,2,3,Clermont County               ,268,268,53978140,0,0,0,3,10,1249176,10,83,4382732,268,268,53978140,0,0,0,3,10,1249176,10,83,4382732
201510,39,041,2,3,Delaware County               ,699,699,171218018,1,2,245468,7,28,2231202,8,48,2612868,699,699,171218018,1,2,245468,7,28,2231202,8,48,2612868
201510,39,049,2,3,Franklin County               ,1205,1205,349634842,24,48,6304330,34,126,15003916,136,3075,318375847,1177,1177,342512018,24,48,6304330,33,123,14733916,135,3057,317200726
201510,39,055,2,3,Geauga County                 ,122,122,43017663,0,0,0,0,0,0,0,0,0,122,122,43017663,0,0,0,0,0,0,0,0,0
201510,39,085,2,3,Lake County                   ,263,263,61404042,0,0,0,0,0,0,6,189,13036000,255,255,59842143,0,0,0,0,0,0,6,189,13036000
201510,39,089,2,3,Licking County                ,237,237,61099607,2,4,396666,1,4,479050,0,0,0,193,193,51609375,0,0,0,1,4,479050,0,0,0
201510,39,093,2,3,Lorain County                 ,571,571,124844280,1,2,237600,7,27,1377900,19,127,7149520,497,497,111540512,1,2,237600,6,24,1200000,17,116,6658000
201510,39,097,2,3,Madison County                ,29,29,6617187,0,0,0,0,0,0,0,0,0,25,25,5986884,0,0,0,0,0,0,0,0,0
201510,39,103,2,3,Medina County                 ,594,594,125424799,1,2,239000,1,3,187500,1,6,375000,589,589,124448540,1,2,239000,0,0,0,0,0,0
201510,39,117,2,3,Morrow County                 ,24,24,4807702,0,0,0,0,0,0,0,0,0,18,18,3597658,0,0,0,0,0,0,0,0,0
201510,39,159,2,3,Union County                  ,321,321,81044738,0,0,0,0,0,0,0,0,0,321,321,81044738,0,0,0,0,0,0,0,0,0
201510,39,165,2,3,Warren County                 ,777,777,207067091,2,4,622514,10,36,6998643,2,15,1543890,777,777,207067091,2,4,622514,10,36,6998643,2,15,1543890
201510,40,001,3,7,Adair County                  ,8,8,1541147,0,0,0,0,0,0,0,0,0,0,0,0,0,0,0,0,0,0,0,0,0
201510,40,017,3,7,Canadian County               ,171,171,46808858,17,34,3560000,0,0,0,0,0,0,171,171,46808858,17,34,3560000,0,0,0,0,0,0
201510,40,021,3,7,Cherokee County               ,39,39,5118292,1,2,130000,0,0,0,2,10,488096,0,0,0,0,0,0,0,0,0,0,0,0
201510,40,027,3,7,Cleveland County              ,679,679,154285037,17,34,4872630,0,0,80000,4,146,9017032,678,678,154115040,8,16,3657630,0,0,80000,4,146,9017032
201510,40,029,3,7,Coal County                   ,1,1,108000,0,0,0,0,0,0,0,0,0,1,1,108000,0,0,0,0,0,0,0,0,0
201510,40,037,3,7,Creek County                  ,84,84,14804972,0,0,0,0,0,0,3,60,4368798,75,75,13392309,0,0,0,0,0,0,3,60,4368798
201510,40,051,3,7,Grady County                  ,89,89,17730606,2,4,300000,0,0,0,0,0,0,23,23,4227000,2,4,300000,0,0,0,0,0,0
201510,40,055,3,7,Greer County                  ,0,0,0,0,0,0,0,0,0,0,0,0,0,0,0,0,0,0,0,0,0,0,0,0
201510,40,081,3,7,Lincoln County                ,9,9,1644045,0,0,0,0,0,0,0,0,0,9,9,1644045,0,0,0,0,0,0,0,0,0
201510,40,083,3,7,Logan County                  ,64,64,12554149,0,0,0,0,0,0,0,0,0,64,64,12554149,0,0,0,0,0,0,0,0,0
201510,40,087,3,7,McClain County                ,235,235,49718504,0,0,0,0,0,0,0,0,0,214,214,44583237,0,0,0,0,0,0,0,0,0
201510,40,109,3,7,Oklahoma County               ,3599,3599,811217046,31,62,6632078,2,7,2147927,11,252,16545930,3173,3173,728606571,29,58,6166600,1,4,1928000,7,140,7719432
201510,40,111,3,7,Okmulgee County               ,4,4,328000,1,2,100000,0,0,0,0,0,0,4,4,328000,1,2,100000,0,0,0,0,0,0
201510,40,113,3,7,Osage County                  ,55,55,11190956,0,0,0,0,0,0,0,0,0,55,55,11190956,0,0,0,0,0,0,0,0,0
201510,40,117,3,7,Pawnee County                 ,2,2,155000,0,0,0,0,0,0,0,0,0,2,2,155000,0,0,0,0,0,0,0,0,0
201510,40,131,3,7,Rogers County                 ,423,423,76652523,9,18,1041910,0,0,0,0,0,0,412,412,75644191,9,18,1041910,0,0,0,0,0,0
201510,40,143,3,7,Tulsa County                  ,1628,1628,382215423,14,28,3490315,16,64,5018190,22,360,21906765,1610,1610,378816883,14,28,3490315,16,64,5018190,22,360,21906765
201510,40,145,3,7,Wagoner County                ,276,276,51143238,0,0,0,0,0,0,0,0,0,276,276,51143238,0,0,0,0,0,0,0,0,0
201510,41,000,4,9,Oregon Balance of State       ,126,126,18291373,0,0,0,0,0,0,0,0,0,49,49,6064573,0,0,0,0,0,0,0,0,0
201510,41,005,4,9,Clackamas County              ,1370,1370,382474579,6,12,2274165,7,22,4176392,11,131,13228005,1369,1369,382215891,6,12,2274165,7,22,4176392,11,131,13228005
201510,41,019,4,9,Douglas County                ,152,152,39419431,1,2,251799,0,0,0,0,0,0,152,152,39419431,1,2,251799,0,0,0,0,0,0
201510,41,025,4,9,Harney County                 ,2,2,393918,0,0,0,0,0,0,0,0,0,0,0,0,0,0,0,0,0,0,0,0,0
201510,41,035,4,9,Klamath County                ,77,77,19186672,0,0,0,0,0,0,0,0,0,77,77,19186672,0,0,0,0,0,0,0,0,0
201510,41,051,4,9,Multnomah County              ,968,968,255996210,61,122,17612817,4,14,4297242,59,2978,379130516,968,968,255996210,61,122,17612817,4,14,4297242,59,2978,379130516
201510,41,067,4,9,Washington County             ,1500,1500,382119706,10,20,2589047,1,4,748000,40,1297,166643575,1487,1487,378146776,10,20,2589047,1,4,748000,40,1297,166643575
201510,41,071,4,9,Yamhill County                ,288,288,76110515,1,2,321553,2,8,640267,0,0,0,283,283,75143854,1,2,321553,2,8,640267,0,0,0
201510,42,001,1,2,Adams County                  ,177,177,41287340,0,0,0,2,7,605000,1,5,600000,158,158,36639739,0,0,0,1,4,245000,0,0,0
201510,42,017,1,2,Bucks County                  ,759,759,159982123,3,6,593600,14,48,7112676,6,67,6676560,629,629,138486553,3,6,593600,14,48,7112676,6,67,6676560
201510,42,029,1,2,Chester County                ,689,689,142721466,1,2,250000,6,22,1743685,9,241,21180005,591,591,117247188,1,2,250000,6,22,1743685,3,177,10884817
201510,42,037,1,2,Columbia County               ,76,76,14823889,0,0,0,0,0,0,0,0,0,47,47,8783867,0,0,0,0,0,0,0,0,0
201510,42,041,1,2,Cumberland County             ,593,593,115598823,0,0,0,3,11,1691235,10,131,6575815,569,569,111241350,0,0,0,3,11,1691235,10,131,6575815
201510,42,043,1,2,Dauphin County                ,306,306,63806503,1,2,120000,0,0,0,22,308,23043206,174,174,34405531,1,2,120000,0,0,0,12,224,13548812
201510,42,045,1,2,Delaware County               ,264,264,57354514,1,2,258601,0,0,0,0,0,0,144,144,30095781,1,2,258601,0,0,0,0,0,0
201510,42,055,1,2,Franklin County               ,210,210,37165028,2,4,492006,5,17,1837088,3,15,1057200,165,165,32192828,0,0,0,0,0,0,0,0,0
201510,42,091,1,2,Montgomery County             ,819,819,164855086,1,2,390000,7,24,3440554,22,343,43104689,722,722,143265644,1,2,390000,4,12,1758430,21,323,41304689
201510,42,093,1,2,Montour County                ,13,13,3587869,2,4,260000,0,0,0,0,0,0,5,5,2045171,1,2,130000,0,0,0,0,0,0
201510,42,099,1,2,Perry County                  ,61,61,13073989,0,0,0,0,0,0,0,0,0,9,9,821200,0,0,0,0,0,0,0,0,0
201510,42,101,1,2,Philadelphia County           ,706,706,178760039,64,128,14643350,102,332,42419709,57,2196,402996120,706,706,178760039,64,128,14643350,102,332,42419709,57,2196,402996120
201510,42,103,1,2,Pike County                   ,56,56,15678267,0,0,0,0,0,0,1,5,341600,44,44,13001582,0,0,0,0,0,0,0,0,0
201510,44,001,1,1,Bristol County                ,32,32,6605371,0,0,0,0,0,0,0,0,0,30,30,6049900,0,0,0,0,0,0,0,0,0
201510,44,003,1,1,Kent County                   ,102,102,17355243,5,10,1511600,3,9,792120,0,0,0,87,87,13412195,5,10,1511600,1,3,300000,0,0,0
201510,44,005,1,1,Newport County                ,104,104,29634805,0,0,0,2,6,380000,0,0,0,103,103,29372113,0,0,0,2,6,380000,0,0,0
201510,44,007,1,1,Providence County             ,279,279,45276234,17,34,3361586,2,7,1677080,2,31,2847076,254,254,42806985,15,30,3026986,2,7,1677080,2,31,2847076
201510,44,009,1,1,Washington County             ,176,176,53356874,5,10,1909450,4,16,2577800,0,0,0,137,137,40644425,4,8,1725000,4,16,2577800,0,0,0
201510,45,003,3,5,Aiken County                  ,612,612,134732435,0,0,0,2,7,693943,4,20,1083609,448,448,100132640,0,0,0,0,0,0,0,0,0
201510,45,009,3,5,Bamberg County                ,3,3,590000,0,0,0,0,0,0,0,0,0,3,3,590000,0,0,0,0,0,0,0,0,0
201510,45,015,3,5,Berkeley County               ,1230,1230,338927216,20,40,4462472,0,0,0,8,417,10272600,1061,1061,292392319,20,40,4462472,0,0,0,0,0,0
201510,45,017,3,5,Calhoun County                ,14,14,2424965,0,0,0,0,0,0,0,0,0,14,14,2424965,0,0,0,0,0,0,0,0,0
201510,45,019,3,5,Charleston County             ,2085,2085,540297142,1,2,517000,0,0,0,27,1079,102281236,1186,1186,322084153,1,2,517000,0,0,0,14,701,79534805
201510,45,035,3,5,Dorchester County             ,603,603,147002076,0,0,0,0,0,0,0,0,0,601,601,146787076,0,0,0,0,0,0,0,0,0
201510,45,037,3,5,Edgefield County              ,60,60,13118123,0,0,0,0,0,0,0,0,0,60,60,13118123,0,0,0,0,0,0,0,0,0
201510,45,039,3,5,Fairfield County              ,53,53,7435916,0,0,0,0,0,0,0,0,0,12,12,1827098,0,0,0,0,0,0,0,0,0
201510,45,045,3,5,Greenville County             ,2165,2165,527221668,5,10,931604,0,0,0,56,1743,171946132,2150,2150,525871721,5,10,931604,0,0,0,56,1743,171946132
201510,45,051,3,5,Horry County                  ,2950,2950,503516060,28,56,4979179,3,11,1768317,16,150,13442214,2664,2664,453544740,25,50,4311189,2,8,1183704,10,104,9823143
201510,45,055,3,5,Kershaw County                ,263,263,37452727,0,0,0,0,0,0,0,0,0,263,263,37452727,0,0,0,0,0,0,0,0,0
201510,45,059,3,5,Laurens County                ,97,97,14921636,0,0,0,0,0,0,0,0,0,94,94,14464811,0,0,0,0,0,0,0,0,0
201510,45,063,3,5,Lexington County              ,1462,1462,362939005,0,0,0,0,0,0,4,224,15376280,1351,1351,332124049,0,0,0,0,0,0,4,224,15376280
201510,45,077,3,5,Pickens County                ,296,296,84604988,2,4,268514,5,15,1200000,14,157,11697581,196,196,65726824,2,4,268514,0,0,0,4,27,3237445
201510,45,079,3,5,Richland County               ,1404,1404,183728270,31,62,6972121,1,4,360000,23,585,36237861,228,228,37402347,31,62,6972121,1,4,360000,5,222,15749138
201510,45,081,3,5,Saluda County                 ,23,23,5064259,0,0,0,0,0,0,0,0,0,21,21,4676393,0,0,0,0,0,0,0,0,0
201510,45,085,3,5,Sumter County                 ,205,205,26395357,0,0,0,0,0,0,0,0,0,180,180,23066072,0,0,0,0,0,0,0,0,0
201510,45,091,3,5,York County                   ,1700,1700,524946421,5,10,1252590,0,0,0,33,654,65308619,1073,1073,365069591,5,10,1252590,0,0,0,11,301,31773082
201510,46,007,2,4,Bennett County                ,0,0,0,0,0,0,0,0,0,0,0,0,0,0,0,0,0,0,0,0,0,0,0,0
201510,46,055,2,4,Haakon County                 ,0,0,0,1,2,200000,0,0,0,0,0,0,0,0,0,1,2,200000,0,0,0,0,0,0
201510,46,071,2,4,Jackson County                ,0,0,0,0,0,0,0,0,0,0,0,0,0,0,0,0,0,0,0,0,0,0,0,0
201510,46,111,2,4,Sanborn County                ,5,5,905000,0,0,0,0,0,0,0,0,0,5,5,905000,0,0,0,0,0,0,0,0,0
201510,47,001,3,6,Anderson County               ,93,93,21562525,0,0,0,0,0,0,2,16,1532606,87,87,20519444,0,0,0,0,0,0,0,0,0
201510,47,015,3,6,Cannon County                 ,10,10,1261900,0,0,0,0,0,0,0,0,0,0,0,0,0,0,0,0,0,0,0,0,0
201510,47,021,3,6,Cheatham County               ,102,102,17842947,0,0,0,0,0,0,0,0,0,99,99,17273000,0,0,0,0,0,0,0,0,0
201510,47,037,3,6,Davidson County               ,3117,3117,731628620,1,2,473869,0,0,0,42,3606,336599150,3115,3115,730153177,1,2,473869,0,0,0,42,3606,336599150
201510,47,043,3,6,Dickson County                ,165,165,34056796,0,0,0,0,0,0,0,0,0,157,157,32256494,0,0,0,0,0,0,0,0,0
201510,47,049,3,6,Fentress County               ,2,2,166700,0,0,0,0,0,0,0,0,0,2,2,166700,0,0,0,0,0,0,0,0,0
201510,47,081,3,6,Hickman County                ,47,47,8492217,0,0,0,0,0,0,0,0,0,11,11,1438800,0,0,0,0,0,0,0,0,0
201510,47,093,3,6,Knox County                   ,1310,1310,244397729,0,0,0,0,0,0,1,234,29864000,1224,1224,228548953,0,0,0,0,0,0,1,234,29864000
201510,47,105,3,6,Loudon County                 ,214,214,48100251,0,0,0,0,0,0,0,0,0,207,207,46801611,0,0,0,0,0,0,0,0,0
201510,47,125,3,6,Montgomery County             ,905,905,128379358,27,54,3490000,0,0,0,7,107,3135680,905,905,128379358,27,54,3490000,0,0,0,7,107,3135680
201510,47,139,3,6,Polk County                   ,132,132,23776378,0,0,0,0,0,0,0,0,0,0,0,0,0,0,0,0,0,0,0,0,0
201510,47,149,3,6,Rutherford County             ,1736,1736,334898523,1,2,262584,8,30,2924663,40,646,51853761,1523,1523,307805238,1,2,262584,7,27,2753402,33,607,49881010
201510,47,153,3,6,Sequatchie County             ,3,3,140000,0,0,0,0,0,0,0,0,0,3,3,140000,0,0,0,0,0,0,0,0,0
201510,47,157,3,6,Shelby County                 ,830,830,199170438,0,0,0,0,0,0,22,1200,78373652,830,830,199170438,0,0,0,0,0,0,22,1200,78373652
201510,47,159,3,6,Smith County                  ,37,37,6169536,0,0,0,0,0,0,0,0,0,37,37,6169536,0,0,0,0,0,0,0,0,0
201510,47,161,3,6,Stewart County                ,0,0,0,0,0,0,0,0,0,0,0,0,0,0,0,0,0,0,0,0,0,0,0,0
201510,47,165,3,6,Sumner County                 ,854,854,173791676,3,6,564000,0,0,0,3,72,5256193,823,823,167953797,3,6,564000,0,0,0,3,72,5256193
201510,47,167,3,6,Tipton County                 ,94,94,15075344,0,0,0,0,0,0,0,0,0,45,45,8608621,0,0,0,0,0,0,0,0,0
201510,47,169,3,6,Trousdale County              ,44,44,5827000,1,2,100000,4,14,743000,0,0,0,44,44,5827000,1,2,100000,4,14,743000,0,0,0
201510,47,173,3,6,Union County                  ,57,57,8323000,0,0,0,0,0,0,0,0,0,57,57,8323000,0,0,0,0,0,0,0,0,0
201510,47,175,3,6,Van Buren County              ,0,0,0,0,0,0,0,0,0,0,0,0,0,0,0,0,0,0,0,0,0,0,0,0
201510,47,189,3,6,Wilson County                 ,796,796,201284080,0,0,0,0,0,0,14,251,26881000,795,795,201209680,0,0,0,0,0,0,14,251,26881000
201510,48,013,3,7,Atascosa County               ,47,47,7486467,1,2,135000,0,0,0,0,0,0,22,22,3957290,0,0,0,0,0,0,0,0,0
201510,48,015,3,7,Austin County                 ,17,17,2800874,0,0,0,0,0,0,0,0,0,3,3,520000,0,0,0,0,0,0,0,0,0
201510,48,019,3,7,Bandera County                ,2,2,240000,0,0,0,0,0,0,0,0,0,0,0,0,0,0,0,0,0,0,0,0,0
201510,48,021,3,7,Bastrop County                ,106,106,12473152,7,14,1152000,0,0,0,0,0,0,106,106,12473152,7,14,1152000,0,0,0,0,0,0
201510,48,025,3,7,Bee County                    ,6,6,576986,0,0,0,0,0,0,0,0,0,1,1,30000,0,0,0,0,0,0,0,0,0
201510,48,027,3,7,Bell County                   ,1415,1415,244076554,104,208,14316747,0,0,0,0,0,0,1195,1195,200390268,102,204,14056747,0,0,0,0,0,0
201510,48,029,3,7,Bexar County                  ,2883,2883,620231951,5,10,695849,20,78,7080606,97,794,73695648,2439,2439,542441862,5,10,695849,18,72,7080606,86,718,59734069
201510,48,051,3,7,Burleson County               ,6,6,833983,0,0,0,0,0,0,0,0,0,1,1,220000,0,0,0,0,0,0,0,0,0
201510,48,055,3,7,Caldwell County               ,212,212,37366585,0,0,0,0,0,0,0,0,0,81,81,12351152,0,0,0,0,0,0,0,0,0
201510,48,085,3,7,Collin County                 ,6802,6802,1998572733,8,16,2468186,0,0,0,145,5056,410340928,6656,6656,1946171731,8,16,2468186,0,0,0,145,5056,410340928
201510,48,091,3,7,Comal County                  ,1433,1433,320500345,31,62,6825791,0,0,0,0,0,0,1433,1433,320500345,31,62,6825791,0,0,0,0,0,0
201510,48,099,3,7,Coryell County                ,125,125,16930804,15,30,2107446,0,0,0,7,80,10258028,116,116,15681249,14,28,1956058,0,0,0,7,80,10258028
201510,48,107,3,7,Crosby County                 ,5,5,335000,0,0,0,0,0,0,0,0,0,0,0,0,0,0,0,0,0,0,0,0,0
201510,48,113,3,7,Dallas County                 ,4179,4179,1213781528,41,82,16516515,33,125,13717890,180,12681,972892057,3743,3743,1108468905,34,68,14013614,30,114,11869674,150,10686,821734243
201510,48,119,3,7,Delta County                  ,3,3,677004,0,0,0,0,0,0,0,0,0,3,3,677004,0,0,0,0,0,0,0,0,0
201510,48,135,3,7,Ector County                  ,400,400,85474814,0,0,0,0,0,0,3,144,11208000,400,400,85474814,0,0,0,0,0,0,3,144,11208000
201510,48,139,3,7,Ellis County                  ,1153,1153,207716181,5,10,1145608,0,0,0,0,0,0,1145,1145,205934780,5,10,1145608,0,0,0,0,0,0
201510,48,141,3,7,El Paso County                ,2169,2169,352389915,29,58,4508492,9,33,3142672,62,550,68626364,2151,2151,351042532,29,58,4508492,9,33,3142672,62,550,68626364
201510,48,157,3,7,Fort Bend County              ,7793,7793,951718569,6,12,1684162,3,9,1300000,13,133,9273679,1322,1322,348895457,5,10,1500000,3,9,1300000,0,0,0
201510,48,167,3,7,Galveston County              ,2015,2015,430611148,0,0,0,0,0,0,0,0,0,1663,1663,364899214,0,0,0,0,0,0,0,0,0
201510,48,185,3,7,Grimes County                 ,17,17,1616413,0,0,0,0,0,0,0,0,0,17,17,1616413,0,0,0,0,0,0,0,0,0
201510,48,187,3,7,Guadalupe County              ,1037,1037,241640957,0,0,0,0,0,0,7,116,6163633,1016,1016,238030740,0,0,0,0,0,0,7,116,6163633
201510,48,193,3,7,Hamilton County               ,1,1,182000,0,0,0,0,0,0,0,0,0,1,1,182000,0,0,0,0,0,0,0,0,0
201510,48,195,3,7,Hansford County               ,15,15,2579788,0,0,0,0,0,0,0,0,0,0,0,0,0,0,0,0,0,0,0,0,0
201510,48,201,3,7,Harris County                 ,14416,14416,2731847097,102,204,21428550,23,73,5789364,439,14999,1406088243,14379,14379,2716987258,100,200,21278550,22,70,5603860,439,14999,1406088243
201510,48,211,3,7,Hemphill County               ,0,0,0,0,0,0,0,0,0,0,0,0,0,0,0,0,0,0,0,0,0,0,0,0
201510,48,215,3,7,Hidalgo County                ,2443,2443,420937607,117,234,10745020,15,56,2801495,35,717,48122010,2347,2347,409972534,117,234,10745020,15,56,2801495,35,717,48122010
201510,48,233,3,7,Hutchinson County             ,0,0,0,0,0,0,0,0,0,2,48,5150000,0,0,0,0,0,0,0,0,0,2,48,5150000
201510,48,251,3,7,Johnson County                ,485,485,92687164,2,4,300000,0,0,0,7,181,13494735,480,480,92017608,2,4,300000,0,0,0,7,181,13494735
201510,48,257,3,7,Kaufman County                ,230,230,40646746,0,0,0,0,0,0,6,313,18000000,207,207,37618519,0,0,0,0,0,0,6,313,18000000
201510,48,259,3,7,Kendall County                ,167,167,51417610,0,0,0,0,0,0,0,0,0,167,167,51417610,0,0,0,0,0,0,0,0,0
201510,48,271,3,7,Kinney County                 ,1,1,225668,0,0,0,0,0,0,0,0,0,1,1,225668,0,0,0,0,0,0,0,0,0
201510,48,281,3,7,Lampasas County               ,72,72,1795566,3,6,502896,1,3,145714,4,22,1551196,12,12,1148000,0,0,0,0,0,0,0,0,0
201510,48,291,3,7,Liberty County                ,250,250,25206676,0,0,0,0,0,0,0,0,0,249,249,24991082,0,0,0,0,0,0,0,0,0
201510,48,303,3,7,Lubbock County                ,861,861,211190642,33,66,6857732,2,8,600000,56,872,62599334,596,596,150397751,25,50,5197000,2,8,600000,30,550,43980850
201510,48,323,3,7,Maverick County               ,73,73,8035185,4,8,717697,0,0,0,1,8,745749,73,73,8035185,4,8,717697,0,0,0,1,8,745749
201510,48,325,3,7,Medina County                 ,27,27,4695460,0,0,0,0,0,0,1,5,114583,26,26,4564597,0,0,0,0,0,0,0,0,0
201510,48,329,3,7,Midland County                ,654,654,158200312,0,0,0,0,0,0,12,264,25500000,654,654,158200312,0,0,0,0,0,0,12,264,25500000
201510,48,339,3,7,Montgomery County             ,4347,4347,1012324510,0,0,0,0,0,0,76,1846,175716142,4328,4328,1009156459,0,0,0,0,0,0,76,1846,175716142
201510,48,367,3,7,Parker County                 ,341,341,72986451,3,6,747367,0,0,0,1,5,530599,327,327,71189299,3,6,747367,0,0,0,0,0,0
201510,48,375,3,7,Potter County                 ,393,393,106474438,1,2,186020,0,0,0,29,300,24337000,393,393,106474438,1,2,186020,0,0,0,29,300,24337000
201510,48,383,3,7,Reagan County                 ,1,1,120200,3,6,450000,3,9,465456,0,0,0,0,0,0,0,0,0,0,0,0,0,0,0
201510,48,385,3,7,Real County                   ,0,0,0,0,0,0,0,0,0,0,0,0,0,0,0,0,0,0,0,0,0,0,0,0
201510,48,395,3,7,Robertson County              ,69,69,14803518,0,0,0,0,0,0,0,0,0,64,64,14128796,0,0,0,0,0,0,0,0,0
201510,48,397,3,7,Rockwall County               ,887,887,248974793,0,0,0,0,0,0,0,0,0,855,855,241023217,0,0,0,0,0,0,0,0,0
201510,48,407,3,7,San Jacinto County            ,147,147,28580156,0,0,0,0,0,0,0,0,0,146,146,28494442,0,0,0,0,0,0,0,0,0
201510,48,411,3,7,San Saba County               ,2,2,255000,0,0,0,0,0,0,0,0,0,2,2,255000,0,0,0,0,0,0,0,0,0
201510,48,451,3,7,Tom Green County              ,191,191,37427115,0,0,0,0,0,0,0,0,0,191,191,37427115,0,0,0,0,0,0,0,0,0
201510,48,453,3,7,Travis County                 ,4820,4820,1110482598,137,274,39458675,7,26,4956067,175,5799,598297329,4499,4499,1016360760,137,274,39458675,7,26,4956067,173,5768,595917087
201510,48,473,3,7,Waller County                 ,10,10,2194620,0,0,0,0,0,0,11,61,1353014,10,10,2194620,0,0,0,0,0,0,0,0,0
201510,48,491,3,7,Williamson County             ,3257,3257,826052866,12,24,3442359,11,43,3876130,33,1192,94971387,3159,3159,807529524,12,24,3442359,11,43,3876130,33,1192,94971387
201510,48,493,3,7,Wilson County                 ,28,28,4973186,0,0,0,0,0,0,0,0,0,8,8,1806097,0,0,0,0,0,0,0,0,0
201510,48,497,3,7,Wise County                   ,71,71,16108509,1,2,265850,0,0,0,0,0,0,56,56,12613220,1,2,265850,0,0,0,0,0,0
201510,49,011,4,8,Davis County                  ,1161,1161,287798134,4,8,1057333,10,38,4578105,32,243,29240513,1148,1148,282622866,4,8,1057333,10,38,4578105,32,243,29240513
201510,49,023,4,8,Juab County                   ,55,55,14809128,1,2,220000,1,3,544175,0,0,0,53,53,14330327,1,2,220000,1,3,544175,0,0,0
201510,49,029,4,8,Morgan County                 ,69,69,25814036,0,0,0,0,0,0,0,0,0,61,61,23692084,0,0,0,0,0,0,0,0,0
201510,49,035,4,8,Salt Lake County              ,2535,2535,627997734,10,20,3492962,68,250,40005634,65,2129,230009578,2184,2184,530666889,10,20,3492962,66,244,39400052,44,1983,215958823
201510,49,039,4,8,Sanpete County                ,43,43,6580996,0,0,0,0,0,0,0,0,0,43,43,6580996,0,0,0,0,0,0,0,0,0
201510,49,043,4,8,Summit County                 ,143,143,69648029,0,0,0,4,14,4367176,8,48,8321939,75,75,33481864,0,0,0,2,8,2684116,1,9,1658525
201510,49,057,4,8,Weber County                  ,555,555,118885939,3,6,1255584,14,49,7534031,13,293,32147316,277,277,54664645,0,0,0,2,8,1375135,5,253,26917000
201510,51,003,3,5,Albemarle County              ,379,379,111385991,0,0,0,0,0,0,1,65,5200000,266,266,79888124,0,0,0,0,0,0,1,65,5200000
201510,51,007,3,5,Amelia County                 ,30,30,6743970,0,0,0,0,0,0,0,0,0,30,30,6743970,0,0,0,0,0,0,0,0,0
201510,51,009,3,5,Amherst County                ,42,42,6545944,0,0,0,0,0,0,0,0,0,42,42,6545944,0,0,0,0,0,0,0,0,0
201510,51,013,3,5,Arlington County              ,217,217,90760001,0,0,0,0,0,0,4,603,47724442,196,196,83212773,0,0,0,0,0,0,3,407,34075000
201510,51,015,3,5,Augusta County                ,185,185,32415153,0,0,0,0,0,0,0,0,0,185,185,32415153,0,0,0,0,0,0,0,0,0
201510,51,019,3,5,Bedford County                ,243,243,57927323,0,0,0,0,0,0,0,0,0,243,243,57927323,0,0,0,0,0,0,0,0,0
201510,51,033,3,5,Caroline County               ,66,66,12662186,0,0,0,0,0,0,0,0,0,60,60,11762300,0,0,0,0,0,0,0,0,0
201510,51,036,3,5,Charles City County           ,14,14,2669300,0,0,0,0,0,0,0,0,0,14,14,2669300,0,0,0,0,0,0,0,0,0
201510,51,037,3,5,Charlotte County              ,13,13,2456400,0,0,0,0,0,0,0,0,0,13,13,2456400,0,0,0,0,0,0,0,0,0
201510,51,041,3,5,Chesterfield County           ,880,880,184466749,1,2,175000,15,57,5354518,8,179,16905614,880,880,184466749,1,2,175000,15,57,5354518,8,179,16905614
201510,51,043,3,5,Clarke County                 ,42,42,14379262,0,0,0,0,0,0,0,0,0,42,42,14379262,0,0,0,0,0,0,0,0,0
201510,51,049,3,5,Cumberland County             ,12,12,1847837,0,0,0,0,0,0,0,0,0,12,12,1847837,0,0,0,0,0,0,0,0,0
201510,51,051,3,5,Dickenson County              ,5,5,360000,0,0,0,0,0,0,0,0,0,5,5,360000,0,0,0,0,0,0,0,0,0
201510,51,053,3,5,Dinwiddie County              ,44,44,6701346,0,0,0,0,0,0,0,0,0,0,0,0,0,0,0,0,0,0,0,0,0
201510,51,059,3,5,Fairfax County                ,692,692,153910929,7,14,2695000,1,3,362898,8,1884,105841385,692,692,153910929,7,14,2695000,1,3,362898,8,1884,105841385
201510,51,061,3,5,Fauquier County               ,165,165,45094085,0,0,0,0,0,0,0,0,0,110,110,34220188,0,0,0,0,0,0,0,0,0
201510,51,069,3,5,Frederick County              ,445,445,98530388,0,0,0,0,0,0,5,137,17550000,445,445,98530388,0,0,0,0,0,0,5,137,17550000
201510,51,073,3,5,Gloucester County             ,96,96,22282349,0,0,0,2,6,300000,0,0,0,96,96,22282349,0,0,0,2,6,300000,0,0,0
201510,51,075,3,5,Goochland County              ,131,131,42155245,0,0,0,0,0,0,0,0,0,131,131,42155245,0,0,0,0,0,0,0,0,0
201510,51,085,3,5,Hanover County                ,558,558,103077064,0,0,0,0,0,0,0,0,0,558,558,103077064,0,0,0,0,0,0,0,0,0
201510,51,087,3,5,Henrico County                ,650,650,110512750,0,0,0,0,0,0,18,374,27137000,650,650,110512750,0,0,0,0,0,0,18,374,27137000
201510,51,093,3,5,Isle of Wight County          ,114,114,24320371,0,0,0,0,0,0,8,208,8344000,90,90,18926911,0,0,0,0,0,0,8,208,8344000
201510,51,095,3,5,James City County             ,328,328,91480568,0,0,0,9,34,4968040,4,23,3329615,328,328,91480568,0,0,0,9,34,4968040,4,23,3329615
201510,51,097,3,5,King and Queen County         ,11,11,1759577,0,0,0,0,0,0,0,0,0,9,9,1370500,0,0,0,0,0,0,0,0,0
201510,51,099,3,5,King George County            ,94,94,23278074,0,0,0,0,0,0,0,0,0,94,94,23278074,0,0,0,0,0,0,0,0,0
201510,51,107,3,5,Loudoun County                ,2243,2243,460888987,6,12,940000,0,0,0,36,937,86877531,2243,2243,460888987,6,12,940000,0,0,0,36,937,86877531
201510,51,109,3,5,Louisa County                 ,166,166,33860022,0,0,0,0,0,0,0,0,0,69,69,13178141,0,0,0,0,0,0,0,0,0
201510,51,115,3,5,Mathews County                ,15,15,3579046,0,0,0,0,0,0,0,0,0,15,15,3579046,0,0,0,0,0,0,0,0,0
201510,51,127,3,5,New Kent County               ,160,160,33045470,0,0,0,0,0,0,0,0,0,160,160,33045470,0,0,0,0,0,0,0,0,0
201510,51,139,3,5,Page County                   ,36,36,4774061,1,2,170000,0,0,0,0,0,0,25,25,3467302,1,2,170000,0,0,0,0,0,0
201510,51,145,3,5,Powhatan County               ,146,146,35136936,0,0,0,0,0,0,0,0,0,146,146,35136936,0,0,0,0,0,0,0,0,0
201510,51,149,3,5,Prince George County          ,57,57,9547000,0,0,0,0,0,0,0,0,0,57,57,9547000,0,0,0,0,0,0,0,0,0
201510,51,153,3,5,Prince William County         ,1317,1317,230977739,0,0,0,0,0,0,27,396,32790926,1207,1207,210400658,0,0,0,0,0,0,27,396,32790926
201510,51,165,3,5,Rockingham County             ,312,312,64359580,0,0,0,0,0,0,0,0,0,312,312,64359580,0,0,0,0,0,0,0,0,0
201510,51,175,3,5,Southampton County            ,24,24,2700455,0,0,0,0,0,0,0,0,0,18,18,1829547,0,0,0,0,0,0,0,0,0
201510,51,177,3,5,Spotsylvania County           ,331,331,87258249,0,0,0,0,0,0,0,0,0,151,151,41185225,0,0,0,0,0,0,0,0,0
201510,51,179,3,5,Stafford County               ,633,633,142621536,0,0,0,0,0,0,0,0,0,633,633,142621536,0,0,0,0,0,0,0,0,0
201510,51,181,3,5,Surry County                  ,16,16,2478685,0,0,0,0,0,0,0,0,0,14,14,2145661,0,0,0,0,0,0,0,0,0
201510,51,183,3,5,Sussex County                 ,18,18,2187862,0,0,0,0,0,0,0,0,0,18,18,2187862,0,0,0,0,0,0,0,0,0
201510,51,187,3,5,Warren County                 ,91,91,20221320,0,0,0,0,0,0,0,0,0,91,91,20221320,0,0,0,0,0,0,0,0,0
201510,51,199,3,5,York County                   ,93,93,24930631,3,6,1021090,0,0,0,1,6,751525,93,93,24930631,3,6,1021090,0,0,0,1,6,751525
201510,51,510,3,5,Alexandria (Independent City) ,133,133,29810612,0,0,0,0,0,0,0,0,0,133,133,29810612,0,0,0,0,0,0,0,0,0
201510,51,540,3,5,Charlottesville (Independent C,56,56,12121575,6,12,1144500,0,0,0,10,133,19640932,0,0,0,0,0,0,0,0,0,0,0,0
201510,51,550,3,5,Chesapeake(Independent City)  ,1038,1038,230526288,3,6,666900,1,4,444457,6,218,10057514,1038,1038,230526288,3,6,666900,1,4,444457,6,218,10057514
201510,51,570,3,5,Colonial Heights (Independent ,4,4,653000,0,0,0,0,0,0,0,0,0,4,4,653000,0,0,0,0,0,0,0,0,0
201510,51,580,3,5,Covington (Independent City)  ,0,0,0,0,0,0,0,0,0,0,0,0,0,0,0,0,0,0,0,0,0,0,0,0
201510,51,600,3,5,Fairfax (Independent City)    ,29,29,9982000,0,0,0,0,0,0,0,0,0,29,29,9982000,0,0,0,0,0,0,0,0,0
201510,51,610,3,5,Falls Church (Independent City,27,27,11830000,0,0,0,0,0,0,0,0,0,27,27,11830000,0,0,0,0,0,0,0,0,0
201510,51,630,3,5,Fredericksburg(Independent Cit,44,44,12529960,0,0,0,0,0,0,0,0,0,44,44,12529960,0,0,0,0,0,0,0,0,0
201510,51,650,3,5,Hampton (Independent City)    ,138,138,6654994,0,0,0,0,0,0,0,0,0,31,31,1915392,0,0,0,0,0,0,0,0,0
201510,51,660,3,5,Harrisonburg (Independent City,50,50,8259383,1,2,282500,1,3,71260,0,0,0,46,46,7762767,0,0,0,1,3,71260,0,0,0
201510,51,670,3,5,Hopewell (Independent City)   ,47,47,4077413,0,0,0,0,0,0,0,0,0,47,47,4077413,0,0,0,0,0,0,0,0,0
201510,51,680,3,5,Lynchburg (Independent City)  ,51,51,8856993,0,0,0,1,3,575000,9,201,18890636,51,51,8856993,0,0,0,1,3,575000,9,201,18890636
201510,51,683,3,5,Manassas (Independent City)   ,116,116,16348784,0,0,0,0,0,0,0,0,0,0,0,0,0,0,0,0,0,0,0,0,0
201510,51,685,3,5,Manassas Park (Independent Cit,10,10,1863640,0,0,0,0,0,0,0,0,0,0,0,0,0,0,0,0,0,0,0,0,0
201510,51,700,3,5,Newport News (Independent City,91,91,8142690,0,0,0,0,0,0,11,317,11762589,83,83,7474260,0,0,0,0,0,0,10,304,11184588
201510,51,710,3,5,Norfolk (Independent City)    ,361,361,39794378,0,0,0,0,0,0,6,388,29791620,361,361,39794378,0,0,0,0,0,0,6,388,29791620
201510,51,730,3,5,Petersburg (Independent City) ,4,4,414525,0,0,0,0,0,0,1,80,4073667,4,4,414525,0,0,0,0,0,0,1,80,4073667
201510,51,735,3,5,Poquoson (Independent City)   ,17,17,4425500,0,0,0,0,0,0,0,0,0,17,17,4425500,0,0,0,0,0,0,0,0,0
201510,51,740,3,5,Portsmouth (Independent City) ,82,82,10695596,0,0,0,0,0,0,0,0,0,82,82,10695596,0,0,0,0,0,0,0,0,0
201510,51,760,3,5,Richmond (Independent City)   ,221,221,31439773,12,24,2290022,1,4,260000,4,199,12182771,204,204,28723139,10,20,1927720,1,4,260000,3,165,9479400
201510,51,800,3,5,Suffolk (Independent City)    ,296,296,65941499,0,0,0,0,0,0,6,228,14688432,296,296,65941499,0,0,0,0,0,0,6,228,14688432
201510,51,810,3,5,Virginia Beach (Independent Ci,605,605,105158821,0,0,0,3,12,2400000,34,785,50355088,605,605,105158821,0,0,0,3,12,2400000,34,785,50355088
201510,51,830,3,5,Williamsburg (Independent City,19,19,4463548,0,0,0,0,0,0,0,0,0,19,19,4463548,0,0,0,0,0,0,0,0,0
201510,53,005,4,9,Benton County                 ,776,776,229513487,3,6,1256088,4,14,1107052,20,171,16684669,358,358,106557527,0,0,0,1,4,453000,10,81,8791208
201510,53,011,4,9,Clark County                  ,1909,1909,485437008,8,16,812988,12,38,2682368,57,887,78112321,1804,1804,459597943,8,16,812988,11,35,2543292,54,856,75392447
201510,53,021,4,9,Franklin County               ,293,293,79182567,31,62,6053489,1,3,666419,0,0,0,76,76,25872948,0,0,0,0,0,0,0,0,0
201510,53,031,4,9,Jefferson County              ,136,136,25260625,1,2,132894,0,0,0,0,0,0,136,136,25260625,1,2,132894,0,0,0,0,0,0
201510,53,033,4,9,King County                   ,3341,3341,1281594860,155,310,62293781,115,391,75420122,199,12322,1852728219,3140,3140,1190413420,155,310,62293781,115,391,75420122,176,11974,1814510133
201510,53,035,4,9,Kitsap County                 ,653,653,185311670,2,4,608198,2,8,1345359,4,110,17355690,653,653,185311670,2,4,608198,2,8,1345359,4,110,17355690
201510,53,053,4,9,Pierce County                 ,1948,1948,568665772,38,76,11527634,22,84,12086193,32,405,43295104,1910,1910,558062062,34,68,10120958,22,84,12086193,32,405,43295104
201510,53,055,4,9,San Juan County               ,91,91,21559244,0,0,0,0,0,0,0,0,0,83,83,19669860,0,0,0,0,0,0,0,0,0
201510,53,059,4,9,Skamania County               ,37,37,8315365,0,0,0,1,3,300301,0,0,0,31,31,6937364,0,0,0,0,0,0,0,0,0
201510,53,061,4,9,Snohomish County              ,2009,2009,580918311,25,50,10013714,5,17,3861182,31,844,105379118,1959,1959,570013963,23,46,9506552,5,17,3861182,28,812,104201914
201510,54,011,3,5,Cabell County                 ,64,64,11858838,3,6,250000,2,8,450000,1,5,200000,61,61,11247241,3,6,250000,2,8,450000,0,0,0
201510,54,015,3,5,Clay County                   ,10,10,475000,0,0,0,0,0,0,0,0,0,10,10,475000,0,0,0,0,0,0,0,0,0
201510,54,019,3,5,Fayette County                ,32,32,3775491,0,0,0,0,0,0,0,0,0,18,18,2173369,0,0,0,0,0,0,0,0,0
201510,54,037,3,5,Jefferson County              ,175,175,43875735,0,0,0,1,4,800000,3,96,5300000,166,166,41105513,0,0,0,1,4,800000,3,96,5300000
201510,54,081,3,5,Raleigh County                ,60,60,12243468,0,0,0,0,0,0,0,0,0,60,60,12243468,0,0,0,0,0,0,0,0,0
201510,55,025,2,3,Dane County                   ,1036,1036,304382698,11,22,3912662,14,48,5982553,36,1785,228923628,917,917,270039147,8,16,3092000,6,24,2980000,19,1383,186460360
201510,55,031,2,3,Douglas County                ,70,70,10172863,1,2,200000,0,0,0,0,0,0,70,70,10172863,1,2,200000,0,0,0,0,0,0
201510,55,037,2,3,Florence County               ,16,16,1333500,0,0,0,0,0,0,0,0,0,16,16,1333500,0,0,0,0,0,0,0,0,0
201510,55,049,2,3,Iowa County                   ,46,46,10810800,1,2,200000,0,0,0,0,0,0,46,46,10810800,1,2,200000,0,0,0,0,0,0
201510,55,059,2,3,Kenosha County                ,145,145,43500398,1,2,236500,0,0,0,3,92,7350000,140,140,41777336,1,2,236500,0,0,0,3,92,7350000
201510,55,079,2,3,Milwaukee County              ,108,108,29194065,7,14,1260753,0,0,0,17,609,90489674,103,103,27986821,7,14,1260753,0,0,0,15,596,88848545
201510,55,089,2,3,Ozaukee County                ,151,151,56194580,0,0,0,0,0,0,7,50,7822823,69,69,18136502,0,0,0,0,0,0,0,0,0
201510,55,093,2,3,Pierce County                 ,110,110,23665248,0,0,0,0,0,0,0,0,0,109,109,23386192,0,0,0,0,0,0,0,0,0
201510,55,109,2,3,St. Croix County              ,250,250,59116646,20,40,4688000,3,12,1648000,0,0,0,243,243,57715666,20,40,4688000,3,12,1648000,0,0,0
201510,55,131,2,3,Washington County             ,256,256,65781670,8,16,2275000,0,0,0,6,62,4770833,191,191,46156149,5,10,1300000,0,0,0,5,57,4375000
201510,56,029,4,8,Park County                   ,119,119,30327719,1,2,130000,1,4,350000,0,0,0,119,119,30327719,1,2,130000,1,4,350000,0,0,0
201510,56,039,4,8,Teton County                  ,174,174,219150943,3,6,1500000,0,0,0,2,10,856632,138,138,202566117,0,0,0,0,0,0,0,0,0
