Survey,FIPS,FIPS,Region,Division,County,,1-unit,,,2-units,,,3-4 units,,,5+ units,,,1-unit rep,,,2-units rep,,,3-4 units rep,,, 5+units rep
Date,State,County,Code,Code,Name,Bldgs,Units,Value,Bldgs,Units,Value,Bldgs,Units,Value,Bldgs,Units,Value,Bldgs,Units,Value,Bldgs,Units,Value,Bldgs,Units,Value,Bldgs,Units,Value
 
201506,01,001,3,6,Autauga County                ,91,91,22686786,0,0,0,0,0,0,0,0,0,91,91,22686786,0,0,0,0,0,0,0,0,0
201506,01,007,3,6,Bibb County                   ,12,12,2058228,0,0,0,0,0,0,0,0,0,0,0,0,0,0,0,0,0,0,0,0,0
201506,01,009,3,6,Blount County                 ,1,1,98505,0,0,0,0,0,0,2,40,3831302,1,1,98505,0,0,0,0,0,0,2,40,3831302
201506,01,021,3,6,Chilton County                ,9,9,957000,0,0,0,0,0,0,0,0,0,9,9,957000,0,0,0,0,0,0,0,0,0
201506,01,073,3,6,Jefferson County              ,692,692,183119716,0,0,0,0,0,0,10,204,27422108,663,663,178332784,0,0,0,0,0,0,5,178,26254421
201506,01,083,3,6,Limestone County              ,47,47,10344252,0,0,0,0,0,0,0,0,0,46,46,10216252,0,0,0,0,0,0,0,0,0
201506,01,089,3,6,Madison County                ,997,997,149464364,1,2,219948,4,16,340000,10,230,17262154,994,994,149085419,1,2,219948,4,16,340000,10,230,17262154
201506,01,113,3,6,Russell County                ,95,95,16614402,1,2,113764,0,0,0,0,0,0,84,84,14667378,1,2,113764,0,0,0,0,0,0
201506,01,115,3,6,St. Clair County              ,54,54,8897728,0,0,0,0,0,0,0,0,0,48,48,7887109,0,0,0,0,0,0,0,0,0
201506,01,117,3,6,Shelby County                 ,477,477,109748994,0,0,0,0,0,0,0,0,0,256,256,55894723,0,0,0,0,0,0,0,0,0
201506,01,127,3,6,Walker County                 ,8,8,2400000,0,0,0,0,0,0,0,0,0,8,8,2400000,0,0,0,0,0,0,0,0,0
201506,02,013,4,9,Aleutians East Borough        ,0,0,0,0,0,0,0,0,0,0,0,0,0,0,0,0,0,0,0,0,0,0,0,0
201506,02,016,4,9,Aleutians West Census Area    ,2,2,196236,0,0,0,0,0,0,0,0,0,0,0,0,0,0,0,0,0,0,0,0,0
201506,02,020,4,9,Anchorage Borough             ,316,316,98369890,1,2,322399,6,18,3182994,6,51,8062873,0,0,0,0,0,0,0,0,0,0,0,0
201506,02,020,4,9,Anchorage Municipality        ,316,316,98369890,1,2,322399,6,18,3182994,6,51,8062873,0,0,0,0,0,0,0,0,0,0,0,0
201506,02,050,4,9,Bethel Census Area            ,2,2,650000,2,4,700000,0,0,0,0,0,0,2,2,650000,2,4,700000,0,0,0,0,0,0
201506,02,060,4,9,Bristol Bay Borough           ,1,1,129500,0,0,0,0,0,0,0,0,0,1,1,129500,0,0,0,0,0,0,0,0,0
201506,02,070,4,9,Dillingham Census Area        ,1,1,240312,0,0,0,0,0,0,0,0,0,0,0,0,0,0,0,0,0,0,0,0,0
201506,02,090,4,9,Fairbanks North Star Borough  ,4,4,1190000,0,0,0,0,0,0,0,0,0,4,4,1190000,0,0,0,0,0,0,0,0,0
201506,02,100,4,9,Haines Borough                ,2,2,583174,0,0,0,0,0,0,0,0,0,2,2,583174,0,0,0,0,0,0,0,0,0
201506,02,105,4,9,Hoonah-Angoon Census Area     ,1,1,255182,0,0,0,0,0,0,0,0,0,0,0,0,0,0,0,0,0,0,0,0,0
201506,02,110,4,9,Juneau Borough                ,34,34,8040993,2,4,646872,0,0,0,0,0,0,34,34,8040993,2,4,646872,0,0,0,0,0,0
201506,02,110,4,9,Juneau City and Borough       ,34,34,8040993,2,4,646872,0,0,0,0,0,0,34,34,8040993,2,4,646872,0,0,0,0,0,0
201506,02,122,4,9,Kenai Peninsula Borough       ,57,57,11065895,6,12,1682792,0,0,0,0,0,0,40,40,7464400,5,10,1345000,0,0,0,0,0,0
201506,02,130,4,9,Ketchikan Gateway Borough     ,8,8,2223482,0,0,0,0,0,0,0,0,0,8,8,2223482,0,0,0,0,0,0,0,0,0
201506,02,150,4,9,Kodiak Island Borough         ,7,7,1509999,0,0,0,0,0,0,0,0,0,7,7,1509999,0,0,0,0,0,0,0,0,0
201506,02,170,4,9,Matanuska-Susitna Borough     ,34,34,6481233,8,16,2181549,0,0,0,0,0,0,21,21,4679928,7,14,1923650,0,0,0,0,0,0
201506,02,180,4,9,Nome Census Area              ,2,2,360773,0,0,0,0,0,0,0,0,0,2,2,360773,0,0,0,0,0,0,0,0,0
201506,02,185,4,9,North Slope Borough           ,9,9,2365249,0,0,0,0,0,0,0,0,0,7,7,1850291,0,0,0,0,0,0,0,0,0
201506,02,188,4,9,Northwest Arctic Borough      ,2,2,510365,0,0,0,0,0,0,0,0,0,2,2,510365,0,0,0,0,0,0,0,0,0
201506,02,195,4,9,Petersburg Borough            ,4,4,502687,0,0,0,0,0,0,0,0,0,1,1,100000,0,0,0,0,0,0,0,0,0
201506,02,195,4,9,Petersburg Census Area        ,4,4,502687,0,0,0,0,0,0,0,0,0,1,1,100000,0,0,0,0,0,0,0,0,0
201506,02,198,4,9,Prince of Wales-Hyder Census A,0,0,0,0,0,0,0,0,0,0,0,0,0,0,0,0,0,0,0,0,0,0,0,0
201506,02,220,4,9,Sitka Borough                 ,7,7,1883292,2,4,622364,0,0,0,0,0,0,0,0,0,0,0,0,0,0,0,0,0,0
201506,02,220,4,9,Sitka City and Borough        ,7,7,1883292,2,4,622364,0,0,0,0,0,0,0,0,0,0,0,0,0,0,0,0,0,0
201506,02,230,4,9,Skagway Municipality          ,3,3,1159438,1,2,163000,0,0,0,0,0,0,2,2,800000,0,0,0,0,0,0,0,0,0
201506,02,261,4,9,Valdez-Cordova Census Area    ,4,4,295000,1,2,150000,0,0,0,0,0,0,4,4,295000,1,2,150000,0,0,0,0,0,0
201506,02,270,4,9,Wade Hampton Census Area      ,0,0,0,0,0,0,0,0,0,0,0,0,0,0,0,0,0,0,0,0,0,0,0,0
201506,02,275,4,9,Wrangell City and Borough     ,2,2,356000,0,0,0,0,0,0,0,0,0,2,2,356000,0,0,0,0,0,0,0,0,0
201506,02,282,4,9,Yakutat Borough               ,0,0,0,0,0,0,0,0,0,0,0,0,0,0,0,0,0,0,0,0,0,0,0,0
201506,02,282,4,9,Yakutat City and Borough      ,0,0,0,0,0,0,0,0,0,0,0,0,0,0,0,0,0,0,0,0,0,0,0,0
201506,02,290,4,9,Yukon-Koyukuk Census Area     ,0,0,0,0,0,0,0,0,0,0,0,0,0,0,0,0,0,0,0,0,0,0,0,0
201506,04,013,4,8,Maricopa County               ,7385,7385,2055343892,26,52,9927329,33,122,19325367,145,2730,508462203,7378,7378,2053781575,26,52,9927329,33,122,19325367,141,2476,478967550
201506,04,019,4,8,Pima County                   ,1286,1286,341803392,12,24,1180776,0,0,0,22,501,58891260,856,856,248185908,0,0,0,0,0,0,0,0,0
201506,04,021,4,8,Pinal County                  ,1042,1042,194335067,1,2,106000,0,0,0,0,0,0,919,919,167364125,1,2,106000,0,0,0,0,0,0
201506,05,013,3,7,Calhoun County                ,0,0,0,0,0,0,0,0,0,0,0,0,0,0,0,0,0,0,0,0,0,0,0,0
201506,05,035,3,7,Crittenden County             ,25,25,3975000,1,2,50000,0,0,0,0,0,0,25,25,3975000,1,2,50000,0,0,0,0,0,0
201506,05,045,3,7,Faulkner County               ,112,112,21622165,2,4,160000,0,0,0,0,0,0,105,105,20257682,2,4,160000,0,0,0,0,0,0
201506,05,053,3,7,Grant County                  ,5,5,643249,0,0,0,0,0,0,0,0,0,0,0,0,0,0,0,0,0,0,0,0,0
201506,05,085,3,7,Lonoke County                 ,151,151,15556637,3,6,354050,5,15,813125,0,0,0,47,47,7015234,3,6,354050,5,15,813125,0,0,0
201506,05,087,3,7,Madison County                ,0,0,0,0,0,0,0,0,0,0,0,0,0,0,0,0,0,0,0,0,0,0,0,0
201506,05,091,3,7,Miller County                 ,15,15,2064000,1,2,100000,0,0,0,0,0,0,15,15,2064000,1,2,100000,0,0,0,0,0,0
201506,05,105,3,7,Perry County                  ,1,1,33000,0,0,0,0,0,0,0,0,0,1,1,33000,0,0,0,0,0,0,0,0,0
201506,05,119,3,7,Pulaski County                ,341,341,78411626,3,6,1334886,0,0,0,19,494,25652111,341,341,78411626,3,6,1334886,0,0,0,19,494,25652111
201506,05,129,3,7,Searcy County                 ,0,0,0,0,0,0,0,0,0,0,0,0,0,0,0,0,0,0,0,0,0,0,0,0
201506,05,143,3,7,Washington County             ,508,508,115336794,0,0,0,0,0,0,1,5,500000,472,472,108420890,0,0,0,0,0,0,0,0,0
201506,06,001,4,9,Alameda County                ,788,788,280512387,4,8,1689942,12,42,8401985,30,1187,171405396,757,757,269359654,4,8,1689942,12,42,8401985,27,1132,161644732
201506,06,013,4,9,Contra Costa County           ,1218,1218,367889766,1,2,416494,3,11,2338117,7,124,23197532,1210,1210,365889572,1,2,416494,3,11,2338117,5,109,20981179
201506,06,017,4,9,El Dorado County              ,277,277,65314919,0,0,0,1,4,744300,0,0,0,273,273,63599377,0,0,0,0,0,0,0,0,0
201506,06,019,4,9,Fresno County                 ,1234,1234,332971724,1,2,244208,0,0,0,15,158,13429315,1072,1072,293201863,1,2,244208,0,0,0,15,158,13429315
201506,06,037,4,9,Los Angeles County            ,2390,2390,1007051572,176,352,62800875,4,14,2334715,193,9912,1665619938,2179,2179,908776115,172,344,61373075,3,11,1929715,170,9703,1637672995
201506,06,041,4,9,Marin County                  ,117,117,54595096,0,0,0,0,0,0,9,91,8968105,55,55,30558205,0,0,0,0,0,0,0,0,0
201506,06,059,4,9,Orange County                 ,2137,2137,691989268,53,106,22566061,85,285,54556564,108,3880,545534590,1974,1974,622438298,43,86,15899275,83,279,53038572,94,3610,514333835
201506,06,061,4,9,Placer County                 ,1020,1020,336606232,1,2,410351,0,0,0,10,186,15073181,1013,1013,334317904,1,2,410351,0,0,0,10,186,15073181
201506,06,063,4,9,Plumas County                 ,17,17,2935446,0,0,0,0,0,0,0,0,0,17,17,2935446,0,0,0,0,0,0,0,0,0
201506,06,067,4,9,Sacramento County             ,1049,1049,280508245,7,14,1811732,0,0,0,2,228,31957274,1038,1038,277919395,7,14,1811732,0,0,0,2,228,31957274
201506,06,069,4,9,San Benito County             ,77,77,20905117,3,6,750111,0,0,0,0,0,0,65,65,18113899,3,6,750111,0,0,0,0,0,0
201506,06,071,4,9,San Bernardino County         ,1448,1448,344292920,53,106,17523932,27,97,15068818,88,650,68043717,1324,1324,318008456,49,98,16410052,24,87,13457913,74,499,55102582
201506,06,073,4,9,San Diego County              ,1735,1735,597274960,29,58,9913930,39,122,18833929,153,3392,558190789,1725,1725,593679996,29,58,9913930,39,122,18833929,147,3318,550437250
201506,06,075,4,9,San Francisco County          ,36,36,9569385,29,58,22783275,6,18,5880000,22,1241,375371314,36,36,9569385,29,58,22783275,6,18,5880000,22,1241,375371314
201506,06,081,4,9,San Mateo County              ,226,226,158378362,1,2,722400,2,6,1492544,23,839,162398189,131,131,105486504,0,0,0,1,3,1023750,12,551,106368108
201506,06,085,4,9,Santa Clara County            ,1029,1029,395926714,5,10,2881495,11,41,10193362,63,1447,238457986,918,918,362742734,4,8,2281495,9,34,8454427,54,1119,177631986
201506,06,091,4,9,Sierra County                 ,1,1,190093,0,0,0,0,0,0,0,0,0,1,1,190093,0,0,0,0,0,0,0,0,0
201506,06,113,4,9,Yolo County                   ,188,188,53322484,1,2,293907,0,0,0,0,0,0,188,188,53322484,1,2,293907,0,0,0,0,0,0
201506,08,001,4,8,Adams County                  ,792,792,195696624,0,0,0,6,21,3652226,2,34,3599366,780,780,193370930,0,0,0,6,21,3652226,2,34,3599366
201506,08,005,4,8,Arapahoe County               ,796,796,217501608,0,0,0,5,15,1818750,9,400,43986763,792,792,212362551,0,0,0,5,15,1818750,9,400,43986763
201506,08,014,4,8,Broomfield County             ,226,226,76763087,0,0,0,1,3,394488,7,75,8163481,170,170,57249810,0,0,0,0,0,0,5,29,3638567
201506,08,015,4,8,Chaffee County                ,51,51,13616307,1,2,323962,2,6,1099400,0,0,0,0,0,0,0,0,0,0,0,0,0,0,0
201506,08,019,4,8,Clear Creek County            ,4,4,641584,0,0,0,0,0,0,0,0,0,4,4,641584,0,0,0,0,0,0,0,0,0
201506,08,031,4,8,Denver County                 ,887,887,211530134,88,176,37085295,0,0,0,23,2932,252372332,672,672,163364064,66,132,27988820,0,0,0,19,2443,206822822
201506,08,035,4,8,Douglas County                ,1151,1151,338371330,0,0,0,1,4,664261,6,115,9782342,1140,1140,334808118,0,0,0,1,4,664261,6,115,9782342
201506,08,039,4,8,Elbert County                 ,55,55,16039281,0,0,0,0,0,0,0,0,0,55,55,16039281,0,0,0,0,0,0,0,0,0
201506,08,041,4,8,El Paso County                ,1456,1456,589866877,0,0,0,2,8,1459934,3,88,10813605,1456,1456,589866877,0,0,0,2,8,1459934,3,88,10813605
201506,08,047,4,8,Gilpin County                 ,5,5,2050000,0,0,0,0,0,0,0,0,0,5,5,2050000,0,0,0,0,0,0,0,0,0
201506,08,069,4,8,Larimer County                ,928,928,244379680,16,32,5494586,1,3,675981,12,474,54393095,925,925,243736926,16,32,5494586,1,3,675981,12,474,54393095
201506,08,077,4,8,Mesa County                   ,239,239,58982755,0,0,0,0,0,0,0,0,0,239,239,58982755,0,0,0,0,0,0,0,0,0
201506,08,093,4,8,Park County                   ,52,52,7761968,0,0,0,0,0,0,0,0,0,52,52,7761968,0,0,0,0,0,0,0,0,0
201506,08,101,4,8,Pueblo County                 ,85,85,14514096,10,20,2521120,0,0,0,3,62,8762000,65,65,10937853,10,20,2521120,0,0,0,3,62,8762000
201506,08,119,4,8,Teller County                 ,33,33,8625885,0,0,0,0,0,0,0,0,0,27,27,6839089,0,0,0,0,0,0,0,0,0
201506,09,001,1,1,Fairfield County              ,366,366,211560753,1,2,190000,0,0,0,16,808,102492316,285,285,134580496,1,2,190000,0,0,0,13,790,100602316
201506,09,003,1,1,Hartford County               ,213,213,45798161,12,24,1551177,9,30,2474123,12,163,12071193,179,179,39385559,5,10,659720,1,3,175000,4,96,8828900
201506,09,007,1,1,Middlesex County              ,66,66,16097453,2,4,455995,2,8,1209494,2,10,1167536,58,58,13596272,1,2,150000,2,8,1209494,1,5,604747
201506,09,013,1,1,Tolland County                ,76,76,15573991,1,2,150000,0,0,0,5,70,7063740,51,51,9601311,1,2,150000,0,0,0,2,32,2400000
201506,10,001,3,5,Kent County                   ,427,427,62189922,2,4,350250,0,0,0,4,56,4626935,422,422,61733837,2,4,350250,0,0,0,4,56,4626935
201506,10,003,3,5,New Castle County             ,682,682,61233103,2,4,155270,4,14,888447,18,209,11872665,530,530,47151274,2,4,155270,0,0,0,2,48,1621300
201506,10,005,3,5,Sussex County                 ,1007,1007,147155258,35,70,8649743,6,21,2615828,9,52,7084048,1007,1007,147155258,35,70,8649743,6,21,2615828,9,52,7084048
201506,11,001,3,5,Washington  DC                ,163,163,36199625,32,64,7066098,1,3,323250,22,2220,201225423,163,163,36199625,32,64,7066098,1,3,323250,22,2220,201225423
201506,12,003,3,5,Baker County                  ,15,15,2565054,1,2,62000,0,0,0,0,0,0,15,15,2565054,1,2,62000,0,0,0,0,0,0
201506,12,019,3,5,Clay County                   ,469,469,95408384,0,0,0,0,0,0,5,80,5137474,469,469,95408384,0,0,0,0,0,0,5,80,5137474
201506,12,031,3,5,Duval County                  ,1329,1329,308525923,7,14,1552592,0,0,0,24,965,82891982,1329,1329,308525923,7,14,1552592,0,0,0,24,965,82891982
201506,12,033,3,5,Escambia County               ,388,388,87099326,0,0,0,0,0,0,13,304,24716416,388,388,87099326,0,0,0,0,0,0,13,304,24716416
201506,12,053,3,5,Hernando County               ,175,175,30698594,0,0,0,0,0,0,0,0,0,174,174,30501878,0,0,0,0,0,0,0,0,0
201506,12,057,3,5,Hillsborough County           ,2989,2989,1043256824,5,10,2096241,4,14,2203761,38,2307,279452944,2974,2974,1041120670,5,10,2096241,4,14,2203761,38,2307,279452944
201506,12,067,3,5,Lafayette County              ,3,3,626000,0,0,0,0,0,0,0,0,0,3,3,626000,0,0,0,0,0,0,0,0,0
201506,12,071,3,5,Lee County                    ,2065,2065,516083214,9,18,1986210,23,92,21252422,105,1399,130978761,2065,2065,516083214,9,18,1986210,23,92,21252422,105,1399,130978761
201506,12,073,3,5,Leon County                   ,266,266,55592735,2,4,400000,0,0,0,11,335,30280080,108,108,27930715,0,0,0,0,0,0,0,0,0
201506,12,081,3,5,Manatee County                ,1176,1176,286655620,4,8,2109798,20,80,13863361,28,490,35494656,1169,1169,283936566,3,6,1701296,20,80,13863361,28,490,35494656
201506,12,086,3,5,Miami-Dade County             ,1253,1253,328606800,10,20,2996340,23,91,9540372,128,5942,831440144,1166,1166,311546929,9,18,2875340,23,91,9540372,115,5771,757130559
201506,12,089,3,5,Nassau County                 ,403,403,110471191,0,0,0,0,0,0,13,300,34204630,403,403,110471191,0,0,0,0,0,0,13,300,34204630
201506,12,091,3,5,Okaloosa County               ,373,373,109940164,4,8,870151,0,0,0,0,0,0,334,334,96902175,4,8,870151,0,0,0,0,0,0
201506,12,095,3,5,Orange County                 ,2783,2783,755609483,19,38,6323036,0,0,0,39,1874,189164833,2777,2777,752738199,19,38,6323036,0,0,0,39,1874,189164833
201506,12,097,3,5,Osceola County                ,1426,1426,367585727,3,6,847533,3,12,1934844,38,720,82006754,1322,1322,352569827,3,6,847533,3,12,1934844,38,720,82006754
201506,12,101,3,5,Pasco County                  ,1000,1000,218720604,12,24,2263803,6,24,780295,39,470,27000277,991,991,217561200,12,24,2263803,6,24,780295,36,455,25882699
201506,12,103,3,5,Pinellas County               ,479,479,140283676,1,2,322251,3,12,3560000,25,1011,136611958,465,465,135946852,1,2,322251,3,12,3560000,21,911,130500727
201506,12,109,3,5,St. Johns County              ,1281,1281,361430380,0,0,0,3,12,2850722,3,32,4244633,1275,1275,360219804,0,0,0,3,12,2850722,3,32,4244633
201506,12,113,3,5,Santa Rosa County             ,565,565,90714000,0,0,0,0,0,0,2,14,831000,565,565,90714000,0,0,0,0,0,0,2,14,831000
201506,12,115,3,5,Sarasota County               ,1116,1116,346630131,3,6,1420480,5,20,4882159,11,363,43853133,1109,1109,342796685,3,6,1420480,5,20,4882159,10,346,39988966
201506,12,117,3,5,Seminole County               ,473,473,163199183,0,0,0,0,0,0,9,393,27729191,464,464,161044972,0,0,0,0,0,0,6,344,23883078
201506,12,129,3,5,Wakulla County                ,69,69,9224635,0,0,0,0,0,0,0,0,0,69,69,9224635,0,0,0,0,0,0,0,0,0
201506,12,131,3,5,Walton County                 ,566,566,225481593,0,0,0,36,108,18202324,0,0,0,566,566,225481593,0,0,0,36,108,18202324,0,0,0
201506,12,133,3,5,Washington County             ,10,10,1725064,0,0,0,0,0,0,0,0,0,6,6,1089750,0,0,0,0,0,0,0,0,0
201506,13,007,3,5,Baker County                  ,0,0,0,0,0,0,0,0,0,0,0,0,0,0,0,0,0,0,0,0,0,0,0,0
201506,13,013,3,5,Barrow County                 ,227,227,30442108,0,0,0,0,0,0,0,0,0,216,216,29315255,0,0,0,0,0,0,0,0,0
201506,13,015,3,5,Bartow County                 ,184,184,35804350,0,0,0,0,0,0,0,0,0,178,178,34559837,0,0,0,0,0,0,0,0,0
201506,13,021,3,5,Bibb County                   ,52,52,9413621,0,0,0,0,0,0,0,0,0,52,52,9413621,0,0,0,0,0,0,0,0,0
201506,13,029,3,5,Bryan County                  ,198,198,42926363,0,0,0,0,0,0,1,9,450000,182,182,40439636,0,0,0,0,0,0,0,0,0
201506,13,033,3,5,Burke County                  ,23,23,3858492,0,0,0,0,0,0,0,0,0,0,0,0,0,0,0,0,0,0,0,0,0
201506,13,035,3,5,Butts County                  ,12,12,1597975,0,0,0,0,0,0,0,0,0,12,12,1597975,0,0,0,0,0,0,0,0,0
201506,13,045,3,5,Carroll County                ,52,52,8523223,0,0,0,0,0,0,0,0,0,52,52,8523223,0,0,0,0,0,0,0,0,0
201506,13,051,3,5,Chatham County                ,578,578,117346455,1,2,210000,0,0,0,3,15,1237071,470,470,105933507,1,2,210000,0,0,0,0,0,0
201506,13,057,3,5,Cherokee County               ,941,941,233194111,0,0,0,0,0,0,2,89,10052116,923,923,227781215,0,0,0,0,0,0,2,89,10052116
201506,13,059,3,5,Clarke County                 ,39,39,8029476,0,0,0,0,0,0,5,421,39216132,39,39,8029476,0,0,0,0,0,0,5,421,39216132
201506,13,063,3,5,Clayton County                ,212,212,49086838,0,0,0,0,0,0,0,0,0,211,211,48987708,0,0,0,0,0,0,0,0,0
201506,13,067,3,5,Cobb County                   ,823,823,238779046,4,8,2209120,14,56,10419163,23,405,56001540,818,818,237223755,4,8,2209120,14,56,10419163,23,405,56001540
201506,13,073,3,5,Columbia County               ,721,721,119574812,0,0,0,0,0,0,7,68,3801645,374,374,60725619,0,0,0,0,0,0,7,68,3801645
201506,13,077,3,5,Coweta County                 ,426,426,144812036,0,0,0,0,0,0,0,0,0,420,420,143583432,0,0,0,0,0,0,0,0,0
201506,13,085,3,5,Dawson County                 ,87,87,18476689,0,0,0,0,0,0,0,0,0,87,87,18476689,0,0,0,0,0,0,0,0,0
201506,13,095,3,5,Dougherty County              ,24,24,2649181,6,12,900660,1,3,152768,0,0,0,0,0,0,0,0,0,0,0,0,0,0,0
201506,13,097,3,5,Douglas County                ,114,114,13253391,0,0,0,0,0,0,0,0,0,114,114,13253391,0,0,0,0,0,0,0,0,0
201506,13,111,3,5,Fannin County                 ,101,101,20575786,0,0,0,0,0,0,0,0,0,101,101,20575786,0,0,0,0,0,0,0,0,0
201506,13,113,3,5,Fayette County                ,176,176,40787546,0,0,0,0,0,0,0,0,0,167,167,37724138,0,0,0,0,0,0,0,0,0
201506,13,117,3,5,Forsyth County                ,1483,1483,214091536,3,6,483420,0,0,0,7,199,7095970,1483,1483,214091536,3,6,483420,0,0,0,7,199,7095970
201506,13,121,3,5,Fulton County                 ,1524,1524,404416831,0,0,0,0,0,0,36,3641,474190262,1511,1511,401312287,0,0,0,0,0,0,35,3625,473200581
201506,13,127,3,5,Glynn County                  ,235,235,61987294,0,0,0,0,0,0,0,0,0,0,0,0,0,0,0,0,0,0,0,0,0
201506,13,135,3,5,Gwinnett County               ,1689,1689,266957315,0,0,0,18,54,1225246,0,0,0,1629,1629,254193173,0,0,0,18,54,1225246,0,0,0
201506,13,143,3,5,Haralson County               ,11,11,2011663,0,0,0,0,0,0,0,0,0,0,0,0,0,0,0,0,0,0,0,0,0
201506,13,145,3,5,Harris County                 ,84,84,24200736,0,0,0,0,0,0,0,0,0,84,84,24200736,0,0,0,0,0,0,0,0,0
201506,13,149,3,5,Heard County                  ,10,10,1267744,0,0,0,0,0,0,0,0,0,0,0,0,0,0,0,0,0,0,0,0,0
201506,13,151,3,5,Henry County                  ,598,598,121182233,0,0,0,0,0,0,0,0,0,568,568,117507001,0,0,0,0,0,0,0,0,0
201506,13,159,3,5,Jasper County                 ,28,28,3751272,0,0,0,0,0,0,0,0,0,0,0,0,0,0,0,0,0,0,0,0,0
201506,13,171,3,5,Lamar County                  ,20,20,2210552,0,0,0,0,0,0,0,0,0,20,20,2210552,0,0,0,0,0,0,0,0,0
201506,13,177,3,5,Lee County                    ,63,63,7925825,0,0,0,0,0,0,0,0,0,45,45,5783995,0,0,0,0,0,0,0,0,0
201506,13,179,3,5,Liberty County                ,94,94,22488385,0,0,0,0,0,0,5,72,7463310,94,94,22488385,0,0,0,0,0,0,5,72,7463310
201506,13,189,3,5,McDuffie County               ,10,10,1640000,0,0,0,0,0,0,0,0,0,10,10,1640000,0,0,0,0,0,0,0,0,0
201506,13,199,3,5,Meriwether County             ,17,17,3490853,0,0,0,0,0,0,0,0,0,15,15,3334653,0,0,0,0,0,0,0,0,0
201506,13,201,3,5,Miller County                 ,1,1,147981,0,0,0,0,0,0,0,0,0,0,0,0,0,0,0,0,0,0,0,0,0
201506,13,207,3,5,Monroe County                 ,40,40,8962348,0,0,0,0,0,0,0,0,0,40,40,8962348,0,0,0,0,0,0,0,0,0
201506,13,215,3,5,Muscogee County               ,182,182,19265887,0,0,0,6,20,908468,9,114,8646621,0,0,0,0,0,0,0,0,0,0,0,0
201506,13,217,3,5,Newton County                 ,147,147,27417229,0,0,0,0,0,0,0,0,0,147,147,27417229,0,0,0,0,0,0,0,0,0
201506,13,227,3,5,Pickens County                ,31,31,7454310,1,2,200000,0,0,0,0,0,0,30,30,7348060,1,2,200000,0,0,0,0,0,0
201506,13,231,3,5,Pike County                   ,19,19,2929877,0,0,0,0,0,0,0,0,0,18,18,2789377,0,0,0,0,0,0,0,0,0
201506,13,235,3,5,Pulaski County                ,10,10,782916,0,0,0,0,0,0,0,0,0,0,0,0,0,0,0,0,0,0,0,0,0
201506,13,245,3,5,Richmond County               ,231,231,42628839,1,2,180000,0,0,0,5,94,2744193,13,13,2420990,0,0,0,0,0,0,0,0,0
201506,13,247,3,5,Rockdale County               ,87,87,19505058,0,0,0,0,0,0,0,0,0,87,87,19505058,0,0,0,0,0,0,0,0,0
201506,13,255,3,5,Spalding County               ,103,103,13281193,0,0,0,0,0,0,0,0,0,103,103,13281193,0,0,0,0,0,0,0,0,0
201506,13,275,3,5,Thomas County                 ,45,45,21176217,0,0,0,2,8,1000000,0,0,0,45,45,21176217,0,0,0,2,8,1000000,0,0,0
201506,13,291,3,5,Union County                  ,57,57,12691829,0,0,0,0,0,0,0,0,0,57,57,12691829,0,0,0,0,0,0,0,0,0
201506,15,001,4,9,Hawaii County                 ,424,424,197863083,4,8,14933147,1,3,5525682,0,0,0,424,424,197863083,4,8,14933147,1,3,5525682,0,0,0
201506,15,003,4,9,Honolulu County               ,574,574,217757402,0,0,0,0,0,0,46,1228,275159360,574,574,217757402,0,0,0,0,0,0,46,1228,275159360
201506,15,007,4,9,Kauai County                  ,96,96,53141288,0,0,0,0,0,0,0,0,0,9,9,5770697,0,0,0,0,0,0,0,0,0
201506,15,009,4,9,Maui County                   ,201,201,52904704,2,4,700834,7,28,9095200,17,118,35383640,201,201,52904704,2,4,700834,7,28,9095200,17,118,35383640
201506,16,001,4,8,Ada County                    ,1531,1531,402651699,2,4,594407,66,264,15977600,25,461,35392457,1531,1531,402651699,2,4,594407,66,264,15977600,25,461,35392457
201506,16,015,4,8,Boise County                  ,23,23,4860461,0,0,0,0,0,0,0,0,0,23,23,4860461,0,0,0,0,0,0,0,0,0
201506,16,027,4,8,Canyon County                 ,550,550,89836969,0,0,0,0,0,0,0,0,0,532,532,86510802,0,0,0,0,0,0,0,0,0
201506,16,045,4,8,Gem County                    ,18,18,2742296,0,0,0,0,0,0,0,0,0,18,18,2742296,0,0,0,0,0,0,0,0,0
201506,16,073,4,8,Owyhee County                 ,14,14,2808922,0,0,0,0,0,0,0,0,0,14,14,2808922,0,0,0,0,0,0,0,0,0
201506,17,005,2,3,Bond County                   ,7,7,1009291,0,0,0,0,0,0,4,48,1440000,3,3,185000,0,0,0,0,0,0,4,48,1440000
201506,17,013,2,3,Calhoun County                ,2,2,155000,0,0,0,0,0,0,0,0,0,2,2,155000,0,0,0,0,0,0,0,0,0
201506,17,031,2,3,Cook County                   ,752,752,247134161,11,22,3734900,30,98,18891080,59,2945,434211866,669,669,213910385,10,20,3317900,30,98,18891080,55,2876,416209836
201506,17,037,2,3,DeKalb County                 ,62,62,13639321,0,0,0,0,0,0,0,0,0,59,59,13082375,0,0,0,0,0,0,0,0,0
201506,17,039,2,3,De Witt County                ,8,8,1620000,0,0,0,0,0,0,0,0,0,8,8,1620000,0,0,0,0,0,0,0,0,0
201506,17,043,2,3,DuPage County                 ,501,501,190485765,1,2,322777,0,0,0,1,94,11200000,456,456,170329165,1,2,322777,0,0,0,1,94,11200000
201506,17,063,2,3,Grundy County                 ,40,40,9242759,0,0,0,0,0,0,8,47,2410254,32,32,7844465,0,0,0,0,0,0,0,0,0
201506,17,083,2,3,Jersey County                 ,15,15,2225538,0,0,0,0,0,0,0,0,0,3,3,376264,0,0,0,0,0,0,0,0,0
201506,17,093,2,3,Kendall County                ,79,79,15609058,0,0,0,0,0,0,1,6,1142857,66,66,13597817,0,0,0,0,0,0,0,0,0
201506,17,097,2,3,Lake County                   ,271,271,96555413,5,10,1412219,3,9,450000,6,74,8043362,202,202,77654670,2,4,701579,3,9,450000,5,56,5554000
201506,17,111,2,3,McHenry County                ,167,167,31525626,0,0,0,5,19,1520000,1,186,19359363,143,143,29291782,0,0,0,4,16,1280000,1,186,19359363
201506,17,119,2,3,Madison County                ,179,179,42504395,0,0,0,2,8,936000,1,5,446429,165,165,39859439,0,0,0,2,8,936000,0,0,0
201506,17,133,2,3,Monroe County                 ,70,70,16200254,1,2,290000,0,0,0,0,0,0,55,55,12911644,1,2,290000,0,0,0,0,0,0
201506,17,197,2,3,Will County                   ,490,490,125863147,8,16,2810000,0,0,0,1,8,400000,427,427,112923564,8,16,2810000,0,0,0,1,8,400000
201506,18,003,2,3,Allen County                  ,410,410,94006961,4,8,1665000,2,8,368000,12,95,3706000,410,410,94006961,4,8,1665000,2,8,368000,12,95,3706000
201506,18,011,2,3,Boone County                  ,215,215,64008487,10,20,3340800,0,0,0,2,42,2675000,211,211,62982724,10,20,3340800,0,0,0,2,42,2675000
201506,18,013,2,3,Brown County                  ,19,19,4105445,0,0,0,1,3,299774,0,0,0,5,5,1176827,0,0,0,0,0,0,0,0,0
201506,18,019,2,3,Clark County                  ,185,185,33032376,8,16,1320000,1,4,400000,1,5,128125,174,174,31348197,8,16,1320000,1,4,400000,0,0,0
201506,18,047,2,3,Franklin County               ,21,21,4472414,0,0,0,0,0,0,0,0,0,17,17,3508700,0,0,0,0,0,0,0,0,0
201506,18,057,2,3,Hamilton County               ,1002,1002,276677969,10,20,2173525,2,7,544550,48,856,61896005,886,886,242383087,10,20,2173525,2,7,544550,46,779,53231599
201506,18,059,2,3,Hancock County                ,209,209,34814936,1,2,50000,0,0,0,0,0,0,209,209,34814936,1,2,50000,0,0,0,0,0,0
201506,18,061,2,3,Harrison County               ,42,42,9931410,0,0,0,0,0,0,0,0,0,42,42,9931410,0,0,0,0,0,0,0,0,0
201506,18,063,2,3,Hendricks County              ,321,321,73219541,2,4,514334,0,0,0,2,36,2028572,247,247,58189836,0,0,0,0,0,0,0,0,0
201506,18,069,2,3,Huntington County             ,26,26,4759155,0,0,0,0,0,0,0,0,0,26,26,4759155,0,0,0,0,0,0,0,0,0
201506,18,073,2,3,Jasper County                 ,24,24,5617328,0,0,0,0,0,0,0,0,0,21,21,4913121,0,0,0,0,0,0,0,0,0
201506,18,081,2,3,Johnson County                ,307,307,63534330,0,0,0,0,0,0,0,0,0,293,293,61916364,0,0,0,0,0,0,0,0,0
201506,18,087,2,3,Lagrange County               ,71,71,6140245,0,0,0,0,0,0,0,0,0,71,71,6140245,0,0,0,0,0,0,0,0,0
201506,18,089,2,3,Lake County                   ,380,380,91857753,4,8,909470,2,8,993520,2,14,1606000,367,367,89074015,4,8,909470,2,8,993520,2,14,1606000
201506,18,097,2,3,Marion County                 ,430,430,102473315,1,2,196285,3,12,1410733,38,291,201381913,404,404,96962309,0,0,0,3,12,1410733,37,270,199768297
201506,18,105,2,3,Monroe County                 ,98,98,23666607,5,10,1251783,0,0,0,0,0,0,98,98,23666607,5,10,1251783,0,0,0,0,0,0
201506,18,109,2,3,Morgan County                 ,50,50,9070194,0,0,0,0,0,0,0,0,0,50,50,9070194,0,0,0,0,0,0,0,0,0
201506,18,111,2,3,Newton County                 ,7,7,1575872,0,0,0,0,0,0,0,0,0,0,0,0,0,0,0,0,0,0,0,0,0
201506,18,115,2,3,Ohio County                   ,5,5,858000,0,0,0,0,0,0,0,0,0,5,5,858000,0,0,0,0,0,0,0,0,0
201506,18,119,2,3,Owen County                   ,11,11,1156830,0,0,0,0,0,0,0,0,0,11,11,1156830,0,0,0,0,0,0,0,0,0
201506,18,127,2,3,Porter County                 ,165,165,45547998,3,6,660000,2,6,480000,3,40,3955380,153,153,43994212,3,6,660000,2,6,480000,3,40,3955380
201506,18,133,2,3,Putnam County                 ,26,26,4998130,0,0,0,0,0,0,0,0,0,26,26,4998130,0,0,0,0,0,0,0,0,0
201506,18,145,2,3,Shelby County                 ,22,22,4225603,0,0,0,0,0,0,0,0,0,22,22,4225603,0,0,0,0,0,0,0,0,0
201506,18,151,2,3,Steuben County                ,41,41,11084907,0,0,0,0,0,0,0,0,0,41,41,11084907,0,0,0,0,0,0,0,0,0
201506,18,157,2,3,Tippecanoe County             ,223,223,46386511,0,0,0,0,0,0,6,50,4402671,53,53,8449168,0,0,0,0,0,0,0,0,0
201506,18,163,2,3,Vanderburgh County            ,140,140,20568789,8,16,1832389,0,0,0,0,0,0,140,140,20568789,8,16,1832389,0,0,0,0,0,0
201506,18,167,2,3,Vigo County                   ,35,35,7246356,9,18,696786,6,24,1020000,1,14,1315714,34,34,7095792,8,16,584000,6,24,1020000,0,0,0
201506,18,175,2,3,Washington County             ,16,16,2203080,0,0,0,0,0,0,0,0,0,1,1,140000,0,0,0,0,0,0,0,0,0
201506,18,183,2,3,Whitley County                ,29,29,6780900,0,0,0,0,0,0,0,0,0,29,29,6780900,0,0,0,0,0,0,0,0,0
201506,19,049,2,4,Dallas County                 ,339,339,86189384,0,0,0,0,0,0,2,32,7998389,337,337,85806489,0,0,0,0,0,0,2,32,7998389
201506,19,085,2,4,Harrison County               ,9,9,1501351,1,2,229070,0,0,0,0,0,0,8,8,1281094,0,0,0,0,0,0,0,0,0
201506,19,129,2,4,Mills County                  ,3,3,746094,0,0,0,0,0,0,0,0,0,3,3,746094,0,0,0,0,0,0,0,0,0
201506,19,153,2,4,Polk County                   ,1344,1344,320551743,15,30,3122319,2,7,1181104,16,373,56968792,1305,1305,310598666,15,30,3122319,2,7,1181104,14,363,55664208
201506,19,181,2,4,Warren County                 ,137,137,35686864,1,2,241500,1,4,426350,0,0,0,134,134,34526152,1,2,241500,1,4,426350,0,0,0
201506,20,091,2,4,Johnson County                ,761,761,249083363,3,6,884977,2,6,885641,25,670,78914801,450,450,155667358,2,4,583394,0,0,0,21,623,72185674
201506,20,103,2,4,Leavenworth County            ,108,108,17346914,0,0,0,0,0,0,0,0,0,108,108,17346914,0,0,0,0,0,0,0,0,0
201506,20,107,2,4,Linn County                   ,17,17,1590588,0,0,0,0,0,0,0,0,0,8,8,709000,0,0,0,0,0,0,0,0,0
201506,20,121,2,4,Miami County                  ,28,28,5852090,0,0,0,0,0,0,2,32,2619215,9,9,1526966,0,0,0,0,0,0,2,32,2619215
201506,20,209,2,4,Wyandotte County              ,75,75,15835947,5,10,1000000,0,0,0,0,0,0,75,75,15835947,5,10,1000000,0,0,0,0,0,0
201506,21,005,3,6,Anderson County               ,21,21,4003058,0,0,0,0,0,0,0,0,0,21,21,4003058,0,0,0,0,0,0,0,0,0
201506,21,015,3,6,Boone County                  ,223,223,32813922,0,0,0,0,0,0,8,96,4949600,223,223,32813922,0,0,0,0,0,0,8,96,4949600
201506,21,017,3,6,Bourbon County                ,11,11,3471200,1,2,200000,0,0,0,0,0,0,2,2,743000,0,0,0,0,0,0,0,0,0
201506,21,021,3,6,Boyle County                  ,15,15,5211300,0,0,0,0,0,0,0,0,0,15,15,5211300,0,0,0,0,0,0,0,0,0
201506,21,029,3,6,Bullitt County                ,162,162,31259435,2,4,560000,0,0,0,0,0,0,162,162,31259435,2,4,560000,0,0,0,0,0,0
201506,21,035,3,6,Calloway County               ,5,5,839950,0,0,0,13,46,2456000,1,7,408000,5,5,839950,0,0,0,13,46,2456000,1,7,408000
201506,21,037,3,6,Campbell County               ,89,89,23023934,0,0,0,2,8,1014300,6,64,5545600,88,88,22906934,0,0,0,2,8,1014300,6,64,5545600
201506,21,045,3,6,Casey County                  ,0,0,0,0,0,0,0,0,0,0,0,0,0,0,0,0,0,0,0,0,0,0,0,0
201506,21,047,3,6,Christian County              ,24,24,2492000,0,0,0,1,4,280000,0,0,0,14,14,1780000,0,0,0,1,4,280000,0,0,0
201506,21,049,3,6,Clark County                  ,15,15,2733971,3,6,1200000,0,0,0,0,0,0,4,4,830000,0,0,0,0,0,0,0,0,0
201506,21,067,3,6,Fayette County                ,383,383,57158261,5,10,881799,2,7,903014,9,174,11305533,0,0,0,0,0,0,0,0,0,0,0,0
201506,21,069,3,6,Fleming County                ,1,1,160000,0,0,0,0,0,0,0,0,0,1,1,160000,0,0,0,0,0,0,0,0,0
201506,21,077,3,6,Gallatin County               ,6,6,1126000,0,0,0,0,0,0,0,0,0,6,6,1126000,0,0,0,0,0,0,0,0,0
201506,21,081,3,6,Grant County                  ,17,17,2884226,0,0,0,0,0,0,2,10,627500,11,11,1661000,0,0,0,0,0,0,0,0,0
201506,21,091,3,6,Hancock County                ,1,1,195167,0,0,0,0,0,0,0,0,0,1,1,195167,0,0,0,0,0,0,0,0,0
201506,21,099,3,6,Hart County                   ,19,19,1847750,0,0,0,0,0,0,5,25,2838690,0,0,0,0,0,0,0,0,0,0,0,0
201506,21,101,3,6,Henderson County              ,21,21,4357800,0,0,0,0,0,0,0,0,0,21,21,4357800,0,0,0,0,0,0,0,0,0
201506,21,103,3,6,Henry County                  ,17,17,2619000,0,0,0,0,0,0,0,0,0,17,17,2619000,0,0,0,0,0,0,0,0,0
201506,21,111,3,6,Jefferson County              ,456,456,87294734,9,18,1601760,5,16,561000,47,329,17897578,265,265,47691761,2,4,750000,5,16,561000,10,76,2317900
201506,21,113,3,6,Jessamine County              ,93,93,25270093,0,0,0,2,6,756428,0,0,0,43,43,18583543,0,0,0,0,0,0,0,0,0
201506,21,115,3,6,Johnson County                ,0,0,0,0,0,0,0,0,0,0,0,0,0,0,0,0,0,0,0,0,0,0,0,0
201506,21,117,3,6,Kenton County                 ,130,130,27244604,0,0,0,0,0,0,0,0,0,130,130,27244604,0,0,0,0,0,0,0,0,0
201506,21,121,3,6,Knox County                   ,0,0,0,0,0,0,0,0,0,0,0,0,0,0,0,0,0,0,0,0,0,0,0,0
201506,21,123,3,6,Larue County                  ,20,20,4346208,0,0,0,0,0,0,0,0,0,14,14,3159354,0,0,0,0,0,0,0,0,0
201506,21,137,3,6,Lincoln County                ,20,20,3938609,0,0,0,0,0,0,0,0,0,20,20,3938609,0,0,0,0,0,0,0,0,0
201506,21,145,3,6,McCracken County              ,124,124,14506769,0,0,0,4,16,737120,1,5,810657,124,124,14506769,0,0,0,4,16,737120,1,5,810657
201506,21,151,3,6,Madison County                ,63,63,5966694,5,10,564980,5,20,895000,8,46,1580004,14,14,1725000,0,0,0,5,20,895000,1,11,400000
201506,21,161,3,6,Mason County                  ,6,6,1173000,0,0,0,0,0,0,0,0,0,6,6,1173000,0,0,0,0,0,0,0,0,0
201506,21,163,3,6,Meade County                  ,46,46,7180181,2,4,250000,0,0,0,0,0,0,33,33,5166120,2,4,250000,0,0,0,0,0,0
201506,21,167,3,6,Mercer County                 ,22,22,3083845,4,8,550000,0,0,0,0,0,0,0,0,0,0,0,0,0,0,0,0,0,0
201506,21,175,3,6,Morgan County                 ,8,8,600000,0,0,0,0,0,0,0,0,0,0,0,0,0,0,0,0,0,0,0,0,0
201506,21,179,3,6,Nelson County                 ,69,69,11001590,2,4,430000,1,4,210000,0,0,0,69,69,11001590,2,4,430000,1,4,210000,0,0,0
201506,21,185,3,6,Oldham County                 ,120,120,28848660,0,0,0,0,0,0,0,0,0,0,0,0,0,0,0,0,0,0,0,0,0
201506,21,191,3,6,Pendleton County              ,0,0,0,0,0,0,0,0,0,0,0,0,0,0,0,0,0,0,0,0,0,0,0,0
201506,21,209,3,6,Scott County                  ,227,227,30152511,1,2,330000,0,0,0,7,44,2365000,227,227,30152511,1,2,330000,0,0,0,7,44,2365000
201506,21,211,3,6,Shelby County                 ,119,119,19947970,0,0,0,0,0,0,0,0,0,119,119,19947970,0,0,0,0,0,0,0,0,0
201506,21,213,3,6,Simpson County                ,12,12,1848500,9,18,1320000,0,0,0,0,0,0,12,12,1848500,9,18,1320000,0,0,0,0,0,0
201506,21,215,3,6,Spencer County                ,32,32,7120642,0,0,0,0,0,0,0,0,0,32,32,7120642,0,0,0,0,0,0,0,0,0
201506,21,221,3,6,Trigg County                  ,0,0,0,0,0,0,0,0,0,0,0,0,0,0,0,0,0,0,0,0,0,0,0,0
201506,21,225,3,6,Union County                  ,0,0,0,0,0,0,0,0,0,0,0,0,0,0,0,0,0,0,0,0,0,0,0,0
201506,21,239,3,6,Woodford County               ,52,52,10031130,0,0,0,0,0,0,0,0,0,52,52,10031130,0,0,0,0,0,0,0,0,0
201506,22,005,3,7,Ascension Parish              ,491,491,75559018,0,0,0,0,0,0,0,0,0,407,407,62804962,0,0,0,0,0,0,0,0,0
201506,22,015,3,7,Bossier Parish                ,473,473,63804055,0,0,0,0,0,0,11,230,14004039,150,150,24248740,0,0,0,0,0,0,0,0,0
201506,22,017,3,7,Caddo Parish                  ,167,167,36624523,0,0,0,0,0,0,0,0,0,167,167,36624523,0,0,0,0,0,0,0,0,0
201506,22,031,3,7,De Soto Parish                ,60,60,14928076,0,0,0,0,0,0,0,0,0,60,60,14928076,0,0,0,0,0,0,0,0,0
201506,22,033,3,7,East Baton Rouge Parish       ,712,712,177127127,0,0,0,0,0,0,1,19,2610442,690,690,171747092,0,0,0,0,0,0,0,0,0
201506,22,037,3,7,East Feliciana Parish         ,21,21,4362968,0,0,0,0,0,0,0,0,0,21,21,4362968,0,0,0,0,0,0,0,0,0
201506,22,047,3,7,Iberville Parish              ,55,55,9738990,0,0,0,0,0,0,0,0,0,3,3,598800,0,0,0,0,0,0,0,0,0
201506,22,051,3,7,Jefferson Parish              ,194,194,34459970,6,12,799397,0,0,0,0,0,0,159,159,27692420,5,10,671064,0,0,0,0,0,0
201506,22,055,3,7,Lafayette Parish              ,800,800,172672095,1,2,200000,1,3,270000,0,0,0,697,697,156634131,1,2,200000,1,3,270000,0,0,0
201506,22,063,3,7,Livingston Parish             ,380,380,81233257,0,0,0,0,0,0,0,0,0,302,302,65133392,0,0,0,0,0,0,0,0,0
201506,22,071,3,7,Orleans Parish                ,164,164,37477849,13,26,2475562,3,12,1147524,3,147,24301028,50,50,11431330,3,6,655050,0,0,0,1,100,15000000
201506,22,075,3,7,Plaquemines Parish            ,16,16,5206030,6,12,1560000,0,0,0,0,0,0,16,16,5206030,6,12,1560000,0,0,0,0,0,0
201506,22,077,3,7,Pointe Coupee Parish          ,24,24,6314490,0,0,0,0,0,0,0,0,0,24,24,6314490,0,0,0,0,0,0,0,0,0
201506,22,087,3,7,St. Bernard Parish            ,41,41,6569886,0,0,0,0,0,0,0,0,0,37,37,5922352,0,0,0,0,0,0,0,0,0
201506,22,089,3,7,St. Charles Parish            ,60,60,12774712,0,0,0,1,3,250000,0,0,0,60,60,12774712,0,0,0,1,3,250000,0,0,0
201506,22,091,3,7,St. Helena Parish             ,0,0,0,0,0,0,0,0,0,0,0,0,0,0,0,0,0,0,0,0,0,0,0,0
201506,22,095,3,7,St. John the Baptist Parish   ,17,17,2545817,0,0,0,0,0,0,0,0,0,10,10,1357000,0,0,0,0,0,0,0,0,0
201506,22,099,3,7,St. Martin Parish             ,75,75,17851918,0,0,0,0,0,0,0,0,0,75,75,17851918,0,0,0,0,0,0,0,0,0
201506,22,103,3,7,St. Tammany Parish            ,683,683,168266601,0,0,0,0,0,0,0,0,0,664,664,161576538,0,0,0,0,0,0,0,0,0
201506,22,109,3,7,Terrebonne Parish             ,106,106,27184108,0,0,0,0,0,0,0,0,0,106,106,27184108,0,0,0,0,0,0,0,0,0
201506,22,121,3,7,West Baton Rouge Parish       ,89,89,15514058,0,0,0,0,0,0,0,0,0,70,70,13159778,0,0,0,0,0,0,0,0,0
201506,22,125,3,7,West Feliciana Parish         ,17,17,4202433,0,0,0,0,0,0,0,0,0,17,17,4202433,0,0,0,0,0,0,0,0,0
201506,23,000,1,1,Maine Unorganized Territory   ,29,29,3851207,0,0,0,0,0,0,0,0,0,0,0,0,0,0,0,0,0,0,0,0,0
201506,24,003,3,5,Anne Arundel County           ,1032,1032,210011882,2,4,480309,0,0,0,5,299,42530050,984,984,201258387,1,2,218980,0,0,0,2,241,36001918
201506,24,005,3,5,Baltimore County              ,439,439,84410023,2,4,740000,0,0,0,2,43,4756689,354,354,68296922,0,0,0,0,0,0,1,27,3000000
201506,24,009,3,5,Calvert County                ,237,237,53322180,0,0,0,0,0,0,0,0,0,237,237,53322180,0,0,0,0,0,0,0,0,0
201506,24,013,3,5,Carroll County                ,128,128,29140914,1,2,250000,1,3,557419,5,53,5780000,96,96,22181719,1,2,250000,0,0,0,4,48,5280000
201506,24,015,3,5,Cecil County                  ,45,45,12556840,0,0,0,0,0,0,0,0,0,45,45,12556840,0,0,0,0,0,0,0,0,0
201506,24,017,3,5,Charles County                ,471,471,98838348,0,0,0,0,0,0,0,0,0,459,459,96627500,0,0,0,0,0,0,0,0,0
201506,24,021,3,5,Frederick County              ,334,334,75258288,0,0,0,7,28,3387051,27,246,36186003,334,334,75258288,0,0,0,7,28,3387051,27,246,36186003
201506,24,023,3,5,Garrett County                ,158,158,44378616,0,0,0,0,0,0,0,0,0,158,158,44378616,0,0,0,0,0,0,0,0,0
201506,24,025,3,5,Harford County                ,183,183,46190716,0,0,0,0,0,0,18,410,38725436,182,182,46028216,0,0,0,0,0,0,18,410,38725436
201506,24,027,3,5,Howard County                 ,519,519,111432273,0,0,0,0,0,0,4,262,24821676,519,519,111432273,0,0,0,0,0,0,4,262,24821676
201506,24,031,3,5,Montgomery County             ,616,616,133461883,0,0,0,1,4,95000,6,114,91817008,616,616,133461883,0,0,0,1,4,95000,6,114,91817008
201506,24,033,3,5,Prince George County          ,709,709,156573597,0,0,0,0,0,0,1,319,25935976,709,709,156573597,0,0,0,0,0,0,1,319,25935976
201506,24,035,3,5,Queen Anne County             ,95,95,18156843,0,0,0,0,0,0,0,0,0,95,95,18156843,0,0,0,0,0,0,0,0,0
201506,24,037,3,5,St. Mary's County             ,368,368,76041234,0,0,0,0,0,0,2,10,1810000,326,326,67194788,0,0,0,0,0,0,2,10,1810000
201506,24,037,3,5,St. Marys County              ,368,368,76041234,0,0,0,0,0,0,2,10,1810000,326,326,67194788,0,0,0,0,0,0,2,10,1810000
201506,24,039,3,5,Somerset County               ,17,17,2879323,0,0,0,0,0,0,5,87,10440200,6,6,1220000,0,0,0,0,0,0,3,75,9265000
201506,24,045,3,5,Wicomico County               ,44,44,6996140,3,6,554572,0,0,0,4,36,2578295,44,44,6996140,2,4,378400,0,0,0,4,36,2578295
201506,24,510,3,5,Baltimore (Independent City)  ,135,135,19793497,3,6,800000,0,0,0,3,154,14953281,64,64,8725000,3,6,800000,0,0,0,0,0,0
201506,25,005,1,1,Bristol County                ,260,260,51361194,4,8,1260400,1,3,282000,4,58,3973621,200,200,40087975,3,6,994400,0,0,0,3,46,3115000
201506,25,009,1,1,Essex County                  ,273,273,87888761,6,12,1637484,4,12,2715247,14,131,17261295,157,157,51331081,1,2,325000,2,6,1450000,1,18,746250
201506,25,017,1,1,Middlesex County              ,687,687,189500253,28,56,9745215,5,15,2555321,45,1529,207770221,532,532,150430464,24,48,8734856,5,15,2555321,19,798,126037380
201506,25,021,1,1,Norfolk County                ,252,252,90386224,6,12,1929554,10,30,6778883,28,388,28922700,170,170,61414955,3,6,884000,9,27,6228000,1,15,1900000
201506,25,023,1,1,Plymouth County               ,374,374,85189587,8,16,2730830,10,32,4305143,13,100,9606492,301,301,71754341,7,14,2479913,4,12,2158666,2,10,600000
201506,25,025,1,1,Suffolk County                ,28,28,6779282,28,56,9192008,8,26,3912240,38,2750,622721279,25,25,6303821,26,52,8750000,8,26,3912240,21,2211,562486264
201506,26,000,2,3,Michigan Balance of State     ,23,23,5027426,0,0,0,0,0,0,0,0,0,23,23,5027426,0,0,0,0,0,0,0,0,0
201506,26,019,2,3,Benzie County                 ,19,19,3448599,0,0,0,0,0,0,0,0,0,19,19,3448599,0,0,0,0,0,0,0,0,0
201506,26,029,2,3,Charlevoix County             ,27,27,8277641,1,2,570171,0,0,0,0,0,0,0,0,0,0,0,0,0,0,0,0,0,0
201506,26,089,2,3,Leelanau County               ,54,54,12420423,0,0,0,0,0,0,0,0,0,39,39,8797219,0,0,0,0,0,0,0,0,0
201506,26,093,2,3,Livingston County             ,277,277,76364243,3,6,1133493,2,7,1116338,5,36,5237894,266,266,75241456,3,6,1133493,2,7,1116338,5,36,5237894
201506,26,095,2,3,Luce County                   ,2,2,415700,0,0,0,0,0,0,0,0,0,2,2,415700,0,0,0,0,0,0,0,0,0
201506,26,099,2,3,Macomb County                 ,578,578,153783620,3,6,1205705,0,0,0,13,295,14638368,577,577,153585287,3,6,1205705,0,0,0,12,288,13938368
201506,26,103,2,3,Marquette County              ,35,35,7275000,0,0,0,0,0,0,1,9,2430000,35,35,7275000,0,0,0,0,0,0,1,9,2430000
201506,26,137,2,3,Otsego County                 ,7,7,567000,0,0,0,0,0,0,0,0,0,0,0,0,0,0,0,0,0,0,0,0,0
201506,26,147,2,3,St. Clair County              ,55,55,11483269,0,0,0,0,0,0,0,0,0,49,49,10697496,0,0,0,0,0,0,0,0,0
201506,26,163,2,3,Wayne County                  ,393,393,109149381,1,2,245000,5,20,3436954,13,116,12720752,385,385,107627069,1,2,245000,5,20,3436954,13,116,12720752
201506,27,003,2,4,Anoka County                  ,356,356,97269929,0,0,0,0,0,0,2,16,2678800,343,343,94373266,0,0,0,0,0,0,2,16,2678800
201506,27,019,2,4,Carver County                 ,253,253,79601159,1,2,254572,1,4,639000,1,138,17000000,214,214,67829601,1,2,254572,1,4,639000,1,138,17000000
201506,27,025,2,4,Chisago County                ,77,77,12240271,0,0,0,0,0,0,0,0,0,64,64,10548864,0,0,0,0,0,0,0,0,0
201506,27,027,2,4,Clay County                   ,162,162,35233349,2,4,550000,5,15,2476880,5,225,18000000,162,162,35233349,2,4,550000,5,15,2476880,5,225,18000000
201506,27,037,2,4,Dakota County                 ,488,488,147186169,0,0,0,3,12,1532000,0,0,0,405,405,124372375,0,0,0,3,12,1532000,0,0,0
201506,27,053,2,4,Hennepin County               ,823,823,303365260,1,2,305000,2,7,1013400,12,960,185721635,790,790,286344628,1,2,305000,2,7,1013400,10,939,182022695
201506,27,059,2,4,Isanti County                 ,56,56,10826768,0,0,0,0,0,0,0,0,0,56,56,10826768,0,0,0,0,0,0,0,0,0
201506,27,123,2,4,Ramsey County                 ,102,102,33954706,0,0,0,0,0,0,4,523,71873368,100,100,33313740,0,0,0,0,0,0,4,523,71873368
201506,27,139,2,4,Scott County                  ,205,205,65453487,0,0,0,0,0,0,0,0,0,189,189,60758336,0,0,0,0,0,0,0,0,0
201506,27,141,2,4,Sherburne County              ,127,127,29055105,0,0,0,0,0,0,0,0,0,120,120,27931439,0,0,0,0,0,0,0,0,0
201506,27,163,2,4,Washington County             ,321,321,110140009,0,0,0,0,0,0,1,160,31561000,301,301,101019376,0,0,0,0,0,0,1,160,31561000
201506,27,171,2,4,Wright County                 ,249,249,66054496,0,0,0,0,0,0,0,0,0,228,228,62453927,0,0,0,0,0,0,0,0,0
201506,28,033,3,6,DeSoto County                 ,523,523,75812087,0,0,0,0,0,0,1,5,424350,368,368,46017640,0,0,0,0,0,0,1,5,424350
201506,28,041,3,6,Greene County                 ,1,1,120000,0,0,0,0,0,0,0,0,0,1,1,120000,0,0,0,0,0,0,0,0,0
201506,28,045,3,6,Hancock County                ,176,176,27918937,4,8,740716,6,21,2107587,7,67,5672401,12,12,2765810,0,0,0,0,0,0,0,0,0
201506,28,047,3,6,Harrison County               ,399,399,62309546,1,2,245000,0,0,0,0,0,0,344,344,56061491,0,0,0,0,0,0,0,0,0
201506,28,067,3,6,Jones County                  ,14,14,1360399,0,0,0,0,0,0,0,0,0,1,1,168000,0,0,0,0,0,0,0,0,0
201506,28,137,3,6,Tate County                   ,16,16,3682350,0,0,0,0,0,0,0,0,0,16,16,3682350,0,0,0,0,0,0,0,0,0
201506,28,143,3,6,Tunica County                 ,7,7,562240,0,0,0,0,0,0,0,0,0,0,0,0,0,0,0,0,0,0,0,0,0
201506,28,145,3,6,Union County                  ,3,3,421000,0,0,0,0,0,0,0,0,0,3,3,421000,0,0,0,0,0,0,0,0,0
201506,28,149,3,6,Warren County                 ,3,3,340000,0,0,0,0,0,0,0,0,0,3,3,340000,0,0,0,0,0,0,0,0,0
201506,29,013,2,4,Bates County                  ,2,2,425000,0,0,0,0,0,0,0,0,0,2,2,425000,0,0,0,0,0,0,0,0,0
201506,29,019,2,4,Boone County                  ,359,359,83382300,10,20,1838600,4,13,955931,8,164,24931012,359,359,83382300,10,20,1838600,4,13,955931,8,164,24931012
201506,29,049,2,4,Clinton County                ,13,13,2884854,0,0,0,0,0,0,0,0,0,9,9,2094800,0,0,0,0,0,0,0,0,0
201506,29,065,2,4,Dent County                   ,0,0,0,0,0,0,0,0,0,0,0,0,0,0,0,0,0,0,0,0,0,0,0,0
201506,29,071,2,4,Franklin County               ,223,223,34291907,2,4,620000,0,0,0,0,0,0,220,220,33587430,2,4,620000,0,0,0,0,0,0
201506,29,095,2,4,Jackson County                ,819,819,176556546,26,52,4961436,8,32,2928824,17,620,56958080,818,818,176438553,26,52,4961436,8,32,2928824,17,620,56958080
201506,29,099,2,4,Jefferson County              ,258,258,37910718,3,6,310000,0,0,0,1,5,567387,239,239,34817882,3,6,310000,0,0,0,0,0,0
201506,29,105,2,4,Laclede County                ,11,11,1429700,0,0,0,0,0,0,0,0,0,11,11,1429700,0,0,0,0,0,0,0,0,0
201506,29,107,2,4,Lafayette County              ,12,12,2546708,0,0,0,0,0,0,0,0,0,0,0,0,0,0,0,0,0,0,0,0,0
201506,29,113,2,4,Lincoln County                ,43,43,4725667,0,0,0,4,16,1752000,4,26,2847000,43,43,4725667,0,0,0,4,16,1752000,4,26,2847000
201506,29,165,2,4,Platte County                 ,130,130,35204669,0,0,0,3,9,990000,0,0,0,129,129,35127452,0,0,0,3,9,990000,0,0,0
201506,29,185,2,4,St. Clair County              ,0,0,0,0,0,0,0,0,0,0,0,0,0,0,0,0,0,0,0,0,0,0,0,0
201506,29,189,2,4,St. Louis County              ,434,434,184939610,0,0,0,0,0,0,5,122,15983180,277,277,120923110,0,0,0,0,0,0,2,97,10890800
201506,29,219,2,4,Warren County                 ,45,45,10139729,0,0,0,0,0,0,0,0,0,45,45,10139729,0,0,0,0,0,0,0,0,0
201506,29,221,2,4,Washington County             ,0,0,0,0,0,0,0,0,0,0,0,0,0,0,0,0,0,0,0,0,0,0,0,0
201506,29,510,2,4,St. Louis (Independent City)  ,36,36,6450743,0,0,0,4,13,950000,2,35,6799000,36,36,6450743,0,0,0,4,13,950000,2,35,6799000
201506,30,033,4,8,Garfield County               ,1,1,150000,0,0,0,0,0,0,0,0,0,1,1,150000,0,0,0,0,0,0,0,0,0
201506,30,063,4,8,Missoula County               ,146,146,22495007,4,8,601116,3,12,391354,8,153,7156288,137,137,20211804,4,8,601116,2,8,270168,8,153,7156288
201506,30,093,4,8,Silver Bow County             ,16,16,1828841,1,2,99406,3,12,467300,1,5,205206,16,16,1828841,1,2,99406,3,12,467300,1,5,205206
201506,31,001,2,4,Adams County                  ,37,37,7475161,3,6,581796,0,0,0,0,0,0,0,0,0,0,0,0,0,0,0,0,0,0
201506,31,025,2,4,Cass County                   ,46,46,7119364,0,0,0,0,0,0,0,0,0,42,42,6422175,0,0,0,0,0,0,0,0,0
201506,31,033,2,4,Cheyenne County               ,14,14,3461694,0,0,0,0,0,0,1,8,595000,13,13,3231365,0,0,0,0,0,0,1,8,595000
201506,31,055,2,4,Douglas County                ,801,801,123521707,0,0,0,0,0,0,9,284,19327964,768,768,115363032,0,0,0,0,0,0,9,284,19327964
201506,31,105,2,4,Kimball County                ,0,0,0,1,2,145000,0,0,0,0,0,0,0,0,0,1,2,145000,0,0,0,0,0,0
201506,31,153,2,4,Sarpy County                  ,416,416,108975428,0,0,0,0,0,0,0,0,0,416,416,108975428,0,0,0,0,0,0,0,0,0
201506,31,165,2,4,Sioux County                  ,2,2,568000,0,0,0,0,0,0,0,0,0,2,2,568000,0,0,0,0,0,0,0,0,0
201506,31,177,2,4,Washington County             ,38,38,9210668,0,0,0,0,0,0,0,0,0,38,38,9210668,0,0,0,0,0,0,0,0,0
201506,32,001,4,8,Churchill County              ,11,11,2477208,0,0,0,0,0,0,0,0,0,11,11,2477208,0,0,0,0,0,0,0,0,0
201506,32,003,4,8,Clark County                  ,4258,4258,688576415,2,4,600000,2,7,1057362,78,1320,85923905,4258,4258,688576415,2,4,600000,2,7,1057362,78,1320,85923905
201506,32,005,4,8,Douglas County                ,74,74,26690614,1,2,294902,0,0,0,0,0,0,74,74,26690614,1,2,294902,0,0,0,0,0,0
201506,32,007,4,8,Elko County                   ,112,112,15421323,0,0,0,0,0,0,3,36,2859998,111,111,15406323,0,0,0,0,0,0,3,36,2859998
201506,32,013,4,8,Humboldt County               ,11,11,1695589,0,0,0,0,0,0,0,0,0,11,11,1695589,0,0,0,0,0,0,0,0,0
201506,32,015,4,8,Lander County                 ,0,0,0,0,0,0,0,0,0,0,0,0,0,0,0,0,0,0,0,0,0,0,0,0
201506,32,017,4,8,Lincoln County                ,6,6,1524468,0,0,0,0,0,0,0,0,0,2,2,524308,0,0,0,0,0,0,0,0,0
201506,32,019,4,8,Lyon County                   ,77,77,14718216,0,0,0,0,0,0,0,0,0,75,75,14304979,0,0,0,0,0,0,0,0,0
201506,32,021,4,8,Mineral County                ,0,0,0,0,0,0,0,0,0,0,0,0,0,0,0,0,0,0,0,0,0,0,0,0
201506,32,027,4,8,Pershing County               ,0,0,0,0,0,0,0,0,0,0,0,0,0,0,0,0,0,0,0,0,0,0,0,0
201506,32,029,4,8,Storey County                 ,7,7,1227727,0,0,0,0,0,0,0,0,0,7,7,1227727,0,0,0,0,0,0,0,0,0
201506,32,031,4,8,Washoe County                 ,946,946,235132363,6,12,1541458,0,0,0,34,629,69339040,899,899,224306450,6,12,1541458,0,0,0,34,629,69339040
201506,32,033,4,8,White Pine County             ,5,5,1016584,0,0,0,0,0,0,0,0,0,3,3,722584,0,0,0,0,0,0,0,0,0
201506,32,510,4,8,Carson City (Independent City),15,15,4059028,0,0,0,0,0,0,0,0,0,15,15,4059028,0,0,0,0,0,0,0,0,0
201506,33,015,1,1,Rockingham County             ,283,283,69733088,4,8,1383002,0,0,0,3,23,3088000,228,228,54715038,3,6,1110000,0,0,0,3,23,3088000
201506,33,017,1,1,Strafford County              ,99,99,19209731,4,8,1365060,1,3,444529,10,241,40490378,87,87,16993773,2,4,707500,0,0,0,4,32,3238696
201506,34,001,1,2,Atlantic County               ,152,152,26037536,2,4,579424,0,0,0,11,261,38943566,100,100,19794154,0,0,0,0,0,0,0,0,0
201506,34,003,1,2,Bergen County                 ,473,473,178660120,46,92,16785086,6,18,2630000,57,911,74974746,279,279,111924347,32,64,13739875,4,12,1924000,6,45,4933200
201506,34,005,1,2,Burlington County             ,294,294,52039321,1,2,216224,0,0,0,13,132,6231210,236,236,43266291,1,2,216224,0,0,0,4,78,2615250
201506,34,007,1,2,Camden County                 ,141,141,23778134,11,22,126505,1,4,52471,48,490,24894785,92,92,18124685,11,22,126505,0,0,0,22,135,3993356
201506,34,009,1,2,Cape May County               ,210,210,65115801,31,62,9261701,0,0,0,1,13,1823750,201,201,63325493,31,62,9261701,0,0,0,1,13,1823750
201506,34,011,1,2,Cumberland County             ,81,81,8586115,0,0,0,0,0,0,3,27,3597372,20,20,1573734,0,0,0,0,0,0,0,0,0
201506,34,013,1,2,Essex County                  ,329,329,32219899,10,20,1580902,19,62,11580545,43,1257,107876994,273,273,22868343,8,16,1411500,15,49,9747500,6,265,38258446
201506,34,015,1,2,Gloucester County             ,187,187,25187395,1,2,47561,0,0,0,8,144,7598150,151,151,21394109,1,2,47561,0,0,0,8,144,7598150
201506,34,017,1,2,Hudson County                 ,95,95,11310106,7,14,2702191,11,37,6939356,33,2492,308317042,81,81,9229602,4,8,2022000,6,22,4972800,12,1161,147206320
201506,34,019,1,2,Hunterdon County              ,70,70,15581929,0,0,0,0,0,0,16,202,10568671,58,58,13773877,0,0,0,0,0,0,2,18,1693900
201506,34,021,1,2,Mercer County                 ,102,102,33539443,1,2,47450,1,3,80000,12,399,11609744,89,89,30525036,1,2,47450,1,3,80000,8,325,5883050
201506,34,023,1,2,Middlesex County              ,372,372,64476610,1,2,212450,2,6,896117,36,1309,157264153,332,332,58939222,0,0,0,0,0,0,13,278,11093410
201506,34,025,1,2,Monmouth County               ,466,466,113661404,0,0,0,2,6,548686,15,223,23776949,351,351,94422925,0,0,0,1,3,230000,6,143,15486418
201506,34,027,1,2,Morris County                 ,393,393,83062890,0,0,0,0,0,0,43,951,50211971,279,279,57889585,0,0,0,0,0,0,8,172,6900950
201506,34,029,1,2,Ocean County                  ,1043,1043,211404059,21,42,4022561,0,0,0,18,217,21883267,1026,1026,206592068,21,42,4022561,0,0,0,17,212,21881443
201506,34,031,1,2,Passaic County                ,56,56,11702100,4,8,661263,2,6,98250,13,189,16337053,15,15,4846434,2,4,359750,0,0,0,2,15,1377040
201506,34,033,1,2,Salem County                  ,15,15,1492412,0,0,0,0,0,0,1,12,260000,11,11,992300,0,0,0,0,0,0,1,12,260000
201506,34,035,1,2,Somerset County               ,207,207,38392652,5,10,735500,0,0,0,25,631,37155611,175,175,35191670,5,10,735500,0,0,0,6,129,8309742
201506,34,037,1,2,Sussex County                 ,67,67,14772499,0,0,0,0,0,0,8,71,3764808,20,20,5159380,0,0,0,0,0,0,0,0,0
201506,34,039,1,2,Union County                  ,174,174,37772525,19,38,2677394,0,0,0,45,1136,65545557,92,92,28247026,16,32,2036602,0,0,0,15,447,41509711
201506,34,041,1,2,Warren County                 ,82,82,13384613,0,0,0,0,0,0,7,79,3411122,36,36,6518660,0,0,0,0,0,0,0,0,0
201506,35,000,4,8,New Mexico Balance of State   ,145,145,41831536,0,0,0,0,0,0,0,0,0,145,145,41831536,0,0,0,0,0,0,0,0,0
201506,35,001,4,8,Bernalillo County             ,531,531,115120540,0,0,0,0,0,0,1,130,13543630,531,531,115120540,0,0,0,0,0,0,1,130,13543630
201506,35,005,4,8,Chaves County                 ,41,41,7082167,0,0,0,0,0,0,0,0,0,39,39,6435254,0,0,0,0,0,0,0,0,0
201506,35,007,4,8,Colfax County                 ,5,5,2107051,0,0,0,0,0,0,0,0,0,0,0,0,0,0,0,0,0,0,0,0,0
201506,35,009,4,8,Curry County                  ,28,28,6934786,0,0,0,0,0,0,0,0,0,28,28,6934786,0,0,0,0,0,0,0,0,0
201506,35,013,4,8,Dona Ana County               ,365,365,73024574,0,0,0,1,4,550000,1,11,800000,306,306,61252854,0,0,0,1,4,550000,1,11,800000
201506,35,015,4,8,Eddy County                   ,91,91,17097321,0,0,0,0,0,0,0,0,0,91,91,17097321,0,0,0,0,0,0,0,0,0
201506,35,017,4,8,Grant County                  ,8,8,1800657,0,0,0,0,0,0,0,0,0,8,8,1800657,0,0,0,0,0,0,0,0,0
201506,35,025,4,8,Lea County                    ,95,95,21476191,0,0,0,0,0,0,13,240,4500000,95,95,21476191,0,0,0,0,0,0,13,240,4500000
201506,35,027,4,8,Lincoln County                ,31,31,7592609,0,0,0,0,0,0,0,0,0,0,0,0,0,0,0,0,0,0,0,0,0
201506,35,028,4,8,Los Alamos County             ,3,3,1286451,0,0,0,0,0,0,0,0,0,3,3,1286451,0,0,0,0,0,0,0,0,0
201506,35,029,4,8,Luna County                   ,6,6,1087000,0,0,0,0,0,0,0,0,0,6,6,1087000,0,0,0,0,0,0,0,0,0
201506,35,031,4,8,McKinley County               ,2,2,640827,0,0,0,0,0,0,0,0,0,2,2,640827,0,0,0,0,0,0,0,0,0
201506,35,035,4,8,Otero County                  ,0,0,0,0,0,0,0,0,0,0,0,0,0,0,0,0,0,0,0,0,0,0,0,0
201506,35,039,4,8,Rio Arriba County             ,0,0,0,0,0,0,0,0,0,0,0,0,0,0,0,0,0,0,0,0,0,0,0,0
201506,35,041,4,8,Roosevelt County              ,16,16,2402853,0,0,0,0,0,0,0,0,0,14,14,2101500,0,0,0,0,0,0,0,0,0
201506,35,043,4,8,Sandoval County               ,492,492,93479224,5,10,1416355,12,44,3689545,6,30,1249998,1,1,917640,0,0,0,0,0,0,0,0,0
201506,35,045,4,8,San Juan County               ,60,60,14858949,0,0,0,0,0,0,0,0,0,60,60,14858949,0,0,0,0,0,0,0,0,0
201506,35,047,4,8,San Miguel County             ,0,0,0,0,0,0,0,0,0,0,0,0,0,0,0,0,0,0,0,0,0,0,0,0
201506,35,049,4,8,Santa Fe County               ,56,56,14400251,0,0,0,0,0,0,0,0,0,36,36,9792576,0,0,0,0,0,0,0,0,0
201506,35,051,4,8,Sierra County                 ,0,0,0,0,0,0,0,0,0,0,0,0,0,0,0,0,0,0,0,0,0,0,0,0
201506,35,053,4,8,Socorro County                ,0,0,0,0,0,0,1,3,195000,0,0,0,0,0,0,0,0,0,1,3,195000,0,0,0
201506,35,055,4,8,Taos County                   ,36,36,4328298,0,0,0,0,0,0,0,0,0,2,2,600000,0,0,0,0,0,0,0,0,0
201506,35,061,4,8,Valencia County               ,44,44,4770128,0,0,0,0,0,0,0,0,0,0,0,0,0,0,0,0,0,0,0,0,0
201506,36,001,1,2,Albany County                 ,114,114,30160665,1,2,220000,12,47,6558429,13,446,63638128,105,105,28386364,1,2,220000,12,47,6558429,13,446,63638128
201506,36,005,1,2,Bronx County                  ,1,1,257201,15,30,3866423,7,25,2734466,29,1774,207241580,1,1,257201,15,30,3866423,7,25,2734466,29,1774,207241580
201506,36,029,1,2,Erie County                   ,355,355,93694606,4,8,1277041,0,0,0,12,251,25894416,324,324,87362699,3,6,920000,0,0,0,7,215,21111667
201506,36,047,1,2,Kings County                  ,18,18,4629611,34,68,8754652,70,239,26187094,362,18702,2304249640,18,18,4629611,34,68,8754652,70,239,26187094,362,18702,2304249640
201506,36,051,1,2,Livingston County             ,28,28,4964661,0,0,0,0,0,0,2,10,568000,18,18,2991500,0,0,0,0,0,0,0,0,0
201506,36,055,1,2,Monroe County                 ,424,424,79384701,6,12,1483970,0,0,0,12,219,28669389,394,394,72569714,4,8,860000,0,0,0,11,155,19620500
201506,36,059,1,2,Nassau County                 ,290,290,149284763,1,2,271215,0,0,0,10,175,31874594,212,212,121404028,1,2,271215,0,0,0,6,83,18500000
201506,36,061,1,2,New York County               ,4,4,1028802,0,0,0,1,4,432256,64,10906,1333223120,4,4,1028802,0,0,0,1,4,432256,64,10906,1333223120
201506,36,063,1,2,Niagara County                ,80,80,19893141,0,0,0,3,12,1893888,1,8,1045173,75,75,19016198,0,0,0,3,12,1893888,1,8,1045173
201506,36,069,1,2,Ontario County                ,163,163,38918967,1,2,115000,0,0,0,1,48,5600000,151,151,36369043,1,2,115000,0,0,0,1,48,5600000
201506,36,073,1,2,Orleans County                ,9,9,1130900,0,0,0,0,0,0,0,0,0,7,7,835900,0,0,0,0,0,0,0,0,0
201506,36,079,1,2,Putnam County                 ,22,22,6379659,0,0,0,1,3,885606,5,26,2680118,14,14,4595000,0,0,0,0,0,0,0,0,0
201506,36,081,1,2,Queens County                 ,82,82,20569900,54,108,13687311,41,131,14313796,99,9643,1188078360,82,82,20569900,54,108,13687311,41,131,14313796,99,9643,1188078360
201506,36,083,1,2,Rensselaer County             ,43,43,9362958,1,2,550000,0,0,0,3,67,3197727,16,16,4024000,0,0,0,0,0,0,0,0,0
201506,36,085,1,2,Richmond County               ,101,101,25472486,78,156,19666973,0,0,0,1,6,750120,101,101,25472486,78,156,19666973,0,0,0,1,6,750120
201506,36,087,1,2,Rockland County               ,63,63,15633920,12,24,3503811,2,7,877648,19,166,21457463,59,59,14817175,8,16,2068811,1,3,329381,17,125,14412560
201506,36,091,1,2,Saratoga County               ,283,283,70274012,6,12,1380408,10,32,3503481,29,313,23701082,237,237,60662686,5,10,1280408,9,29,3278481,19,226,16152700
201506,36,093,1,2,Schenectady County            ,28,28,4645194,0,0,0,4,16,1325000,9,141,11394313,22,22,3651300,0,0,0,4,16,1325000,7,104,9089522
201506,36,095,1,2,Schoharie County              ,9,9,1927347,0,0,0,0,0,0,0,0,0,6,6,1337520,0,0,0,0,0,0,0,0,0
201506,36,099,1,2,Seneca County                 ,10,10,1350500,0,0,0,0,0,0,0,0,0,10,10,1350500,0,0,0,0,0,0,0,0,0
201506,36,117,1,2,Wayne County                  ,36,36,6396031,5,10,500000,0,0,0,0,0,0,27,27,4969627,5,10,500000,0,0,0,0,0,0
201506,36,119,1,2,Westchester County            ,154,154,84077235,6,12,1422148,0,0,0,12,237,38230503,130,130,75042937,4,8,1135000,0,0,0,9,222,31230504
201506,37,007,3,5,Anson County                  ,15,15,2247975,0,0,0,0,0,0,0,0,0,0,0,0,0,0,0,0,0,0,0,0,0
201506,37,011,3,5,Avery County                  ,19,19,8324250,0,0,0,0,0,0,0,0,0,14,14,5998000,0,0,0,0,0,0,0,0,0
201506,37,015,3,5,Bertie County                 ,10,10,1776700,0,0,0,0,0,0,0,0,0,10,10,1776700,0,0,0,0,0,0,0,0,0
201506,37,025,3,5,Cabarrus County               ,688,688,96594360,1,2,140000,0,0,0,19,348,22748453,688,688,96594360,1,2,140000,0,0,0,19,348,22748453
201506,37,033,3,5,Caswell County                ,20,20,4363025,0,0,0,0,0,0,0,0,0,20,20,4363025,0,0,0,0,0,0,0,0,0
201506,37,037,3,5,Chatham County                ,305,305,80962574,0,0,0,0,0,0,0,0,0,305,305,80962574,0,0,0,0,0,0,0,0,0
201506,37,051,3,5,Cumberland County             ,359,359,59031053,0,0,0,0,0,0,6,138,10384552,357,357,58423323,0,0,0,0,0,0,6,138,10384552
201506,37,053,3,5,Currituck County              ,139,139,37314017,2,4,253700,0,0,0,0,0,0,139,139,37314017,2,4,253700,0,0,0,0,0,0
201506,37,059,3,5,Davie County                  ,54,54,12908052,0,0,0,0,0,0,5,80,3517100,49,49,11723813,0,0,0,0,0,0,5,80,3517100
201506,37,063,3,5,Durham County                 ,729,729,121850101,0,0,0,0,0,0,15,597,42058130,729,729,121850101,0,0,0,0,0,0,15,597,42058130
201506,37,069,3,5,Franklin County               ,171,171,30927161,0,0,0,0,0,0,0,0,0,171,171,30927161,0,0,0,0,0,0,0,0,0
201506,37,071,3,5,Gaston County                 ,484,484,115486404,0,0,0,0,0,0,5,148,8783244,484,484,115486404,0,0,0,0,0,0,5,148,8783244
201506,37,081,3,5,Guilford County               ,663,663,165629001,0,0,0,0,0,0,8,136,19499083,663,663,165629001,0,0,0,0,0,0,8,136,19499083
201506,37,089,3,5,Henderson County              ,395,395,61057235,0,0,0,0,0,0,0,0,0,395,395,61057235,0,0,0,0,0,0,0,0,0
201506,37,093,3,5,Hoke County                   ,120,120,26556336,0,0,0,0,0,0,1,49,4642222,120,120,26556336,0,0,0,0,0,0,1,49,4642222
201506,37,097,3,5,Iredell County                ,532,532,159866055,0,0,0,0,0,0,4,80,6719575,532,532,159866055,0,0,0,0,0,0,4,80,6719575
201506,37,101,3,5,Johnston County               ,784,784,132017754,0,0,0,0,0,0,0,0,0,744,744,125870221,0,0,0,0,0,0,0,0,0
201506,37,119,3,5,Mecklenburg County            ,2047,2047,455696932,16,32,6806322,16,64,4908591,97,2251,165035472,2047,2047,455696932,16,32,6806322,16,64,4908591,97,2251,165035472
201506,37,133,3,5,Onslow County                 ,441,441,56892160,0,0,0,2,8,629440,1,8,680000,441,441,56892160,0,0,0,2,8,629440,1,8,680000
201506,37,135,3,5,Orange County                 ,192,192,60382901,0,0,0,0,0,0,0,0,0,178,178,55477435,0,0,0,0,0,0,0,0,0
201506,37,145,3,5,Person County                 ,33,33,5456183,0,0,0,0,0,0,0,0,0,33,33,5456183,0,0,0,0,0,0,0,0,0
201506,37,151,3,5,Randolph County               ,100,100,21163807,0,0,0,0,0,0,0,0,0,100,100,21163807,0,0,0,0,0,0,0,0,0
201506,37,157,3,5,Rockingham County             ,62,62,13639658,0,0,0,0,0,0,0,0,0,62,62,13639658,0,0,0,0,0,0,0,0,0
201506,37,179,3,5,Union County                  ,691,691,138147335,1,2,96000,0,0,0,0,0,0,691,691,138147335,1,2,96000,0,0,0,0,0,0
201506,37,181,3,5,Vance County                  ,15,15,2386347,0,0,0,0,0,0,0,0,0,0,0,0,0,0,0,0,0,0,0,0,0
201506,37,183,3,5,Wake County                   ,3461,3461,772269310,9,18,1818171,1,4,76000,53,2006,154697959,3328,3328,743380710,9,18,1818171,1,4,76000,53,2006,154697959
201506,37,195,3,5,Wilson County                 ,60,60,14508488,0,0,0,0,0,0,0,0,0,60,60,14508488,0,0,0,0,0,0,0,0,0
201506,39,007,2,3,Ashtabula County              ,31,31,5573531,3,6,434000,0,0,0,0,0,0,0,0,0,0,0,0,0,0,0,0,0,0
201506,39,015,2,3,Brown County                  ,31,31,4939221,0,0,0,0,0,0,0,0,0,0,0,0,0,0,0,0,0,0,0,0,0
201506,39,017,2,3,Butler County                 ,273,273,61504088,2,4,900000,0,0,0,1,24,1872480,263,263,60077858,2,4,900000,0,0,0,1,24,1872480
201506,39,025,2,3,Clermont County               ,154,154,29938104,0,0,0,2,6,1089000,5,46,2276196,154,154,29938104,0,0,0,2,6,1089000,5,46,2276196
201506,39,041,2,3,Delaware County               ,412,412,102574101,0,0,0,5,20,2021202,1,6,252000,412,412,102574101,0,0,0,5,20,2021202,1,6,252000
201506,39,049,2,3,Franklin County               ,670,670,193299795,1,2,549506,2,8,940489,57,1083,106748137,660,660,190509821,1,2,549506,2,8,940489,57,1083,106748137
201506,39,055,2,3,Geauga County                 ,65,65,21209630,0,0,0,0,0,0,0,0,0,65,65,21209630,0,0,0,0,0,0,0,0,0
201506,39,085,2,3,Lake County                   ,143,143,33065858,0,0,0,0,0,0,0,0,0,142,142,32901285,0,0,0,0,0,0,0,0,0
201506,39,089,2,3,Licking County                ,146,146,36822351,0,0,0,0,0,0,0,0,0,122,122,31645861,0,0,0,0,0,0,0,0,0
201506,39,093,2,3,Lorain County                 ,303,303,65511955,1,2,237600,5,20,840000,12,86,3809520,245,245,54449665,1,2,237600,5,20,840000,10,75,3318000
201506,39,097,2,3,Madison County                ,16,16,3565568,0,0,0,0,0,0,0,0,0,13,13,3033756,0,0,0,0,0,0,0,0,0
201506,39,103,2,3,Medina County                 ,309,309,62331736,1,2,239000,0,0,0,6,38,1716649,309,309,62331736,1,2,239000,0,0,0,6,38,1716649
201506,39,117,2,3,Morrow County                 ,15,15,2975928,0,0,0,0,0,0,0,0,0,12,12,2360470,0,0,0,0,0,0,0,0,0
201506,39,159,2,3,Union County                  ,201,201,51513458,0,0,0,0,0,0,0,0,0,201,201,51513458,0,0,0,0,0,0,0,0,0
201506,39,165,2,3,Warren County                 ,435,435,114977262,1,2,272725,5,17,2948729,1,5,780250,421,421,112898192,1,2,272725,5,17,2948729,1,5,780250
201506,40,001,3,7,Adair County                  ,0,0,0,0,0,0,0,0,0,0,0,0,0,0,0,0,0,0,0,0,0,0,0,0
201506,40,017,3,7,Canadian County               ,92,92,26122244,2,4,260000,0,0,0,0,0,0,92,92,26122244,2,4,260000,0,0,0,0,0,0
201506,40,021,3,7,Cherokee County               ,22,22,2887242,1,2,130000,0,0,0,2,10,488096,0,0,0,0,0,0,0,0,0,0,0,0
201506,40,027,3,7,Cleveland County              ,426,426,95602923,3,6,570000,0,0,80000,4,146,9017032,426,426,95602923,1,2,300000,0,0,80000,4,146,9017032
201506,40,029,3,7,Coal County                   ,1,1,108000,0,0,0,0,0,0,0,0,0,1,1,108000,0,0,0,0,0,0,0,0,0
201506,40,037,3,7,Creek County                  ,65,65,10491872,0,0,0,0,0,0,3,60,4368798,56,56,9079209,0,0,0,0,0,0,3,60,4368798
201506,40,051,3,7,Grady County                  ,53,53,10269648,1,2,150000,0,0,0,0,0,0,11,11,1705500,1,2,150000,0,0,0,0,0,0
201506,40,055,3,7,Greer County                  ,0,0,0,0,0,0,0,0,0,0,0,0,0,0,0,0,0,0,0,0,0,0,0,0
201506,40,081,3,7,Lincoln County                ,7,7,1277377,0,0,0,0,0,0,0,0,0,7,7,1277377,0,0,0,0,0,0,0,0,0
201506,40,083,3,7,Logan County                  ,57,57,11113481,0,0,0,0,0,0,0,0,0,57,57,11113481,0,0,0,0,0,0,0,0,0
201506,40,087,3,7,McClain County                ,107,107,23347547,0,0,0,0,0,0,0,0,0,93,93,21630549,0,0,0,0,0,0,0,0,0
201506,40,109,3,7,Oklahoma County               ,2072,2072,462229757,14,28,2870000,0,0,0,7,140,7719432,2000,2000,450299037,14,28,2870000,0,0,0,7,140,7719432
201506,40,111,3,7,Okmulgee County               ,1,1,83000,1,2,100000,0,0,0,0,0,0,1,1,83000,1,2,100000,0,0,0,0,0,0
201506,40,113,3,7,Osage County                  ,29,29,5887646,0,0,0,0,0,0,0,0,0,29,29,5887646,0,0,0,0,0,0,0,0,0
201506,40,117,3,7,Pawnee County                 ,1,1,75000,0,0,0,0,0,0,0,0,0,1,1,75000,0,0,0,0,0,0,0,0,0
201506,40,131,3,7,Rogers County                 ,214,214,32854408,5,10,554570,0,0,0,1,5,197917,207,207,32186076,5,10,554570,0,0,0,0,0,0
201506,40,143,3,7,Tulsa County                  ,1004,1004,232738978,1,2,180000,6,24,2905921,7,42,3090169,949,949,222343108,1,2,180000,4,16,1237198,6,36,2680169
201506,40,145,3,7,Wagoner County                ,150,150,24631205,0,0,0,0,0,0,0,0,0,150,150,24631205,0,0,0,0,0,0,0,0,0
201506,41,000,4,9,Oregon Balance of State       ,83,83,11463420,0,0,0,0,0,0,0,0,0,49,49,6064573,0,0,0,0,0,0,0,0,0
201506,41,005,4,9,Clackamas County              ,834,834,238407301,0,0,0,1,3,559586,10,71,7938383,813,813,231024994,0,0,0,1,3,559586,10,71,7938383
201506,41,019,4,9,Douglas County                ,91,91,24263466,1,2,251799,0,0,0,0,0,0,91,91,24263466,1,2,251799,0,0,0,0,0,0
201506,41,025,4,9,Harney County                 ,1,1,191446,0,0,0,0,0,0,0,0,0,0,0,0,0,0,0,0,0,0,0,0,0
201506,41,035,4,9,Klamath County                ,44,44,10827996,0,0,0,0,0,0,0,0,0,44,44,10827996,0,0,0,0,0,0,0,0,0
201506,41,051,4,9,Multnomah County              ,619,619,164063246,28,56,7905083,1,3,357242,24,846,148246421,618,618,163889672,28,56,7905083,1,3,357242,24,846,148246421
201506,41,067,4,9,Washington County             ,904,904,233975232,10,20,2589047,1,4,748000,21,911,126026754,889,889,229391082,10,20,2589047,1,4,748000,21,911,126026754
201506,41,071,4,9,Yamhill County                ,173,173,44570152,1,2,321553,0,0,0,0,0,0,170,170,44061561,1,2,321553,0,0,0,0,0,0
201506,42,001,1,2,Adams County                  ,98,98,22694217,0,0,0,1,3,360000,1,7,840000,80,80,18291227,0,0,0,0,0,0,0,0,0
201506,42,017,1,2,Bucks County                  ,405,405,78692805,2,4,460600,12,41,6132676,1,33,3720160,314,314,64366448,2,4,460600,12,41,6132676,1,33,3720160
201506,42,029,1,2,Chester County                ,384,384,78535691,0,0,0,4,14,1111905,2,10,1087472,333,333,65203238,0,0,0,4,14,1111905,0,0,18900
201506,42,037,1,2,Columbia County               ,39,39,7959756,0,0,0,0,0,0,0,0,0,21,21,4165402,0,0,0,0,0,0,0,0,0
201506,42,041,1,2,Cumberland County             ,351,351,67526214,0,0,0,2,8,1421235,5,110,5794682,340,340,65757608,0,0,0,2,8,1421235,1,30,1152270
201506,42,043,1,2,Dauphin County                ,165,165,35423728,2,4,240000,0,0,0,15,220,17764967,102,102,22657196,1,2,120000,0,0,0,6,118,7685812
201506,42,045,1,2,Delaware County               ,122,122,26636137,1,2,258601,0,0,0,1,13,4435294,59,59,12250531,1,2,258601,0,0,0,0,0,0
201506,42,055,1,2,Franklin County               ,125,125,21919787,0,0,0,2,7,756448,3,15,1057200,97,97,18454863,0,0,0,0,0,0,0,0,0
201506,42,091,1,2,Montgomery County             ,498,498,97560201,0,0,0,4,13,1857670,9,289,34970000,444,444,86135638,0,0,0,1,3,455900,5,191,26450000
201506,42,093,1,2,Montour County                ,8,8,2587084,1,2,130000,0,0,0,0,0,0,4,4,1787970,0,0,0,0,0,0,0,0,0
201506,42,099,1,2,Perry County                  ,29,29,6759316,0,0,0,0,0,0,0,0,0,1,1,260000,0,0,0,0,0,0,0,0,0
201506,42,101,1,2,Philadelphia County           ,424,424,106229471,31,62,7254350,62,198,29412755,33,1018,183233240,424,424,106229471,31,62,7254350,62,198,29412755,33,1018,183233240
201506,42,103,1,2,Pike County                   ,24,24,7397536,0,0,0,0,0,0,1,5,341600,19,19,6205482,0,0,0,0,0,0,0,0,0
201506,44,001,1,1,Bristol County                ,20,20,4369293,0,0,0,0,0,0,0,0,0,19,19,4156410,0,0,0,0,0,0,0,0,0
201506,44,003,1,1,Kent County                   ,60,60,10772447,0,0,0,0,0,0,0,0,0,50,50,8342775,0,0,0,0,0,0,0,0,0
201506,44,005,1,1,Newport County                ,52,52,13385696,0,0,0,1,3,225000,0,0,0,49,49,12804205,0,0,0,0,0,0,0,0,0
201506,44,007,1,1,Providence County             ,140,140,24983847,6,12,886900,0,0,0,0,0,0,128,128,23710155,4,8,556600,0,0,0,0,0,0
201506,44,009,1,1,Washington County             ,92,92,27163808,3,6,909450,2,8,1143800,0,0,0,80,80,23230847,2,4,725000,2,8,1143800,0,0,0
201506,45,003,3,5,Aiken County                  ,352,352,77466077,0,0,0,1,4,396539,3,15,677499,199,199,44645103,0,0,0,0,0,0,0,0,0
201506,45,009,3,5,Bamberg County                ,2,2,420000,0,0,0,0,0,0,0,0,0,2,2,420000,0,0,0,0,0,0,0,0,0
201506,45,015,3,5,Berkeley County               ,827,827,226772889,20,40,4462472,0,0,0,3,175,4128613,780,780,214230801,20,40,4462472,0,0,0,0,0,0
201506,45,017,3,5,Calhoun County                ,9,9,1737984,0,0,0,0,0,0,0,0,0,9,9,1737984,0,0,0,0,0,0,0,0,0
201506,45,019,3,5,Charleston County             ,1212,1212,304980667,0,0,0,0,0,0,9,310,41514457,723,723,188788799,0,0,0,0,0,0,2,132,32596000
201506,45,035,3,5,Dorchester County             ,399,399,92886337,0,0,0,0,0,0,0,0,0,398,398,92778837,0,0,0,0,0,0,0,0,0
201506,45,037,3,5,Edgefield County              ,37,37,8185514,0,0,0,0,0,0,0,0,0,37,37,8185514,0,0,0,0,0,0,0,0,0
201506,45,039,3,5,Fairfield County              ,34,34,4838148,0,0,0,0,0,0,0,0,0,8,8,1384226,0,0,0,0,0,0,0,0,0
201506,45,045,3,5,Greenville County             ,1316,1316,321822000,0,0,0,0,0,0,22,1010,90837666,1309,1309,321192025,0,0,0,0,0,0,22,1010,90837666
201506,45,051,3,5,Horry County                  ,1833,1833,314483309,12,24,2370194,1,4,420000,9,91,9258931,1773,1773,300259464,12,24,2370194,1,4,420000,8,86,9008931
201506,45,055,3,5,Kershaw County                ,129,129,18865533,0,0,0,0,0,0,0,0,0,129,129,18865533,0,0,0,0,0,0,0,0,0
201506,45,059,3,5,Laurens County                ,42,42,6363174,0,0,0,0,0,0,0,0,0,40,40,6058624,0,0,0,0,0,0,0,0,0
201506,45,063,3,5,Lexington County              ,816,816,205889669,0,0,0,0,0,0,7,245,17321443,130,130,22982077,0,0,0,0,0,0,4,224,15376280
201506,45,077,3,5,Pickens County                ,200,200,53297127,2,4,268514,2,6,480000,10,116,9712283,131,131,44157463,2,4,268514,0,0,0,4,27,3237445
201506,45,079,3,5,Richland County               ,867,867,113686284,31,62,6972121,1,4,360000,10,214,12078751,182,182,30222086,31,62,6972121,1,4,360000,0,0,0
201506,45,081,3,5,Saluda County                 ,9,9,2034299,0,0,0,0,0,0,0,0,0,9,9,2034299,0,0,0,0,0,0,0,0,0
201506,45,085,3,5,Sumter County                 ,141,141,18364018,0,0,0,0,0,0,0,0,0,113,113,14635219,0,0,0,0,0,0,0,0,0
201506,45,091,3,5,York County                   ,1016,1016,312234008,5,10,1252590,0,0,0,20,410,42244707,590,590,198406381,5,10,1252590,0,0,0,10,264,28106590
201506,46,007,2,4,Bennett County                ,0,0,0,0,0,0,0,0,0,0,0,0,0,0,0,0,0,0,0,0,0,0,0,0
201506,46,055,2,4,Haakon County                 ,0,0,0,1,2,200000,0,0,0,0,0,0,0,0,0,1,2,200000,0,0,0,0,0,0
201506,46,071,2,4,Jackson County                ,0,0,0,0,0,0,0,0,0,0,0,0,0,0,0,0,0,0,0,0,0,0,0,0
201506,46,111,2,4,Sanborn County                ,3,3,490000,0,0,0,0,0,0,0,0,0,3,3,490000,0,0,0,0,0,0,0,0,0
201506,47,001,3,6,Anderson County               ,48,48,10309528,0,0,0,0,0,0,1,8,766303,44,44,9652561,0,0,0,0,0,0,0,0,0
201506,47,015,3,6,Cannon County                 ,6,6,757140,0,0,0,0,0,0,0,0,0,0,0,0,0,0,0,0,0,0,0,0,0
201506,47,021,3,6,Cheatham County               ,49,49,8263688,0,0,0,0,0,0,0,0,0,48,48,8053000,0,0,0,0,0,0,0,0,0
201506,47,037,3,6,Davidson County               ,1844,1844,427985919,1,2,473869,0,0,0,12,1505,156869459,1842,1842,426369895,1,2,473869,0,0,0,12,1505,156869459
201506,47,043,3,6,Dickson County                ,91,91,17929241,0,0,0,0,0,0,0,0,0,83,83,16128939,0,0,0,0,0,0,0,0,0
201506,47,049,3,6,Fentress County               ,2,2,166700,0,0,0,0,0,0,0,0,0,2,2,166700,0,0,0,0,0,0,0,0,0
201506,47,081,3,6,Hickman County                ,23,23,4426754,0,0,0,0,0,0,0,0,0,0,0,0,0,0,0,0,0,0,0,0,0
201506,47,093,3,6,Knox County                   ,749,749,141416791,0,0,0,0,0,0,1,234,29864000,749,749,141416791,0,0,0,0,0,0,1,234,29864000
201506,47,105,3,6,Loudon County                 ,107,107,22551335,0,0,0,0,0,0,0,0,0,106,106,22357175,0,0,0,0,0,0,0,0,0
201506,47,125,3,6,Montgomery County             ,516,516,74389046,1,2,110000,0,0,0,3,21,1221900,516,516,74389046,1,2,110000,0,0,0,3,21,1221900
201506,47,139,3,6,Polk County                   ,79,79,14229802,0,0,0,0,0,0,0,0,0,0,0,0,0,0,0,0,0,0,0,0,0
201506,47,149,3,6,Rutherford County             ,1103,1103,208669336,1,2,262584,0,0,0,22,444,29105698,981,981,192967007,1,2,262584,0,0,0,17,374,25135766
201506,47,153,3,6,Sequatchie County             ,3,3,140000,0,0,0,0,0,0,0,0,0,3,3,140000,0,0,0,0,0,0,0,0,0
201506,47,157,3,6,Shelby County                 ,485,485,116317788,0,0,0,0,0,0,9,1060,66158004,485,485,116317788,0,0,0,0,0,0,9,1060,66158004
201506,47,159,3,6,Smith County                  ,25,25,4054771,0,0,0,0,0,0,0,0,0,24,24,3955271,0,0,0,0,0,0,0,0,0
201506,47,161,3,6,Stewart County                ,0,0,0,0,0,0,0,0,0,0,0,0,0,0,0,0,0,0,0,0,0,0,0,0
201506,47,165,3,6,Sumner County                 ,509,509,100845769,0,0,0,0,0,0,3,72,5256193,494,494,98084182,0,0,0,0,0,0,3,72,5256193
201506,47,167,3,6,Tipton County                 ,57,57,9211795,0,0,0,0,0,0,0,0,0,30,30,5572966,0,0,0,0,0,0,0,0,0
201506,47,169,3,6,Trousdale County              ,26,26,3378000,0,0,0,2,6,371000,0,0,0,26,26,3378000,0,0,0,2,6,371000,0,0,0
201506,47,173,3,6,Union County                  ,36,36,5465000,0,0,0,0,0,0,0,0,0,36,36,5465000,0,0,0,0,0,0,0,0,0
201506,47,175,3,6,Van Buren County              ,0,0,0,0,0,0,0,0,0,0,0,0,0,0,0,0,0,0,0,0,0,0,0,0
201506,47,189,3,6,Wilson County                 ,498,498,125348984,0,0,0,0,0,0,8,197,23795000,497,497,125274584,0,0,0,0,0,0,8,197,23795000
201506,48,013,3,7,Atascosa County               ,33,33,5424375,0,0,0,0,0,0,0,0,0,17,17,3155010,0,0,0,0,0,0,0,0,0
201506,48,015,3,7,Austin County                 ,13,13,2062058,0,0,0,0,0,0,0,0,0,1,1,150000,0,0,0,0,0,0,0,0,0
201506,48,019,3,7,Bandera County                ,0,0,0,0,0,0,0,0,0,0,0,0,0,0,0,0,0,0,0,0,0,0,0,0
201506,48,021,3,7,Bastrop County                ,76,76,9484950,7,14,1152000,0,0,0,0,0,0,76,76,9484950,7,14,1152000,0,0,0,0,0,0
201506,48,025,3,7,Bee County                    ,2,2,139397,0,0,0,0,0,0,0,0,0,1,1,30000,0,0,0,0,0,0,0,0,0
201506,48,027,3,7,Bell County                   ,885,885,151156985,60,120,7963933,0,0,0,0,0,0,704,704,117608151,60,120,7963933,0,0,0,0,0,0
201506,48,029,3,7,Bexar County                  ,1836,1836,395795888,3,6,437269,14,55,5113771,40,362,38469355,1603,1603,362379676,3,6,437269,13,52,5113771,33,309,29540466
201506,48,051,3,7,Burleson County               ,4,4,477383,0,0,0,0,0,0,0,0,0,0,0,0,0,0,0,0,0,0,0,0,0
201506,48,055,3,7,Caldwell County               ,116,116,20948904,0,0,0,0,0,0,0,0,0,65,65,10634016,0,0,0,0,0,0,0,0,0
201506,48,085,3,7,Collin County                 ,4060,4060,1214162034,4,8,1235696,0,0,0,42,1303,104079600,3840,3840,1169204252,4,8,1235696,0,0,0,42,1303,104079600
201506,48,091,3,7,Comal County                  ,831,831,184058183,6,12,1327091,0,0,0,0,0,0,831,831,184058183,6,12,1327091,0,0,0,0,0,0
201506,48,099,3,7,Coryell County                ,86,86,11520828,6,12,901388,0,0,0,6,72,9858028,75,75,9993594,5,10,750000,0,0,0,6,72,9858028
201506,48,107,3,7,Crosby County                 ,4,4,268000,0,0,0,0,0,0,0,0,0,0,0,0,0,0,0,0,0,0,0,0,0
201506,48,113,3,7,Dallas County                 ,2454,2454,712603963,25,50,12611846,26,101,10306108,137,6987,433398535,2145,2145,642577380,21,42,11154290,25,97,9813250,117,5666,338096523
201506,48,119,3,7,Delta County                  ,2,2,451336,0,0,0,0,0,0,0,0,0,2,2,451336,0,0,0,0,0,0,0,0,0
201506,48,135,3,7,Ector County                  ,200,200,41740575,0,0,0,0,0,0,3,144,11208000,200,200,41740575,0,0,0,0,0,0,3,144,11208000
201506,48,139,3,7,Ellis County                  ,697,697,121385680,3,6,705712,0,0,0,0,0,0,696,696,121052220,3,6,705712,0,0,0,0,0,0
201506,48,141,3,7,El Paso County                ,1325,1325,203928778,20,40,3038256,6,21,1846300,13,123,16596019,1324,1324,203903778,20,40,3038256,6,21,1846300,13,123,16596019
201506,48,157,3,7,Fort Bend County              ,4709,4709,606286363,4,8,1084162,2,6,850000,12,115,6949946,756,756,221385092,3,6,900000,2,6,850000,0,0,0
201506,48,167,3,7,Galveston County              ,1262,1262,273461418,0,0,0,0,0,0,1,39,2147061,986,986,218586373,0,0,0,0,0,0,0,0,0
201506,48,185,3,7,Grimes County                 ,11,11,1067982,0,0,0,0,0,0,0,0,0,11,11,1067982,0,0,0,0,0,0,0,0,0
201506,48,187,3,7,Guadalupe County              ,605,605,145740861,0,0,0,0,0,0,0,0,0,583,583,141962441,0,0,0,0,0,0,0,0,0
201506,48,193,3,7,Hamilton County               ,0,0,0,0,0,0,0,0,0,0,0,0,0,0,0,0,0,0,0,0,0,0,0,0
201506,48,195,3,7,Hansford County               ,7,7,1143596,0,0,0,0,0,0,0,0,0,0,0,0,0,0,0,0,0,0,0,0,0
201506,48,201,3,7,Harris County                 ,9054,9054,1698395739,41,82,8727164,12,36,1920000,239,8595,774219294,8971,8971,1657395902,40,80,8647164,12,36,1920000,239,8595,774219294
201506,48,211,3,7,Hemphill County               ,0,0,0,0,0,0,0,0,0,0,0,0,0,0,0,0,0,0,0,0,0,0,0,0
201506,48,215,3,7,Hidalgo County                ,1484,1484,249089755,80,160,7125394,9,34,1745000,21,459,36595342,1323,1323,232178352,79,158,7071369,9,34,1745000,21,459,36595342
201506,48,233,3,7,Hutchinson County             ,0,0,0,0,0,0,0,0,0,0,0,0,0,0,0,0,0,0,0,0,0,0,0,0
201506,48,251,3,7,Johnson County                ,272,272,54065540,0,0,0,0,0,0,0,0,0,272,272,54065540,0,0,0,0,0,0,0,0,0
201506,48,257,3,7,Kaufman County                ,123,123,20050526,0,0,0,0,0,0,0,0,0,110,110,17409395,0,0,0,0,0,0,0,0,0
201506,48,259,3,7,Kendall County                ,102,102,29608966,0,0,0,0,0,0,0,0,0,102,102,29608966,0,0,0,0,0,0,0,0,0
201506,48,271,3,7,Kinney County                 ,0,0,0,0,0,0,0,0,0,0,0,0,0,0,0,0,0,0,0,0,0,0,0,0
201506,48,281,3,7,Lampasas County               ,65,65,1022566,3,6,502896,1,3,145714,4,22,1551196,5,5,375000,0,0,0,0,0,0,0,0,0
201506,48,291,3,7,Liberty County                ,128,128,11667267,0,0,0,0,0,0,0,0,0,126,126,11436666,0,0,0,0,0,0,0,0,0
201506,48,303,3,7,Lubbock County                ,509,509,122840395,26,52,5407366,2,8,600000,42,666,50688130,412,412,100650236,22,44,4577000,2,8,600000,30,550,43980850
201506,48,323,3,7,Maverick County               ,36,36,4029125,3,6,528714,0,0,0,0,0,0,28,28,3214719,2,4,367392,0,0,0,0,0,0
201506,48,325,3,7,Medina County                 ,15,15,2552253,0,0,0,0,0,0,0,0,0,14,14,2419653,0,0,0,0,0,0,0,0,0
201506,48,329,3,7,Midland County                ,407,407,108265097,0,0,0,0,0,0,12,264,25500000,407,407,108265097,0,0,0,0,0,0,12,264,25500000
201506,48,339,3,7,Montgomery County             ,2642,2642,612661564,0,0,0,0,0,0,66,1624,154684035,2624,2624,607810963,0,0,0,0,0,0,66,1624,154684035
201506,48,367,3,7,Parker County                 ,220,220,48230674,0,0,0,0,0,0,1,5,530599,206,206,46433522,0,0,0,0,0,0,0,0,0
201506,48,375,3,7,Potter County                 ,225,225,60048637,1,2,186020,0,0,0,29,300,24337000,225,225,60048637,1,2,186020,0,0,0,29,300,24337000
201506,48,383,3,7,Reagan County                 ,1,1,120200,1,2,150000,2,6,310304,0,0,0,0,0,0,0,0,0,0,0,0,0,0,0
201506,48,385,3,7,Real County                   ,0,0,0,0,0,0,0,0,0,0,0,0,0,0,0,0,0,0,0,0,0,0,0,0
201506,48,395,3,7,Robertson County              ,37,37,7765141,0,0,0,0,0,0,0,0,0,32,32,7090419,0,0,0,0,0,0,0,0,0
201506,48,397,3,7,Rockwall County               ,531,531,150463681,0,0,0,0,0,0,0,0,0,531,531,150463681,0,0,0,0,0,0,0,0,0
201506,48,407,3,7,San Jacinto County            ,46,46,8868247,0,0,0,0,0,0,0,0,0,45,45,8782533,0,0,0,0,0,0,0,0,0
201506,48,411,3,7,San Saba County               ,1,1,75000,0,0,0,0,0,0,0,0,0,1,1,75000,0,0,0,0,0,0,0,0,0
201506,48,451,3,7,Tom Green County              ,115,115,24309504,0,0,0,0,0,0,3,24,1061100,115,115,24309504,0,0,0,0,0,0,3,24,1061100
201506,48,453,3,7,Travis County                 ,2957,2957,677154808,82,164,23480964,5,18,3954500,110,3285,378448779,2752,2752,621911960,82,164,23480964,5,18,3954500,108,3254,376068537
201506,48,473,3,7,Waller County                 ,5,5,1150951,0,0,0,0,0,0,6,36,798499,5,5,1150951,0,0,0,0,0,0,0,0,0
201506,48,491,3,7,Williamson County             ,2156,2156,540409329,4,8,914465,4,15,1678945,22,488,43000000,2110,2110,531953763,4,8,914465,4,15,1678945,22,488,43000000
201506,48,493,3,7,Wilson County                 ,19,19,3549119,0,0,0,0,0,0,0,0,0,5,5,1220595,0,0,0,0,0,0,0,0,0
201506,48,497,3,7,Wise County                   ,46,46,10635843,0,0,0,0,0,0,0,0,0,39,39,8725715,0,0,0,0,0,0,0,0,0
201506,49,011,4,8,Davis County                  ,705,705,189473134,1,2,321000,5,18,2610485,7,40,4968054,681,681,181492659,1,2,321000,5,18,2610485,7,40,4968054
201506,49,023,4,8,Juab County                   ,34,34,9188800,1,2,220000,1,3,544175,0,0,0,32,32,8639013,1,2,220000,1,3,544175,0,0,0
201506,49,029,4,8,Morgan County                 ,53,53,17226797,0,0,0,0,0,0,0,0,0,0,0,0,0,0,0,0,0,0,0,0,0
201506,49,035,4,8,Salt Lake County              ,1391,1391,351614292,6,12,1729903,43,156,25094662,37,1414,147375296,1101,1101,280415548,5,10,1389104,39,143,23641672,21,1216,128183195
201506,49,039,4,8,Sanpete County                ,21,21,3467130,0,0,0,0,0,0,0,0,0,21,21,3467130,0,0,0,0,0,0,0,0,0
201506,49,043,4,8,Summit County                 ,79,79,34795565,0,0,0,3,11,3525646,4,27,4733947,51,51,20410372,0,0,0,2,8,2684116,1,9,1658525
201506,49,057,4,8,Weber County                  ,320,320,69212944,1,2,418528,7,26,4140269,5,25,2997411,159,159,32135515,0,0,0,2,8,1375135,0,0,0
201506,51,003,3,5,Albemarle County              ,223,223,57539686,0,0,0,0,0,0,0,0,0,61,61,14040295,0,0,0,0,0,0,0,0,0
201506,51,007,3,5,Amelia County                 ,18,18,3798540,0,0,0,0,0,0,0,0,0,18,18,3798540,0,0,0,0,0,0,0,0,0
201506,51,009,3,5,Amherst County                ,20,20,2771240,0,0,0,0,0,0,0,0,0,20,20,2771240,0,0,0,0,0,0,0,0,0
201506,51,013,3,5,Arlington County              ,132,132,58696447,0,0,0,0,0,0,3,346,40820842,108,108,50071043,0,0,0,0,0,0,2,140,26475000
201506,51,015,3,5,Augusta County                ,110,110,18012877,0,0,0,0,0,0,0,0,0,110,110,18012877,0,0,0,0,0,0,0,0,0
201506,51,019,3,5,Bedford County                ,140,140,33424470,0,0,0,0,0,0,0,0,0,140,140,33424470,0,0,0,0,0,0,0,0,0
201506,51,033,3,5,Caroline County               ,42,42,8290068,0,0,0,0,0,0,0,0,0,42,42,8290068,0,0,0,0,0,0,0,0,0
201506,51,036,3,5,Charles City County           ,7,7,1119000,0,0,0,0,0,0,0,0,0,7,7,1119000,0,0,0,0,0,0,0,0,0
201506,51,037,3,5,Charlotte County              ,10,10,1980400,0,0,0,0,0,0,0,0,0,10,10,1980400,0,0,0,0,0,0,0,0,0
201506,51,041,3,5,Chesterfield County           ,500,500,110272634,0,0,0,8,31,3218100,7,38,6496572,500,500,110272634,0,0,0,8,31,3218100,7,38,6496572
201506,51,043,3,5,Clarke County                 ,25,25,9013939,0,0,0,0,0,0,0,0,0,25,25,9013939,0,0,0,0,0,0,0,0,0
201506,51,049,3,5,Cumberland County             ,8,8,1632837,0,0,0,0,0,0,0,0,0,8,8,1632837,0,0,0,0,0,0,0,0,0
201506,51,051,3,5,Dickenson County              ,3,3,210000,0,0,0,0,0,0,0,0,0,3,3,210000,0,0,0,0,0,0,0,0,0
201506,51,053,3,5,Dinwiddie County              ,28,28,4169874,0,0,0,0,0,0,0,0,0,0,0,0,0,0,0,0,0,0,0,0,0
201506,51,059,3,5,Fairfax County                ,442,442,97629220,6,12,2100000,0,0,0,4,657,61664478,442,442,97629220,6,12,2100000,0,0,0,4,657,61664478
201506,51,061,3,5,Fauquier County               ,103,103,25925613,0,0,0,0,0,0,0,0,0,49,49,15209747,0,0,0,0,0,0,0,0,0
201506,51,069,3,5,Frederick County              ,264,264,57260530,0,0,0,0,0,0,5,137,17550000,264,264,57260530,0,0,0,0,0,0,5,137,17550000
201506,51,073,3,5,Gloucester County             ,65,65,15985469,0,0,0,2,6,300000,0,0,0,65,65,15985469,0,0,0,2,6,300000,0,0,0
201506,51,075,3,5,Goochland County              ,77,77,24108135,0,0,0,0,0,0,0,0,0,77,77,24108135,0,0,0,0,0,0,0,0,0
201506,51,085,3,5,Hanover County                ,336,336,63464550,0,0,0,0,0,0,0,0,0,336,336,63464550,0,0,0,0,0,0,0,0,0
201506,51,087,3,5,Henrico County                ,392,392,67688964,0,0,0,0,0,0,17,351,25437000,392,392,67688964,0,0,0,0,0,0,17,351,25437000
201506,51,093,3,5,Isle of Wight County          ,61,61,12950798,0,0,0,0,0,0,8,208,8344000,47,47,9804613,0,0,0,0,0,0,8,208,8344000
201506,51,095,3,5,James City County             ,194,194,56921070,0,0,0,5,19,2761918,4,23,3329615,194,194,56921070,0,0,0,5,19,2761918,4,23,3329615
201506,51,097,3,5,King and Queen County         ,9,9,1370500,0,0,0,0,0,0,0,0,0,9,9,1370500,0,0,0,0,0,0,0,0,0
201506,51,099,3,5,King George County            ,52,52,13248070,0,0,0,0,0,0,0,0,0,52,52,13248070,0,0,0,0,0,0,0,0,0
201506,51,107,3,5,Loudoun County                ,1451,1451,302062821,5,10,820000,0,0,0,26,752,58939603,1451,1451,302062821,5,10,820000,0,0,0,26,752,58939603
201506,51,109,3,5,Louisa County                 ,102,102,20214245,0,0,0,0,0,0,0,0,0,69,69,13178141,0,0,0,0,0,0,0,0,0
201506,51,115,3,5,Mathews County                ,10,10,2534430,0,0,0,0,0,0,0,0,0,10,10,2534430,0,0,0,0,0,0,0,0,0
201506,51,127,3,5,New Kent County               ,102,102,19194570,0,0,0,0,0,0,0,0,0,102,102,19194570,0,0,0,0,0,0,0,0,0
201506,51,139,3,5,Page County                   ,18,18,2753487,0,0,0,0,0,0,0,0,0,14,14,2278302,0,0,0,0,0,0,0,0,0
201506,51,145,3,5,Powhatan County               ,85,85,19224670,0,0,0,0,0,0,0,0,0,85,85,19224670,0,0,0,0,0,0,0,0,0
201506,51,149,3,5,Prince George County          ,32,32,5402246,0,0,0,0,0,0,0,0,0,32,32,5402246,0,0,0,0,0,0,0,0,0
201506,51,153,3,5,Prince William County         ,793,793,175680835,0,0,0,0,0,0,26,330,36052926,793,793,175680835,0,0,0,0,0,0,26,330,36052926
201506,51,165,3,5,Rockingham County             ,194,194,40387278,0,0,0,0,0,0,0,0,0,194,194,40387278,0,0,0,0,0,0,0,0,0
201506,51,175,3,5,Southampton County            ,15,15,2413327,0,0,0,0,0,0,0,0,0,3,3,371000,0,0,0,0,0,0,0,0,0
201506,51,177,3,5,Spotsylvania County           ,190,190,51167714,0,0,0,0,0,0,0,0,0,151,151,41185225,0,0,0,0,0,0,0,0,0
201506,51,179,3,5,Stafford County               ,376,376,90561942,0,0,0,0,0,0,0,0,0,376,376,90561942,0,0,0,0,0,0,0,0,0
201506,51,181,3,5,Surry County                  ,9,9,1316048,0,0,0,0,0,0,0,0,0,5,5,650000,0,0,0,0,0,0,0,0,0
201506,51,183,3,5,Sussex County                 ,7,7,1004070,0,0,0,0,0,0,0,0,0,7,7,1004070,0,0,0,0,0,0,0,0,0
201506,51,187,3,5,Warren County                 ,55,55,12459320,0,0,0,0,0,0,0,0,0,55,55,12459320,0,0,0,0,0,0,0,0,0
201506,51,199,3,5,York County                   ,66,66,17838014,0,0,0,0,0,0,1,6,751525,66,66,17838014,0,0,0,0,0,0,1,6,751525
201506,51,510,3,5,Alexandria (Independent City) ,69,69,12860176,0,0,0,0,0,0,1,122,14481751,51,51,9338450,0,0,0,0,0,0,0,0,0
201506,51,540,3,5,Charlottesville (Independent C,34,34,7127337,5,10,955250,0,0,0,6,96,14142543,0,0,0,0,0,0,0,0,0,0,0,0
201506,51,550,3,5,Chesapeake(Independent City)  ,714,714,157409791,0,0,0,0,0,0,0,0,0,714,714,157409791,0,0,0,0,0,0,0,0,0
201506,51,570,3,5,Colonial Heights (Independent ,4,4,653000,0,0,0,0,0,0,0,0,0,4,4,653000,0,0,0,0,0,0,0,0,0
201506,51,580,3,5,Covington (Independent City)  ,0,0,0,0,0,0,0,0,0,0,0,0,0,0,0,0,0,0,0,0,0,0,0,0
201506,51,600,3,5,Fairfax (Independent City)    ,12,12,2708000,0,0,0,0,0,0,0,0,0,12,12,2708000,0,0,0,0,0,0,0,0,0
201506,51,610,3,5,Falls Church (Independent City,20,20,8760000,0,0,0,0,0,0,0,0,0,20,20,8760000,0,0,0,0,0,0,0,0,0
201506,51,630,3,5,Fredericksburg(Independent Cit,26,26,8262110,0,0,0,0,0,0,0,0,0,26,26,8262110,0,0,0,0,0,0,0,0,0
201506,51,650,3,5,Hampton (Independent City)    ,78,78,3997274,0,0,0,0,0,0,0,0,0,31,31,1915392,0,0,0,0,0,0,0,0,0
201506,51,660,3,5,Harrisonburg (Independent City,35,35,4732630,2,4,557025,0,0,0,1,6,263583,23,23,3269500,0,0,0,0,0,0,0,0,0
201506,51,670,3,5,Hopewell (Independent City)   ,28,28,2721838,0,0,0,0,0,0,0,0,0,28,28,2721838,0,0,0,0,0,0,0,0,0
201506,51,680,3,5,Lynchburg (Independent City)  ,38,38,6467333,0,0,0,1,3,575000,4,81,7493658,38,38,6467333,0,0,0,1,3,575000,4,81,7493658
201506,51,683,3,5,Manassas (Independent City)   ,68,68,9583769,0,0,0,0,0,0,0,0,0,0,0,0,0,0,0,0,0,0,0,0,0
201506,51,685,3,5,Manassas Park (Independent Cit,6,6,1118184,0,0,0,0,0,0,0,0,0,0,0,0,0,0,0,0,0,0,0,0,0
201506,51,700,3,5,Newport News (Independent City,52,52,4670656,0,0,0,0,0,0,1,13,578001,44,44,4002226,0,0,0,0,0,0,0,0,0
201506,51,710,3,5,Norfolk (Independent City)    ,143,143,29270293,4,8,705000,0,0,0,0,0,0,143,143,29270293,4,8,705000,0,0,0,0,0,0
201506,51,730,3,5,Petersburg (Independent City) ,4,4,432595,0,0,0,0,0,0,0,0,0,3,3,289525,0,0,0,0,0,0,0,0,0
201506,51,735,3,5,Poquoson (Independent City)   ,11,11,3293000,0,0,0,0,0,0,0,0,0,11,11,3293000,0,0,0,0,0,0,0,0,0
201506,51,740,3,5,Portsmouth (Independent City) ,45,45,6871596,0,0,0,0,0,0,0,0,0,45,45,6871596,0,0,0,0,0,0,0,0,0
201506,51,760,3,5,Richmond (Independent City)   ,119,119,16378464,7,14,1357086,1,4,260000,2,78,4479400,119,119,16378464,7,14,1357086,1,4,260000,2,78,4479400
201506,51,800,3,5,Suffolk (Independent City)    ,222,222,49242051,0,0,0,0,0,0,6,228,14688432,222,222,49242051,0,0,0,0,0,0,6,228,14688432
201506,51,810,3,5,Virginia Beach (Independent Ci,391,391,69789702,0,0,0,3,12,2400000,29,491,25164890,391,391,69789702,0,0,0,3,12,2400000,29,491,25164890
201506,51,830,3,5,Williamsburg (Independent City,8,8,1400260,0,0,0,0,0,0,0,0,0,8,8,1400260,0,0,0,0,0,0,0,0,0
201506,53,005,4,9,Benton County                 ,480,480,138646092,2,4,578936,4,14,1107052,8,67,6788132,196,196,59851499,0,0,0,1,4,453000,2,14,1767000
201506,53,011,4,9,Clark County                  ,1087,1087,276156331,5,10,342420,10,30,2142669,31,544,37101309,906,906,220810246,5,10,342420,9,27,2003593,28,513,34381435
201506,53,021,4,9,Franklin County               ,162,162,43203455,25,50,4936031,0,0,0,0,0,0,27,27,9200505,0,0,0,0,0,0,0,0,0
201506,53,031,4,9,Jefferson County              ,87,87,13934456,1,2,132894,0,0,0,0,0,0,87,87,13934456,1,2,132894,0,0,0,0,0,0
201506,53,033,4,9,King County                   ,1950,1950,714433659,113,226,43636928,83,275,55619061,115,7868,1121573470,1758,1758,637328101,113,226,43636928,83,275,55619061,101,7600,1098074777
201506,53,035,4,9,Kitsap County                 ,393,393,111244814,1,2,304099,1,4,766976,3,97,14565974,393,393,111244814,1,2,304099,1,4,766976,3,97,14565974
201506,53,053,4,9,Pierce County                 ,1101,1101,317142430,24,48,7112086,13,50,7494469,15,231,21391671,1075,1075,309696076,22,44,6408748,13,50,7494469,14,226,21000569
201506,53,055,4,9,San Juan County               ,48,48,11334656,0,0,0,0,0,0,0,0,0,38,38,8972926,0,0,0,0,0,0,0,0,0
201506,53,059,4,9,Skamania County               ,21,21,4640510,0,0,0,1,3,300301,0,0,0,15,15,3262509,0,0,0,0,0,0,0,0,0
201506,53,061,4,9,Snohomish County              ,1206,1206,319670072,15,30,5739394,2,8,2272182,11,466,62414063,1204,1204,319137890,15,30,5739394,2,8,2272182,11,466,62414063
201506,54,011,3,5,Cabell County                 ,34,34,8927558,3,6,250000,1,4,50000,0,0,0,33,33,8405861,3,6,250000,1,4,50000,0,0,0
201506,54,015,3,5,Clay County                   ,4,4,100000,0,0,0,0,0,0,0,0,0,4,4,100000,0,0,0,0,0,0,0,0,0
201506,54,019,3,5,Fayette County                ,17,17,1697408,0,0,0,0,0,0,0,0,0,12,12,1065369,0,0,0,0,0,0,0,0,0
201506,54,037,3,5,Jefferson County              ,104,104,25689117,0,0,0,1,4,800000,3,96,5300000,76,76,17070649,0,0,0,1,4,800000,3,96,5300000
201506,54,081,3,5,Raleigh County                ,35,35,8841355,0,0,0,0,0,0,0,0,0,26,26,6941861,0,0,0,0,0,0,0,0,0
201506,55,025,2,3,Dane County                   ,597,597,178585529,8,16,3056280,8,28,3731000,21,902,122859490,538,538,160894614,7,14,2827000,4,16,2090000,11,750,108252360
201506,55,031,2,3,Douglas County                ,36,36,5940702,4,8,771400,0,0,0,0,0,0,36,36,5940702,4,8,771400,0,0,0,0,0,0
201506,55,037,2,3,Florence County               ,12,12,1806578,0,0,0,0,0,0,0,0,0,0,0,0,0,0,0,0,0,0,0,0,0
201506,55,049,2,3,Iowa County                   ,25,25,6633800,1,2,200000,0,0,0,0,0,0,25,25,6633800,1,2,200000,0,0,0,0,0,0
201506,55,059,2,3,Kenosha County                ,83,83,24786166,0,0,0,0,0,0,3,92,7350000,81,81,24165542,0,0,0,0,0,0,3,92,7350000
201506,55,079,2,3,Milwaukee County              ,60,60,17530007,5,10,870000,0,0,0,10,378,53602856,56,56,15010007,5,10,870000,0,0,0,10,378,53602856
201506,55,089,2,3,Ozaukee County                ,74,74,28585608,0,0,0,0,0,0,3,19,2972672,25,25,6244998,0,0,0,0,0,0,0,0,0
201506,55,093,2,3,Pierce County                 ,60,60,14237464,0,0,0,0,0,0,0,0,0,53,53,13144113,0,0,0,0,0,0,0,0,0
201506,55,109,2,3,St. Croix County              ,120,120,29851280,7,14,1440000,1,4,768000,1,5,384615,110,110,27026112,7,14,1440000,1,4,768000,0,0,0
201506,55,131,2,3,Washington County             ,125,125,33260989,7,14,2025000,0,0,0,2,26,1795833,86,86,21289425,4,8,1050000,0,0,0,1,21,1400000
201506,56,029,4,8,Park County                   ,67,67,16284663,0,0,0,2,7,537000,0,0,0,65,65,15863330,0,0,0,1,4,350000,0,0,0
201506,56,039,4,8,Teton County                  ,121,121,137616685,2,4,1000000,0,0,0,2,10,856632,79,79,104730030,0,0,0,0,0,0,0,0,0
