Survey,FIPS,FIPS,Region,Division,County,,1-unit,,,2-units,,,3-4 units,,,5+ units,,,1-unit rep,,,2-units rep,,,3-4 units rep,,, 5+units rep
Date,State,County,Code,Code,Name,Bldgs,Units,Value,Bldgs,Units,Value,Bldgs,Units,Value,Bldgs,Units,Value,Bldgs,Units,Value,Bldgs,Units,Value,Bldgs,Units,Value,Bldgs,Units,Value
 
201607,01,001,3,6,Autauga County                ,106,106,28845790,0,0,0,0,0,0,0,0,0,106,106,28845790,0,0,0,0,0,0,0,0,0
201607,01,007,3,6,Bibb County                   ,11,11,2218077,0,0,0,0,0,0,0,0,0,0,0,0,0,0,0,0,0,0,0,0,0
201607,01,009,3,6,Blount County                 ,6,6,1040920,0,0,0,0,0,0,0,0,0,6,6,1040920,0,0,0,0,0,0,0,0,0
201607,01,021,3,6,Chilton County                ,14,14,1917500,0,0,0,0,0,0,0,0,0,14,14,1917500,0,0,0,0,0,0,0,0,0
201607,01,073,3,6,Jefferson County              ,932,932,237476121,0,0,0,0,0,0,9,381,40083574,791,791,206446581,0,0,0,0,0,0,5,216,24581715
201607,01,083,3,6,Limestone County              ,72,72,14266542,0,0,0,0,0,0,0,0,0,71,71,14139113,0,0,0,0,0,0,0,0,0
201607,01,089,3,6,Madison County                ,1440,1440,209978690,0,0,0,0,0,0,16,300,13293916,1436,1436,209473430,0,0,0,0,0,0,16,300,13293916
201607,01,113,3,6,Russell County                ,60,60,10178378,1,2,80304,0,0,0,0,0,0,53,53,9013302,1,2,80304,0,0,0,0,0,0
201607,01,115,3,6,St. Clair County              ,87,87,13475228,0,0,0,0,0,0,0,0,0,83,83,12591772,0,0,0,0,0,0,0,0,0
201607,01,117,3,6,Shelby County                 ,638,638,139080006,0,0,0,0,0,0,4,45,765000,324,324,63240844,0,0,0,0,0,0,0,0,0
201607,01,127,3,6,Walker County                 ,6,6,2010000,0,0,0,0,0,0,0,0,0,6,6,2010000,0,0,0,0,0,0,0,0,0
201607,02,013,4,9,Aleutians East Borough        ,0,0,0,0,0,0,0,0,0,0,0,0,0,0,0,0,0,0,0,0,0,0,0,0
201607,02,016,4,9,Aleutians West Census Area    ,3,3,294354,0,0,0,0,0,0,0,0,0,0,0,0,0,0,0,0,0,0,0,0,0
201607,02,020,4,9,Anchorage Borough             ,432,432,135465459,0,0,0,7,21,3635320,9,97,15335270,0,0,0,0,0,0,0,0,0,0,0,0
201607,02,020,4,9,Anchorage Municipality        ,432,432,135465459,0,0,0,7,21,3635320,9,97,15335270,0,0,0,0,0,0,0,0,0,0,0,0
201607,02,050,4,9,Bethel Census Area            ,6,6,1800000,0,0,0,0,0,0,0,0,0,6,6,1800000,0,0,0,0,0,0,0,0,0
201607,02,060,4,9,Bristol Bay Borough           ,2,2,450000,0,0,0,0,0,0,0,0,0,2,2,450000,0,0,0,0,0,0,0,0,0
201607,02,070,4,9,Dillingham Census Area        ,2,2,583174,0,0,0,0,0,0,0,0,0,0,0,0,0,0,0,0,0,0,0,0,0
201607,02,090,4,9,Fairbanks North Star Borough  ,11,11,2930822,0,0,0,0,0,0,0,0,0,11,11,2930822,0,0,0,0,0,0,0,0,0
201607,02,100,4,9,Haines Borough                ,4,4,1119505,0,0,0,0,0,0,0,0,0,1,1,287713,0,0,0,0,0,0,0,0,0
201607,02,105,4,9,Hoonah-Angoon Census Area     ,3,3,500000,0,0,0,0,0,0,0,0,0,3,3,500000,0,0,0,0,0,0,0,0,0
201607,02,110,4,9,Juneau Borough                ,27,27,7063928,3,6,1068902,3,10,424992,2,35,3826129,27,27,7063928,3,6,1068902,3,10,424992,2,35,3826129
201607,02,110,4,9,Juneau City and Borough       ,27,27,7063928,3,6,1068902,3,10,424992,2,35,3826129,27,27,7063928,3,6,1068902,3,10,424992,2,35,3826129
201607,02,122,4,9,Kenai Peninsula Borough       ,41,41,9279001,5,10,1276125,2,7,950000,1,5,650000,18,18,4557960,3,6,700000,2,7,950000,1,5,650000
201607,02,130,4,9,Ketchikan Gateway Borough     ,16,16,4642148,3,6,846480,0,0,0,0,0,0,16,16,4642148,3,6,846480,0,0,0,0,0,0
201607,02,150,4,9,Kodiak Island Borough         ,5,5,1064792,1,2,219247,0,0,0,0,0,0,5,5,1064792,1,2,219247,0,0,0,0,0,0
201607,02,158,4,9,Kusilvak Census Area          ,0,0,0,0,0,0,0,0,0,0,0,0,0,0,0,0,0,0,0,0,0,0,0,0
201607,02,170,4,9,Matanuska-Susitna Borough     ,27,27,5893625,7,14,1977815,3,12,1414576,1,42,3978099,22,22,5186674,6,12,1719916,3,12,1414576,1,42,3978099
201607,02,180,4,9,Nome Census Area              ,3,3,510300,0,0,0,0,0,0,0,0,0,2,2,393901,0,0,0,0,0,0,0,0,0
201607,02,185,4,9,North Slope Borough           ,2,2,540757,0,0,0,0,0,0,0,0,0,2,2,540757,0,0,0,0,0,0,0,0,0
201607,02,188,4,9,Northwest Arctic Borough      ,2,2,710364,0,0,0,0,0,0,0,0,0,0,0,0,0,0,0,0,0,0,0,0,0
201607,02,195,4,9,Petersburg Borough            ,3,3,857000,0,0,0,0,0,0,0,0,0,3,3,857000,0,0,0,0,0,0,0,0,0
201607,02,195,4,9,Petersburg Census Area        ,3,3,857000,0,0,0,0,0,0,0,0,0,3,3,857000,0,0,0,0,0,0,0,0,0
201607,02,198,4,9,Prince of Wales-Hyder Census A,2,2,534450,0,0,0,1,3,439137,0,0,0,2,2,534450,0,0,0,1,3,439137,0,0,0
201607,02,220,4,9,Sitka Borough                 ,10,10,3122765,0,0,0,0,0,0,0,0,0,0,0,0,0,0,0,0,0,0,0,0,0
201607,02,220,4,9,Sitka City and Borough        ,10,10,3122765,0,0,0,0,0,0,0,0,0,0,0,0,0,0,0,0,0,0,0,0,0
201607,02,230,4,9,Skagway Municipality          ,6,6,730000,1,2,232443,0,0,0,0,0,0,5,5,450000,0,0,0,0,0,0,0,0,0
201607,02,261,4,9,Valdez-Cordova Census Area    ,8,8,1438000,0,0,0,0,0,0,0,0,0,8,8,1438000,0,0,0,0,0,0,0,0,0
201607,02,275,4,9,Wrangell City and Borough     ,3,3,303200,0,0,0,0,0,0,0,0,0,2,2,166000,0,0,0,0,0,0,0,0,0
201607,02,282,4,9,Yakutat Borough               ,1,1,190600,0,0,0,0,0,0,0,0,0,1,1,190600,0,0,0,0,0,0,0,0,0
201607,02,282,4,9,Yakutat City and Borough      ,1,1,190600,0,0,0,0,0,0,0,0,0,1,1,190600,0,0,0,0,0,0,0,0,0
201607,02,290,4,9,Yukon-Koyukuk Census Area     ,0,0,0,0,0,0,0,0,0,0,0,0,0,0,0,0,0,0,0,0,0,0,0,0
201607,04,013,4,8,Maricopa County               ,9761,9761,2756206700,46,110,12077850,28,118,20556949,112,5063,576006115,9491,9491,2665514730,46,110,12077850,28,118,20556949,109,4953,562386755
201607,04,019,4,8,Pima County                   ,1324,1324,375474452,8,16,1778912,0,0,0,15,300,39100594,920,920,264396645,0,0,0,0,0,0,0,0,0
201607,04,021,4,8,Pinal County                  ,1411,1411,262170063,55,110,6845000,0,0,0,0,0,0,1181,1181,211108563,55,110,6845000,0,0,0,0,0,0
201607,05,013,3,7,Calhoun County                ,0,0,0,0,0,0,0,0,0,0,0,0,0,0,0,0,0,0,0,0,0,0,0,0
201607,05,035,3,7,Crittenden County             ,38,38,6602575,0,0,0,0,0,0,0,0,0,37,37,6512575,0,0,0,0,0,0,0,0,0
201607,05,045,3,7,Faulkner County               ,166,166,34561785,2,4,291000,0,0,0,1,40,1500000,163,163,33794784,2,4,291000,0,0,0,1,40,1500000
201607,05,053,3,7,Grant County                  ,7,7,834135,0,0,0,0,0,0,0,0,0,0,0,0,0,0,0,0,0,0,0,0,0
201607,05,085,3,7,Lonoke County                 ,189,189,19571668,0,0,0,0,0,0,0,0,0,87,87,10905351,0,0,0,0,0,0,0,0,0
201607,05,087,3,7,Madison County                ,0,0,0,0,0,0,0,0,0,0,0,0,0,0,0,0,0,0,0,0,0,0,0,0
201607,05,091,3,7,Miller County                 ,25,25,3750973,0,0,0,0,0,0,0,0,0,0,0,0,0,0,0,0,0,0,0,0,0
201607,05,105,3,7,Perry County                  ,2,2,68000,0,0,0,0,0,0,0,0,0,2,2,68000,0,0,0,0,0,0,0,0,0
201607,05,119,3,7,Pulaski County                ,435,435,93527536,7,14,3323000,0,0,0,34,318,15622028,419,419,90879488,7,14,3323000,0,0,0,34,318,15622028
201607,05,129,3,7,Searcy County                 ,0,0,0,0,0,0,0,0,0,0,0,0,0,0,0,0,0,0,0,0,0,0,0,0
201607,05,143,3,7,Washington County             ,584,584,135987202,0,0,0,0,0,0,20,378,32884252,508,508,123809120,0,0,0,0,0,0,19,360,30477874
201607,06,001,4,9,Alameda County                ,1507,1507,507119963,2,4,1350398,11,40,9002341,49,1860,284716234,1371,1371,459791832,1,2,799900,11,40,9002341,29,1452,223950409
201607,06,013,4,9,Contra Costa County           ,1089,1089,344944011,0,0,0,0,0,0,15,296,34739131,1013,1013,316354499,0,0,0,0,0,0,1,178,18371141
201607,06,017,4,9,El Dorado County              ,438,438,171767107,0,0,0,0,0,0,0,0,0,438,438,171767107,0,0,0,0,0,0,0,0,0
201607,06,019,4,9,Fresno County                 ,1251,1251,344387275,7,14,2000000,9,34,6009905,9,72,5862852,1120,1120,313964362,7,14,2000000,8,31,5789320,9,72,5862852
201607,06,037,4,9,Los Angeles County            ,2976,2976,1245208719,202,404,76938018,45,171,35311557,207,7100,1314341101,2843,2843,1191781859,199,398,75172518,43,165,34501557,185,6815,1280177289
201607,06,041,4,9,Marin County                  ,99,99,40541908,0,0,0,0,0,0,12,107,10544915,22,22,13366800,0,0,0,0,0,0,0,0,0
201607,06,059,4,9,Orange County                 ,2643,2643,811854011,38,76,18078520,37,120,25087498,93,5336,756283867,2448,2448,722930085,28,56,11411733,36,117,24026100,83,5135,728461349
201607,06,061,4,9,Placer County                 ,1159,1159,385286875,0,0,0,0,0,0,7,156,24098203,1149,1149,382017835,0,0,0,0,0,0,7,156,24098203
201607,06,063,4,9,Plumas County                 ,31,31,5107963,0,0,0,0,0,0,0,0,0,31,31,5107963,0,0,0,0,0,0,0,0,0
201607,06,067,4,9,Sacramento County             ,1388,1388,365790874,9,18,2460379,0,0,0,4,358,46418768,1386,1386,365320174,9,18,2460379,0,0,0,4,358,46418768
201607,06,069,4,9,San Benito County             ,224,224,57446459,0,0,0,0,0,0,1,5,1398501,157,157,37261671,0,0,0,0,0,0,1,5,1398501
201607,06,071,4,9,San Bernardino County         ,1579,1579,398265270,0,0,0,1,3,184952,55,785,99542465,1496,1496,382576267,0,0,0,1,3,184952,53,775,98811681
201607,06,073,4,9,San Diego County              ,1458,1458,460063779,56,112,19422701,52,162,27330044,111,4497,653839386,1431,1431,448766480,56,112,19422701,52,162,27330044,105,4456,646616068
201607,06,075,4,9,San Francisco County          ,44,44,11972339,14,28,11285208,1,3,1150000,20,1665,484325625,44,44,11972339,14,28,11285208,1,3,1150000,20,1665,484325625
201607,06,081,4,9,San Mateo County              ,253,253,168376144,4,8,2285200,3,10,2754246,33,1079,186855810,133,133,118212393,4,8,2285200,3,10,2754246,19,800,136473735
201607,06,085,4,9,Santa Clara County            ,1011,1011,417854802,3,6,2214099,11,40,8342037,51,1574,184652640,986,986,406891390,3,6,2214099,11,40,8342037,49,1550,179135205
201607,06,091,4,9,Sierra County                 ,8,8,1648025,0,0,0,0,0,0,0,0,0,8,8,1648025,0,0,0,0,0,0,0,0,0
201607,06,113,4,9,Yolo County                   ,361,361,101236898,1,2,250000,1,4,400000,6,70,10350000,361,361,101236898,1,2,250000,1,4,400000,6,70,10350000
201607,08,001,4,8,Adams County                  ,1087,1087,297004153,0,0,0,8,28,3024374,14,119,10649134,1002,1002,272925297,0,0,0,7,25,2445239,14,119,10649134
201607,08,005,4,8,Arapahoe County               ,1201,1201,315169212,0,0,0,0,0,0,23,1229,148154793,1188,1188,307106326,0,0,0,0,0,0,23,1229,148154793
201607,08,014,4,8,Broomfield County             ,333,333,110759124,2,4,798111,2,8,1075814,1,5,673523,333,333,110759124,2,4,798111,2,8,1075814,1,5,673523
201607,08,015,4,8,Chaffee County                ,65,65,17202938,2,4,647924,1,3,549700,0,0,0,0,0,0,0,0,0,0,0,0,0,0,0
201607,08,019,4,8,Clear Creek County            ,4,4,1321201,0,0,0,0,0,0,0,0,0,4,4,1321201,0,0,0,0,0,0,0,0,0
201607,08,031,4,8,Denver County                 ,1048,1048,263395391,56,112,22215560,1,4,757100,33,2616,434891972,1048,1048,263395391,56,112,22215560,1,4,757100,33,2616,434891972
201607,08,035,4,8,Douglas County                ,1196,1196,371282425,0,0,0,2,6,1037804,25,586,47796002,1063,1063,331410272,0,0,0,0,0,0,24,576,46945364
201607,08,039,4,8,Elbert County                 ,79,79,18349783,0,0,0,0,0,0,0,0,0,78,78,18189353,0,0,0,0,0,0,0,0,0
201607,08,041,4,8,El Paso County                ,2235,2235,904492017,3,6,548035,0,0,0,8,455,84825184,2235,2235,904492017,3,6,548035,0,0,0,8,455,84825184
201607,08,047,4,8,Gilpin County                 ,18,18,7875000,0,0,0,0,0,0,0,0,0,18,18,7875000,0,0,0,0,0,0,0,0,0
201607,08,069,4,8,Larimer County                ,928,928,265597086,11,22,3493944,16,61,9729460,31,588,69629755,928,928,265597086,11,22,3493944,16,61,9729460,31,588,69629755
201607,08,077,4,8,Mesa County                   ,283,283,67903059,3,6,660357,0,0,0,2,91,9352294,283,283,67903059,3,6,660357,0,0,0,2,91,9352294
201607,08,093,4,8,Park County                   ,70,70,11120059,0,0,0,0,0,0,0,0,0,69,69,10914713,0,0,0,0,0,0,0,0,0
201607,08,101,4,8,Pueblo County                 ,156,156,26719635,0,0,0,0,0,0,0,0,0,156,156,26719635,0,0,0,0,0,0,0,0,0
201607,08,119,4,8,Teller County                 ,35,35,10889421,1,2,220000,0,0,0,2,48,5156336,35,35,10889421,0,0,0,0,0,0,2,48,5156336
201607,09,001,1,1,Fairfield County              ,442,442,265572365,10,20,2867000,3,9,690000,22,1118,182931024,335,335,176592747,10,20,2867000,3,9,690000,20,1106,182213167
201607,09,003,1,1,Hartford County               ,276,276,52926286,2,4,500000,1,3,420000,26,427,54781293,257,257,48607940,2,4,500000,1,3,420000,23,412,54051000
201607,09,007,1,1,Middlesex County              ,87,87,21301055,3,6,1050000,1,3,250000,3,32,3268625,72,72,17184249,3,6,1050000,1,3,250000,2,27,2954000
201607,09,013,1,1,Tolland County                ,100,100,18392996,2,4,365000,0,0,0,15,150,16051554,75,75,12942403,2,4,365000,0,0,0,10,125,12983304
201607,10,001,3,5,Kent County                   ,676,676,99804937,0,0,0,1,4,435500,3,21,1580640,667,667,98624477,0,0,0,1,4,435500,3,21,1580640
201607,10,003,3,5,New Castle County             ,689,689,59170057,3,6,428736,0,0,0,16,423,35601964,576,576,49586191,3,6,428736,0,0,0,6,344,32666350
201607,10,005,3,5,Sussex County                 ,1364,1364,194502605,36,72,7887454,8,29,3833312,10,93,7647183,1364,1364,194502605,36,72,7887454,8,29,3833312,10,93,7647183
201607,11,001,3,5,Washington  DC                ,207,207,46866520,11,22,2381041,2,8,986998,18,1842,181786266,207,207,46866520,11,22,2381041,2,8,986998,18,1842,181786266
201607,12,003,3,5,Baker County                  ,44,44,7963732,1,2,125000,0,0,0,0,0,0,44,44,7963732,1,2,125000,0,0,0,0,0,0
201607,12,019,3,5,Clay County                   ,668,668,141971635,0,0,0,0,0,0,0,0,0,655,655,139048921,0,0,0,0,0,0,0,0,0
201607,12,031,3,5,Duval County                  ,1794,1794,420879484,23,46,4962837,1,4,959228,26,936,93796496,1742,1742,404410804,23,46,4962837,1,4,959228,26,936,93796496
201607,12,033,3,5,Escambia County               ,567,567,131747076,0,0,0,0,0,0,28,476,31690846,567,567,131747076,0,0,0,0,0,0,28,476,31690846
201607,12,053,3,5,Hernando County               ,358,358,64806555,0,0,0,0,0,0,10,160,18593312,355,355,64053815,0,0,0,0,0,0,10,160,18593312
201607,12,057,3,5,Hillsborough County           ,3822,3822,1259916624,3,6,722907,4,15,1788000,57,2506,354611449,3822,3822,1259916624,3,6,722907,4,15,1788000,57,2506,354611449
201607,12,067,3,5,Lafayette County              ,5,5,893270,0,0,0,0,0,0,0,0,0,5,5,893270,0,0,0,0,0,0,0,0,0
201607,12,071,3,5,Lee County                    ,2418,2418,581504806,23,46,3925430,32,128,23323731,26,382,119657119,2418,2418,581504806,23,46,3925430,32,128,23323731,26,382,119657119
201607,12,073,3,5,Leon County                   ,340,340,68706306,2,4,680000,2,6,915000,10,186,18282444,48,48,13758132,0,0,0,0,0,0,0,0,0
201607,12,081,3,5,Manatee County                ,1823,1823,408281383,17,34,3137998,16,64,10502908,25,582,54996784,1578,1578,348696874,17,34,3137998,13,52,8443260,23,533,51856712
201607,12,086,3,5,Miami-Dade County             ,1751,1751,445670861,40,80,14146191,4,14,2407530,84,3197,622544480,1686,1686,409781616,40,80,14146191,4,14,2407530,84,3197,622544480
201607,12,089,3,5,Nassau County                 ,600,600,167898210,2,4,1055913,0,0,0,1,6,1645753,596,596,167164166,2,4,1055913,0,0,0,1,6,1645753
201607,12,091,3,5,Okaloosa County               ,468,468,136717976,0,0,0,1,4,573520,2,64,14962590,442,442,133051521,0,0,0,1,4,573520,2,64,14962590
201607,12,095,3,5,Orange County                 ,3554,3554,965150806,55,110,19714892,7,24,4748456,37,1747,213439650,3452,3452,922308091,55,110,19714892,7,24,4748456,37,1747,213439650
201607,12,097,3,5,Osceola County                ,2347,2347,600235953,1,2,198928,7,28,4628104,6,322,28382194,2065,2065,521371798,1,2,198928,7,28,4628104,6,322,28382194
201607,12,101,3,5,Pasco County                  ,1404,1404,310602048,22,44,3805440,13,52,2045753,28,557,31498555,1232,1232,272535626,17,34,2632810,12,48,1899023,22,498,28155244
201607,12,103,3,5,Pinellas County               ,788,788,210019558,2,4,466040,2,6,1137044,10,793,124847249,684,684,184438928,2,4,466040,1,3,897000,7,758,121550972
201607,12,109,3,5,St. Johns County              ,2208,2208,600572611,0,0,0,7,28,5599051,9,120,17999193,2203,2203,599276465,0,0,0,7,28,5599051,9,120,17999193
201607,12,113,3,5,Santa Rosa County             ,794,794,117804248,0,0,0,0,0,0,0,0,0,794,794,117804248,0,0,0,0,0,0,0,0,0
201607,12,115,3,5,Sarasota County               ,1684,1684,494735971,3,6,1981350,6,24,3372288,18,635,102220921,1684,1684,494735971,3,6,1981350,6,24,3372288,18,635,102220921
201607,12,117,3,5,Seminole County               ,463,463,155838421,4,8,1172999,0,0,0,51,1537,134746149,463,463,155838421,4,8,1172999,0,0,0,51,1537,134746149
201607,12,129,3,5,Wakulla County                ,103,103,14298621,0,0,0,0,0,0,0,0,0,103,103,14298621,0,0,0,0,0,0,0,0,0
201607,12,131,3,5,Walton County                 ,861,861,342507155,0,0,0,0,0,0,1,31,27000000,861,861,342507155,0,0,0,0,0,0,1,31,27000000
201607,12,133,3,5,Washington County             ,29,29,4467006,0,0,0,0,0,0,0,0,0,26,26,3977568,0,0,0,0,0,0,0,0,0
201607,13,007,3,5,Baker County                  ,0,0,0,0,0,0,0,0,0,0,0,0,0,0,0,0,0,0,0,0,0,0,0,0
201607,13,013,3,5,Barrow County                 ,197,197,28449070,0,0,0,0,0,0,1,5,492188,197,197,28449070,0,0,0,0,0,0,0,0,0
201607,13,015,3,5,Bartow County                 ,290,290,61878593,0,0,0,0,0,0,0,0,0,281,281,59957339,0,0,0,0,0,0,0,0,0
201607,13,021,3,5,Bibb County                   ,54,54,8793808,0,0,0,0,0,0,0,0,0,54,54,8793808,0,0,0,0,0,0,0,0,0
201607,13,029,3,5,Bryan County                  ,266,266,58588163,0,0,0,0,0,0,3,16,1216666,176,176,43119452,0,0,0,0,0,0,0,0,0
201607,13,033,3,5,Burke County                  ,29,29,5299000,0,0,0,0,0,0,0,0,0,29,29,5299000,0,0,0,0,0,0,0,0,0
201607,13,035,3,5,Butts County                  ,33,33,4837700,0,0,0,0,0,0,0,0,0,33,33,4837700,0,0,0,0,0,0,0,0,0
201607,13,045,3,5,Carroll County                ,150,150,31391851,0,0,0,6,18,1467306,0,0,0,150,150,31391851,0,0,0,6,18,1467306,0,0,0
201607,13,051,3,5,Chatham County                ,500,500,133438420,4,8,713744,0,0,0,10,170,12915000,500,500,133438420,4,8,713744,0,0,0,10,170,12915000
201607,13,057,3,5,Cherokee County               ,1249,1249,318681876,0,0,0,0,0,0,13,386,33633393,1249,1249,318681876,0,0,0,0,0,0,13,386,33633393
201607,13,059,3,5,Clarke County                 ,63,63,11827860,0,0,0,0,0,0,0,0,0,63,63,11827860,0,0,0,0,0,0,0,0,0
201607,13,063,3,5,Clayton County                ,340,340,77394204,0,0,0,0,0,0,0,0,0,334,334,75544858,0,0,0,0,0,0,0,0,0
201607,13,067,3,5,Cobb County                   ,1081,1081,302473688,2,4,666869,6,22,6114862,27,1190,139607511,1081,1081,302473688,2,4,666869,6,22,6114862,27,1190,139607511
201607,13,073,3,5,Columbia County               ,705,705,126649284,0,0,0,0,0,0,0,0,0,705,705,126649284,0,0,0,0,0,0,0,0,0
201607,13,077,3,5,Coweta County                 ,497,497,166940604,7,14,1548848,4,12,1150268,1,94,10813831,479,479,162933557,7,14,1548848,4,12,1150268,1,94,10813831
201607,13,085,3,5,Dawson County                 ,148,148,30743127,0,0,0,0,0,0,0,0,0,148,148,30743127,0,0,0,0,0,0,0,0,0
201607,13,095,3,5,Dougherty County              ,24,24,3802486,0,0,0,2,8,360000,6,46,4633432,24,24,3802486,0,0,0,2,8,360000,6,46,4633432
201607,13,097,3,5,Douglas County                ,227,227,60442046,0,0,0,0,0,0,0,0,0,227,227,60442046,0,0,0,0,0,0,0,0,0
201607,13,111,3,5,Fannin County                 ,153,153,30655042,0,0,0,0,0,0,0,0,0,153,153,30655042,0,0,0,0,0,0,0,0,0
201607,13,113,3,5,Fayette County                ,216,216,65890310,0,0,0,0,0,0,0,0,0,213,213,64869174,0,0,0,0,0,0,0,0,0
201607,13,117,3,5,Forsyth County                ,1671,1671,241824860,2,4,222760,1,4,244560,22,512,25556360,1671,1671,241824860,2,4,222760,1,4,244560,22,512,25556360
201607,13,121,3,5,Fulton County                 ,2069,2069,536306677,5,10,1267100,0,0,0,63,5822,657726485,2041,2041,531960211,5,10,1267100,0,0,0,60,5794,656281587
201607,13,127,3,5,Glynn County                  ,294,294,77550061,0,0,0,0,0,0,0,0,0,0,0,0,0,0,0,0,0,0,0,0,0
201607,13,135,3,5,Gwinnett County               ,2292,2292,438639361,3,6,306333,0,0,0,3,28,2491687,2019,2019,388660124,3,6,306333,0,0,0,2,10,1003539
201607,13,143,3,5,Haralson County               ,22,22,4552200,0,0,0,0,0,0,0,0,0,19,19,4003565,0,0,0,0,0,0,0,0,0
201607,13,145,3,5,Harris County                 ,117,117,27647665,0,0,0,0,0,0,0,0,0,117,117,27647665,0,0,0,0,0,0,0,0,0
201607,13,149,3,5,Heard County                  ,12,12,1588005,0,0,0,0,0,0,0,0,0,1,1,227857,0,0,0,0,0,0,0,0,0
201607,13,151,3,5,Henry County                  ,834,834,167664402,0,0,0,0,0,0,0,0,0,813,813,164754236,0,0,0,0,0,0,0,0,0
201607,13,159,3,5,Jasper County                 ,37,37,4957038,0,0,0,0,0,0,0,0,0,0,0,0,0,0,0,0,0,0,0,0,0
201607,13,171,3,5,Lamar County                  ,25,25,3083085,0,0,0,0,0,0,0,0,0,25,25,3083085,0,0,0,0,0,0,0,0,0
201607,13,177,3,5,Lee County                    ,71,71,9225286,0,0,0,0,0,0,0,0,0,71,71,9225286,0,0,0,0,0,0,0,0,0
201607,13,179,3,5,Liberty County                ,185,185,42511133,0,0,0,0,0,0,0,0,0,185,185,42511133,0,0,0,0,0,0,0,0,0
201607,13,189,3,5,McDuffie County               ,15,15,2470234,0,0,0,0,0,0,0,0,0,2,2,175000,0,0,0,0,0,0,0,0,0
201607,13,199,3,5,Meriwether County             ,20,20,4393560,0,0,0,0,0,0,0,0,0,17,17,3721952,0,0,0,0,0,0,0,0,0
201607,13,201,3,5,Miller County                 ,1,1,250000,0,0,0,0,0,0,0,0,0,1,1,250000,0,0,0,0,0,0,0,0,0
201607,13,207,3,5,Monroe County                 ,71,71,16435679,0,0,0,0,0,0,0,0,0,64,64,14888782,0,0,0,0,0,0,0,0,0
201607,13,215,3,5,Muscogee County               ,195,195,33085478,0,0,0,2,7,317963,9,133,11893790,17,17,3225419,0,0,0,0,0,0,0,0,0
201607,13,217,3,5,Newton County                 ,185,185,42066084,0,0,0,0,0,0,1,6,700000,185,185,42066084,0,0,0,0,0,0,1,6,700000
201607,13,227,3,5,Pickens County                ,65,65,18783700,0,0,0,0,0,0,0,0,0,65,65,18783700,0,0,0,0,0,0,0,0,0
201607,13,231,3,5,Pike County                   ,44,44,7039600,0,0,0,0,0,0,0,0,0,44,44,7039600,0,0,0,0,0,0,0,0,0
201607,13,235,3,5,Pulaski County                ,6,6,592913,0,0,0,0,0,0,0,0,0,2,2,280000,0,0,0,0,0,0,0,0,0
201607,13,245,3,5,Richmond County               ,204,204,29166101,0,0,0,0,0,0,12,256,17896236,204,204,29166101,0,0,0,0,0,0,12,256,17896236
201607,13,247,3,5,Rockdale County               ,103,103,23619973,0,0,0,0,0,0,0,0,0,103,103,23619973,0,0,0,0,0,0,0,0,0
201607,13,255,3,5,Spalding County               ,122,122,14471182,0,0,0,0,0,0,0,0,0,121,121,14367382,0,0,0,0,0,0,0,0,0
201607,13,275,3,5,Thomas County                 ,51,51,10265072,0,0,0,0,0,0,0,0,0,49,49,9844551,0,0,0,0,0,0,0,0,0
201607,13,291,3,5,Union County                  ,91,91,22301966,0,0,0,0,0,0,0,0,0,91,91,22301966,0,0,0,0,0,0,0,0,0
201607,15,001,4,9,Hawaii County                 ,430,430,161578903,2,4,700000,0,0,0,10,170,36603556,430,430,161578903,2,4,700000,0,0,0,10,170,36603556
201607,15,003,4,9,Honolulu County               ,483,483,189228451,0,0,0,0,0,0,16,637,162543569,483,483,189228451,0,0,0,0,0,0,16,637,162543569
201607,15,007,4,9,Kauai County                  ,111,111,61724291,0,0,0,4,16,18760000,0,0,0,111,111,61724291,0,0,0,4,16,18760000,0,0,0
201607,15,009,4,9,Maui County                   ,142,142,40875052,38,76,19403070,1,3,341040,7,70,20323800,142,142,40875052,38,76,19403070,1,3,341040,7,70,20323800
201607,16,001,4,8,Ada County                    ,2316,2316,576889986,5,10,1487908,20,79,5384407,20,473,57229632,2258,2258,561926656,4,8,1190704,15,60,4158768,17,439,54112326
201607,16,015,4,8,Boise County                  ,36,36,9145688,0,0,0,0,0,0,0,0,0,36,36,9145688,0,0,0,0,0,0,0,0,0
201607,16,027,4,8,Canyon County                 ,806,806,124320850,1,2,136995,30,120,7200000,10,256,17858303,759,759,118004367,1,2,136995,30,120,7200000,10,256,17858303
201607,16,045,4,8,Gem County                    ,32,32,4322597,0,0,0,0,0,0,0,0,0,32,32,4322597,0,0,0,0,0,0,0,0,0
201607,16,073,4,8,Owyhee County                 ,18,18,3279031,0,0,0,0,0,0,0,0,0,17,17,3095616,0,0,0,0,0,0,0,0,0
201607,17,005,2,3,Bond County                   ,7,7,1233456,0,0,0,0,0,0,0,0,0,0,0,0,0,0,0,0,0,0,0,0,0
201607,17,013,2,3,Calhoun County                ,5,5,632490,0,0,0,0,0,0,0,0,0,4,4,520000,0,0,0,0,0,0,0,0,0
201607,17,031,2,3,Cook County                   ,979,979,365375282,22,44,12656200,79,259,48719088,104,4480,577770571,881,881,330793529,22,44,12656200,79,259,48719088,101,4422,571313725
201607,17,037,2,3,DeKalb County                 ,46,46,9899178,0,0,0,1,4,676000,0,0,0,43,43,9342232,0,0,0,1,4,676000,0,0,0
201607,17,039,2,3,De Witt County                ,9,9,1543000,0,0,0,0,0,0,0,0,0,9,9,1543000,0,0,0,0,0,0,0,0,0
201607,17,043,2,3,DuPage County                 ,536,536,216244274,5,10,1322777,0,0,0,4,25,3191639,487,487,196446233,4,8,1000000,0,0,0,3,15,2000150
201607,17,063,2,3,Grundy County                 ,42,42,9257615,0,0,0,0,0,0,13,76,3897432,36,36,8294321,0,0,0,0,0,0,0,0,0
201607,17,083,2,3,Jersey County                 ,16,16,2587116,0,0,0,0,0,0,0,0,0,8,8,1342244,0,0,0,0,0,0,0,0,0
201607,17,093,2,3,Kendall County                ,113,113,21229943,0,0,0,7,28,2559500,0,0,0,90,90,17091053,0,0,0,7,28,2559500,0,0,0
201607,17,097,2,3,Lake County                   ,342,342,114279611,8,16,973760,1,3,150000,3,24,2625912,246,246,77270880,6,12,500000,0,0,0,3,24,2625912
201607,17,111,2,3,McHenry County                ,197,197,35412730,0,0,0,2,8,640000,2,10,800000,166,166,32255877,0,0,0,2,8,640000,2,10,800000
201607,17,119,2,3,Madison County                ,215,215,57004365,2,4,755031,2,8,3323411,12,76,10241308,207,207,55651010,2,4,755031,2,8,3323411,12,76,10241308
201607,17,133,2,3,Monroe County                 ,85,85,20622797,1,2,240324,0,0,0,0,0,0,74,74,18185772,0,0,0,0,0,0,0,0,0
201607,17,197,2,3,Will County                   ,664,664,183741165,4,8,1296000,0,0,0,20,501,62946000,587,587,169130513,4,8,1296000,0,0,0,19,496,62696000
201607,18,003,2,3,Allen County                  ,554,554,140803038,22,44,3127516,0,0,0,21,198,15215000,554,554,140803038,22,44,3127516,0,0,0,21,198,15215000
201607,18,011,2,3,Boone County                  ,266,266,76230384,4,8,765700,0,0,0,0,0,0,265,265,75988005,4,8,765700,0,0,0,0,0,0
201607,18,013,2,3,Brown County                  ,21,21,5222822,0,0,0,0,0,0,0,0,0,19,19,4804448,0,0,0,0,0,0,0,0,0
201607,18,019,2,3,Clark County                  ,258,258,50607366,4,8,981871,0,0,0,0,0,0,239,239,47802409,4,8,981871,0,0,0,0,0,0
201607,18,047,2,3,Franklin County               ,22,22,4411508,0,0,0,0,0,0,0,0,0,22,22,4411508,0,0,0,0,0,0,0,0,0
201607,18,057,2,3,Hamilton County               ,1310,1310,470293969,13,26,3143338,11,39,5239050,27,276,27585108,1202,1202,435472025,13,26,3143338,11,39,5239050,23,230,22619415
201607,18,059,2,3,Hancock County                ,241,241,47980818,1,2,50000,0,0,0,5,76,5296525,241,241,47980818,1,2,50000,0,0,0,5,76,5296525
201607,18,061,2,3,Harrison County               ,86,86,16764396,0,0,0,0,0,0,0,0,0,86,86,16764396,0,0,0,0,0,0,0,0,0
201607,18,063,2,3,Hendricks County              ,504,504,118354232,3,6,600000,0,0,0,0,0,0,482,482,113796670,3,6,600000,0,0,0,0,0,0
201607,18,069,2,3,Huntington County             ,38,38,7581625,0,0,0,0,0,0,0,0,0,38,38,7581625,0,0,0,0,0,0,0,0,0
201607,18,073,2,3,Jasper County                 ,38,38,8352231,0,0,0,0,0,0,0,0,0,38,38,8352231,0,0,0,0,0,0,0,0,0
201607,18,081,2,3,Johnson County                ,383,383,92829508,9,18,3101300,0,0,0,0,0,0,365,365,90749266,9,18,3101300,0,0,0,0,0,0
201607,18,087,2,3,Lagrange County               ,81,81,14829000,0,0,0,0,0,0,0,0,0,81,81,14829000,0,0,0,0,0,0,0,0,0
201607,18,089,2,3,Lake County                   ,535,535,129441318,4,8,741800,4,13,1385729,3,25,3753953,518,518,125691028,4,8,741800,4,13,1385729,3,25,3753953
201607,18,097,2,3,Marion County                 ,571,571,138380543,23,46,6663654,0,0,0,9,313,61859372,492,492,119878953,21,42,5709180,0,0,0,4,213,24176760
201607,18,105,2,3,Monroe County                 ,152,152,37819489,10,20,2413717,0,0,0,3,36,3675196,111,111,27911499,10,20,2413717,0,0,0,1,8,967464
201607,18,109,2,3,Morgan County                 ,55,55,12835508,0,0,0,0,0,0,0,0,0,54,54,12656946,0,0,0,0,0,0,0,0,0
201607,18,111,2,3,Newton County                 ,9,9,1902215,0,0,0,0,0,0,0,0,0,9,9,1902215,0,0,0,0,0,0,0,0,0
201607,18,115,2,3,Ohio County                   ,5,5,882000,0,0,0,0,0,0,0,0,0,5,5,882000,0,0,0,0,0,0,0,0,0
201607,18,119,2,3,Owen County                   ,20,20,3833035,0,0,0,0,0,0,0,0,0,18,18,3579093,0,0,0,0,0,0,0,0,0
201607,18,127,2,3,Porter County                 ,207,207,59267084,2,4,535800,0,0,0,7,118,15577909,194,194,56979029,2,4,535800,0,0,0,7,118,15577909
201607,18,133,2,3,Putnam County                 ,27,27,7174455,3,6,435000,0,0,0,0,0,0,26,26,6988355,3,6,435000,0,0,0,0,0,0
201607,18,145,2,3,Shelby County                 ,40,40,8044573,4,8,896000,0,0,0,0,0,0,40,40,8044573,4,8,896000,0,0,0,0,0,0
201607,18,151,2,3,Steuben County                ,56,56,12070989,2,4,490000,0,0,0,0,0,0,56,56,12070989,2,4,490000,0,0,0,0,0,0
201607,18,157,2,3,Tippecanoe County             ,264,264,58691530,5,10,1800000,0,0,0,5,45,3802867,27,27,4869000,0,0,0,0,0,0,2,26,2050000
201607,18,163,2,3,Vanderburgh County            ,196,196,32043044,5,10,715000,0,0,0,4,74,900000,196,196,32043044,5,10,715000,0,0,0,4,74,900000
201607,18,167,2,3,Vigo County                   ,48,48,3647000,5,10,508286,1,4,212250,2,10,1105000,46,46,3332000,3,6,180000,0,0,0,0,0,0
201607,18,175,2,3,Washington County             ,21,21,2892751,0,0,0,0,0,0,0,0,0,0,0,0,0,0,0,0,0,0,0,0,0
201607,18,183,2,3,Whitley County                ,58,58,10379000,0,0,0,0,0,0,2,34,1475000,58,58,10379000,0,0,0,0,0,0,2,34,1475000
201607,19,049,2,4,Dallas County                 ,466,466,124893906,0,0,0,0,0,0,6,226,24615811,465,465,124623978,0,0,0,0,0,0,4,216,23694759
201607,19,085,2,4,Harrison County               ,17,17,3073553,0,0,0,1,3,500000,0,0,0,13,13,2808188,0,0,0,0,0,0,0,0,0
201607,19,129,2,4,Mills County                  ,2,2,690000,0,0,0,0,0,0,0,0,0,2,2,690000,0,0,0,0,0,0,0,0,0
201607,19,153,2,4,Polk County                   ,1439,1439,360628604,9,18,2696393,0,0,0,20,1249,155484374,1410,1410,355261454,9,18,2696393,0,0,0,20,1249,155484374
201607,19,181,2,4,Warren County                 ,138,138,30665216,6,12,1734600,2,8,800000,1,116,10944453,137,137,30446486,6,12,1734600,2,8,800000,1,116,10944453
201607,20,091,2,4,Johnson County                ,1002,1002,331140002,6,12,1631854,3,11,1314223,28,658,97850073,779,779,254459347,6,12,1631854,1,4,363000,24,595,90890950
201607,20,103,2,4,Leavenworth County            ,139,139,28375875,0,0,0,4,16,1767000,1,42,2195558,139,139,28375875,0,0,0,4,16,1767000,1,42,2195558
201607,20,107,2,4,Linn County                   ,18,18,1654625,0,0,0,0,0,0,0,0,0,12,12,831500,0,0,0,0,0,0,0,0,0
201607,20,121,2,4,Miami County                  ,44,44,10353563,0,0,0,0,0,0,0,0,0,16,16,2814741,0,0,0,0,0,0,0,0,0
201607,20,209,2,4,Wyandotte County              ,135,135,25334527,10,20,1745000,0,0,0,0,0,0,135,135,25334527,10,20,1745000,0,0,0,0,0,0
201607,21,005,3,6,Anderson County               ,42,42,8573116,0,0,0,0,0,0,0,0,0,42,42,8573116,0,0,0,0,0,0,0,0,0
201607,21,015,3,6,Boone County                  ,241,241,38781134,2,4,200000,0,0,0,5,70,4777195,241,241,38781134,2,4,200000,0,0,0,5,70,4777195
201607,21,017,3,6,Bourbon County                ,13,13,3615062,0,0,0,0,0,0,0,0,0,8,8,2125000,0,0,0,0,0,0,0,0,0
201607,21,021,3,6,Boyle County                  ,13,13,2752000,1,2,55000,1,3,450000,0,0,0,13,13,2752000,1,2,55000,1,3,450000,0,0,0
201607,21,029,3,6,Bullitt County                ,222,222,45842823,0,0,0,0,0,0,0,0,0,161,161,33199873,0,0,0,0,0,0,0,0,0
201607,21,035,3,6,Calloway County               ,16,16,2712000,10,20,1694000,0,0,0,2,16,1245000,16,16,2712000,10,20,1694000,0,0,0,2,16,1245000
201607,21,037,3,6,Campbell County               ,105,105,26980794,7,14,1150231,1,3,324000,5,199,19761840,105,105,26980794,7,14,1150231,1,3,324000,5,199,19761840
201607,21,045,3,6,Casey County                  ,0,0,0,0,0,0,0,0,0,0,0,0,0,0,0,0,0,0,0,0,0,0,0,0
201607,21,047,3,6,Christian County              ,35,35,3009990,7,14,941000,5,19,1055000,2,14,500000,23,23,2155590,7,14,941000,5,19,1055000,2,14,500000
201607,21,049,3,6,Clark County                  ,33,33,7151176,1,2,400000,0,0,0,0,0,0,31,31,6805000,0,0,0,0,0,0,0,0,0
201607,21,067,3,6,Fayette County                ,429,429,64200827,5,10,1022777,2,6,720000,13,313,18192984,0,0,0,0,0,0,0,0,0,0,0,0
201607,21,069,3,6,Fleming County                ,0,0,0,0,0,0,0,0,0,0,0,0,0,0,0,0,0,0,0,0,0,0,0,0
201607,21,077,3,6,Gallatin County               ,8,8,1750000,0,0,0,0,0,0,0,0,0,8,8,1750000,0,0,0,0,0,0,0,0,0
201607,21,081,3,6,Grant County                  ,20,20,3947136,0,0,0,0,0,0,2,10,627500,6,6,965000,0,0,0,0,0,0,0,0,0
201607,21,091,3,6,Hancock County                ,3,3,612585,0,0,0,0,0,0,0,0,0,3,3,612585,0,0,0,0,0,0,0,0,0
201607,21,099,3,6,Hart County                   ,27,27,2625750,0,0,0,0,0,0,7,35,3974166,0,0,0,0,0,0,0,0,0,0,0,0
201607,21,101,3,6,Henderson County              ,19,19,4516222,1,2,99000,2,8,425000,0,0,0,18,18,4342905,1,2,99000,2,8,425000,0,0,0
201607,21,103,3,6,Henry County                  ,20,20,4059500,0,0,0,0,0,0,0,0,0,20,20,4059500,0,0,0,0,0,0,0,0,0
201607,21,111,3,6,Jefferson County              ,629,629,133480985,2,4,418346,5,20,595448,41,730,48042893,276,276,58567264,0,0,0,1,4,150000,23,418,22589260
201607,21,113,3,6,Jessamine County              ,100,100,30071130,0,0,0,2,8,1100000,0,0,0,100,100,30071130,0,0,0,2,8,1100000,0,0,0
201607,21,115,3,6,Johnson County                ,2,2,908569,0,0,0,0,0,0,0,0,0,2,2,908569,0,0,0,0,0,0,0,0,0
201607,21,117,3,6,Kenton County                 ,208,208,37138902,0,0,0,0,0,0,6,41,4783494,208,208,37138902,0,0,0,0,0,0,6,41,4783494
201607,21,121,3,6,Knox County                   ,0,0,0,0,0,0,0,0,0,0,0,0,0,0,0,0,0,0,0,0,0,0,0,0
201607,21,123,3,6,Larue County                  ,16,16,3630389,0,0,0,0,0,0,0,0,0,16,16,3630389,0,0,0,0,0,0,0,0,0
201607,21,137,3,6,Lincoln County                ,18,18,3621344,0,0,0,0,0,0,0,0,0,18,18,3621344,0,0,0,0,0,0,0,0,0
201607,21,145,3,6,McCracken County              ,107,107,20060803,0,0,0,0,0,0,3,30,3234108,107,107,20060803,0,0,0,0,0,0,3,30,3234108
201607,21,151,3,6,Madison County                ,103,103,9595867,9,18,799980,0,0,0,9,59,2080004,36,36,3796000,4,8,235000,0,0,0,2,24,900000
201607,21,157,3,6,Marshall County               ,32,32,7319320,0,0,0,0,0,0,1,8,830000,32,32,7319320,0,0,0,0,0,0,1,8,830000
201607,21,161,3,6,Mason County                  ,15,15,2580000,0,0,0,0,0,0,0,0,0,15,15,2580000,0,0,0,0,0,0,0,0,0
201607,21,163,3,6,Meade County                  ,41,41,5994396,1,2,199000,0,0,0,0,0,0,37,37,5378900,1,2,199000,0,0,0,0,0,0
201607,21,167,3,6,Mercer County                 ,26,26,3644543,6,12,825000,0,0,0,0,0,0,0,0,0,0,0,0,0,0,0,0,0,0
201607,21,175,3,6,Morgan County                 ,11,11,825000,0,0,0,0,0,0,0,0,0,0,0,0,0,0,0,0,0,0,0,0,0
201607,21,179,3,6,Nelson County                 ,77,77,13181134,0,0,0,1,3,232000,0,0,0,77,77,13181134,0,0,0,1,3,232000,0,0,0
201607,21,185,3,6,Oldham County                 ,175,175,46864643,0,0,0,0,0,0,0,0,0,0,0,0,0,0,0,0,0,0,0,0,0
201607,21,191,3,6,Pendleton County              ,0,0,0,0,0,0,0,0,0,0,0,0,0,0,0,0,0,0,0,0,0,0,0,0
201607,21,209,3,6,Scott County                  ,292,292,40272125,1,2,125000,0,0,0,22,337,21967500,292,292,40272125,1,2,125000,0,0,0,22,337,21967500
201607,21,211,3,6,Shelby County                 ,127,127,27921872,0,0,0,0,0,0,7,168,7000000,127,127,27921872,0,0,0,0,0,0,7,168,7000000
201607,21,213,3,6,Simpson County                ,45,45,5291873,1,2,142000,0,0,0,0,0,0,42,42,4790709,0,0,0,0,0,0,0,0,0
201607,21,215,3,6,Spencer County                ,71,71,16109987,0,0,0,0,0,0,0,0,0,71,71,16109987,0,0,0,0,0,0,0,0,0
201607,21,221,3,6,Trigg County                  ,6,6,1362764,0,0,0,0,0,0,0,0,0,6,6,1362764,0,0,0,0,0,0,0,0,0
201607,21,225,3,6,Union County                  ,4,4,819058,1,2,142084,0,0,0,0,0,0,3,3,603557,1,2,142084,0,0,0,0,0,0
201607,21,239,3,6,Woodford County               ,38,38,7840950,0,0,0,0,0,0,0,0,0,38,38,7840950,0,0,0,0,0,0,0,0,0
201607,22,005,3,7,Ascension Parish              ,465,465,76338388,0,0,0,0,0,0,0,0,0,458,458,75295430,0,0,0,0,0,0,0,0,0
201607,22,015,3,7,Bossier Parish                ,346,346,63270735,0,0,0,0,0,0,6,82,3000000,320,320,58631875,0,0,0,0,0,0,6,82,3000000
201607,22,017,3,7,Caddo Parish                  ,157,157,44092976,0,0,0,0,0,0,0,0,0,157,157,44092976,0,0,0,0,0,0,0,0,0
201607,22,031,3,7,De Soto Parish                ,51,51,12475099,0,0,0,0,0,0,10,120,8858759,51,51,12475099,0,0,0,0,0,0,10,120,8858759
201607,22,033,3,7,East Baton Rouge Parish       ,782,782,188420596,0,0,0,4,16,4166292,0,0,0,681,681,163703090,0,0,0,4,16,4166292,0,0,0
201607,22,037,3,7,East Feliciana Parish         ,23,23,4613963,0,0,0,0,0,0,0,0,0,14,14,2804565,0,0,0,0,0,0,0,0,0
201607,22,047,3,7,Iberville Parish              ,49,49,9083768,0,0,0,0,0,0,0,0,0,15,15,3340301,0,0,0,0,0,0,0,0,0
201607,22,051,3,7,Jefferson Parish              ,246,246,54146221,4,8,292800,3,10,469180,0,0,0,210,210,46644512,4,8,292800,3,10,469180,0,0,0
201607,22,055,3,7,Lafayette Parish              ,732,732,139697960,0,0,0,1,4,1000000,0,0,0,541,541,109125760,0,0,0,1,4,1000000,0,0,0
201607,22,063,3,7,Livingston Parish             ,496,496,108594156,2,4,440000,0,0,0,0,0,0,419,419,92775294,2,4,440000,0,0,0,0,0,0
201607,22,071,3,7,Orleans Parish                ,165,165,36655303,16,32,3056419,3,10,956270,6,132,19417760,4,4,470900,1,2,168400,0,0,0,0,0,0
201607,22,075,3,7,Plaquemines Parish            ,25,25,7751744,1,2,280000,0,0,0,0,0,0,25,25,7751744,1,2,280000,0,0,0,0,0,0
201607,22,077,3,7,Pointe Coupee Parish          ,30,30,7285272,0,0,0,0,0,0,0,0,0,30,30,7285272,0,0,0,0,0,0,0,0,0
201607,22,087,3,7,St. Bernard Parish            ,52,52,7200181,0,0,0,0,0,0,0,0,0,22,22,2440977,0,0,0,0,0,0,0,0,0
201607,22,089,3,7,St. Charles Parish            ,76,76,14599105,1,2,213550,0,0,0,0,0,0,76,76,14599105,1,2,213550,0,0,0,0,0,0
201607,22,091,3,7,St. Helena Parish             ,0,0,0,0,0,0,0,0,0,0,0,0,0,0,0,0,0,0,0,0,0,0,0,0
201607,22,095,3,7,St. John the Baptist Parish   ,27,27,4436639,0,0,0,0,0,0,0,0,0,7,7,1143500,0,0,0,0,0,0,0,0,0
201607,22,099,3,7,St. Martin Parish             ,93,93,18641069,0,0,0,0,0,0,0,0,0,75,75,15133928,0,0,0,0,0,0,0,0,0
201607,22,103,3,7,St. Tammany Parish            ,873,873,201518176,1,2,260000,0,0,0,0,0,0,846,846,191867845,0,0,0,0,0,0,0,0,0
201607,22,109,3,7,Terrebonne Parish             ,82,82,19749291,0,0,0,1,3,525000,0,0,0,82,82,19749291,0,0,0,1,3,525000,0,0,0
201607,22,121,3,7,West Baton Rouge Parish       ,161,161,23742697,0,0,0,0,0,0,0,0,0,151,151,22832077,0,0,0,0,0,0,0,0,0
201607,22,125,3,7,West Feliciana Parish         ,24,24,9212450,0,0,0,0,0,0,0,0,0,20,20,8150439,0,0,0,0,0,0,0,0,0
201607,23,000,1,1,Maine Unorganized Territory   ,47,47,6241612,0,0,0,0,0,0,0,0,0,0,0,0,0,0,0,0,0,0,0,0,0
201607,24,003,3,5,Anne Arundel County           ,1045,1045,195872300,28,56,6068390,0,0,0,5,266,52347801,1036,1036,194324829,28,56,6068390,0,0,0,4,261,51724618
201607,24,005,3,5,Baltimore County              ,463,463,101401523,16,32,2120000,0,0,0,3,159,23500000,463,463,101401523,16,32,2120000,0,0,0,3,159,23500000
201607,24,009,3,5,Calvert County                ,145,145,32837432,0,0,0,0,0,0,0,0,0,113,113,25631823,0,0,0,0,0,0,0,0,0
201607,24,013,3,5,Carroll County                ,137,137,31922752,0,0,0,0,0,0,0,0,0,137,137,31922752,0,0,0,0,0,0,0,0,0
201607,24,015,3,5,Cecil County                  ,51,51,12393017,0,0,0,0,0,0,0,0,0,51,51,12393017,0,0,0,0,0,0,0,0,0
201607,24,017,3,5,Charles County                ,499,499,100616500,0,0,0,0,0,0,3,72,5932425,499,499,100616500,0,0,0,0,0,0,3,72,5932425
201607,24,021,3,5,Frederick County              ,454,454,106790226,0,0,0,1,4,503134,40,642,78222007,438,438,103205243,0,0,0,1,4,503134,38,628,76746416
201607,24,023,3,5,Garrett County                ,23,23,9918749,0,0,0,0,0,0,0,0,0,23,23,9918749,0,0,0,0,0,0,0,0,0
201607,24,025,3,5,Harford County                ,350,350,75129336,4,8,630000,0,0,0,0,0,0,339,339,70907830,4,8,630000,0,0,0,0,0,0
201607,24,027,3,5,Howard County                 ,651,651,144563956,8,16,1400000,0,0,0,6,808,121330662,651,651,144563956,8,16,1400000,0,0,0,6,808,121330662
201607,24,031,3,5,Montgomery County             ,830,830,189247532,0,0,0,0,0,0,11,871,116936399,695,695,160291878,0,0,0,0,0,0,9,740,99711502
201607,24,033,3,5,Prince George County          ,964,964,218939125,0,0,0,0,0,0,8,353,32843539,964,964,218939125,0,0,0,0,0,0,8,353,32843539
201607,24,035,3,5,Queen Anne County             ,76,76,16030073,2,4,600000,0,0,0,2,51,2624000,75,75,15930073,2,4,600000,0,0,0,2,51,2624000
201607,24,037,3,5,St. Mary's County             ,375,375,74678337,0,0,0,1,4,898854,1,5,955000,375,375,74678337,0,0,0,1,4,898854,1,5,955000
201607,24,037,3,5,St. Marys County              ,375,375,74678337,0,0,0,1,4,898854,1,5,955000,375,375,74678337,0,0,0,1,4,898854,1,5,955000
201607,24,039,3,5,Somerset County               ,10,10,2008068,0,0,0,0,0,0,0,0,0,4,4,778800,0,0,0,0,0,0,0,0,0
201607,24,045,3,5,Wicomico County               ,37,37,6251397,1,2,358132,1,4,554840,2,10,1065510,36,36,6129382,1,2,358132,1,4,554840,2,10,1065510
201607,24,510,3,5,Baltimore (Independent City)  ,137,137,21859283,4,8,568000,0,0,0,15,238,34615999,96,96,16054600,2,4,150000,0,0,0,13,66,6500000
201607,25,005,1,1,Bristol County                ,422,422,86828840,2,4,192000,0,0,0,21,522,46312890,329,329,70355040,2,4,192000,0,0,0,21,522,46312890
201607,25,009,1,1,Essex County                  ,407,407,125350229,32,64,11332960,2,7,872900,8,121,20024356,294,294,90820826,30,60,10714960,2,7,872900,1,71,13750318
201607,25,017,1,1,Middlesex County              ,936,936,264610799,43,86,11500686,20,70,10220694,45,1242,199269856,673,673,191829282,30,60,7272836,17,61,7989745,18,997,160347477
201607,25,021,1,1,Norfolk County                ,465,465,215872366,3,6,1097518,0,0,0,23,417,60087493,397,397,198169913,1,2,475000,0,0,0,5,310,50736000
201607,25,023,1,1,Plymouth County               ,581,581,136582064,3,6,709040,5,19,1871139,15,80,8764395,445,445,105195215,3,6,709040,0,0,0,3,18,2000000
201607,25,025,1,1,Suffolk County                ,34,34,8410936,35,70,13192564,21,69,16922788,42,986,285704504,31,31,7925806,34,68,12971560,21,69,16922788,28,871,269964597
201607,26,000,2,3,Michigan Balance of State     ,35,35,6435874,0,0,0,0,0,0,0,0,0,0,0,0,0,0,0,0,0,0,0,0,0
201607,26,019,2,3,Benzie County                 ,42,42,8948701,0,0,0,0,0,0,0,0,0,42,42,8948701,0,0,0,0,0,0,0,0,0
201607,26,029,2,3,Charlevoix County             ,18,18,5344287,4,8,2548128,0,0,0,0,0,0,0,0,0,0,0,0,0,0,0,0,0,0
201607,26,089,2,3,Leelanau County               ,66,66,20189015,0,0,0,0,0,0,0,0,0,66,66,20189015,0,0,0,0,0,0,0,0,0
201607,26,093,2,3,Livingston County             ,371,371,93171884,0,0,0,3,12,2366807,0,0,0,356,356,91640809,0,0,0,3,12,2366807,0,0,0
201607,26,095,2,3,Luce County                   ,6,6,1263845,0,0,0,0,0,0,0,0,0,6,6,1263845,0,0,0,0,0,0,0,0,0
201607,26,099,2,3,Macomb County                 ,1040,1040,241504959,11,22,3504040,2,7,1404975,9,76,11647917,1023,1023,238718179,11,22,3504040,1,4,1209975,8,71,11081420
201607,26,103,2,3,Marquette County              ,49,49,10943950,0,0,0,0,0,0,0,0,0,49,49,10943950,0,0,0,0,0,0,0,0,0
201607,26,137,2,3,Otsego County                 ,8,8,648000,0,0,0,0,0,0,0,0,0,0,0,0,0,0,0,0,0,0,0,0,0
201607,26,147,2,3,St. Clair County              ,128,128,28527133,0,0,0,0,0,0,0,0,0,117,117,26660559,0,0,0,0,0,0,0,0,0
201607,26,163,2,3,Wayne County                  ,612,612,174220433,31,62,3337000,9,29,4381665,17,397,33503885,587,587,168700246,31,62,3337000,9,29,4381665,17,397,33503885
201607,27,003,2,4,Anoka County                  ,524,524,143945828,5,10,1650000,0,0,0,2,144,19432538,502,502,138295715,5,10,1650000,0,0,0,2,144,19432538
201607,27,019,2,4,Carver County                 ,367,367,104002465,0,0,0,0,0,0,1,5,943444,356,356,100447252,0,0,0,0,0,0,1,5,943444
201607,27,025,2,4,Chisago County                ,118,118,19008801,0,0,0,0,0,0,0,0,0,91,91,15151970,0,0,0,0,0,0,0,0,0
201607,27,027,2,4,Clay County                   ,137,137,29859285,13,26,3850000,0,0,0,4,36,2980000,135,135,29294100,13,26,3850000,0,0,0,4,36,2980000
201607,27,037,2,4,Dakota County                 ,620,620,180878304,0,0,0,4,16,2694000,10,109,15265000,582,582,168927018,0,0,0,4,16,2694000,10,109,15265000
201607,27,053,2,4,Hennepin County               ,900,900,366545731,0,0,0,2,8,2269933,13,767,148120131,857,857,349044813,0,0,0,2,8,2269933,10,732,142383294
201607,27,059,2,4,Isanti County                 ,120,120,20151528,0,0,0,0,0,0,0,0,0,120,120,20151528,0,0,0,0,0,0,0,0,0
201607,27,123,2,4,Ramsey County                 ,145,145,43579941,0,0,0,0,0,0,4,314,38218956,144,144,43230236,0,0,0,0,0,0,4,314,38218956
201607,27,139,2,4,Scott County                  ,286,286,92626696,0,0,0,0,0,0,2,14,2312000,284,284,92120253,0,0,0,0,0,0,2,14,2312000
201607,27,141,2,4,Sherburne County              ,223,223,52020952,0,0,0,0,0,0,0,0,0,218,218,51379282,0,0,0,0,0,0,0,0,0
201607,27,163,2,4,Washington County             ,417,417,143732058,0,0,0,3,10,1918000,1,62,5650000,382,382,128229771,0,0,0,3,10,1918000,1,62,5650000
201607,27,171,2,4,Wright County                 ,369,369,100528473,2,4,140000,0,0,0,0,0,0,349,349,96483778,2,4,140000,0,0,0,0,0,0
201607,28,033,3,6,DeSoto County                 ,702,702,105246520,0,0,0,0,0,0,2,13,847500,552,552,74930948,0,0,0,0,0,0,2,13,847500
201607,28,041,3,6,Greene County                 ,0,0,0,0,0,0,0,0,0,0,0,0,0,0,0,0,0,0,0,0,0,0,0,0
201607,28,045,3,6,Hancock County                ,219,219,34678772,3,6,555537,6,21,2107587,7,72,6095715,37,37,7813841,0,0,0,0,0,0,0,0,0
201607,28,047,3,6,Harrison County               ,560,560,91921904,4,8,771714,2,8,470000,0,0,0,488,488,83646818,4,8,771714,2,8,470000,0,0,0
201607,28,067,3,6,Jones County                  ,14,14,2090925,1,2,100000,0,0,0,0,0,0,1,1,278650,1,2,100000,0,0,0,0,0,0
201607,28,137,3,6,Tate County                   ,51,51,8103147,0,0,0,0,0,0,0,0,0,51,51,8103147,0,0,0,0,0,0,0,0,0
201607,28,143,3,6,Tunica County                 ,14,14,1124480,0,0,0,0,0,0,0,0,0,0,0,0,0,0,0,0,0,0,0,0,0
201607,28,145,3,6,Union County                  ,9,9,1420000,0,0,0,0,0,0,0,0,0,9,9,1420000,0,0,0,0,0,0,0,0,0
201607,28,149,3,6,Warren County                 ,1,1,23000,0,0,0,0,0,0,0,0,0,1,1,23000,0,0,0,0,0,0,0,0,0
201607,29,013,2,4,Bates County                  ,1,1,80000,0,0,0,0,0,0,0,0,0,1,1,80000,0,0,0,0,0,0,0,0,0
201607,29,019,2,4,Boone County                  ,536,536,118820502,5,10,1105924,1,4,495000,6,306,51960872,536,536,118820502,5,10,1105924,1,4,495000,6,306,51960872
201607,29,049,2,4,Clinton County                ,27,27,4878210,0,0,0,0,0,0,0,0,0,25,25,4338000,0,0,0,0,0,0,0,0,0
201607,29,065,2,4,Dent County                   ,0,0,0,0,0,0,0,0,0,0,0,0,0,0,0,0,0,0,0,0,0,0,0,0
201607,29,071,2,4,Franklin County               ,264,264,42531165,0,0,0,0,0,0,1,5,166667,183,183,33146936,0,0,0,0,0,0,0,0,0
201607,29,095,2,4,Jackson County                ,1052,1052,236119527,14,28,3096976,45,179,14040113,26,1280,126510706,1049,1049,235532421,14,28,3096976,45,179,14040113,26,1280,126510706
201607,29,099,2,4,Jefferson County              ,354,354,56507153,2,4,600000,1,3,467595,0,0,0,322,322,52601511,2,4,600000,1,3,467595,0,0,0
201607,29,105,2,4,Laclede County                ,5,5,1552000,0,0,0,0,0,0,0,0,0,5,5,1552000,0,0,0,0,0,0,0,0,0
201607,29,107,2,4,Lafayette County              ,21,21,4742526,0,0,0,0,0,0,0,0,0,6,6,1276991,0,0,0,0,0,0,0,0,0
201607,29,113,2,4,Lincoln County                ,63,63,10091553,1,2,90000,2,8,958101,0,0,0,63,63,10091553,1,2,90000,2,8,958101,0,0,0
201607,29,165,2,4,Platte County                 ,149,149,40281472,1,2,220000,5,15,1907173,4,40,2629629,140,140,38241412,1,2,220000,5,15,1907173,0,0,0
201607,29,185,2,4,St. Clair County              ,1,1,150000,0,0,0,0,0,0,0,0,0,1,1,150000,0,0,0,0,0,0,0,0,0
201607,29,189,2,4,St. Louis County              ,526,526,217572591,0,0,0,0,0,0,12,344,55951475,180,180,82795991,0,0,0,0,0,0,5,144,32400100
201607,29,219,2,4,Warren County                 ,99,99,22831776,0,0,0,0,0,0,0,0,0,98,98,22671384,0,0,0,0,0,0,0,0,0
201607,29,221,2,4,Washington County             ,1,1,160000,0,0,0,0,0,0,0,0,0,1,1,160000,0,0,0,0,0,0,0,0,0
201607,29,510,2,4,St. Louis (Independent City)  ,49,49,8894600,5,10,600000,0,0,0,5,764,59200000,49,49,8894600,5,10,600000,0,0,0,5,764,59200000
201607,30,033,4,8,Garfield County               ,0,0,0,0,0,0,0,0,0,0,0,0,0,0,0,0,0,0,0,0,0,0,0,0
201607,30,063,4,8,Missoula County               ,208,208,34762033,5,10,788912,3,11,322535,4,60,5155559,208,208,34762033,5,10,788912,3,11,322535,4,60,5155559
201607,30,093,4,8,Silver Bow County             ,30,30,3159338,0,0,0,1,4,172466,0,0,0,30,30,3159338,0,0,0,1,4,172466,0,0,0
201607,31,001,2,4,Adams County                  ,32,32,7869532,0,0,0,0,0,0,0,0,0,32,32,7869532,0,0,0,0,0,0,0,0,0
201607,31,025,2,4,Cass County                   ,55,55,9686876,1,2,142475,0,0,0,0,0,0,46,46,8029462,1,2,142475,0,0,0,0,0,0
201607,31,033,2,4,Cheyenne County               ,7,7,1316323,0,0,0,0,0,0,0,0,0,7,7,1316323,0,0,0,0,0,0,0,0,0
201607,31,055,2,4,Douglas County                ,950,950,150968901,0,0,0,1,3,257535,16,846,52163049,892,892,137166416,0,0,0,1,3,257535,16,846,52163049
201607,31,105,2,4,Kimball County                ,0,0,0,0,0,0,0,0,0,0,0,0,0,0,0,0,0,0,0,0,0,0,0,0
201607,31,153,2,4,Sarpy County                  ,593,593,157444002,2,4,366023,0,0,0,1,24,382969,593,593,157444002,2,4,366023,0,0,0,1,24,382969
201607,31,165,2,4,Sioux County                  ,1,1,65000,0,0,0,0,0,0,0,0,0,1,1,65000,0,0,0,0,0,0,0,0,0
201607,31,177,2,4,Washington County             ,32,32,8926321,0,0,0,0,0,0,0,0,0,28,28,7956979,0,0,0,0,0,0,0,0,0
201607,32,001,4,8,Churchill County              ,16,16,3749016,0,0,0,0,0,0,0,0,0,16,16,3749016,0,0,0,0,0,0,0,0,0
201607,32,003,4,8,Clark County                  ,5528,5528,1054810027,9,18,1524949,9,27,1834350,142,3323,220691347,5528,5528,1054810027,9,18,1524949,9,27,1834350,142,3323,220691347
201607,32,005,4,8,Douglas County                ,95,95,38213127,0,0,0,0,0,0,0,0,0,95,95,38213127,0,0,0,0,0,0,0,0,0
201607,32,007,4,8,Elko County                   ,108,108,16196067,1,2,298736,0,0,0,0,0,0,108,108,16196067,1,2,298736,0,0,0,0,0,0
201607,32,013,4,8,Humboldt County               ,9,9,1418098,0,0,0,1,3,305002,0,0,0,8,8,1289015,0,0,0,0,0,0,0,0,0
201607,32,015,4,8,Lander County                 ,0,0,0,0,0,0,0,0,0,0,0,0,0,0,0,0,0,0,0,0,0,0,0,0
201607,32,017,4,8,Lincoln County                ,6,6,1620956,0,0,0,0,0,0,0,0,0,4,4,1094128,0,0,0,0,0,0,0,0,0
201607,32,019,4,8,Lyon County                   ,134,134,29465409,0,0,0,0,0,0,0,0,0,134,134,29465409,0,0,0,0,0,0,0,0,0
201607,32,021,4,8,Mineral County                ,0,0,0,0,0,0,0,0,0,0,0,0,0,0,0,0,0,0,0,0,0,0,0,0
201607,32,027,4,8,Pershing County               ,0,0,0,0,0,0,0,0,0,0,0,0,0,0,0,0,0,0,0,0,0,0,0,0
201607,32,029,4,8,Storey County                 ,6,6,995226,0,0,0,0,0,0,0,0,0,4,4,644446,0,0,0,0,0,0,0,0,0
201607,32,031,4,8,Washoe County                 ,1098,1098,276331085,25,50,7385046,14,44,6245076,53,702,78658501,1098,1098,276331085,25,50,7385046,14,44,6245076,53,702,78658501
201607,32,033,4,8,White Pine County             ,5,5,1630454,0,0,0,0,0,0,0,0,0,2,2,833575,0,0,0,0,0,0,0,0,0
201607,32,510,4,8,Carson City (Independent City),41,41,12600979,0,0,0,0,0,0,1,8,1199426,41,41,12600979,0,0,0,0,0,0,1,8,1199426
201607,33,015,1,1,Rockingham County             ,389,389,99637824,14,28,3750500,5,19,1975100,8,127,8238044,327,327,84147572,13,26,3450500,4,16,1493600,7,122,7708000
201607,33,017,1,1,Strafford County              ,117,117,21818435,1,2,348000,1,3,302251,5,42,5238571,97,97,17584881,1,2,348000,0,0,0,3,24,1805847
201607,34,001,1,2,Atlantic County               ,217,217,47086250,2,4,685712,1,4,699653,23,622,41618255,165,165,39573649,1,2,396000,1,4,699653,17,577,35059344
201607,34,003,1,2,Bergen County                 ,578,578,191703464,61,122,19227839,5,15,1995149,45,1072,220329682,332,332,108481974,38,76,12945973,4,12,1994999,8,845,206073525
201607,34,005,1,2,Burlington County             ,343,343,57818682,3,6,661226,0,0,0,3,15,1098499,230,230,38000525,2,4,504400,0,0,0,0,0,0
201607,34,007,1,2,Camden County                 ,156,156,37526476,11,22,79633,0,0,0,30,200,11006534,73,73,26928487,11,22,79633,0,0,0,12,87,4566886
201607,34,009,1,2,Cape May County               ,228,228,74085454,35,70,13087267,3,9,45000,2,10,100000,210,210,67377506,35,70,13087267,3,9,45000,2,10,100000
201607,34,011,1,2,Cumberland County             ,87,87,8793319,0,0,0,0,0,0,3,15,1998540,23,23,1904300,0,0,0,0,0,0,0,0,0
201607,34,013,1,2,Essex County                  ,201,201,40678333,20,40,3900000,13,39,2038307,48,1230,114037692,73,73,26858317,20,40,3900000,9,27,351203,15,826,87583585
201607,34,015,1,2,Gloucester County             ,321,321,40845751,1,2,4798,1,4,408200,12,135,8004350,235,235,32007171,1,2,4798,1,4,408200,11,128,7634844
201607,34,017,1,2,Hudson County                 ,184,184,56584592,26,52,9590230,12,39,3178385,31,1638,320061384,164,164,53549830,24,48,9028101,8,27,1793600,20,1445,300668413
201607,34,019,1,2,Hunterdon County              ,68,68,19455762,2,4,466400,0,0,22000,21,151,9213058,41,41,14070851,0,0,0,0,0,22000,8,84,5888500
201607,34,021,1,2,Mercer County                 ,115,115,31245877,16,32,1223700,14,50,4409036,16,275,19922478,97,97,26884915,16,32,1223700,14,50,4409036,15,270,19537150
201607,34,023,1,2,Middlesex County              ,616,616,100272502,9,18,970351,3,10,5145474,28,570,53893679,554,554,92384492,8,16,757901,2,7,4726000,8,278,14248626
201607,34,025,1,2,Monmouth County               ,532,532,139756666,16,32,2810919,3,10,999500,11,202,18221477,430,430,117899513,14,28,2365259,3,10,999500,6,177,16311750
201607,34,027,1,2,Morris County                 ,343,343,90650917,0,0,0,0,0,0,41,803,95150553,182,182,52949651,0,0,0,0,0,0,10,553,82500836
201607,34,029,1,2,Ocean County                  ,1137,1137,215685059,6,12,1610000,0,0,0,31,559,38068800,1111,1111,210570444,6,12,1610000,0,0,0,31,559,38068800
201607,34,031,1,2,Passaic County                ,89,89,15297469,4,8,726346,0,0,0,13,189,23872765,51,51,7976101,3,6,565600,0,0,0,6,149,20544021
201607,34,033,1,2,Salem County                  ,22,22,3640235,0,0,0,0,0,0,0,0,0,13,13,2530718,0,0,0,0,0,0,0,0,0
201607,34,035,1,2,Somerset County               ,226,226,48819119,1,2,166500,1,3,309000,28,435,37109767,181,181,43577568,0,0,0,1,3,309000,13,304,29529000
201607,34,037,1,2,Sussex County                 ,75,75,17527725,1,2,188850,0,0,0,1,5,551250,15,15,4523563,1,2,188850,0,0,0,0,0,0
201607,34,039,1,2,Union County                  ,221,221,49791236,39,78,7299841,1,3,195060,51,756,43169640,134,134,37340198,32,64,6181688,0,0,0,26,528,30095565
201607,34,041,1,2,Warren County                 ,70,70,11274455,0,0,0,0,0,0,12,143,6259007,26,26,4049063,0,0,0,0,0,0,5,108,4754112
201607,35,000,4,8,New Mexico Balance of State   ,195,195,52364775,0,0,0,0,0,0,0,0,0,0,0,0,0,0,0,0,0,0,0,0,0
201607,35,001,4,8,Bernalillo County             ,647,647,141804712,1,2,262100,0,0,0,12,116,14000698,450,450,103209980,1,2,262100,0,0,0,10,83,10965551
201607,35,005,4,8,Chaves County                 ,49,49,8658755,0,0,0,0,0,0,9,144,9800000,43,43,7439619,0,0,0,0,0,0,9,144,9800000
201607,35,007,4,8,Colfax County                 ,7,7,2557797,0,0,0,0,0,0,0,0,0,0,0,0,0,0,0,0,0,0,0,0,0
201607,35,009,4,8,Curry County                  ,19,19,4536344,0,0,0,0,0,0,4,64,5900000,19,19,4536344,0,0,0,0,0,0,4,64,5900000
201607,35,013,4,8,Dona Ana County               ,448,448,89244544,0,0,0,0,0,0,1,5,363636,381,381,75357189,0,0,0,0,0,0,0,0,0
201607,35,015,4,8,Eddy County                   ,67,67,14760885,0,0,0,0,0,0,0,0,0,67,67,14760885,0,0,0,0,0,0,0,0,0
201607,35,017,4,8,Grant County                  ,3,3,380000,0,0,0,0,0,0,0,0,0,3,3,380000,0,0,0,0,0,0,0,0,0
201607,35,025,4,8,Lea County                    ,108,108,21187300,0,0,0,0,0,0,6,65,14563026,108,108,21187300,0,0,0,0,0,0,6,65,14563026
201607,35,027,4,8,Lincoln County                ,42,42,10428515,0,0,0,0,0,0,0,0,0,1,1,32500,0,0,0,0,0,0,0,0,0
201607,35,028,4,8,Los Alamos County             ,0,0,0,0,0,0,0,0,0,0,0,0,0,0,0,0,0,0,0,0,0,0,0,0
201607,35,029,4,8,Luna County                   ,1,1,190000,0,0,0,0,0,0,0,0,0,1,1,190000,0,0,0,0,0,0,0,0,0
201607,35,031,4,8,McKinley County               ,3,3,692000,0,0,0,0,0,0,0,0,0,3,3,692000,0,0,0,0,0,0,0,0,0
201607,35,035,4,8,Otero County                  ,1,1,217616,0,0,0,0,0,0,0,0,0,1,1,217616,0,0,0,0,0,0,0,0,0
201607,35,041,4,8,Roosevelt County              ,16,16,2365000,0,0,0,0,0,0,0,0,0,10,10,1585500,0,0,0,0,0,0,0,0,0
201607,35,043,4,8,Sandoval County               ,480,480,98121882,1,2,283271,3,12,1006239,6,30,1249998,197,197,41804988,0,0,0,0,0,0,0,0,0
201607,35,045,4,8,San Juan County               ,68,68,15214379,0,0,0,0,0,0,0,0,0,56,56,12491435,0,0,0,0,0,0,0,0,0
201607,35,047,4,8,San Miguel County             ,1,1,140000,0,0,0,0,0,0,0,0,0,1,1,140000,0,0,0,0,0,0,0,0,0
201607,35,049,4,8,Santa Fe County               ,68,68,17336928,0,0,0,0,0,0,0,0,0,45,45,11769449,0,0,0,0,0,0,0,0,0
201607,35,051,4,8,Sierra County                 ,0,0,0,0,0,0,0,0,0,0,0,0,0,0,0,0,0,0,0,0,0,0,0,0
201607,35,053,4,8,Socorro County                ,0,0,0,0,0,0,0,0,0,0,0,0,0,0,0,0,0,0,0,0,0,0,0,0
201607,35,055,4,8,Taos County                   ,46,46,5181752,0,0,0,0,0,0,0,0,0,1,1,247242,0,0,0,0,0,0,0,0,0
201607,35,061,4,8,Valencia County               ,57,57,6179484,0,0,0,0,0,0,0,0,0,0,0,0,0,0,0,0,0,0,0,0,0
201607,36,001,1,2,Albany County                 ,207,207,48567112,1,2,210403,8,32,2185000,9,113,13428903,189,189,45071476,0,0,0,8,32,2185000,5,76,7359030
201607,36,005,1,2,Bronx County                  ,2,2,514402,18,36,4711801,16,57,6687119,33,2240,294221717,2,2,514402,18,36,4711801,16,57,6687119,33,2240,294221717
201607,36,029,1,2,Erie County                   ,425,425,115612689,5,10,1419690,3,10,966911,28,519,65916472,360,360,99595585,4,8,1259690,3,10,966911,26,477,61297055
201607,36,047,1,2,Kings County                  ,84,84,21932802,25,50,6557620,40,131,16117971,98,1648,218357268,84,84,21932802,25,50,6557620,40,131,16117971,98,1648,218357268
201607,36,051,1,2,Livingston County             ,33,33,6412388,1,2,113750,0,0,0,0,0,0,16,16,2998000,0,0,0,0,0,0,0,0,0
201607,36,055,1,2,Monroe County                 ,421,421,83111590,2,4,518000,9,35,3386700,18,258,19962056,387,387,77098282,2,4,518000,9,35,3386700,16,241,17833590
201607,36,059,1,2,Nassau County                 ,321,321,156317036,2,4,541215,2,8,4507200,9,111,21845778,205,205,117661668,1,2,270000,2,8,4507200,4,77,16735710
201607,36,061,1,2,New York County               ,2,2,523511,0,0,0,1,3,387864,29,1089,143993124,2,2,523511,0,0,0,1,3,387864,29,1089,143993124
201607,36,063,1,2,Niagara County                ,97,97,22646206,1,2,70000,0,0,0,1,8,1050000,94,94,22069100,0,0,0,0,0,0,1,8,1050000
201607,36,069,1,2,Ontario County                ,178,178,54279483,0,0,0,0,0,0,0,0,0,162,162,49991566,0,0,0,0,0,0,0,0,0
201607,36,073,1,2,Orleans County                ,17,17,2629901,0,0,0,0,0,0,0,0,0,14,14,2302401,0,0,0,0,0,0,0,0,0
201607,36,079,1,2,Putnam County                 ,19,19,5406478,0,0,0,2,6,1340898,0,0,0,12,12,3923405,0,0,0,0,0,0,0,0,0
201607,36,081,1,2,Queens County                 ,103,103,26733070,115,230,30351654,18,54,6279761,26,1046,138914474,103,103,26733070,115,230,30351654,18,54,6279761,26,1046,138914474
201607,36,083,1,2,Rensselaer County             ,66,66,15355509,2,4,650000,0,0,0,7,66,2544999,27,27,8222310,1,2,100000,0,0,0,1,33,970000
201607,36,085,1,2,Richmond County               ,107,107,27875746,137,274,35991030,0,0,0,3,283,38184341,107,107,27875746,137,274,35991030,0,0,0,3,283,38184341
201607,36,087,1,2,Rockland County               ,62,62,17166877,11,22,3035775,10,35,4065962,9,47,5298212,40,40,12265753,2,4,450000,1,4,700000,0,0,0
201607,36,091,1,2,Saratoga County               ,385,385,112682370,20,40,5847856,18,62,5704384,17,152,21791047,323,323,98190488,20,40,5847856,17,59,5417445,8,107,17466428
201607,36,093,1,2,Schenectady County            ,44,44,7062955,0,0,0,0,0,0,2,255,23813333,42,42,6656400,0,0,0,0,0,0,2,255,23813333
201607,36,095,1,2,Schoharie County              ,16,16,3110996,0,0,0,0,0,0,0,0,0,13,13,2610996,0,0,0,0,0,0,0,0,0
201607,36,099,1,2,Seneca County                 ,18,18,3359880,0,0,0,0,0,0,0,0,0,18,18,3359880,0,0,0,0,0,0,0,0,0
201607,36,117,1,2,Wayne County                  ,57,57,11425433,1,2,125000,0,0,0,0,0,0,50,50,10401176,1,2,125000,0,0,0,0,0,0
201607,36,119,1,2,Westchester County            ,137,137,71366230,6,12,1237148,0,0,0,7,476,100733911,103,103,56172288,2,4,550000,0,0,0,7,476,100733911
201607,37,007,3,5,Anson County                  ,24,24,3567030,0,0,0,0,0,0,0,0,0,2,2,270000,0,0,0,0,0,0,0,0,0
201607,37,011,3,5,Avery County                  ,48,48,20998522,0,0,0,0,0,0,0,0,0,48,48,20998522,0,0,0,0,0,0,0,0,0
201607,37,015,3,5,Bertie County                 ,16,16,2684992,0,0,0,0,0,0,0,0,0,14,14,2268075,0,0,0,0,0,0,0,0,0
201607,37,025,3,5,Cabarrus County               ,862,862,128754650,1,2,90000,0,0,0,5,64,3425367,862,862,128754650,1,2,90000,0,0,0,5,64,3425367
201607,37,033,3,5,Caswell County                ,24,24,5505366,0,0,0,0,0,0,0,0,0,24,24,5505366,0,0,0,0,0,0,0,0,0
201607,37,037,3,5,Chatham County                ,421,421,124359556,0,0,0,0,0,0,0,0,0,421,421,124359556,0,0,0,0,0,0,0,0,0
201607,37,051,3,5,Cumberland County             ,347,347,61034742,0,0,0,0,0,0,7,88,8622462,346,346,60730877,0,0,0,0,0,0,7,88,8622462
201607,37,053,3,5,Currituck County              ,154,154,45268488,0,0,0,0,0,0,0,0,0,154,154,45268488,0,0,0,0,0,0,0,0,0
201607,37,059,3,5,Davie County                  ,73,73,15718132,0,0,0,0,0,0,2,11,483601,45,45,9280000,0,0,0,0,0,0,0,0,0
201607,37,063,3,5,Durham County                 ,1074,1074,210064913,8,16,1401644,0,0,0,32,992,93219894,936,936,187210102,8,16,1401644,0,0,0,29,878,85986235
201607,37,069,3,5,Franklin County               ,237,237,40719634,0,0,0,0,0,0,0,0,0,237,237,40719634,0,0,0,0,0,0,0,0,0
201607,37,071,3,5,Gaston County                 ,599,599,169691217,4,8,1136908,0,0,0,1,60,7019011,599,599,169691217,4,8,1136908,0,0,0,1,60,7019011
201607,37,081,3,5,Guilford County               ,806,806,213530940,0,0,0,0,0,0,31,679,89025859,633,633,174248985,0,0,0,0,0,0,23,548,75934762
201607,37,089,3,5,Henderson County              ,284,284,59178562,0,0,0,0,0,0,5,80,5136326,284,284,59178562,0,0,0,0,0,0,5,80,5136326
201607,37,093,3,5,Hoke County                   ,114,114,25874999,0,0,0,0,0,0,2,24,2273741,114,114,25874999,0,0,0,0,0,0,2,24,2273741
201607,37,097,3,5,Iredell County                ,680,680,192804794,0,0,0,0,0,0,8,219,21588644,680,680,192804794,0,0,0,0,0,0,8,219,21588644
201607,37,101,3,5,Johnston County               ,1165,1165,198392689,0,0,0,0,0,0,1,5,275000,1152,1152,196435034,0,0,0,0,0,0,1,5,275000
201607,37,105,3,5,Lee County                    ,47,47,10446623,0,0,0,0,0,0,0,0,0,47,47,10446623,0,0,0,0,0,0,0,0,0
201607,37,119,3,5,Mecklenburg County            ,2861,2861,649635290,6,12,1309833,0,0,0,34,2193,184162776,2861,2861,649635290,6,12,1309833,0,0,0,34,2193,184162776
201607,37,133,3,5,Onslow County                 ,461,461,61035197,0,0,0,0,0,0,1,6,472320,451,451,59683430,0,0,0,0,0,0,1,6,472320
201607,37,135,3,5,Orange County                 ,245,245,73386101,4,8,723195,2,8,1083393,1,16,2746918,236,236,70044101,1,2,170000,2,8,1083393,0,0,0
201607,37,145,3,5,Person County                 ,33,33,7903895,0,0,0,0,0,0,1,5,220000,33,33,7903895,0,0,0,0,0,0,1,5,220000
201607,37,151,3,5,Randolph County               ,178,178,37409734,0,0,0,0,0,0,0,0,0,178,178,37409734,0,0,0,0,0,0,0,0,0
201607,37,157,3,5,Rockingham County             ,85,85,22249846,0,0,0,0,0,0,1,5,511917,85,85,22249846,0,0,0,0,0,0,0,0,0
201607,37,179,3,5,Union County                  ,1023,1023,224330494,0,0,0,0,0,0,1,6,420000,1023,1023,224330494,0,0,0,0,0,0,1,6,420000
201607,37,181,3,5,Vance County                  ,20,20,3630624,0,0,0,0,0,0,0,0,0,20,20,3630624,0,0,0,0,0,0,0,0,0
201607,37,183,3,5,Wake County                   ,4311,4311,983725352,4,8,1164642,3,11,958333,42,2227,222091153,4311,4311,983725352,4,8,1164642,3,11,958333,42,2227,222091153
201607,37,195,3,5,Wilson County                 ,69,69,16542065,0,0,0,0,0,0,0,0,0,69,69,16542065,0,0,0,0,0,0,0,0,0
201607,39,007,2,3,Ashtabula County              ,39,39,7169518,6,12,968500,0,0,0,0,0,0,0,0,0,0,0,0,0,0,0,0,0,0
201607,39,015,2,3,Brown County                  ,41,41,6532518,0,0,0,0,0,0,0,0,0,0,0,0,0,0,0,0,0,0,0,0,0
201607,39,017,2,3,Butler County                 ,411,411,91773476,2,4,690000,2,6,450000,0,0,0,411,411,91773476,2,4,690000,2,6,450000,0,0,0
201607,39,025,2,3,Clermont County               ,197,197,44335690,3,6,382000,5,15,793000,6,40,2131000,197,197,44335690,3,6,382000,5,15,793000,6,40,2131000
201607,39,041,2,3,Delaware County               ,635,635,168224141,1,2,245468,3,12,1645060,7,69,5235340,635,635,168224141,1,2,245468,3,12,1645060,7,69,5235340
201607,39,049,2,3,Franklin County               ,1002,1002,292900894,11,22,2545759,33,129,15151719,73,1837,208775106,985,985,288752246,11,22,2545759,33,129,15151719,72,1831,208271535
201607,39,055,2,3,Geauga County                 ,80,80,24608088,0,0,0,0,0,0,0,0,0,80,80,24608088,0,0,0,0,0,0,0,0,0
201607,39,085,2,3,Lake County                   ,236,236,50123396,0,0,0,0,0,0,1,8,749151,208,208,44033255,0,0,0,0,0,0,0,0,0
201607,39,089,2,3,Licking County                ,186,186,45968142,0,0,0,0,0,0,0,0,0,132,132,32304833,0,0,0,0,0,0,0,0,0
201607,39,093,2,3,Lorain County                 ,434,434,102794907,2,4,485700,4,16,2440000,5,71,3559545,339,339,89108500,1,2,249600,4,16,2440000,4,66,3340000
201607,39,097,2,3,Madison County                ,18,18,3900260,0,0,0,0,0,0,0,0,0,13,13,3085260,0,0,0,0,0,0,0,0,0
201607,39,103,2,3,Medina County                 ,388,388,89824334,0,0,0,1,4,166667,0,0,0,388,388,89824334,0,0,0,1,4,166667,0,0,0
201607,39,117,2,3,Morrow County                 ,27,27,5557297,0,0,0,0,0,0,0,0,0,20,20,4175741,0,0,0,0,0,0,0,0,0
201607,39,159,2,3,Union County                  ,248,248,62334020,0,0,0,0,0,0,0,0,0,248,248,62334020,0,0,0,0,0,0,0,0,0
201607,39,165,2,3,Warren County                 ,618,618,165337404,3,6,812176,7,26,6211061,8,140,17381625,607,607,163528765,3,6,812176,7,26,6211061,8,140,17381625
201607,40,001,3,7,Adair County                  ,7,7,1348502,0,0,0,0,0,0,0,0,0,0,0,0,0,0,0,0,0,0,0,0,0
201607,40,017,3,7,Canadian County               ,116,116,29379385,2,4,440000,0,0,0,0,0,0,80,80,19033857,0,0,0,0,0,0,0,0,0
201607,40,021,3,7,Cherokee County               ,28,28,3674671,2,4,260000,0,0,0,3,15,732144,0,0,0,0,0,0,0,0,0,0,0,0
201607,40,027,3,7,Cleveland County              ,374,374,80035665,20,40,4398843,3,11,1592000,50,916,68798083,373,373,79865668,12,24,3318843,3,11,1592000,50,916,68798083
201607,40,029,3,7,Coal County                   ,0,0,0,0,0,0,0,0,0,0,0,0,0,0,0,0,0,0,0,0,0,0,0,0
201607,40,037,3,7,Creek County                  ,43,43,8354065,2,4,420000,0,0,0,0,0,0,43,43,8354065,2,4,420000,0,0,0,0,0,0
201607,40,051,3,7,Grady County                  ,70,70,12854248,1,2,325000,0,0,0,0,0,0,16,16,1610300,1,2,325000,0,0,0,0,0,0
201607,40,055,3,7,Greer County                  ,0,0,0,0,0,0,0,0,0,0,0,0,0,0,0,0,0,0,0,0,0,0,0,0
201607,40,081,3,7,Lincoln County                ,1,1,80000,0,0,0,0,0,0,0,0,0,1,1,80000,0,0,0,0,0,0,0,0,0
201607,40,083,3,7,Logan County                  ,17,17,2639000,2,4,225000,0,0,0,0,0,0,17,17,2639000,2,4,225000,0,0,0,0,0,0
201607,40,087,3,7,McClain County                ,167,167,33171645,0,0,0,0,0,0,0,0,0,113,113,24076874,0,0,0,0,0,0,0,0,0
201607,40,109,3,7,Oklahoma County               ,2356,2356,531733697,14,28,3061878,6,24,1290000,9,157,10945065,2009,2009,463829504,12,24,2596400,6,24,1290000,6,76,4561616
201607,40,111,3,7,Okmulgee County               ,1,1,130000,0,0,0,0,0,0,0,0,0,1,1,130000,0,0,0,0,0,0,0,0,0
201607,40,113,3,7,Osage County                  ,59,59,10459347,1,2,138000,0,0,0,3,24,1356522,59,59,10459347,1,2,138000,0,0,0,3,24,1356522
201607,40,117,3,7,Pawnee County                 ,3,3,520000,0,0,0,1,4,500000,0,0,0,3,3,520000,0,0,0,1,4,500000,0,0,0
201607,40,131,3,7,Rogers County                 ,296,296,46351424,16,32,2061035,0,0,0,0,0,0,289,289,45701425,16,32,2061035,0,0,0,0,0,0
201607,40,143,3,7,Tulsa County                  ,1215,1215,281116615,3,6,476142,9,36,3019593,10,240,9041929,1127,1127,262482426,3,6,476142,9,36,3019593,10,240,9041929
201607,40,145,3,7,Wagoner County                ,194,194,32040065,0,0,0,0,0,0,0,0,0,194,194,32040065,0,0,0,0,0,0,0,0,0
201607,41,000,4,9,Oregon Balance of State       ,81,81,12108842,0,0,0,0,0,0,0,0,0,0,0,0,0,0,0,0,0,0,0,0,0
201607,41,005,4,9,Clackamas County              ,930,930,264104827,5,10,1664293,3,12,1330859,18,409,55581879,929,929,263800753,5,10,1664293,3,12,1330859,18,409,55581879
201607,41,019,4,9,Douglas County                ,128,128,31269637,1,2,264720,0,0,0,0,0,0,128,128,31269637,1,2,264720,0,0,0,0,0,0
201607,41,025,4,9,Harney County                 ,5,5,779558,0,0,0,0,0,0,0,0,0,4,4,577465,0,0,0,0,0,0,0,0,0
201607,41,035,4,9,Klamath County                ,44,44,11210785,5,10,725317,0,0,0,0,0,0,34,34,8772635,5,10,725317,0,0,0,0,0,0
201607,41,051,4,9,Multnomah County              ,642,642,174864431,56,112,19225049,3,12,1951653,43,2438,312721451,642,642,174864431,56,112,19225049,3,12,1951653,43,2438,312721451
201607,41,067,4,9,Washington County             ,1153,1153,364809943,8,16,2684135,8,27,5010623,40,742,106174971,1128,1128,357009503,7,14,2400877,8,27,5010623,37,722,104026774
201607,41,071,4,9,Yamhill County                ,196,196,53716754,2,4,474932,0,0,0,5,57,5418308,182,182,50984302,2,4,474932,0,0,0,5,57,5418308
201607,42,001,1,2,Adams County                  ,210,210,56000248,0,0,0,0,0,0,0,0,0,210,210,56000248,0,0,0,0,0,0,0,0,0
201607,42,017,1,2,Bucks County                  ,527,527,108819986,1,2,800000,10,37,4435000,6,99,5808310,343,343,69890328,1,2,800000,9,34,3952000,6,99,5808310
201607,42,029,1,2,Chester County                ,631,631,134454708,0,0,0,4,14,1499441,2,21,2977484,549,549,115892197,0,0,0,2,8,874290,2,21,2977484
201607,42,037,1,2,Columbia County               ,38,38,8140410,1,2,237000,1,3,387224,0,0,0,23,23,4899355,1,2,237000,1,3,387224,0,0,0
201607,42,041,1,2,Cumberland County             ,384,384,77207906,0,0,0,3,12,2094200,7,131,12188488,372,372,75283290,0,0,0,3,12,2094200,6,126,11937426
201607,42,043,1,2,Dauphin County                ,289,289,62310525,1,2,176000,0,0,0,4,65,3583333,165,165,32128431,1,2,176000,0,0,0,3,60,2925000
201607,42,045,1,2,Delaware County               ,206,206,51080590,0,0,0,3,11,787170,0,0,0,99,99,26226252,0,0,0,3,11,787170,0,0,0
201607,42,055,1,2,Franklin County               ,162,162,31405563,1,2,246003,2,7,756448,0,0,0,144,144,29294356,0,0,0,0,0,0,0,0,0
201607,42,091,1,2,Montgomery County             ,604,604,120220781,5,10,1390456,2,7,988687,16,649,90260893,504,504,98530071,4,8,1210456,1,4,549080,7,602,85325394
201607,42,093,1,2,Montour County                ,25,25,4951157,0,0,0,0,0,0,2,12,600000,21,21,4099942,0,0,0,0,0,0,2,12,600000
201607,42,099,1,2,Perry County                  ,28,28,6210539,0,0,0,0,0,0,0,0,0,7,7,1030266,0,0,0,0,0,0,0,0,0
201607,42,101,1,2,Philadelphia County           ,529,529,137972175,46,92,12784574,72,246,29475772,42,901,124432617,394,394,102635183,28,56,8364257,50,174,21725980,26,539,75163567
201607,42,103,1,2,Pike County                   ,42,42,10786526,0,0,0,0,0,0,0,0,0,36,36,9296447,0,0,0,0,0,0,0,0,0
201607,44,001,1,1,Bristol County                ,25,25,6610653,0,0,0,0,0,0,0,0,0,20,20,5538876,0,0,0,0,0,0,0,0,0
201607,44,003,1,1,Kent County                   ,71,71,10535859,2,4,800000,0,0,0,1,6,577380,56,56,7595339,0,0,0,0,0,0,1,6,577380
201607,44,005,1,1,Newport County                ,64,64,17255359,0,0,0,1,3,617320,0,0,0,59,59,16219072,0,0,0,1,3,617320,0,0,0
201607,44,007,1,1,Providence County             ,174,174,28081571,7,14,1014260,5,16,1313480,0,0,0,149,149,25539098,5,10,583000,4,13,710000,0,0,0
201607,44,009,1,1,Washington County             ,149,149,40870967,3,6,990400,1,3,525000,2,32,1373320,135,135,37040502,3,6,990400,0,0,0,2,32,1373320
201607,45,003,3,5,Aiken County                  ,463,463,99603190,1,2,209118,0,0,0,1,48,5997912,453,453,97856159,1,2,209118,0,0,0,1,48,5997912
201607,45,009,3,5,Bamberg County                ,3,3,465000,0,0,0,0,0,0,0,0,0,3,3,465000,0,0,0,0,0,0,0,0,0
201607,45,015,3,5,Berkeley County               ,827,827,232289201,0,0,0,0,0,0,7,314,7407913,491,491,135627832,0,0,0,0,0,0,0,0,0
201607,45,017,3,5,Calhoun County                ,24,24,2942600,0,0,0,0,0,0,0,0,0,24,24,2942600,0,0,0,0,0,0,0,0,0
201607,45,019,3,5,Charleston County             ,1613,1613,418551025,1,2,461000,0,0,0,24,695,50048860,1036,1036,305751629,0,0,0,0,0,0,11,344,26400205
201607,45,035,3,5,Dorchester County             ,450,450,115526500,0,0,0,0,0,0,0,0,0,447,447,115204000,0,0,0,0,0,0,0,0,0
201607,45,037,3,5,Edgefield County              ,71,71,14606691,0,0,0,0,0,0,0,0,0,71,71,14606691,0,0,0,0,0,0,0,0,0
201607,45,039,3,5,Fairfield County              ,26,26,5017876,0,0,0,0,0,0,0,0,0,6,6,1271738,0,0,0,0,0,0,0,0,0
201607,45,045,3,5,Greenville County             ,1741,1741,444741623,7,14,912000,6,24,2058150,5,501,47230857,1726,1726,443081462,7,14,912000,6,24,2058150,5,501,47230857
201607,45,051,3,5,Horry County                  ,2294,2294,638138257,58,116,6015966,7,27,4373270,15,117,10421085,2052,2052,573999113,57,114,5676909,6,24,3795420,11,97,8426304
201607,45,055,3,5,Kershaw County                ,167,167,23901511,0,0,0,0,0,0,4,60,5829960,167,167,23901511,0,0,0,0,0,0,4,60,5829960
201607,45,059,3,5,Laurens County                ,67,67,9936675,0,0,0,0,0,0,0,0,0,63,63,9609158,0,0,0,0,0,0,0,0,0
201607,45,063,3,5,Lexington County              ,1089,1089,272557252,0,0,0,0,0,0,0,0,0,685,685,165335673,0,0,0,0,0,0,0,0,0
201607,45,077,3,5,Pickens County                ,179,179,58315219,0,0,0,2,7,560000,17,332,9364107,129,129,48620618,0,0,0,0,0,0,10,250,2582110
201607,45,079,3,5,Richland County               ,1022,1022,139615152,0,0,0,0,0,0,12,231,13038277,127,127,25860583,0,0,0,0,0,0,0,0,0
201607,45,081,3,5,Saluda County                 ,20,20,4194312,0,0,0,0,0,0,0,0,0,20,20,4194312,0,0,0,0,0,0,0,0,0
201607,45,085,3,5,Sumter County                 ,148,148,22362793,0,0,0,0,0,0,1,30,3200000,129,129,19951033,0,0,0,0,0,0,1,30,3200000
201607,45,091,3,5,York County                   ,1204,1204,398569742,0,0,0,0,0,0,10,164,16916576,818,818,295749928,0,0,0,0,0,0,1,15,2819123
201607,46,007,2,4,Bennett County                ,0,0,0,0,0,0,0,0,0,0,0,0,0,0,0,0,0,0,0,0,0,0,0,0
201607,46,055,2,4,Haakon County                 ,0,0,0,0,0,0,0,0,0,0,0,0,0,0,0,0,0,0,0,0,0,0,0,0
201607,46,071,2,4,Jackson County                ,0,0,0,0,0,0,0,0,0,0,0,0,0,0,0,0,0,0,0,0,0,0,0,0
201607,46,111,2,4,Sanborn County                ,0,0,0,0,0,0,0,0,0,0,0,0,0,0,0,0,0,0,0,0,0,0,0,0
201607,47,001,3,6,Anderson County               ,71,71,14535604,0,0,0,0,0,0,0,0,0,63,63,12805274,0,0,0,0,0,0,0,0,0
201607,47,015,3,6,Cannon County                 ,8,8,1009520,0,0,0,0,0,0,0,0,0,0,0,0,0,0,0,0,0,0,0,0,0
201607,47,021,3,6,Cheatham County               ,90,90,18200969,0,0,0,0,0,0,0,0,0,90,90,18200969,0,0,0,0,0,0,0,0,0
201607,47,037,3,6,Davidson County               ,2299,2299,555597526,0,0,0,6,24,2104122,37,4475,422027250,2299,2299,555597526,0,0,0,6,24,2104122,37,4475,422027250
201607,47,043,3,6,Dickson County                ,145,145,29599395,0,0,0,0,0,0,0,0,0,141,141,28930293,0,0,0,0,0,0,0,0,0
201607,47,049,3,6,Fentress County               ,0,0,0,0,0,0,0,0,0,0,0,0,0,0,0,0,0,0,0,0,0,0,0,0
201607,47,081,3,6,Hickman County                ,30,30,5425077,0,0,0,0,0,0,0,0,0,7,7,1135117,0,0,0,0,0,0,0,0,0
201607,47,093,3,6,Knox County                   ,904,904,185242038,0,0,0,0,0,0,3,390,37894986,904,904,185242038,0,0,0,0,0,0,3,390,37894986
201607,47,105,3,6,Loudon County                 ,188,188,43818063,0,0,0,0,0,0,0,0,0,174,174,41612625,0,0,0,0,0,0,0,0,0
201607,47,125,3,6,Montgomery County             ,723,723,101694558,8,16,1175000,8,30,1091335,2,14,630000,723,723,101694558,8,16,1175000,8,30,1091335,2,14,630000
201607,47,139,3,6,Polk County                   ,98,98,17652159,0,0,0,0,0,0,0,0,0,0,0,0,0,0,0,0,0,0,0,0,0
201607,47,149,3,6,Rutherford County             ,1434,1434,276452796,8,16,1817048,9,35,4710623,16,125,10663910,1352,1352,264347608,7,14,1651424,9,35,4710623,13,73,7685161
201607,47,153,3,6,Sequatchie County             ,2,2,160000,0,0,0,0,0,0,0,0,0,2,2,160000,0,0,0,0,0,0,0,0,0
201607,47,157,3,6,Shelby County                 ,630,630,156655495,4,8,736116,9,28,2833600,23,581,52301922,630,630,156655495,4,8,736116,9,28,2833600,23,581,52301922
201607,47,159,3,6,Smith County                  ,38,38,5678432,0,0,0,0,0,0,0,0,0,38,38,5678432,0,0,0,0,0,0,0,0,0
201607,47,161,3,6,Stewart County                ,7,7,650000,0,0,0,0,0,0,0,0,0,7,7,650000,0,0,0,0,0,0,0,0,0
201607,47,165,3,6,Sumner County                 ,678,678,152658634,3,6,906381,0,0,0,0,0,0,654,654,148284773,3,6,906381,0,0,0,0,0,0
201607,47,167,3,6,Tipton County                 ,78,78,13928246,0,0,0,0,0,0,0,0,0,46,46,9615560,0,0,0,0,0,0,0,0,0
201607,47,169,3,6,Trousdale County              ,23,23,3632000,0,0,0,2,8,372000,0,0,0,23,23,3632000,0,0,0,2,8,372000,0,0,0
201607,47,173,3,6,Union County                  ,45,45,6415000,0,0,0,0,0,0,0,0,0,45,45,6415000,0,0,0,0,0,0,0,0,0
201607,47,175,3,6,Van Buren County              ,0,0,0,0,0,0,0,0,0,0,0,0,0,0,0,0,0,0,0,0,0,0,0,0
201607,47,189,3,6,Wilson County                 ,720,720,186353042,1,2,265000,0,0,0,7,133,14401205,664,664,172503754,1,2,265000,0,0,0,5,102,11119000
201607,48,013,3,7,Atascosa County               ,18,18,2833290,0,0,0,0,0,0,0,0,0,10,10,1483140,0,0,0,0,0,0,0,0,0
201607,48,015,3,7,Austin County                 ,15,15,2871052,2,4,557000,0,0,0,0,0,0,10,10,1973138,2,4,557000,0,0,0,0,0,0
201607,48,019,3,7,Bandera County                ,0,0,0,0,0,0,0,0,0,0,0,0,0,0,0,0,0,0,0,0,0,0,0,0
201607,48,021,3,7,Bastrop County                ,77,77,8423184,2,4,300000,0,0,0,0,0,0,69,69,7465267,2,4,300000,0,0,0,0,0,0
201607,48,025,3,7,Bee County                    ,5,5,657000,0,0,0,0,0,0,0,0,0,5,5,657000,0,0,0,0,0,0,0,0,0
201607,48,027,3,7,Bell County                   ,1062,1062,178724458,42,84,6882754,1,4,175000,5,96,7017123,956,956,154135951,40,80,6642754,1,4,175000,5,96,7017123
201607,48,029,3,7,Bexar County                  ,2038,2038,472814798,13,26,3284347,16,64,6327176,140,1143,116664348,1770,1770,437126038,13,26,3284347,16,64,6327176,133,1105,108566579
201607,48,051,3,7,Burleson County               ,2,2,220000,0,0,0,0,0,0,0,0,0,2,2,220000,0,0,0,0,0,0,0,0,0
201607,48,055,3,7,Caldwell County               ,236,236,35018985,3,6,523200,0,0,0,0,0,0,99,99,9393803,3,6,523200,0,0,0,0,0,0
201607,48,085,3,7,Collin County                 ,4927,4927,1529460134,4,8,1220736,0,0,0,50,2765,296108969,4859,4859,1515646271,4,8,1220736,0,0,0,50,2765,296108969
201607,48,091,3,7,Comal County                  ,1125,1125,251807000,42,84,8499739,0,0,0,8,313,34000000,1125,1125,251807000,42,84,8499739,0,0,0,8,313,34000000
201607,48,099,3,7,Coryell County                ,87,87,12076533,2,4,259130,0,0,0,1,6,821502,76,76,10512902,2,4,259130,0,0,0,0,0,0
201607,48,107,3,7,Crosby County                 ,6,6,402000,0,0,0,0,0,0,0,0,0,0,0,0,0,0,0,0,0,0,0,0,0
201607,48,113,3,7,Dallas County                 ,3120,3120,901748223,34,68,9596939,13,51,6086503,96,8172,805790125,2697,2697,786072140,25,50,6329134,6,23,3098492,78,6591,682455442
201607,48,119,3,7,Delta County                  ,0,0,0,0,0,0,0,0,0,0,0,0,0,0,0,0,0,0,0,0,0,0,0,0
201607,48,135,3,7,Ector County                  ,279,279,61167233,0,0,0,2,7,980000,5,50,3770541,58,58,12541545,0,0,0,2,7,980000,0,0,0
201607,48,139,3,7,Ellis County                  ,879,879,162407862,1,2,264073,0,0,0,0,0,0,878,878,162318662,1,2,264073,0,0,0,0,0,0
201607,48,141,3,7,El Paso County                ,1415,1415,344381259,28,56,5149926,4,14,1098214,41,480,41169976,964,964,270367150,24,48,4500576,2,7,398526,23,173,10038717
201607,48,157,3,7,Fort Bend County              ,5798,5798,753932240,9,18,2700000,0,0,0,26,444,38803786,942,942,294161735,9,18,2700000,0,0,0,18,371,33347140
201607,48,167,3,7,Galveston County              ,1425,1425,318046476,0,0,0,0,0,0,1,27,1486427,1029,1029,242062339,0,0,0,0,0,0,0,0,0
201607,48,185,3,7,Grimes County                 ,19,19,1945390,0,0,0,0,0,0,0,0,0,17,17,1755224,0,0,0,0,0,0,0,0,0
201607,48,187,3,7,Guadalupe County              ,518,518,113657865,0,0,0,0,0,0,0,0,0,510,510,112312242,0,0,0,0,0,0,0,0,0
201607,48,193,3,7,Hamilton County               ,1,1,91500,0,0,0,0,0,0,0,0,0,0,0,0,0,0,0,0,0,0,0,0,0
201607,48,195,3,7,Hansford County               ,5,5,664250,0,0,0,0,0,0,0,0,0,1,1,100000,0,0,0,0,0,0,0,0,0
201607,48,201,3,7,Harris County                 ,9296,9296,1710587227,31,62,8490206,5,20,3493248,102,4554,481146957,9226,9226,1669383824,30,60,8420206,5,20,3493248,102,4554,481146957
201607,48,211,3,7,Hemphill County               ,0,0,0,0,0,0,0,0,0,0,0,0,0,0,0,0,0,0,0,0,0,0,0,0
201607,48,215,3,7,Hidalgo County                ,1813,1813,332890755,46,92,5783384,57,224,13267445,13,704,50339768,1552,1552,280157957,45,90,5633384,57,224,13267445,13,704,50339768
201607,48,233,3,7,Hutchinson County             ,0,0,0,0,0,0,0,0,0,1,6,643750,0,0,0,0,0,0,0,0,0,0,0,0
201607,48,251,3,7,Johnson County                ,290,290,60615789,6,12,805000,0,0,0,0,0,0,280,280,58441421,6,12,805000,0,0,0,0,0,0
201607,48,257,3,7,Kaufman County                ,245,245,48894753,0,0,0,0,0,0,0,0,0,209,209,44272992,0,0,0,0,0,0,0,0,0
201607,48,259,3,7,Kendall County                ,156,156,45015331,0,0,0,0,0,0,0,0,0,156,156,45015331,0,0,0,0,0,0,0,0,0
201607,48,271,3,7,Kinney County                 ,0,0,0,0,0,0,0,0,0,0,0,0,0,0,0,0,0,0,0,0,0,0,0,0
201607,48,281,3,7,Lampasas County               ,23,23,3052477,0,0,0,0,0,0,0,0,0,23,23,3052477,0,0,0,0,0,0,0,0,0
201607,48,291,3,7,Liberty County                ,244,244,43309895,0,0,0,0,0,0,0,0,0,241,241,42846413,0,0,0,0,0,0,0,0,0
201607,48,303,3,7,Lubbock County                ,612,612,146374494,11,22,2184109,0,0,0,35,502,57514843,347,347,80911566,4,8,895000,0,0,0,20,280,43254541
201607,48,323,3,7,Maverick County               ,45,45,4067646,0,0,0,0,0,0,0,0,0,45,45,4067646,0,0,0,0,0,0,0,0,0
201607,48,325,3,7,Medina County                 ,11,11,2094362,0,0,0,0,0,0,0,0,0,10,10,1874796,0,0,0,0,0,0,0,0,0
201607,48,329,3,7,Midland County                ,332,332,62836889,0,0,0,11,40,9507960,0,0,0,332,332,62836889,0,0,0,11,40,9507960,0,0,0
201607,48,339,3,7,Montgomery County             ,2576,2576,562369991,3,6,90000,0,0,0,22,388,36212295,2555,2555,557598384,3,6,90000,0,0,0,22,388,36212295
201607,48,367,3,7,Parker County                 ,265,265,59815670,0,0,0,0,0,0,0,0,0,255,255,57558988,0,0,0,0,0,0,0,0,0
201607,48,375,3,7,Potter County                 ,358,358,92282420,3,6,748425,0,0,0,0,0,0,358,358,92282420,3,6,748425,0,0,0,0,0,0
201607,48,383,3,7,Reagan County                 ,0,0,0,0,0,0,1,3,155152,0,0,0,0,0,0,0,0,0,0,0,0,0,0,0
201607,48,385,3,7,Real County                   ,0,0,0,0,0,0,0,0,0,0,0,0,0,0,0,0,0,0,0,0,0,0,0,0
201607,48,395,3,7,Robertson County              ,51,51,11513734,0,0,0,0,0,0,0,0,0,51,51,11513734,0,0,0,0,0,0,0,0,0
201607,48,397,3,7,Rockwall County               ,630,630,199498675,0,0,0,0,0,0,0,0,0,549,549,171485628,0,0,0,0,0,0,0,0,0
201607,48,407,3,7,San Jacinto County            ,185,185,37279557,0,0,0,0,0,0,0,0,0,185,185,37279557,0,0,0,0,0,0,0,0,0
201607,48,411,3,7,San Saba County               ,6,6,615000,0,0,0,0,0,0,0,0,0,4,4,360000,0,0,0,0,0,0,0,0,0
201607,48,451,3,7,Tom Green County              ,99,99,21236744,0,0,0,0,0,0,0,0,0,99,99,21236744,0,0,0,0,0,0,0,0,0
201607,48,453,3,7,Travis County                 ,4302,4302,940326384,103,206,30187104,12,48,2562499,125,3384,276788854,4102,4102,879813126,103,206,30187104,12,48,2562499,125,3384,276788854
201607,48,473,3,7,Waller County                 ,4,4,587976,0,0,0,0,0,0,18,273,15631018,3,3,425000,0,0,0,0,0,0,10,224,13931370
201607,48,491,3,7,Williamson County             ,2301,2301,657220813,2,4,612720,18,68,4639274,6,965,108419956,2194,2194,636305075,2,4,612720,18,68,4639274,6,965,108419956
201607,48,493,3,7,Wilson County                 ,24,24,4641205,0,0,0,0,0,0,1,5,468750,0,0,0,0,0,0,0,0,0,0,0,0
201607,48,497,3,7,Wise County                   ,53,53,10891662,2,4,240000,0,0,0,0,0,0,34,34,6502565,2,4,240000,0,0,0,0,0,0
201607,49,011,4,8,Davis County                  ,848,848,215130825,8,16,2195209,4,16,1969788,17,153,17283015,787,787,196538319,7,14,1500314,4,16,1969788,15,143,15738391
201607,49,023,4,8,Juab County                   ,41,41,11349268,0,0,0,0,0,0,0,0,0,38,38,10711734,0,0,0,0,0,0,0,0,0
201607,49,029,4,8,Morgan County                 ,60,60,21190204,0,0,0,0,0,0,2,10,1006810,0,0,0,0,0,0,0,0,0,0,0,0
201607,49,035,4,8,Salt Lake County              ,2246,2246,567741706,16,32,5254049,10,35,4533119,39,2130,262537564,1786,1786,433064581,12,24,3762549,9,31,3940492,16,1655,215349377
201607,49,039,4,8,Sanpete County                ,31,31,3832812,0,0,0,0,0,0,0,0,0,22,22,2585735,0,0,0,0,0,0,0,0,0
201607,49,043,4,8,Summit County                 ,126,126,49430472,0,0,0,3,11,1810687,9,78,25886574,73,73,22337993,0,0,0,3,11,1810687,2,40,19394017
201607,49,057,4,8,Weber County                  ,455,455,104452329,2,4,524384,16,57,9070667,20,439,38867707,358,358,79097410,2,4,524384,7,28,4679707,17,424,36468898
201607,51,003,3,5,Albemarle County              ,300,300,102008809,0,0,0,0,0,0,14,172,18055000,263,263,90932202,0,0,0,0,0,0,13,167,17655000
201607,51,007,3,5,Amelia County                 ,27,27,5499480,0,0,0,0,0,0,0,0,0,27,27,5499480,0,0,0,0,0,0,0,0,0
201607,51,009,3,5,Amherst County                ,27,27,4526480,0,0,0,0,0,0,0,0,0,22,22,3739482,0,0,0,0,0,0,0,0,0
201607,51,013,3,5,Arlington County              ,157,157,56010817,23,46,11500000,0,0,0,4,986,184686306,157,157,56010817,23,46,11500000,0,0,0,4,986,184686306
201607,51,015,3,5,Augusta County                ,94,94,18432404,0,0,0,0,0,0,0,0,0,94,94,18432404,0,0,0,0,0,0,0,0,0
201607,51,019,3,5,Bedford County                ,158,158,42443964,0,0,0,0,0,0,0,0,0,158,158,42443964,0,0,0,0,0,0,0,0,0
201607,51,033,3,5,Caroline County               ,67,67,11864766,0,0,0,0,0,0,0,0,0,67,67,11864766,0,0,0,0,0,0,0,0,0
201607,51,036,3,5,Charles City County           ,10,10,1773510,0,0,0,0,0,0,0,0,0,9,9,1612100,0,0,0,0,0,0,0,0,0
201607,51,037,3,5,Charlotte County              ,5,5,623000,0,0,0,0,0,0,0,0,0,5,5,623000,0,0,0,0,0,0,0,0,0
201607,51,041,3,5,Chesterfield County           ,782,782,174905355,0,0,0,14,53,7254973,6,73,4320000,782,782,174905355,0,0,0,14,53,7254973,6,73,4320000
201607,51,043,3,5,Clarke County                 ,37,37,14139900,0,0,0,0,0,0,0,0,0,37,37,14139900,0,0,0,0,0,0,0,0,0
201607,51,049,3,5,Cumberland County             ,9,9,1430142,0,0,0,0,0,0,0,0,0,9,9,1430142,0,0,0,0,0,0,0,0,0
201607,51,051,3,5,Dickenson County              ,3,3,255000,0,0,0,0,0,0,0,0,0,3,3,255000,0,0,0,0,0,0,0,0,0
201607,51,053,3,5,Dinwiddie County              ,34,34,4199202,0,0,0,0,0,0,0,0,0,0,0,0,0,0,0,0,0,0,0,0,0
201607,51,059,3,5,Fairfax County                ,522,522,118412448,0,0,0,0,0,0,4,1277,50000000,522,522,118412448,0,0,0,0,0,0,4,1277,50000000
201607,51,061,3,5,Fauquier County               ,163,163,52833824,0,0,0,0,0,0,0,0,0,163,163,52833824,0,0,0,0,0,0,0,0,0
201607,51,069,3,5,Frederick County              ,534,534,91827974,0,0,0,0,0,0,0,0,0,534,534,91827974,0,0,0,0,0,0,0,0,0
201607,51,073,3,5,Gloucester County             ,104,104,19438848,0,0,0,3,9,450000,0,0,0,93,93,16950627,0,0,0,2,6,300000,0,0,0
201607,51,075,3,5,Goochland County              ,82,82,22923017,0,0,0,0,0,0,0,0,0,82,82,22923017,0,0,0,0,0,0,0,0,0
201607,51,085,3,5,Hanover County                ,373,373,75855799,0,0,0,0,0,0,0,0,0,373,373,75855799,0,0,0,0,0,0,0,0,0
201607,51,087,3,5,Henrico County                ,467,467,82322385,0,0,0,0,0,0,32,170,5886025,467,467,82322385,0,0,0,0,0,0,32,170,5886025
201607,51,093,3,5,Isle of Wight County          ,107,107,22976221,0,0,0,0,0,0,1,16,641846,97,97,20893149,0,0,0,0,0,0,0,0,0
201607,51,095,3,5,James City County             ,228,228,57928614,0,0,0,6,23,3240318,3,15,1949800,228,228,57928614,0,0,0,6,23,3240318,3,15,1949800
201607,51,097,3,5,King and Queen County         ,16,16,3116054,0,0,0,0,0,0,0,0,0,16,16,3116054,0,0,0,0,0,0,0,0,0
201607,51,099,3,5,King George County            ,63,63,15551081,0,0,0,0,0,0,0,0,0,63,63,15551081,0,0,0,0,0,0,0,0,0
201607,51,107,3,5,Loudoun County                ,1514,1514,331671381,6,12,1160000,0,0,0,21,446,49361598,1514,1514,331671381,6,12,1160000,0,0,0,21,446,49361598
201607,51,109,3,5,Louisa County                 ,153,153,28969465,0,0,0,0,0,0,0,0,0,136,136,25338248,0,0,0,0,0,0,0,0,0
201607,51,115,3,5,Mathews County                ,9,9,1848393,0,0,0,0,0,0,0,0,0,9,9,1848393,0,0,0,0,0,0,0,0,0
201607,51,127,3,5,New Kent County               ,140,140,25800716,0,0,0,0,0,0,0,0,0,140,140,25800716,0,0,0,0,0,0,0,0,0
201607,51,139,3,5,Page County                   ,25,25,3450000,0,0,0,0,0,0,0,0,0,25,25,3450000,0,0,0,0,0,0,0,0,0
201607,51,145,3,5,Powhatan County               ,130,130,27540136,1,2,182000,0,0,0,0,0,0,130,130,27540136,1,2,182000,0,0,0,0,0,0
201607,51,149,3,5,Prince George County          ,53,53,9132902,0,0,0,0,0,0,0,0,0,53,53,9132902,0,0,0,0,0,0,0,0,0
201607,51,153,3,5,Prince William County         ,753,753,128261946,0,0,0,0,0,0,0,0,0,753,753,128261946,0,0,0,0,0,0,0,0,0
201607,51,165,3,5,Rockingham County             ,192,192,39152740,0,0,0,0,0,0,0,0,0,192,192,39152740,0,0,0,0,0,0,0,0,0
201607,51,175,3,5,Southampton County            ,20,20,2431417,0,0,0,0,0,0,0,0,0,13,13,1392565,0,0,0,0,0,0,0,0,0
201607,51,177,3,5,Spotsylvania County           ,252,252,65470763,0,0,0,0,0,0,0,0,0,0,0,0,0,0,0,0,0,0,0,0,0
201607,51,179,3,5,Stafford County               ,772,772,133715949,0,0,0,0,0,0,0,0,0,703,703,118120444,0,0,0,0,0,0,0,0,0
201607,51,181,3,5,Surry County                  ,13,13,2150492,0,0,0,0,0,0,0,0,0,9,9,1538000,0,0,0,0,0,0,0,0,0
201607,51,183,3,5,Sussex County                 ,7,7,398633,0,0,0,0,0,0,0,0,0,7,7,398633,0,0,0,0,0,0,0,0,0
201607,51,187,3,5,Warren County                 ,86,86,19191724,0,0,0,0,0,0,0,0,0,86,86,19191724,0,0,0,0,0,0,0,0,0
201607,51,199,3,5,York County                   ,50,50,10216227,1,2,332800,0,0,0,0,0,0,50,50,10216227,1,2,332800,0,0,0,0,0,0
201607,51,510,3,5,Alexandria (Independent City) ,79,79,17618600,0,0,0,0,0,0,0,0,0,79,79,17618600,0,0,0,0,0,0,0,0,0
201607,51,540,3,5,Charlottesville (Independent C,49,49,11190472,2,4,381500,0,0,0,6,58,8578721,17,17,4150000,0,0,0,0,0,0,0,0,0
201607,51,550,3,5,Chesapeake(Independent City)  ,558,558,126815804,1,2,273400,0,0,0,0,0,0,558,558,126815804,1,2,273400,0,0,0,0,0,0
201607,51,570,3,5,Colonial Heights (Independent ,1,1,150000,0,0,0,0,0,0,0,0,0,1,1,150000,0,0,0,0,0,0,0,0,0
201607,51,580,3,5,Covington (Independent City)  ,0,0,0,0,0,0,0,0,0,0,0,0,0,0,0,0,0,0,0,0,0,0,0,0
201607,51,600,3,5,Fairfax (Independent City)    ,7,7,2620000,0,0,0,0,0,0,0,0,0,7,7,2620000,0,0,0,0,0,0,0,0,0
201607,51,610,3,5,Falls Church (Independent City,11,11,4225000,0,0,0,0,0,0,0,0,0,11,11,4225000,0,0,0,0,0,0,0,0,0
201607,51,630,3,5,Fredericksburg(Independent Cit,46,46,10020977,0,0,0,0,0,0,5,128,9004435,46,46,10020977,0,0,0,0,0,0,5,128,9004435
201607,51,650,3,5,Hampton (Independent City)    ,79,79,4726969,0,0,0,0,0,0,0,0,0,0,0,0,0,0,0,0,0,0,0,0,0
201607,51,660,3,5,Harrisonburg (Independent City,43,43,9293282,1,2,274525,0,0,0,1,5,219653,37,37,8568397,0,0,0,0,0,0,0,0,0
201607,51,670,3,5,Hopewell (Independent City)   ,38,38,3462450,0,0,0,0,0,0,0,0,0,38,38,3462450,0,0,0,0,0,0,0,0,0
201607,51,680,3,5,Lynchburg (Independent City)  ,39,39,7224395,0,0,0,0,0,0,0,0,0,39,39,7224395,0,0,0,0,0,0,0,0,0
201607,51,683,3,5,Manassas (Independent City)   ,87,87,12261588,0,0,0,0,0,0,0,0,0,0,0,0,0,0,0,0,0,0,0,0,0
201607,51,685,3,5,Manassas Park (Independent Cit,7,7,1304548,0,0,0,0,0,0,0,0,0,0,0,0,0,0,0,0,0,0,0,0,0
201607,51,700,3,5,Newport News (Independent City,88,88,7711292,0,0,0,0,0,0,0,0,0,88,88,7711292,0,0,0,0,0,0,0,0,0
201607,51,710,3,5,Norfolk (Independent City)    ,180,180,25217981,4,8,911600,0,0,0,15,448,16422000,180,180,25217981,4,8,911600,0,0,0,15,448,16422000
201607,51,730,3,5,Petersburg (Independent City) ,10,10,1032629,0,0,0,0,0,0,1,7,356446,9,9,921110,0,0,0,0,0,0,0,0,0
201607,51,735,3,5,Poquoson (Independent City)   ,23,23,5405385,0,0,0,0,0,0,0,0,0,23,23,5405385,0,0,0,0,0,0,0,0,0
201607,51,740,3,5,Portsmouth (Independent City) ,68,68,8564000,1,2,130000,0,0,0,0,0,0,68,68,8564000,1,2,130000,0,0,0,0,0,0
201607,51,760,3,5,Richmond (Independent City)   ,138,138,23565315,11,22,2067290,1,4,139207,2,170,17188221,138,138,23565315,11,22,2067290,1,4,139207,2,170,17188221
201607,51,800,3,5,Suffolk (Independent City)    ,190,190,43150534,0,0,0,0,0,0,9,312,6950000,190,190,43150534,0,0,0,0,0,0,9,312,6950000
201607,51,810,3,5,Virginia Beach (Independent Ci,472,472,106947633,0,0,0,0,0,0,18,815,55780144,472,472,106947633,0,0,0,0,0,0,18,815,55780144
201607,51,830,3,5,Williamsburg (Independent City,34,34,4600386,0,0,0,0,0,0,0,0,0,34,34,4600386,0,0,0,0,0,0,0,0,0
201607,53,005,4,9,Benton County                 ,583,583,171766923,1,2,338819,2,8,906000,6,94,7521728,403,403,112829068,1,2,338819,2,8,906000,3,66,5348074
201607,53,011,4,9,Clark County                  ,1587,1587,407089649,17,34,2695670,5,19,1677914,25,354,26909216,1407,1407,357545201,17,34,2695670,5,19,1677914,19,262,17516160
201607,53,021,4,9,Franklin County               ,247,247,66644153,5,10,931215,0,0,0,0,0,0,33,33,12013822,0,0,0,0,0,0,0,0,0
201607,53,031,4,9,Jefferson County              ,133,133,21086691,1,2,254828,0,0,0,0,0,0,133,133,21086691,1,2,254828,0,0,0,0,0,0
201607,53,033,4,9,King County                   ,2749,2749,1037054946,118,236,47281911,57,202,39245191,99,5774,701768494,2555,2555,958480489,117,234,46759827,57,202,39245191,92,5692,690471177
201607,53,035,4,9,Kitsap County                 ,503,503,146696566,5,10,1803415,4,15,2051649,1,18,4151249,503,503,146696566,5,10,1803415,4,15,2051649,1,18,4151249
201607,53,053,4,9,Pierce County                 ,1532,1532,462601415,14,28,5029513,5,19,2610095,32,638,60527614,1529,1529,461414907,14,28,5029513,5,19,2610095,32,638,60527614
201607,53,055,4,9,San Juan County               ,53,53,12476191,0,0,0,0,0,0,0,0,0,42,42,9829500,0,0,0,0,0,0,0,0,0
201607,53,059,4,9,Skamania County               ,21,21,4682377,0,0,0,0,0,0,0,0,0,21,21,4682377,0,0,0,0,0,0,0,0,0
201607,53,061,4,9,Snohomish County              ,1721,1721,514207217,41,82,15974480,31,110,21641099,29,526,63789846,1621,1621,490886832,38,76,14725964,31,110,21641099,25,479,61620580
201607,54,011,3,5,Cabell County                 ,24,24,4902832,2,4,346000,1,4,80000,0,0,0,24,24,4902832,2,4,346000,1,4,80000,0,0,0
201607,54,015,3,5,Clay County                   ,6,6,211365,0,0,0,0,0,0,0,0,0,3,3,75000,0,0,0,0,0,0,0,0,0
201607,54,019,3,5,Fayette County                ,17,17,1837696,0,0,0,0,0,0,0,0,0,6,6,576198,0,0,0,0,0,0,0,0,0
201607,54,037,3,5,Jefferson County              ,90,90,23126458,0,0,0,0,0,0,0,0,0,80,80,20228629,0,0,0,0,0,0,0,0,0
201607,54,081,3,5,Raleigh County                ,25,25,4493210,0,0,0,0,0,0,0,0,0,25,25,4493210,0,0,0,0,0,0,0,0,0
201607,55,025,2,3,Dane County                   ,755,755,230826499,19,38,6467746,10,35,4912777,37,1721,243730364,650,650,199506137,13,26,4705802,4,16,2509176,26,1398,207547588
201607,55,031,2,3,Douglas County                ,48,48,8186713,2,4,500000,0,0,0,0,0,0,48,48,8186713,2,4,500000,0,0,0,0,0,0
201607,55,037,2,3,Florence County               ,7,7,715000,0,0,0,0,0,0,0,0,0,7,7,715000,0,0,0,0,0,0,0,0,0
201607,55,049,2,3,Iowa County                   ,36,36,7761500,0,0,0,0,0,0,0,0,0,36,36,7761500,0,0,0,0,0,0,0,0,0
201607,55,059,2,3,Kenosha County                ,109,109,34231992,0,0,0,0,0,0,17,312,10243056,100,100,31420395,0,0,0,0,0,0,16,302,9500000
201607,55,079,2,3,Milwaukee County              ,78,78,23524990,6,12,1627688,0,0,0,15,1014,127973935,68,68,21110005,3,6,930000,0,0,0,12,918,115336007
201607,55,089,2,3,Ozaukee County                ,124,124,42540798,0,0,0,0,0,0,15,89,11759756,72,72,18490399,0,0,0,0,0,0,12,72,9099996
201607,55,093,2,3,Pierce County                 ,82,82,16944628,0,0,0,0,0,0,0,0,0,82,82,16944628,0,0,0,0,0,0,0,0,0
201607,55,109,2,3,St. Croix County              ,208,208,45670352,9,18,2253735,0,0,0,2,11,1500000,204,204,44627118,9,18,2253735,0,0,0,2,11,1500000
201607,55,131,2,3,Washington County             ,196,196,54454572,5,10,1195000,0,0,0,8,62,4785418,143,143,37889040,4,8,900000,0,0,0,2,32,2400000
201607,56,029,4,8,Park County                   ,74,74,17946378,0,0,0,1,3,335000,1,6,450000,74,74,17946378,0,0,0,1,3,335000,1,6,450000
201607,56,039,4,8,Teton County                  ,104,104,147297784,3,6,1853262,4,13,504829,1,5,799125,85,85,139157308,0,0,0,0,0,0,1,5,799125
