Survey,FIPS,FIPS,Region,Division,County,,1-unit,,,2-units,,,3-4 units,,,5+ units,,,1-unit rep,,,2-units rep,,,3-4 units rep,,, 5+units rep
Date,State,County,Code,Code,Name,Bldgs,Units,Value,Bldgs,Units,Value,Bldgs,Units,Value,Bldgs,Units,Value,Bldgs,Units,Value,Bldgs,Units,Value,Bldgs,Units,Value,Bldgs,Units,Value
 
201606,01,001,3,6,Autauga County                ,98,98,27259536,0,0,0,0,0,0,0,0,0,98,98,27259536,0,0,0,0,0,0,0,0,0
201606,01,007,3,6,Bibb County                   ,11,11,2218077,0,0,0,0,0,0,0,0,0,0,0,0,0,0,0,0,0,0,0,0,0
201606,01,009,3,6,Blount County                 ,6,6,1040920,0,0,0,0,0,0,0,0,0,6,6,1040920,0,0,0,0,0,0,0,0,0
201606,01,021,3,6,Chilton County                ,12,12,1709500,0,0,0,0,0,0,0,0,0,12,12,1709500,0,0,0,0,0,0,0,0,0
201606,01,073,3,6,Jefferson County              ,775,775,193412436,0,0,0,0,0,0,9,381,40083574,642,642,165807291,0,0,0,0,0,0,5,216,24581715
201606,01,083,3,6,Limestone County              ,61,61,12084462,0,0,0,0,0,0,0,0,0,60,60,11957033,0,0,0,0,0,0,0,0,0
201606,01,089,3,6,Madison County                ,1263,1263,185533324,0,0,0,0,0,0,16,300,10377916,1259,1259,185028064,0,0,0,0,0,0,16,300,10377916
201606,01,113,3,6,Russell County                ,55,55,9388536,1,2,80304,0,0,0,0,0,0,48,48,8223460,1,2,80304,0,0,0,0,0,0
201606,01,115,3,6,St. Clair County              ,75,75,11900811,0,0,0,0,0,0,0,0,0,69,69,10625942,0,0,0,0,0,0,0,0,0
201606,01,117,3,6,Shelby County                 ,548,548,120256646,0,0,0,0,0,0,3,33,561000,279,279,55258133,0,0,0,0,0,0,0,0,0
201606,01,127,3,6,Walker County                 ,6,6,2010000,0,0,0,0,0,0,0,0,0,6,6,2010000,0,0,0,0,0,0,0,0,0
201606,02,013,4,9,Aleutians East Borough        ,0,0,0,0,0,0,0,0,0,0,0,0,0,0,0,0,0,0,0,0,0,0,0,0
201606,02,016,4,9,Aleutians West Census Area    ,3,3,294354,0,0,0,0,0,0,0,0,0,0,0,0,0,0,0,0,0,0,0,0,0
201606,02,020,4,9,Anchorage Borough             ,376,376,117939769,0,0,0,6,18,3112638,8,87,13754314,0,0,0,0,0,0,0,0,0,0,0,0
201606,02,020,4,9,Anchorage Municipality        ,376,376,117939769,0,0,0,6,18,3112638,8,87,13754314,0,0,0,0,0,0,0,0,0,0,0,0
201606,02,050,4,9,Bethel Census Area            ,6,6,1800000,0,0,0,0,0,0,0,0,0,6,6,1800000,0,0,0,0,0,0,0,0,0
201606,02,060,4,9,Bristol Bay Borough           ,2,2,450000,0,0,0,0,0,0,0,0,0,2,2,450000,0,0,0,0,0,0,0,0,0
201606,02,070,4,9,Dillingham Census Area        ,1,1,291587,0,0,0,0,0,0,0,0,0,0,0,0,0,0,0,0,0,0,0,0,0
201606,02,090,4,9,Fairbanks North Star Borough  ,10,10,2630522,0,0,0,0,0,0,0,0,0,10,10,2630522,0,0,0,0,0,0,0,0,0
201606,02,100,4,9,Haines Borough                ,3,3,842241,0,0,0,0,0,0,0,0,0,1,1,287713,0,0,0,0,0,0,0,0,0
201606,02,105,4,9,Hoonah-Angoon Census Area     ,3,3,500000,0,0,0,0,0,0,0,0,0,3,3,500000,0,0,0,0,0,0,0,0,0
201606,02,110,4,9,Juneau Borough                ,22,22,5662594,2,4,703036,3,10,424992,2,35,3826129,22,22,5662594,2,4,703036,3,10,424992,2,35,3826129
201606,02,110,4,9,Juneau City and Borough       ,22,22,5662594,2,4,703036,3,10,424992,2,35,3826129,22,22,5662594,2,4,703036,3,10,424992,2,35,3826129
201606,02,122,4,9,Kenai Peninsula Borough       ,32,32,7365449,4,8,1037792,2,7,950000,0,0,0,18,18,4557960,3,6,700000,2,7,950000,0,0,0
201606,02,130,4,9,Ketchikan Gateway Borough     ,15,15,4354435,1,2,282160,0,0,0,0,0,0,15,15,4354435,1,2,282160,0,0,0,0,0,0
201606,02,150,4,9,Kodiak Island Borough         ,4,4,840264,1,2,219247,0,0,0,0,0,0,4,4,840264,1,2,219247,0,0,0,0,0,0
201606,02,158,4,9,Kusilvak Census Area          ,0,0,0,0,0,0,0,0,0,0,0,0,0,0,0,0,0,0,0,0,0,0,0,0
201606,02,170,4,9,Matanuska-Susitna Borough     ,22,22,4591607,6,12,1695655,1,4,454720,1,42,3978099,17,17,3884656,5,10,1437756,1,4,454720,1,42,3978099
201606,02,180,4,9,Nome Census Area              ,2,2,393901,0,0,0,0,0,0,0,0,0,2,2,393901,0,0,0,0,0,0,0,0,0
201606,02,185,4,9,North Slope Borough           ,3,3,805447,0,0,0,0,0,0,0,0,0,2,2,540757,0,0,0,0,0,0,0,0,0
201606,02,188,4,9,Northwest Arctic Borough      ,1,1,355182,0,0,0,0,0,0,0,0,0,0,0,0,0,0,0,0,0,0,0,0,0
201606,02,195,4,9,Petersburg Borough            ,3,3,857000,0,0,0,0,0,0,0,0,0,3,3,857000,0,0,0,0,0,0,0,0,0
201606,02,195,4,9,Petersburg Census Area        ,3,3,857000,0,0,0,0,0,0,0,0,0,3,3,857000,0,0,0,0,0,0,0,0,0
201606,02,198,4,9,Prince of Wales-Hyder Census A,2,2,534450,0,0,0,1,3,439137,0,0,0,2,2,534450,0,0,0,1,3,439137,0,0,0
201606,02,220,4,9,Sitka Borough                 ,8,8,2459642,0,0,0,0,0,0,0,0,0,0,0,0,0,0,0,0,0,0,0,0,0
201606,02,220,4,9,Sitka City and Borough        ,8,8,2459642,0,0,0,0,0,0,0,0,0,0,0,0,0,0,0,0,0,0,0,0,0
201606,02,230,4,9,Skagway Municipality          ,6,6,730000,1,2,232443,0,0,0,0,0,0,5,5,450000,0,0,0,0,0,0,0,0,0
201606,02,261,4,9,Valdez-Cordova Census Area    ,8,8,1438000,0,0,0,0,0,0,0,0,0,8,8,1438000,0,0,0,0,0,0,0,0,0
201606,02,275,4,9,Wrangell City and Borough     ,2,2,166000,0,0,0,0,0,0,0,0,0,2,2,166000,0,0,0,0,0,0,0,0,0
201606,02,282,4,9,Yakutat Borough               ,1,1,190600,0,0,0,0,0,0,0,0,0,1,1,190600,0,0,0,0,0,0,0,0,0
201606,02,282,4,9,Yakutat City and Borough      ,1,1,190600,0,0,0,0,0,0,0,0,0,1,1,190600,0,0,0,0,0,0,0,0,0
201606,02,290,4,9,Yukon-Koyukuk Census Area     ,0,0,0,0,0,0,0,0,0,0,0,0,0,0,0,0,0,0,0,0,0,0,0,0
201606,04,013,4,8,Maricopa County               ,8575,8575,2426921033,45,108,11932638,25,107,18803084,103,4774,537268197,8390,8390,2368141033,45,108,11932638,25,107,18803084,100,4664,523648837
201606,04,019,4,8,Pima County                   ,1196,1196,338496568,7,14,1432582,0,0,0,14,288,36981773,764,764,218895395,0,0,0,0,0,0,0,0,0
201606,04,021,4,8,Pinal County                  ,1198,1198,224133099,47,94,6041000,0,0,0,0,0,0,1004,1004,181208351,47,94,6041000,0,0,0,0,0,0
201606,05,013,3,7,Calhoun County                ,0,0,0,0,0,0,0,0,0,0,0,0,0,0,0,0,0,0,0,0,0,0,0,0
201606,05,035,3,7,Crittenden County             ,35,35,6056861,0,0,0,0,0,0,0,0,0,35,35,6056861,0,0,0,0,0,0,0,0,0
201606,05,045,3,7,Faulkner County               ,148,148,30476792,2,4,291000,0,0,0,1,40,1500000,141,141,28915828,2,4,291000,0,0,0,1,40,1500000
201606,05,053,3,7,Grant County                  ,6,6,712476,0,0,0,0,0,0,0,0,0,0,0,0,0,0,0,0,0,0,0,0,0
201606,05,085,3,7,Lonoke County                 ,163,163,17209014,0,0,0,0,0,0,0,0,0,80,80,10140251,0,0,0,0,0,0,0,0,0
201606,05,087,3,7,Madison County                ,0,0,0,0,0,0,0,0,0,0,0,0,0,0,0,0,0,0,0,0,0,0,0,0
201606,05,091,3,7,Miller County                 ,22,22,3318163,0,0,0,0,0,0,0,0,0,0,0,0,0,0,0,0,0,0,0,0,0
201606,05,105,3,7,Perry County                  ,2,2,68000,0,0,0,0,0,0,0,0,0,2,2,68000,0,0,0,0,0,0,0,0,0
201606,05,119,3,7,Pulaski County                ,372,372,79193856,7,14,3323000,0,0,0,34,318,15622028,372,372,79193856,7,14,3323000,0,0,0,34,318,15622028
201606,05,129,3,7,Searcy County                 ,0,0,0,0,0,0,0,0,0,0,0,0,0,0,0,0,0,0,0,0,0,0,0,0
201606,05,143,3,7,Washington County             ,520,520,121787211,0,0,0,0,0,0,19,360,30477874,483,483,117869758,0,0,0,0,0,0,19,360,30477874
201606,06,001,4,9,Alameda County                ,1333,1333,447680335,1,2,799900,11,40,9002341,40,1674,257502110,1249,1249,418588088,1,2,799900,11,40,9002341,26,1359,211411745
201606,06,013,4,9,Contra Costa County           ,952,952,301482752,0,0,0,0,0,0,14,286,33383499,866,866,270906112,0,0,0,0,0,0,1,178,18371141
201606,06,017,4,9,El Dorado County              ,358,358,139404031,0,0,0,0,0,0,0,0,0,355,355,138313631,0,0,0,0,0,0,0,0,0
201606,06,019,4,9,Fresno County                 ,1105,1105,296262873,1,2,350000,8,30,5705829,7,56,4800000,983,983,267135586,1,2,350000,7,27,5485244,7,56,4800000
201606,06,037,4,9,Los Angeles County            ,2650,2650,1072375483,176,352,66594261,27,100,21932746,169,6079,1107474902,2477,2477,1006846464,174,348,65867261,25,94,21398546,149,5759,1056213850
201606,06,041,4,9,Marin County                  ,92,92,39470787,0,0,0,0,0,0,10,96,9460858,19,19,10310800,0,0,0,0,0,0,0,0,0
201606,06,059,4,9,Orange County                 ,2384,2384,732083852,36,72,16947680,30,97,20171421,81,5237,745212981,2218,2218,658163531,27,54,10947572,29,94,19110023,73,5041,717035507
201606,06,061,4,9,Placer County                 ,1044,1044,338271096,0,0,0,0,0,0,7,156,24098203,1036,1036,335655864,0,0,0,0,0,0,7,156,24098203
201606,06,063,4,9,Plumas County                 ,28,28,4600223,0,0,0,0,0,0,0,0,0,28,28,4600223,0,0,0,0,0,0,0,0,0
201606,06,067,4,9,Sacramento County             ,1233,1233,321154545,8,16,2054926,0,0,0,3,266,35348363,1222,1222,318565695,8,16,2054926,0,0,0,3,266,35348363
201606,06,069,4,9,San Benito County             ,205,205,51935067,0,0,0,0,0,0,1,5,1398501,157,157,37261671,0,0,0,0,0,0,1,5,1398501
201606,06,071,4,9,San Bernardino County         ,1404,1404,350872126,0,0,0,1,3,184952,54,779,98956249,1330,1330,337070796,0,0,0,1,3,184952,52,769,98006561
201606,06,073,4,9,San Diego County              ,1282,1282,406685721,39,78,13518674,47,147,26001396,104,4332,548091175,1264,1264,399501812,39,78,13518674,46,144,25456857,100,4306,543259098
201606,06,075,4,9,San Francisco County          ,25,25,6775229,12,24,9626708,1,3,1150000,16,1505,438806625,25,25,6775229,12,24,9626708,1,3,1150000,16,1505,438806625
201606,06,081,4,9,San Mateo County              ,209,209,134467360,3,6,1600000,2,7,1591146,28,1032,178383987,122,122,97947655,3,6,1600000,2,7,1591146,19,800,136473735
201606,06,085,4,9,Santa Clara County            ,924,924,380691258,2,4,1825006,10,36,7504342,45,1501,157807991,908,908,374854837,2,4,1825006,10,36,7504342,44,1482,154680864
201606,06,091,4,9,Sierra County                 ,6,6,1358197,0,0,0,0,0,0,0,0,0,6,6,1358197,0,0,0,0,0,0,0,0,0
201606,06,113,4,9,Yolo County                   ,319,319,87342785,1,2,250000,1,4,400000,6,70,10350000,319,319,87342785,1,2,250000,1,4,400000,6,70,10350000
201606,08,001,4,8,Adams County                  ,896,896,244747011,0,0,0,5,19,2336874,13,113,9837648,829,829,225767207,0,0,0,4,16,1757739,13,113,9837648
201606,08,005,4,8,Arapahoe County               ,1037,1037,275935648,0,0,0,0,0,0,22,1099,130404793,1025,1025,269555762,0,0,0,0,0,0,22,1099,130404793
201606,08,014,4,8,Broomfield County             ,312,312,104727589,0,0,0,2,8,1075814,2,10,1306300,265,265,88462327,0,0,0,2,8,1075814,1,5,673523
201606,08,015,4,8,Chaffee County                ,53,53,14020727,2,4,647924,1,3,549700,0,0,0,0,0,0,0,0,0,0,0,0,0,0,0
201606,08,019,4,8,Clear Creek County            ,6,6,1831146,0,0,0,0,0,0,0,0,0,4,4,1321201,0,0,0,0,0,0,0,0,0
201606,08,031,4,8,Denver County                 ,873,873,229261682,14,28,5277040,1,4,757100,33,2475,399511992,873,873,229261682,14,28,5277040,1,4,757100,33,2475,399511992
201606,08,035,4,8,Douglas County                ,1031,1031,315123698,0,0,0,1,3,518902,25,586,47796002,904,904,277672871,0,0,0,0,0,0,24,576,46945364
201606,08,039,4,8,Elbert County                 ,61,61,13110501,0,0,0,0,0,0,0,0,0,60,60,12950071,0,0,0,0,0,0,0,0,0
201606,08,041,4,8,El Paso County                ,1936,1936,787269601,3,6,548035,0,0,0,7,407,79775184,1936,1936,787269601,3,6,548035,0,0,0,7,407,79775184
201606,08,047,4,8,Gilpin County                 ,16,16,7125000,0,0,0,0,0,0,0,0,0,16,16,7125000,0,0,0,0,0,0,0,0,0
201606,08,069,4,8,Larimer County                ,785,785,221374191,9,18,2987338,13,52,8229460,17,273,37697918,783,783,220933699,9,18,2987338,13,52,8229460,17,273,37697918
201606,08,077,4,8,Mesa County                   ,240,240,57401146,2,4,300650,0,0,0,2,91,9352294,240,240,57401146,2,4,300650,0,0,0,2,91,9352294
201606,08,093,4,8,Park County                   ,61,61,9768966,0,0,0,0,0,0,0,0,0,60,60,9563620,0,0,0,0,0,0,0,0,0
201606,08,101,4,8,Pueblo County                 ,125,125,21383703,0,0,0,0,0,0,0,0,0,125,125,21383703,0,0,0,0,0,0,0,0,0
201606,08,119,4,8,Teller County                 ,24,24,7498076,1,2,220000,0,0,0,2,48,5156336,24,24,7498076,0,0,0,0,0,0,2,48,5156336
201606,09,001,1,1,Fairfield County              ,373,373,217196244,9,18,2467000,3,9,690000,20,1090,177418524,291,291,147859286,9,18,2467000,3,9,690000,18,1078,176700667
201606,09,003,1,1,Hartford County               ,233,233,45966631,2,4,500000,1,3,420000,25,422,54537862,210,210,41170980,2,4,500000,1,3,420000,23,412,54051000
201606,09,007,1,1,Middlesex County              ,77,77,18494578,3,6,1050000,1,3,250000,3,32,3268625,63,63,14619511,3,6,1050000,1,3,250000,2,27,2954000
201606,09,013,1,1,Tolland County                ,86,86,15498953,2,4,365000,0,0,0,14,145,15437904,67,67,11500280,2,4,365000,0,0,0,10,125,12983304
201606,10,001,3,5,Kent County                   ,587,587,86510775,0,0,0,1,4,435500,3,21,1580640,579,579,85426655,0,0,0,1,4,435500,3,21,1580640
201606,10,003,3,5,New Castle County             ,584,584,49420584,3,6,428736,0,0,0,14,395,33482350,564,564,48001311,3,6,428736,0,0,0,6,344,32666350
201606,10,005,3,5,Sussex County                 ,1191,1191,169141618,30,60,6350271,8,29,3833312,8,80,6002595,1191,1191,169141618,30,60,6350271,8,29,3833312,8,80,6002595
201606,11,001,3,5,Washington  DC                ,191,191,43220811,9,18,1953941,2,8,986998,16,1795,177069633,191,191,43220811,9,18,1953941,2,8,986998,16,1795,177069633
201606,12,003,3,5,Baker County                  ,43,43,7884505,1,2,125000,0,0,0,0,0,0,43,43,7884505,1,2,125000,0,0,0,0,0,0
201606,12,019,3,5,Clay County                   ,562,562,121627464,0,0,0,0,0,0,0,0,0,548,548,118479926,0,0,0,0,0,0,0,0,0
201606,12,031,3,5,Duval County                  ,1586,1586,371411612,20,40,4322186,1,4,959228,10,287,28666816,1554,1554,361486583,20,40,4322186,1,4,959228,10,287,28666816
201606,12,033,3,5,Escambia County               ,481,481,112151392,0,0,0,0,0,0,28,476,31690846,481,481,112151392,0,0,0,0,0,0,28,476,31690846
201606,12,053,3,5,Hernando County               ,311,311,56906168,0,0,0,0,0,0,10,160,18593312,308,308,56153428,0,0,0,0,0,0,10,160,18593312
201606,12,057,3,5,Hillsborough County           ,3242,3242,1071731089,3,6,722907,4,15,1788000,57,2506,354611449,3242,3242,1071731089,3,6,722907,4,15,1788000,57,2506,354611449
201606,12,067,3,5,Lafayette County              ,5,5,893270,0,0,0,0,0,0,0,0,0,5,5,893270,0,0,0,0,0,0,0,0,0
201606,12,071,3,5,Lee County                    ,2103,2103,506244126,20,40,3223430,30,120,21114585,23,356,115434887,2103,2103,506244126,20,40,3223430,30,120,21114585,23,356,115434887
201606,12,073,3,5,Leon County                   ,292,292,56824767,2,4,680000,2,6,915000,9,174,17258551,0,0,0,0,0,0,0,0,0,0,0,0
201606,12,081,3,5,Manatee County                ,1583,1583,353539897,14,28,2242500,14,56,9451848,25,582,54996784,1340,1340,294981346,14,28,2242500,11,44,7392200,23,533,51856712
201606,12,086,3,5,Miami-Dade County             ,1480,1480,382048313,33,66,11661941,4,14,2407530,80,2886,616871642,1409,1409,347561470,33,66,11661941,4,14,2407530,71,2838,557164830
201606,12,089,3,5,Nassau County                 ,517,517,143943549,2,4,1055913,0,0,0,1,6,1645753,517,517,143943549,2,4,1055913,0,0,0,1,6,1645753
201606,12,091,3,5,Okaloosa County               ,385,385,109811084,0,0,0,1,4,573520,1,10,1962590,361,361,106358479,0,0,0,1,4,573520,1,10,1962590
201606,12,095,3,5,Orange County                 ,3003,3003,821191555,54,108,19441790,5,16,2866856,36,1739,211955970,2948,2948,798090091,54,108,19441790,5,16,2866856,36,1739,211955970
201606,12,097,3,5,Osceola County                ,2010,2010,504492239,1,2,198928,7,28,4628104,5,229,20227672,1792,1792,443526332,1,2,198928,7,28,4628104,5,229,20227672
201606,12,101,3,5,Pasco County                  ,1234,1234,272562101,20,40,3472810,12,48,1899023,25,513,29272822,1230,1230,272004601,17,34,2632810,12,48,1899023,22,498,28155244
201606,12,103,3,5,Pinellas County               ,699,699,186717260,2,4,466040,2,6,1137044,9,781,123681784,598,598,162371584,2,4,466040,1,3,897000,7,758,121550972
201606,12,109,3,5,St. Johns County              ,1795,1795,463013818,0,0,0,7,28,5599051,8,90,13351137,1786,1786,461281024,0,0,0,7,28,5599051,8,90,13351137
201606,12,113,3,5,Santa Rosa County             ,676,676,100370556,0,0,0,0,0,0,0,0,0,676,676,100370556,0,0,0,0,0,0,0,0,0
201606,12,115,3,5,Sarasota County               ,1442,1442,421300802,1,2,710000,6,24,3372288,13,331,65293344,1442,1442,421300802,1,2,710000,6,24,3372288,13,331,65293344
201606,12,117,3,5,Seminole County               ,397,397,132854792,4,8,1172999,0,0,0,50,1362,115787322,397,397,132854792,4,8,1172999,0,0,0,50,1362,115787322
201606,12,129,3,5,Wakulla County                ,89,89,12107851,0,0,0,0,0,0,0,0,0,89,89,12107851,0,0,0,0,0,0,0,0,0
201606,12,131,3,5,Walton County                 ,760,760,287098872,0,0,0,0,0,0,1,31,27000000,760,760,287098872,0,0,0,0,0,0,1,31,27000000
201606,12,133,3,5,Washington County             ,26,26,4036974,0,0,0,0,0,0,0,0,0,23,23,3547536,0,0,0,0,0,0,0,0,0
201606,13,007,3,5,Baker County                  ,0,0,0,0,0,0,0,0,0,0,0,0,0,0,0,0,0,0,0,0,0,0,0,0
201606,13,013,3,5,Barrow County                 ,178,178,25370325,0,0,0,0,0,0,0,0,0,178,178,25370325,0,0,0,0,0,0,0,0,0
201606,13,015,3,5,Bartow County                 ,240,240,50864644,0,0,0,0,0,0,0,0,0,231,231,48943390,0,0,0,0,0,0,0,0,0
201606,13,021,3,5,Bibb County                   ,43,43,6882813,0,0,0,0,0,0,0,0,0,43,43,6882813,0,0,0,0,0,0,0,0,0
201606,13,029,3,5,Bryan County                  ,233,233,51721290,0,0,0,0,0,0,2,11,758333,176,176,43119452,0,0,0,0,0,0,0,0,0
201606,13,033,3,5,Burke County                  ,25,25,4249244,0,0,0,0,0,0,0,0,0,0,0,0,0,0,0,0,0,0,0,0,0
201606,13,035,3,5,Butts County                  ,26,26,3265800,0,0,0,0,0,0,0,0,0,26,26,3265800,0,0,0,0,0,0,0,0,0
201606,13,045,3,5,Carroll County                ,118,118,25006379,0,0,0,6,18,1467306,0,0,0,118,118,25006379,0,0,0,6,18,1467306,0,0,0
201606,13,051,3,5,Chatham County                ,436,436,117908148,4,8,713744,0,0,0,10,170,12915000,434,434,117302695,4,8,713744,0,0,0,10,170,12915000
201606,13,057,3,5,Cherokee County               ,1067,1067,271382540,0,0,0,0,0,0,13,386,33633393,1067,1067,271382540,0,0,0,0,0,0,13,386,33633393
201606,13,059,3,5,Clarke County                 ,58,58,10811488,0,0,0,0,0,0,0,0,0,58,58,10811488,0,0,0,0,0,0,0,0,0
201606,13,063,3,5,Clayton County                ,311,311,70786357,0,0,0,0,0,0,0,0,0,305,305,68937011,0,0,0,0,0,0,0,0,0
201606,13,067,3,5,Cobb County                   ,964,964,270037241,2,4,666869,5,18,5463277,17,676,76983709,947,947,265759605,2,4,666869,5,18,5463277,17,676,76983709
201606,13,073,3,5,Columbia County               ,757,757,127348607,0,0,0,0,0,0,0,0,0,50,50,6769420,0,0,0,0,0,0,0,0,0
201606,13,077,3,5,Coweta County                 ,428,428,145552473,7,14,1548848,4,12,1150268,2,110,12331165,379,379,132143108,7,14,1548848,4,12,1150268,1,94,10813831
201606,13,085,3,5,Dawson County                 ,121,121,26200619,0,0,0,0,0,0,0,0,0,121,121,26200619,0,0,0,0,0,0,0,0,0
201606,13,095,3,5,Dougherty County              ,27,27,2980330,6,12,900660,0,0,0,0,0,0,0,0,0,0,0,0,0,0,0,0,0,0
201606,13,097,3,5,Douglas County                ,185,185,52831904,0,0,0,0,0,0,0,0,0,185,185,52831904,0,0,0,0,0,0,0,0,0
201606,13,111,3,5,Fannin County                 ,131,131,26162752,0,0,0,0,0,0,0,0,0,131,131,26162752,0,0,0,0,0,0,0,0,0
201606,13,113,3,5,Fayette County                ,193,193,58223382,0,0,0,0,0,0,0,0,0,188,188,56521489,0,0,0,0,0,0,0,0,0
201606,13,117,3,5,Forsyth County                ,1474,1474,211948846,2,4,222760,1,4,244560,22,512,25556360,1474,1474,211948846,2,4,222760,1,4,244560,22,512,25556360
201606,13,121,3,5,Fulton County                 ,1763,1763,449087365,3,6,677100,0,0,0,63,5843,661792467,1740,1740,445384414,3,6,677100,0,0,0,60,5815,660347569
201606,13,127,3,5,Glynn County                  ,254,254,66999032,0,0,0,0,0,0,0,0,0,0,0,0,0,0,0,0,0,0,0,0,0
201606,13,135,3,5,Gwinnett County               ,2029,2029,379670545,0,0,0,0,0,0,3,28,2491687,1768,1768,332008357,0,0,0,0,0,0,2,10,1003539
201606,13,143,3,5,Haralson County               ,17,17,3318582,0,0,0,0,0,0,0,0,0,10,10,1952854,0,0,0,0,0,0,0,0,0
201606,13,145,3,5,Harris County                 ,99,99,23366115,0,0,0,0,0,0,0,0,0,99,99,23366115,0,0,0,0,0,0,0,0,0
201606,13,149,3,5,Heard County                  ,9,9,1111395,0,0,0,0,0,0,0,0,0,0,0,0,0,0,0,0,0,0,0,0,0
201606,13,151,3,5,Henry County                  ,701,701,139477164,0,0,0,0,0,0,0,0,0,680,680,136566998,0,0,0,0,0,0,0,0,0
201606,13,159,3,5,Jasper County                 ,32,32,4287168,0,0,0,0,0,0,0,0,0,0,0,0,0,0,0,0,0,0,0,0,0
201606,13,171,3,5,Lamar County                  ,21,21,2577498,0,0,0,0,0,0,0,0,0,21,21,2577498,0,0,0,0,0,0,0,0,0
201606,13,177,3,5,Lee County                    ,63,63,8098455,0,0,0,0,0,0,0,0,0,53,53,6871646,0,0,0,0,0,0,0,0,0
201606,13,179,3,5,Liberty County                ,166,166,38177415,0,0,0,0,0,0,0,0,0,166,166,38177415,0,0,0,0,0,0,0,0,0
201606,13,189,3,5,McDuffie County               ,12,12,1939859,0,0,0,0,0,0,0,0,0,2,2,175000,0,0,0,0,0,0,0,0,0
201606,13,199,3,5,Meriwether County             ,16,16,3636952,0,0,0,0,0,0,0,0,0,16,16,3636952,0,0,0,0,0,0,0,0,0
201606,13,201,3,5,Miller County                 ,0,0,0,0,0,0,0,0,0,0,0,0,0,0,0,0,0,0,0,0,0,0,0,0
201606,13,207,3,5,Monroe County                 ,64,64,14888782,0,0,0,0,0,0,0,0,0,64,64,14888782,0,0,0,0,0,0,0,0,0
201606,13,215,3,5,Muscogee County               ,169,169,27775552,0,0,0,2,7,317963,8,112,9905915,17,17,3225419,0,0,0,0,0,0,0,0,0
201606,13,217,3,5,Newton County                 ,133,133,30120387,0,0,0,0,0,0,1,6,700000,133,133,30120387,0,0,0,0,0,0,1,6,700000
201606,13,227,3,5,Pickens County                ,58,58,17114325,0,0,0,0,0,0,0,0,0,57,57,17003700,0,0,0,0,0,0,0,0,0
201606,13,231,3,5,Pike County                   ,39,39,6099600,0,0,0,0,0,0,0,0,0,39,39,6099600,0,0,0,0,0,0,0,0,0
201606,13,235,3,5,Pulaski County                ,5,5,514875,0,0,0,0,0,0,0,0,0,2,2,280000,0,0,0,0,0,0,0,0,0
201606,13,245,3,5,Richmond County               ,203,203,34921262,0,0,0,0,0,0,16,320,19764624,86,86,12820544,0,0,0,0,0,0,12,256,17896236
201606,13,247,3,5,Rockdale County               ,84,84,19290694,0,0,0,0,0,0,0,0,0,84,84,19290694,0,0,0,0,0,0,0,0,0
201606,13,255,3,5,Spalding County               ,111,111,13318056,0,0,0,0,0,0,0,0,0,111,111,13318056,0,0,0,0,0,0,0,0,0
201606,13,275,3,5,Thomas County                 ,48,48,9420675,0,0,0,0,0,0,0,0,0,48,48,9420675,0,0,0,0,0,0,0,0,0
201606,13,291,3,5,Union County                  ,83,83,20175966,0,0,0,0,0,0,0,0,0,83,83,20175966,0,0,0,0,0,0,0,0,0
201606,15,001,4,9,Hawaii County                 ,372,372,143745891,2,4,700000,0,0,0,10,170,36603556,372,372,143745891,2,4,700000,0,0,0,10,170,36603556
201606,15,003,4,9,Honolulu County               ,429,429,165685853,0,0,0,0,0,0,3,565,146965620,429,429,165685853,0,0,0,0,0,0,3,565,146965620
201606,15,007,4,9,Kauai County                  ,96,96,51869490,0,0,0,4,16,18760000,0,0,0,73,73,37525224,0,0,0,4,16,18760000,0,0,0
201606,15,009,4,9,Maui County                   ,125,125,35983924,13,26,6568430,1,3,341040,7,70,20323800,125,125,35983924,13,26,6568430,1,3,341040,7,70,20323800
201606,16,001,4,8,Ada County                    ,2022,2022,501162952,4,8,1190704,15,60,4158768,17,439,54112326,1973,1973,490553303,4,8,1190704,15,60,4158768,17,439,54112326
201606,16,015,4,8,Boise County                  ,24,24,6645610,0,0,0,0,0,0,0,0,0,24,24,6645610,0,0,0,0,0,0,0,0,0
201606,16,027,4,8,Canyon County                 ,687,687,106779925,0,0,0,30,120,7200000,10,256,17858303,598,598,94194767,0,0,0,30,120,7200000,10,256,17858303
201606,16,045,4,8,Gem County                    ,29,29,4122689,0,0,0,0,0,0,0,0,0,29,29,4122689,0,0,0,0,0,0,0,0,0
201606,16,073,4,8,Owyhee County                 ,16,16,2935323,0,0,0,0,0,0,0,0,0,16,16,2935323,0,0,0,0,0,0,0,0,0
201606,17,005,2,3,Bond County                   ,8,8,1180582,0,0,0,0,0,0,0,0,0,0,0,0,0,0,0,0,0,0,0,0,0
201606,17,013,2,3,Calhoun County                ,4,4,520000,0,0,0,0,0,0,0,0,0,4,4,520000,0,0,0,0,0,0,0,0,0
201606,17,031,2,3,Cook County                   ,818,818,296286837,18,36,10218300,64,212,40660528,90,3366,497834649,724,724,263794080,17,34,9870500,63,209,40447680,87,3319,492804110
201606,17,037,2,3,DeKalb County                 ,39,39,8409378,0,0,0,1,4,676000,0,0,0,36,36,7852432,0,0,0,1,4,676000,0,0,0
201606,17,039,2,3,De Witt County                ,7,7,1343000,0,0,0,0,0,0,0,0,0,7,7,1343000,0,0,0,0,0,0,0,0,0
201606,17,043,2,3,DuPage County                 ,448,448,182827591,3,6,660000,0,0,0,3,15,2000150,410,410,166570253,3,6,660000,0,0,0,3,15,2000150
201606,17,063,2,3,Grundy County                 ,38,38,8397066,0,0,0,0,0,0,11,64,3282048,33,33,7594321,0,0,0,0,0,0,0,0,0
201606,17,083,2,3,Jersey County                 ,15,15,2431507,0,0,0,0,0,0,0,0,0,8,8,1342244,0,0,0,0,0,0,0,0,0
201606,17,093,2,3,Kendall County                ,93,93,17632867,0,0,0,0,0,0,0,0,0,77,77,14801238,0,0,0,0,0,0,0,0,0
201606,17,097,2,3,Lake County                   ,284,284,95067171,8,16,973760,0,0,0,3,24,2625912,203,203,64772155,6,12,500000,0,0,0,3,24,2625912
201606,17,111,2,3,McHenry County                ,174,174,31364943,0,0,0,0,0,0,1,5,400000,147,147,28576636,0,0,0,0,0,0,1,5,400000
201606,17,119,2,3,Madison County                ,183,183,49545305,0,0,0,2,8,3323411,12,76,10241308,166,166,45891929,0,0,0,2,8,3323411,12,76,10241308
201606,17,133,2,3,Monroe County                 ,70,70,16672319,1,2,240324,0,0,0,0,0,0,64,64,15426295,0,0,0,0,0,0,0,0,0
201606,17,197,2,3,Will County                   ,558,558,154012616,3,6,996000,0,0,0,9,296,38000000,498,498,143314382,3,6,996000,0,0,0,9,296,38000000
201606,18,003,2,3,Allen County                  ,488,488,122324379,18,36,2551718,0,0,0,21,198,15215000,488,488,122324379,18,36,2551718,0,0,0,21,198,15215000
201606,18,011,2,3,Boone County                  ,240,240,67059179,4,8,765700,0,0,0,0,0,0,239,239,66816800,4,8,765700,0,0,0,0,0,0
201606,18,013,2,3,Brown County                  ,18,18,4294047,0,0,0,1,3,299774,0,0,0,12,12,3025500,0,0,0,0,0,0,0,0,0
201606,18,019,2,3,Clark County                  ,226,226,43403900,4,8,981871,0,0,0,0,0,0,210,210,41016800,4,8,981871,0,0,0,0,0,0
201606,18,047,2,3,Franklin County               ,14,14,2597027,0,0,0,0,0,0,0,0,0,10,10,1831519,0,0,0,0,0,0,0,0,0
201606,18,057,2,3,Hamilton County               ,1148,1148,418280465,11,22,2818031,11,39,5239050,19,183,16870462,1087,1087,398642018,11,22,2818031,11,39,5239050,17,164,14819415
201606,18,059,2,3,Hancock County                ,214,214,42694287,0,0,0,0,0,0,0,0,0,214,214,42694287,0,0,0,0,0,0,0,0,0
201606,18,061,2,3,Harrison County               ,54,54,11964396,0,0,0,0,0,0,0,0,0,54,54,11964396,0,0,0,0,0,0,0,0,0
201606,18,063,2,3,Hendricks County              ,423,423,99104309,3,6,600000,0,0,0,0,0,0,407,407,95745730,3,6,600000,0,0,0,0,0,0
201606,18,069,2,3,Huntington County             ,29,29,5691097,0,0,0,0,0,0,0,0,0,29,29,5691097,0,0,0,0,0,0,0,0,0
201606,18,073,2,3,Jasper County                 ,31,31,6805689,0,0,0,0,0,0,0,0,0,31,31,6805689,0,0,0,0,0,0,0,0,0
201606,18,081,2,3,Johnson County                ,321,321,78606075,9,18,3101300,0,0,0,0,0,0,306,306,76872540,9,18,3101300,0,0,0,0,0,0
201606,18,087,2,3,Lagrange County               ,73,73,12787000,0,0,0,0,0,0,0,0,0,73,73,12787000,0,0,0,0,0,0,0,0,0
201606,18,089,2,3,Lake County                   ,451,451,108012845,1,2,388000,3,10,1147599,2,16,2479953,435,435,104559786,1,2,388000,3,10,1147599,2,16,2479953
201606,18,097,2,3,Marion County                 ,492,492,120068160,21,42,5709180,0,0,0,4,213,24176760,482,482,118376965,21,42,5709180,0,0,0,4,213,24176760
201606,18,105,2,3,Monroe County                 ,133,133,32990916,9,18,2181903,0,0,0,2,28,2707732,92,92,23082926,9,18,2181903,0,0,0,0,0,0
201606,18,109,2,3,Morgan County                 ,47,47,10319070,1,2,160000,0,0,0,0,0,0,45,45,9961946,0,0,0,0,0,0,0,0,0
201606,18,111,2,3,Newton County                 ,11,11,2490751,0,0,0,0,0,0,0,0,0,0,0,0,0,0,0,0,0,0,0,0,0
201606,18,115,2,3,Ohio County                   ,4,4,682000,0,0,0,0,0,0,0,0,0,4,4,682000,0,0,0,0,0,0,0,0,0
201606,18,119,2,3,Owen County                   ,18,18,3579093,0,0,0,0,0,0,0,0,0,18,18,3579093,0,0,0,0,0,0,0,0,0
201606,18,127,2,3,Porter County                 ,170,170,47773125,2,4,535800,0,0,0,7,118,15577909,159,159,45768272,2,4,535800,0,0,0,7,118,15577909
201606,18,133,2,3,Putnam County                 ,19,19,5319643,0,0,0,0,0,0,0,0,0,18,18,5133543,0,0,0,0,0,0,0,0,0
201606,18,145,2,3,Shelby County                 ,33,33,6918573,4,8,896000,0,0,0,0,0,0,33,33,6918573,4,8,896000,0,0,0,0,0,0
201606,18,151,2,3,Steuben County                ,48,48,10869989,0,0,0,0,0,0,0,0,0,48,48,10869989,0,0,0,0,0,0,0,0,0
201606,18,157,2,3,Tippecanoe County             ,225,225,50365114,4,8,1440000,0,0,0,5,45,3802867,22,22,4172000,0,0,0,0,0,0,2,26,2050000
201606,18,163,2,3,Vanderburgh County            ,172,172,28192299,5,10,715000,0,0,0,1,12,300000,172,172,28192299,5,10,715000,0,0,0,1,12,300000
201606,18,167,2,3,Vigo County                   ,47,47,3470500,4,8,656572,2,7,371438,3,15,1657500,42,42,2683000,0,0,0,0,0,0,0,0,0
201606,18,175,2,3,Washington County             ,18,18,2484948,0,0,0,0,0,0,0,0,0,0,0,0,0,0,0,0,0,0,0,0,0
201606,18,183,2,3,Whitley County                ,52,52,9175000,0,0,0,0,0,0,2,34,1475000,52,52,9175000,0,0,0,0,0,0,2,34,1475000
201606,19,049,2,4,Dallas County                 ,430,430,115526391,0,0,0,0,0,0,6,226,24615811,430,430,115526391,0,0,0,0,0,0,4,216,23694759
201606,19,085,2,4,Harrison County               ,11,11,2003553,0,0,0,1,3,500000,0,0,0,8,8,1748188,0,0,0,0,0,0,0,0,0
201606,19,129,2,4,Mills County                  ,2,2,690000,0,0,0,0,0,0,0,0,0,2,2,690000,0,0,0,0,0,0,0,0,0
201606,19,153,2,4,Polk County                   ,1288,1288,320631113,7,14,2298033,0,0,0,17,1046,133829866,1276,1276,317241229,7,14,2298033,0,0,0,17,1046,133829866
201606,19,181,2,4,Warren County                 ,111,111,23391909,4,8,1224100,2,8,800000,1,116,10944453,97,97,19708486,4,8,1224100,2,8,800000,1,116,10944453
201606,20,091,2,4,Johnson County                ,875,875,288222702,6,12,1631854,4,15,2024987,8,229,33746494,676,676,219979620,6,12,1631854,1,4,363000,5,185,28886154
201606,20,103,2,4,Leavenworth County            ,110,110,22781043,0,0,0,4,16,1767000,1,42,2195558,110,110,22781043,0,0,0,4,16,1767000,1,42,2195558
201606,20,107,2,4,Linn County                   ,15,15,1350250,0,0,0,0,0,0,0,0,0,11,11,801500,0,0,0,0,0,0,0,0,0
201606,20,121,2,4,Miami County                  ,39,39,9012943,0,0,0,0,0,0,0,0,0,15,15,2662741,0,0,0,0,0,0,0,0,0
201606,20,209,2,4,Wyandotte County              ,108,108,20186407,5,10,872500,0,0,0,0,0,0,108,108,20186407,5,10,872500,0,0,0,0,0,0
201606,21,005,3,6,Anderson County               ,36,36,7377362,0,0,0,0,0,0,0,0,0,36,36,7377362,0,0,0,0,0,0,0,0,0
201606,21,015,3,6,Boone County                  ,206,206,33625088,2,4,200000,0,0,0,3,54,3612820,206,206,33625088,2,4,200000,0,0,0,3,54,3612820
201606,21,017,3,6,Bourbon County                ,11,11,3015859,0,0,0,0,0,0,0,0,0,8,8,2125000,0,0,0,0,0,0,0,0,0
201606,21,021,3,6,Boyle County                  ,10,10,1937000,1,2,55000,1,3,450000,0,0,0,10,10,1937000,1,2,55000,1,3,450000,0,0,0
201606,21,029,3,6,Bullitt County                ,193,193,39832240,0,0,0,0,0,0,0,0,0,161,161,33199873,0,0,0,0,0,0,0,0,0
201606,21,035,3,6,Calloway County               ,14,14,2236000,9,18,1419000,0,0,0,2,16,1245000,14,14,2236000,9,18,1419000,0,0,0,2,16,1245000
201606,21,037,3,6,Campbell County               ,93,93,24020163,7,14,1150231,1,3,324000,3,117,11674243,93,93,24020163,7,14,1150231,1,3,324000,3,117,11674243
201606,21,045,3,6,Casey County                  ,0,0,0,0,0,0,0,0,0,0,0,0,0,0,0,0,0,0,0,0,0,0,0,0
201606,21,047,3,6,Christian County              ,31,31,2632590,7,14,941000,5,19,1055000,2,14,500000,21,21,1920590,7,14,941000,5,19,1055000,2,14,500000
201606,21,049,3,6,Clark County                  ,27,27,5899176,1,2,400000,0,0,0,0,0,0,25,25,5553000,0,0,0,0,0,0,0,0,0
201606,21,067,3,6,Fayette County                ,375,375,56012290,4,8,817888,2,6,720000,11,259,15100591,0,0,0,0,0,0,0,0,0,0,0,0
201606,21,069,3,6,Fleming County                ,0,0,0,0,0,0,0,0,0,0,0,0,0,0,0,0,0,0,0,0,0,0,0,0
201606,21,077,3,6,Gallatin County               ,7,7,1575000,0,0,0,0,0,0,0,0,0,7,7,1575000,0,0,0,0,0,0,0,0,0
201606,21,081,3,6,Grant County                  ,15,15,3242136,0,0,0,0,0,0,2,10,627500,1,1,260000,0,0,0,0,0,0,0,0,0
201606,21,091,3,6,Hancock County                ,3,3,612585,0,0,0,0,0,0,0,0,0,3,3,612585,0,0,0,0,0,0,0,0,0
201606,21,099,3,6,Hart County                   ,23,23,2236750,0,0,0,0,0,0,6,30,3406428,0,0,0,0,0,0,0,0,0,0,0,0
201606,21,101,3,6,Henderson County              ,18,18,4226271,1,2,99000,0,0,0,0,0,0,17,17,4052954,1,2,99000,0,0,0,0,0,0
201606,21,103,3,6,Henry County                  ,16,16,3202000,0,0,0,0,0,0,0,0,0,16,16,3202000,0,0,0,0,0,0,0,0,0
201606,21,111,3,6,Jefferson County              ,544,544,115291151,2,4,418346,4,16,484086,37,648,41353156,272,272,57567264,0,0,0,1,4,150000,23,418,22589260
201606,21,113,3,6,Jessamine County              ,100,100,23628205,0,0,0,6,18,2269284,0,0,0,45,45,16273000,0,0,0,0,0,0,0,0,0
201606,21,115,3,6,Johnson County                ,2,2,908569,0,0,0,0,0,0,0,0,0,2,2,908569,0,0,0,0,0,0,0,0,0
201606,21,117,3,6,Kenton County                 ,183,183,32831577,0,0,0,0,0,0,6,41,4783494,183,183,32831577,0,0,0,0,0,0,6,41,4783494
201606,21,121,3,6,Knox County                   ,0,0,0,0,0,0,0,0,0,0,0,0,0,0,0,0,0,0,0,0,0,0,0,0
201606,21,123,3,6,Larue County                  ,16,16,3630389,0,0,0,0,0,0,0,0,0,16,16,3630389,0,0,0,0,0,0,0,0,0
201606,21,137,3,6,Lincoln County                ,16,16,3212954,0,0,0,0,0,0,0,0,0,16,16,3212954,0,0,0,0,0,0,0,0,0
201606,21,145,3,6,McCracken County              ,97,97,17194680,0,0,0,0,0,0,3,30,3234108,97,97,17194680,0,0,0,0,0,0,3,30,3234108
201606,21,151,3,6,Madison County                ,91,91,8576780,9,18,799980,0,0,0,6,30,1011432,33,33,3556000,4,8,235000,0,0,0,0,0,0
201606,21,157,3,6,Marshall County               ,31,31,7156060,0,0,0,0,0,0,0,0,0,31,31,7156060,0,0,0,0,0,0,0,0,0
201606,21,161,3,6,Mason County                  ,12,12,1900000,0,0,0,0,0,0,0,0,0,12,12,1900000,0,0,0,0,0,0,0,0,0
201606,21,163,3,6,Meade County                  ,36,36,5293900,1,2,199000,0,0,0,0,0,0,36,36,5293900,1,2,199000,0,0,0,0,0,0
201606,21,167,3,6,Mercer County                 ,23,23,3224019,5,10,687500,0,0,0,0,0,0,0,0,0,0,0,0,0,0,0,0,0,0
201606,21,175,3,6,Morgan County                 ,11,11,825000,0,0,0,0,0,0,0,0,0,0,0,0,0,0,0,0,0,0,0,0,0
201606,21,179,3,6,Nelson County                 ,67,67,11398134,0,0,0,1,3,232000,0,0,0,67,67,11398134,0,0,0,1,3,232000,0,0,0
201606,21,185,3,6,Oldham County                 ,149,149,39919746,0,0,0,0,0,0,0,0,0,0,0,0,0,0,0,0,0,0,0,0,0
201606,21,191,3,6,Pendleton County              ,0,0,0,0,0,0,0,0,0,0,0,0,0,0,0,0,0,0,0,0,0,0,0,0
201606,21,209,3,6,Scott County                  ,259,259,35021190,1,2,125000,0,0,0,22,337,21967500,259,259,35021190,1,2,125000,0,0,0,22,337,21967500
201606,21,211,3,6,Shelby County                 ,114,114,25054334,0,0,0,0,0,0,7,168,7000000,114,114,25054334,0,0,0,0,0,0,7,168,7000000
201606,21,213,3,6,Simpson County                ,43,43,4987066,0,0,0,0,0,0,0,0,0,42,42,4790709,0,0,0,0,0,0,0,0,0
201606,21,215,3,6,Spencer County                ,62,62,14059276,0,0,0,0,0,0,0,0,0,62,62,14059276,0,0,0,0,0,0,0,0,0
201606,21,221,3,6,Trigg County                  ,6,6,1362764,0,0,0,0,0,0,0,0,0,6,6,1362764,0,0,0,0,0,0,0,0,0
201606,21,225,3,6,Union County                  ,3,3,603557,1,2,142084,0,0,0,0,0,0,3,3,603557,1,2,142084,0,0,0,0,0,0
201606,21,239,3,6,Woodford County               ,33,33,6854950,0,0,0,0,0,0,0,0,0,33,33,6854950,0,0,0,0,0,0,0,0,0
201606,22,005,3,7,Ascension Parish              ,434,434,70992409,0,0,0,0,0,0,0,0,0,388,388,64225255,0,0,0,0,0,0,0,0,0
201606,22,015,3,7,Bossier Parish                ,283,283,50582761,0,0,0,0,0,0,6,82,3000000,114,114,16595188,0,0,0,0,0,0,6,82,3000000
201606,22,017,3,7,Caddo Parish                  ,139,139,39934399,0,0,0,0,0,0,1,8,611000,136,136,39329199,0,0,0,0,0,0,0,0,0
201606,22,031,3,7,De Soto Parish                ,43,43,10557958,0,0,0,0,0,0,10,120,8858759,43,43,10557958,0,0,0,0,0,0,10,120,8858759
201606,22,033,3,7,East Baton Rouge Parish       ,673,673,165032313,0,0,0,0,0,0,0,0,0,485,485,124425007,0,0,0,0,0,0,0,0,0
201606,22,037,3,7,East Feliciana Parish         ,19,19,3809786,0,0,0,0,0,0,0,0,0,14,14,2804565,0,0,0,0,0,0,0,0,0
201606,22,047,3,7,Iberville Parish              ,41,41,7692279,0,0,0,0,0,0,0,0,0,15,15,3340301,0,0,0,0,0,0,0,0,0
201606,22,051,3,7,Jefferson Parish              ,209,209,45081835,4,8,292800,3,10,469180,0,0,0,173,173,37993919,4,8,292800,3,10,469180,0,0,0
201606,22,055,3,7,Lafayette Parish              ,652,652,123349977,0,0,0,1,4,1000000,1,36,2629243,416,416,78233882,0,0,0,1,4,1000000,0,0,0
201606,22,063,3,7,Livingston Parish             ,405,405,89265205,2,4,440000,0,0,0,0,0,0,317,317,71031180,2,4,440000,0,0,0,0,0,0
201606,22,071,3,7,Orleans Parish                ,154,154,34276869,15,30,2835055,3,10,956270,5,107,16312239,4,4,470900,1,2,168400,0,0,0,0,0,0
201606,22,075,3,7,Plaquemines Parish            ,21,21,7099955,1,2,280000,0,0,0,0,0,0,21,21,7099955,1,2,280000,0,0,0,0,0,0
201606,22,077,3,7,Pointe Coupee Parish          ,22,22,5199028,0,0,0,0,0,0,0,0,0,22,22,5199028,0,0,0,0,0,0,0,0,0
201606,22,087,3,7,St. Bernard Parish            ,45,45,6089700,0,0,0,0,0,0,0,0,0,22,22,2440977,0,0,0,0,0,0,0,0,0
201606,22,089,3,7,St. Charles Parish            ,68,68,12834861,0,0,0,0,0,0,0,0,0,68,68,12834861,0,0,0,0,0,0,0,0,0
201606,22,091,3,7,St. Helena Parish             ,0,0,0,0,0,0,0,0,0,0,0,0,0,0,0,0,0,0,0,0,0,0,0,0
201606,22,095,3,7,St. John the Baptist Parish   ,20,20,3293139,0,0,0,0,0,0,0,0,0,0,0,0,0,0,0,0,0,0,0,0,0
201606,22,099,3,7,St. Martin Parish             ,77,77,16038317,0,0,0,0,0,0,0,0,0,60,60,12716176,0,0,0,0,0,0,0,0,0
201606,22,103,3,7,St. Tammany Parish            ,728,728,171618355,1,2,260000,0,0,0,0,0,0,705,705,163404981,0,0,0,0,0,0,0,0,0
201606,22,109,3,7,Terrebonne Parish             ,78,78,18759766,0,0,0,1,3,525000,0,0,0,78,78,18759766,0,0,0,1,3,525000,0,0,0
201606,22,121,3,7,West Baton Rouge Parish       ,136,136,20523793,0,0,0,0,0,0,0,0,0,128,128,19795297,0,0,0,0,0,0,0,0,0
201606,22,125,3,7,West Feliciana Parish         ,21,21,7920769,0,0,0,0,0,0,0,0,0,16,16,6593255,0,0,0,0,0,0,0,0,0
201606,23,000,1,1,Maine Unorganized Territory   ,38,38,5046410,0,0,0,0,0,0,0,0,0,0,0,0,0,0,0,0,0,0,0,0,0
201606,24,003,3,5,Anne Arundel County           ,925,925,186979309,20,40,4319847,0,0,0,3,253,50630000,912,912,184744073,20,40,4319847,0,0,0,3,253,50630000
201606,24,005,3,5,Baltimore County              ,419,419,99782921,2,4,260000,0,0,0,3,159,23500000,419,419,99782921,2,4,260000,0,0,0,3,159,23500000
201606,24,009,3,5,Calvert County                ,128,128,28963866,0,0,0,0,0,0,0,0,0,96,96,21758257,0,0,0,0,0,0,0,0,0
201606,24,013,3,5,Carroll County                ,118,118,27675101,0,0,0,0,0,0,0,0,0,118,118,27675101,0,0,0,0,0,0,0,0,0
201606,24,015,3,5,Cecil County                  ,36,36,9660382,0,0,0,0,0,0,0,0,0,36,36,9660382,0,0,0,0,0,0,0,0,0
201606,24,017,3,5,Charles County                ,434,434,86712835,0,0,0,0,0,0,3,72,5932425,417,417,83457500,0,0,0,0,0,0,3,72,5932425
201606,24,021,3,5,Frederick County              ,372,372,88546243,0,0,0,1,4,503134,37,617,74646416,372,372,88546243,0,0,0,1,4,503134,37,617,74646416
201606,24,023,3,5,Garrett County                ,20,20,9341749,0,0,0,0,0,0,0,0,0,20,20,9341749,0,0,0,0,0,0,0,0,0
201606,24,025,3,5,Harford County                ,293,293,61767076,0,0,0,0,0,0,0,0,0,287,287,59598823,0,0,0,0,0,0,0,0,0
201606,24,027,3,5,Howard County                 ,506,506,115487058,6,12,1100000,0,0,0,5,392,40630662,506,506,115487058,6,12,1100000,0,0,0,5,392,40630662
201606,24,031,3,5,Montgomery County             ,726,726,164573568,0,0,0,0,0,0,10,839,111936399,560,560,130903245,0,0,0,0,0,0,8,708,94711502
201606,24,033,3,5,Prince George County          ,817,817,185444176,0,0,0,0,0,0,6,62,4543539,817,817,185444176,0,0,0,0,0,0,6,62,4543539
201606,24,035,3,5,Queen Anne County             ,62,62,13370459,1,2,300000,0,0,0,2,51,2624000,62,62,13370459,1,2,300000,0,0,0,2,51,2624000
201606,24,037,3,5,St. Mary's County             ,298,298,57791337,0,0,0,1,4,898854,1,5,955000,298,298,57791337,0,0,0,1,4,898854,1,5,955000
201606,24,037,3,5,St. Marys County              ,298,298,57791337,0,0,0,1,4,898854,1,5,955000,298,298,57791337,0,0,0,1,4,898854,1,5,955000
201606,24,039,3,5,Somerset County               ,8,8,1587361,0,0,0,0,0,0,0,0,0,4,4,778800,0,0,0,0,0,0,0,0,0
201606,24,045,3,5,Wicomico County               ,32,32,5356492,1,2,358132,1,4,554840,2,10,1065510,32,32,5356492,1,2,358132,1,4,554840,2,10,1065510
201606,24,510,3,5,Baltimore (Independent City)  ,112,112,16502546,2,4,418000,0,0,0,3,236,38577765,47,47,7300000,0,0,0,0,0,0,0,0,0
201606,25,005,1,1,Bristol County                ,373,373,74891698,2,4,192000,0,0,0,20,477,44412890,285,285,59394740,2,4,192000,0,0,0,20,477,44412890
201606,25,009,1,1,Essex County                  ,341,341,105772545,20,40,6557960,2,7,872900,7,115,19240560,227,227,68976181,16,32,5359960,2,7,872900,1,71,13750318
201606,25,017,1,1,Middlesex County              ,795,795,225773402,41,82,10994358,20,70,10220694,45,1240,198187632,549,549,152930009,27,54,6765836,17,61,7989745,18,997,160347477
201606,25,021,1,1,Norfolk County                ,399,399,183805451,3,6,1097518,0,0,0,20,151,12634287,313,313,155994872,1,2,475000,0,0,0,1,40,4000000
201606,25,023,1,1,Plymouth County               ,508,508,117669975,2,4,401040,6,22,2673446,13,70,7622782,387,387,89920901,2,4,401040,0,0,0,3,18,2000000
201606,25,025,1,1,Suffolk County                ,29,29,7047024,26,52,11345564,19,63,16286275,34,713,248612788,24,24,6232028,25,50,11124560,19,63,16286275,22,611,234883577
201606,26,000,2,3,Michigan Balance of State     ,30,30,5480133,0,0,0,0,0,0,0,0,0,0,0,0,0,0,0,0,0,0,0,0,0
201606,26,019,2,3,Benzie County                 ,37,37,7939944,0,0,0,0,0,0,0,0,0,37,37,7939944,0,0,0,0,0,0,0,0,0
201606,26,029,2,3,Charlevoix County             ,16,16,4775360,4,8,2548128,0,0,0,0,0,0,0,0,0,0,0,0,0,0,0,0,0,0
201606,26,089,2,3,Leelanau County               ,52,52,15742530,0,0,0,0,0,0,0,0,0,52,52,15742530,0,0,0,0,0,0,0,0,0
201606,26,093,2,3,Livingston County             ,302,302,72891578,0,0,0,3,12,2366807,0,0,0,289,289,71564646,0,0,0,3,12,2366807,0,0,0
201606,26,095,2,3,Luce County                   ,5,5,1223845,0,0,0,0,0,0,0,0,0,5,5,1223845,0,0,0,0,0,0,0,0,0
201606,26,099,2,3,Macomb County                 ,884,884,205207579,11,22,3504040,2,7,1404975,6,54,8359968,868,868,202403851,11,22,3504040,1,4,1209975,5,49,7793471
201606,26,103,2,3,Marquette County              ,39,39,9829896,0,0,0,0,0,0,0,0,0,39,39,9829896,0,0,0,0,0,0,0,0,0
201606,26,137,2,3,Otsego County                 ,7,7,567000,0,0,0,0,0,0,0,0,0,0,0,0,0,0,0,0,0,0,0,0,0
201606,26,147,2,3,St. Clair County              ,106,106,22518594,0,0,0,0,0,0,0,0,0,97,97,20895044,0,0,0,0,0,0,0,0,0
201606,26,163,2,3,Wayne County                  ,506,506,142889395,30,60,3187000,9,29,4381665,16,385,32472341,473,473,134814483,30,60,3187000,9,29,4381665,16,385,32472341
201606,27,003,2,4,Anoka County                  ,438,438,119495556,5,10,1650000,0,0,0,1,40,4100000,413,413,113150028,5,10,1650000,0,0,0,1,40,4100000
201606,27,019,2,4,Carver County                 ,311,311,86095065,0,0,0,0,0,0,1,5,943444,300,300,82539852,0,0,0,0,0,0,1,5,943444
201606,27,025,2,4,Chisago County                ,98,98,15689262,0,0,0,0,0,0,0,0,0,75,75,12443254,0,0,0,0,0,0,0,0,0
201606,27,027,2,4,Clay County                   ,89,89,19796900,12,24,3600000,0,0,0,4,36,2980000,89,89,19796900,12,24,3600000,0,0,0,4,36,2980000
201606,27,037,2,4,Dakota County                 ,530,530,154397219,0,0,0,3,12,1980000,10,109,15265000,501,501,145404481,0,0,0,3,12,1980000,10,109,15265000
201606,27,053,2,4,Hennepin County               ,764,764,314517228,0,0,0,4,14,3644329,10,477,76920131,724,724,296866128,0,0,0,2,8,2269933,7,442,71183294
201606,27,059,2,4,Isanti County                 ,105,105,18855301,0,0,0,0,0,0,0,0,0,105,105,18855301,0,0,0,0,0,0,0,0,0
201606,27,123,2,4,Ramsey County                 ,125,125,37437483,0,0,0,0,0,0,5,371,48236956,121,121,36067885,0,0,0,0,0,0,5,371,48236956
201606,27,139,2,4,Scott County                  ,254,254,78888911,0,0,0,0,0,0,2,14,2312000,240,240,73509923,0,0,0,0,0,0,2,14,2312000
201606,27,141,2,4,Sherburne County              ,183,183,43558743,0,0,0,0,0,0,0,0,0,179,179,43045407,0,0,0,0,0,0,0,0,0
201606,27,163,2,4,Washington County             ,355,355,123626988,0,0,0,0,0,0,1,62,5650000,320,320,109329147,0,0,0,0,0,0,1,62,5650000
201606,27,171,2,4,Wright County                 ,315,315,85631701,2,4,140000,0,0,0,0,0,0,295,295,81549538,2,4,140000,0,0,0,0,0,0
201606,28,033,3,6,DeSoto County                 ,599,599,89407774,0,0,0,0,0,0,2,13,847500,455,455,59884624,0,0,0,0,0,0,2,13,847500
201606,28,041,3,6,Greene County                 ,0,0,0,0,0,0,0,0,0,0,0,0,0,0,0,0,0,0,0,0,0,0,0,0
201606,28,045,3,6,Hancock County                ,187,187,29431764,3,6,555537,5,18,1806503,6,61,5164425,10,10,2209847,0,0,0,0,0,0,0,0,0
201606,28,047,3,6,Harrison County               ,489,489,80213540,4,8,771714,0,0,0,0,0,0,430,430,73511081,4,8,771714,0,0,0,0,0,0
201606,28,067,3,6,Jones County                  ,11,11,1661354,1,2,100000,0,0,0,0,0,0,1,1,278650,1,2,100000,0,0,0,0,0,0
201606,28,137,3,6,Tate County                   ,35,35,5301760,0,0,0,0,0,0,0,0,0,35,35,5301760,0,0,0,0,0,0,0,0,0
201606,28,143,3,6,Tunica County                 ,12,12,963840,0,0,0,0,0,0,0,0,0,0,0,0,0,0,0,0,0,0,0,0,0
201606,28,145,3,6,Union County                  ,9,9,1420000,0,0,0,0,0,0,0,0,0,9,9,1420000,0,0,0,0,0,0,0,0,0
201606,28,149,3,6,Warren County                 ,1,1,23000,0,0,0,0,0,0,0,0,0,1,1,23000,0,0,0,0,0,0,0,0,0
201606,29,013,2,4,Bates County                  ,1,1,80000,0,0,0,0,0,0,0,0,0,1,1,80000,0,0,0,0,0,0,0,0,0
201606,29,019,2,4,Boone County                  ,445,445,107115534,5,10,1105924,1,4,495000,3,95,13827559,445,445,107115534,5,10,1105924,1,4,495000,3,95,13827559
201606,29,049,2,4,Clinton County                ,26,26,4638210,0,0,0,0,0,0,0,0,0,24,24,4098000,0,0,0,0,0,0,0,0,0
201606,29,065,2,4,Dent County                   ,0,0,0,0,0,0,0,0,0,0,0,0,0,0,0,0,0,0,0,0,0,0,0,0
201606,29,071,2,4,Franklin County               ,222,222,35108417,0,0,0,0,0,0,0,0,0,152,152,26252330,0,0,0,0,0,0,0,0,0
201606,29,095,2,4,Jackson County                ,906,906,206350286,14,28,3096976,43,171,13640113,19,1245,124760706,905,905,206206097,14,28,3096976,43,171,13640113,19,1245,124760706
201606,29,099,2,4,Jefferson County              ,294,294,46363896,2,4,500000,1,3,467595,0,0,0,264,264,42512861,1,2,250000,1,3,467595,0,0,0
201606,29,105,2,4,Laclede County                ,5,5,1552000,0,0,0,0,0,0,0,0,0,5,5,1552000,0,0,0,0,0,0,0,0,0
201606,29,107,2,4,Lafayette County              ,19,19,4282724,0,0,0,0,0,0,0,0,0,6,6,1276991,0,0,0,0,0,0,0,0,0
201606,29,113,2,4,Lincoln County                ,51,51,8041876,1,2,90000,2,8,958101,0,0,0,50,50,7891876,1,2,90000,2,8,958101,0,0,0
201606,29,165,2,4,Platte County                 ,133,133,35544147,1,2,220000,5,15,1907173,3,29,1906481,123,123,33234712,1,2,220000,5,15,1907173,0,0,0
201606,29,185,2,4,St. Clair County              ,1,1,150000,0,0,0,0,0,0,0,0,0,1,1,150000,0,0,0,0,0,0,0,0,0
201606,29,189,2,4,St. Louis County              ,443,443,179346459,0,0,0,0,0,0,12,329,33137844,155,155,68990572,0,0,0,0,0,0,5,144,8958000
201606,29,219,2,4,Warren County                 ,88,88,19539575,0,0,0,0,0,0,0,0,0,87,87,19379183,0,0,0,0,0,0,0,0,0
201606,29,221,2,4,Washington County             ,1,1,160000,0,0,0,0,0,0,0,0,0,1,1,160000,0,0,0,0,0,0,0,0,0
201606,29,510,2,4,St. Louis (Independent City)  ,42,42,7442600,5,10,600000,0,0,0,4,562,42200000,42,42,7442600,5,10,600000,0,0,0,4,562,42200000
201606,30,033,4,8,Garfield County               ,0,0,0,0,0,0,0,0,0,0,0,0,0,0,0,0,0,0,0,0,0,0,0,0
201606,30,063,4,8,Missoula County               ,176,176,30192214,5,10,788912,3,11,322535,4,60,5155559,176,176,30192214,5,10,788912,3,11,322535,4,60,5155559
201606,30,093,4,8,Silver Bow County             ,23,23,2418413,0,0,0,1,4,172466,0,0,0,23,23,2418413,0,0,0,1,4,172466,0,0,0
201606,31,001,2,4,Adams County                  ,22,22,5467432,0,0,0,0,0,0,0,0,0,21,21,5243358,0,0,0,0,0,0,0,0,0
201606,31,025,2,4,Cass County                   ,43,43,7542753,1,2,142475,0,0,0,0,0,0,43,43,7542753,1,2,142475,0,0,0,0,0,0
201606,31,033,2,4,Cheyenne County               ,6,6,1062188,0,0,0,0,0,0,0,0,0,6,6,1062188,0,0,0,0,0,0,0,0,0
201606,31,055,2,4,Douglas County                ,847,847,134186331,0,0,0,1,3,257535,12,567,40440289,798,798,122519898,0,0,0,1,3,257535,12,567,40440289
201606,31,105,2,4,Kimball County                ,0,0,0,0,0,0,0,0,0,0,0,0,0,0,0,0,0,0,0,0,0,0,0,0
201606,31,153,2,4,Sarpy County                  ,484,484,128691115,2,4,366023,0,0,0,1,24,382969,439,439,115787670,2,4,366023,0,0,0,1,24,382969
201606,31,165,2,4,Sioux County                  ,1,1,65000,0,0,0,0,0,0,0,0,0,1,1,65000,0,0,0,0,0,0,0,0,0
201606,31,177,2,4,Washington County             ,28,28,7937842,0,0,0,0,0,0,0,0,0,26,26,7407234,0,0,0,0,0,0,0,0,0
201606,32,001,4,8,Churchill County              ,12,12,2812183,0,0,0,0,0,0,0,0,0,12,12,2812183,0,0,0,0,0,0,0,0,0
201606,32,003,4,8,Clark County                  ,4774,4774,908182772,4,8,245762,9,27,1834350,142,3323,220691347,4774,4774,908182772,4,8,245762,9,27,1834350,142,3323,220691347
201606,32,005,4,8,Douglas County                ,78,78,32554053,0,0,0,0,0,0,0,0,0,78,78,32554053,0,0,0,0,0,0,0,0,0
201606,32,007,4,8,Elko County                   ,96,96,14420532,1,2,298736,0,0,0,0,0,0,96,96,14420532,1,2,298736,0,0,0,0,0,0
201606,32,013,4,8,Humboldt County               ,5,5,881191,0,0,0,0,0,0,0,0,0,5,5,881191,0,0,0,0,0,0,0,0,0
201606,32,015,4,8,Lander County                 ,0,0,0,0,0,0,0,0,0,0,0,0,0,0,0,0,0,0,0,0,0,0,0,0
201606,32,017,4,8,Lincoln County                ,5,5,1357542,0,0,0,0,0,0,0,0,0,4,4,1094128,0,0,0,0,0,0,0,0,0
201606,32,019,4,8,Lyon County                   ,104,104,22868801,0,0,0,0,0,0,0,0,0,104,104,22868801,0,0,0,0,0,0,0,0,0
201606,32,021,4,8,Mineral County                ,0,0,0,0,0,0,0,0,0,0,0,0,0,0,0,0,0,0,0,0,0,0,0,0
201606,32,027,4,8,Pershing County               ,0,0,0,0,0,0,0,0,0,0,0,0,0,0,0,0,0,0,0,0,0,0,0,0
201606,32,029,4,8,Storey County                 ,5,5,819836,0,0,0,0,0,0,0,0,0,4,4,644446,0,0,0,0,0,0,0,0,0
201606,32,031,4,8,Washoe County                 ,895,895,225881765,24,48,7224487,12,36,5664368,29,346,38573907,895,895,225881765,24,48,7224487,12,36,5664368,29,346,38573907
201606,32,033,4,8,White Pine County             ,4,4,1145056,0,0,0,0,0,0,0,0,0,0,0,0,0,0,0,0,0,0,0,0,0
201606,32,510,4,8,Carson City (Independent City),34,34,10395331,0,0,0,0,0,0,0,0,0,34,34,10395331,0,0,0,0,0,0,0,0,0
201606,33,015,1,1,Rockingham County             ,372,372,89286785,14,28,3662500,4,16,1493600,12,155,10778940,249,249,63180198,12,24,3122500,4,16,1493600,6,114,6308000
201606,33,017,1,1,Strafford County              ,94,94,16400537,1,2,348000,1,3,302251,5,42,5238571,82,82,14001881,1,2,348000,0,0,0,3,24,1805847
201606,34,001,1,2,Atlantic County               ,173,173,33701274,2,4,685712,1,4,699653,21,485,27312999,122,122,25888300,1,2,396000,1,4,699653,15,432,19559344
201606,34,003,1,2,Bergen County                 ,521,521,172073610,50,100,16232076,5,16,1647649,41,1049,218390249,293,293,95031178,32,64,11598473,4,13,1647499,8,845,206073525
201606,34,005,1,2,Burlington County             ,292,292,46808928,2,4,504400,0,0,0,2,10,989963,199,199,30909576,2,4,504400,0,0,0,0,0,0
201606,34,007,1,2,Camden County                 ,134,134,33885137,10,20,79383,0,0,0,23,161,10238411,62,62,24995194,10,20,79383,0,0,0,8,67,4564044
201606,34,009,1,2,Cape May County               ,208,208,67007094,32,64,11775667,3,9,45000,2,10,100000,184,184,59239766,32,64,11775667,3,9,45000,2,10,100000
201606,34,011,1,2,Cumberland County             ,84,84,8973039,0,0,0,0,0,0,4,20,2664720,17,17,1454550,0,0,0,0,0,0,0,0,0
201606,34,013,1,2,Essex County                  ,168,168,36600485,17,34,3158000,13,39,12416531,44,1027,96032781,65,65,24864217,17,34,3158000,10,30,11151203,13,656,72086605
201606,34,015,1,2,Gloucester County             ,258,258,32654432,0,0,0,1,4,408200,11,128,7634844,189,189,25587828,0,0,0,1,4,408200,11,128,7634844
201606,34,017,1,2,Hudson County                 ,101,101,14259733,20,40,8332601,7,21,2346185,28,1639,355822045,82,82,11479230,19,38,8120101,3,9,961400,18,1465,337650913
201606,34,019,1,2,Hunterdon County              ,58,58,16088817,2,4,466400,0,0,22000,20,146,9009663,34,34,11611134,0,0,0,0,0,22000,8,84,5888500
201606,34,021,1,2,Mercer County                 ,102,102,28301888,15,30,1217700,14,50,4409036,6,143,9309578,89,89,24874320,15,30,1217700,14,50,4409036,5,138,8924250
201606,34,023,1,2,Middlesex County              ,571,571,92235267,7,14,931651,3,10,795474,26,522,47129506,522,522,86114613,6,12,719201,2,7,376000,8,278,14248626
201606,34,025,1,2,Monmouth County               ,408,408,113471723,11,22,2943555,3,10,999500,11,202,18753550,317,317,94587847,8,16,2319259,3,10,999500,5,172,16284750
201606,34,027,1,2,Morris County                 ,293,293,78359517,0,0,0,1,4,31500,34,713,82979945,146,146,43512639,0,0,0,1,4,31500,7,491,71936284
201606,34,029,1,2,Ocean County                  ,958,958,180471430,6,12,1610000,0,0,0,29,534,36991500,937,937,176654547,6,12,1610000,0,0,0,29,534,36991500
201606,34,031,1,2,Passaic County                ,80,80,13458352,3,6,565600,0,0,0,11,179,22958941,49,49,7455101,3,6,565600,0,0,0,6,149,20544021
201606,34,033,1,2,Salem County                  ,20,20,3392995,0,0,0,0,0,0,0,0,0,13,13,2530718,0,0,0,0,0,0,0,0,0
201606,34,035,1,2,Somerset County               ,192,192,36716432,1,2,166500,0,0,0,26,422,36290221,149,149,32133694,0,0,0,0,0,0,13,304,29529000
201606,34,037,1,2,Sussex County                 ,66,66,15521389,1,2,188850,0,0,0,1,5,551250,15,15,4506063,1,2,188850,0,0,0,0,0,0
201606,34,039,1,2,Union County                  ,192,192,43989744,32,64,6218400,1,3,195060,45,687,36988976,122,122,34296473,25,50,5152676,0,0,0,24,486,25848865
201606,34,041,1,2,Warren County                 ,61,61,9884250,0,0,0,0,0,0,7,67,2944807,20,20,3274534,0,0,0,0,0,0,2,42,1865338
201606,35,000,4,8,New Mexico Balance of State   ,162,162,43338957,0,0,0,0,0,0,0,0,0,0,0,0,0,0,0,0,0,0,0,0,0
201606,35,001,4,8,Bernalillo County             ,563,563,122461759,1,2,262100,0,0,0,12,116,14000698,366,366,83867027,1,2,262100,0,0,0,10,83,10965551
201606,35,005,4,8,Chaves County                 ,40,40,6802450,0,0,0,0,0,0,9,144,9800000,37,37,6192882,0,0,0,0,0,0,9,144,9800000
201606,35,007,4,8,Colfax County                 ,5,5,1849808,0,0,0,0,0,0,0,0,0,0,0,0,0,0,0,0,0,0,0,0,0
201606,35,009,4,8,Curry County                  ,18,18,4389892,0,0,0,0,0,0,4,64,5900000,18,18,4389892,0,0,0,0,0,0,4,64,5900000
201606,35,013,4,8,Dona Ana County               ,386,386,76537073,1,2,313896,1,4,707143,1,5,363636,289,289,57667139,0,0,0,0,0,0,0,0,0
201606,35,015,4,8,Eddy County                   ,59,59,11683912,0,0,0,0,0,0,1,11,909184,56,56,10943285,0,0,0,0,0,0,0,0,0
201606,35,017,4,8,Grant County                  ,3,3,380000,0,0,0,0,0,0,0,0,0,3,3,380000,0,0,0,0,0,0,0,0,0
201606,35,025,4,8,Lea County                    ,104,104,20167900,0,0,0,0,0,0,6,65,14563026,104,104,20167900,0,0,0,0,0,0,6,65,14563026
201606,35,027,4,8,Lincoln County                ,34,34,8635127,0,0,0,0,0,0,0,0,0,0,0,0,0,0,0,0,0,0,0,0,0
201606,35,028,4,8,Los Alamos County             ,0,0,0,0,0,0,0,0,0,0,0,0,0,0,0,0,0,0,0,0,0,0,0,0
201606,35,029,4,8,Luna County                   ,0,0,0,0,0,0,0,0,0,0,0,0,0,0,0,0,0,0,0,0,0,0,0,0
201606,35,031,4,8,McKinley County               ,3,3,692000,0,0,0,0,0,0,0,0,0,3,3,692000,0,0,0,0,0,0,0,0,0
201606,35,035,4,8,Otero County                  ,0,0,0,0,0,0,0,0,0,0,0,0,0,0,0,0,0,0,0,0,0,0,0,0
201606,35,041,4,8,Roosevelt County              ,13,13,1975250,0,0,0,0,0,0,0,0,0,10,10,1585500,0,0,0,0,0,0,0,0,0
201606,35,043,4,8,Sandoval County               ,438,438,88967285,1,2,283271,3,12,1006239,5,25,1041665,163,163,34693014,0,0,0,0,0,0,0,0,0
201606,35,045,4,8,San Juan County               ,58,58,12861835,0,0,0,0,0,0,0,0,0,51,51,11273451,0,0,0,0,0,0,0,0,0
201606,35,047,4,8,San Miguel County             ,1,1,140000,0,0,0,0,0,0,0,0,0,1,1,140000,0,0,0,0,0,0,0,0,0
201606,35,049,4,8,Santa Fe County               ,58,58,14916285,0,0,0,0,0,0,0,0,0,45,45,11769449,0,0,0,0,0,0,0,0,0
201606,35,051,4,8,Sierra County                 ,0,0,0,0,0,0,0,0,0,0,0,0,0,0,0,0,0,0,0,0,0,0,0,0
201606,35,053,4,8,Socorro County                ,0,0,0,0,0,0,0,0,0,0,0,0,0,0,0,0,0,0,0,0,0,0,0,0
201606,35,055,4,8,Taos County                   ,37,37,4057264,0,0,0,0,0,0,0,0,0,0,0,0,0,0,0,0,0,0,0,0,0
201606,35,061,4,8,Valencia County               ,50,50,5420600,0,0,0,0,0,0,0,0,0,0,0,0,0,0,0,0,0,0,0,0,0
201606,36,001,1,2,Albany County                 ,183,183,42325302,1,2,210403,6,24,1607000,8,105,12116498,167,167,39189339,0,0,0,6,24,1607000,5,76,7359030
201606,36,005,1,2,Bronx County                  ,2,2,514402,17,34,4446078,16,57,6687119,29,1833,239306428,2,2,514402,17,34,4446078,16,57,6687119,29,1833,239306428
201606,36,029,1,2,Erie County                   ,361,361,97316865,6,12,1953772,3,10,966911,21,215,21739315,286,286,81269117,3,6,1079690,3,10,966911,17,174,16671289
201606,36,047,1,2,Kings County                  ,48,48,12509604,21,42,5494726,30,99,11980755,79,1205,158584607,48,48,12509604,21,42,5494726,30,99,11980755,79,1205,158584607
201606,36,051,1,2,Livingston County             ,24,24,4998448,1,2,113750,0,0,0,0,0,0,9,9,1932000,0,0,0,0,0,0,0,0,0
201606,36,055,1,2,Monroe County                 ,371,371,73476150,2,4,518000,6,23,2750700,14,222,18150630,351,351,70132106,2,4,518000,6,23,2750700,12,197,15296590
201606,36,059,1,2,Nassau County                 ,275,275,135125669,1,2,270000,2,8,4507200,9,111,21882618,173,173,99348712,1,2,270000,2,8,4507200,4,77,16735710
201606,36,061,1,2,New York County               ,0,0,0,0,0,0,1,3,387864,22,800,104999221,0,0,0,0,0,0,1,3,387864,22,800,104999221
201606,36,063,1,2,Niagara County                ,90,90,21155969,1,2,70000,0,0,0,0,0,0,82,82,19635589,0,0,0,0,0,0,0,0,0
201606,36,069,1,2,Ontario County                ,173,173,47546729,0,0,0,0,0,0,2,11,1281819,129,129,38284966,0,0,0,0,0,0,0,0,0
201606,36,073,1,2,Orleans County                ,12,12,1821901,0,0,0,0,0,0,0,0,0,9,9,1494401,0,0,0,0,0,0,0,0,0
201606,36,079,1,2,Putnam County                 ,18,18,5167876,0,0,0,1,3,670449,0,0,0,12,12,3923405,0,0,0,0,0,0,0,0,0
201606,36,081,1,2,Queens County                 ,93,93,24115515,95,190,25037186,17,51,5891897,21,888,117596008,93,93,24115515,95,190,25037186,17,51,5891897,21,888,117596008
201606,36,083,1,2,Rensselaer County             ,56,56,13361061,2,4,650000,0,0,0,5,28,1336363,24,24,7579860,1,2,100000,0,0,0,0,0,0
201606,36,085,1,2,Richmond County               ,96,96,24996436,121,242,31739456,0,0,0,3,283,38184341,96,96,24996436,121,242,31739456,0,0,0,3,283,38184341
201606,36,087,1,2,Rockland County               ,47,47,12591187,8,16,2201905,9,32,3736581,8,40,4456545,20,20,6197125,2,4,450000,1,4,700000,0,0,0
201606,36,091,1,2,Saratoga County               ,325,325,95081485,19,38,5697856,17,59,5316520,14,131,19221901,271,271,82972455,19,38,5697856,16,56,5029581,7,96,15982231
201606,36,093,1,2,Schenectady County            ,36,36,5993362,0,0,0,0,0,0,4,265,25113333,30,30,4734900,0,0,0,0,0,0,2,255,23813333
201606,36,095,1,2,Schoharie County              ,15,15,2664956,0,0,0,0,0,0,0,0,0,12,12,2164956,0,0,0,0,0,0,0,0,0
201606,36,099,1,2,Seneca County                 ,14,14,2575343,0,0,0,0,0,0,0,0,0,14,14,2575343,0,0,0,0,0,0,0,0,0
201606,36,117,1,2,Wayne County                  ,45,45,8829679,1,2,125000,0,0,0,0,0,0,41,41,8318346,1,2,125000,0,0,0,0,0,0
201606,36,119,1,2,Westchester County            ,126,126,63823965,8,16,2041648,0,0,0,5,315,75665929,94,94,51143988,2,4,550000,0,0,0,4,304,72428300
201606,37,007,3,5,Anson County                  ,21,21,3117435,0,0,0,0,0,0,0,0,0,2,2,270000,0,0,0,0,0,0,0,0,0
201606,37,011,3,5,Avery County                  ,43,43,17371022,0,0,0,0,0,0,0,0,0,43,43,17371022,0,0,0,0,0,0,0,0,0
201606,37,015,3,5,Bertie County                 ,13,13,2550492,0,0,0,0,0,0,0,0,0,11,11,2133575,0,0,0,0,0,0,0,0,0
201606,37,025,3,5,Cabarrus County               ,731,731,105935429,1,2,90000,0,0,0,5,64,3425367,731,731,105935429,1,2,90000,0,0,0,5,64,3425367
201606,37,033,3,5,Caswell County                ,21,21,4824958,0,0,0,0,0,0,0,0,0,21,21,4824958,0,0,0,0,0,0,0,0,0
201606,37,037,3,5,Chatham County                ,364,364,108116390,0,0,0,0,0,0,0,0,0,364,364,108116390,0,0,0,0,0,0,0,0,0
201606,37,051,3,5,Cumberland County             ,313,313,54780239,0,0,0,0,0,0,7,88,8622462,311,311,54163973,0,0,0,0,0,0,7,88,8622462
201606,37,053,3,5,Currituck County              ,132,132,38755561,0,0,0,0,0,0,0,0,0,132,132,38755561,0,0,0,0,0,0,0,0,0
201606,37,059,3,5,Davie County                  ,63,63,13355144,0,0,0,0,0,0,1,5,219819,45,45,9280000,0,0,0,0,0,0,0,0,0
201606,37,063,3,5,Durham County                 ,936,936,187210102,8,16,1401644,0,0,0,29,878,85986235,936,936,187210102,8,16,1401644,0,0,0,29,878,85986235
201606,37,069,3,5,Franklin County               ,214,214,37261438,0,0,0,0,0,0,0,0,0,214,214,37261438,0,0,0,0,0,0,0,0,0
201606,37,071,3,5,Gaston County                 ,512,512,143592746,2,4,603444,0,0,0,0,0,0,512,512,143592746,2,4,603444,0,0,0,0,0,0
201606,37,081,3,5,Guilford County               ,704,704,184714135,0,0,0,0,0,0,30,666,87668615,555,555,151082618,0,0,0,0,0,0,23,548,75934762
201606,37,089,3,5,Henderson County              ,242,242,50885659,0,0,0,0,0,0,5,80,5136326,242,242,50885659,0,0,0,0,0,0,5,80,5136326
201606,37,093,3,5,Hoke County                   ,100,100,22685004,0,0,0,0,0,0,2,24,2273741,100,100,22685004,0,0,0,0,0,0,2,24,2273741
201606,37,097,3,5,Iredell County                ,585,585,165636260,0,0,0,0,0,0,8,219,21588644,585,585,165636260,0,0,0,0,0,0,8,219,21588644
201606,37,101,3,5,Johnston County               ,948,948,164726513,0,0,0,0,0,0,1,5,275000,938,938,163196131,0,0,0,0,0,0,1,5,275000
201606,37,105,3,5,Lee County                    ,35,35,7765970,0,0,0,0,0,0,0,0,0,35,35,7765970,0,0,0,0,0,0,0,0,0
201606,37,119,3,5,Mecklenburg County            ,2498,2498,566923273,4,8,882733,0,0,0,16,968,61229250,2498,2498,566923273,4,8,882733,0,0,0,16,968,61229250
201606,37,133,3,5,Onslow County                 ,384,384,50964625,0,0,0,0,0,0,1,6,472320,371,371,49058132,0,0,0,0,0,0,1,6,472320
201606,37,135,3,5,Orange County                 ,212,212,63574272,4,8,723195,2,8,1083393,1,16,2746918,203,203,60232272,1,2,170000,2,8,1083393,0,0,0
201606,37,145,3,5,Person County                 ,24,24,6715845,0,0,0,0,0,0,1,5,220000,24,24,6715845,0,0,0,0,0,0,1,5,220000
201606,37,151,3,5,Randolph County               ,149,149,31503477,0,0,0,0,0,0,0,0,0,149,149,31503477,0,0,0,0,0,0,0,0,0
201606,37,157,3,5,Rockingham County             ,74,74,18980034,0,0,0,0,0,0,1,5,511917,73,73,18831029,0,0,0,0,0,0,0,0,0
201606,37,179,3,5,Union County                  ,875,875,195929213,0,0,0,0,0,0,1,6,420000,875,875,195929213,0,0,0,0,0,0,1,6,420000
201606,37,181,3,5,Vance County                  ,15,15,3231308,0,0,0,0,0,0,0,0,0,15,15,3231308,0,0,0,0,0,0,0,0,0
201606,37,183,3,5,Wake County                   ,3673,3673,843362112,4,8,1164642,3,11,958333,26,1433,157657388,3541,3541,816783532,4,8,1164642,3,11,958333,26,1433,157657388
201606,37,195,3,5,Wilson County                 ,57,57,13807783,0,0,0,0,0,0,0,0,0,57,57,13807783,0,0,0,0,0,0,0,0,0
201606,39,007,2,3,Ashtabula County              ,33,33,6071152,5,10,808200,0,0,0,0,0,0,0,0,0,0,0,0,0,0,0,0,0,0
201606,39,015,2,3,Brown County                  ,35,35,5576540,0,0,0,0,0,0,0,0,0,0,0,0,0,0,0,0,0,0,0,0,0
201606,39,017,2,3,Butler County                 ,357,357,80769486,1,2,440000,2,6,450000,0,0,0,357,357,80769486,1,2,440000,2,6,450000,0,0,0
201606,39,025,2,3,Clermont County               ,177,177,40506110,3,6,382000,4,12,658000,2,14,961000,177,177,40506110,3,6,382000,4,12,658000,2,14,961000
201606,39,041,2,3,Delaware County               ,556,556,146884296,1,2,245468,3,12,1645060,5,31,2433540,556,556,146884296,1,2,245468,3,12,1645060,5,31,2433540
201606,39,049,2,3,Franklin County               ,854,854,244438875,5,10,1437133,20,79,9382444,65,1726,196042199,841,841,241459319,5,10,1437133,20,79,9382444,64,1720,195538628
201606,39,055,2,3,Geauga County                 ,67,67,20635918,0,0,0,0,0,0,0,0,0,67,67,20635918,0,0,0,0,0,0,0,0,0
201606,39,085,2,3,Lake County                   ,200,200,42910031,0,0,0,0,0,0,0,0,0,188,188,40508040,0,0,0,0,0,0,0,0,0
201606,39,089,2,3,Licking County                ,162,162,39895560,0,0,0,0,0,0,0,0,0,132,132,32304833,0,0,0,0,0,0,0,0,0
201606,39,093,2,3,Lorain County                 ,354,354,86304395,2,4,485700,6,21,2162500,4,50,2447096,270,270,68279534,1,2,249600,3,12,1660000,2,40,2000000
201606,39,097,2,3,Madison County                ,15,15,3221989,0,0,0,0,0,0,0,0,0,11,11,2576989,0,0,0,0,0,0,0,0,0
201606,39,103,2,3,Medina County                 ,326,326,75066911,0,0,0,0,0,0,0,0,0,317,317,73681514,0,0,0,0,0,0,0,0,0
201606,39,117,2,3,Morrow County                 ,23,23,4814310,0,0,0,0,0,0,0,0,0,18,18,3851606,0,0,0,0,0,0,0,0,0
201606,39,159,2,3,Union County                  ,212,212,53185145,0,0,0,0,0,0,0,0,0,212,212,53185145,0,0,0,0,0,0,0,0,0
201606,39,165,2,3,Warren County                 ,517,517,137502430,3,6,812176,5,18,4150130,8,140,17381625,506,506,135693791,3,6,812176,5,18,4150130,8,140,17381625
201606,40,001,3,7,Adair County                  ,7,7,1348502,0,0,0,0,0,0,0,0,0,0,0,0,0,0,0,0,0,0,0,0,0
201606,40,017,3,7,Canadian County               ,102,102,25734545,1,2,220000,0,0,0,0,0,0,76,76,18301000,0,0,0,0,0,0,0,0,0
201606,40,021,3,7,Cherokee County               ,24,24,3149718,2,4,260000,0,0,0,3,15,732144,0,0,0,0,0,0,0,0,0,0,0,0
201606,40,027,3,7,Cleveland County              ,327,327,69227951,18,36,3868923,3,11,1592000,50,916,68798083,326,326,69057954,10,20,2788923,3,11,1592000,50,916,68798083
201606,40,029,3,7,Coal County                   ,0,0,0,0,0,0,0,0,0,0,0,0,0,0,0,0,0,0,0,0,0,0,0,0
201606,40,037,3,7,Creek County                  ,38,38,7347365,0,0,0,0,0,0,0,0,0,38,38,7347365,0,0,0,0,0,0,0,0,0
201606,40,051,3,7,Grady County                  ,63,63,11397465,1,2,325000,0,0,0,0,0,0,16,16,1610300,1,2,325000,0,0,0,0,0,0
201606,40,055,3,7,Greer County                  ,0,0,0,0,0,0,0,0,0,0,0,0,0,0,0,0,0,0,0,0,0,0,0,0
201606,40,081,3,7,Lincoln County                ,1,1,80000,0,0,0,0,0,0,0,0,0,1,1,80000,0,0,0,0,0,0,0,0,0
201606,40,083,3,7,Logan County                  ,16,16,2464000,2,4,225000,0,0,0,0,0,0,16,16,2464000,2,4,225000,0,0,0,0,0,0
201606,40,087,3,7,McClain County                ,139,139,27251180,0,0,0,0,0,0,0,0,0,80,80,17548757,0,0,0,0,0,0,0,0,0
201606,40,109,3,7,Oklahoma County               ,2061,2061,469848164,10,20,2273878,6,24,1290000,3,81,6383449,1726,1726,403906762,8,16,1808400,6,24,1290000,0,0,0
201606,40,111,3,7,Okmulgee County               ,1,1,130000,0,0,0,0,0,0,0,0,0,1,1,130000,0,0,0,0,0,0,0,0,0
201606,40,113,3,7,Osage County                  ,54,54,9396147,1,2,138000,0,0,0,3,24,1356522,54,54,9396147,1,2,138000,0,0,0,3,24,1356522
201606,40,117,3,7,Pawnee County                 ,2,2,360000,0,0,0,1,4,500000,0,0,0,2,2,360000,0,0,0,1,4,500000,0,0,0
201606,40,131,3,7,Rogers County                 ,254,254,38742657,13,26,1745000,0,0,0,0,0,0,248,248,38195991,13,26,1745000,0,0,0,0,0,0
201606,40,143,3,7,Tulsa County                  ,1072,1072,248816975,3,6,476142,8,32,2892320,4,24,2169200,985,985,230245786,3,6,476142,8,32,2892320,4,24,2169200
201606,40,145,3,7,Wagoner County                ,170,170,27747059,0,0,0,0,0,0,0,0,0,170,170,27747059,0,0,0,0,0,0,0,0,0
201606,41,000,4,9,Oregon Balance of State       ,65,65,9765747,0,0,0,0,0,0,0,0,0,0,0,0,0,0,0,0,0,0,0,0,0
201606,41,005,4,9,Clackamas County              ,798,798,219849286,7,14,2403943,2,8,1030735,15,386,53275020,791,791,218280427,7,14,2403943,2,8,1030735,15,386,53275020
201606,41,019,4,9,Douglas County                ,101,101,25164643,1,2,264720,0,0,0,0,0,0,101,101,25164643,1,2,264720,0,0,0,0,0,0
201606,41,025,4,9,Harney County                 ,3,3,766651,0,0,0,0,0,0,0,0,0,1,1,362465,0,0,0,0,0,0,0,0,0
201606,41,035,4,9,Klamath County                ,34,34,8772635,5,10,725317,0,0,0,0,0,0,34,34,8772635,5,10,725317,0,0,0,0,0,0
201606,41,051,4,9,Multnomah County              ,568,568,154467318,46,92,15643101,3,12,1951653,34,1683,202931616,568,568,154467318,46,92,15643101,3,12,1951653,34,1683,202931616
201606,41,067,4,9,Washington County             ,1039,1039,328252559,8,16,2684135,8,27,5010623,29,496,76213027,1018,1018,321793861,7,14,2400877,8,27,5010623,27,482,74605171
201606,41,071,4,9,Yamhill County                ,156,156,43471352,0,0,0,0,0,0,5,57,5418308,146,146,41518668,0,0,0,0,0,0,5,57,5418308
201606,42,001,1,2,Adams County                  ,195,195,44771823,0,0,0,0,0,0,0,0,0,195,195,44771823,0,0,0,0,0,0,0,0,0
201606,42,017,1,2,Bucks County                  ,445,445,90130078,1,2,800000,10,37,4435000,6,99,5808310,290,290,57903976,1,2,800000,9,34,3952000,6,99,5808310
201606,42,029,1,2,Chester County                ,548,548,119506793,0,0,0,4,14,1499441,2,21,2977484,480,480,103957322,0,0,0,2,8,874290,2,21,2977484
201606,42,037,1,2,Columbia County               ,37,37,7675690,1,2,237000,1,3,387224,1,5,782273,16,16,3158833,1,2,237000,1,3,387224,0,0,0
201606,42,041,1,2,Cumberland County             ,348,348,69577503,0,0,0,1,4,760000,6,69,5971191,320,320,64121811,0,0,0,1,4,760000,3,54,5218005
201606,42,043,1,2,Dauphin County                ,223,223,48568809,1,2,176000,0,0,0,5,56,3248333,118,118,23611525,1,2,176000,0,0,0,2,40,1930000
201606,42,045,1,2,Delaware County               ,189,189,46696906,0,0,0,1,3,487170,0,0,0,96,96,25364496,0,0,0,1,3,487170,0,0,0
201606,42,055,1,2,Franklin County               ,146,146,28272217,1,2,246003,2,7,756448,0,0,0,131,131,26678750,0,0,0,0,0,0,0,0,0
201606,42,091,1,2,Montgomery County             ,528,528,100461047,5,10,1390456,2,7,988687,18,590,73604863,443,443,81597086,4,8,1210456,1,4,549080,6,512,65325394
201606,42,093,1,2,Montour County                ,21,21,4315443,0,0,0,0,0,0,2,12,600000,9,9,2094756,0,0,0,0,0,0,2,12,600000
201606,42,099,1,2,Perry County                  ,24,24,5181737,0,0,0,0,0,0,0,0,0,7,7,1030266,0,0,0,0,0,0,0,0,0
201606,42,101,1,2,Philadelphia County           ,466,466,121481579,38,76,10502934,63,218,26277772,34,765,96029796,331,331,86144587,20,40,6082617,41,146,18527980,18,403,46760746
201606,42,103,1,2,Pike County                   ,36,36,9203478,0,0,0,0,0,0,0,0,0,28,28,7198997,0,0,0,0,0,0,0,0,0
201606,44,001,1,1,Bristol County                ,21,21,5894229,0,0,0,0,0,0,0,0,0,19,19,5456876,0,0,0,0,0,0,0,0,0
201606,44,003,1,1,Kent County                   ,66,66,9807560,3,6,1200000,0,0,0,1,6,577380,46,46,6292999,0,0,0,0,0,0,1,6,577380
201606,44,005,1,1,Newport County                ,55,55,14096072,0,0,0,1,3,617320,0,0,0,55,55,14096072,0,0,0,1,3,617320,0,0,0
201606,44,007,1,1,Providence County             ,154,154,24996193,6,12,798630,4,13,710000,0,0,0,134,134,23160369,5,10,583000,4,13,710000,0,0,0
201606,44,009,1,1,Washington County             ,128,128,35627292,3,6,990400,1,3,525000,2,32,1373320,120,120,33512062,3,6,990400,0,0,0,2,32,1373320
201606,45,003,3,5,Aiken County                  ,403,403,86513465,1,2,209118,0,0,0,1,48,5997912,379,379,82320591,1,2,209118,0,0,0,1,48,5997912
201606,45,009,3,5,Bamberg County                ,3,3,465000,0,0,0,0,0,0,0,0,0,3,3,465000,0,0,0,0,0,0,0,0,0
201606,45,015,3,5,Berkeley County               ,715,715,201582962,0,0,0,0,0,0,6,271,6393454,481,481,132734354,0,0,0,0,0,0,0,0,0
201606,45,017,3,5,Calhoun County                ,17,17,2208600,0,0,0,0,0,0,0,0,0,17,17,2208600,0,0,0,0,0,0,0,0,0
201606,45,019,3,5,Charleston County             ,1400,1400,365139398,0,0,0,0,0,0,21,613,42599023,997,997,290702541,0,0,0,0,0,0,11,344,26400205
201606,45,035,3,5,Dorchester County             ,400,400,104202000,0,0,0,0,0,0,0,0,0,397,397,103879500,0,0,0,0,0,0,0,0,0
201606,45,037,3,5,Edgefield County              ,62,62,12448497,0,0,0,0,0,0,0,0,0,62,62,12448497,0,0,0,0,0,0,0,0,0
201606,45,039,3,5,Fairfield County              ,23,23,4378001,0,0,0,0,0,0,0,0,0,6,6,1271738,0,0,0,0,0,0,0,0,0
201606,45,045,3,5,Greenville County             ,1510,1510,386194904,7,14,912000,0,0,0,1,48,2640000,1498,1498,384897797,7,14,912000,0,0,0,1,48,2640000
201606,45,051,3,5,Horry County                  ,2032,2032,345531523,56,112,5804954,6,23,4178270,15,117,10421085,1807,1807,285943868,55,110,5465897,5,20,3600420,11,97,8426304
201606,45,055,3,5,Kershaw County                ,147,147,21001549,0,0,0,0,0,0,0,0,0,147,147,21001549,0,0,0,0,0,0,0,0,0
201606,45,059,3,5,Laurens County                ,58,58,8701915,0,0,0,0,0,0,0,0,0,55,55,8432812,0,0,0,0,0,0,0,0,0
201606,45,063,3,5,Lexington County              ,945,945,236439344,0,0,0,0,0,0,1,17,1166950,657,657,160436793,0,0,0,0,0,0,0,0,0
201606,45,077,3,5,Pickens County                ,139,139,47598932,0,0,0,2,7,560000,16,317,7897936,99,99,39726834,0,0,0,0,0,0,10,250,2582110
201606,45,079,3,5,Richland County               ,880,880,119245405,2,4,449814,0,0,0,11,213,12297794,86,86,17721054,0,0,0,0,0,0,0,0,0
201606,45,081,3,5,Saluda County                 ,17,17,3846312,0,0,0,0,0,0,0,0,0,17,17,3846312,0,0,0,0,0,0,0,0,0
201606,45,085,3,5,Sumter County                 ,129,129,19951033,0,0,0,0,0,0,1,30,3200000,129,129,19951033,0,0,0,0,0,0,1,30,3200000
201606,45,091,3,5,York County                   ,1072,1072,360352359,0,0,0,0,0,0,7,110,10407516,779,779,282874384,0,0,0,0,0,0,0,0,0
201606,46,007,2,4,Bennett County                ,0,0,0,0,0,0,0,0,0,0,0,0,0,0,0,0,0,0,0,0,0,0,0,0
201606,46,055,2,4,Haakon County                 ,0,0,0,0,0,0,0,0,0,0,0,0,0,0,0,0,0,0,0,0,0,0,0,0
201606,46,071,2,4,Jackson County                ,0,0,0,0,0,0,0,0,0,0,0,0,0,0,0,0,0,0,0,0,0,0,0,0
201606,46,111,2,4,Sanborn County                ,0,0,0,0,0,0,0,0,0,0,0,0,0,0,0,0,0,0,0,0,0,0,0,0
201606,47,001,3,6,Anderson County               ,61,61,12018935,0,0,0,0,0,0,0,0,0,59,59,11638935,0,0,0,0,0,0,0,0,0
201606,47,015,3,6,Cannon County                 ,7,7,883330,0,0,0,0,0,0,0,0,0,0,0,0,0,0,0,0,0,0,0,0,0
201606,47,021,3,6,Cheatham County               ,72,72,14264630,0,0,0,0,0,0,0,0,0,72,72,14264630,0,0,0,0,0,0,0,0,0
201606,47,037,3,6,Davidson County               ,1927,1927,464976719,0,0,0,5,20,1600988,33,4266,335206689,1927,1927,464976719,0,0,0,5,20,1600988,33,4266,335206689
201606,47,043,3,6,Dickson County                ,129,129,26295795,0,0,0,0,0,0,0,0,0,129,129,26295795,0,0,0,0,0,0,0,0,0
201606,47,049,3,6,Fentress County               ,0,0,0,0,0,0,0,0,0,0,0,0,0,0,0,0,0,0,0,0,0,0,0,0
201606,47,081,3,6,Hickman County                ,25,25,4533893,0,0,0,0,0,0,0,0,0,7,7,1135117,0,0,0,0,0,0,0,0,0
201606,47,093,3,6,Knox County                   ,779,779,158218818,0,0,0,0,0,0,1,90,7894986,779,779,158218818,0,0,0,0,0,0,1,90,7894986
201606,47,105,3,6,Loudon County                 ,153,153,36870180,0,0,0,0,0,0,0,0,0,136,136,34094825,0,0,0,0,0,0,0,0,0
201606,47,125,3,6,Montgomery County             ,652,652,91376483,6,12,1035000,7,26,871335,0,0,0,652,652,91376483,6,12,1035000,7,26,871335,0,0,0
201606,47,139,3,6,Polk County                   ,85,85,15310546,0,0,0,0,0,0,0,0,0,0,0,0,0,0,0,0,0,0,0,0,0
201606,47,149,3,6,Rutherford County             ,1226,1226,231825770,7,14,1595152,9,35,4710623,15,100,9231819,1170,1170,223196284,6,12,1429528,9,35,4710623,13,73,7685161
201606,47,153,3,6,Sequatchie County             ,1,1,80000,0,0,0,0,0,0,0,0,0,1,1,80000,0,0,0,0,0,0,0,0,0
201606,47,157,3,6,Shelby County                 ,514,514,130050651,4,8,736116,9,28,2833600,20,338,35182182,514,514,130050651,4,8,736116,9,28,2833600,20,338,35182182
201606,47,159,3,6,Smith County                  ,35,35,5267098,0,0,0,0,0,0,0,0,0,33,33,5050432,0,0,0,0,0,0,0,0,0
201606,47,161,3,6,Stewart County                ,7,7,650000,0,0,0,0,0,0,0,0,0,7,7,650000,0,0,0,0,0,0,0,0,0
201606,47,165,3,6,Sumner County                 ,571,571,132161784,3,6,906381,0,0,0,0,0,0,547,547,127787923,3,6,906381,0,0,0,0,0,0
201606,47,167,3,6,Tipton County                 ,66,66,11518505,0,0,0,0,0,0,0,0,0,38,38,7744905,0,0,0,0,0,0,0,0,0
201606,47,169,3,6,Trousdale County              ,21,21,3324000,0,0,0,2,8,372000,0,0,0,21,21,3324000,0,0,0,2,8,372000,0,0,0
201606,47,173,3,6,Union County                  ,43,43,6045000,0,0,0,0,0,0,0,0,0,43,43,6045000,0,0,0,0,0,0,0,0,0
201606,47,175,3,6,Van Buren County              ,0,0,0,0,0,0,0,0,0,0,0,0,0,0,0,0,0,0,0,0,0,0,0,0
201606,47,189,3,6,Wilson County                 ,627,627,161836954,1,2,265000,0,0,0,6,108,11438076,597,597,155555072,1,2,265000,0,0,0,5,102,11119000
201606,48,013,3,7,Atascosa County               ,15,15,2445290,0,0,0,0,0,0,0,0,0,7,7,1095140,0,0,0,0,0,0,0,0,0
201606,48,015,3,7,Austin County                 ,12,12,2032071,2,4,557000,0,0,0,0,0,0,2,2,374746,2,4,557000,0,0,0,0,0,0
201606,48,019,3,7,Bandera County                ,0,0,0,0,0,0,0,0,0,0,0,0,0,0,0,0,0,0,0,0,0,0,0,0
201606,48,021,3,7,Bastrop County                ,57,57,5923633,2,4,300000,0,0,0,0,0,0,45,45,4402475,2,4,300000,0,0,0,0,0,0
201606,48,025,3,7,Bee County                    ,6,6,547716,0,0,0,0,0,0,0,0,0,0,0,0,0,0,0,0,0,0,0,0,0
201606,48,027,3,7,Bell County                   ,942,942,155576136,33,66,4938443,1,4,175000,5,96,7017123,864,864,137489553,32,64,4808443,1,4,175000,5,96,7017123
201606,48,029,3,7,Bexar County                  ,1782,1782,415180167,12,24,3070797,16,64,6327176,128,1083,110079388,1548,1548,382123549,12,24,3070797,16,64,6327176,122,1050,103047115
201606,48,051,3,7,Burleson County               ,1,1,30000,0,0,0,0,0,0,0,0,0,1,1,30000,0,0,0,0,0,0,0,0,0
201606,48,055,3,7,Caldwell County               ,155,155,26502716,0,0,0,0,0,0,0,0,0,8,8,1429400,0,0,0,0,0,0,0,0,0
201606,48,085,3,7,Collin County                 ,4128,4128,1280465507,11,22,3070499,0,0,0,49,2440,260243257,3957,3957,1250681058,4,8,1220736,0,0,0,49,2440,260243257
201606,48,091,3,7,Comal County                  ,1002,1002,225583030,34,68,7363071,0,0,0,0,0,0,1002,1002,225583030,34,68,7363071,0,0,0,0,0,0
201606,48,099,3,7,Coryell County                ,78,78,10723591,4,8,557902,0,0,0,2,11,1506087,42,42,5642651,1,2,140000,0,0,0,0,0,0
201606,48,107,3,7,Crosby County                 ,5,5,335000,0,0,0,0,0,0,0,0,0,0,0,0,0,0,0,0,0,0,0,0,0
201606,48,113,3,7,Dallas County                 ,2738,2738,802710978,27,54,8102088,13,51,6086503,60,5603,531479857,2281,2281,685799386,18,36,4834283,6,23,3098492,42,4022,408145174
201606,48,119,3,7,Delta County                  ,0,0,0,0,0,0,0,0,0,0,0,0,0,0,0,0,0,0,0,0,0,0,0,0
201606,48,135,3,7,Ector County                  ,243,243,52792143,0,0,0,0,0,0,5,50,3770541,22,22,4166455,0,0,0,0,0,0,0,0,0
201606,48,139,3,7,Ellis County                  ,770,770,141168430,1,2,264073,0,0,0,0,0,0,770,770,141168430,1,2,264073,0,0,0,0,0,0
201606,48,141,3,7,El Paso County                ,1204,1204,310036287,26,52,4825251,3,10,698392,34,334,26364882,953,953,269300697,24,48,4500576,2,7,398526,23,173,10038717
201606,48,157,3,7,Fort Bend County              ,5013,5013,660452060,9,18,2700000,0,0,0,24,414,37062801,812,812,261390532,9,18,2700000,0,0,0,17,351,32388740
201606,48,167,3,7,Galveston County              ,1248,1248,273412272,0,0,0,0,0,0,2,33,1816744,775,775,182931008,0,0,0,0,0,0,0,0,0
201606,48,185,3,7,Grimes County                 ,17,17,1776018,0,0,0,0,0,0,0,0,0,15,15,1585852,0,0,0,0,0,0,0,0,0
201606,48,187,3,7,Guadalupe County              ,453,453,99115408,0,0,0,0,0,0,0,0,0,444,444,97556987,0,0,0,0,0,0,0,0,0
201606,48,193,3,7,Hamilton County               ,0,0,0,0,0,0,0,0,0,0,0,0,0,0,0,0,0,0,0,0,0,0,0,0
201606,48,195,3,7,Hansford County               ,5,5,664250,0,0,0,0,0,0,0,0,0,1,1,100000,0,0,0,0,0,0,0,0,0
201606,48,201,3,7,Harris County                 ,8147,8147,1509679708,31,62,8625464,6,23,3931161,92,4213,441975090,8003,8003,1446853618,28,56,7970464,5,20,3493248,92,4213,441975090
201606,48,211,3,7,Hemphill County               ,0,0,0,0,0,0,0,0,0,0,0,0,0,0,0,0,0,0,0,0,0,0,0,0
201606,48,215,3,7,Hidalgo County                ,1554,1554,285407458,39,78,5087236,53,208,12633745,11,692,49784768,1383,1383,253050985,38,76,4937236,53,208,12633745,11,692,49784768
201606,48,233,3,7,Hutchinson County             ,0,0,0,0,0,0,0,0,0,0,0,0,0,0,0,0,0,0,0,0,0,0,0,0
201606,48,251,3,7,Johnson County                ,235,235,47599154,6,12,805000,0,0,0,0,0,0,227,227,45929204,6,12,805000,0,0,0,0,0,0
201606,48,257,3,7,Kaufman County                ,217,217,43827347,0,0,0,0,0,0,0,0,0,191,191,40753066,0,0,0,0,0,0,0,0,0
201606,48,259,3,7,Kendall County                ,134,134,38461318,0,0,0,0,0,0,0,0,0,134,134,38461318,0,0,0,0,0,0,0,0,0
201606,48,271,3,7,Kinney County                 ,0,0,0,0,0,0,0,0,0,0,0,0,0,0,0,0,0,0,0,0,0,0,0,0
201606,48,281,3,7,Lampasas County               ,23,23,3052477,0,0,0,0,0,0,0,0,0,23,23,3052477,0,0,0,0,0,0,0,0,0
201606,48,291,3,7,Liberty County                ,198,198,38629272,0,0,0,0,0,0,0,0,0,195,195,38165790,0,0,0,0,0,0,0,0,0
201606,48,303,3,7,Lubbock County                ,530,530,125720963,9,18,1850942,0,0,0,32,437,53080854,342,342,80103566,4,8,895000,0,0,0,20,280,43254541
201606,48,323,3,7,Maverick County               ,39,39,3290378,0,0,0,0,0,0,0,0,0,39,39,3290378,0,0,0,0,0,0,0,0,0
201606,48,325,3,7,Medina County                 ,10,10,1815615,0,0,0,0,0,0,0,0,0,9,9,1604796,0,0,0,0,0,0,0,0,0
201606,48,329,3,7,Midland County                ,292,292,55665589,0,0,0,11,40,9507960,0,0,0,292,292,55665589,0,0,0,11,40,9507960,0,0,0
201606,48,339,3,7,Montgomery County             ,2212,2212,483593667,3,6,90000,0,0,0,22,388,36212295,2191,2191,477924377,3,6,90000,0,0,0,22,388,36212295
201606,48,367,3,7,Parker County                 ,224,224,50876060,0,0,0,0,0,0,0,0,0,216,216,49070714,0,0,0,0,0,0,0,0,0
201606,48,375,3,7,Potter County                 ,319,319,81098647,1,2,299367,0,0,0,0,0,0,319,319,81098647,1,2,299367,0,0,0,0,0,0
201606,48,383,3,7,Reagan County                 ,0,0,0,0,0,0,1,3,155152,0,0,0,0,0,0,0,0,0,0,0,0,0,0,0
201606,48,385,3,7,Real County                   ,0,0,0,0,0,0,0,0,0,0,0,0,0,0,0,0,0,0,0,0,0,0,0,0
201606,48,395,3,7,Robertson County              ,44,44,9918736,0,0,0,0,0,0,0,0,0,44,44,9918736,0,0,0,0,0,0,0,0,0
201606,48,397,3,7,Rockwall County               ,539,539,175342207,0,0,0,0,0,0,0,0,0,477,477,150979551,0,0,0,0,0,0,0,0,0
201606,48,407,3,7,San Jacinto County            ,148,148,29560240,0,0,0,0,0,0,0,0,0,131,131,26253027,0,0,0,0,0,0,0,0,0
201606,48,411,3,7,San Saba County               ,2,2,255000,0,0,0,0,0,0,0,0,0,0,0,0,0,0,0,0,0,0,0,0,0
201606,48,451,3,7,Tom Green County              ,84,84,18608158,0,0,0,0,0,0,0,0,0,84,84,18608158,0,0,0,0,0,0,0,0,0
201606,48,453,3,7,Travis County                 ,3669,3669,807614542,103,206,30187104,12,48,2562499,119,3078,242006924,3496,3496,754503509,103,206,30187104,12,48,2562499,119,3078,242006924
201606,48,473,3,7,Waller County                 ,2,2,432976,0,0,0,0,0,0,7,43,1566565,1,1,270000,0,0,0,0,0,0,0,0,0
201606,48,491,3,7,Williamson County             ,2014,2014,579187381,2,4,612720,8,28,1997685,3,617,80170788,1922,1922,561246204,2,4,612720,8,28,1997685,3,617,80170788
201606,48,493,3,7,Wilson County                 ,18,18,3392101,0,0,0,0,0,0,1,5,468750,0,0,0,0,0,0,0,0,0,0,0,0
201606,48,497,3,7,Wise County                   ,41,41,8947338,2,4,240000,0,0,0,0,0,0,26,26,5496725,2,4,240000,0,0,0,0,0,0
201606,49,011,4,8,Davis County                  ,747,747,189061499,3,6,1167454,4,16,1969788,13,130,15079915,717,717,179648252,2,4,472559,4,16,1969788,11,120,13535291
201606,49,023,4,8,Juab County                   ,30,30,8739214,0,0,0,0,0,0,0,0,0,24,24,7180039,0,0,0,0,0,0,0,0,0
201606,49,029,4,8,Morgan County                 ,53,53,18615807,0,0,0,0,0,0,1,5,503405,0,0,0,0,0,0,0,0,0,0,0,0
201606,49,035,4,8,Salt Lake County              ,1979,1979,497159204,14,28,4609412,8,27,3176163,34,1975,242301489,1524,1524,366871363,11,22,3402549,8,27,3176163,15,1571,202349377
201606,49,039,4,8,Sanpete County                ,26,26,3072895,0,0,0,0,0,0,0,0,0,22,22,2585735,0,0,0,0,0,0,0,0,0
201606,49,043,4,8,Summit County                 ,110,110,41382716,0,0,0,3,11,1810687,8,73,25032290,67,67,19291170,0,0,0,3,11,1810687,2,40,19394017
201606,49,057,4,8,Weber County                  ,394,394,90122469,1,2,264384,14,51,8229963,16,398,35227520,304,304,67030411,1,2,264384,7,28,4679707,13,383,32828711
201606,51,003,3,5,Albemarle County              ,263,263,90932202,0,0,0,0,0,0,13,167,17655000,263,263,90932202,0,0,0,0,0,0,13,167,17655000
201606,51,007,3,5,Amelia County                 ,22,22,4452870,0,0,0,0,0,0,0,0,0,22,22,4452870,0,0,0,0,0,0,0,0,0
201606,51,009,3,5,Amherst County                ,24,24,4259453,0,0,0,0,0,0,0,0,0,14,14,2685457,0,0,0,0,0,0,0,0,0
201606,51,013,3,5,Arlington County              ,139,139,49189917,23,46,11500000,0,0,0,4,986,184686306,139,139,49189917,23,46,11500000,0,0,0,4,986,184686306
201606,51,015,3,5,Augusta County                ,87,87,17305639,0,0,0,0,0,0,0,0,0,87,87,17305639,0,0,0,0,0,0,0,0,0
201606,51,019,3,5,Bedford County                ,135,135,36765964,0,0,0,0,0,0,0,0,0,135,135,36765964,0,0,0,0,0,0,0,0,0
201606,51,033,3,5,Caroline County               ,55,55,9938589,0,0,0,0,0,0,0,0,0,47,47,8038731,0,0,0,0,0,0,0,0,0
201606,51,036,3,5,Charles City County           ,8,8,1468710,0,0,0,0,0,0,0,0,0,7,7,1307300,0,0,0,0,0,0,0,0,0
201606,51,037,3,5,Charlotte County              ,4,4,583000,0,0,0,0,0,0,0,0,0,4,4,583000,0,0,0,0,0,0,0,0,0
201606,51,041,3,5,Chesterfield County           ,671,671,152239710,0,0,0,10,37,5272598,6,73,4320000,671,671,152239710,0,0,0,10,37,5272598,6,73,4320000
201606,51,043,3,5,Clarke County                 ,33,33,13170384,0,0,0,0,0,0,0,0,0,33,33,13170384,0,0,0,0,0,0,0,0,0
201606,51,049,3,5,Cumberland County             ,8,8,1160142,0,0,0,0,0,0,0,0,0,8,8,1160142,0,0,0,0,0,0,0,0,0
201606,51,051,3,5,Dickenson County              ,3,3,255000,0,0,0,0,0,0,0,0,0,3,3,255000,0,0,0,0,0,0,0,0,0
201606,51,053,3,5,Dinwiddie County              ,29,29,3676339,0,0,0,0,0,0,0,0,0,0,0,0,0,0,0,0,0,0,0,0,0
201606,51,059,3,5,Fairfax County                ,470,470,106566751,0,0,0,0,0,0,3,882,35000000,470,470,106566751,0,0,0,0,0,0,3,882,35000000
201606,51,061,3,5,Fauquier County               ,138,138,44994540,0,0,0,0,0,0,0,0,0,138,138,44994540,0,0,0,0,0,0,0,0,0
201606,51,069,3,5,Frederick County              ,382,382,75848731,0,0,0,0,0,0,0,0,0,382,382,75848731,0,0,0,0,0,0,0,0,0
201606,51,073,3,5,Gloucester County             ,93,93,16950627,0,0,0,2,6,300000,0,0,0,93,93,16950627,0,0,0,2,6,300000,0,0,0
201606,51,075,3,5,Goochland County              ,70,70,19374788,0,0,0,0,0,0,0,0,0,70,70,19374788,0,0,0,0,0,0,0,0,0
201606,51,085,3,5,Hanover County                ,330,330,66095734,0,0,0,0,0,0,0,0,0,330,330,66095734,0,0,0,0,0,0,0,0,0
201606,51,087,3,5,Henrico County                ,400,400,71978680,0,0,0,0,0,0,31,165,5817275,400,400,71978680,0,0,0,0,0,0,31,165,5817275
201606,51,093,3,5,Isle of Wight County          ,72,72,15589248,0,0,0,0,0,0,3,45,1805192,0,0,0,0,0,0,0,0,0,0,0,0
201606,51,095,3,5,James City County             ,188,188,46912641,0,0,0,4,15,2273356,1,5,977200,188,188,46912641,0,0,0,4,15,2273356,1,5,977200
201606,51,097,3,5,King and Queen County         ,16,16,3116054,0,0,0,0,0,0,0,0,0,16,16,3116054,0,0,0,0,0,0,0,0,0
201606,51,099,3,5,King George County            ,59,59,14639654,0,0,0,0,0,0,0,0,0,59,59,14639654,0,0,0,0,0,0,0,0,0
201606,51,107,3,5,Loudoun County                ,1319,1319,287239306,6,12,1160000,0,0,0,18,414,49065598,1319,1319,287239306,6,12,1160000,0,0,0,18,414,49065598
201606,51,109,3,5,Louisa County                 ,136,136,25338248,0,0,0,0,0,0,0,0,0,136,136,25338248,0,0,0,0,0,0,0,0,0
201606,51,115,3,5,Mathews County                ,7,7,1469393,0,0,0,0,0,0,0,0,0,7,7,1469393,0,0,0,0,0,0,0,0,0
201606,51,127,3,5,New Kent County               ,123,123,23149534,0,0,0,0,0,0,0,0,0,123,123,23149534,0,0,0,0,0,0,0,0,0
201606,51,139,3,5,Page County                   ,20,20,2885000,0,0,0,0,0,0,0,0,0,20,20,2885000,0,0,0,0,0,0,0,0,0
201606,51,145,3,5,Powhatan County               ,115,115,23972136,0,0,0,0,0,0,0,0,0,115,115,23972136,0,0,0,0,0,0,0,0,0
201606,51,149,3,5,Prince George County          ,44,44,7082191,0,0,0,0,0,0,0,0,0,44,44,7082191,0,0,0,0,0,0,0,0,0
201606,51,153,3,5,Prince William County         ,666,666,112205946,0,0,0,0,0,0,0,0,0,666,666,112205946,0,0,0,0,0,0,0,0,0
201606,51,165,3,5,Rockingham County             ,172,172,34086580,0,0,0,0,0,0,0,0,0,172,172,34086580,0,0,0,0,0,0,0,0,0
201606,51,175,3,5,Southampton County            ,18,18,2134602,0,0,0,0,0,0,0,0,0,13,13,1392565,0,0,0,0,0,0,0,0,0
201606,51,177,3,5,Spotsylvania County           ,218,218,56547074,0,0,0,0,0,0,0,0,0,0,0,0,0,0,0,0,0,0,0,0,0
201606,51,179,3,5,Stafford County               ,703,703,118120444,0,0,0,0,0,0,0,0,0,703,703,118120444,0,0,0,0,0,0,0,0,0
201606,51,181,3,5,Surry County                  ,11,11,1844246,0,0,0,0,0,0,0,0,0,9,9,1538000,0,0,0,0,0,0,0,0,0
201606,51,183,3,5,Sussex County                 ,5,5,228633,0,0,0,0,0,0,0,0,0,5,5,228633,0,0,0,0,0,0,0,0,0
201606,51,187,3,5,Warren County                 ,75,75,16527724,0,0,0,0,0,0,0,0,0,75,75,16527724,0,0,0,0,0,0,0,0,0
201606,51,199,3,5,York County                   ,48,48,9760513,1,2,332800,0,0,0,0,0,0,48,48,9760513,1,2,332800,0,0,0,0,0,0
201606,51,510,3,5,Alexandria (Independent City) ,46,46,8448600,0,0,0,0,0,0,0,0,0,46,46,8448600,0,0,0,0,0,0,0,0,0
201606,51,540,3,5,Charlottesville (Independent C,43,43,9882137,1,2,190750,0,0,0,5,46,6805150,17,17,4150000,0,0,0,0,0,0,0,0,0
201606,51,550,3,5,Chesapeake(Independent City)  ,456,456,103574411,1,2,273400,0,0,0,0,0,0,456,456,103574411,1,2,273400,0,0,0,0,0,0
201606,51,570,3,5,Colonial Heights (Independent ,1,1,150000,0,0,0,0,0,0,0,0,0,1,1,150000,0,0,0,0,0,0,0,0,0
201606,51,580,3,5,Covington (Independent City)  ,0,0,0,0,0,0,0,0,0,0,0,0,0,0,0,0,0,0,0,0,0,0,0,0
201606,51,600,3,5,Fairfax (Independent City)    ,7,7,2620000,0,0,0,0,0,0,0,0,0,7,7,2620000,0,0,0,0,0,0,0,0,0
201606,51,610,3,5,Falls Church (Independent City,10,10,3925000,0,0,0,0,0,0,0,0,0,10,10,3925000,0,0,0,0,0,0,0,0,0
201606,51,630,3,5,Fredericksburg(Independent Cit,45,45,9770977,0,0,0,0,0,0,5,128,9004435,45,45,9770977,0,0,0,0,0,0,5,128,9004435
201606,51,650,3,5,Hampton (Independent City)    ,65,65,3829626,0,0,0,0,0,0,0,0,0,0,0,0,0,0,0,0,0,0,0,0,0
201606,51,660,3,5,Harrisonburg (Independent City,30,30,5673282,1,2,274525,0,0,0,1,5,219653,24,24,4948397,0,0,0,0,0,0,0,0,0
201606,51,670,3,5,Hopewell (Independent City)   ,36,36,3307450,0,0,0,0,0,0,0,0,0,36,36,3307450,0,0,0,0,0,0,0,0,0
201606,51,680,3,5,Lynchburg (Independent City)  ,37,37,7038171,0,0,0,0,0,0,0,0,0,37,37,7038171,0,0,0,0,0,0,0,0,0
201606,51,683,3,5,Manassas (Independent City)   ,75,75,10570334,0,0,0,0,0,0,0,0,0,0,0,0,0,0,0,0,0,0,0,0,0
201606,51,685,3,5,Manassas Park (Independent Cit,6,6,1118184,0,0,0,0,0,0,0,0,0,0,0,0,0,0,0,0,0,0,0,0,0
201606,51,700,3,5,Newport News (Independent City,75,75,6695644,0,0,0,0,0,0,0,0,0,75,75,6695644,0,0,0,0,0,0,0,0,0
201606,51,710,3,5,Norfolk (Independent City)    ,156,156,21785553,4,8,911600,0,0,0,14,388,9822000,156,156,21785553,4,8,911600,0,0,0,14,388,9822000
201606,51,730,3,5,Petersburg (Independent City) ,9,9,928577,0,0,0,0,0,0,1,7,356446,8,8,817058,0,0,0,0,0,0,0,0,0
201606,51,735,3,5,Poquoson (Independent City)   ,18,18,4365680,0,0,0,0,0,0,0,0,0,18,18,4365680,0,0,0,0,0,0,0,0,0
201606,51,740,3,5,Portsmouth (Independent City) ,63,63,8079000,1,2,130000,0,0,0,0,0,0,63,63,8079000,1,2,130000,0,0,0,0,0,0
201606,51,760,3,5,Richmond (Independent City)   ,142,142,21224997,6,12,1077097,1,4,139207,4,207,19295756,90,90,13763955,4,8,691553,1,4,139207,2,170,17188221
201606,51,800,3,5,Suffolk (Independent City)    ,168,168,38137684,0,0,0,0,0,0,9,312,6950000,168,168,38137684,0,0,0,0,0,0,9,312,6950000
201606,51,810,3,5,Virginia Beach (Independent Ci,430,430,98006585,0,0,0,0,0,0,12,603,35098144,430,430,98006585,0,0,0,0,0,0,12,603,35098144
201606,51,830,3,5,Williamsburg (Independent City,34,34,4600386,0,0,0,0,0,0,0,0,0,34,34,4600386,0,0,0,0,0,0,0,0,0
201606,53,005,4,9,Benton County                 ,526,526,153636332,1,2,338819,2,8,906000,5,79,6646728,366,366,101221615,1,2,338819,2,8,906000,2,51,4473074
201606,53,011,4,9,Clark County                  ,1402,1402,353157185,6,12,1277802,4,16,1325597,27,390,30886277,1061,1061,256391932,6,12,1277802,4,16,1325597,19,262,17516160
201606,53,021,4,9,Franklin County               ,213,213,57763241,5,10,931215,0,0,0,0,0,0,32,32,11852773,0,0,0,0,0,0,0,0,0
201606,53,031,4,9,Jefferson County              ,127,127,17922610,0,0,0,0,0,0,0,0,0,113,113,15253911,0,0,0,0,0,0,0,0,0
201606,53,033,4,9,King County                   ,2317,2317,871238159,104,208,40640620,53,186,36193515,92,4762,601934302,1992,1992,721464964,102,204,39795429,53,186,36193515,77,4445,560659234
201606,53,035,4,9,Kitsap County                 ,429,429,125803174,5,10,1803415,4,15,2051649,1,18,4151249,429,429,125803174,5,10,1803415,4,15,2051649,1,18,4151249
201606,53,053,4,9,Pierce County                 ,1298,1298,392532676,10,20,4043662,5,19,2610095,28,578,54293369,1297,1297,392151898,10,20,4043662,5,19,2610095,28,578,54293369
201606,53,055,4,9,San Juan County               ,47,47,10324932,0,0,0,0,0,0,0,0,0,26,26,5272158,0,0,0,0,0,0,0,0,0
201606,53,059,4,9,Skamania County               ,17,17,3581350,0,0,0,0,0,0,0,0,0,17,17,3581350,0,0,0,0,0,0,0,0,0
201606,53,061,4,9,Snohomish County              ,1503,1503,433219261,16,32,6961633,19,69,12745554,26,559,68249255,1436,1436,417717870,14,28,6129289,19,69,12745554,21,456,58327973
201606,54,011,3,5,Cabell County                 ,23,23,4622662,1,2,200000,1,4,80000,0,0,0,23,23,4622662,1,2,200000,1,4,80000,0,0,0
201606,54,015,3,5,Clay County                   ,5,5,165910,0,0,0,0,0,0,0,0,0,3,3,75000,0,0,0,0,0,0,0,0,0
201606,54,019,3,5,Fayette County                ,13,13,1407097,0,0,0,0,0,0,0,0,0,4,4,370000,0,0,0,0,0,0,0,0,0
201606,54,037,3,5,Jefferson County              ,78,78,19928629,0,0,0,0,0,0,0,0,0,78,78,19928629,0,0,0,0,0,0,0,0,0
201606,54,081,3,5,Raleigh County                ,21,21,3916210,0,0,0,0,0,0,0,0,0,21,21,3916210,0,0,0,0,0,0,0,0,0
201606,55,025,2,3,Dane County                   ,651,651,196390296,15,30,4979649,6,19,2324101,33,1540,220531808,570,570,172588851,11,22,3945802,0,0,0,26,1398,207547588
201606,55,031,2,3,Douglas County                ,35,35,5280148,0,0,0,0,0,0,0,0,0,35,35,5280148,0,0,0,0,0,0,0,0,0
201606,55,037,2,3,Florence County               ,7,7,715000,0,0,0,0,0,0,0,0,0,7,7,715000,0,0,0,0,0,0,0,0,0
201606,55,049,2,3,Iowa County                   ,33,33,6219500,0,0,0,0,0,0,0,0,0,33,33,6219500,0,0,0,0,0,0,0,0,0
201606,55,059,2,3,Kenosha County                ,95,95,29964812,0,0,0,0,0,0,16,302,9500000,89,89,27898740,0,0,0,0,0,0,16,302,9500000
201606,55,079,2,3,Milwaukee County              ,69,69,21109855,6,12,1627688,0,0,0,15,1009,127411228,59,59,18694870,3,6,930000,0,0,0,12,918,115336007
201606,55,089,2,3,Ozaukee County                ,104,104,36387913,0,0,0,0,0,0,15,89,11759756,59,59,15640070,0,0,0,0,0,0,12,72,9099996
201606,55,093,2,3,Pierce County                 ,67,67,13767143,0,0,0,0,0,0,0,0,0,67,67,13767143,0,0,0,0,0,0,0,0,0
201606,55,109,2,3,St. Croix County              ,168,168,37420958,7,14,1900402,0,0,0,2,11,1500000,160,160,35922433,6,12,1623735,0,0,0,2,11,1500000
201606,55,131,2,3,Washington County             ,171,171,47226288,4,8,900000,0,0,0,5,25,1848959,117,117,31461782,4,8,900000,0,0,0,0,0,0
201606,56,029,4,8,Park County                   ,67,67,16054811,0,0,0,1,3,335000,1,6,450000,67,67,16054811,0,0,0,1,3,335000,1,6,450000
201606,56,039,4,8,Teton County                  ,90,90,132692829,2,4,1235508,3,10,388330,1,5,799125,74,74,125637021,0,0,0,0,0,0,1,5,799125
