Survey,FIPS,FIPS,Region,Division,County,,1-unit,,,2-units,,,3-4 units,,,5+ units,,,1-unit rep,,,2-units rep,,,3-4 units rep,,, 5+units rep
Date,State,County,Code,Code,Name,Bldgs,Units,Value,Bldgs,Units,Value,Bldgs,Units,Value,Bldgs,Units,Value,Bldgs,Units,Value,Bldgs,Units,Value,Bldgs,Units,Value,Bldgs,Units,Value
 
201608,01,001,3,6,Autauga County                ,119,119,32444263,0,0,0,0,0,0,0,0,0,119,119,32444263,0,0,0,0,0,0,0,0,0
201608,01,007,3,6,Bibb County                   ,11,11,2218077,0,0,0,0,0,0,0,0,0,0,0,0,0,0,0,0,0,0,0,0,0
201608,01,009,3,6,Blount County                 ,6,6,1040920,0,0,0,0,0,0,0,0,0,6,6,1040920,0,0,0,0,0,0,0,0,0
201608,01,021,3,6,Chilton County                ,15,15,2002500,0,0,0,0,0,0,0,0,0,15,15,2002500,0,0,0,0,0,0,0,0,0
201608,01,073,3,6,Jefferson County              ,1050,1050,266541220,0,0,0,0,0,0,10,437,45451164,871,871,226856854,0,0,0,0,0,0,5,216,24581715
201608,01,083,3,6,Limestone County              ,82,82,15931817,0,0,0,0,0,0,0,0,0,81,81,15804388,0,0,0,0,0,0,0,0,0
201608,01,089,3,6,Madison County                ,1634,1634,240427973,0,0,0,0,0,0,16,300,13293916,1629,1629,239796398,0,0,0,0,0,0,16,300,13293916
201608,01,113,3,6,Russell County                ,78,78,12981621,1,2,80304,0,0,0,1,12,700000,71,71,11816545,1,2,80304,0,0,0,1,12,700000
201608,01,115,3,6,St. Clair County              ,100,100,15670267,0,0,0,0,0,0,0,0,0,86,86,13232729,0,0,0,0,0,0,0,0,0
201608,01,117,3,6,Shelby County                 ,728,728,158984076,0,0,0,0,0,0,5,56,952000,362,362,70513511,0,0,0,0,0,0,0,0,0
201608,01,127,3,6,Walker County                 ,7,7,2220000,0,0,0,0,0,0,0,0,0,7,7,2220000,0,0,0,0,0,0,0,0,0
201608,02,013,4,9,Aleutians East Borough        ,0,0,0,0,0,0,0,0,0,0,0,0,0,0,0,0,0,0,0,0,0,0,0,0
201608,02,016,4,9,Aleutians West Census Area    ,3,3,294354,0,0,0,0,0,0,0,0,0,0,0,0,0,0,0,0,0,0,0,0,0
201608,02,020,4,9,Anchorage Borough             ,496,496,155494819,0,0,0,8,24,4158002,10,109,17232417,0,0,0,0,0,0,0,0,0,0,0,0
201608,02,020,4,9,Anchorage Municipality        ,496,496,155494819,0,0,0,8,24,4158002,10,109,17232417,0,0,0,0,0,0,0,0,0,0,0,0
201608,02,050,4,9,Bethel Census Area            ,6,6,1800000,1,2,450000,0,0,0,0,0,0,6,6,1800000,1,2,450000,0,0,0,0,0,0
201608,02,060,4,9,Bristol Bay Borough           ,2,2,450000,0,0,0,0,0,0,0,0,0,2,2,450000,0,0,0,0,0,0,0,0,0
201608,02,070,4,9,Dillingham Census Area        ,2,2,583174,0,0,0,0,0,0,0,0,0,0,0,0,0,0,0,0,0,0,0,0,0
201608,02,090,4,9,Fairbanks North Star Borough  ,11,11,2930822,0,0,0,0,0,0,0,0,0,11,11,2930822,0,0,0,0,0,0,0,0,0
201608,02,100,4,9,Haines Borough                ,4,4,1119505,0,0,0,0,0,0,0,0,0,1,1,287713,0,0,0,0,0,0,0,0,0
201608,02,105,4,9,Hoonah-Angoon Census Area     ,3,3,500000,0,0,0,0,0,0,0,0,0,3,3,500000,0,0,0,0,0,0,0,0,0
201608,02,110,4,9,Juneau Borough                ,28,28,7219840,3,6,1068902,3,10,424992,2,35,3826129,28,28,7219840,3,6,1068902,3,10,424992,2,35,3826129
201608,02,110,4,9,Juneau City and Borough       ,28,28,7219840,3,6,1068902,3,10,424992,2,35,3826129,28,28,7219840,3,6,1068902,3,10,424992,2,35,3826129
201608,02,122,4,9,Kenai Peninsula Borough       ,56,56,12201703,5,10,1276125,2,7,950000,1,5,650000,28,28,6282960,3,6,700000,2,7,950000,1,5,650000
201608,02,130,4,9,Ketchikan Gateway Borough     ,20,20,5793002,3,6,846480,0,0,0,0,0,0,20,20,5793002,3,6,846480,0,0,0,0,0,0
201608,02,150,4,9,Kodiak Island Borough         ,6,6,1430432,1,2,219247,1,4,410728,0,0,0,6,6,1430432,1,2,219247,1,4,410728,0,0,0
201608,02,158,4,9,Kusilvak Census Area          ,0,0,0,0,0,0,0,0,0,0,0,0,0,0,0,0,0,0,0,0,0,0,0,0
201608,02,170,4,9,Matanuska-Susitna Borough     ,32,32,7063032,9,18,2542135,4,16,1894504,1,42,3978099,26,26,6186470,8,16,2284236,4,16,1894504,1,42,3978099
201608,02,180,4,9,Nome Census Area              ,5,5,735021,0,0,0,0,0,0,0,0,0,5,5,735021,0,0,0,0,0,0,0,0,0
201608,02,185,4,9,North Slope Borough           ,2,2,540757,0,0,0,0,0,0,0,0,0,2,2,540757,0,0,0,0,0,0,0,0,0
201608,02,188,4,9,Northwest Arctic Borough      ,1,1,355182,0,0,0,0,0,0,0,0,0,0,0,0,0,0,0,0,0,0,0,0,0
201608,02,195,4,9,Petersburg Borough            ,3,3,857000,0,0,0,0,0,0,0,0,0,3,3,857000,0,0,0,0,0,0,0,0,0
201608,02,195,4,9,Petersburg Census Area        ,3,3,857000,0,0,0,0,0,0,0,0,0,3,3,857000,0,0,0,0,0,0,0,0,0
201608,02,198,4,9,Prince of Wales-Hyder Census A,2,2,534450,0,0,0,1,3,439137,0,0,0,2,2,534450,0,0,0,1,3,439137,0,0,0
201608,02,220,4,9,Sitka Borough                 ,12,12,3785888,0,0,0,0,0,0,0,0,0,0,0,0,0,0,0,0,0,0,0,0,0
201608,02,220,4,9,Sitka City and Borough        ,12,12,3785888,0,0,0,0,0,0,0,0,0,0,0,0,0,0,0,0,0,0,0,0,0
201608,02,230,4,9,Skagway Municipality          ,6,6,730000,1,2,232443,0,0,0,0,0,0,5,5,450000,0,0,0,0,0,0,0,0,0
201608,02,261,4,9,Valdez-Cordova Census Area    ,11,11,2063064,0,0,0,0,0,0,0,0,0,11,11,2063064,0,0,0,0,0,0,0,0,0
201608,02,275,4,9,Wrangell City and Borough     ,3,3,303200,0,0,0,0,0,0,0,0,0,2,2,166000,0,0,0,0,0,0,0,0,0
201608,02,282,4,9,Yakutat Borough               ,1,1,190600,0,0,0,0,0,0,0,0,0,1,1,190600,0,0,0,0,0,0,0,0,0
201608,02,282,4,9,Yakutat City and Borough      ,1,1,190600,0,0,0,0,0,0,0,0,0,1,1,190600,0,0,0,0,0,0,0,0,0
201608,02,290,4,9,Yukon-Koyukuk Census Area     ,0,0,0,0,0,0,0,0,0,0,0,0,0,0,0,0,0,0,0,0,0,0,0,0
201608,04,013,4,8,Maricopa County               ,11230,11230,3179748339,55,128,14816242,33,136,23548701,125,5451,635416750,10833,10833,3046851739,55,128,14816242,32,132,22914173,121,5291,617361460
201608,04,019,4,8,Pima County                   ,1492,1492,424575661,9,18,2125242,0,0,0,16,315,41749121,1035,1035,297619960,0,0,0,0,0,0,0,0,0
201608,04,021,4,8,Pinal County                  ,1569,1569,294665859,61,122,7774172,0,0,0,0,0,0,1314,1314,238226419,61,122,7774172,0,0,0,0,0,0
201608,05,013,3,7,Calhoun County                ,0,0,0,0,0,0,0,0,0,0,0,0,0,0,0,0,0,0,0,0,0,0,0,0
201608,05,035,3,7,Crittenden County             ,47,47,7893462,0,0,0,0,0,0,0,0,0,46,46,7673575,0,0,0,0,0,0,0,0,0
201608,05,045,3,7,Faulkner County               ,187,187,41163793,2,4,291000,0,0,0,1,40,1500000,184,184,40440784,2,4,291000,0,0,0,1,40,1500000
201608,05,053,3,7,Grant County                  ,8,8,955794,0,0,0,0,0,0,0,0,0,0,0,0,0,0,0,0,0,0,0,0,0
201608,05,085,3,7,Lonoke County                 ,217,217,22612567,0,0,0,0,0,0,0,0,0,93,93,12096031,0,0,0,0,0,0,0,0,0
201608,05,087,3,7,Madison County                ,0,0,0,0,0,0,0,0,0,0,0,0,0,0,0,0,0,0,0,0,0,0,0,0
201608,05,091,3,7,Miller County                 ,29,29,4328054,0,0,0,0,0,0,0,0,0,0,0,0,0,0,0,0,0,0,0,0,0
201608,05,105,3,7,Perry County                  ,2,2,68000,0,0,0,0,0,0,0,0,0,2,2,68000,0,0,0,0,0,0,0,0,0
201608,05,119,3,7,Pulaski County                ,504,504,111253748,7,14,3323000,0,0,0,49,557,40362028,485,485,108109191,7,14,3323000,0,0,0,49,557,40362028
201608,05,129,3,7,Searcy County                 ,0,0,0,0,0,0,0,0,0,0,0,0,0,0,0,0,0,0,0,0,0,0,0,0
201608,05,143,3,7,Washington County             ,691,691,163753158,0,0,0,0,0,0,19,360,30477874,634,634,156640889,0,0,0,0,0,0,19,360,30477874
201608,06,001,4,9,Alameda County                ,1603,1603,540967393,6,12,4002469,12,43,9643084,60,2028,332424773,1487,1487,500963847,6,12,4002469,11,40,9002341,43,1667,277234155
201608,06,013,4,9,Contra Costa County           ,1290,1290,413902646,1,2,420324,1,3,700000,17,317,37534346,1190,1190,376660536,0,0,0,0,0,0,1,178,18371141
201608,06,017,4,9,El Dorado County              ,522,522,201308967,0,0,0,0,0,0,0,0,0,522,522,201308967,0,0,0,0,0,0,0,0,0
201608,06,019,4,9,Fresno County                 ,1456,1456,398293140,13,26,4111184,8,31,5789320,11,89,7203301,1235,1235,343544210,13,26,4111184,8,31,5789320,9,72,5862852
201608,06,037,4,9,Los Angeles County            ,3329,3329,1400465616,228,456,85837618,48,182,37305190,250,9442,1689661721,3158,3158,1326030486,227,454,85501618,46,176,36495190,225,9093,1644070433
201608,06,041,4,9,Marin County                  ,48,48,29022105,0,0,0,0,0,0,1,15,1478259,32,32,20163195,0,0,0,0,0,0,0,0,0
201608,06,059,4,9,Orange County                 ,3076,3076,953527558,44,88,21274213,52,172,35478530,104,5469,773867743,2871,2871,854927783,32,64,13274069,51,169,34417132,94,5225,742067322
201608,06,061,4,9,Placer County                 ,1343,1343,454893136,0,0,0,0,0,0,10,208,29377998,1331,1331,450970288,0,0,0,0,0,0,10,208,29377998
201608,06,063,4,9,Plumas County                 ,34,34,5713195,0,0,0,0,0,0,0,0,0,34,34,5713195,0,0,0,0,0,0,0,0,0
201608,06,067,4,9,Sacramento County             ,1615,1615,427424827,15,30,3947831,0,0,0,5,410,52691997,1611,1611,426483427,15,30,3947831,0,0,0,5,410,52691997
201608,06,069,4,9,San Benito County             ,247,247,63868603,0,0,0,0,0,0,1,5,1398501,172,172,40995016,0,0,0,0,0,0,1,5,1398501
201608,06,071,4,9,San Bernardino County         ,1808,1808,432001904,0,0,0,1,3,184953,58,876,105378886,1714,1714,413676527,0,0,0,1,3,184953,57,871,105166708
201608,06,073,4,9,San Diego County              ,1656,1656,558019813,58,116,19897602,65,202,34411875,129,5586,875286701,1636,1636,549754129,58,116,19897602,65,202,34411875,123,5550,868454624
201608,06,075,4,9,San Francisco County          ,47,47,12792935,14,28,11285208,5,17,10786640,24,1846,525330625,47,47,12792935,14,28,11285208,5,17,10786640,24,1846,525330625
201608,06,081,4,9,San Mateo County              ,317,317,201347249,4,8,2285200,3,10,2754246,34,1108,189587621,193,193,148196912,4,8,2285200,3,10,2754246,19,800,136473735
201608,06,085,4,9,Santa Clara County            ,1184,1184,487580543,3,6,2214099,21,77,16571561,62,1753,214676231,1136,1136,471832155,3,6,2214099,21,77,16571561,58,1702,204494217
201608,06,091,4,9,Sierra County                 ,8,8,1648025,0,0,0,0,0,0,0,0,0,8,8,1648025,0,0,0,0,0,0,0,0,0
201608,06,113,4,9,Yolo County                   ,415,415,115342629,1,2,250000,1,4,400000,6,70,10350000,415,415,115342629,1,2,250000,1,4,400000,6,70,10350000
201608,08,001,4,8,Adams County                  ,1244,1244,338333254,1,2,280000,8,28,3024374,16,129,12162059,1244,1244,338333254,1,2,280000,7,25,2445239,16,129,12162059
201608,08,005,4,8,Arapahoe County               ,1373,1373,362336025,0,0,0,0,0,0,23,1229,148154793,1359,1359,352590139,0,0,0,0,0,0,23,1229,148154793
201608,08,014,4,8,Broomfield County             ,370,370,122530480,2,4,798111,2,8,1075814,1,5,673523,370,370,122530480,2,4,798111,2,8,1075814,1,5,673523
201608,08,015,4,8,Chaffee County                ,76,76,20119965,2,4,647924,1,3,549700,0,0,0,0,0,0,0,0,0,0,0,0,0,0,0
201608,08,019,4,8,Clear Creek County            ,7,7,1887146,0,0,0,0,0,0,0,0,0,4,4,1321201,0,0,0,0,0,0,0,0,0
201608,08,031,4,8,Denver County                 ,1225,1225,305209399,70,140,26357868,1,4,757100,39,2648,381716397,1225,1225,305209399,70,140,26357868,1,4,757100,39,2648,381716397
201608,08,035,4,8,Douglas County                ,1383,1383,428661384,0,0,0,3,9,1556706,28,601,50855304,1257,1257,389697685,0,0,0,0,0,0,27,591,50004666
201608,08,039,4,8,Elbert County                 ,85,85,20369407,0,0,0,0,0,0,0,0,0,84,84,20208977,0,0,0,0,0,0,0,0,0
201608,08,041,4,8,El Paso County                ,2575,2575,1041513089,3,6,548035,0,0,0,9,466,86352151,2575,2575,1041513089,3,6,548035,0,0,0,9,466,86352151
201608,08,047,4,8,Gilpin County                 ,20,20,8725000,0,0,0,0,0,0,0,0,0,20,20,8725000,0,0,0,0,0,0,0,0,0
201608,08,069,4,8,Larimer County                ,1105,1105,311042336,13,26,4158185,16,61,9729460,42,871,96954531,1105,1105,311042336,13,26,4158185,16,61,9729460,42,871,96954531
201608,08,077,4,8,Mesa County                   ,320,320,77028137,3,6,660357,0,0,0,2,91,9352294,320,320,77028137,3,6,660357,0,0,0,2,91,9352294
201608,08,093,4,8,Park County                   ,84,84,13054499,0,0,0,0,0,0,0,0,0,83,83,12849153,0,0,0,0,0,0,0,0,0
201608,08,101,4,8,Pueblo County                 ,181,181,31039431,0,0,0,0,0,0,0,0,0,181,181,31039431,0,0,0,0,0,0,0,0,0
201608,08,119,4,8,Teller County                 ,51,51,15412178,1,2,220000,0,0,0,2,48,5156336,51,51,15412178,0,0,0,0,0,0,2,48,5156336
201608,09,001,1,1,Fairfield County              ,495,495,309072433,12,24,3207000,4,12,1410279,22,1118,182931024,399,399,205198218,12,24,3207000,4,12,1410279,20,1106,182213167
201608,09,003,1,1,Hartford County               ,308,308,60164253,2,4,500000,3,11,1304623,30,463,57974900,292,292,56195089,2,4,500000,3,11,1304623,25,438,56726000
201608,09,007,1,1,Middlesex County              ,108,108,26842573,4,8,1349100,1,3,250000,6,47,5408025,93,93,22884060,4,8,1349100,1,3,250000,5,42,5093400
201608,09,013,1,1,Tolland County                ,108,108,19827542,2,4,365000,0,0,0,17,167,17615204,81,81,14082278,2,4,365000,0,0,0,11,137,13933304
201608,10,001,3,5,Kent County                   ,782,782,115764681,0,0,0,1,4,435500,5,77,5018994,772,772,114408862,0,0,0,1,4,435500,5,77,5018994
201608,10,003,3,5,New Castle County             ,813,813,70446080,3,6,428736,0,0,0,17,430,35634364,683,683,59389182,3,6,428736,0,0,0,6,344,32666350
201608,10,005,3,5,Sussex County                 ,1580,1580,225874158,44,88,9213847,12,43,5696603,11,98,8782039,1580,1580,225874158,44,88,9213847,12,43,5696603,11,98,8782039
201608,11,001,3,5,Washington  DC                ,236,236,53474367,12,24,2594591,2,8,986998,21,2255,223232426,236,236,53474367,12,24,2594591,2,8,986998,21,2255,223232426
201608,12,003,3,5,Baker County                  ,47,47,8366239,1,2,125000,0,0,0,0,0,0,47,47,8366239,1,2,125000,0,0,0,0,0,0
201608,12,019,3,5,Clay County                   ,782,782,163179020,0,0,0,0,0,0,0,0,0,781,781,163079020,0,0,0,0,0,0,0,0,0
201608,12,031,3,5,Duval County                  ,2050,2050,481553011,23,46,4962837,1,4,959228,27,1016,101824808,1974,1974,457195724,23,46,4962837,1,4,959228,27,1016,101824808
201608,12,033,3,5,Escambia County               ,658,658,152969716,0,0,0,0,0,0,28,476,31690846,658,658,152969716,0,0,0,0,0,0,28,476,31690846
201608,12,053,3,5,Hernando County               ,422,422,75480798,0,0,0,0,0,0,10,160,18593312,419,419,74728058,0,0,0,0,0,0,10,160,18593312
201608,12,057,3,5,Hillsborough County           ,4458,4458,1576300846,5,10,1057907,4,15,1788000,59,2686,386499819,4458,4458,1576300846,5,10,1057907,4,15,1788000,59,2686,386499819
201608,12,067,3,5,Lafayette County              ,6,6,1082270,0,0,0,0,0,0,0,0,0,6,6,1082270,0,0,0,0,0,0,0,0,0
201608,12,071,3,5,Lee County                    ,2818,2818,676371043,27,54,4422900,36,144,26714586,27,422,125857119,2818,2818,676371043,27,54,4422900,36,144,26714586,27,422,125857119
201608,12,073,3,5,Leon County                   ,393,393,79045886,2,4,680000,2,6,915000,11,197,19221012,48,48,13758132,0,0,0,0,0,0,0,0,0
201608,12,081,3,5,Manatee County                ,2068,2068,463642780,18,36,3364109,23,92,15886539,27,596,57940534,1807,1807,399584334,17,34,3137998,19,76,13254320,24,542,53456712
201608,12,086,3,5,Miami-Dade County             ,2099,2099,519085426,53,106,19940342,4,14,2407530,95,4084,829606558,2023,2023,476335169,53,106,19940342,4,14,2407530,95,4084,829606558
201608,12,089,3,5,Nassau County                 ,709,709,199963087,2,4,1055913,0,0,0,1,6,1645753,705,705,199229043,2,4,1055913,0,0,0,1,6,1645753
201608,12,091,3,5,Okaloosa County               ,520,520,150898363,0,0,0,1,4,573520,2,64,14962590,490,490,146649816,0,0,0,1,4,573520,2,64,14962590
201608,12,095,3,5,Orange County                 ,4201,4201,1134066455,65,130,23444650,13,47,8835994,58,2210,267941892,4201,4201,1134066455,65,130,23444650,13,47,8835994,58,2210,267941892
201608,12,097,3,5,Osceola County                ,2660,2660,689894075,1,2,198928,7,28,4628104,6,322,28382194,2304,2304,590335071,1,2,198928,7,28,4628104,6,322,28382194
201608,12,101,3,5,Pasco County                  ,1843,1843,396991024,21,42,3752810,13,51,2048198,30,625,41701920,1838,1838,396277796,17,34,2632810,13,51,2048198,27,610,40584342
201608,12,103,3,5,Pinellas County               ,950,950,251268206,2,4,466040,2,6,1137044,12,808,126201084,753,753,203447249,2,4,466040,1,3,897000,7,758,121550972
201608,12,109,3,5,St. Johns County              ,2534,2534,675010789,0,0,0,7,28,5599051,10,132,19749193,2524,2524,672418497,0,0,0,7,28,5599051,10,132,19749193
201608,12,113,3,5,Santa Rosa County             ,893,893,134269351,0,0,0,0,0,0,0,0,0,893,893,134269351,0,0,0,0,0,0,0,0,0
201608,12,115,3,5,Sarasota County               ,1996,1996,584534215,3,6,1981350,8,32,5459398,24,874,132695839,1996,1996,584534215,3,6,1981350,8,32,5459398,24,874,132695839
201608,12,117,3,5,Seminole County               ,602,602,200688626,4,8,1172999,0,0,0,51,1537,134746149,602,602,200688626,4,8,1172999,0,0,0,51,1537,134746149
201608,12,129,3,5,Wakulla County                ,112,112,15818621,0,0,0,0,0,0,0,0,0,112,112,15818621,0,0,0,0,0,0,0,0,0
201608,12,131,3,5,Walton County                 ,959,959,392725047,0,0,0,0,0,0,12,295,53342505,959,959,392725047,0,0,0,0,0,0,12,295,53342505
201608,12,133,3,5,Washington County             ,32,32,4956444,0,0,0,0,0,0,0,0,0,26,26,3977568,0,0,0,0,0,0,0,0,0
201608,13,007,3,5,Baker County                  ,0,0,0,0,0,0,0,0,0,0,0,0,0,0,0,0,0,0,0,0,0,0,0,0
201608,13,013,3,5,Barrow County                 ,260,260,37110276,0,0,0,0,0,0,1,5,492188,260,260,37110276,0,0,0,0,0,0,0,0,0
201608,13,015,3,5,Bartow County                 ,355,355,67794485,0,0,0,0,0,0,0,0,0,346,346,65873231,0,0,0,0,0,0,0,0,0
201608,13,021,3,5,Bibb County                   ,59,59,9943516,0,0,0,0,0,0,0,0,0,59,59,9943516,0,0,0,0,0,0,0,0,0
201608,13,029,3,5,Bryan County                  ,286,286,62212954,0,0,0,0,0,0,3,16,1216666,205,205,50035302,0,0,0,0,0,0,0,0,0
201608,13,033,3,5,Burke County                  ,34,34,6168340,0,0,0,0,0,0,0,0,0,29,29,5299000,0,0,0,0,0,0,0,0,0
201608,13,035,3,5,Butts County                  ,37,37,5690700,0,0,0,0,0,0,0,0,0,37,37,5690700,0,0,0,0,0,0,0,0,0
201608,13,045,3,5,Carroll County                ,181,181,37435184,0,0,0,6,18,1467306,0,0,0,181,181,37435184,0,0,0,6,18,1467306,0,0,0
201608,13,051,3,5,Chatham County                ,561,561,145497696,4,8,713744,0,0,0,10,170,12915000,561,561,145497696,4,8,713744,0,0,0,10,170,12915000
201608,13,057,3,5,Cherokee County               ,1486,1486,383286835,4,8,870000,0,0,0,13,386,33633393,1486,1486,383286835,4,8,870000,0,0,0,13,386,33633393
201608,13,059,3,5,Clarke County                 ,73,73,13545486,0,0,0,0,0,0,0,0,0,73,73,13545486,0,0,0,0,0,0,0,0,0
201608,13,063,3,5,Clayton County                ,360,360,81951340,0,0,0,0,0,0,0,0,0,354,354,80101994,0,0,0,0,0,0,0,0,0
201608,13,067,3,5,Cobb County                   ,1256,1256,348848673,2,4,666869,8,30,7837756,33,1227,146976926,1251,1251,347590545,2,4,666869,8,30,7837756,33,1227,146976926
201608,13,073,3,5,Columbia County               ,815,815,148392317,0,0,0,3,12,660000,0,0,0,815,815,148392317,0,0,0,3,12,660000,0,0,0
201608,13,077,3,5,Coweta County                 ,570,570,191350679,7,14,1548848,4,12,1150268,1,94,10813831,549,549,186778934,7,14,1548848,4,12,1150268,1,94,10813831
201608,13,085,3,5,Dawson County                 ,179,179,35659142,0,0,0,0,0,0,0,0,0,179,179,35659142,0,0,0,0,0,0,0,0,0
201608,13,095,3,5,Dougherty County              ,25,25,3909138,0,0,0,2,8,360000,6,46,4633432,25,25,3909138,0,0,0,2,8,360000,6,46,4633432
201608,13,097,3,5,Douglas County                ,247,247,63086190,0,0,0,0,0,0,0,0,0,247,247,63086190,0,0,0,0,0,0,0,0,0
201608,13,111,3,5,Fannin County                 ,172,172,34534747,0,0,0,0,0,0,0,0,0,172,172,34534747,0,0,0,0,0,0,0,0,0
201608,13,113,3,5,Fayette County                ,245,245,74453378,0,0,0,0,0,0,0,0,0,242,242,73432242,0,0,0,0,0,0,0,0,0
201608,13,117,3,5,Forsyth County                ,1926,1926,278224380,2,4,222760,1,4,244560,22,512,25556360,1926,1926,278224380,2,4,222760,1,4,244560,22,512,25556360
201608,13,121,3,5,Fulton County                 ,2363,2363,614655576,5,10,1267100,0,0,0,65,6152,708035760,2320,2320,606612070,5,10,1267100,0,0,0,61,6119,706281587
201608,13,127,3,5,Glynn County                  ,331,331,105717997,0,0,0,0,0,0,0,0,0,285,285,93584314,0,0,0,0,0,0,0,0,0
201608,13,135,3,5,Gwinnett County               ,2611,2611,510457407,4,8,449368,0,0,0,3,28,2491687,2324,2324,457172151,4,8,449368,0,0,0,2,10,1003539
201608,13,143,3,5,Haralson County               ,25,25,5229205,0,0,0,0,0,0,0,0,0,19,19,4003565,0,0,0,0,0,0,0,0,0
201608,13,145,3,5,Harris County                 ,128,128,29939435,0,0,0,0,0,0,0,0,0,128,128,29939435,0,0,0,0,0,0,0,0,0
201608,13,149,3,5,Heard County                  ,15,15,2271575,0,0,0,0,0,0,0,0,0,4,4,911427,0,0,0,0,0,0,0,0,0
201608,13,151,3,5,Henry County                  ,946,946,189521007,0,0,0,0,0,0,0,0,0,925,925,186610841,0,0,0,0,0,0,0,0,0
201608,13,159,3,5,Jasper County                 ,43,43,5760882,0,0,0,0,0,0,0,0,0,0,0,0,0,0,0,0,0,0,0,0,0
201608,13,171,3,5,Lamar County                  ,29,29,3534425,0,0,0,0,0,0,0,0,0,28,28,3384425,0,0,0,0,0,0,0,0,0
201608,13,177,3,5,Lee County                    ,84,84,10729621,0,0,0,0,0,0,0,0,0,84,84,10729621,0,0,0,0,0,0,0,0,0
201608,13,179,3,5,Liberty County                ,199,199,45796412,0,0,0,0,0,0,0,0,0,199,199,45796412,0,0,0,0,0,0,0,0,0
201608,13,189,3,5,McDuffie County               ,14,14,1887583,0,0,0,0,0,0,0,0,0,12,12,1534000,0,0,0,0,0,0,0,0,0
201608,13,199,3,5,Meriwether County             ,23,23,5077130,0,0,0,0,0,0,0,0,0,20,20,4405522,0,0,0,0,0,0,0,0,0
201608,13,201,3,5,Miller County                 ,1,1,250000,0,0,0,0,0,0,0,0,0,1,1,250000,0,0,0,0,0,0,0,0,0
201608,13,207,3,5,Monroe County                 ,73,73,16625782,0,0,0,0,0,0,0,0,0,73,73,16625782,0,0,0,0,0,0,0,0,0
201608,13,215,3,5,Muscogee County               ,224,224,39008088,0,0,0,2,7,317963,10,158,14260308,17,17,3225419,0,0,0,0,0,0,0,0,0
201608,13,217,3,5,Newton County                 ,224,224,50866785,0,0,0,0,0,0,1,6,700000,224,224,50866785,0,0,0,0,0,0,1,6,700000
201608,13,227,3,5,Pickens County                ,71,71,20227812,0,0,0,0,0,0,0,0,0,65,65,18783700,0,0,0,0,0,0,0,0,0
201608,13,231,3,5,Pike County                   ,52,52,8326147,0,0,0,0,0,0,0,0,0,51,51,8177600,0,0,0,0,0,0,0,0,0
201608,13,235,3,5,Pulaski County                ,6,6,592913,0,0,0,0,0,0,0,0,0,2,2,280000,0,0,0,0,0,0,0,0,0
201608,13,245,3,5,Richmond County               ,244,244,36721902,1,2,180000,0,0,0,13,280,18596881,204,204,29166101,0,0,0,0,0,0,12,256,17896236
201608,13,247,3,5,Rockdale County               ,118,118,27037825,0,0,0,0,0,0,0,0,0,118,118,27037825,0,0,0,0,0,0,0,0,0
201608,13,255,3,5,Spalding County               ,134,134,16143492,0,0,0,0,0,0,0,0,0,133,133,16039692,0,0,0,0,0,0,0,0,0
201608,13,275,3,5,Thomas County                 ,55,55,11223607,0,0,0,0,0,0,0,0,0,55,55,11223607,0,0,0,0,0,0,0,0,0
201608,13,291,3,5,Union County                  ,105,105,25619566,0,0,0,0,0,0,0,0,0,105,105,25619566,0,0,0,0,0,0,0,0,0
201608,15,001,4,9,Hawaii County                 ,505,505,212425062,7,14,13919000,0,0,0,10,170,36603556,505,505,212425062,7,14,13919000,0,0,0,10,170,36603556
201608,15,003,4,9,Honolulu County               ,581,581,225604957,0,0,0,0,0,0,16,637,162543569,581,581,225604957,0,0,0,0,0,0,16,637,162543569
201608,15,007,4,9,Kauai County                  ,133,133,75444893,0,0,0,4,16,18760000,0,0,0,111,111,61724291,0,0,0,4,16,18760000,0,0,0
201608,15,009,4,9,Maui County                   ,172,172,49506454,40,80,20246445,1,3,341040,7,70,20323800,172,172,49506454,40,80,20246445,1,3,341040,7,70,20323800
201608,16,001,4,8,Ada County                    ,2705,2705,673513530,8,16,2434448,24,95,6994454,28,667,78365828,2605,2605,649456215,7,14,2137244,19,76,5768815,25,633,75248522
201608,16,015,4,8,Boise County                  ,46,46,11414499,0,0,0,0,0,0,0,0,0,46,46,11414499,0,0,0,0,0,0,0,0,0
201608,16,027,4,8,Canyon County                 ,943,943,146199133,1,2,136995,30,120,7200000,10,256,17858303,850,850,131979712,1,2,136995,30,120,7200000,10,256,17858303
201608,16,045,4,8,Gem County                    ,41,41,5559031,0,0,0,0,0,0,0,0,0,40,40,5453697,0,0,0,0,0,0,0,0,0
201608,16,073,4,8,Owyhee County                 ,21,21,3571148,0,0,0,0,0,0,0,0,0,21,21,3571148,0,0,0,0,0,0,0,0,0
201608,17,005,2,3,Bond County                   ,9,9,1471331,0,0,0,0,0,0,0,0,0,0,0,0,0,0,0,0,0,0,0,0,0
201608,17,013,2,3,Calhoun County                ,6,6,744980,0,0,0,0,0,0,0,0,0,4,4,520000,0,0,0,0,0,0,0,0,0
201608,17,031,2,3,Cook County                   ,1182,1182,433140815,26,52,15236200,90,294,55654288,123,4990,669751651,1073,1073,396387710,26,52,15236200,90,294,55654288,117,4877,656982585
201608,17,037,2,3,DeKalb County                 ,48,48,10535232,0,0,0,1,4,676000,0,0,0,48,48,10535232,0,0,0,1,4,676000,0,0,0
201608,17,039,2,3,De Witt County                ,10,10,1793000,0,0,0,0,0,0,0,0,0,10,10,1793000,0,0,0,0,0,0,0,0,0
201608,17,043,2,3,DuPage County                 ,644,644,255366683,6,12,1672777,0,0,0,6,33,4881444,585,585,231979350,5,10,1350000,0,0,0,6,33,4881444
201608,17,063,2,3,Grundy County                 ,54,54,11824098,0,0,0,0,0,0,15,89,4564098,46,46,10539706,0,0,0,0,0,0,0,0,0
201608,17,083,2,3,Jersey County                 ,20,20,3164725,0,0,0,0,0,0,0,0,0,11,11,1764244,0,0,0,0,0,0,0,0,0
201608,17,093,2,3,Kendall County                ,137,137,25854483,0,0,0,8,31,2859500,0,0,0,129,129,24516867,0,0,0,7,28,2559500,0,0,0
201608,17,097,2,3,Lake County                   ,412,412,135288146,9,18,1210640,0,0,0,3,24,2625912,296,296,88798678,6,12,500000,0,0,0,3,24,2625912
201608,17,111,2,3,McHenry County                ,235,235,53479647,0,0,0,4,16,1280000,7,94,12800000,199,199,49689416,0,0,0,4,16,1280000,7,94,12800000
201608,17,119,2,3,Madison County                ,259,259,70607848,3,6,1031031,2,8,3323411,12,76,10241308,254,254,69722790,3,6,1031031,2,8,3323411,12,76,10241308
201608,17,133,2,3,Monroe County                 ,95,95,23060551,1,2,240324,0,0,0,0,0,0,89,89,21814527,0,0,0,0,0,0,0,0,0
201608,17,197,2,3,Will County                   ,784,784,213638330,5,10,1508000,0,0,0,20,501,62946000,705,705,199585431,5,10,1508000,0,0,0,19,496,62696000
201608,18,003,2,3,Allen County                  ,692,692,174679697,27,54,3867095,0,0,0,21,198,15215000,692,692,174679697,27,54,3867095,0,0,0,21,198,15215000
201608,18,011,2,3,Boone County                  ,298,298,89558234,4,8,765700,0,0,0,1,5,318452,295,295,89061999,4,8,765700,0,0,0,0,0,0
201608,18,013,2,3,Brown County                  ,29,29,7255905,0,0,0,0,0,0,0,0,0,27,27,6837531,0,0,0,0,0,0,0,0,0
201608,18,019,2,3,Clark County                  ,310,310,58907224,4,8,981871,0,0,0,0,0,0,287,287,55545124,4,8,981871,0,0,0,0,0,0
201608,18,047,2,3,Franklin County               ,27,27,5368392,0,0,0,0,0,0,0,0,0,22,22,4411508,0,0,0,0,0,0,0,0,0
201608,18,057,2,3,Hamilton County               ,1478,1478,516569016,17,34,4350934,15,53,6847150,23,230,22619415,1472,1472,514864588,17,34,4350934,15,53,6847150,23,230,22619415
201608,18,059,2,3,Hancock County                ,274,274,54890104,1,2,50000,0,0,0,5,76,5296525,268,268,53913896,1,2,50000,0,0,0,5,76,5296525
201608,18,061,2,3,Harrison County               ,102,102,20340396,0,0,0,0,0,0,0,0,0,102,102,20340396,0,0,0,0,0,0,0,0,0
201608,18,063,2,3,Hendricks County              ,606,606,142402241,3,6,600000,0,0,0,0,0,0,558,558,133279323,3,6,600000,0,0,0,0,0,0
201608,18,069,2,3,Huntington County             ,51,51,9954863,0,0,0,0,0,0,0,0,0,51,51,9954863,0,0,0,0,0,0,0,0,0
201608,18,073,2,3,Jasper County                 ,43,43,9528773,0,0,0,0,0,0,0,0,0,43,43,9528773,0,0,0,0,0,0,0,0,0
201608,18,081,2,3,Johnson County                ,458,458,109751379,10,20,3401300,0,0,0,0,0,0,437,437,107324430,10,20,3401300,0,0,0,0,0,0
201608,18,087,2,3,Lagrange County               ,100,100,17161149,0,0,0,0,0,0,0,0,0,81,81,14829000,0,0,0,0,0,0,0,0,0
201608,18,089,2,3,Lake County                   ,630,630,152678079,6,12,1483907,6,20,2205478,4,33,4927953,607,607,146865636,5,10,1366800,4,13,1385729,4,33,4927953
201608,18,097,2,3,Marion County                 ,644,644,156515659,33,66,9273654,0,0,0,19,533,77336582,565,565,138014069,31,62,8319180,0,0,0,14,433,39653970
201608,18,105,2,3,Monroe County                 ,167,167,41631520,13,26,3109158,0,0,0,3,36,3675196,126,126,31723530,13,26,3109158,0,0,0,1,8,967464
201608,18,109,2,3,Morgan County                 ,79,79,16657773,0,0,0,0,0,0,0,0,0,78,78,16479211,0,0,0,0,0,0,0,0,0
201608,18,111,2,3,Newton County                 ,10,10,2136015,0,0,0,0,0,0,0,0,0,10,10,2136015,0,0,0,0,0,0,0,0,0
201608,18,115,2,3,Ohio County                   ,8,8,1352000,0,0,0,0,0,0,0,0,0,8,8,1352000,0,0,0,0,0,0,0,0,0
201608,18,119,2,3,Owen County                   ,22,22,4086977,0,0,0,0,0,0,0,0,0,18,18,3579093,0,0,0,0,0,0,0,0,0
201608,18,127,2,3,Porter County                 ,259,259,74044937,4,8,880800,0,0,0,7,118,15577909,238,238,67808517,4,8,880800,0,0,0,7,118,15577909
201608,18,133,2,3,Putnam County                 ,34,34,8956303,3,6,435000,0,0,0,0,0,0,34,34,8956303,3,6,435000,0,0,0,0,0,0
201608,18,145,2,3,Shelby County                 ,45,45,9345796,4,8,896000,0,0,0,0,0,0,45,45,9345796,4,8,896000,0,0,0,0,0,0
201608,18,151,2,3,Steuben County                ,68,68,15095600,3,6,640000,0,0,0,0,0,0,68,68,15095600,3,6,640000,0,0,0,0,0,0
201608,18,157,2,3,Tippecanoe County             ,262,262,59670473,7,14,2520000,0,0,0,2,26,2050000,194,194,47309612,0,0,0,0,0,0,2,26,2050000
201608,18,163,2,3,Vanderburgh County            ,223,223,36250044,6,12,925000,0,0,0,5,80,1140000,223,223,36250044,6,12,925000,0,0,0,5,80,1140000
201608,18,167,2,3,Vigo County                   ,50,50,4004500,5,10,508286,1,4,212250,3,70,9919700,47,47,3532000,3,6,180000,0,0,0,1,60,8814700
201608,18,175,2,3,Washington County             ,20,20,3596000,0,0,0,0,0,0,0,0,0,18,18,3286000,0,0,0,0,0,0,0,0,0
201608,18,183,2,3,Whitley County                ,72,72,13420000,0,0,0,0,0,0,2,34,1475000,72,72,13420000,0,0,0,0,0,0,2,34,1475000
201608,19,049,2,4,Dallas County                 ,526,526,142175586,0,0,0,0,0,0,7,232,24908561,525,525,141905658,0,0,0,0,0,0,5,222,23987509
201608,19,085,2,4,Harrison County               ,19,19,3581824,0,0,0,2,6,1000000,0,0,0,15,15,3316459,0,0,0,0,0,0,0,0,0
201608,19,129,2,4,Mills County                  ,3,3,1090000,0,0,0,0,0,0,0,0,0,3,3,1090000,0,0,0,0,0,0,0,0,0
201608,19,153,2,4,Polk County                   ,1668,1668,418118663,9,18,2696393,0,0,0,30,1879,242201145,1637,1637,412312115,9,18,2696393,0,0,0,30,1879,242201145
201608,19,181,2,4,Warren County                 ,165,165,36987363,6,12,1734600,2,8,800000,1,116,10944453,162,162,36261452,6,12,1734600,2,8,800000,1,116,10944453
201608,20,091,2,4,Johnson County                ,1150,1150,381470575,6,12,1631854,5,17,2198654,32,990,137086493,850,850,277419329,6,12,1631854,1,4,363000,27,910,128249511
201608,20,103,2,4,Leavenworth County            ,152,152,31480067,0,0,0,4,16,1767000,1,42,2195558,152,152,31480067,0,0,0,4,16,1767000,1,42,2195558
201608,20,107,2,4,Linn County                   ,22,22,2129000,0,0,0,0,0,0,0,0,0,14,14,1031500,0,0,0,0,0,0,0,0,0
201608,20,121,2,4,Miami County                  ,61,61,13551918,0,0,0,0,0,0,0,0,0,29,29,4824476,0,0,0,0,0,0,0,0,0
201608,20,209,2,4,Wyandotte County              ,152,152,28770450,10,20,1745000,0,0,0,0,0,0,152,152,28770450,10,20,1745000,0,0,0,0,0,0
201608,21,005,3,6,Anderson County               ,53,53,11047743,0,0,0,0,0,0,0,0,0,53,53,11047743,0,0,0,0,0,0,0,0,0
201608,21,015,3,6,Boone County                  ,269,269,43270271,2,4,200000,0,0,0,5,70,4777195,269,269,43270271,2,4,200000,0,0,0,5,70,4777195
201608,21,017,3,6,Bourbon County                ,17,17,4588015,4,8,600000,0,0,0,0,0,0,17,17,4588015,4,8,600000,0,0,0,0,0,0
201608,21,021,3,6,Boyle County                  ,15,15,3987000,1,2,55000,1,3,450000,0,0,0,15,15,3987000,1,2,55000,1,3,450000,0,0,0
201608,21,029,3,6,Bullitt County                ,255,255,52682451,0,0,0,0,0,0,0,0,0,161,161,33199873,0,0,0,0,0,0,0,0,0
201608,21,035,3,6,Calloway County               ,19,19,3521910,10,20,1694000,3,10,434000,2,16,1245000,19,19,3521910,10,20,1694000,3,10,434000,2,16,1245000
201608,21,037,3,6,Campbell County               ,112,112,28722546,7,14,1150231,2,7,684000,8,237,22750445,112,112,28722546,7,14,1150231,2,7,684000,8,237,22750445
201608,21,045,3,6,Casey County                  ,0,0,0,0,0,0,0,0,0,0,0,0,0,0,0,0,0,0,0,0,0,0,0,0
201608,21,047,3,6,Christian County              ,41,41,3727390,7,14,941000,5,19,1055000,2,14,500000,27,27,2730590,7,14,941000,5,19,1055000,2,14,500000
201608,21,049,3,6,Clark County                  ,36,36,7685735,2,4,800000,0,0,0,0,0,0,31,31,6805000,0,0,0,0,0,0,0,0,0
201608,21,067,3,6,Fayette County                ,462,462,78605534,1,2,204889,2,8,1600000,10,489,42262104,345,345,60863704,0,0,0,2,8,1600000,6,384,36249118
201608,21,069,3,6,Fleming County                ,0,0,0,0,0,0,0,0,0,0,0,0,0,0,0,0,0,0,0,0,0,0,0,0
201608,21,077,3,6,Gallatin County               ,9,9,1952000,0,0,0,0,0,0,0,0,0,9,9,1952000,0,0,0,0,0,0,0,0,0
201608,21,081,3,6,Grant County                  ,23,23,4613581,0,0,0,0,0,0,2,10,627500,6,6,965000,0,0,0,0,0,0,0,0,0
201608,21,091,3,6,Hancock County                ,3,3,612585,0,0,0,0,0,0,0,0,0,3,3,612585,0,0,0,0,0,0,0,0,0
201608,21,099,3,6,Hart County                   ,32,32,3112000,0,0,0,0,0,0,8,40,4541904,0,0,0,0,0,0,0,0,0,0,0,0
201608,21,101,3,6,Henderson County              ,25,25,5654572,1,2,99000,2,8,425000,0,0,0,24,24,5481255,1,2,99000,2,8,425000,0,0,0
201608,21,103,3,6,Henry County                  ,24,24,4638500,0,0,0,0,0,0,0,0,0,24,24,4638500,0,0,0,0,0,0,0,0,0
201608,21,111,3,6,Jefferson County              ,726,726,153852461,3,6,627519,9,36,1368173,45,809,54487883,280,280,59202264,0,0,0,3,12,700000,23,418,22589260
201608,21,113,3,6,Jessamine County              ,118,118,33387730,0,0,0,2,8,1100000,0,0,0,118,118,33387730,0,0,0,2,8,1100000,0,0,0
201608,21,115,3,6,Johnson County                ,2,2,908569,0,0,0,0,0,0,0,0,0,2,2,908569,0,0,0,0,0,0,0,0,0
201608,21,117,3,6,Kenton County                 ,222,222,40243799,0,0,0,0,0,0,6,41,4783494,222,222,40243799,0,0,0,0,0,0,6,41,4783494
201608,21,121,3,6,Knox County                   ,0,0,0,0,0,0,0,0,0,0,0,0,0,0,0,0,0,0,0,0,0,0,0,0
201608,21,123,3,6,Larue County                  ,17,17,3858246,0,0,0,0,0,0,0,0,0,17,17,3858246,0,0,0,0,0,0,0,0,0
201608,21,137,3,6,Lincoln County                ,22,22,4438124,0,0,0,0,0,0,0,0,0,22,22,4438124,0,0,0,0,0,0,0,0,0
201608,21,145,3,6,McCracken County              ,139,139,24531591,0,0,0,0,0,0,3,30,3234108,139,139,24531591,0,0,0,0,0,0,3,30,3234108
201608,21,151,3,6,Madison County                ,123,123,11836649,10,20,912976,1,3,225000,13,96,3458576,44,44,4998000,4,8,235000,1,3,225000,5,56,2110000
201608,21,157,3,6,Marshall County               ,43,43,9579320,0,0,0,4,12,960000,1,8,830000,43,43,9579320,0,0,0,4,12,960000,1,8,830000
201608,21,161,3,6,Mason County                  ,19,19,3331000,0,0,0,0,0,0,0,0,0,19,19,3331000,0,0,0,0,0,0,0,0,0
201608,21,163,3,6,Meade County                  ,52,52,7207900,1,2,199000,0,0,0,0,0,0,52,52,7207900,1,2,199000,0,0,0,0,0,0
201608,21,167,3,6,Mercer County                 ,31,31,4345417,7,14,962500,0,0,0,0,0,0,0,0,0,0,0,0,0,0,0,0,0,0
201608,21,175,3,6,Morgan County                 ,13,13,975000,0,0,0,0,0,0,0,0,0,0,0,0,0,0,0,0,0,0,0,0,0
201608,21,179,3,6,Nelson County                 ,94,94,15736134,0,0,0,1,3,232000,0,0,0,94,94,15736134,0,0,0,1,3,232000,0,0,0
201608,21,185,3,6,Oldham County                 ,205,205,54877986,0,0,0,0,0,0,0,0,0,0,0,0,0,0,0,0,0,0,0,0,0
201608,21,191,3,6,Pendleton County              ,0,0,0,0,0,0,0,0,0,0,0,0,0,0,0,0,0,0,0,0,0,0,0,0
201608,21,209,3,6,Scott County                  ,354,354,47893033,1,2,125000,0,0,0,26,457,28967500,354,354,47893033,1,2,125000,0,0,0,26,457,28967500
201608,21,211,3,6,Shelby County                 ,140,140,31322702,0,0,0,0,0,0,7,168,7000000,140,140,31322702,0,0,0,0,0,0,7,168,7000000
201608,21,213,3,6,Simpson County                ,48,48,5749083,3,6,426000,0,0,0,0,0,0,42,42,4790709,0,0,0,0,0,0,0,0,0
201608,21,215,3,6,Spencer County                ,89,89,20211409,0,0,0,0,0,0,0,0,0,89,89,20211409,0,0,0,0,0,0,0,0,0
201608,21,221,3,6,Trigg County                  ,8,8,1818478,0,0,0,0,0,0,0,0,0,8,8,1818478,0,0,0,0,0,0,0,0,0
201608,21,225,3,6,Union County                  ,3,3,603557,1,2,142084,0,0,0,0,0,0,3,3,603557,1,2,142084,0,0,0,0,0,0
201608,21,239,3,6,Woodford County               ,44,44,9910950,0,0,0,0,0,0,0,0,0,44,44,9910950,0,0,0,0,0,0,0,0,0
201608,22,005,3,7,Ascension Parish              ,550,550,89996703,0,0,0,0,0,0,0,0,0,458,458,75295430,0,0,0,0,0,0,0,0,0
201608,22,015,3,7,Bossier Parish                ,414,414,74681916,0,0,0,0,0,0,6,82,3000000,384,384,69329385,0,0,0,0,0,0,6,82,3000000
201608,22,017,3,7,Caddo Parish                  ,186,186,50467509,0,0,0,0,0,0,1,7,534625,182,182,49660576,0,0,0,0,0,0,0,0,0
201608,22,031,3,7,De Soto Parish                ,59,59,14411723,0,0,0,0,0,0,10,120,8858759,53,53,13075099,0,0,0,0,0,0,10,120,8858759
201608,22,033,3,7,East Baton Rouge Parish       ,926,926,222979220,0,0,0,4,16,4166292,0,0,0,695,695,166308145,0,0,0,4,16,4166292,0,0,0
201608,22,037,3,7,East Feliciana Parish         ,26,26,5226548,0,0,0,0,0,0,0,0,0,17,17,3417150,0,0,0,0,0,0,0,0,0
201608,22,047,3,7,Iberville Parish              ,48,48,11214012,0,0,0,0,0,0,0,0,0,48,48,11214012,0,0,0,0,0,0,0,0,0
201608,22,051,3,7,Jefferson Parish              ,292,292,65290688,5,10,445781,3,10,469180,7,128,12875494,286,286,63647910,4,8,292800,3,10,469180,7,128,12875494
201608,22,055,3,7,Lafayette Parish              ,890,890,173325711,0,0,0,1,4,1000000,1,31,2264070,559,559,113886918,0,0,0,1,4,1000000,0,0,0
201608,22,063,3,7,Livingston Parish             ,570,570,124357571,2,4,440000,0,0,0,0,0,0,419,419,92775294,2,4,440000,0,0,0,0,0,0
201608,22,071,3,7,Orleans Parish                ,239,239,51864262,31,62,7606458,5,15,2450541,5,146,47762985,239,239,51864262,31,62,7606458,5,15,2450541,5,146,47762985
201608,22,075,3,7,Plaquemines Parish            ,30,30,9214101,1,2,280000,0,0,0,0,0,0,25,25,7751744,1,2,280000,0,0,0,0,0,0
201608,22,077,3,7,Pointe Coupee Parish          ,31,31,7558660,0,0,0,0,0,0,0,0,0,31,31,7558660,0,0,0,0,0,0,0,0,0
201608,22,087,3,7,St. Bernard Parish            ,59,59,8307181,0,0,0,0,0,0,0,0,0,29,29,3547977,0,0,0,0,0,0,0,0,0
201608,22,089,3,7,St. Charles Parish            ,80,80,15510699,1,2,213550,0,0,0,0,0,0,80,80,15510699,1,2,213550,0,0,0,0,0,0
201608,22,091,3,7,St. Helena Parish             ,0,0,0,0,0,0,0,0,0,0,0,0,0,0,0,0,0,0,0,0,0,0,0,0
201608,22,095,3,7,St. John the Baptist Parish   ,30,30,4915088,0,0,0,0,0,0,0,0,0,7,7,1143500,0,0,0,0,0,0,0,0,0
201608,22,099,3,7,St. Martin Parish             ,113,113,22213453,0,0,0,0,0,0,0,0,0,94,94,18521312,0,0,0,0,0,0,0,0,0
201608,22,103,3,7,St. Tammany Parish            ,1018,1018,231876361,2,4,500000,0,0,0,0,0,0,992,992,222061573,2,4,500000,0,0,0,0,0,0
201608,22,109,3,7,Terrebonne Parish             ,92,92,21658261,0,0,0,1,3,525000,0,0,0,92,92,21658261,0,0,0,1,3,525000,0,0,0
201608,22,121,3,7,West Baton Rouge Parish       ,176,176,26321350,0,0,0,0,0,0,0,0,0,158,158,24121462,0,0,0,0,0,0,0,0,0
201608,22,125,3,7,West Feliciana Parish         ,30,30,10805466,0,0,0,0,0,0,0,0,0,20,20,8150439,0,0,0,0,0,0,0,0,0
201608,23,000,1,1,Maine Unorganized Territory   ,54,54,7171214,0,0,0,0,0,0,0,0,0,0,0,0,0,0,0,0,0,0,0,0,0
201608,24,003,3,5,Anne Arundel County           ,1187,1187,227948387,28,56,6068390,0,0,0,5,266,52347801,1173,1173,225541210,28,56,6068390,0,0,0,4,261,51724618
201608,24,005,3,5,Baltimore County              ,541,541,119174353,16,32,2120000,0,0,0,3,159,23500000,541,541,119174353,16,32,2120000,0,0,0,3,159,23500000
201608,24,009,3,5,Calvert County                ,173,173,39217422,0,0,0,0,0,0,0,0,0,141,141,32011813,0,0,0,0,0,0,0,0,0
201608,24,013,3,5,Carroll County                ,166,166,38530599,0,0,0,0,0,0,0,0,0,166,166,38530599,0,0,0,0,0,0,0,0,0
201608,24,015,3,5,Cecil County                  ,60,60,13977517,0,0,0,0,0,0,0,0,0,60,60,13977517,0,0,0,0,0,0,0,0,0
201608,24,017,3,5,Charles County                ,562,562,115201500,0,0,0,0,0,0,3,72,5932425,562,562,115201500,0,0,0,0,0,0,3,72,5932425
201608,24,021,3,5,Frederick County              ,573,573,135826685,0,0,0,2,8,1006268,50,764,105364809,573,573,135826685,0,0,0,2,8,1006268,50,764,105364809
201608,24,023,3,5,Garrett County                ,29,29,11252749,0,0,0,0,0,0,0,0,0,29,29,11252749,0,0,0,0,0,0,0,0,0
201608,24,025,3,5,Harford County                ,413,413,88805041,4,8,630000,0,0,0,0,0,0,411,411,88575041,4,8,630000,0,0,0,0,0,0
201608,24,027,3,5,Howard County                 ,728,728,162108929,8,16,1400000,0,0,0,6,808,121330662,728,728,162108929,8,16,1400000,0,0,0,6,808,121330662
201608,24,031,3,5,Montgomery County             ,949,949,218337647,3,6,717000,0,0,0,10,745,101690147,949,949,218337647,3,6,717000,0,0,0,10,745,101690147
201608,24,033,3,5,Prince George County          ,1111,1111,252958276,0,0,0,0,0,0,8,353,32843539,1111,1111,252958276,0,0,0,0,0,0,8,353,32843539
201608,24,035,3,5,Queen Anne County             ,90,90,19394573,3,6,765000,0,0,0,2,51,2624000,89,89,19194573,2,4,600000,0,0,0,2,51,2624000
201608,24,037,3,5,St. Mary's County             ,438,438,88512337,0,0,0,1,4,898854,1,5,955000,438,438,88512337,0,0,0,1,4,898854,1,5,955000
201608,24,037,3,5,St. Marys County              ,438,438,88512337,0,0,0,1,4,898854,1,5,955000,438,438,88512337,0,0,0,1,4,898854,1,5,955000
201608,24,039,3,5,Somerset County               ,13,13,2639129,0,0,0,0,0,0,1,11,1358867,4,4,778800,0,0,0,0,0,0,0,0,0
201608,24,045,3,5,Wicomico County               ,46,46,7864832,3,6,1021612,2,7,1107560,2,10,1065510,44,44,7620802,3,6,1021612,2,7,1107560,2,10,1065510
201608,24,510,3,5,Baltimore (Independent City)  ,158,158,24832413,4,8,568000,0,0,0,16,320,48020138,96,96,16054600,2,4,150000,0,0,0,13,66,6500000
201608,25,005,1,1,Bristol County                ,499,499,104300611,2,4,192000,1,3,160000,21,522,46312890,439,439,93815902,2,4,192000,1,3,160000,21,522,46312890
201608,25,009,1,1,Essex County                  ,476,476,147491434,36,72,12611249,2,7,872900,9,128,20938785,329,329,102158187,31,62,11059960,2,7,872900,1,71,13750318
201608,25,017,1,1,Middlesex County              ,1096,1096,315826263,54,108,15723857,23,79,12120474,62,1575,244535240,839,839,242351096,37,74,10239310,21,73,10639525,32,1284,196697433
201608,25,021,1,1,Norfolk County                ,538,538,245219002,3,6,1097518,0,0,0,25,436,61754845,466,466,226369622,1,2,475000,0,0,0,5,310,50736000
201608,25,023,1,1,Plymouth County               ,681,681,159265109,5,10,1149040,6,23,2265063,17,91,10004489,526,526,123473902,5,10,1149040,0,0,0,3,18,2000000
201608,25,025,1,1,Suffolk County                ,36,36,8934447,43,86,16067064,22,72,17322788,50,1194,342182455,33,33,8449317,42,84,15846060,22,72,17322788,34,1064,324093822
201608,26,000,2,3,Michigan Balance of State     ,44,44,8156209,0,0,0,0,0,0,0,0,0,0,0,0,0,0,0,0,0,0,0,0,0
201608,26,019,2,3,Benzie County                 ,49,49,10700434,0,0,0,0,0,0,0,0,0,49,49,10700434,0,0,0,0,0,0,0,0,0
201608,26,029,2,3,Charlevoix County             ,21,21,6197677,5,10,3207447,0,0,0,0,0,0,0,0,0,0,0,0,0,0,0,0,0,0
201608,26,089,2,3,Leelanau County               ,83,83,24191092,0,0,0,0,0,0,0,0,0,66,66,20189015,0,0,0,0,0,0,0,0,0
201608,26,093,2,3,Livingston County             ,440,440,113053986,0,0,0,3,12,2366807,0,0,0,423,423,111318768,0,0,0,3,12,2366807,0,0,0
201608,26,095,2,3,Luce County                   ,6,6,1263845,0,0,0,0,0,0,0,0,0,6,6,1263845,0,0,0,0,0,0,0,0,0
201608,26,099,2,3,Macomb County                 ,1176,1176,274668281,21,42,6253320,3,12,1729975,8,71,11081420,1172,1172,273601081,21,42,6253320,3,12,1729975,8,71,11081420
201608,26,103,2,3,Marquette County              ,70,70,15003550,0,0,0,0,0,0,0,0,0,70,70,15003550,0,0,0,0,0,0,0,0,0
201608,26,137,2,3,Otsego County                 ,10,10,810000,0,0,0,0,0,0,0,0,0,0,0,0,0,0,0,0,0,0,0,0,0
201608,26,147,2,3,St. Clair County              ,148,148,32381608,0,0,0,0,0,0,0,0,0,136,136,30241472,0,0,0,0,0,0,0,0,0
201608,26,163,2,3,Wayne County                  ,728,728,209217334,31,62,3337000,10,33,4922081,22,443,38375093,705,705,203578848,31,62,3337000,10,33,4922081,22,443,38375093
201608,27,003,2,4,Anoka County                  ,620,620,169604475,5,10,1650000,0,0,0,2,144,19432538,585,585,160291445,5,10,1650000,0,0,0,2,144,19432538
201608,27,019,2,4,Carver County                 ,432,432,123885639,0,0,0,0,0,0,1,5,943444,410,410,116434336,0,0,0,0,0,0,1,5,943444
201608,27,025,2,4,Chisago County                ,132,132,21353583,0,0,0,0,0,0,0,0,0,102,102,17096729,0,0,0,0,0,0,0,0,0
201608,27,027,2,4,Clay County                   ,169,169,36667200,13,26,3850000,0,0,0,5,84,7030000,169,169,36667200,13,26,3850000,0,0,0,5,84,7030000
201608,27,037,2,4,Dakota County                 ,719,719,210727386,0,0,0,4,16,2694000,11,179,24520983,700,700,205120426,0,0,0,4,16,2694000,11,179,24520983
201608,27,053,2,4,Hennepin County               ,1044,1044,427133887,0,0,0,3,11,2730782,15,897,167252675,1005,1005,411921741,0,0,0,3,11,2730782,12,842,157627294
201608,27,059,2,4,Isanti County                 ,137,137,22785744,1,2,279007,0,0,0,0,0,0,137,137,22785744,1,2,279007,0,0,0,0,0,0
201608,27,123,2,4,Ramsey County                 ,175,175,52041607,1,2,300000,0,0,0,11,817,95622082,174,174,51691902,1,2,300000,0,0,0,11,817,95622082
201608,27,139,2,4,Scott County                  ,343,343,110561766,0,0,0,0,0,0,2,14,2312000,333,333,107101472,0,0,0,0,0,0,2,14,2312000
201608,27,141,2,4,Sherburne County              ,258,258,59785077,0,0,0,0,0,0,0,0,0,253,253,59143407,0,0,0,0,0,0,0,0,0
201608,27,163,2,4,Washington County             ,493,493,172406312,0,0,0,5,17,3115000,2,67,6620000,449,449,152600284,0,0,0,5,17,3115000,2,67,6620000
201608,27,171,2,4,Wright County                 ,436,436,117371227,2,4,140000,0,0,0,0,0,0,414,414,112878670,2,4,140000,0,0,0,0,0,0
201608,28,033,3,6,DeSoto County                 ,818,818,122297146,0,0,0,0,0,0,2,13,847500,645,645,86229618,0,0,0,0,0,0,2,13,847500
201608,28,041,3,6,Greene County                 ,0,0,0,0,0,0,0,0,0,0,0,0,0,0,0,0,0,0,0,0,0,0,0,0
201608,28,045,3,6,Hancock County                ,234,234,37619994,3,6,555537,6,21,2107587,7,72,6095715,52,52,10755063,0,0,0,0,0,0,0,0,0
201608,28,047,3,6,Harrison County               ,626,626,102942476,4,8,771714,2,8,470000,0,0,0,543,543,93417779,4,8,771714,2,8,470000,0,0,0
201608,28,067,3,6,Jones County                  ,17,17,2520496,1,2,100000,0,0,0,0,0,0,1,1,278650,1,2,100000,0,0,0,0,0,0
201608,28,137,3,6,Tate County                   ,58,58,9273147,0,0,0,0,0,0,1,8,801000,58,58,9273147,0,0,0,0,0,0,1,8,801000
201608,28,143,3,6,Tunica County                 ,16,16,1285120,0,0,0,0,0,0,0,0,0,0,0,0,0,0,0,0,0,0,0,0,0
201608,28,145,3,6,Union County                  ,11,11,1580000,0,0,0,0,0,0,0,0,0,11,11,1580000,0,0,0,0,0,0,0,0,0
201608,28,149,3,6,Warren County                 ,1,1,23000,0,0,0,0,0,0,0,0,0,1,1,23000,0,0,0,0,0,0,0,0,0
201608,29,013,2,4,Bates County                  ,1,1,80000,0,0,0,0,0,0,0,0,0,1,1,80000,0,0,0,0,0,0,0,0,0
201608,29,019,2,4,Boone County                  ,602,602,133865319,5,10,1105924,1,4,495000,9,358,59657284,602,602,133865319,5,10,1105924,1,4,495000,9,358,59657284
201608,29,049,2,4,Clinton County                ,29,29,5418420,0,0,0,0,0,0,0,0,0,25,25,4338000,0,0,0,0,0,0,0,0,0
201608,29,065,2,4,Dent County                   ,0,0,0,0,0,0,0,0,0,0,0,0,0,0,0,0,0,0,0,0,0,0,0,0
201608,29,071,2,4,Franklin County               ,259,259,46193149,0,0,0,1,4,397000,0,0,0,259,259,46193149,0,0,0,1,4,397000,0,0,0
201608,29,095,2,4,Jackson County                ,1224,1224,272768022,20,40,4211976,52,206,16745860,27,1285,127303350,1223,1223,272623833,20,40,4211976,52,206,16745860,27,1285,127303350
201608,29,099,2,4,Jefferson County              ,421,421,64254265,2,4,600000,1,3,467595,0,0,0,385,385,59608816,2,4,600000,1,3,467595,0,0,0
201608,29,105,2,4,Laclede County                ,8,8,2048117,0,0,0,0,0,0,0,0,0,5,5,1552000,0,0,0,0,0,0,0,0,0
201608,29,107,2,4,Lafayette County              ,24,24,6002328,0,0,0,0,0,0,0,0,0,7,7,2076991,0,0,0,0,0,0,0,0,0
201608,29,113,2,4,Lincoln County                ,72,72,11424105,1,2,90000,2,8,958101,0,0,0,70,70,10935493,1,2,90000,2,8,958101,0,0,0
201608,29,165,2,4,Platte County                 ,168,168,45347103,1,2,220000,5,15,1907173,5,52,3418518,166,166,45192669,1,2,220000,5,15,1907173,0,0,0
201608,29,185,2,4,St. Clair County              ,1,1,150000,0,0,0,0,0,0,0,0,0,1,1,150000,0,0,0,0,0,0,0,0,0
201608,29,189,2,4,St. Louis County              ,661,661,265257366,0,0,0,1,4,523600,12,369,58349395,448,448,176930294,0,0,0,1,4,523600,6,194,39374100
201608,29,219,2,4,Warren County                 ,117,117,27263675,0,0,0,0,0,0,0,0,0,116,116,27103283,0,0,0,0,0,0,0,0,0
201608,29,221,2,4,Washington County             ,1,1,160000,0,0,0,0,0,0,0,0,0,1,1,160000,0,0,0,0,0,0,0,0,0
201608,29,510,2,4,St. Louis (Independent City)  ,64,64,11644400,5,10,600000,0,0,0,6,921,81200000,64,64,11644400,5,10,600000,0,0,0,6,921,81200000
201608,30,033,4,8,Garfield County               ,0,0,0,0,0,0,0,0,0,0,0,0,0,0,0,0,0,0,0,0,0,0,0,0
201608,30,063,4,8,Missoula County               ,256,256,42879581,6,12,926488,3,11,322535,7,155,10816210,256,256,42879581,6,12,926488,3,11,322535,7,155,10816210
201608,30,093,4,8,Silver Bow County             ,33,33,3414925,0,0,0,1,4,172466,0,0,0,33,33,3414925,0,0,0,1,4,172466,0,0,0
201608,31,001,2,4,Adams County                  ,41,41,10055379,0,0,0,0,0,0,0,0,0,41,41,10055379,0,0,0,0,0,0,0,0,0
201608,31,025,2,4,Cass County                   ,58,58,10114841,1,2,142475,0,0,0,0,0,0,58,58,10114841,1,2,142475,0,0,0,0,0,0
201608,31,033,2,4,Cheyenne County               ,7,7,1316323,0,0,0,0,0,0,0,0,0,7,7,1316323,0,0,0,0,0,0,0,0,0
201608,31,055,2,4,Douglas County                ,1107,1107,174684186,18,36,3320640,1,3,257535,16,846,52163049,1096,1096,172073456,18,36,3320640,1,3,257535,16,846,52163049
201608,31,105,2,4,Kimball County                ,0,0,0,0,0,0,0,0,0,0,0,0,0,0,0,0,0,0,0,0,0,0,0,0
201608,31,153,2,4,Sarpy County                  ,669,669,177589382,2,4,366023,0,0,0,1,24,382969,669,669,177589382,2,4,366023,0,0,0,1,24,382969
201608,31,165,2,4,Sioux County                  ,1,1,65000,0,0,0,0,0,0,0,0,0,1,1,65000,0,0,0,0,0,0,0,0,0
201608,31,177,2,4,Washington County             ,34,34,9559623,0,0,0,0,0,0,0,0,0,34,34,9559623,0,0,0,0,0,0,0,0,0
201608,32,001,4,8,Churchill County              ,19,19,4227498,0,0,0,0,0,0,0,0,0,19,19,4227498,0,0,0,0,0,0,0,0,0
201608,32,003,4,8,Clark County                  ,6233,6233,1192168509,9,18,1524949,9,27,1834350,142,3323,220691347,6233,6233,1192168509,9,18,1524949,9,27,1834350,142,3323,220691347
201608,32,005,4,8,Douglas County                ,111,111,44131970,0,0,0,0,0,0,0,0,0,111,111,44131970,0,0,0,0,0,0,0,0,0
201608,32,007,4,8,Elko County                   ,127,127,18736979,1,2,298736,0,0,0,0,0,0,127,127,18736979,1,2,298736,0,0,0,0,0,0
201608,32,013,4,8,Humboldt County               ,9,9,1444392,0,0,0,0,0,0,0,0,0,9,9,1444392,0,0,0,0,0,0,0,0,0
201608,32,015,4,8,Lander County                 ,0,0,0,0,0,0,0,0,0,0,0,0,0,0,0,0,0,0,0,0,0,0,0,0
201608,32,017,4,8,Lincoln County                ,8,8,2178138,0,0,0,0,0,0,0,0,0,7,7,1914724,0,0,0,0,0,0,0,0,0
201608,32,019,4,8,Lyon County                   ,145,145,31977358,0,0,0,0,0,0,0,0,0,145,145,31977358,0,0,0,0,0,0,0,0,0
201608,32,021,4,8,Mineral County                ,0,0,0,0,0,0,0,0,0,0,0,0,0,0,0,0,0,0,0,0,0,0,0,0
201608,32,027,4,8,Pershing County               ,0,0,0,0,0,0,0,0,0,0,0,0,0,0,0,0,0,0,0,0,0,0,0,0
201608,32,029,4,8,Storey County                 ,8,8,1069836,0,0,0,0,0,0,0,0,0,7,7,894446,0,0,0,0,0,0,0,0,0
201608,32,031,4,8,Washoe County                 ,1232,1232,312013493,36,72,10639520,14,44,6245076,78,910,99396196,1232,1232,312013493,36,72,10639520,14,44,6245076,78,910,99396196
201608,32,033,4,8,White Pine County             ,5,5,1630454,0,0,0,0,0,0,0,0,0,2,2,833575,0,0,0,0,0,0,0,0,0
201608,32,510,4,8,Carson City (Independent City),42,42,12941039,0,0,0,0,0,0,9,72,8108171,42,42,12941039,0,0,0,0,0,0,9,72,8108171
201608,33,015,1,1,Rockingham County             ,473,473,119565299,18,36,4465500,6,22,2384100,9,132,8768088,398,398,101381458,18,36,4465500,5,19,1902600,7,122,7708000
201608,33,017,1,1,Strafford County              ,148,148,29211632,1,2,348000,4,14,769671,5,42,5238571,126,126,24546925,1,2,348000,2,8,144000,3,24,1805847
201608,34,001,1,2,Atlantic County               ,246,246,53705732,2,4,685712,1,4,699653,24,629,43559713,191,191,46248743,1,2,396000,1,4,699653,17,571,35059344
201608,34,003,1,2,Bergen County                 ,690,690,235414233,68,136,22634727,5,15,1995149,55,1441,267805846,420,420,146107860,39,78,13920973,4,12,1994999,11,1161,249916681
201608,34,005,1,2,Burlington County             ,386,386,64559690,5,10,1092226,0,0,0,2,10,989963,254,254,41624429,4,8,935400,0,0,0,0,0,0
201608,34,007,1,2,Camden County                 ,158,158,41560118,13,26,82933,0,0,0,33,215,10431493,78,78,30933051,13,26,82933,0,0,0,18,117,4776528
201608,34,009,1,2,Cape May County               ,260,260,88209159,38,76,14609667,6,21,120000,2,10,100000,236,236,79754081,38,76,14609667,6,21,120000,2,10,100000
201608,34,011,1,2,Cumberland County             ,95,95,9699856,0,0,0,0,0,0,3,15,1998540,24,24,1997300,0,0,0,0,0,0,0,0,0
201608,34,013,1,2,Essex County                  ,238,238,48833666,23,46,4350600,17,51,3021533,50,1309,120226974,84,84,33476914,23,46,4350600,12,36,912653,16,856,90383585
201608,34,015,1,2,Gloucester County             ,357,357,45638211,1,2,4798,1,4,408200,12,140,8268282,257,257,35280663,1,2,4798,1,4,408200,11,128,7634844
201608,34,017,1,2,Hudson County                 ,187,187,56972592,36,72,11346630,14,47,5376985,39,2335,444396719,167,167,53937830,34,68,10784501,10,35,3992200,26,2119,422780063
201608,34,019,1,2,Hunterdon County              ,75,75,20862548,2,4,466400,0,0,152000,22,159,9538490,47,47,15404851,0,0,0,0,0,152000,8,84,5888500
201608,34,021,1,2,Mercer County                 ,132,132,35420254,16,32,1223700,14,50,4409036,17,280,20303336,104,104,28777671,16,32,1223700,14,50,4409036,15,270,19537150
201608,34,023,1,2,Middlesex County              ,653,653,107220043,10,20,986874,4,13,5993027,37,760,70457010,576,576,97551256,9,18,774424,2,7,4726000,13,398,21593626
201608,34,025,1,2,Monmouth County               ,616,616,163396629,19,38,3193645,3,10,999500,13,254,18784277,493,493,135365927,14,28,2365259,3,10,999500,7,224,16711750
201608,34,027,1,2,Morris County                 ,394,394,104282787,0,0,0,0,0,0,46,891,97253743,212,212,62683272,0,0,0,0,0,0,10,593,82500836
201608,34,029,1,2,Ocean County                  ,1261,1261,242580270,6,12,1610000,0,0,0,32,654,42112500,1225,1225,235451024,6,12,1610000,0,0,0,32,654,42112500
201608,34,031,1,2,Passaic County                ,97,97,16793846,5,10,900446,1,3,64500,14,194,24141514,56,56,8893101,4,8,739700,0,0,0,6,149,20544021
201608,34,033,1,2,Salem County                  ,30,30,4963077,0,0,0,0,0,0,0,0,0,19,19,3664718,0,0,0,0,0,0,0,0,0
201608,34,035,1,2,Somerset County               ,258,258,58009224,1,2,166500,0,0,0,31,466,39155983,207,207,52386623,0,0,0,0,0,0,13,304,29529000
201608,34,037,1,2,Sussex County                 ,77,77,18946063,1,2,188850,0,0,0,1,5,551250,18,18,5355926,1,2,188850,0,0,0,0,0,0
201608,34,039,1,2,Union County                  ,253,253,57991163,46,92,8584173,1,3,195060,55,799,45837018,152,152,41918548,40,80,7508288,0,0,0,28,540,30445565
201608,34,041,1,2,Warren County                 ,75,75,11841883,0,0,0,0,0,0,12,143,6259007,28,28,4200263,0,0,0,0,0,0,5,108,4754112
201608,35,000,4,8,New Mexico Balance of State   ,228,228,61390593,0,0,0,0,0,0,0,0,0,0,0,0,0,0,0,0,0,0,0,0,0
201608,35,001,4,8,Bernalillo County             ,686,686,153043900,1,2,262100,0,0,0,20,323,32849129,686,686,153043900,1,2,262100,0,0,0,20,323,32849129
201608,35,005,4,8,Chaves County                 ,55,55,9458777,0,0,0,0,0,0,9,144,9800000,55,55,9458777,0,0,0,0,0,0,9,144,9800000
201608,35,007,4,8,Colfax County                 ,8,8,2911792,0,0,0,0,0,0,0,0,0,0,0,0,0,0,0,0,0,0,0,0,0
201608,35,009,4,8,Curry County                  ,23,23,5681897,0,0,0,0,0,0,4,64,5900000,23,23,5681897,0,0,0,0,0,0,4,64,5900000
201608,35,013,4,8,Dona Ana County               ,515,515,103326163,0,0,0,0,0,0,1,5,363636,482,482,96579128,0,0,0,0,0,0,0,0,0
201608,35,015,4,8,Eddy County                   ,74,74,16061385,0,0,0,0,0,0,0,0,0,74,74,16061385,0,0,0,0,0,0,0,0,0
201608,35,017,4,8,Grant County                  ,3,3,380000,0,0,0,0,0,0,0,0,0,3,3,380000,0,0,0,0,0,0,0,0,0
201608,35,025,4,8,Lea County                    ,127,127,25195786,0,0,0,0,0,0,7,86,15006172,108,108,21187300,0,0,0,0,0,0,6,65,14563026
201608,35,027,4,8,Lincoln County                ,49,49,12189403,0,0,0,0,0,0,0,0,0,1,1,32500,0,0,0,0,0,0,0,0,0
201608,35,028,4,8,Los Alamos County             ,1,1,300000,0,0,0,0,0,0,0,0,0,1,1,300000,0,0,0,0,0,0,0,0,0
201608,35,029,4,8,Luna County                   ,1,1,190000,0,0,0,0,0,0,0,0,0,1,1,190000,0,0,0,0,0,0,0,0,0
201608,35,031,4,8,McKinley County               ,6,6,1277000,0,0,0,0,0,0,0,0,0,6,6,1277000,0,0,0,0,0,0,0,0,0
201608,35,035,4,8,Otero County                  ,3,3,793043,0,0,0,0,0,0,0,0,0,3,3,793043,0,0,0,0,0,0,0,0,0
201608,35,041,4,8,Roosevelt County              ,16,16,2446500,0,0,0,0,0,0,0,0,0,16,16,2446500,0,0,0,0,0,0,0,0,0
201608,35,043,4,8,Sandoval County               ,559,559,113515991,1,2,283271,4,16,1341652,7,35,1458331,197,197,41804988,0,0,0,0,0,0,0,0,0
201608,35,045,4,8,San Juan County               ,77,77,16952448,0,0,0,0,0,0,0,0,0,77,77,16952448,0,0,0,0,0,0,0,0,0
201608,35,047,4,8,San Miguel County             ,1,1,140000,0,0,0,0,0,0,0,0,0,1,1,140000,0,0,0,0,0,0,0,0,0
201608,35,049,4,8,Santa Fe County               ,79,79,19999635,0,0,0,0,0,0,0,0,0,45,45,11769449,0,0,0,0,0,0,0,0,0
201608,35,051,4,8,Sierra County                 ,1,1,347000,0,0,0,0,0,0,0,0,0,1,1,347000,0,0,0,0,0,0,0,0,0
201608,35,053,4,8,Socorro County                ,1,1,164000,0,0,0,0,0,0,0,0,0,1,1,164000,0,0,0,0,0,0,0,0,0
201608,35,055,4,8,Taos County                   ,53,53,5949343,0,0,0,0,0,0,0,0,0,1,1,247242,0,0,0,0,0,0,0,0,0
201608,35,061,4,8,Valencia County               ,66,66,7155192,0,0,0,0,0,0,0,0,0,0,0,0,0,0,0,0,0,0,0,0,0
201608,36,001,1,2,Albany County                 ,254,254,59309745,1,2,210403,8,32,2185000,11,229,26069409,233,233,55319180,0,0,0,8,32,2185000,6,182,18359030
201608,36,005,1,2,Bronx County                  ,2,2,514402,21,42,5508971,17,60,7074983,37,2363,310817738,2,2,514402,21,42,5508971,17,60,7074983,37,2363,310817738
201608,36,029,1,2,Erie County                   ,490,490,133054206,5,10,1419690,3,10,966911,33,588,92995134,433,433,120328675,4,8,1259690,3,10,966911,32,583,92259005
201608,36,047,1,2,Kings County                  ,93,93,24288602,46,92,12137812,49,161,19996611,119,2314,308218650,93,93,24288602,46,92,12137812,49,161,19996611,119,2314,308218650
201608,36,051,1,2,Livingston County             ,38,38,7433640,1,2,113750,0,0,0,0,0,0,18,18,3493500,0,0,0,0,0,0,0,0,0
201608,36,055,1,2,Monroe County                 ,496,496,100562002,3,6,883000,9,35,3386700,18,328,26491248,478,478,96113852,2,4,518000,9,35,3386700,18,328,26491248
201608,36,059,1,2,Nassau County                 ,372,372,179565362,1,2,270000,2,8,4507200,10,118,22948808,278,278,146743193,1,2,270000,2,8,4507200,4,77,16735710
201608,36,061,1,2,New York County               ,2,2,523511,0,0,0,1,3,387864,36,1587,211186770,2,2,523511,0,0,0,1,3,387864,36,1587,211186770
201608,36,063,1,2,Niagara County                ,114,114,26609551,2,4,205000,0,0,0,1,8,1050000,111,111,26032445,1,2,135000,0,0,0,1,8,1050000
201608,36,069,1,2,Ontario County                ,212,212,62443740,1,2,180000,0,0,0,1,5,582645,174,174,53074945,1,2,180000,0,0,0,0,0,0
201608,36,073,1,2,Orleans County                ,19,19,3035723,0,0,0,0,0,0,0,0,0,15,15,2452401,0,0,0,0,0,0,0,0,0
201608,36,079,1,2,Putnam County                 ,23,23,6363413,0,0,0,2,6,1340898,0,0,0,14,14,4378405,0,0,0,0,0,0,0,0,0
201608,36,081,1,2,Queens County                 ,118,118,30659402,134,268,35400399,24,72,8606945,31,1108,147279948,118,118,30659402,134,268,35400399,24,72,8606945,31,1108,147279948
201608,36,083,1,2,Rensselaer County             ,75,75,17145141,2,4,650000,2,8,719420,9,80,3727529,33,33,9362150,1,2,100000,2,8,719420,3,47,2152530
201608,36,085,1,2,Richmond County               ,147,147,38345966,150,300,39445434,0,0,0,3,283,38184341,147,147,38345966,150,300,39445434,0,0,0,3,283,38184341
201608,36,087,1,2,Rockland County               ,74,74,21546114,14,28,3802978,13,45,5360137,11,58,6634249,52,52,16550550,3,6,700000,2,7,1120000,0,0,0
201608,36,091,1,2,Saratoga County               ,448,448,129003587,24,48,6910750,19,65,6092248,19,167,23149864,372,372,111281964,24,48,6910750,18,62,5805309,8,107,17466428
201608,36,093,1,2,Schenectady County            ,50,50,7957669,0,0,0,6,24,2340000,2,255,23813333,47,47,7348892,0,0,0,6,24,2340000,2,255,23813333
201608,36,095,1,2,Schoharie County              ,19,19,3858197,0,0,0,0,0,0,0,0,0,15,15,3100996,0,0,0,0,0,0,0,0,0
201608,36,099,1,2,Seneca County                 ,19,19,3809880,0,0,0,0,0,0,0,0,0,19,19,3809880,0,0,0,0,0,0,0,0,0
201608,36,117,1,2,Wayne County                  ,62,62,12474728,1,2,125000,0,0,0,0,0,0,54,54,11148176,1,2,125000,0,0,0,0,0,0
201608,36,119,1,2,Westchester County            ,177,177,92660934,8,16,1687148,1,3,1250000,14,931,138450349,141,141,77133018,3,6,800000,1,3,1250000,14,931,138450349
201608,37,007,3,5,Anson County                  ,28,28,4166490,0,0,0,0,0,0,0,0,0,2,2,270000,0,0,0,0,0,0,0,0,0
201608,37,011,3,5,Avery County                  ,53,53,23350802,0,0,0,0,0,0,0,0,0,48,48,20998522,0,0,0,0,0,0,0,0,0
201608,37,015,3,5,Bertie County                 ,18,18,3360992,0,0,0,0,0,0,0,0,0,16,16,2944075,0,0,0,0,0,0,0,0,0
201608,37,025,3,5,Cabarrus County               ,987,987,148783257,1,2,90000,0,0,0,5,64,3425367,987,987,148783257,1,2,90000,0,0,0,5,64,3425367
201608,37,033,3,5,Caswell County                ,28,28,6411363,0,0,0,0,0,0,0,0,0,28,28,6411363,0,0,0,0,0,0,0,0,0
201608,37,037,3,5,Chatham County                ,489,489,142125608,0,0,0,0,0,0,0,0,0,489,489,142125608,0,0,0,0,0,0,0,0,0
201608,37,051,3,5,Cumberland County             ,395,395,69881397,0,0,0,0,0,0,7,88,8622462,395,395,69881397,0,0,0,0,0,0,7,88,8622462
201608,37,053,3,5,Currituck County              ,178,178,53277808,0,0,0,0,0,0,0,0,0,178,178,53277808,0,0,0,0,0,0,0,0,0
201608,37,059,3,5,Davie County                  ,81,81,17031831,0,0,0,0,0,0,1,5,219819,63,63,12956687,0,0,0,0,0,0,0,0,0
201608,37,063,3,5,Durham County                 ,1239,1239,244556609,8,16,1401644,0,0,0,30,902,87106235,1239,1239,244556609,8,16,1401644,0,0,0,30,902,87106235
201608,37,069,3,5,Franklin County               ,317,317,51945759,0,0,0,0,0,0,0,0,0,317,317,51945759,0,0,0,0,0,0,0,0,0
201608,37,071,3,5,Gaston County                 ,711,711,198888259,4,8,1136908,0,0,0,1,60,7019011,711,711,198888259,4,8,1136908,0,0,0,1,60,7019011
201608,37,081,3,5,Guilford County               ,919,919,245431346,0,0,0,0,0,0,38,744,97100399,719,719,199792648,0,0,0,0,0,0,29,600,82652058
201608,37,089,3,5,Henderson County              ,317,317,65699348,0,0,0,0,0,0,5,80,5136326,317,317,65699348,0,0,0,0,0,0,5,80,5136326
201608,37,093,3,5,Hoke County                   ,135,135,30659992,0,0,0,0,0,0,2,24,2273741,135,135,30659992,0,0,0,0,0,0,2,24,2273741
201608,37,097,3,5,Iredell County                ,782,782,221905193,0,0,0,0,0,0,8,219,21588644,782,782,221905193,0,0,0,0,0,0,8,219,21588644
201608,37,101,3,5,Johnston County               ,1373,1373,230392533,0,0,0,1,4,220000,1,5,275000,1357,1357,228007605,0,0,0,1,4,220000,1,5,275000
201608,37,105,3,5,Lee County                    ,56,56,12330928,0,0,0,0,0,0,0,0,0,56,56,12330928,0,0,0,0,0,0,0,0,0
201608,37,119,3,5,Mecklenburg County            ,3371,3371,765842256,7,14,1558533,1,3,395000,45,2898,251383003,3371,3371,765842256,7,14,1558533,1,3,395000,45,2898,251383003
201608,37,133,3,5,Onslow County                 ,528,528,72094943,0,0,0,0,0,0,1,6,472320,528,528,72094943,0,0,0,0,0,0,1,6,472320
201608,37,135,3,5,Orange County                 ,285,285,84928580,4,8,723195,2,8,1083393,1,16,2746918,276,276,81586580,1,2,170000,2,8,1083393,0,0,0
201608,37,145,3,5,Person County                 ,40,40,9495895,0,0,0,0,0,0,1,5,220000,40,40,9495895,0,0,0,0,0,0,1,5,220000
201608,37,151,3,5,Randolph County               ,193,193,40468486,0,0,0,0,0,0,0,0,0,193,193,40468486,0,0,0,0,0,0,0,0,0
201608,37,157,3,5,Rockingham County             ,102,102,25788521,0,0,0,0,0,0,2,10,1023834,102,102,25788521,0,0,0,0,0,0,0,0,0
201608,37,179,3,5,Union County                  ,1176,1176,262116537,0,0,0,0,0,0,1,6,420000,1176,1176,262116537,0,0,0,0,0,0,1,6,420000
201608,37,181,3,5,Vance County                  ,23,23,4242624,0,0,0,0,0,0,0,0,0,23,23,4242624,0,0,0,0,0,0,0,0,0
201608,37,183,3,5,Wake County                   ,4855,4855,1111960333,4,8,1164642,3,11,958333,54,2624,260938672,4789,4789,1098671043,4,8,1164642,3,11,958333,54,2624,260938672
201608,37,195,3,5,Wilson County                 ,77,77,18853502,0,0,0,0,0,0,0,0,0,77,77,18853502,0,0,0,0,0,0,0,0,0
201608,39,007,2,3,Ashtabula County              ,49,49,9000129,7,14,1128800,0,0,0,0,0,0,0,0,0,0,0,0,0,0,0,0,0,0
201608,39,015,2,3,Brown County                  ,47,47,7488496,0,0,0,0,0,0,0,0,0,0,0,0,0,0,0,0,0,0,0,0,0
201608,39,017,2,3,Butler County                 ,472,472,105120236,4,8,1050000,2,6,450000,14,312,34350150,472,472,105120236,4,8,1050000,2,6,450000,14,312,34350150
201608,39,025,2,3,Clermont County               ,225,225,50718934,3,6,382000,5,15,793000,16,99,4609000,225,225,50718934,3,6,382000,5,15,793000,16,99,4609000
201608,39,041,2,3,Delaware County               ,812,812,201494443,1,2,245468,3,12,1645060,8,99,7525940,812,812,201494443,1,2,245468,3,12,1645060,8,99,7525940
201608,39,049,2,3,Franklin County               ,1154,1154,334339648,13,26,3077573,58,213,25361715,94,2272,256504035,1127,1127,328054148,12,24,2777573,57,210,25134572,92,2236,253832415
201608,39,055,2,3,Geauga County                 ,89,89,27956088,0,0,0,0,0,0,1,6,500000,89,89,27956088,0,0,0,0,0,0,1,6,500000
201608,39,085,2,3,Lake County                   ,282,282,59441073,0,0,0,0,0,0,0,0,0,264,264,56361787,0,0,0,0,0,0,0,0,0
201608,39,089,2,3,Licking County                ,214,214,53052821,0,0,0,0,0,0,0,0,0,132,132,32304833,0,0,0,0,0,0,0,0,0
201608,39,093,2,3,Lorain County                 ,517,517,121627051,1,2,249600,6,24,3023333,8,86,4679090,396,396,102705694,1,2,249600,5,20,2800000,6,76,4240000
201608,39,097,2,3,Madison County                ,19,19,4070260,0,0,0,0,0,0,0,0,0,13,13,3085260,0,0,0,0,0,0,0,0,0
201608,39,103,2,3,Medina County                 ,453,453,103447286,0,0,0,0,0,0,0,0,0,453,453,103447286,0,0,0,0,0,0,0,0,0
201608,39,117,2,3,Morrow County                 ,30,30,6073149,0,0,0,0,0,0,0,0,0,21,21,4272741,0,0,0,0,0,0,0,0,0
201608,39,159,2,3,Union County                  ,281,281,70720488,0,0,0,0,0,0,0,0,0,281,281,70720488,0,0,0,0,0,0,0,0,0
201608,39,165,2,3,Warren County                 ,704,704,187593270,3,6,812176,8,29,6668283,8,140,17381625,693,693,185784631,3,6,812176,8,29,6668283,8,140,17381625
201608,40,001,3,7,Adair County                  ,9,9,1733789,0,0,0,0,0,0,0,0,0,0,0,0,0,0,0,0,0,0,0,0,0
201608,40,017,3,7,Canadian County               ,132,132,33589954,4,8,880000,0,0,0,0,0,0,83,83,19439857,0,0,0,0,0,0,0,0,0
201608,40,021,3,7,Cherokee County               ,33,33,4330862,2,4,260000,0,0,0,4,20,976192,0,0,0,0,0,0,0,0,0,0,0,0
201608,40,027,3,7,Cleveland County              ,444,444,95907427,24,48,5578763,3,11,1592000,51,1219,93180605,443,443,95737430,16,32,4498763,3,11,1592000,51,1219,93180605
201608,40,029,3,7,Coal County                   ,0,0,0,0,0,0,0,0,0,0,0,0,0,0,0,0,0,0,0,0,0,0,0,0
201608,40,037,3,7,Creek County                  ,52,52,9797365,2,4,420000,0,0,0,0,0,0,52,52,9797365,2,4,420000,0,0,0,0,0,0
201608,40,051,3,7,Grady County                  ,78,78,14519142,1,2,325000,0,0,0,0,0,0,16,16,1610300,1,2,325000,0,0,0,0,0,0
201608,40,055,3,7,Greer County                  ,0,0,0,0,0,0,0,0,0,0,0,0,0,0,0,0,0,0,0,0,0,0,0,0
201608,40,081,3,7,Lincoln County                ,2,2,231375,0,0,0,0,0,0,0,0,0,2,2,231375,0,0,0,0,0,0,0,0,0
201608,40,083,3,7,Logan County                  ,19,19,2889000,2,4,225000,0,0,0,0,0,0,19,19,2889000,2,4,225000,0,0,0,0,0,0
201608,40,087,3,7,McClain County                ,194,194,38119607,0,0,0,0,0,0,0,0,0,127,127,26672231,0,0,0,0,0,0,0,0,0
201608,40,109,3,7,Oklahoma County               ,2667,2667,599526698,23,46,4687374,6,24,1290000,14,209,14756681,2303,2303,528643198,21,42,4221896,6,24,1290000,11,128,8373232
201608,40,111,3,7,Okmulgee County               ,2,2,1380000,0,0,0,0,0,0,0,0,0,2,2,1380000,0,0,0,0,0,0,0,0,0
201608,40,113,3,7,Osage County                  ,64,64,11619127,1,2,138000,0,0,0,3,24,1356522,64,64,11619127,1,2,138000,0,0,0,3,24,1356522
201608,40,117,3,7,Pawnee County                 ,3,3,520000,0,0,0,1,4,500000,0,0,0,3,3,520000,0,0,0,1,4,500000,0,0,0
201608,40,131,3,7,Rogers County                 ,331,331,53060689,20,40,2573535,0,0,0,0,0,0,323,323,52307357,20,40,2573535,0,0,0,0,0,0
201608,40,143,3,7,Tulsa County                  ,1406,1406,324858196,17,34,2464142,9,36,3019593,24,564,23183661,1317,1317,306161007,17,34,2464142,9,36,3019593,24,564,23183661
201608,40,145,3,7,Wagoner County                ,237,237,38445450,0,0,0,0,0,0,0,0,0,237,237,38445450,0,0,0,0,0,0,0,0,0
201608,41,000,4,9,Oregon Balance of State       ,97,97,14451937,0,0,0,0,0,0,0,0,0,0,0,0,0,0,0,0,0,0,0,0,0
201608,41,005,4,9,Clackamas County              ,1049,1049,287890081,5,10,1664293,3,12,1330859,28,577,72851082,1039,1039,283094054,5,10,1664293,3,12,1330859,28,577,72851082
201608,41,019,4,9,Douglas County                ,146,146,36055825,2,4,568082,0,0,0,0,0,0,146,146,36055825,2,4,568082,0,0,0,0,0,0
201608,41,025,4,9,Harney County                 ,6,6,981651,0,0,0,0,0,0,0,0,0,4,4,577465,0,0,0,0,0,0,0,0,0
201608,41,035,4,9,Klamath County                ,59,59,14522419,5,10,725317,0,0,0,0,0,0,59,59,14522419,5,10,725317,0,0,0,0,0,0
201608,41,051,4,9,Multnomah County              ,772,772,210375962,71,142,25113404,4,16,2647072,47,2634,335983606,772,772,210375962,71,142,25113404,4,16,2647072,47,2634,335983606
201608,41,067,4,9,Washington County             ,1333,1333,419934808,10,20,3346344,11,36,6608321,49,1075,142443018,1308,1308,412332084,9,18,3063086,11,36,6608321,46,1056,140037817
201608,41,071,4,9,Yamhill County                ,246,246,67522857,2,4,474932,0,0,0,5,57,5418308,246,246,67522857,2,4,474932,0,0,0,5,57,5418308
201608,42,001,1,2,Adams County                  ,241,241,58634143,0,0,0,0,0,0,0,0,0,241,241,58634143,0,0,0,0,0,0,0,0,0
201608,42,017,1,2,Bucks County                  ,614,614,131287477,1,2,800000,11,41,5079000,6,99,5808310,480,480,103394823,1,2,800000,9,34,3952000,6,99,5808310
201608,42,029,1,2,Chester County                ,706,706,152655647,1,2,595580,5,18,1903813,3,84,13048451,616,616,132218043,1,2,595580,3,12,1278662,3,84,13048451
201608,42,037,1,2,Columbia County               ,44,44,9496257,1,2,237000,1,3,387224,0,0,0,25,25,5474355,1,2,237000,1,3,387224,0,0,0
201608,42,041,1,2,Cumberland County             ,452,452,89575410,1,2,280500,2,8,1272649,9,151,15546223,439,439,87366094,1,2,280500,2,8,1272649,8,146,15295161
201608,42,043,1,2,Dauphin County                ,317,317,65036531,1,2,176000,0,0,0,5,85,4518333,231,231,45110335,1,2,176000,0,0,0,4,80,3860000
201608,42,045,1,2,Delaware County               ,251,251,62132462,0,0,0,3,11,787170,0,0,0,136,136,33961272,0,0,0,3,11,787170,0,0,0
201608,42,055,1,2,Franklin County               ,182,182,35391810,1,2,246003,2,7,756448,0,0,0,157,157,32066837,0,0,0,0,0,0,0,0,0
201608,42,091,1,2,Montgomery County             ,712,712,148259761,5,10,1390456,1,4,549080,21,687,96041982,605,605,124764840,4,8,1210456,1,4,549080,8,618,88625394
201608,42,093,1,2,Montour County                ,28,28,5432601,0,0,0,0,0,0,2,12,600000,21,21,4099942,0,0,0,0,0,0,2,12,600000
201608,42,099,1,2,Perry County                  ,35,35,7838323,0,0,0,0,0,0,0,0,0,7,7,1030266,0,0,0,0,0,0,0,0,0
201608,42,101,1,2,Philadelphia County           ,593,593,154724527,52,104,14135574,85,287,33655272,48,1027,139799317,458,458,119387535,34,68,9715257,63,215,25905480,32,665,90530267
201608,42,103,1,2,Pike County                   ,52,52,12891526,0,0,0,0,0,0,0,0,0,45,45,11226447,0,0,0,0,0,0,0,0,0
201608,44,001,1,1,Bristol County                ,28,28,7953653,0,0,0,0,0,0,0,0,0,23,23,6881876,0,0,0,0,0,0,0,0,0
201608,44,003,1,1,Kent County                   ,99,99,15161602,0,0,0,0,0,0,1,6,577380,87,87,12355839,0,0,0,0,0,0,1,6,577380
201608,44,005,1,1,Newport County                ,71,71,19360706,0,0,0,2,7,1217320,0,0,0,69,69,18859072,0,0,0,2,7,1217320,0,0,0
201608,44,007,1,1,Providence County             ,200,200,33393411,7,14,1014261,9,28,1642350,1,5,459206,166,166,29862549,5,10,583000,8,25,1038870,0,0,0
201608,44,009,1,1,Washington County             ,177,177,54265212,4,8,1307200,4,14,1761500,2,32,1373320,160,160,49637817,4,8,1307200,3,11,1236500,2,32,1373320
201608,45,003,3,5,Aiken County                  ,533,533,112515278,1,2,209118,0,0,0,2,64,6797912,533,533,112515278,1,2,209118,0,0,0,2,64,6797912
201608,45,009,3,5,Bamberg County                ,4,4,530000,0,0,0,0,0,0,0,0,0,4,4,530000,0,0,0,0,0,0,0,0,0
201608,45,015,3,5,Berkeley County               ,972,972,275053039,0,0,0,0,0,0,8,355,8375188,536,536,149475103,0,0,0,0,0,0,0,0,0
201608,45,017,3,5,Calhoun County                ,33,33,3957600,0,0,0,0,0,0,0,0,0,33,33,3957600,0,0,0,0,0,0,0,0,0
201608,45,019,3,5,Charleston County             ,1816,1816,474060748,0,0,0,2,6,717000,25,724,51527995,1161,1161,356861197,0,0,0,2,6,717000,11,344,26400205
201608,45,035,3,5,Dorchester County             ,498,498,129719500,0,0,0,0,0,0,0,0,0,495,495,129397000,0,0,0,0,0,0,0,0,0
201608,45,037,3,5,Edgefield County              ,78,78,15950624,0,0,0,0,0,0,0,0,0,78,78,15950624,0,0,0,0,0,0,0,0,0
201608,45,039,3,5,Fairfield County              ,29,29,5657751,0,0,0,0,0,0,0,0,0,6,6,1271738,0,0,0,0,0,0,0,0,0
201608,45,045,3,5,Greenville County             ,2035,2035,513670560,7,14,912000,6,24,2058150,5,501,47230857,2017,2017,511647345,7,14,912000,6,24,2058150,5,501,47230857
201608,45,051,3,5,Horry County                  ,2615,2615,443915263,60,120,6213116,7,27,4373270,16,122,11017156,2344,2344,372816832,59,118,5874059,6,24,3795420,11,97,8426304
201608,45,055,3,5,Kershaw County                ,202,202,28005737,0,0,0,0,0,0,4,60,5829960,202,202,28005737,0,0,0,0,0,0,4,60,5829960
201608,45,059,3,5,Laurens County                ,79,79,12745250,0,0,0,0,0,0,0,0,0,75,75,12417733,0,0,0,0,0,0,0,0,0
201608,45,063,3,5,Lexington County              ,1261,1261,314781743,0,0,0,0,0,0,0,0,0,716,716,170120308,0,0,0,0,0,0,0,0,0
201608,45,077,3,5,Pickens County                ,216,216,69045167,0,0,0,2,7,560000,18,346,10732533,155,155,57345813,0,0,0,0,0,0,10,250,2582110
201608,45,079,3,5,Richland County               ,1185,1185,163165401,0,0,0,0,0,0,13,261,14731560,148,148,31034726,0,0,0,0,0,0,0,0,0
201608,45,081,3,5,Saluda County                 ,22,22,4538577,0,0,0,0,0,0,0,0,0,22,22,4538577,0,0,0,0,0,0,0,0,0
201608,45,085,3,5,Sumter County                 ,174,174,25646413,0,0,0,0,0,0,1,30,3200000,152,152,22853848,0,0,0,0,0,0,1,30,3200000
201608,45,091,3,5,York County                   ,1431,1431,466917849,0,0,0,0,0,0,20,391,42657867,942,942,335615109,0,0,0,0,0,0,9,205,25059704
201608,46,007,2,4,Bennett County                ,0,0,0,0,0,0,0,0,0,0,0,0,0,0,0,0,0,0,0,0,0,0,0,0
201608,46,055,2,4,Haakon County                 ,0,0,0,0,0,0,0,0,0,0,0,0,0,0,0,0,0,0,0,0,0,0,0,0
201608,46,071,2,4,Jackson County                ,0,0,0,0,0,0,0,0,0,0,0,0,0,0,0,0,0,0,0,0,0,0,0,0
201608,46,111,2,4,Sanborn County                ,0,0,0,0,0,0,0,0,0,0,0,0,0,0,0,0,0,0,0,0,0,0,0,0
201608,47,001,3,6,Anderson County               ,86,86,17968526,0,0,0,0,0,0,0,0,0,72,72,14887866,0,0,0,0,0,0,0,0,0
201608,47,015,3,6,Cannon County                 ,9,9,1135710,0,0,0,0,0,0,0,0,0,0,0,0,0,0,0,0,0,0,0,0,0
201608,47,021,3,6,Cheatham County               ,109,109,21301969,0,0,0,0,0,0,0,0,0,109,109,21301969,0,0,0,0,0,0,0,0,0
201608,47,037,3,6,Davidson County               ,2642,2642,635747779,2,4,495660,6,24,2104122,40,4590,423016469,2640,2640,633814238,2,4,495660,6,24,2104122,40,4590,423016469
201608,47,043,3,6,Dickson County                ,164,164,33743506,0,0,0,0,0,0,0,0,0,161,161,33250384,0,0,0,0,0,0,0,0,0
201608,47,049,3,6,Fentress County               ,0,0,0,0,0,0,0,0,0,0,0,0,0,0,0,0,0,0,0,0,0,0,0,0
201608,47,081,3,6,Hickman County                ,37,37,6446261,0,0,0,0,0,0,0,0,0,9,9,1265117,0,0,0,0,0,0,0,0,0
201608,47,093,3,6,Knox County                   ,1033,1033,212256232,0,0,0,0,0,0,3,390,37894986,1033,1033,212256232,0,0,0,0,0,0,3,390,37894986
201608,47,105,3,6,Loudon County                 ,211,211,49224311,0,0,0,0,0,0,0,0,0,195,195,46723790,0,0,0,0,0,0,0,0,0
201608,47,125,3,6,Montgomery County             ,830,830,118426088,10,20,1535000,8,30,1091335,2,14,630000,830,830,118426088,10,20,1535000,8,30,1091335,2,14,630000
201608,47,139,3,6,Polk County                   ,114,114,20534144,0,0,0,0,0,0,0,0,0,0,0,0,0,0,0,0,0,0,0,0,0
201608,47,149,3,6,Rutherford County             ,1626,1626,324097817,9,18,1982672,11,43,5565342,24,189,16677619,1514,1514,307969776,7,14,1651424,11,43,5565342,20,113,12324063
201608,47,153,3,6,Sequatchie County             ,2,2,160000,0,0,0,0,0,0,0,0,0,2,2,160000,0,0,0,0,0,0,0,0,0
201608,47,157,3,6,Shelby County                 ,729,729,183663578,4,8,736116,9,28,2833600,26,929,87225079,729,729,183663578,4,8,736116,9,28,2833600,26,929,87225079
201608,47,159,3,6,Smith County                  ,44,44,6520932,0,0,0,0,0,0,0,0,0,44,44,6520932,0,0,0,0,0,0,0,0,0
201608,47,161,3,6,Stewart County                ,7,7,650000,0,0,0,0,0,0,0,0,0,7,7,650000,0,0,0,0,0,0,0,0,0
201608,47,165,3,6,Sumner County                 ,807,807,181991933,3,6,906381,0,0,0,0,0,0,779,779,176906102,3,6,906381,0,0,0,0,0,0
201608,47,167,3,6,Tipton County                 ,98,98,17162210,0,0,0,0,0,0,0,0,0,70,70,13388610,0,0,0,0,0,0,0,0,0
201608,47,169,3,6,Trousdale County              ,34,34,5260000,0,0,0,2,8,372000,0,0,0,34,34,5260000,0,0,0,2,8,372000,0,0,0
201608,47,173,3,6,Union County                  ,54,54,7610000,0,0,0,0,0,0,0,0,0,54,54,7610000,0,0,0,0,0,0,0,0,0
201608,47,175,3,6,Van Buren County              ,0,0,0,0,0,0,0,0,0,0,0,0,0,0,0,0,0,0,0,0,0,0,0,0
201608,47,189,3,6,Wilson County                 ,824,824,212922191,1,2,265000,0,0,0,8,157,17245809,737,737,190259814,1,2,265000,0,0,0,5,102,11119000
201608,48,013,3,7,Atascosa County               ,22,22,3494717,0,0,0,0,0,0,0,0,0,13,13,1949400,0,0,0,0,0,0,0,0,0
201608,48,015,3,7,Austin County                 ,16,16,3055460,2,4,557000,0,0,0,0,0,0,10,10,1973138,2,4,557000,0,0,0,0,0,0
201608,48,019,3,7,Bandera County                ,0,0,0,0,0,0,0,0,0,0,0,0,0,0,0,0,0,0,0,0,0,0,0,0
201608,48,021,3,7,Bastrop County                ,88,88,10051934,2,4,300000,0,0,0,0,0,0,81,81,9200767,2,4,300000,0,0,0,0,0,0
201608,48,025,3,7,Bee County                    ,5,5,657000,0,0,0,0,0,0,0,0,0,5,5,657000,0,0,0,0,0,0,0,0,0
201608,48,027,3,7,Bell County                   ,1137,1137,192136630,73,146,12831369,1,4,175000,5,96,7017123,1065,1065,174743694,71,142,12591369,1,4,175000,5,96,7017123
201608,48,029,3,7,Bexar County                  ,2295,2295,531735063,14,28,3449967,19,76,7542656,142,1153,118231613,1985,1985,490516289,14,28,3449967,19,76,7542656,134,1110,109068348
201608,48,051,3,7,Burleson County               ,2,2,220000,0,0,0,0,0,0,0,0,0,2,2,220000,0,0,0,0,0,0,0,0,0
201608,48,055,3,7,Caldwell County               ,263,263,39542302,3,6,523200,0,0,0,0,0,0,99,99,9393803,3,6,523200,0,0,0,0,0,0
201608,48,085,3,7,Collin County                 ,5728,5728,1770260911,5,10,1464526,0,0,0,59,3379,358327421,5622,5622,1750335217,4,8,1220736,0,0,0,59,3379,358327421
201608,48,091,3,7,Comal County                  ,1294,1294,290087621,46,92,9380354,0,0,0,8,313,34000000,1201,1201,269329403,42,84,8499739,0,0,0,8,313,34000000
201608,48,099,3,7,Coryell County                ,103,103,14291059,3,6,392387,0,0,0,1,6,821502,91,91,12585280,2,4,259130,0,0,0,0,0,0
201608,48,107,3,7,Crosby County                 ,6,6,402000,0,0,0,0,0,0,0,0,0,0,0,0,0,0,0,0,0,0,0,0,0
201608,48,113,3,7,Dallas County                 ,3619,3619,1026364142,38,76,10451140,25,91,11523503,106,8846,875461766,3205,3205,928682015,29,58,7183335,18,63,8535492,88,7265,752127083
201608,48,119,3,7,Delta County                  ,0,0,0,0,0,0,0,0,0,0,0,0,0,0,0,0,0,0,0,0,0,0,0,0
201608,48,135,3,7,Ector County                  ,305,305,66272848,0,0,0,2,7,980000,5,50,3770541,84,84,17647160,0,0,0,2,7,980000,0,0,0
201608,48,139,3,7,Ellis County                  ,996,996,186196065,1,2,264073,0,0,0,0,0,0,962,962,178869195,1,2,264073,0,0,0,0,0,0
201608,48,141,3,7,El Paso County                ,1667,1667,384958337,32,64,5799276,5,17,1398080,49,620,55366641,988,988,272844719,24,48,4500576,2,7,398526,23,173,10038717
201608,48,157,3,7,Fort Bend County              ,6708,6708,870014419,9,18,2700000,0,0,0,27,453,39508112,1062,1062,332693415,9,18,2700000,0,0,0,18,371,33347140
201608,48,167,3,7,Galveston County              ,1636,1636,363438277,0,0,0,0,0,0,2,33,1816744,1118,1118,265720487,0,0,0,0,0,0,0,0,0
201608,48,185,3,7,Grimes County                 ,21,21,2135556,0,0,0,0,0,0,0,0,0,17,17,1755224,0,0,0,0,0,0,0,0,0
201608,48,187,3,7,Guadalupe County              ,590,590,130711150,0,0,0,0,0,0,0,0,0,582,582,129365527,0,0,0,0,0,0,0,0,0
201608,48,193,3,7,Hamilton County               ,1,1,91500,0,0,0,0,0,0,0,0,0,0,0,0,0,0,0,0,0,0,0,0,0
201608,48,195,3,7,Hansford County               ,6,6,789750,0,0,0,0,0,0,0,0,0,1,1,100000,0,0,0,0,0,0,0,0,0
201608,48,201,3,7,Harris County                 ,10672,10672,1968239764,33,66,8919094,6,24,3853248,123,5039,516175914,10576,10576,1912941784,32,64,8849094,6,24,3853248,123,5039,516175914
201608,48,211,3,7,Hemphill County               ,0,0,0,0,0,0,0,0,0,0,0,0,0,0,0,0,0,0,0,0,0,0,0,0
201608,48,215,3,7,Hidalgo County                ,2121,2121,390614203,48,96,6181934,76,300,19965655,14,713,51107945,1924,1924,352540134,47,94,6031934,76,300,19965655,14,713,51107945
201608,48,233,3,7,Hutchinson County             ,0,0,0,0,0,0,0,0,0,0,0,0,0,0,0,0,0,0,0,0,0,0,0,0
201608,48,251,3,7,Johnson County                ,358,358,73386219,6,12,805000,0,0,0,0,0,0,347,347,70986183,6,12,805000,0,0,0,0,0,0
201608,48,257,3,7,Kaufman County                ,294,294,59847771,0,0,0,0,0,0,0,0,0,255,255,55257420,0,0,0,0,0,0,0,0,0
201608,48,259,3,7,Kendall County                ,177,177,50716711,0,0,0,0,0,0,13,288,21310001,177,177,50716711,0,0,0,0,0,0,13,288,21310001
201608,48,271,3,7,Kinney County                 ,0,0,0,0,0,0,0,0,0,0,0,0,0,0,0,0,0,0,0,0,0,0,0,0
201608,48,281,3,7,Lampasas County               ,31,31,4092477,0,0,0,0,0,0,0,0,0,31,31,4092477,0,0,0,0,0,0,0,0,0
201608,48,291,3,7,Liberty County                ,293,293,48598022,0,0,0,0,0,0,0,0,0,292,292,48443528,0,0,0,0,0,0,0,0,0
201608,48,303,3,7,Lubbock County                ,707,707,170772150,12,24,2310959,0,0,0,61,1132,129334437,441,441,102687621,4,8,895000,0,0,0,49,933,115759608
201608,48,323,3,7,Maverick County               ,54,54,5041008,0,0,0,0,0,0,0,0,0,45,45,4067646,0,0,0,0,0,0,0,0,0
201608,48,325,3,7,Medina County                 ,17,17,3388554,0,0,0,0,0,0,0,0,0,15,15,2949422,0,0,0,0,0,0,0,0,0
201608,48,329,3,7,Midland County                ,417,417,77125559,0,0,0,11,40,9507960,0,0,0,417,417,77125559,0,0,0,11,40,9507960,0,0,0
201608,48,339,3,7,Montgomery County             ,2941,2941,643662799,3,6,90000,0,0,0,22,388,36212295,2914,2914,636932224,3,6,90000,0,0,0,22,388,36212295
201608,48,367,3,7,Parker County                 ,292,292,66265357,0,0,0,0,0,0,0,0,0,291,291,66209902,0,0,0,0,0,0,0,0,0
201608,48,375,3,7,Potter County                 ,398,398,101299257,4,8,1005267,0,0,0,0,0,0,398,398,101299257,4,8,1005267,0,0,0,0,0,0
201608,48,383,3,7,Reagan County                 ,0,0,0,0,0,0,1,3,155152,0,0,0,0,0,0,0,0,0,0,0,0,0,0,0
201608,48,385,3,7,Real County                   ,0,0,0,0,0,0,0,0,0,0,0,0,0,0,0,0,0,0,0,0,0,0,0,0
201608,48,395,3,7,Robertson County              ,56,56,12653018,0,0,0,0,0,0,0,0,0,56,56,12653018,0,0,0,0,0,0,0,0,0
201608,48,397,3,7,Rockwall County               ,752,752,234293349,0,0,0,0,0,0,0,0,0,686,686,216587396,0,0,0,0,0,0,0,0,0
201608,48,407,3,7,San Jacinto County            ,205,205,41170396,0,0,0,0,0,0,0,0,0,185,185,37279557,0,0,0,0,0,0,0,0,0
201608,48,411,3,7,San Saba County               ,6,6,615000,0,0,0,0,0,0,0,0,0,4,4,360000,0,0,0,0,0,0,0,0,0
201608,48,451,3,7,Tom Green County              ,117,117,24988744,0,0,0,0,0,0,0,0,0,117,117,24988744,0,0,0,0,0,0,0,0,0
201608,48,453,3,7,Travis County                 ,4924,4924,1076439970,69,138,19374183,12,48,2562499,130,3867,314598913,4694,4694,1007680395,69,138,19374183,12,48,2562499,129,3862,313932246
201608,48,473,3,7,Waller County                 ,4,4,587976,0,0,0,0,0,0,19,279,15764101,3,3,425000,0,0,0,0,0,0,10,224,13931370
201608,48,491,3,7,Williamson County             ,2595,2595,735190201,2,4,612720,21,80,5950058,6,965,108419956,2480,2480,712852774,2,4,612720,21,80,5950058,6,965,108419956
201608,48,493,3,7,Wilson County                 ,29,29,5625702,0,0,0,0,0,0,2,10,937500,1,1,204195,0,0,0,0,0,0,0,0,0
201608,48,497,3,7,Wise County                   ,58,58,12135912,3,6,457705,0,0,0,0,0,0,38,38,7344565,3,6,457705,0,0,0,0,0,0
201608,49,011,4,8,Davis County                  ,968,968,242672888,3,6,993619,4,16,1969788,19,315,31713391,913,913,226410156,3,6,993619,4,16,1969788,19,315,31713391
201608,49,023,4,8,Juab County                   ,53,53,14233764,0,0,0,0,0,0,0,0,0,50,50,13596230,0,0,0,0,0,0,0,0,0
201608,49,029,4,8,Morgan County                 ,69,69,24550868,0,0,0,0,0,0,2,10,1006810,0,0,0,0,0,0,0,0,0,0,0,0
201608,49,035,4,8,Salt Lake County              ,2581,2581,653599885,17,34,5587444,12,41,5358635,41,2248,274887382,2158,2158,525282874,13,26,4095944,10,34,4400008,16,1655,215349377
201608,49,039,4,8,Sanpete County                ,38,38,4729076,0,0,0,0,0,0,0,0,0,29,29,3481999,0,0,0,0,0,0,0,0,0
201608,49,043,4,8,Summit County                 ,144,144,59164048,0,0,0,4,14,2817231,10,83,26740858,77,77,23562017,0,0,0,3,11,1810687,2,40,19394017
201608,49,057,4,8,Weber County                  ,525,525,119551073,2,4,524384,17,60,9423627,23,486,42104626,411,411,89938135,2,4,524384,7,28,4679707,20,471,39705817
201608,51,003,3,5,Albemarle County              ,343,343,114881622,0,0,0,0,0,0,15,177,18455000,263,263,90932202,0,0,0,0,0,0,13,167,17655000
201608,51,007,3,5,Amelia County                 ,31,31,6190770,0,0,0,0,0,0,0,0,0,31,31,6190770,0,0,0,0,0,0,0,0,0
201608,51,009,3,5,Amherst County                ,32,32,5313478,0,0,0,0,0,0,0,0,0,22,22,3739482,0,0,0,0,0,0,0,0,0
201608,51,013,3,5,Arlington County              ,170,170,61312817,23,46,11500000,0,0,0,4,986,184686306,170,170,61312817,23,46,11500000,0,0,0,4,986,184686306
201608,51,015,3,5,Augusta County                ,116,116,22201948,0,0,0,0,0,0,0,0,0,116,116,22201948,0,0,0,0,0,0,0,0,0
201608,51,019,3,5,Bedford County                ,182,182,48757864,0,0,0,0,0,0,0,0,0,182,182,48757864,0,0,0,0,0,0,0,0,0
201608,51,033,3,5,Caroline County               ,79,79,14333166,0,0,0,0,0,0,0,0,0,79,79,14333166,0,0,0,0,0,0,0,0,0
201608,51,036,3,5,Charles City County           ,12,12,2140510,0,0,0,0,0,0,0,0,0,11,11,1979100,0,0,0,0,0,0,0,0,0
201608,51,037,3,5,Charlotte County              ,5,5,623000,0,0,0,0,0,0,0,0,0,5,5,623000,0,0,0,0,0,0,0,0,0
201608,51,041,3,5,Chesterfield County           ,921,921,206577450,0,0,0,16,61,8423353,9,239,14391501,921,921,206577450,0,0,0,16,61,8423353,9,239,14391501
201608,51,043,3,5,Clarke County                 ,42,42,16000911,0,0,0,0,0,0,0,0,0,42,42,16000911,0,0,0,0,0,0,0,0,0
201608,51,049,3,5,Cumberland County             ,12,12,1755142,0,0,0,0,0,0,0,0,0,12,12,1755142,0,0,0,0,0,0,0,0,0
201608,51,051,3,5,Dickenson County              ,3,3,255000,0,0,0,0,0,0,0,0,0,3,3,255000,0,0,0,0,0,0,0,0,0
201608,51,053,3,5,Dinwiddie County              ,40,40,4826638,0,0,0,0,0,0,0,0,0,0,0,0,0,0,0,0,0,0,0,0,0
201608,51,059,3,5,Fairfax County                ,590,590,133912853,0,0,0,0,0,0,4,1277,50000000,590,590,133912853,0,0,0,0,0,0,4,1277,50000000
201608,51,061,3,5,Fauquier County               ,187,187,61129336,0,0,0,0,0,0,0,0,0,187,187,61129336,0,0,0,0,0,0,0,0,0
201608,51,069,3,5,Frederick County              ,584,584,103474210,0,0,0,0,0,0,0,0,0,584,584,103474210,0,0,0,0,0,0,0,0,0
201608,51,073,3,5,Gloucester County             ,117,117,22252080,0,0,0,5,15,650000,0,0,0,117,117,22252080,0,0,0,5,15,650000,0,0,0
201608,51,075,3,5,Goochland County              ,93,93,25072006,0,0,0,0,0,0,0,0,0,93,93,25072006,0,0,0,0,0,0,0,0,0
201608,51,085,3,5,Hanover County                ,422,422,84753235,0,0,0,0,0,0,0,0,0,422,422,84753235,0,0,0,0,0,0,0,0,0
201608,51,087,3,5,Henrico County                ,520,520,91435876,0,0,0,0,0,0,32,170,5886025,520,520,91435876,0,0,0,0,0,0,32,170,5886025
201608,51,093,3,5,Isle of Wight County          ,119,119,25475907,0,0,0,0,0,0,2,32,1283692,97,97,20893149,0,0,0,0,0,0,0,0,0
201608,51,095,3,5,James City County             ,264,264,68128552,0,0,0,8,31,4140463,4,20,2323725,264,264,68128552,0,0,0,8,31,4140463,4,20,2323725
201608,51,097,3,5,King and Queen County         ,17,17,3298243,0,0,0,0,0,0,0,0,0,17,17,3298243,0,0,0,0,0,0,0,0,0
201608,51,099,3,5,King George County            ,75,75,18285363,0,0,0,0,0,0,0,0,0,75,75,18285363,0,0,0,0,0,0,0,0,0
201608,51,107,3,5,Loudoun County                ,1890,1890,417345537,7,14,1340000,0,0,0,26,532,50319493,1890,1890,417345537,7,14,1340000,0,0,0,26,532,50319493
201608,51,109,3,5,Louisa County                 ,175,175,32238248,0,0,0,0,0,0,0,0,0,175,175,32238248,0,0,0,0,0,0,0,0,0
201608,51,115,3,5,Mathews County                ,14,14,2850663,0,0,0,0,0,0,0,0,0,14,14,2850663,0,0,0,0,0,0,0,0,0
201608,51,127,3,5,New Kent County               ,166,166,30932296,0,0,0,0,0,0,0,0,0,166,166,30932296,0,0,0,0,0,0,0,0,0
201608,51,139,3,5,Page County                   ,35,35,5216612,0,0,0,0,0,0,0,0,0,35,35,5216612,0,0,0,0,0,0,0,0,0
201608,51,145,3,5,Powhatan County               ,144,144,30544695,1,2,182000,0,0,0,0,0,0,144,144,30544695,1,2,182000,0,0,0,0,0,0
201608,51,149,3,5,Prince George County          ,54,54,7861497,0,0,0,0,0,0,0,0,0,54,54,7861497,0,0,0,0,0,0,0,0,0
201608,51,153,3,5,Prince William County         ,843,843,145163754,0,0,0,0,0,0,7,448,44937862,843,843,145163754,0,0,0,0,0,0,7,448,44937862
201608,51,165,3,5,Rockingham County             ,220,220,45625580,0,0,0,0,0,0,0,0,0,220,220,45625580,0,0,0,0,0,0,0,0,0
201608,51,175,3,5,Southampton County            ,23,23,2876639,0,0,0,0,0,0,0,0,0,13,13,1392565,0,0,0,0,0,0,0,0,0
201608,51,177,3,5,Spotsylvania County           ,291,291,75706759,0,0,0,0,0,0,0,0,0,0,0,0,0,0,0,0,0,0,0,0,0
201608,51,179,3,5,Stafford County               ,921,921,162569542,2,4,243600,0,0,0,3,120,14108160,921,921,162569542,2,4,243600,0,0,0,3,120,14108160
201608,51,181,3,5,Surry County                  ,18,18,2984848,0,0,0,0,0,0,0,0,0,14,14,2372356,0,0,0,0,0,0,0,0,0
201608,51,183,3,5,Sussex County                 ,13,13,1588633,0,0,0,0,0,0,0,0,0,13,13,1588633,0,0,0,0,0,0,0,0,0
201608,51,187,3,5,Warren County                 ,100,100,22355724,0,0,0,0,0,0,0,0,0,100,100,22355724,0,0,0,0,0,0,0,0,0
201608,51,199,3,5,York County                   ,54,54,11399113,1,2,332800,1,3,533466,0,0,0,54,54,11399113,1,2,332800,1,3,533466,0,0,0
201608,51,510,3,5,Alexandria (Independent City) ,117,117,25636268,0,0,0,0,0,0,0,0,0,117,117,25636268,0,0,0,0,0,0,0,0,0
201608,51,540,3,5,Charlottesville (Independent C,56,56,12716863,3,6,572250,0,0,0,7,67,9908899,17,17,4150000,0,0,0,0,0,0,0,0,0
201608,51,550,3,5,Chesapeake(Independent City)  ,656,656,149145770,1,2,273400,0,0,0,0,0,0,656,656,149145770,1,2,273400,0,0,0,0,0,0
201608,51,570,3,5,Colonial Heights (Independent ,2,2,312000,0,0,0,0,0,0,0,0,0,2,2,312000,0,0,0,0,0,0,0,0,0
201608,51,580,3,5,Covington (Independent City)  ,0,0,0,0,0,0,0,0,0,0,0,0,0,0,0,0,0,0,0,0,0,0,0,0
201608,51,600,3,5,Fairfax (Independent City)    ,8,8,3058291,0,0,0,0,0,0,0,0,0,8,8,3058291,0,0,0,0,0,0,0,0,0
201608,51,610,3,5,Falls Church (Independent City,12,12,4675000,0,0,0,0,0,0,0,0,0,12,12,4675000,0,0,0,0,0,0,0,0,0
201608,51,630,3,5,Fredericksburg(Independent Cit,51,51,11417475,0,0,0,0,0,0,5,128,9004435,46,46,10020977,0,0,0,0,0,0,5,128,9004435
201608,51,650,3,5,Hampton (Independent City)    ,95,95,5752504,0,0,0,0,0,0,0,0,0,0,0,0,0,0,0,0,0,0,0,0,0
201608,51,660,3,5,Harrisonburg (Independent City,49,49,10249597,1,2,274525,1,3,71260,1,5,219653,37,37,8568397,0,0,0,0,0,0,0,0,0
201608,51,670,3,5,Hopewell (Independent City)   ,42,42,3820350,0,0,0,0,0,0,0,0,0,42,42,3820350,0,0,0,0,0,0,0,0,0
201608,51,680,3,5,Lynchburg (Independent City)  ,41,41,7455707,0,0,0,0,0,0,0,0,0,41,41,7455707,0,0,0,0,0,0,0,0,0
201608,51,683,3,5,Manassas (Independent City)   ,101,101,14234717,0,0,0,0,0,0,0,0,0,0,0,0,0,0,0,0,0,0,0,0,0
201608,51,685,3,5,Manassas Park (Independent Cit,7,7,1304548,0,0,0,0,0,0,0,0,0,0,0,0,0,0,0,0,0,0,0,0,0
201608,51,700,3,5,Newport News (Independent City,101,101,8815577,0,0,0,0,0,0,0,0,0,101,101,8815577,0,0,0,0,0,0,0,0,0
201608,51,710,3,5,Norfolk (Independent City)    ,217,217,27196831,4,8,911600,0,0,0,18,587,29541598,217,217,27196831,4,8,911600,0,0,0,18,587,29541598
201608,51,730,3,5,Petersburg (Independent City) ,10,10,1021110,0,0,0,0,0,0,3,66,2725097,10,10,1021110,0,0,0,0,0,0,3,66,2725097
201608,51,735,3,5,Poquoson (Independent City)   ,29,29,7310428,0,0,0,0,0,0,0,0,0,29,29,7310428,0,0,0,0,0,0,0,0,0
201608,51,740,3,5,Portsmouth (Independent City) ,81,81,10003972,1,2,130000,0,0,0,0,0,0,81,81,10003972,1,2,130000,0,0,0,0,0,0
201608,51,760,3,5,Richmond (Independent City)   ,171,171,30303750,11,22,2067290,1,4,139207,2,170,17188221,171,171,30303750,11,22,2067290,1,4,139207,2,170,17188221
201608,51,800,3,5,Suffolk (Independent City)    ,232,232,52720519,0,0,0,0,0,0,9,312,6950000,232,232,52720519,0,0,0,0,0,0,9,312,6950000
201608,51,810,3,5,Virginia Beach (Independent Ci,526,526,118119169,0,0,0,0,0,0,18,815,55780144,526,526,118119169,0,0,0,0,0,0,18,815,55780144
201608,51,830,3,5,Williamsburg (Independent City,41,41,6421284,0,0,0,0,0,0,0,0,0,41,41,6421284,0,0,0,0,0,0,0,0,0
201608,53,005,4,9,Benton County                 ,658,658,193600078,1,2,338819,2,8,906000,7,108,9126472,409,409,114067991,1,2,338819,2,8,906000,3,66,5348074
201608,53,011,4,9,Clark County                  ,1830,1830,474029613,17,34,2695670,5,19,1677914,26,375,29053121,1627,1627,418130817,17,34,2695670,5,19,1677914,19,262,17516160
201608,53,021,4,9,Franklin County               ,287,287,76955814,5,10,931215,0,0,0,0,0,0,43,43,15111959,0,0,0,0,0,0,0,0,0
201608,53,031,4,9,Jefferson County              ,147,147,23535549,1,2,254828,0,0,0,0,0,0,147,147,23535549,1,2,254828,0,0,0,0,0,0
201608,53,033,4,9,King County                   ,3083,3083,1171102206,132,264,53234278,65,228,43445135,131,6589,794942430,2868,2868,1073074561,131,262,52712194,65,228,43445135,124,6475,778729742
201608,53,035,4,9,Kitsap County                 ,585,585,175314557,6,12,2167943,4,15,2051649,1,18,4151249,585,585,175314557,6,12,2167943,4,15,2051649,1,18,4151249
201608,53,053,4,9,Pierce County                 ,1783,1783,545130323,14,28,5029513,6,22,3166038,39,709,69360808,1778,1778,543416492,14,28,5029513,6,22,3166038,38,704,68465505
201608,53,055,4,9,San Juan County               ,78,78,17244976,3,6,450000,0,0,0,0,0,0,67,67,14598285,3,6,450000,0,0,0,0,0,0
201608,53,059,4,9,Skamania County               ,24,24,5575183,0,0,0,0,0,0,0,0,0,24,24,5575183,0,0,0,0,0,0,0,0,0
201608,53,061,4,9,Snohomish County              ,1920,1920,573687001,40,80,15753483,31,110,21641099,30,532,67812551,1875,1875,561346606,39,78,15371150,31,110,21641099,29,507,64671240
201608,54,011,3,5,Cabell County                 ,29,29,6645124,2,4,346000,1,4,80000,0,0,0,29,29,6645124,2,4,346000,1,4,80000,0,0,0
201608,54,015,3,5,Clay County                   ,5,5,165910,0,0,0,0,0,0,0,0,0,3,3,75000,0,0,0,0,0,0,0,0,0
201608,54,019,3,5,Fayette County                ,18,18,1887696,0,0,0,0,0,0,0,0,0,7,7,626198,0,0,0,0,0,0,0,0,0
201608,54,037,3,5,Jefferson County              ,101,101,26791191,0,0,0,0,0,0,0,0,0,91,91,23893362,0,0,0,0,0,0,0,0,0
201608,54,081,3,5,Raleigh County                ,30,30,5102999,0,0,0,0,0,0,0,0,0,30,30,5102999,0,0,0,0,0,0,0,0,0
201608,55,025,2,3,Dane County                   ,856,856,262723404,23,46,7584669,14,48,6548881,42,1992,278505078,706,706,218182237,15,30,5305802,5,20,3006176,28,1486,218847588
201608,55,031,2,3,Douglas County                ,60,60,10047878,2,4,500000,0,0,0,0,0,0,60,60,10047878,2,4,500000,0,0,0,0,0,0
201608,55,037,2,3,Florence County               ,12,12,1436328,0,0,0,0,0,0,0,0,0,12,12,1436328,0,0,0,0,0,0,0,0,0
201608,55,049,2,3,Iowa County                   ,41,41,8534500,0,0,0,0,0,0,0,0,0,41,41,8534500,0,0,0,0,0,0,0,0,0
201608,55,059,2,3,Kenosha County                ,127,127,39301664,0,0,0,0,0,0,16,302,9500000,115,115,35158345,0,0,0,0,0,0,16,302,9500000
201608,55,079,2,3,Milwaukee County              ,91,91,28595958,6,12,1627688,0,0,0,15,1285,161674259,88,88,27875110,3,6,930000,0,0,0,14,1252,156126433
201608,55,089,2,3,Ozaukee County                ,145,145,50957448,0,0,0,0,0,0,15,89,11759756,86,86,23604493,0,0,0,0,0,0,12,72,9099996
201608,55,093,2,3,Pierce County                 ,100,100,20837428,1,2,296000,0,0,0,0,0,0,99,99,20687428,1,2,296000,0,0,0,0,0,0
201608,55,109,2,3,St. Croix County              ,245,245,55129140,9,18,2253735,0,0,0,2,11,1500000,239,239,53515523,9,18,2253735,0,0,0,2,11,1500000
201608,55,131,2,3,Washington County             ,236,236,65289603,5,10,1195000,0,0,0,7,68,5058334,178,178,46854882,4,8,900000,0,0,0,3,48,3600000
201608,56,029,4,8,Park County                   ,84,84,20607694,0,0,0,1,3,335000,1,6,450000,80,80,19672658,0,0,0,1,3,335000,1,6,450000
201608,56,039,4,8,Teton County                  ,115,115,157547252,5,10,5971016,5,16,621328,1,5,799125,93,93,148322108,1,2,3500000,0,0,0,1,5,799125
