Survey,FIPS,FIPS,Region,Division,County,,1-unit,,,2-units,,,3-4 units,,,5+ units,,,1-unit rep,,,2-units rep,,,3-4 units rep,,, 5+units rep
Date,State,County,Code,Code,Name,Bldgs,Units,Value,Bldgs,Units,Value,Bldgs,Units,Value,Bldgs,Units,Value,Bldgs,Units,Value,Bldgs,Units,Value,Bldgs,Units,Value,Bldgs,Units,Value
 
201603,01,001,3,6,Autauga County                ,58,58,15423801,0,0,0,0,0,0,0,0,0,58,58,15423801,0,0,0,0,0,0,0,0,0
201603,01,007,3,6,Bibb County                   ,6,6,1060488,0,0,0,0,0,0,0,0,0,0,0,0,0,0,0,0,0,0,0,0,0
201603,01,009,3,6,Blount County                 ,3,3,552800,0,0,0,0,0,0,0,0,0,3,3,552800,0,0,0,0,0,0,0,0,0
201603,01,021,3,6,Chilton County                ,5,5,692000,0,0,0,0,0,0,0,0,0,5,5,692000,0,0,0,0,0,0,0,0,0
201603,01,073,3,6,Jefferson County              ,395,395,95309477,0,0,0,1,3,477690,7,289,31028497,327,327,80428286,0,0,0,0,0,0,5,216,24581715
201603,01,083,3,6,Limestone County              ,32,32,5926856,0,0,0,0,0,0,0,0,0,32,32,5926856,0,0,0,0,0,0,0,0,0
201603,01,089,3,6,Madison County                ,650,650,93257289,0,0,0,0,0,0,10,96,6265916,649,649,93130974,0,0,0,0,0,0,10,96,6265916
201603,01,113,3,6,Russell County                ,22,22,3408562,1,2,80304,0,0,0,0,0,0,22,22,3408562,1,2,80304,0,0,0,0,0,0
201603,01,115,3,6,St. Clair County              ,30,30,4436340,0,0,0,0,0,0,0,0,0,30,30,4436340,0,0,0,0,0,0,0,0,0
201603,01,117,3,6,Shelby County                 ,241,241,51735428,0,0,0,0,0,0,0,0,0,126,126,23998111,0,0,0,0,0,0,0,0,0
201603,01,127,3,6,Walker County                 ,1,1,250000,0,0,0,0,0,0,0,0,0,1,1,250000,0,0,0,0,0,0,0,0,0
201603,02,013,4,9,Aleutians East Borough        ,0,0,0,0,0,0,0,0,0,0,0,0,0,0,0,0,0,0,0,0,0,0,0,0
201603,02,016,4,9,Aleutians West Census Area    ,1,1,98118,0,0,0,0,0,0,0,0,0,0,0,0,0,0,0,0,0,0,0,0,0
201603,02,020,4,9,Anchorage Borough             ,169,169,53157308,0,0,0,3,9,1544592,4,45,7114300,0,0,0,0,0,0,0,0,0,0,0,0
201603,02,020,4,9,Anchorage Municipality        ,169,169,53157308,0,0,0,3,9,1544592,4,45,7114300,0,0,0,0,0,0,0,0,0,0,0,0
201603,02,050,4,9,Bethel Census Area            ,0,0,0,0,0,0,0,0,0,0,0,0,0,0,0,0,0,0,0,0,0,0,0,0
201603,02,060,4,9,Bristol Bay Borough           ,0,0,0,0,0,0,0,0,0,0,0,0,0,0,0,0,0,0,0,0,0,0,0,0
201603,02,070,4,9,Dillingham Census Area        ,0,0,0,0,0,0,0,0,0,0,0,0,0,0,0,0,0,0,0,0,0,0,0,0
201603,02,090,4,9,Fairbanks North Star Borough  ,0,0,0,0,0,0,0,0,0,0,0,0,0,0,0,0,0,0,0,0,0,0,0,0
201603,02,100,4,9,Haines Borough                ,2,2,517310,0,0,0,0,0,0,0,0,0,0,0,0,0,0,0,0,0,0,0,0,0
201603,02,105,4,9,Hoonah-Angoon Census Area     ,1,1,150000,0,0,0,0,0,0,0,0,0,1,1,150000,0,0,0,0,0,0,0,0,0
201603,02,110,4,9,Juneau Borough                ,13,13,3431759,0,0,0,2,6,77275,0,0,0,13,13,3431759,0,0,0,2,6,77275,0,0,0
201603,02,110,4,9,Juneau City and Borough       ,13,13,3431759,0,0,0,2,6,77275,0,0,0,13,13,3431759,0,0,0,2,6,77275,0,0,0
201603,02,122,4,9,Kenai Peninsula Borough       ,12,12,2857002,3,6,937792,0,0,0,0,0,0,4,4,1234000,2,4,600000,0,0,0,0,0,0
201603,02,130,4,9,Ketchikan Gateway Borough     ,10,10,2915869,0,0,0,0,0,0,0,0,0,10,10,2915869,0,0,0,0,0,0,0,0,0
201603,02,150,4,9,Kodiak Island Borough         ,2,2,413457,0,0,0,0,0,0,0,0,0,2,2,413457,0,0,0,0,0,0,0,0,0
201603,02,158,4,9,Kusilvak Census Area          ,0,0,0,0,0,0,0,0,0,0,0,0,0,0,0,0,0,0,0,0,0,0,0,0
201603,02,170,4,9,Matanuska-Susitna Borough     ,10,10,1735711,1,2,257899,1,4,454720,0,0,0,5,5,1028760,0,0,0,1,4,454720,0,0,0
201603,02,180,4,9,Nome Census Area              ,1,1,95164,0,0,0,0,0,0,0,0,0,1,1,95164,0,0,0,0,0,0,0,0,0
201603,02,185,4,9,North Slope Borough           ,1,1,267225,0,0,0,0,0,0,0,0,0,1,1,267225,0,0,0,0,0,0,0,0,0
201603,02,188,4,9,Northwest Arctic Borough      ,0,0,0,0,0,0,0,0,0,0,0,0,0,0,0,0,0,0,0,0,0,0,0,0
201603,02,195,4,9,Petersburg Borough            ,3,3,402687,0,0,0,0,0,0,0,0,0,0,0,0,0,0,0,0,0,0,0,0,0
201603,02,195,4,9,Petersburg Census Area        ,3,3,402687,0,0,0,0,0,0,0,0,0,0,0,0,0,0,0,0,0,0,0,0,0
201603,02,198,4,9,Prince of Wales-Hyder Census A,2,2,534450,0,0,0,1,3,439137,0,0,0,2,2,534450,0,0,0,1,3,439137,0,0,0
201603,02,220,4,9,Sitka Borough                 ,3,3,801834,0,0,0,0,0,0,0,0,0,0,0,0,0,0,0,0,0,0,0,0,0
201603,02,220,4,9,Sitka City and Borough        ,3,3,801834,0,0,0,0,0,0,0,0,0,0,0,0,0,0,0,0,0,0,0,0,0
201603,02,230,4,9,Skagway Municipality          ,0,0,0,0,0,0,0,0,0,0,0,0,0,0,0,0,0,0,0,0,0,0,0,0
201603,02,261,4,9,Valdez-Cordova Census Area    ,2,2,415000,0,0,0,0,0,0,0,0,0,2,2,415000,0,0,0,0,0,0,0,0,0
201603,02,275,4,9,Wrangell City and Borough     ,1,1,113333,0,0,0,0,0,0,0,0,0,0,0,0,0,0,0,0,0,0,0,0,0
201603,02,282,4,9,Yakutat Borough               ,1,1,190600,0,0,0,0,0,0,0,0,0,1,1,190600,0,0,0,0,0,0,0,0,0
201603,02,282,4,9,Yakutat City and Borough      ,1,1,190600,0,0,0,0,0,0,0,0,0,1,1,190600,0,0,0,0,0,0,0,0,0
201603,02,290,4,9,Yukon-Koyukuk Census Area     ,0,0,0,0,0,0,0,0,0,0,0,0,0,0,0,0,0,0,0,0,0,0,0,0
201603,04,013,4,8,Maricopa County               ,3859,3859,1101331108,12,42,4859037,14,69,12172373,23,1320,179934280,3856,3856,1100468459,12,42,4859037,14,69,12172373,23,1320,179934280
201603,04,019,4,8,Pima County                   ,602,602,165502022,4,8,393592,0,0,0,11,235,27623645,408,408,117583791,0,0,0,0,0,0,0,0,0
201603,04,021,4,8,Pinal County                  ,575,575,107581424,16,32,2069000,0,0,0,0,0,0,482,482,87265850,16,32,2069000,0,0,0,0,0,0
201603,05,013,3,7,Calhoun County                ,0,0,0,0,0,0,0,0,0,0,0,0,0,0,0,0,0,0,0,0,0,0,0,0
201603,05,035,3,7,Crittenden County             ,15,15,3140004,0,0,0,0,0,0,0,0,0,15,15,3140004,0,0,0,0,0,0,0,0,0
201603,05,045,3,7,Faulkner County               ,75,75,14335836,0,0,0,0,0,0,1,40,1500000,72,72,13709556,0,0,0,0,0,0,1,40,1500000
201603,05,053,3,7,Grant County                  ,3,3,347499,0,0,0,0,0,0,0,0,0,0,0,0,0,0,0,0,0,0,0,0,0
201603,05,085,3,7,Lonoke County                 ,84,84,9085627,0,0,0,0,0,0,0,0,0,49,49,6091381,0,0,0,0,0,0,0,0,0
201603,05,087,3,7,Madison County                ,0,0,0,0,0,0,0,0,0,0,0,0,0,0,0,0,0,0,0,0,0,0,0,0
201603,05,091,3,7,Miller County                 ,10,10,1586920,0,0,0,0,0,0,0,0,0,0,0,0,0,0,0,0,0,0,0,0,0
201603,05,105,3,7,Perry County                  ,0,0,0,0,0,0,0,0,0,0,0,0,0,0,0,0,0,0,0,0,0,0,0,0
201603,05,119,3,7,Pulaski County                ,165,165,34776832,3,6,2125000,0,0,0,34,318,15622028,165,165,34776832,3,6,2125000,0,0,0,34,318,15622028
201603,05,129,3,7,Searcy County                 ,0,0,0,0,0,0,0,0,0,0,0,0,0,0,0,0,0,0,0,0,0,0,0,0
201603,05,143,3,7,Washington County             ,255,255,59208139,0,0,0,0,0,0,0,0,0,239,239,57553096,0,0,0,0,0,0,0,0,0
201603,06,001,4,9,Alameda County                ,591,591,196512002,0,0,0,3,11,2771760,20,1149,93414776,545,545,181678179,0,0,0,3,11,2771760,14,1011,75996703
201603,06,013,4,9,Contra Costa County           ,444,444,142077614,0,0,0,0,0,0,6,30,4326807,434,434,139378778,0,0,0,0,0,0,0,0,0
201603,06,017,4,9,El Dorado County              ,165,165,70107769,0,0,0,0,0,0,0,0,0,165,165,70107769,0,0,0,0,0,0,0,0,0
201603,06,019,4,9,Fresno County                 ,417,417,113427069,1,2,350000,7,27,5485244,7,56,4800000,339,339,93527444,1,2,350000,7,27,5485244,7,56,4800000
201603,06,037,4,9,Los Angeles County            ,1213,1213,497132503,82,164,30770324,16,61,13633734,85,3330,656104227,1123,1123,469290278,82,164,30770324,16,61,13633734,72,3174,632106228
201603,06,041,4,9,Marin County                  ,42,42,18392398,0,0,0,0,0,0,5,42,4139125,8,8,3867000,0,0,0,0,0,0,0,0,0
201603,06,059,4,9,Orange County                 ,865,865,283388409,18,36,8342007,8,25,5591129,40,1883,239493855,781,781,247659750,12,24,4640211,7,22,4529731,37,1839,234574345
201603,06,061,4,9,Placer County                 ,467,467,141554422,0,0,0,0,0,0,1,20,1569952,464,464,140573710,0,0,0,0,0,0,1,20,1569952
201603,06,063,4,9,Plumas County                 ,5,5,711227,0,0,0,0,0,0,0,0,0,5,5,711227,0,0,0,0,0,0,0,0,0
201603,06,067,4,9,Sacramento County             ,472,472,119205806,2,4,680815,0,0,0,2,260,33827006,467,467,118029056,2,4,680815,0,0,0,2,260,33827006
201603,06,069,4,9,San Benito County             ,45,45,11404172,0,0,0,0,0,0,1,5,1398501,38,38,9656781,0,0,0,0,0,0,1,5,1398501
201603,06,071,4,9,San Bernardino County         ,688,688,172595906,0,0,0,2,6,468666,30,599,78412555,622,622,157834404,0,0,0,1,3,184952,29,594,78026551
201603,06,073,4,9,San Diego County              ,546,546,182775604,16,32,5474184,38,120,21227505,41,1647,164861603,528,528,173112926,16,32,5474184,38,120,21227505,38,1610,159947279
201603,06,075,4,9,San Francisco County          ,10,10,2672247,8,16,5689800,1,3,1150000,6,788,275705306,10,10,2672247,8,16,5689800,1,3,1150000,6,788,275705306
201603,06,081,4,9,San Mateo County              ,55,55,42040226,2,4,1000000,0,0,0,6,284,58400490,28,28,29523470,2,4,1000000,0,0,0,3,92,17551080
201603,06,085,4,9,Santa Clara County            ,338,338,134456229,2,4,1825006,3,11,1798289,30,1158,117567641,298,298,123866480,2,4,1825006,2,8,1053031,25,898,71421737
201603,06,091,4,9,Sierra County                 ,1,1,119730,0,0,0,0,0,0,0,0,0,1,1,119730,0,0,0,0,0,0,0,0,0
201603,06,113,4,9,Yolo County                   ,101,101,32023838,0,0,0,0,0,0,0,0,0,97,97,30385062,0,0,0,0,0,0,0,0,0
201603,08,001,4,8,Adams County                  ,465,465,121053705,0,0,0,4,15,1928466,8,50,4074154,465,465,121053705,0,0,0,3,12,1349331,8,50,4074154
201603,08,005,4,8,Arapahoe County               ,488,488,131249746,0,0,0,0,0,0,17,811,98735803,478,478,128235860,0,0,0,0,0,0,17,811,98735803
201603,08,014,4,8,Broomfield County             ,141,141,46777226,0,0,0,2,8,1075814,1,5,673523,141,141,46777226,0,0,0,2,8,1075814,1,5,673523
201603,08,015,4,8,Chaffee County                ,20,20,5269646,1,2,323962,0,0,0,0,0,0,0,0,0,0,0,0,0,0,0,0,0,0
201603,08,019,4,8,Clear Creek County            ,3,3,1185981,0,0,0,0,0,0,0,0,0,3,3,1185981,0,0,0,0,0,0,0,0,0
201603,08,031,4,8,Denver County                 ,481,481,128535075,2,4,532958,1,4,757100,11,900,155256357,481,481,128535075,2,4,532958,1,4,757100,11,900,155256357
201603,08,035,4,8,Douglas County                ,441,441,136900134,0,0,0,0,0,0,0,0,0,431,431,133660851,0,0,0,0,0,0,0,0,0
201603,08,039,4,8,Elbert County                 ,33,33,6668921,0,0,0,0,0,0,0,0,0,32,32,6508491,0,0,0,0,0,0,0,0,0
201603,08,041,4,8,El Paso County                ,847,847,343266775,1,2,113291,0,0,0,3,16,2140956,847,847,343266775,1,2,113291,0,0,0,3,16,2140956
201603,08,047,4,8,Gilpin County                 ,3,3,1325000,0,0,0,0,0,0,0,0,0,3,3,1325000,0,0,0,0,0,0,0,0,0
201603,08,069,4,8,Larimer County                ,336,336,89612797,5,10,1660971,5,20,3743023,1,5,805385,334,334,89184294,5,10,1660971,5,20,3743023,1,5,805385
201603,08,077,4,8,Mesa County                   ,77,77,20299107,1,2,150325,0,0,0,1,64,7634708,77,77,20299107,1,2,150325,0,0,0,1,64,7634708
201603,08,093,4,8,Park County                   ,22,22,3262449,0,0,0,0,0,0,0,0,0,22,22,3262449,0,0,0,0,0,0,0,0,0
201603,08,101,4,8,Pueblo County                 ,49,49,8467593,0,0,0,0,0,0,0,0,0,49,49,8467593,0,0,0,0,0,0,0,0,0
201603,08,119,4,8,Teller County                 ,9,9,3034628,0,0,0,0,0,0,0,0,0,9,9,3034628,0,0,0,0,0,0,0,0,0
201603,09,001,1,1,Fairfield County              ,160,160,84287615,3,6,818000,0,0,0,5,262,38683359,144,144,67734136,3,6,818000,0,0,0,3,250,37965502
201603,09,003,1,1,Hartford County               ,96,96,18718232,0,0,0,1,3,420000,15,274,27526000,90,90,17532149,0,0,0,1,3,420000,15,274,27526000
201603,09,007,1,1,Middlesex County              ,37,37,8516376,0,0,0,1,3,250000,1,5,400000,29,29,6129891,0,0,0,1,3,250000,1,5,400000
201603,09,013,1,1,Tolland County                ,53,53,7391319,0,0,0,0,0,0,9,106,11596954,45,45,5709323,0,0,0,0,0,0,8,101,10983304
201603,10,001,3,5,Kent County                   ,237,237,33298313,0,0,0,0,0,0,1,9,501039,234,234,32998933,0,0,0,0,0,0,1,9,501039
201603,10,003,3,5,New Castle County             ,295,295,21383087,2,4,285824,2,7,444223,7,88,3874922,270,270,18872735,2,4,285824,0,0,0,1,24,780000
201603,10,005,3,5,Sussex County                 ,563,563,82994939,14,28,3023945,7,26,3409498,5,64,4227852,563,563,82994939,14,28,3023945,7,26,3409498,5,64,4227852
201603,11,001,3,5,Washington  DC                ,137,137,30916544,5,10,1099740,1,4,483864,9,546,51727614,137,137,30916544,5,10,1099740,1,4,483864,9,546,51727614
201603,12,003,3,5,Baker County                  ,22,22,3959270,0,0,0,0,0,0,0,0,0,22,22,3959270,0,0,0,0,0,0,0,0,0
201603,12,019,3,5,Clay County                   ,251,251,54606748,0,0,0,0,0,0,0,0,0,251,251,54606748,0,0,0,0,0,0,0,0,0
201603,12,031,3,5,Duval County                  ,759,759,176667244,8,16,1759584,0,0,0,1,24,2273741,755,755,174953806,8,16,1759584,0,0,0,1,24,2273741
201603,12,033,3,5,Escambia County               ,233,233,53179292,0,0,0,0,0,0,7,168,9555910,233,233,53179292,0,0,0,0,0,0,7,168,9555910
201603,12,053,3,5,Hernando County               ,141,141,25848451,0,0,0,0,0,0,7,94,10913500,139,139,25455019,0,0,0,0,0,0,7,94,10913500
201603,12,057,3,5,Hillsborough County           ,1418,1418,472866988,0,0,0,1,4,300000,27,1360,186627191,1418,1418,472866988,0,0,0,1,4,300000,27,1360,186627191
201603,12,067,3,5,Lafayette County              ,3,3,458000,0,0,0,0,0,0,0,0,0,3,3,458000,0,0,0,0,0,0,0,0,0
201603,12,071,3,5,Lee County                    ,935,935,221200828,5,10,694940,12,48,7161847,9,129,19829935,935,935,221200828,5,10,694940,12,48,7161847,9,129,19829935
201603,12,073,3,5,Leon County                   ,133,133,25733850,0,0,0,1,3,390000,6,143,14613495,0,0,0,0,0,0,0,0,0,0,0,0
201603,12,081,3,5,Manatee County                ,826,826,184372758,14,28,2242500,9,36,5973180,16,412,42196712,820,820,182094496,14,28,2242500,9,36,5973180,16,412,42196712
201603,12,086,3,5,Miami-Dade County             ,648,648,176563157,15,30,5172369,2,7,1753560,52,1965,382993563,606,606,156552692,15,30,5172369,2,7,1753560,49,1947,351094830
201603,12,089,3,5,Nassau County                 ,192,192,52011312,0,0,0,0,0,0,0,0,0,192,192,52011312,0,0,0,0,0,0,0,0,0
201603,12,091,3,5,Okaloosa County               ,211,211,58016524,0,0,0,1,4,573520,0,0,0,197,197,56018939,0,0,0,1,4,573520,0,0,0
201603,12,095,3,5,Orange County                 ,1410,1410,373364731,17,34,6862477,1,4,861960,12,819,131200524,1362,1362,362804105,17,34,6862477,1,4,861960,12,819,131200524
201603,12,097,3,5,Osceola County                ,1005,1005,236982983,0,0,0,6,24,3983156,4,205,17883226,1005,1005,236982983,0,0,0,6,24,3983156,4,205,17883226
201603,12,101,3,5,Pasco County                  ,604,604,129500571,11,22,2048735,10,40,1397228,21,487,28734797,601,601,129140571,9,18,1488735,10,40,1397228,18,472,27617219
201603,12,103,3,5,Pinellas County               ,330,330,88604699,2,4,466040,2,6,1137044,6,484,42880256,304,304,81563178,2,4,466040,1,3,897000,1,366,36000000
201603,12,109,3,5,St. Johns County              ,881,881,224397233,0,0,0,5,20,3867931,3,36,5225028,864,864,220967268,0,0,0,5,20,3867931,3,36,5225028
201603,12,113,3,5,Santa Rosa County             ,318,318,71762488,0,0,0,0,0,0,0,0,0,318,318,71762488,0,0,0,0,0,0,0,0,0
201603,12,115,3,5,Sarasota County               ,641,641,184743216,1,2,710000,1,4,557900,4,24,5493550,641,641,184743216,1,2,710000,1,4,557900,4,24,5493550
201603,12,117,3,5,Seminole County               ,168,168,59047045,3,6,869267,0,0,0,28,767,67246537,168,168,59047045,3,6,869267,0,0,0,27,747,65586224
201603,12,129,3,5,Wakulla County                ,41,41,5311389,0,0,0,0,0,0,0,0,0,41,41,5311389,0,0,0,0,0,0,0,0,0
201603,12,131,3,5,Walton County                 ,371,371,152351671,0,0,0,0,0,0,0,0,0,371,371,152351671,0,0,0,0,0,0,0,0,0
201603,12,133,3,5,Washington County             ,9,9,1455569,0,0,0,0,0,0,0,0,0,7,7,1137912,0,0,0,0,0,0,0,0,0
201603,13,007,3,5,Baker County                  ,0,0,0,0,0,0,0,0,0,0,0,0,0,0,0,0,0,0,0,0,0,0,0,0
201603,13,013,3,5,Barrow County                 ,67,67,9415766,0,0,0,0,0,0,0,0,0,54,54,8084030,0,0,0,0,0,0,0,0,0
201603,13,015,3,5,Bartow County                 ,110,110,21230960,0,0,0,0,0,0,0,0,0,101,101,19309706,0,0,0,0,0,0,0,0,0
201603,13,021,3,5,Bibb County                   ,22,22,3606470,0,0,0,0,0,0,0,0,0,22,22,3606470,0,0,0,0,0,0,0,0,0
201603,13,029,3,5,Bryan County                  ,103,103,24403431,0,0,0,0,0,0,1,6,300000,86,86,21761283,0,0,0,0,0,0,0,0,0
201603,13,033,3,5,Burke County                  ,11,11,1815092,0,0,0,0,0,0,0,0,0,0,0,0,0,0,0,0,0,0,0,0,0
201603,13,035,3,5,Butts County                  ,12,12,1549251,0,0,0,0,0,0,0,0,0,11,11,1356300,0,0,0,0,0,0,0,0,0
201603,13,045,3,5,Carroll County                ,52,52,9936026,0,0,0,0,0,0,5,72,1467306,52,52,9936026,0,0,0,0,0,0,5,72,1467306
201603,13,051,3,5,Chatham County                ,216,216,56331664,0,0,0,0,0,0,3,21,1052357,195,195,54218675,0,0,0,0,0,0,2,16,640000
201603,13,057,3,5,Cherokee County               ,457,457,115742486,0,0,0,0,0,0,3,36,8523990,457,457,115742486,0,0,0,0,0,0,3,36,8523990
201603,13,059,3,5,Clarke County                 ,33,33,6163205,0,0,0,0,0,0,0,0,0,33,33,6163205,0,0,0,0,0,0,0,0,0
201603,13,063,3,5,Clayton County                ,195,195,44354968,0,0,0,0,0,0,0,0,0,189,189,42505622,0,0,0,0,0,0,0,0,0
201603,13,067,3,5,Cobb County                   ,461,461,130368776,1,2,327918,3,11,3086575,7,567,59018545,461,461,130368776,1,2,327918,3,11,3086575,7,567,59018545
201603,13,073,3,5,Columbia County               ,354,354,60406626,0,0,0,0,0,0,0,0,0,0,0,0,0,0,0,0,0,0,0,0,0
201603,13,077,3,5,Coweta County                 ,198,198,67944836,0,0,0,0,0,0,0,0,0,191,191,66311930,0,0,0,0,0,0,0,0,0
201603,13,085,3,5,Dawson County                 ,49,49,12048169,0,0,0,0,0,0,0,0,0,49,49,12048169,0,0,0,0,0,0,0,0,0
201603,13,095,3,5,Dougherty County              ,12,12,1324591,4,8,600440,0,0,0,0,0,0,0,0,0,0,0,0,0,0,0,0,0,0
201603,13,097,3,5,Douglas County                ,96,96,15777078,0,0,0,0,0,0,0,0,0,96,96,15777078,0,0,0,0,0,0,0,0,0
201603,13,111,3,5,Fannin County                 ,65,65,12685882,0,0,0,0,0,0,0,0,0,65,65,12685882,0,0,0,0,0,0,0,0,0
201603,13,113,3,5,Fayette County                ,95,95,26031968,0,0,0,0,0,0,0,0,0,88,88,23777796,0,0,0,0,0,0,0,0,0
201603,13,117,3,5,Forsyth County                ,744,744,108310576,1,2,100480,0,0,0,10,260,14792120,744,744,108310576,1,2,100480,0,0,0,10,260,14792120
201603,13,121,3,5,Fulton County                 ,791,791,204381399,0,0,0,0,0,0,37,3129,351862906,785,785,202866399,0,0,0,0,0,0,35,3106,350440239
201603,13,127,3,5,Glynn County                  ,116,116,30597983,0,0,0,0,0,0,0,0,0,0,0,0,0,0,0,0,0,0,0,0,0
201603,13,135,3,5,Gwinnett County               ,987,987,149768657,0,0,0,0,0,0,1,18,1488148,734,734,104748295,0,0,0,0,0,0,0,0,0
201603,13,143,3,5,Haralson County               ,5,5,914392,0,0,0,0,0,0,0,0,0,0,0,0,0,0,0,0,0,0,0,0,0
201603,13,145,3,5,Harris County                 ,39,39,8736520,0,0,0,0,0,0,0,0,0,39,39,8736520,0,0,0,0,0,0,0,0,0
201603,13,149,3,5,Heard County                  ,3,3,365136,0,0,0,0,0,0,0,0,0,0,0,0,0,0,0,0,0,0,0,0,0
201603,13,151,3,5,Henry County                  ,295,295,59824082,0,0,0,0,0,0,0,0,0,295,295,59824082,0,0,0,0,0,0,0,0,0
201603,13,159,3,5,Jasper County                 ,15,15,2009610,0,0,0,0,0,0,0,0,0,0,0,0,0,0,0,0,0,0,0,0,0
201603,13,171,3,5,Lamar County                  ,10,10,1209168,0,0,0,0,0,0,0,0,0,10,10,1209168,0,0,0,0,0,0,0,0,0
201603,13,177,3,5,Lee County                    ,29,29,3855886,0,0,0,0,0,0,0,0,0,29,29,3855886,0,0,0,0,0,0,0,0,0
201603,13,179,3,5,Liberty County                ,84,84,19413399,0,0,0,0,0,0,0,0,0,84,84,19413399,0,0,0,0,0,0,0,0,0
201603,13,189,3,5,McDuffie County               ,5,5,876315,0,0,0,0,0,0,0,0,0,0,0,0,0,0,0,0,0,0,0,0,0
201603,13,199,3,5,Meriwether County             ,7,7,1545194,0,0,0,0,0,0,0,0,0,4,4,902672,0,0,0,0,0,0,0,0,0
201603,13,201,3,5,Miller County                 ,0,0,0,0,0,0,0,0,0,0,0,0,0,0,0,0,0,0,0,0,0,0,0,0
201603,13,207,3,5,Monroe County                 ,28,28,6593000,0,0,0,0,0,0,0,0,0,28,28,6593000,0,0,0,0,0,0,0,0,0
201603,13,215,3,5,Muscogee County               ,83,83,10211950,0,0,0,2,7,317963,3,37,2806360,17,17,3225419,0,0,0,0,0,0,0,0,0
201603,13,217,3,5,Newton County                 ,57,57,12652155,0,0,0,0,0,0,0,0,0,54,54,12245414,0,0,0,0,0,0,0,0,0
201603,13,227,3,5,Pickens County                ,15,15,3828133,0,0,0,0,0,0,0,0,0,9,9,2360000,0,0,0,0,0,0,0,0,0
201603,13,231,3,5,Pike County                   ,23,23,3511600,0,0,0,0,0,0,0,0,0,23,23,3511600,0,0,0,0,0,0,0,0,0
201603,13,235,3,5,Pulaski County                ,3,3,234875,0,0,0,0,0,0,0,0,0,0,0,0,0,0,0,0,0,0,0,0,0
201603,13,245,3,5,Richmond County               ,95,95,18655037,1,2,180000,0,0,0,4,83,2423064,1,1,400000,0,0,0,0,0,0,0,0,0
201603,13,247,3,5,Rockdale County               ,45,45,10139137,0,0,0,0,0,0,0,0,0,45,45,10139137,0,0,0,0,0,0,0,0,0
201603,13,255,3,5,Spalding County               ,61,61,7234979,0,0,0,0,0,0,0,0,0,61,61,7234979,0,0,0,0,0,0,0,0,0
201603,13,275,3,5,Thomas County                 ,34,34,5583537,0,0,0,0,0,0,0,0,0,31,31,5074815,0,0,0,0,0,0,0,0,0
201603,13,291,3,5,Union County                  ,36,36,8282339,0,0,0,0,0,0,0,0,0,36,36,8282339,0,0,0,0,0,0,0,0,0
201603,15,001,4,9,Hawaii County                 ,184,184,76103305,3,6,4514856,0,0,0,2,24,7548387,57,57,16806493,1,2,300000,0,0,0,0,0,0
201603,15,003,4,9,Honolulu County               ,236,236,88677698,0,0,0,0,0,0,1,54,11087150,236,236,88677698,0,0,0,0,0,0,1,54,11087150
201603,15,007,4,9,Kauai County                  ,44,44,22706027,0,0,0,0,0,0,0,0,0,13,13,5787276,0,0,0,0,0,0,0,0,0
201603,15,009,4,9,Maui County                   ,71,71,20702663,12,24,6127430,1,3,341040,0,0,0,71,71,20702663,12,24,6127430,1,3,341040,0,0,0
201603,16,001,4,8,Ada County                    ,970,970,229060663,0,0,0,8,32,3020768,3,85,14483443,970,970,229060663,0,0,0,8,32,3020768,3,85,14483443
201603,16,015,4,8,Boise County                  ,2,2,555017,0,0,0,0,0,0,0,0,0,2,2,555017,0,0,0,0,0,0,0,0,0
201603,16,027,4,8,Canyon County                 ,294,294,45801912,0,0,0,5,20,1250000,10,256,17858303,246,246,39206429,0,0,0,5,20,1250000,10,256,17858303
201603,16,045,4,8,Gem County                    ,13,13,1796759,0,0,0,0,0,0,0,0,0,13,13,1796759,0,0,0,0,0,0,0,0,0
201603,16,073,4,8,Owyhee County                 ,6,6,957234,0,0,0,0,0,0,0,0,0,4,4,622841,0,0,0,0,0,0,0,0,0
201603,17,005,2,3,Bond County                   ,3,3,528624,0,0,0,0,0,0,0,0,0,0,0,0,0,0,0,0,0,0,0,0,0
201603,17,013,2,3,Calhoun County                ,3,3,591250,0,0,0,0,0,0,0,0,0,0,0,0,0,0,0,0,0,0,0,0,0
201603,17,031,2,3,Cook County                   ,353,353,139984350,7,14,4919350,31,103,20472516,50,2476,382092916,317,317,125896025,7,14,4919350,31,103,20472516,49,2471,381394590
201603,17,037,2,3,DeKalb County                 ,13,13,2695378,0,0,0,1,4,676000,0,0,0,10,10,2138432,0,0,0,1,4,676000,0,0,0
201603,17,039,2,3,De Witt County                ,5,5,1050000,0,0,0,0,0,0,0,0,0,5,5,1050000,0,0,0,0,0,0,0,0,0
201603,17,043,2,3,DuPage County                 ,205,205,81693033,2,4,300000,0,0,0,0,0,0,182,182,72167783,2,4,300000,0,0,0,0,0,0
201603,17,063,2,3,Grundy County                 ,14,14,3312543,0,0,0,0,0,0,4,29,1487178,12,12,2991445,0,0,0,0,0,0,0,0,0
201603,17,083,2,3,Jersey County                 ,3,3,484218,0,0,0,0,0,0,0,0,0,1,1,173000,0,0,0,0,0,0,0,0,0
201603,17,093,2,3,Kendall County                ,31,31,6501743,0,0,0,0,0,0,0,0,0,23,23,5164127,0,0,0,0,0,0,0,0,0
201603,17,097,2,3,Lake County                   ,114,114,40386309,0,0,0,0,0,0,2,26,3230082,81,81,28658214,0,0,0,0,0,0,1,12,1293912
201603,17,111,2,3,McHenry County                ,74,74,13882596,0,0,0,0,0,0,1,5,400000,59,59,12199927,0,0,0,0,0,0,1,5,400000
201603,17,119,2,3,Madison County                ,81,81,24396966,0,0,0,0,0,0,0,0,0,81,81,24396966,0,0,0,0,0,0,0,0,0
201603,17,133,2,3,Monroe County                 ,33,33,7445981,1,2,240324,0,0,0,0,0,0,24,24,5553920,0,0,0,0,0,0,0,0,0
201603,17,197,2,3,Will County                   ,195,195,53704495,0,0,0,0,0,0,0,0,0,171,171,49428045,0,0,0,0,0,0,0,0,0
201603,18,003,2,3,Allen County                  ,220,220,55528033,1,2,100000,0,0,0,21,198,15215000,220,220,55528033,1,2,100000,0,0,0,21,198,15215000
201603,18,011,2,3,Boone County                  ,93,93,25240636,2,4,365700,0,0,0,0,0,0,92,92,24984195,2,4,365700,0,0,0,0,0,0
201603,18,013,2,3,Brown County                  ,5,5,1156656,0,0,0,0,0,0,0,0,0,3,3,738282,0,0,0,0,0,0,0,0,0
201603,18,019,2,3,Clark County                  ,108,108,20558195,4,8,981871,0,0,0,0,0,0,104,104,19842524,4,8,981871,0,0,0,0,0,0
201603,18,047,2,3,Franklin County               ,4,4,948786,0,0,0,0,0,0,0,0,0,1,1,226000,0,0,0,0,0,0,0,0,0
201603,18,057,2,3,Hamilton County               ,541,541,204354381,8,16,1625168,3,11,1728550,12,129,12421915,541,541,204354381,8,16,1625168,3,11,1728550,12,129,12421915
201603,18,059,2,3,Hancock County                ,88,88,17025156,0,0,0,0,0,0,0,0,0,88,88,17025156,0,0,0,0,0,0,0,0,0
201603,18,061,2,3,Harrison County               ,22,22,4539846,0,0,0,0,0,0,0,0,0,22,22,4539846,0,0,0,0,0,0,0,0,0
201603,18,063,2,3,Hendricks County              ,185,185,42561298,0,0,0,0,0,0,0,0,0,179,179,41140013,0,0,0,0,0,0,0,0,0
201603,18,069,2,3,Huntington County             ,7,7,1486327,0,0,0,0,0,0,0,0,0,7,7,1486327,0,0,0,0,0,0,0,0,0
201603,18,073,2,3,Jasper County                 ,14,14,3065470,0,0,0,0,0,0,0,0,0,14,14,3065470,0,0,0,0,0,0,0,0,0
201603,18,081,2,3,Johnson County                ,123,123,27957918,0,0,0,0,0,0,0,0,0,117,117,27264504,0,0,0,0,0,0,0,0,0
201603,18,087,2,3,Lagrange County               ,24,24,4597000,0,0,0,0,0,0,0,0,0,24,24,4597000,0,0,0,0,0,0,0,0,0
201603,18,089,2,3,Lake County                   ,150,150,39228873,0,0,0,1,3,542000,1,8,1177000,142,142,37508696,0,0,0,1,3,542000,1,8,1177000
201603,18,097,2,3,Marion County                 ,208,208,49591570,9,18,2413880,0,0,0,1,77,10000000,205,205,49150765,9,18,2413880,0,0,0,1,77,10000000
201603,18,105,2,3,Monroe County                 ,49,49,11929862,7,14,1718275,0,0,0,1,20,1845124,37,37,9105478,7,14,1718275,0,0,0,0,0,0
201603,18,109,2,3,Morgan County                 ,19,19,3880446,0,0,0,0,0,0,0,0,0,19,19,3880446,0,0,0,0,0,0,0,0,0
201603,18,111,2,3,Newton County                 ,5,5,1133920,0,0,0,0,0,0,0,0,0,0,0,0,0,0,0,0,0,0,0,0,0
201603,18,115,2,3,Ohio County                   ,2,2,382000,0,0,0,0,0,0,0,0,0,2,2,382000,0,0,0,0,0,0,0,0,0
201603,18,119,2,3,Owen County                   ,5,5,1694000,0,0,0,0,0,0,0,0,0,5,5,1694000,0,0,0,0,0,0,0,0,0
201603,18,127,2,3,Porter County                 ,49,49,12280809,0,0,0,0,0,0,4,66,8574882,46,46,11892163,0,0,0,0,0,0,4,66,8574882
201603,18,133,2,3,Putnam County                 ,8,8,2592188,0,0,0,0,0,0,0,0,0,8,8,2592188,0,0,0,0,0,0,0,0,0
201603,18,145,2,3,Shelby County                 ,13,13,2487970,0,0,0,0,0,0,0,0,0,13,13,2487970,0,0,0,0,0,0,0,0,0
201603,18,151,2,3,Steuben County                ,15,15,3155482,0,0,0,0,0,0,0,0,0,15,15,3155482,0,0,0,0,0,0,0,0,0
201603,18,157,2,3,Tippecanoe County             ,105,105,22300155,0,0,0,0,0,0,5,30,2583083,3,3,795000,0,0,0,0,0,0,0,0,0
201603,18,163,2,3,Vanderburgh County            ,62,62,11831494,3,6,385000,0,0,0,1,12,300000,62,62,11831494,3,6,385000,0,0,0,1,12,300000
201603,18,167,2,3,Vigo County                   ,3,3,451692,3,6,338358,0,0,0,3,31,2913368,0,0,0,0,0,0,0,0,0,0,0,0
201603,18,175,2,3,Washington County             ,7,7,951539,0,0,0,0,0,0,0,0,0,0,0,0,0,0,0,0,0,0,0,0,0
201603,18,183,2,3,Whitley County                ,30,30,4159500,0,0,0,0,0,0,2,34,1475000,30,30,4159500,0,0,0,0,0,0,2,34,1475000
201603,19,049,2,4,Dallas County                 ,133,133,35820962,0,0,0,0,0,0,2,72,10214996,133,133,35820962,0,0,0,0,0,0,2,72,10214996
201603,19,085,2,4,Harrison County               ,4,4,897553,0,0,0,0,0,0,0,0,0,3,3,662188,0,0,0,0,0,0,0,0,0
201603,19,129,2,4,Mills County                  ,0,0,0,0,0,0,0,0,0,0,0,0,0,0,0,0,0,0,0,0,0,0,0,0
201603,19,153,2,4,Polk County                   ,525,525,127141791,1,2,265440,0,0,0,10,508,59466798,523,523,126698271,1,2,265440,0,0,0,10,508,59466798
201603,19,181,2,4,Warren County                 ,34,34,8729294,0,0,0,0,0,0,1,116,10944453,27,27,6357314,0,0,0,0,0,0,1,116,10944453
201603,20,091,2,4,Johnson County                ,423,423,135361819,3,6,1010432,3,9,1368386,3,55,6782574,338,338,110366106,2,4,671854,0,0,0,3,55,6782574
201603,20,103,2,4,Leavenworth County            ,42,42,8258981,0,0,0,0,0,0,1,42,2195558,42,42,8258981,0,0,0,0,0,0,1,42,2195558
201603,20,107,2,4,Linn County                   ,7,7,736645,0,0,0,0,0,0,0,0,0,4,4,462000,0,0,0,0,0,0,0,0,0
201603,20,121,2,4,Miami County                  ,20,20,3997027,0,0,0,0,0,0,0,0,0,10,10,1806995,0,0,0,0,0,0,0,0,0
201603,20,209,2,4,Wyandotte County              ,52,52,8220130,5,10,872500,0,0,0,0,0,0,52,52,8220130,5,10,872500,0,0,0,0,0,0
201603,21,005,3,6,Anderson County               ,11,11,2421493,0,0,0,0,0,0,0,0,0,11,11,2421493,0,0,0,0,0,0,0,0,0
201603,21,015,3,6,Boone County                  ,76,76,11780451,2,4,200000,0,0,0,0,0,0,76,76,11780451,2,4,200000,0,0,0,0,0,0
201603,21,017,3,6,Bourbon County                ,5,5,1426257,0,0,0,0,0,0,0,0,0,3,3,835000,0,0,0,0,0,0,0,0,0
201603,21,021,3,6,Boyle County                  ,4,4,865000,0,0,0,1,3,450000,0,0,0,4,4,865000,0,0,0,1,3,450000,0,0,0
201603,21,029,3,6,Bullitt County                ,96,96,20913249,0,0,0,0,0,0,0,0,0,96,96,20913249,0,0,0,0,0,0,0,0,0
201603,21,035,3,6,Calloway County               ,5,5,788000,7,14,1059000,0,0,0,2,16,1245000,5,5,788000,7,14,1059000,0,0,0,2,16,1245000
201603,21,037,3,6,Campbell County               ,36,36,9468271,0,0,0,0,0,0,1,7,491882,36,36,9468271,0,0,0,0,0,0,1,7,491882
201603,21,045,3,6,Casey County                  ,0,0,0,0,0,0,0,0,0,0,0,0,0,0,0,0,0,0,0,0,0,0,0,0
201603,21,047,3,6,Christian County              ,6,6,440000,1,2,155000,5,19,1055000,2,14,500000,1,1,84000,1,2,155000,5,19,1055000,2,14,500000
201603,21,049,3,6,Clark County                  ,10,10,1805176,1,2,400000,0,0,0,0,0,0,8,8,1459000,0,0,0,0,0,0,0,0,0
201603,21,067,3,6,Fayette County                ,189,189,27807328,3,6,612999,1,3,300000,5,113,6739678,0,0,0,0,0,0,0,0,0,0,0,0
201603,21,069,3,6,Fleming County                ,0,0,0,0,0,0,0,0,0,0,0,0,0,0,0,0,0,0,0,0,0,0,0,0
201603,21,077,3,6,Gallatin County               ,2,2,425000,0,0,0,0,0,0,0,0,0,2,2,425000,0,0,0,0,0,0,0,0,0
201603,21,081,3,6,Grant County                  ,7,7,1427097,0,0,0,0,0,0,2,10,627500,0,0,0,0,0,0,0,0,0,0,0,0
201603,21,091,3,6,Hancock County                ,0,0,0,0,0,0,0,0,0,0,0,0,0,0,0,0,0,0,0,0,0,0,0,0
201603,21,099,3,6,Hart County                   ,11,11,1069750,0,0,0,0,0,0,3,15,1703214,0,0,0,0,0,0,0,0,0,0,0,0
201603,21,101,3,6,Henderson County              ,3,3,667317,1,2,99000,0,0,0,0,0,0,2,2,494000,1,2,99000,0,0,0,0,0,0
201603,21,103,3,6,Henry County                  ,8,8,1937000,0,0,0,0,0,0,0,0,0,8,8,1937000,0,0,0,0,0,0,0,0,0
201603,21,111,3,6,Jefferson County              ,271,271,55869793,8,16,973440,0,0,0,42,319,19643941,8,8,1337951,0,0,0,0,0,0,0,0,0
201603,21,113,3,6,Jessamine County              ,45,45,9256006,0,0,0,3,9,1134642,0,0,0,19,19,5779000,0,0,0,0,0,0,0,0,0
201603,21,115,3,6,Johnson County                ,1,1,606000,0,0,0,0,0,0,0,0,0,1,1,606000,0,0,0,0,0,0,0,0,0
201603,21,117,3,6,Kenton County                 ,68,68,13221794,0,0,0,0,0,0,6,41,4783494,68,68,13221794,0,0,0,0,0,0,6,41,4783494
201603,21,121,3,6,Knox County                   ,0,0,0,0,0,0,0,0,0,0,0,0,0,0,0,0,0,0,0,0,0,0,0,0
201603,21,123,3,6,Larue County                  ,7,7,1579678,0,0,0,0,0,0,0,0,0,7,7,1579678,0,0,0,0,0,0,0,0,0
201603,21,137,3,6,Lincoln County                ,6,6,1171004,0,0,0,0,0,0,0,0,0,6,6,1171004,0,0,0,0,0,0,0,0,0
201603,21,145,3,6,McCracken County              ,67,67,11750733,0,0,0,0,0,0,0,0,0,67,67,11750733,0,0,0,0,0,0,0,0,0
201603,21,151,3,6,Madison County                ,51,51,4682259,5,10,443988,0,0,0,2,10,337144,24,24,2345000,2,4,105000,0,0,0,0,0,0
201603,21,157,3,6,Marshall County               ,7,7,1875000,0,0,0,0,0,0,0,0,0,7,7,1875000,0,0,0,0,0,0,0,0,0
201603,21,161,3,6,Mason County                  ,6,6,1010000,0,0,0,0,0,0,0,0,0,6,6,1010000,0,0,0,0,0,0,0,0,0
201603,21,163,3,6,Meade County                  ,14,14,1979000,0,0,0,0,0,0,0,0,0,14,14,1979000,0,0,0,0,0,0,0,0,0
201603,21,167,3,6,Mercer County                 ,11,11,1541922,2,4,275000,0,0,0,0,0,0,0,0,0,0,0,0,0,0,0,0,0,0
201603,21,175,3,6,Morgan County                 ,5,5,375000,0,0,0,0,0,0,0,0,0,0,0,0,0,0,0,0,0,0,0,0,0
201603,21,179,3,6,Nelson County                 ,25,25,4255000,0,0,0,0,0,0,0,0,0,25,25,4255000,0,0,0,0,0,0,0,0,0
201603,21,185,3,6,Oldham County                 ,59,59,15879716,0,0,0,0,0,0,0,0,0,0,0,0,0,0,0,0,0,0,0,0,0
201603,21,191,3,6,Pendleton County              ,0,0,0,0,0,0,0,0,0,0,0,0,0,0,0,0,0,0,0,0,0,0,0,0
201603,21,209,3,6,Scott County                  ,109,109,14420205,0,0,0,0,0,0,7,42,2415000,109,109,14420205,0,0,0,0,0,0,7,42,2415000
201603,21,211,3,6,Shelby County                 ,36,36,6393376,0,0,0,0,0,0,7,168,7000000,36,36,6393376,0,0,0,0,0,0,7,168,7000000
201603,21,213,3,6,Simpson County                ,28,28,2685857,0,0,0,0,0,0,0,0,0,27,27,2489500,0,0,0,0,0,0,0,0,0
201603,21,215,3,6,Spencer County                ,31,31,6995714,0,0,0,0,0,0,0,0,0,31,31,6995714,0,0,0,0,0,0,0,0,0
201603,21,221,3,6,Trigg County                  ,2,2,451336,0,0,0,0,0,0,0,0,0,2,2,451336,0,0,0,0,0,0,0,0,0
201603,21,225,3,6,Union County                  ,3,3,620762,0,0,0,0,0,0,0,0,0,1,1,195167,0,0,0,0,0,0,0,0,0
201603,21,239,3,6,Woodford County               ,12,12,2362950,0,0,0,0,0,0,0,0,0,12,12,2362950,0,0,0,0,0,0,0,0,0
201603,22,005,3,7,Ascension Parish              ,180,180,29661048,0,0,0,0,0,0,0,0,0,155,155,26022768,0,0,0,0,0,0,0,0,0
201603,22,015,3,7,Bossier Parish                ,136,136,26545808,0,0,0,0,0,0,6,82,3000000,57,57,8615828,0,0,0,0,0,0,6,82,3000000
201603,22,017,3,7,Caddo Parish                  ,65,65,15294224,0,0,0,0,0,0,0,0,0,63,63,14884269,0,0,0,0,0,0,0,0,0
201603,22,031,3,7,De Soto Parish                ,17,17,3757917,0,0,0,0,0,0,10,120,8858759,13,13,2823677,0,0,0,0,0,0,10,120,8858759
201603,22,033,3,7,East Baton Rouge Parish       ,302,302,73307806,0,0,0,0,0,0,2,23,5834217,165,165,41570552,0,0,0,0,0,0,0,0,0
201603,22,037,3,7,East Feliciana Parish         ,6,6,1171005,0,0,0,0,0,0,0,0,0,6,6,1171005,0,0,0,0,0,0,0,0,0
201603,22,047,3,7,Iberville Parish              ,21,21,3692748,0,0,0,0,0,0,0,0,0,4,4,665335,0,0,0,0,0,0,0,0,0
201603,22,051,3,7,Jefferson Parish              ,101,101,20435540,0,0,0,2,7,333340,0,0,0,66,66,14627816,0,0,0,2,7,333340,0,0,0
201603,22,055,3,7,Lafayette Parish              ,329,329,56268324,0,0,0,1,4,1000000,0,0,0,288,288,49751837,0,0,0,1,4,1000000,0,0,0
201603,22,063,3,7,Livingston Parish             ,195,195,40320574,2,4,440000,0,0,0,0,0,0,7,7,978000,2,4,440000,0,0,0,0,0,0
201603,22,071,3,7,Orleans Parish                ,116,116,26060462,12,24,2170963,3,10,956270,2,41,8113663,4,4,470900,1,2,168400,0,0,0,0,0,0
201603,22,075,3,7,Plaquemines Parish            ,10,10,3223594,0,0,0,0,0,0,0,0,0,10,10,3223594,0,0,0,0,0,0,0,0,0
201603,22,077,3,7,Pointe Coupee Parish          ,8,8,2057854,0,0,0,0,0,0,0,0,0,8,8,2057854,0,0,0,0,0,0,0,0,0
201603,22,087,3,7,St. Bernard Parish            ,22,22,2440977,0,0,0,0,0,0,0,0,0,22,22,2440977,0,0,0,0,0,0,0,0,0
201603,22,089,3,7,St. Charles Parish            ,30,30,4452803,0,0,0,0,0,0,0,0,0,30,30,4452803,0,0,0,0,0,0,0,0,0
201603,22,091,3,7,St. Helena Parish             ,0,0,0,0,0,0,0,0,0,0,0,0,0,0,0,0,0,0,0,0,0,0,0,0
201603,22,095,3,7,St. John the Baptist Parish   ,10,10,1698310,0,0,0,0,0,0,0,0,0,0,0,0,0,0,0,0,0,0,0,0,0
201603,22,099,3,7,St. Martin Parish             ,49,49,9212020,0,0,0,0,0,0,0,0,0,34,34,6259879,0,0,0,0,0,0,0,0,0
201603,22,103,3,7,St. Tammany Parish            ,311,311,74846692,0,0,0,0,0,0,0,0,0,298,298,70488189,0,0,0,0,0,0,0,0,0
201603,22,109,3,7,Terrebonne Parish             ,34,34,7786885,0,0,0,0,0,0,0,0,0,34,34,7786885,0,0,0,0,0,0,0,0,0
201603,22,121,3,7,West Baton Rouge Parish       ,67,67,9695887,0,0,0,0,0,0,0,0,0,59,59,8613123,0,0,0,0,0,0,0,0,0
201603,22,125,3,7,West Feliciana Parish         ,13,13,5098407,0,0,0,0,0,0,0,0,0,13,13,5098407,0,0,0,0,0,0,0,0,0
201603,23,000,1,1,Maine Unorganized Territory   ,9,9,1195203,0,0,0,0,0,0,0,0,0,0,0,0,0,0,0,0,0,0,0,0,0
201603,24,003,3,5,Anne Arundel County           ,436,436,96485973,1,2,261329,0,0,0,4,95,9927700,392,392,88461936,0,0,0,0,0,0,1,45,4300000
201603,24,005,3,5,Baltimore County              ,173,173,39040600,0,0,0,0,0,0,1,27,3000000,173,173,39040600,0,0,0,0,0,0,1,27,3000000
201603,24,009,3,5,Calvert County                ,53,53,11960414,0,0,0,0,0,0,0,0,0,53,53,11960414,0,0,0,0,0,0,0,0,0
201603,24,013,3,5,Carroll County                ,49,49,11057742,0,0,0,0,0,0,0,0,0,49,49,11057742,0,0,0,0,0,0,0,0,0
201603,24,015,3,5,Cecil County                  ,11,11,2599635,0,0,0,0,0,0,0,0,0,11,11,2599635,0,0,0,0,0,0,0,0,0
201603,24,017,3,5,Charles County                ,182,182,38539500,0,0,0,0,0,0,0,0,0,182,182,38539500,0,0,0,0,0,0,0,0,0
201603,24,021,3,5,Frederick County              ,182,182,42586579,0,0,0,0,0,0,11,226,28741899,182,182,42586579,0,0,0,0,0,0,11,226,28741899
201603,24,023,3,5,Garrett County                ,7,7,1734781,0,0,0,0,0,0,0,0,0,7,7,1734781,0,0,0,0,0,0,0,0,0
201603,24,025,3,5,Harford County                ,136,136,32395348,0,0,0,0,0,0,0,0,0,136,136,32395348,0,0,0,0,0,0,0,0,0
201603,24,027,3,5,Howard County                 ,206,206,46487649,0,0,0,0,0,0,2,46,6000000,206,206,46487649,0,0,0,0,0,0,2,46,6000000
201603,24,031,3,5,Montgomery County             ,315,315,73872719,0,0,0,0,0,0,4,510,86736399,180,180,44917065,0,0,0,0,0,0,2,379,69511502
201603,24,033,3,5,Prince George County          ,389,389,87848532,0,0,0,0,0,0,0,0,0,389,389,87848532,0,0,0,0,0,0,0,0,0
201603,24,035,3,5,Queen Anne County             ,32,32,6968041,0,0,0,0,0,0,0,0,0,32,32,6968041,0,0,0,0,0,0,0,0,0
201603,24,037,3,5,St. Mary's County             ,96,96,21940638,0,0,0,0,0,0,1,5,955000,96,96,21940638,0,0,0,0,0,0,1,5,955000
201603,24,037,3,5,St. Marys County              ,96,96,21940638,0,0,0,0,0,0,1,5,955000,96,96,21940638,0,0,0,0,0,0,1,5,955000
201603,24,039,3,5,Somerset County               ,8,8,1344356,0,0,0,0,0,0,2,12,1175200,0,0,0,0,0,0,0,0,0,0,0,0
201603,24,045,3,5,Wicomico County               ,23,23,3791066,2,4,534304,0,0,0,2,10,858000,18,18,3119002,1,2,358132,0,0,0,1,5,408000
201603,24,510,3,5,Baltimore (Independent City)  ,65,65,10133131,0,0,0,2,6,785532,3,134,13011297,0,0,0,0,0,0,0,0,0,0,0,0
201603,25,005,1,1,Bristol County                ,163,163,30431698,0,0,0,0,0,0,3,118,10619100,139,139,26532892,0,0,0,0,0,0,3,118,10619100
201603,25,009,1,1,Essex County                  ,150,150,42481638,10,20,4060131,2,6,1170636,3,29,3530750,96,96,25445317,8,16,3356000,0,0,0,0,0,0
201603,25,017,1,1,Middlesex County              ,332,332,92430508,21,42,4558058,11,38,3884956,16,169,25755535,239,239,66260932,15,30,2864864,9,32,2624945,3,54,9133228
201603,25,021,1,1,Norfolk County                ,196,196,84084640,1,2,348518,0,0,0,10,56,4220562,154,154,70348268,0,0,0,0,0,0,0,0,0
201603,25,023,1,1,Plymouth County               ,180,180,44197857,3,6,641957,2,7,866224,3,15,1477215,132,132,34606434,2,4,391040,0,0,0,0,0,0
201603,25,025,1,1,Suffolk County                ,13,13,3159072,11,22,5772560,8,25,3836275,25,571,207146532,11,11,2829206,11,22,5772560,8,25,3836275,19,511,199483352
201603,26,000,2,3,Michigan Balance of State     ,11,11,1848315,0,0,0,0,0,0,0,0,0,0,0,0,0,0,0,0,0,0,0,0,0
201603,26,019,2,3,Benzie County                 ,7,7,1637072,0,0,0,0,0,0,0,0,0,7,7,1637072,0,0,0,0,0,0,0,0,0
201603,26,029,2,3,Charlevoix County             ,9,9,2784116,1,2,570171,0,0,0,0,0,0,0,0,0,0,0,0,0,0,0,0,0,0
201603,26,089,2,3,Leelanau County               ,16,16,4504669,0,0,0,0,0,0,0,0,0,6,6,2089200,0,0,0,0,0,0,0,0,0
201603,26,093,2,3,Livingston County             ,123,123,32658614,0,0,0,0,0,0,0,0,0,118,118,32148255,0,0,0,0,0,0,0,0,0
201603,26,095,2,3,Luce County                   ,2,2,216154,0,0,0,0,0,0,0,0,0,1,1,100000,0,0,0,0,0,0,0,0,0
201603,26,099,2,3,Macomb County                 ,365,365,82588074,10,20,3037605,1,4,1209975,4,41,6826007,365,365,82588074,10,20,3037605,1,4,1209975,4,41,6826007
201603,26,103,2,3,Marquette County              ,6,6,1415000,0,0,0,0,0,0,0,0,0,6,6,1415000,0,0,0,0,0,0,0,0,0
201603,26,137,2,3,Otsego County                 ,3,3,243000,0,0,0,0,0,0,0,0,0,0,0,0,0,0,0,0,0,0,0,0,0
201603,26,147,2,3,St. Clair County              ,33,33,7533660,0,0,0,0,0,0,0,0,0,27,27,6263344,0,0,0,0,0,0,0,0,0
201603,26,163,2,3,Wayne County                  ,218,218,61664521,0,0,0,1,3,525000,1,14,1210668,201,201,58725712,0,0,0,1,3,525000,1,14,1210668
201603,27,003,2,4,Anoka County                  ,163,163,44085240,0,0,0,0,0,0,0,0,0,158,158,42960373,0,0,0,0,0,0,0,0,0
201603,27,019,2,4,Carver County                 ,117,117,36964495,0,0,0,0,0,0,0,0,0,117,117,36964495,0,0,0,0,0,0,0,0,0
201603,27,025,2,4,Chisago County                ,29,29,4703288,0,0,0,0,0,0,0,0,0,17,17,2924029,0,0,0,0,0,0,0,0,0
201603,27,027,2,4,Clay County                   ,14,14,3495900,0,0,0,0,0,0,0,0,0,14,14,3495900,0,0,0,0,0,0,0,0,0
201603,27,037,2,4,Dakota County                 ,198,198,60125025,0,0,0,1,4,620000,0,0,0,184,184,56294749,0,0,0,1,4,620000,0,0,0
201603,27,053,2,4,Hennepin County               ,346,346,142586045,0,0,0,4,14,3644329,4,238,41587501,325,325,134683819,0,0,0,2,8,2269933,2,226,40322490
201603,27,059,2,4,Isanti County                 ,38,38,6162208,0,0,0,0,0,0,0,0,0,38,38,6162208,0,0,0,0,0,0,0,0,0
201603,27,123,2,4,Ramsey County                 ,54,54,15546233,0,0,0,0,0,0,2,103,8000000,53,53,15225750,0,0,0,0,0,0,2,103,8000000
201603,27,139,2,4,Scott County                  ,95,95,31749218,0,0,0,0,0,0,0,0,0,95,95,31749218,0,0,0,0,0,0,0,0,0
201603,27,141,2,4,Sherburne County              ,62,62,15518765,0,0,0,0,0,0,0,0,0,59,59,15133763,0,0,0,0,0,0,0,0,0
201603,27,163,2,4,Washington County             ,159,159,54082351,0,0,0,0,0,0,0,0,0,149,149,49813207,0,0,0,0,0,0,0,0,0
201603,27,171,2,4,Wright County                 ,114,114,33213896,0,0,0,0,0,0,0,0,0,114,114,33213896,0,0,0,0,0,0,0,0,0
201603,28,033,3,6,DeSoto County                 ,267,267,38747186,0,0,0,0,0,0,0,0,0,189,189,23164830,0,0,0,0,0,0,0,0,0
201603,28,041,3,6,Greene County                 ,0,0,0,0,0,0,0,0,0,0,0,0,0,0,0,0,0,0,0,0,0,0,0,0
201603,28,045,3,6,Hancock County                ,88,88,13934603,1,2,185179,2,7,702529,3,30,2539881,6,6,1285821,0,0,0,0,0,0,0,0,0
201603,28,047,3,6,Harrison County               ,220,220,36621327,0,0,0,0,0,0,0,0,0,192,192,33440499,0,0,0,0,0,0,0,0,0
201603,28,067,3,6,Jones County                  ,5,5,633952,1,2,100000,0,0,0,0,0,0,0,0,0,1,2,100000,0,0,0,0,0,0
201603,28,137,3,6,Tate County                   ,13,13,2184760,0,0,0,0,0,0,0,0,0,13,13,2184760,0,0,0,0,0,0,0,0,0
201603,28,143,3,6,Tunica County                 ,6,6,481920,0,0,0,0,0,0,0,0,0,0,0,0,0,0,0,0,0,0,0,0,0
201603,28,145,3,6,Union County                  ,5,5,595000,0,0,0,0,0,0,0,0,0,5,5,595000,0,0,0,0,0,0,0,0,0
201603,28,149,3,6,Warren County                 ,1,1,23000,0,0,0,0,0,0,0,0,0,1,1,23000,0,0,0,0,0,0,0,0,0
201603,29,013,2,4,Bates County                  ,0,0,0,0,0,0,0,0,0,0,0,0,0,0,0,0,0,0,0,0,0,0,0,0
201603,29,019,2,4,Boone County                  ,193,193,45543216,2,4,400000,0,0,0,0,0,0,193,193,45543216,2,4,400000,0,0,0,0,0,0
201603,29,049,2,4,Clinton County                ,12,12,2175000,0,0,0,0,0,0,0,0,0,12,12,2175000,0,0,0,0,0,0,0,0,0
201603,29,065,2,4,Dent County                   ,0,0,0,0,0,0,0,0,0,0,0,0,0,0,0,0,0,0,0,0,0,0,0,0
201603,29,071,2,4,Franklin County               ,99,99,16187352,0,0,0,0,0,0,0,0,0,99,99,16187352,0,0,0,0,0,0,0,0,0
201603,29,095,2,4,Jackson County                ,392,392,84452769,4,8,736704,14,55,4402608,7,497,66527618,391,391,84308580,4,8,736704,14,55,4402608,7,497,66527618
201603,29,099,2,4,Jefferson County              ,130,130,18640854,2,4,515000,1,3,467595,0,0,0,118,118,17005171,1,2,250000,1,3,467595,0,0,0
201603,29,105,2,4,Laclede County                ,3,3,1122000,0,0,0,0,0,0,0,0,0,3,3,1122000,0,0,0,0,0,0,0,0,0
201603,29,107,2,4,Lafayette County              ,7,7,1565917,0,0,0,0,0,0,0,0,0,1,1,169491,0,0,0,0,0,0,0,0,0
201603,29,113,2,4,Lincoln County                ,22,22,3537658,1,2,90000,2,8,958101,0,0,0,22,22,3537658,1,2,90000,2,8,958101,0,0,0
201603,29,165,2,4,Platte County                 ,67,67,17609741,0,0,0,0,0,0,0,0,0,66,66,17532524,0,0,0,0,0,0,0,0,0
201603,29,185,2,4,St. Clair County              ,1,1,150000,0,0,0,0,0,0,0,0,0,1,1,150000,0,0,0,0,0,0,0,0,0
201603,29,189,2,4,St. Louis County              ,169,169,71220815,0,0,0,0,0,0,10,175,14584438,69,69,31053078,0,0,0,0,0,0,5,144,8958000
201603,29,219,2,4,Warren County                 ,34,34,7567035,0,0,0,0,0,0,0,0,0,34,34,7567035,0,0,0,0,0,0,0,0,0
201603,29,221,2,4,Washington County             ,0,0,0,0,0,0,0,0,0,0,0,0,0,0,0,0,0,0,0,0,0,0,0,0
201603,29,510,2,4,St. Louis (Independent City)  ,10,10,1284600,5,10,600000,0,0,0,1,36,2900000,10,10,1284600,5,10,600000,0,0,0,1,36,2900000
201603,30,033,4,8,Garfield County               ,0,0,0,0,0,0,0,0,0,0,0,0,0,0,0,0,0,0,0,0,0,0,0,0
201603,30,063,4,8,Missoula County               ,50,50,7041083,1,2,95297,2,8,243728,1,6,188437,50,50,7041083,1,2,95297,2,8,243728,1,6,188437
201603,30,093,4,8,Silver Bow County             ,4,4,477293,0,0,0,1,4,172466,0,0,0,4,4,477293,0,0,0,1,4,172466,0,0,0
201603,31,001,2,4,Adams County                  ,12,12,2973641,0,0,0,0,0,0,0,0,0,12,12,2973641,0,0,0,0,0,0,0,0,0
201603,31,025,2,4,Cass County                   ,19,19,3591261,0,0,0,0,0,0,0,0,0,19,19,3591261,0,0,0,0,0,0,0,0,0
201603,31,033,2,4,Cheyenne County               ,6,6,1062188,0,0,0,0,0,0,0,0,0,6,6,1062188,0,0,0,0,0,0,0,0,0
201603,31,055,2,4,Douglas County                ,358,358,55399565,0,0,0,1,3,257535,4,133,8558835,340,340,51090644,0,0,0,1,3,257535,4,133,8558835
201603,31,105,2,4,Kimball County                ,0,0,0,0,0,0,0,0,0,0,0,0,0,0,0,0,0,0,0,0,0,0,0,0
201603,31,153,2,4,Sarpy County                  ,214,214,58057167,0,0,0,0,0,0,1,24,382969,214,214,58057167,0,0,0,0,0,0,1,24,382969
201603,31,165,2,4,Sioux County                  ,1,1,65000,0,0,0,0,0,0,0,0,0,1,1,65000,0,0,0,0,0,0,0,0,0
201603,31,177,2,4,Washington County             ,10,10,2880677,0,0,0,0,0,0,0,0,0,6,6,1819461,0,0,0,0,0,0,0,0,0
201603,32,001,4,8,Churchill County              ,4,4,1050160,0,0,0,0,0,0,0,0,0,4,4,1050160,0,0,0,0,0,0,0,0,0
201603,32,003,4,8,Clark County                  ,2049,2049,392343190,4,8,245762,8,24,1623050,75,1754,111744142,2049,2049,392343190,4,8,245762,8,24,1623050,75,1754,111744142
201603,32,005,4,8,Douglas County                ,34,34,16062739,0,0,0,0,0,0,0,0,0,34,34,16062739,0,0,0,0,0,0,0,0,0
201603,32,007,4,8,Elko County                   ,34,34,5590471,0,0,0,0,0,0,0,0,0,34,34,5590471,0,0,0,0,0,0,0,0,0
201603,32,013,4,8,Humboldt County               ,3,3,499909,0,0,0,0,0,0,0,0,0,3,3,499909,0,0,0,0,0,0,0,0,0
201603,32,015,4,8,Lander County                 ,0,0,0,0,0,0,0,0,0,0,0,0,0,0,0,0,0,0,0,0,0,0,0,0
201603,32,017,4,8,Lincoln County                ,3,3,771162,0,0,0,0,0,0,0,0,0,0,0,0,0,0,0,0,0,0,0,0,0
201603,32,019,4,8,Lyon County                   ,43,43,9907134,0,0,0,0,0,0,0,0,0,43,43,9907134,0,0,0,0,0,0,0,0,0
201603,32,021,4,8,Mineral County                ,0,0,0,0,0,0,0,0,0,0,0,0,0,0,0,0,0,0,0,0,0,0,0,0
201603,32,027,4,8,Pershing County               ,0,0,0,0,0,0,0,0,0,0,0,0,0,0,0,0,0,0,0,0,0,0,0,0
201603,32,029,4,8,Storey County                 ,1,1,142000,0,0,0,0,0,0,0,0,0,1,1,142000,0,0,0,0,0,0,0,0,0
201603,32,031,4,8,Washoe County                 ,421,421,103951218,0,0,0,0,0,0,12,223,23642421,378,378,94046659,0,0,0,0,0,0,12,223,23642421
201603,32,033,4,8,White Pine County             ,0,0,0,0,0,0,0,0,0,0,0,0,0,0,0,0,0,0,0,0,0,0,0,0
201603,32,510,4,8,Carson City (Independent City),10,10,3376615,0,0,0,0,0,0,0,0,0,10,10,3376615,0,0,0,0,0,0,0,0,0
201603,33,015,1,1,Rockingham County             ,165,165,41975653,5,10,1273002,1,4,620000,5,35,3487791,123,123,31398969,4,8,1000000,1,4,620000,2,11,819000
201603,33,017,1,1,Strafford County              ,25,25,5759277,0,0,0,1,3,302251,3,26,4251724,21,21,4933285,0,0,0,0,0,0,1,8,819000
201603,34,001,1,2,Atlantic County               ,79,79,15677239,2,4,685712,1,4,699653,18,412,22868769,61,61,13059761,1,2,396000,1,4,699653,14,383,18699344
201603,34,003,1,2,Bergen County                 ,200,200,70289897,21,42,7314110,4,12,1245149,22,931,211537449,111,111,39439087,10,20,4165800,3,9,1244999,5,829,205818500
201603,34,005,1,2,Burlington County             ,91,91,16201791,2,4,504400,0,0,0,0,0,0,44,44,8463660,2,4,504400,0,0,0,0,0,0
201603,34,007,1,2,Camden County                 ,64,64,21025786,2,4,50100,0,0,0,11,94,7427449,30,30,16591678,2,4,50100,0,0,0,3,42,4538195
201603,34,009,1,2,Cape May County               ,125,125,41480226,19,38,7485420,3,9,45000,0,0,0,113,113,37897731,19,38,7485420,3,9,45000,0,0,0
201603,34,011,1,2,Cumberland County             ,37,37,4265551,0,0,0,0,0,0,2,10,1332360,7,7,657600,0,0,0,0,0,0,0,0,0
201603,34,013,1,2,Essex County                  ,51,51,14532210,11,22,2042500,11,33,3971979,16,195,10289197,23,23,9962657,11,22,2042500,10,30,3550203,3,49,2090000
201603,34,015,1,2,Gloucester County             ,120,120,15505177,0,0,0,1,4,408200,9,118,7615900,86,86,11953050,0,0,0,1,4,408200,9,118,7615900
201603,34,017,1,2,Hudson County                 ,46,46,7357152,8,16,3592302,3,9,1510051,11,764,121508702,40,40,6434600,7,14,3379802,0,0,0,4,652,106755443
201603,34,019,1,2,Hunterdon County              ,24,24,7731059,2,4,466400,0,0,0,5,25,1256601,13,13,5760977,0,0,0,0,0,0,0,0,0
201603,34,021,1,2,Mercer County                 ,45,45,12773770,14,28,1216800,5,19,1552636,3,32,2283378,26,26,8402238,14,28,1216800,5,19,1552636,2,27,1898050
201603,34,023,1,2,Middlesex County              ,244,244,41508862,2,4,300300,3,10,795474,13,193,23318653,217,217,38231474,2,4,300300,2,7,376000,3,60,4133001
201603,34,025,1,2,Monmouth County               ,188,188,53458279,5,10,1897008,1,3,318686,9,87,6940111,130,130,40956801,5,10,1897008,0,0,0,4,62,5134750
201603,34,027,1,2,Morris County                 ,124,124,34015738,0,0,0,0,0,0,17,118,6868720,51,51,17150919,0,0,0,0,0,0,0,0,0
201603,34,029,1,2,Ocean County                  ,534,534,95370177,0,0,0,0,0,0,25,418,25718000,517,517,92000603,0,0,0,0,0,0,25,418,25718000
201603,34,031,1,2,Passaic County                ,30,30,6275436,3,6,463767,0,0,0,8,60,6277266,14,14,3523450,2,4,323000,0,0,0,4,35,4559020
201603,34,033,1,2,Salem County                  ,10,10,2161430,0,0,0,0,0,0,0,0,0,8,8,1888054,0,0,0,0,0,0,0,0,0
201603,34,035,1,2,Somerset County               ,104,104,21353357,0,0,0,1,3,1834000,10,114,13040067,87,87,19779958,0,0,0,1,3,1834000,4,60,9780000
201603,34,037,1,2,Sussex County                 ,26,26,5516243,0,0,0,0,0,0,0,0,0,7,7,1426732,0,0,0,0,0,0,0,0,0
201603,34,039,1,2,Union County                  ,91,91,20528025,11,22,2273135,1,3,195060,20,292,20331702,45,45,14881855,8,16,1778000,0,0,0,6,154,13024000
201603,34,041,1,2,Warren County                 ,29,29,4556994,0,0,0,0,0,0,2,10,431788,11,11,1729304,0,0,0,0,0,0,0,0,0
201603,35,000,4,8,New Mexico Balance of State   ,64,64,16535013,0,0,0,0,0,0,0,0,0,0,0,0,0,0,0,0,0,0,0,0,0
201603,35,001,4,8,Bernalillo County             ,228,228,51039281,0,0,0,0,0,0,10,83,10965551,228,228,51039281,0,0,0,0,0,0,10,83,10965551
201603,35,005,4,8,Chaves County                 ,15,15,2399904,0,0,0,0,0,0,9,144,9800000,15,15,2399904,0,0,0,0,0,0,9,144,9800000
201603,35,007,4,8,Colfax County                 ,1,1,433829,0,0,0,0,0,0,0,0,0,0,0,0,0,0,0,0,0,0,0,0,0
201603,35,009,4,8,Curry County                  ,7,7,1991362,0,0,0,0,0,0,4,64,5900000,7,7,1991362,0,0,0,0,0,0,4,64,5900000
201603,35,013,4,8,Dona Ana County               ,183,183,36425762,0,0,0,0,0,0,1,5,363636,150,150,29678727,0,0,0,0,0,0,0,0,0
201603,35,015,4,8,Eddy County                   ,36,36,7231236,0,0,0,0,0,0,0,0,0,36,36,7231236,0,0,0,0,0,0,0,0,0
201603,35,017,4,8,Grant County                  ,2,2,270000,0,0,0,0,0,0,0,0,0,2,2,270000,0,0,0,0,0,0,0,0,0
201603,35,025,4,8,Lea County                    ,19,19,3370475,0,0,0,0,0,0,6,65,14563026,19,19,3370475,0,0,0,0,0,0,6,65,14563026
201603,35,027,4,8,Lincoln County                ,12,12,3100908,0,0,0,0,0,0,0,0,0,0,0,0,0,0,0,0,0,0,0,0,0
201603,35,028,4,8,Los Alamos County             ,0,0,0,0,0,0,0,0,0,0,0,0,0,0,0,0,0,0,0,0,0,0,0,0
201603,35,029,4,8,Luna County                   ,1,1,171000,0,0,0,0,0,0,0,0,0,0,0,0,0,0,0,0,0,0,0,0,0
201603,35,031,4,8,McKinley County               ,0,0,0,0,0,0,0,0,0,0,0,0,0,0,0,0,0,0,0,0,0,0,0,0
201603,35,035,4,8,Otero County                  ,0,0,0,0,0,0,0,0,0,0,0,0,0,0,0,0,0,0,0,0,0,0,0,0
201603,35,041,4,8,Roosevelt County              ,8,8,1330500,0,0,0,0,0,0,0,0,0,8,8,1330500,0,0,0,0,0,0,0,0,0
201603,35,043,4,8,Sandoval County               ,181,181,38562768,0,0,0,0,0,0,2,10,416666,163,163,34693014,0,0,0,0,0,0,0,0,0
201603,35,045,4,8,San Juan County               ,42,42,8881658,0,0,0,0,0,0,0,0,0,11,11,2553610,0,0,0,0,0,0,0,0,0
201603,35,047,4,8,San Miguel County             ,0,0,0,0,0,0,0,0,0,0,0,0,0,0,0,0,0,0,0,0,0,0,0,0
201603,35,049,4,8,Santa Fe County               ,22,22,6508399,0,0,0,0,0,0,0,0,0,22,22,6508399,0,0,0,0,0,0,0,0,0
201603,35,051,4,8,Sierra County                 ,0,0,0,0,0,0,0,0,0,0,0,0,0,0,0,0,0,0,0,0,0,0,0,0
201603,35,053,4,8,Socorro County                ,0,0,0,0,0,0,0,0,0,0,0,0,0,0,0,0,0,0,0,0,0,0,0,0
201603,35,055,4,8,Taos County                   ,14,14,1535181,0,0,0,0,0,0,0,0,0,0,0,0,0,0,0,0,0,0,0,0,0
201603,35,061,4,8,Valencia County               ,23,23,2493476,0,0,0,0,0,0,0,0,0,0,0,0,0,0,0,0,0,0,0,0,0
201603,36,001,1,2,Albany County                 ,80,80,17928032,1,2,210403,1,4,336000,1,12,900000,74,74,16857178,0,0,0,1,4,336000,1,12,900000
201603,36,005,1,2,Bronx County                  ,2,2,514402,10,20,2586014,10,35,3842783,12,809,101141180,2,2,514402,10,20,2586014,10,35,3842783,12,809,101141180
201603,36,029,1,2,Erie County                   ,134,134,36028851,3,6,1208752,0,0,0,12,110,10236350,110,110,31632613,1,2,494670,0,0,0,10,100,8764092
201603,36,047,1,2,Kings County                  ,12,12,3086406,12,24,3103216,12,42,4611339,27,404,50508080,12,12,3086406,12,24,3103216,12,42,4611339,27,404,50508080
201603,36,051,1,2,Livingston County             ,10,10,2312492,1,2,113750,0,0,0,0,0,0,4,4,1126000,0,0,0,0,0,0,0,0,0
201603,36,055,1,2,Monroe County                 ,161,161,27408141,0,0,0,2,8,752700,3,24,2274000,157,157,26715535,0,0,0,2,8,752700,3,24,2274000
201603,36,059,1,2,Nassau County                 ,104,104,45061537,0,0,0,0,0,0,4,75,8886298,56,56,29344951,0,0,0,0,0,0,2,60,6444710
201603,36,061,1,2,New York County               ,0,0,0,0,0,0,0,0,0,11,297,37130940,0,0,0,0,0,0,0,0,0,11,297,37130940
201603,36,063,1,2,Niagara County                ,37,37,8442015,0,0,0,0,0,0,0,0,0,33,33,7715849,0,0,0,0,0,0,0,0,0
201603,36,069,1,2,Ontario County                ,69,69,22421200,0,0,0,0,0,0,0,0,0,61,61,20551319,0,0,0,0,0,0,0,0,0
201603,36,073,1,2,Orleans County                ,6,6,1041901,0,0,0,0,0,0,0,0,0,3,3,714401,0,0,0,0,0,0,0,0,0
201603,36,079,1,2,Putnam County                 ,14,14,3116077,0,0,0,0,0,0,0,0,0,6,6,1472000,0,0,0,0,0,0,0,0,0
201603,36,081,1,2,Queens County                 ,50,50,12860029,29,58,7499441,12,36,3952577,9,224,28004480,50,50,12860029,29,58,7499441,12,36,3952577,9,224,28004480
201603,36,083,1,2,Rensselaer County             ,22,22,4485625,1,2,100000,0,0,0,2,12,572727,5,5,1312740,1,2,100000,0,0,0,0,0,0
201603,36,085,1,2,Richmond County               ,29,29,7458818,58,116,14998882,0,0,0,0,0,0,29,29,7458818,58,116,14998882,0,0,0,0,0,0
201603,36,087,1,2,Rockland County               ,17,17,4256498,2,4,450000,5,18,2199468,3,15,1461503,9,9,2701000,2,4,450000,1,4,700000,0,0,0
201603,36,091,1,2,Saratoga County               ,116,116,32971693,5,10,1293006,12,43,3243640,3,15,1353489,97,97,29041887,5,10,1293006,11,40,2956701,0,0,0
201603,36,093,1,2,Schenectady County            ,7,7,1753148,0,0,0,0,0,0,0,0,0,4,4,1137000,0,0,0,0,0,0,0,0,0
201603,36,095,1,2,Schoharie County              ,1,1,200000,0,0,0,0,0,0,0,0,0,0,0,0,0,0,0,0,0,0,0,0,0
201603,36,099,1,2,Seneca County                 ,3,3,756000,0,0,0,0,0,0,0,0,0,3,3,756000,0,0,0,0,0,0,0,0,0
201603,36,117,1,2,Wayne County                  ,18,18,3615300,0,0,0,0,0,0,0,0,0,15,15,3327300,0,0,0,0,0,0,0,0,0
201603,36,119,1,2,Westchester County            ,64,64,31201551,3,6,543574,0,0,0,1,5,1294420,52,52,26650601,0,0,0,0,0,0,0,0,0
201603,37,007,3,5,Anson County                  ,11,11,1618785,0,0,0,0,0,0,0,0,0,2,2,270000,0,0,0,0,0,0,0,0,0
201603,37,011,3,5,Avery County                  ,16,16,4298000,0,0,0,0,0,0,0,0,0,16,16,4298000,0,0,0,0,0,0,0,0,0
201603,37,015,3,5,Bertie County                 ,8,8,1509100,0,0,0,0,0,0,0,0,0,8,8,1509100,0,0,0,0,0,0,0,0,0
201603,37,025,3,5,Cabarrus County               ,351,351,51350868,1,2,90000,0,0,0,5,64,3425367,351,351,51350868,1,2,90000,0,0,0,5,64,3425367
201603,37,033,3,5,Caswell County                ,5,5,1228707,0,0,0,0,0,0,0,0,0,5,5,1228707,0,0,0,0,0,0,0,0,0
201603,37,037,3,5,Chatham County                ,145,145,46108448,0,0,0,0,0,0,0,0,0,145,145,46108448,0,0,0,0,0,0,0,0,0
201603,37,051,3,5,Cumberland County             ,157,157,28914863,0,0,0,0,0,0,7,88,8622462,156,156,28610998,0,0,0,0,0,0,7,88,8622462
201603,37,053,3,5,Currituck County              ,61,61,18393396,0,0,0,0,0,0,0,0,0,61,61,18393396,0,0,0,0,0,0,0,0,0
201603,37,059,3,5,Davie County                  ,25,25,5304051,0,0,0,0,0,0,0,0,0,10,10,2141500,0,0,0,0,0,0,0,0,0
201603,37,063,3,5,Durham County                 ,409,409,73770630,1,2,100000,0,0,0,15,662,61786223,278,278,48828607,1,2,100000,0,0,0,14,635,59945353
201603,37,069,3,5,Franklin County               ,119,119,20088474,0,0,0,0,0,0,0,0,0,119,119,20088474,0,0,0,0,0,0,0,0,0
201603,37,071,3,5,Gaston County                 ,223,223,66755757,0,0,0,0,0,0,0,0,0,223,223,66755757,0,0,0,0,0,0,0,0,0
201603,37,081,3,5,Guilford County               ,273,273,67849501,0,0,0,0,0,0,13,217,26521167,205,205,53288213,0,0,0,0,0,0,9,136,18650238
201603,37,089,3,5,Henderson County              ,101,101,23137945,0,0,0,0,0,0,0,0,0,101,101,23137945,0,0,0,0,0,0,0,0,0
201603,37,093,3,5,Hoke County                   ,46,46,10380737,0,0,0,0,0,0,2,24,2273741,46,46,10380737,0,0,0,0,0,0,2,24,2273741
201603,37,097,3,5,Iredell County                ,259,259,74028505,0,0,0,0,0,0,8,219,21588644,259,259,74028505,0,0,0,0,0,0,8,219,21588644
201603,37,101,3,5,Johnston County               ,404,404,70716519,0,0,0,0,0,0,0,0,0,400,400,70040683,0,0,0,0,0,0,0,0,0
201603,37,105,3,5,Lee County                    ,11,11,2788824,0,0,0,0,0,0,0,0,0,8,8,2096830,0,0,0,0,0,0,0,0,0
201603,37,119,3,5,Mecklenburg County            ,1034,1034,233340922,3,6,620577,0,0,0,6,618,28771614,1034,1034,233340922,3,6,620577,0,0,0,6,618,28771614
201603,37,133,3,5,Onslow County                 ,178,178,23841419,0,0,0,0,0,0,1,6,472320,168,168,22489652,0,0,0,0,0,0,1,6,472320
201603,37,135,3,5,Orange County                 ,119,119,33839690,0,0,0,1,4,519955,0,0,0,113,113,31737348,0,0,0,1,4,519955,0,0,0
201603,37,145,3,5,Person County                 ,9,9,2195750,0,0,0,0,0,0,1,5,220000,9,9,2195750,0,0,0,0,0,0,1,5,220000
201603,37,151,3,5,Randolph County               ,43,43,10598868,0,0,0,0,0,0,0,0,0,26,26,6507982,0,0,0,0,0,0,0,0,0
201603,37,157,3,5,Rockingham County             ,34,34,9349345,0,0,0,0,0,0,0,0,0,34,34,9349345,0,0,0,0,0,0,0,0,0
201603,37,179,3,5,Union County                  ,398,398,91948513,0,0,0,0,0,0,1,6,420000,398,398,91948513,0,0,0,0,0,0,1,6,420000
201603,37,181,3,5,Vance County                  ,6,6,1782029,0,0,0,0,0,0,0,0,0,3,3,1283914,0,0,0,0,0,0,0,0,0
201603,37,183,3,5,Wake County                   ,1541,1541,354014313,1,2,316040,3,11,958333,2,25,1760000,1377,1377,318634438,1,2,316040,3,11,958333,2,25,1760000
201603,37,195,3,5,Wilson County                 ,28,28,6278170,0,0,0,0,0,0,0,0,0,28,28,6278170,0,0,0,0,0,0,0,0,0
201603,39,007,2,3,Ashtabula County              ,11,11,2043807,1,2,167000,0,0,0,0,0,0,0,0,0,0,0,0,0,0,0,0,0,0
201603,39,015,2,3,Brown County                  ,14,14,2230616,0,0,0,0,0,0,0,0,0,0,0,0,0,0,0,0,0,0,0,0,0
201603,39,017,2,3,Butler County                 ,153,153,35170083,0,0,0,1,3,225000,0,0,0,153,153,35170083,0,0,0,1,3,225000,0,0,0
201603,39,025,2,3,Clermont County               ,76,76,17929005,2,4,205000,0,0,0,1,8,336000,76,76,17929005,2,4,205000,0,0,0,1,8,336000
201603,39,041,2,3,Delaware County               ,241,241,66572222,1,2,245468,1,4,753060,1,8,1398540,241,241,66572222,1,2,245468,1,4,753060,1,8,1398540
201603,39,049,2,3,Franklin County               ,351,351,100976944,1,2,509878,8,31,3712640,33,602,64767867,342,342,98807675,1,2,509878,8,31,3712640,32,596,64264296
201603,39,055,2,3,Geauga County                 ,26,26,8646695,0,0,0,0,0,0,0,0,0,26,26,8646695,0,0,0,0,0,0,0,0,0
201603,39,085,2,3,Lake County                   ,55,55,12088252,0,0,0,0,0,0,0,0,0,53,53,11559679,0,0,0,0,0,0,0,0,0
201603,39,089,2,3,Licking County                ,65,65,15925223,0,0,0,0,0,0,0,0,0,65,65,15925223,0,0,0,0,0,0,0,0,0
201603,39,093,2,3,Lorain County                 ,155,155,37584151,0,0,0,3,12,1660000,2,40,2000000,123,123,29177924,0,0,0,3,12,1660000,2,40,2000000
201603,39,097,2,3,Madison County                ,3,3,627188,0,0,0,0,0,0,0,0,0,2,2,492188,0,0,0,0,0,0,0,0,0
201603,39,103,2,3,Medina County                 ,154,154,35006989,0,0,0,0,0,0,0,0,0,154,154,35006989,0,0,0,0,0,0,0,0,0
201603,39,117,2,3,Morrow County                 ,9,9,1917658,0,0,0,0,0,0,0,0,0,8,8,1792658,0,0,0,0,0,0,0,0,0
201603,39,159,2,3,Union County                  ,86,86,21164084,0,0,0,0,0,0,0,0,0,86,86,21164084,0,0,0,0,0,0,0,0,0
201603,39,165,2,3,Warren County                 ,221,221,60993015,1,2,365868,3,12,3257830,2,13,2479180,213,213,59804975,1,2,365868,3,12,3257830,2,13,2479180
201603,40,001,3,7,Adair County                  ,4,4,770573,0,0,0,0,0,0,0,0,0,0,0,0,0,0,0,0,0,0,0,0,0
201603,40,017,3,7,Canadian County               ,67,67,16607431,0,0,0,0,0,0,0,0,0,39,39,8378500,0,0,0,0,0,0,0,0,0
201603,40,021,3,7,Cherokee County               ,11,11,1443621,1,2,130000,0,0,0,1,5,244048,0,0,0,0,0,0,0,0,0,0,0,0
201603,40,027,3,7,Cleveland County              ,135,135,32591303,7,14,1293223,0,0,0,22,451,34065634,134,134,32421306,2,4,618223,0,0,0,22,451,34065634
201603,40,029,3,7,Coal County                   ,0,0,0,0,0,0,0,0,0,0,0,0,0,0,0,0,0,0,0,0,0,0,0,0
201603,40,037,3,7,Creek County                  ,13,13,3187425,0,0,0,0,0,0,0,0,0,13,13,3187425,0,0,0,0,0,0,0,0,0
201603,40,051,3,7,Grady County                  ,25,25,5087983,1,2,325000,0,0,0,0,0,0,2,2,295500,1,2,325000,0,0,0,0,0,0
201603,40,055,3,7,Greer County                  ,0,0,0,0,0,0,0,0,0,0,0,0,0,0,0,0,0,0,0,0,0,0,0,0
201603,40,081,3,7,Lincoln County                ,1,1,80000,0,0,0,0,0,0,0,0,0,1,1,80000,0,0,0,0,0,0,0,0,0
201603,40,083,3,7,Logan County                  ,14,14,2055000,1,2,150000,0,0,0,0,0,0,14,14,2055000,1,2,150000,0,0,0,0,0,0
201603,40,087,3,7,McClain County                ,61,61,11997829,0,0,0,0,0,0,0,0,0,36,36,8171332,0,0,0,0,0,0,0,0,0
201603,40,109,3,7,Oklahoma County               ,1064,1064,248527501,5,10,1087878,0,0,0,3,81,6383449,769,769,189206066,3,6,622400,0,0,0,0,0,0
201603,40,111,3,7,Okmulgee County               ,1,1,130000,0,0,0,0,0,0,0,0,0,1,1,130000,0,0,0,0,0,0,0,0,0
201603,40,113,3,7,Osage County                  ,27,27,4488086,0,0,0,0,0,0,0,0,0,27,27,4488086,0,0,0,0,0,0,0,0,0
201603,40,117,3,7,Pawnee County                 ,2,2,360000,0,0,0,0,0,0,0,0,0,2,2,360000,0,0,0,0,0,0,0,0,0
201603,40,131,3,7,Rogers County                 ,123,123,19825059,7,14,905000,0,0,0,0,0,0,119,119,19485059,7,14,905000,0,0,0,0,0,0
201603,40,143,3,7,Tulsa County                  ,462,462,107897113,0,0,0,0,0,0,0,0,0,460,460,107771113,0,0,0,0,0,0,0,0,0
201603,40,145,3,7,Wagoner County                ,79,79,12633691,0,0,0,0,0,0,0,0,0,79,79,12633691,0,0,0,0,0,0,0,0,0
201603,41,000,4,9,Oregon Balance of State       ,20,20,3175792,0,0,0,0,0,0,0,0,0,0,0,0,0,0,0,0,0,0,0,0,0
201603,41,005,4,9,Clackamas County              ,387,387,112402797,8,16,3150469,2,8,1030735,3,26,5570956,364,364,101676252,3,6,1018881,2,8,1030735,3,26,5570956
201603,41,019,4,9,Douglas County                ,34,34,7857351,1,2,264720,0,0,0,0,0,0,34,34,7857351,1,2,264720,0,0,0,0,0,0
201603,41,025,4,9,Harney County                 ,1,1,362465,0,0,0,0,0,0,0,0,0,1,1,362465,0,0,0,0,0,0,0,0,0
201603,41,035,4,9,Klamath County                ,17,17,4695269,0,0,0,0,0,0,0,0,0,17,17,4695269,0,0,0,0,0,0,0,0,0
201603,41,051,4,9,Multnomah County              ,219,219,58090342,16,32,4625463,2,8,1538110,16,906,101075732,219,219,58090342,16,32,4625463,2,8,1538110,16,906,101075732
201603,41,067,4,9,Washington County             ,547,547,168303003,3,6,1147924,6,20,3727108,16,410,63197158,534,534,164330073,3,6,1147924,6,20,3727108,16,410,63197158
201603,41,071,4,9,Yamhill County                ,64,64,17448397,0,0,0,0,0,0,5,57,5418308,64,64,17448397,0,0,0,0,0,0,5,57,5418308
201603,42,001,1,2,Adams County                  ,107,107,17104628,0,0,0,0,0,0,0,0,0,107,107,17104628,0,0,0,0,0,0,0,0,0
201603,42,017,1,2,Bucks County                  ,140,140,27901729,1,2,800000,5,18,2320000,3,18,2145450,94,94,20013516,1,2,800000,5,18,2320000,3,18,2145450
201603,42,029,1,2,Chester County                ,239,239,59375845,0,0,0,1,4,428290,2,17,2904676,210,210,51955809,0,0,0,1,4,428290,0,0,0
201603,42,037,1,2,Columbia County               ,16,16,3239782,0,0,0,0,0,0,0,0,0,7,7,1388322,0,0,0,0,0,0,0,0,0
201603,42,041,1,2,Cumberland County             ,139,139,27187529,0,0,0,0,0,0,1,6,259504,130,130,25964310,0,0,0,0,0,0,0,0,0
201603,42,043,1,2,Dauphin County                ,87,87,19457593,0,0,0,0,0,0,3,45,2588333,39,39,7784843,0,0,0,0,0,0,2,40,1930000
201603,42,045,1,2,Delaware County               ,83,83,20092597,0,0,0,0,0,0,0,0,0,48,48,12031884,0,0,0,0,0,0,0,0,0
201603,42,055,1,2,Franklin County               ,64,64,11325668,1,2,246003,2,7,756448,0,0,0,54,54,10492268,0,0,0,0,0,0,0,0,0
201603,42,091,1,2,Montgomery County             ,270,270,49021511,4,8,1210456,1,4,549080,5,266,18304745,241,241,42009076,4,8,1210456,1,4,549080,2,239,15874745
201603,42,093,1,2,Montour County                ,4,4,906661,0,0,0,0,0,0,0,0,0,1,1,248000,0,0,0,0,0,0,0,0,0
201603,42,099,1,2,Perry County                  ,17,17,3700637,0,0,0,0,0,0,0,0,0,2,2,120000,0,0,0,0,0,0,0,0,0
201603,42,101,1,2,Philadelphia County           ,226,226,56812282,26,52,9299688,24,85,9344317,17,319,58099954,157,157,40380493,20,40,7979000,17,59,6950632,11,187,26741500
201603,42,103,1,2,Pike County                   ,20,20,5085694,0,0,0,0,0,0,0,0,0,16,16,3996936,0,0,0,0,0,0,0,0,0
201603,44,001,1,1,Bristol County                ,9,9,1527220,0,0,0,0,0,0,0,0,0,9,9,1527220,0,0,0,0,0,0,0,0,0
201603,44,003,1,1,Kent County                   ,29,29,4785018,0,0,0,1,3,246060,1,6,577380,22,22,3292375,0,0,0,0,0,0,1,6,577380
201603,44,005,1,1,Newport County                ,19,19,4859964,0,0,0,1,3,617320,0,0,0,17,17,4334580,0,0,0,1,3,617320,0,0,0
201603,44,007,1,1,Providence County             ,73,73,12642654,0,0,0,0,0,0,0,0,0,65,65,11854430,0,0,0,0,0,0,0,0,0
201603,44,009,1,1,Washington County             ,66,66,16300077,2,4,590400,0,0,0,1,8,1033320,52,52,11712803,2,4,590400,0,0,0,1,8,1033320
201603,45,003,3,5,Aiken County                  ,202,202,40871245,0,0,0,0,0,0,0,0,0,202,202,40871245,0,0,0,0,0,0,0,0,0
201603,45,009,3,5,Bamberg County                ,1,1,125000,0,0,0,0,0,0,0,0,0,1,1,125000,0,0,0,0,0,0,0,0,0
201603,45,015,3,5,Berkeley County               ,328,328,92025494,0,0,0,0,0,0,3,152,3585996,304,304,84248877,0,0,0,0,0,0,0,0,0
201603,45,017,3,5,Calhoun County                ,8,8,1082600,0,0,0,0,0,0,0,0,0,8,8,1082600,0,0,0,0,0,0,0,0,0
201603,45,019,3,5,Charleston County             ,701,701,187600407,0,0,0,0,0,0,3,90,4509333,535,535,160711412,0,0,0,0,0,0,0,0,0
201603,45,035,3,5,Dorchester County             ,214,214,55138000,0,0,0,0,0,0,0,0,0,212,212,54923000,0,0,0,0,0,0,0,0,0
201603,45,037,3,5,Edgefield County              ,22,22,4207806,0,0,0,0,0,0,0,0,0,22,22,4207806,0,0,0,0,0,0,0,0,0
201603,45,039,3,5,Fairfield County              ,13,13,2245084,0,0,0,0,0,0,0,0,0,6,6,1271738,0,0,0,0,0,0,0,0,0
201603,45,045,3,5,Greenville County             ,714,714,180478348,1,2,252000,0,0,0,0,0,0,709,709,180028367,1,2,252000,0,0,0,0,0,0
201603,45,051,3,5,Horry County                  ,831,831,139692476,17,34,2060712,3,12,2403032,5,58,5509891,306,306,56846595,11,22,1095680,3,12,2403032,3,19,3011109
201603,45,055,3,5,Kershaw County                ,67,67,9269458,0,0,0,0,0,0,0,0,0,65,65,8960125,0,0,0,0,0,0,0,0,0
201603,45,059,3,5,Laurens County                ,28,28,3806509,0,0,0,0,0,0,0,0,0,27,27,3654234,0,0,0,0,0,0,0,0,0
201603,45,063,3,5,Lexington County              ,384,384,102518325,0,0,0,0,0,0,0,0,0,48,48,9423232,0,0,0,0,0,0,0,0,0
201603,45,077,3,5,Pickens County                ,56,56,18552867,0,0,0,2,7,560000,3,25,1210547,47,47,16330528,0,0,0,0,0,0,0,0,0
201603,45,079,3,5,Richland County               ,397,397,55361417,0,0,0,0,0,0,6,101,5700719,41,41,10139508,0,0,0,0,0,0,0,0,0
201603,45,081,3,5,Saluda County                 ,7,7,1385017,0,0,0,0,0,0,0,0,0,7,7,1385017,0,0,0,0,0,0,0,0,0
201603,45,085,3,5,Sumter County                 ,55,55,7604436,0,0,0,0,0,0,0,0,0,27,27,3875637,0,0,0,0,0,0,0,0,0
201603,45,091,3,5,York County                   ,517,517,166352190,0,0,0,0,0,0,10,173,16211371,280,280,105662738,0,0,0,0,0,0,0,0,0
201603,46,007,2,4,Bennett County                ,0,0,0,0,0,0,0,0,0,0,0,0,0,0,0,0,0,0,0,0,0,0,0,0
201603,46,055,2,4,Haakon County                 ,0,0,0,0,0,0,0,0,0,0,0,0,0,0,0,0,0,0,0,0,0,0,0,0
201603,46,071,2,4,Jackson County                ,0,0,0,0,0,0,0,0,0,0,0,0,0,0,0,0,0,0,0,0,0,0,0,0
201603,46,111,2,4,Sanborn County                ,0,0,0,0,0,0,0,0,0,0,0,0,0,0,0,0,0,0,0,0,0,0,0,0
201603,47,001,3,6,Anderson County               ,25,25,4510990,0,0,0,0,0,0,0,0,0,24,24,4320990,0,0,0,0,0,0,0,0,0
201603,47,015,3,6,Cannon County                 ,3,3,378570,0,0,0,0,0,0,0,0,0,0,0,0,0,0,0,0,0,0,0,0,0
201603,47,021,3,6,Cheatham County               ,36,36,6947000,0,0,0,0,0,0,0,0,0,36,36,6947000,0,0,0,0,0,0,0,0,0
201603,47,037,3,6,Davidson County               ,902,902,214913578,0,0,0,3,12,1500000,22,2940,228220076,902,902,214913578,0,0,0,3,12,1500000,22,2940,228220076
201603,47,043,3,6,Dickson County                ,48,48,9539670,0,0,0,0,0,0,0,0,0,48,48,9539670,0,0,0,0,0,0,0,0,0
201603,47,049,3,6,Fentress County               ,0,0,0,0,0,0,0,0,0,0,0,0,0,0,0,0,0,0,0,0,0,0,0,0
201603,47,081,3,6,Hickman County                ,10,10,1864534,0,0,0,0,0,0,0,0,0,2,2,248126,0,0,0,0,0,0,0,0,0
201603,47,093,3,6,Knox County                   ,326,326,61203776,0,0,0,0,0,0,0,0,0,326,326,61203776,0,0,0,0,0,0,0,0,0
201603,47,105,3,6,Loudon County                 ,68,68,15882037,0,0,0,0,0,0,0,0,0,65,65,15299557,0,0,0,0,0,0,0,0,0
201603,47,125,3,6,Montgomery County             ,331,331,46589316,2,4,515000,5,20,671335,0,0,0,331,331,46589316,2,4,515000,5,20,671335,0,0,0
201603,47,139,3,6,Polk County                   ,39,39,7024839,0,0,0,0,0,0,0,0,0,0,0,0,0,0,0,0,0,0,0,0,0
201603,47,149,3,6,Rutherford County             ,560,560,114776218,0,0,0,1,4,802862,9,48,4032132,478,478,104623434,0,0,0,1,4,802862,6,33,3273381
201603,47,153,3,6,Sequatchie County             ,0,0,0,0,0,0,0,0,0,0,0,0,0,0,0,0,0,0,0,0,0,0,0,0
201603,47,157,3,6,Shelby County                 ,231,231,57724960,3,6,522378,8,24,2276000,18,289,25920313,231,231,57724960,3,6,522378,8,24,2276000,18,289,25920313
201603,47,159,3,6,Smith County                  ,14,14,1667150,0,0,0,0,0,0,0,0,0,14,14,1667150,0,0,0,0,0,0,0,0,0
201603,47,161,3,6,Stewart County                ,7,7,650000,0,0,0,0,0,0,0,0,0,7,7,650000,0,0,0,0,0,0,0,0,0
201603,47,165,3,6,Sumner County                 ,211,211,49242978,0,0,0,0,0,0,0,0,0,200,200,47128027,0,0,0,0,0,0,0,0,0
201603,47,167,3,6,Tipton County                 ,26,26,4413247,0,0,0,0,0,0,0,0,0,14,14,2795990,0,0,0,0,0,0,0,0,0
201603,47,169,3,6,Trousdale County              ,9,9,1866000,0,0,0,2,8,372000,0,0,0,9,9,1866000,0,0,0,2,8,372000,0,0,0
201603,47,173,3,6,Union County                  ,20,20,1850000,0,0,0,0,0,0,0,0,0,20,20,1850000,0,0,0,0,0,0,0,0,0
201603,47,175,3,6,Van Buren County              ,0,0,0,0,0,0,0,0,0,0,0,0,0,0,0,0,0,0,0,0,0,0,0,0
201603,47,189,3,6,Wilson County                 ,283,283,76728315,1,2,265000,0,0,0,0,0,0,283,283,76728315,1,2,265000,0,0,0,0,0,0
201603,48,013,3,7,Atascosa County               ,9,9,1483500,0,0,0,0,0,0,0,0,0,4,4,713930,0,0,0,0,0,0,0,0,0
201603,48,015,3,7,Austin County                 ,8,8,1390942,0,0,0,0,0,0,0,0,0,2,2,374746,0,0,0,0,0,0,0,0,0
201603,48,019,3,7,Bandera County                ,0,0,0,0,0,0,0,0,0,0,0,0,0,0,0,0,0,0,0,0,0,0,0,0
201603,48,021,3,7,Bastrop County                ,32,32,3485335,0,0,0,0,0,0,0,0,0,25,25,2634168,0,0,0,0,0,0,0,0,0
201603,48,025,3,7,Bee County                    ,3,3,328191,0,0,0,0,0,0,0,0,0,0,0,0,0,0,0,0,0,0,0,0,0
201603,48,027,3,7,Bell County                   ,462,462,79623421,10,20,1336018,1,4,175000,5,96,7017123,432,432,73174178,9,18,1206018,1,4,175000,5,96,7017123
201603,48,029,3,7,Bexar County                  ,743,743,178786422,0,0,0,8,32,3185255,41,429,42418524,631,631,160914035,0,0,0,8,32,3185255,38,414,39222036
201603,48,051,3,7,Burleson County               ,1,1,30000,0,0,0,0,0,0,0,0,0,1,1,30000,0,0,0,0,0,0,0,0,0
201603,48,055,3,7,Caldwell County               ,72,72,12172453,0,0,0,0,0,0,0,0,0,4,4,445400,0,0,0,0,0,0,0,0,0
201603,48,085,3,7,Collin County                 ,1866,1866,563393673,5,10,1362183,0,0,0,21,1191,131620990,1741,1741,530915955,0,0,0,0,0,0,21,1191,131620990
201603,48,091,3,7,Comal County                  ,496,496,109903925,16,32,3519168,0,0,0,0,0,0,496,496,109903925,16,32,3519168,0,0,0,0,0,0
201603,48,099,3,7,Coryell County                ,41,41,5637849,2,4,291388,0,0,0,0,0,0,30,30,4110615,1,2,140000,0,0,0,0,0,0
201603,48,107,3,7,Crosby County                 ,3,3,201000,0,0,0,0,0,0,0,0,0,0,0,0,0,0,0,0,0,0,0,0,0
201603,48,113,3,7,Dallas County                 ,1193,1193,363168394,10,20,2584981,6,21,2553779,31,2737,271194621,1007,1007,308963128,7,14,1539636,4,15,1814492,21,2224,226732787
201603,48,119,3,7,Delta County                  ,0,0,0,0,0,0,0,0,0,0,0,0,0,0,0,0,0,0,0,0,0,0,0,0
201603,48,135,3,7,Ector County                  ,105,105,23352860,0,0,0,0,0,0,2,19,1357708,22,22,4166455,0,0,0,0,0,0,0,0,0
201603,48,139,3,7,Ellis County                  ,384,384,67056453,0,0,0,0,0,0,0,0,0,384,384,67056453,0,0,0,0,0,0,0,0,0
201603,48,141,3,7,El Paso County                ,554,554,78607663,11,22,2024510,2,7,398526,14,127,6681281,551,551,78301698,11,22,2024510,2,7,398526,14,127,6681281
201603,48,157,3,7,Fort Bend County              ,2384,2384,316183051,9,18,2700000,0,0,0,7,75,6052100,342,342,95324939,9,18,2700000,0,0,0,0,0,0
201603,48,167,3,7,Galveston County              ,648,648,138471357,0,0,0,0,0,0,2,55,3027907,244,244,60289962,0,0,0,0,0,0,0,0,0
201603,48,185,3,7,Grimes County                 ,3,3,367110,0,0,0,0,0,0,0,0,0,3,3,367110,0,0,0,0,0,0,0,0,0
201603,48,187,3,7,Guadalupe County              ,172,172,39183385,0,0,0,0,0,0,0,0,0,154,154,36111138,0,0,0,0,0,0,0,0,0
201603,48,193,3,7,Hamilton County               ,0,0,0,0,0,0,0,0,0,0,0,0,0,0,0,0,0,0,0,0,0,0,0,0
201603,48,195,3,7,Hansford County               ,4,4,538750,0,0,0,0,0,0,0,0,0,1,1,100000,0,0,0,0,0,0,0,0,0
201603,48,201,3,7,Harris County                 ,3854,3854,721629455,7,14,999677,4,16,2600000,42,1739,224004239,3788,3788,690048080,6,12,929677,4,16,2600000,42,1739,224004239
201603,48,211,3,7,Hemphill County               ,0,0,0,0,0,0,0,0,0,0,0,0,0,0,0,0,0,0,0,0,0,0,0,0
201603,48,215,3,7,Hidalgo County                ,789,789,148548824,27,54,3224044,28,110,5885200,5,321,16498342,754,754,145169974,26,52,3074044,28,110,5885200,5,321,16498342
201603,48,233,3,7,Hutchinson County             ,0,0,0,0,0,0,0,0,0,0,0,0,0,0,0,0,0,0,0,0,0,0,0,0
201603,48,251,3,7,Johnson County                ,104,104,20892209,5,10,685000,0,0,0,0,0,0,102,102,20682431,5,10,685000,0,0,0,0,0,0
201603,48,257,3,7,Kaufman County                ,86,86,16702700,0,0,0,0,0,0,0,0,0,76,76,15595202,0,0,0,0,0,0,0,0,0
201603,48,259,3,7,Kendall County                ,67,67,18017530,0,0,0,0,0,0,0,0,0,67,67,18017530,0,0,0,0,0,0,0,0,0
201603,48,271,3,7,Kinney County                 ,0,0,0,0,0,0,0,0,0,0,0,0,0,0,0,0,0,0,0,0,0,0,0,0
201603,48,281,3,7,Lampasas County               ,13,13,1786477,0,0,0,0,0,0,0,0,0,13,13,1786477,0,0,0,0,0,0,0,0,0
201603,48,291,3,7,Liberty County                ,92,92,10296821,0,0,0,0,0,0,0,0,0,90,90,10066220,0,0,0,0,0,0,0,0,0
201603,48,303,3,7,Lubbock County                ,253,253,57753617,4,8,812775,0,0,0,7,85,4914817,157,157,35678295,1,2,190000,0,0,0,0,0,0
201603,48,323,3,7,Maverick County               ,29,29,2366981,0,0,0,0,0,0,0,0,0,29,29,2366981,0,0,0,0,0,0,0,0,0
201603,48,325,3,7,Medina County                 ,3,3,675000,0,0,0,0,0,0,0,0,0,3,3,675000,0,0,0,0,0,0,0,0,0
201603,48,329,3,7,Midland County                ,106,106,21848623,0,0,0,11,40,9507960,0,0,0,106,106,21848623,0,0,0,11,40,9507960,0,0,0
201603,48,339,3,7,Montgomery County             ,1117,1117,241076121,0,0,0,0,0,0,10,218,20731113,1102,1102,236453236,0,0,0,0,0,0,10,218,20731113
201603,48,367,3,7,Parker County                 ,112,112,24236762,0,0,0,0,0,0,0,0,0,112,112,24236762,0,0,0,0,0,0,0,0,0
201603,48,375,3,7,Potter County                 ,174,174,43166238,0,0,0,0,0,0,0,0,0,174,174,43166238,0,0,0,0,0,0,0,0,0
201603,48,383,3,7,Reagan County                 ,0,0,0,0,0,0,1,3,155152,0,0,0,0,0,0,0,0,0,0,0,0,0,0,0
201603,48,385,3,7,Real County                   ,0,0,0,0,0,0,0,0,0,0,0,0,0,0,0,0,0,0,0,0,0,0,0,0
201603,48,395,3,7,Robertson County              ,21,21,4678030,0,0,0,0,0,0,0,0,0,21,21,4678030,0,0,0,0,0,0,0,0,0
201603,48,397,3,7,Rockwall County               ,205,205,69387904,0,0,0,0,0,0,0,0,0,183,183,60719768,0,0,0,0,0,0,0,0,0
201603,48,407,3,7,San Jacinto County            ,55,55,10734207,0,0,0,0,0,0,0,0,0,55,55,10734207,0,0,0,0,0,0,0,0,0
201603,48,411,3,7,San Saba County               ,0,0,0,0,0,0,0,0,0,0,0,0,0,0,0,0,0,0,0,0,0,0,0,0
201603,48,451,3,7,Tom Green County              ,40,40,9371308,0,0,0,0,0,0,0,0,0,40,40,9371308,0,0,0,0,0,0,0,0,0
201603,48,453,3,7,Travis County                 ,1695,1695,381495606,45,90,10129736,12,48,2562499,64,1765,137236186,1602,1602,350829895,45,90,10129736,12,48,2562499,64,1765,137236186
201603,48,473,3,7,Waller County                 ,1,1,270000,0,0,0,0,0,0,3,16,354889,1,1,270000,0,0,0,0,0,0,0,0,0
201603,48,491,3,7,Williamson County             ,958,958,264329138,2,4,612720,4,14,994230,1,170,17358375,909,909,254733472,2,4,612720,4,14,994230,1,170,17358375
201603,48,493,3,7,Wilson County                 ,8,8,1604811,0,0,0,0,0,0,0,0,0,0,0,0,0,0,0,0,0,0,0,0,0
201603,48,497,3,7,Wise County                   ,27,27,5589468,0,0,0,0,0,0,0,0,0,21,21,4337725,0,0,0,0,0,0,0,0,0
201603,49,011,4,8,Davis County                  ,369,369,93386434,1,2,214000,3,12,1424894,7,42,4694866,361,361,90726275,1,2,214000,3,12,1424894,7,42,4694866
201603,49,023,4,8,Juab County                   ,12,12,3253221,0,0,0,0,0,0,0,0,0,9,9,2415801,0,0,0,0,0,0,0,0,0
201603,49,029,4,8,Morgan County                 ,25,25,7785608,0,0,0,0,0,0,0,0,0,0,0,0,0,0,0,0,0,0,0,0,0
201603,49,035,4,8,Salt Lake County              ,890,890,223122912,6,12,1987257,3,12,1131532,14,568,67645284,753,753,180786518,3,6,1002884,2,8,500000,7,472,59472499
201603,49,039,4,8,Sanpete County                ,7,7,850623,0,0,0,0,0,0,0,0,0,3,3,363463,0,0,0,0,0,0,0,0,0
201603,49,043,4,8,Summit County                 ,53,53,16165882,0,0,0,0,0,0,3,16,2733708,35,35,6918258,0,0,0,0,0,0,0,0,0
201603,49,057,4,8,Weber County                  ,151,151,33049354,1,2,264384,8,28,4609100,4,101,10378376,101,101,20969980,1,2,264384,3,12,2254668,2,91,8779170
201603,51,003,3,5,Albemarle County              ,120,120,42195723,0,0,0,0,0,0,0,0,0,120,120,42195723,0,0,0,0,0,0,0,0,0
201603,51,007,3,5,Amelia County                 ,11,11,2308620,0,0,0,0,0,0,0,0,0,11,11,2308620,0,0,0,0,0,0,0,0,0
201603,51,009,3,5,Amherst County                ,12,12,2247457,0,0,0,0,0,0,0,0,0,12,12,2247457,0,0,0,0,0,0,0,0,0
201603,51,013,3,5,Arlington County              ,59,59,22826516,0,0,0,0,0,0,1,440,81000000,59,59,22826516,0,0,0,0,0,0,1,440,81000000
201603,51,015,3,5,Augusta County                ,35,35,6705111,0,0,0,0,0,0,0,0,0,35,35,6705111,0,0,0,0,0,0,0,0,0
201603,51,019,3,5,Bedford County                ,57,57,16308864,0,0,0,0,0,0,0,0,0,57,57,16308864,0,0,0,0,0,0,0,0,0
201603,51,033,3,5,Caroline County               ,25,25,4406534,0,0,0,0,0,0,0,0,0,25,25,4406534,0,0,0,0,0,0,0,0,0
201603,51,036,3,5,Charles City County           ,5,5,882630,0,0,0,0,0,0,0,0,0,2,2,398400,0,0,0,0,0,0,0,0,0
201603,51,037,3,5,Charlotte County              ,1,1,233000,0,0,0,0,0,0,0,0,0,1,1,233000,0,0,0,0,0,0,0,0,0
201603,51,041,3,5,Chesterfield County           ,298,298,67249125,0,0,0,4,13,1958423,2,43,1600000,298,298,67249125,0,0,0,4,13,1958423,2,43,1600000
201603,51,043,3,5,Clarke County                 ,12,12,4660036,0,0,0,0,0,0,0,0,0,12,12,4660036,0,0,0,0,0,0,0,0,0
201603,51,049,3,5,Cumberland County             ,2,2,362855,0,0,0,0,0,0,0,0,0,2,2,362855,0,0,0,0,0,0,0,0,0
201603,51,051,3,5,Dickenson County              ,1,1,20000,0,0,0,0,0,0,0,0,0,1,1,20000,0,0,0,0,0,0,0,0,0
201603,51,053,3,5,Dinwiddie County              ,12,12,1898604,0,0,0,0,0,0,0,0,0,0,0,0,0,0,0,0,0,0,0,0,0
201603,51,059,3,5,Fairfax County                ,197,197,43216088,0,0,0,0,0,0,2,219,17858312,100,100,22480875,0,0,0,0,0,0,1,120,10000000
201603,51,061,3,5,Fauquier County               ,57,57,21268303,0,0,0,0,0,0,0,0,0,57,57,21268303,0,0,0,0,0,0,0,0,0
201603,51,069,3,5,Frederick County              ,132,132,29547725,0,0,0,0,0,0,0,0,0,132,132,29547725,0,0,0,0,0,0,0,0,0
201603,51,073,3,5,Gloucester County             ,38,38,6952135,0,0,0,0,0,0,0,0,0,38,38,6952135,0,0,0,0,0,0,0,0,0
201603,51,075,3,5,Goochland County              ,26,26,7466992,0,0,0,0,0,0,0,0,0,26,26,7466992,0,0,0,0,0,0,0,0,0
201603,51,085,3,5,Hanover County                ,151,151,31401825,0,0,0,0,0,0,0,0,0,151,151,31401825,0,0,0,0,0,0,0,0,0
201603,51,087,3,5,Henrico County                ,167,167,28646724,0,0,0,0,0,0,13,65,2124000,167,167,28646724,0,0,0,0,0,0,13,65,2124000
201603,51,093,3,5,Isle of Wight County          ,36,36,8090190,0,0,0,0,0,0,0,0,0,0,0,0,0,0,0,0,0,0,0,0,0
201603,51,095,3,5,James City County             ,88,88,20579237,0,0,0,1,4,590000,0,0,0,88,88,20579237,0,0,0,1,4,590000,0,0,0
201603,51,097,3,5,King and Queen County         ,7,7,861850,0,0,0,0,0,0,0,0,0,7,7,861850,0,0,0,0,0,0,0,0,0
201603,51,099,3,5,King George County            ,32,32,8487520,0,0,0,0,0,0,0,0,0,32,32,8487520,0,0,0,0,0,0,0,0,0
201603,51,107,3,5,Loudoun County                ,563,563,127051198,4,8,620000,0,0,0,12,283,23696587,563,563,127051198,4,8,620000,0,0,0,12,283,23696587
201603,51,109,3,5,Louisa County                 ,60,60,11107630,0,0,0,0,0,0,0,0,0,60,60,11107630,0,0,0,0,0,0,0,0,0
201603,51,115,3,5,Mathews County                ,3,3,523393,0,0,0,0,0,0,0,0,0,3,3,523393,0,0,0,0,0,0,0,0,0
201603,51,127,3,5,New Kent County               ,59,59,10442734,0,0,0,0,0,0,0,0,0,59,59,10442734,0,0,0,0,0,0,0,0,0
201603,51,139,3,5,Page County                   ,5,5,860000,0,0,0,0,0,0,0,0,0,5,5,860000,0,0,0,0,0,0,0,0,0
201603,51,145,3,5,Powhatan County               ,34,34,7719048,0,0,0,0,0,0,0,0,0,34,34,7719048,0,0,0,0,0,0,0,0,0
201603,51,149,3,5,Prince George County          ,21,21,3183870,0,0,0,0,0,0,0,0,0,21,21,3183870,0,0,0,0,0,0,0,0,0
201603,51,153,3,5,Prince William County         ,332,332,55683129,0,0,0,0,0,0,0,0,0,332,332,55683129,0,0,0,0,0,0,0,0,0
201603,51,165,3,5,Rockingham County             ,82,82,17255260,0,0,0,0,0,0,0,0,0,82,82,17255260,0,0,0,0,0,0,0,0,0
201603,51,175,3,5,Southampton County            ,9,9,1001500,0,0,0,0,0,0,0,0,0,9,9,1001500,0,0,0,0,0,0,0,0,0
201603,51,177,3,5,Spotsylvania County           ,103,103,26364009,0,0,0,0,0,0,0,0,0,0,0,0,0,0,0,0,0,0,0,0,0
201603,51,179,3,5,Stafford County               ,438,438,56866376,0,0,0,0,0,0,0,0,0,438,438,56866376,0,0,0,0,0,0,0,0,0
201603,51,181,3,5,Surry County                  ,11,11,1737536,0,0,0,0,0,0,0,0,0,8,8,1238000,0,0,0,0,0,0,0,0,0
201603,51,183,3,5,Sussex County                 ,0,0,0,0,0,0,0,0,0,0,0,0,0,0,0,0,0,0,0,0,0,0,0,0
201603,51,187,3,5,Warren County                 ,33,33,7268224,0,0,0,0,0,0,0,0,0,33,33,7268224,0,0,0,0,0,0,0,0,0
201603,51,199,3,5,York County                   ,27,27,5555732,0,0,0,0,0,0,0,0,0,27,27,5555732,0,0,0,0,0,0,0,0,0
201603,51,510,3,5,Alexandria (Independent City) ,15,15,2023000,0,0,0,0,0,0,0,0,0,15,15,2023000,0,0,0,0,0,0,0,0,0
201603,51,540,3,5,Charlottesville (Independent C,24,24,5739076,0,0,0,0,0,0,1,8,1188841,17,17,4150000,0,0,0,0,0,0,0,0,0
201603,51,550,3,5,Chesapeake(Independent City)  ,150,150,33850231,1,2,273400,0,0,0,0,0,0,150,150,33850231,1,2,273400,0,0,0,0,0,0
201603,51,570,3,5,Colonial Heights (Independent ,0,0,0,0,0,0,0,0,0,0,0,0,0,0,0,0,0,0,0,0,0,0,0,0
201603,51,580,3,5,Covington (Independent City)  ,0,0,0,0,0,0,0,0,0,0,0,0,0,0,0,0,0,0,0,0,0,0,0,0
201603,51,600,3,5,Fairfax (Independent City)    ,4,4,1255000,0,0,0,0,0,0,0,0,0,4,4,1255000,0,0,0,0,0,0,0,0,0
201603,51,610,3,5,Falls Church (Independent City,6,6,2325000,0,0,0,0,0,0,0,0,0,6,6,2325000,0,0,0,0,0,0,0,0,0
201603,51,630,3,5,Fredericksburg(Independent Cit,16,16,3959840,0,0,0,0,0,0,5,128,9004435,16,16,3959840,0,0,0,0,0,0,5,128,9004435
201603,51,650,3,5,Hampton (Independent City)    ,17,17,753021,0,0,0,0,0,0,0,0,0,0,0,0,0,0,0,0,0,0,0,0,0
201603,51,660,3,5,Harrisonburg (Independent City,17,17,2226399,2,4,549050,0,0,0,2,10,439306,3,3,535000,0,0,0,0,0,0,0,0,0
201603,51,670,3,5,Hopewell (Independent City)   ,19,19,1007700,0,0,0,0,0,0,0,0,0,19,19,1007700,0,0,0,0,0,0,0,0,0
201603,51,680,3,5,Lynchburg (Independent City)  ,20,20,4320389,0,0,0,0,0,0,0,0,0,20,20,4320389,0,0,0,0,0,0,0,0,0
201603,51,683,3,5,Manassas (Independent City)   ,34,34,4791885,0,0,0,0,0,0,0,0,0,0,0,0,0,0,0,0,0,0,0,0,0
201603,51,685,3,5,Manassas Park (Independent Cit,3,3,559092,0,0,0,0,0,0,0,0,0,0,0,0,0,0,0,0,0,0,0,0,0
201603,51,700,3,5,Newport News (Independent City,38,38,3330178,0,0,0,0,0,0,0,0,0,38,38,3330178,0,0,0,0,0,0,0,0,0
201603,51,710,3,5,Norfolk (Independent City)    ,85,85,10913351,4,8,911600,0,0,0,12,372,8322000,85,85,10913351,4,8,911600,0,0,0,12,372,8322000
201603,51,730,3,5,Petersburg (Independent City) ,3,3,412000,0,0,0,0,0,0,0,0,0,3,3,412000,0,0,0,0,0,0,0,0,0
201603,51,735,3,5,Poquoson (Independent City)   ,9,9,1854200,0,0,0,0,0,0,0,0,0,9,9,1854200,0,0,0,0,0,0,0,0,0
201603,51,740,3,5,Portsmouth (Independent City) ,22,22,3034000,1,2,130000,0,0,0,0,0,0,22,22,3034000,1,2,130000,0,0,0,0,0,0
201603,51,760,3,5,Richmond (Independent City)   ,73,73,10466412,4,8,691553,1,4,139207,1,14,2044221,73,73,10466412,4,8,691553,1,4,139207,1,14,2044221
201603,51,800,3,5,Suffolk (Independent City)    ,65,65,14668433,0,0,0,0,0,0,1,36,650000,65,65,14668433,0,0,0,0,0,0,1,36,650000
201603,51,810,3,5,Virginia Beach (Independent Ci,228,228,57149527,0,0,0,0,0,0,3,175,12790000,228,228,57149527,0,0,0,0,0,0,3,175,12790000
201603,51,830,3,5,Williamsburg (Independent City,15,15,2086656,0,0,0,0,0,0,0,0,0,15,15,2086656,0,0,0,0,0,0,0,0,0
201603,53,005,4,9,Benton County                 ,249,249,74667294,1,2,338819,2,8,906000,3,28,2173654,163,163,46513920,1,2,338819,2,8,906000,0,0,0
201603,53,011,4,9,Clark County                  ,627,627,157253189,2,4,284599,2,8,651186,14,210,14315633,474,474,108863704,2,4,284599,2,8,651186,14,210,14315633
201603,53,021,4,9,Franklin County               ,87,87,24134775,5,10,931215,0,0,0,0,0,0,9,9,3449809,0,0,0,0,0,0,0,0,0
201603,53,031,4,9,Jefferson County              ,47,47,9863856,0,0,0,0,0,0,0,0,0,47,47,9863856,0,0,0,0,0,0,0,0,0
201603,53,033,4,9,King County                   ,1013,1013,364146516,60,120,23670492,34,123,24558113,38,1325,142122907,866,866,309238359,59,118,23148408,34,123,24558113,28,1171,123827805
201603,53,035,4,9,Kitsap County                 ,175,175,50642761,5,10,1803415,3,12,1735149,0,0,0,175,175,50642761,5,10,1803415,3,12,1735149,0,0,0
201603,53,053,4,9,Pierce County                 ,573,573,173078614,5,10,2006537,1,4,544552,26,534,50831636,573,573,173078614,5,10,2006537,1,4,544552,26,534,50831636
201603,53,055,4,9,San Juan County               ,17,17,4991668,0,0,0,0,0,0,0,0,0,8,8,2866111,0,0,0,0,0,0,0,0,0
201603,53,059,4,9,Skamania County               ,9,9,1827643,0,0,0,0,0,0,0,0,0,6,6,1139192,0,0,0,0,0,0,0,0,0
201603,53,061,4,9,Snohomish County              ,815,815,218810540,7,14,2748017,6,20,2200000,11,148,13852498,770,770,209513267,6,12,2494436,6,20,2200000,8,116,12675294
201603,54,011,3,5,Cabell County                 ,8,8,1329659,1,2,200000,0,0,0,0,0,0,8,8,1329659,1,2,200000,0,0,0,0,0,0
201603,54,015,3,5,Clay County                   ,1,1,25000,0,0,0,0,0,0,0,0,0,1,1,25000,0,0,0,0,0,0,0,0,0
201603,54,019,3,5,Fayette County                ,6,6,808295,0,0,0,0,0,0,0,0,0,1,1,220000,0,0,0,0,0,0,0,0,0
201603,54,037,3,5,Jefferson County              ,35,35,8117463,0,0,0,0,0,0,0,0,0,31,31,7139292,0,0,0,0,0,0,0,0,0
201603,54,081,3,5,Raleigh County                ,10,10,1659935,0,0,0,0,0,0,0,0,0,9,9,1376210,0,0,0,0,0,0,0,0,0
201603,55,025,2,3,Dane County                   ,271,271,81762870,4,8,1333850,2,6,721305,9,768,105889106,204,204,65718175,3,6,971748,0,0,0,4,542,79300000
201603,55,031,2,3,Douglas County                ,4,4,850543,0,0,0,0,0,0,0,0,0,4,4,850543,0,0,0,0,0,0,0,0,0
201603,55,037,2,3,Florence County               ,1,1,320000,0,0,0,0,0,0,0,0,0,1,1,320000,0,0,0,0,0,0,0,0,0
201603,55,049,2,3,Iowa County                   ,7,7,1749000,0,0,0,0,0,0,0,0,0,7,7,1749000,0,0,0,0,0,0,0,0,0
201603,55,059,2,3,Kenosha County                ,29,29,9873615,0,0,0,0,0,0,1,5,297679,24,24,8440044,0,0,0,0,0,0,0,0,0
201603,55,079,2,3,Milwaukee County              ,28,28,7435222,1,2,490000,0,0,0,6,241,38041243,28,28,7435222,1,2,490000,0,0,0,6,241,38041243
201603,55,089,2,3,Ozaukee County                ,42,42,15565599,0,0,0,0,0,0,8,47,6451425,19,19,5066369,0,0,0,0,0,0,5,30,3791665
201603,55,093,2,3,Pierce County                 ,26,26,4603724,0,0,0,0,0,0,0,0,0,26,26,4603724,0,0,0,0,0,0,0,0,0
201603,55,109,2,3,St. Croix County              ,57,57,11995420,3,6,776000,0,0,0,0,0,0,55,55,11308785,3,6,776000,0,0,0,0,0,0
201603,55,131,2,3,Washington County             ,52,52,14896576,3,6,650000,0,0,0,1,5,395833,28,28,7433400,3,6,650000,0,0,0,0,0,0
201603,56,029,4,8,Park County                   ,25,25,6086976,0,0,0,1,3,335000,1,6,450000,25,25,6086976,0,0,0,1,3,335000,1,6,450000
201603,56,039,4,8,Teton County                  ,33,33,46058978,0,0,0,0,0,0,0,0,0,25,25,41895618,0,0,0,0,0,0,0,0,0
