Survey,FIPS,FIPS,Region,Division,County,,1-unit,,,2-units,,,3-4 units,,,5+ units,,,1-unit rep,,,2-units rep,,,3-4 units rep,,, 5+units rep
Date,State,County,Code,Code,Name,Bldgs,Units,Value,Bldgs,Units,Value,Bldgs,Units,Value,Bldgs,Units,Value,Bldgs,Units,Value,Bldgs,Units,Value,Bldgs,Units,Value,Bldgs,Units,Value
 
201604,01,001,3,6,Autauga County                ,77,77,20901510,0,0,0,0,0,0,0,0,0,77,77,20901510,0,0,0,0,0,0,0,0,0
201604,01,007,3,6,Bibb County                   ,8,8,1477351,0,0,0,0,0,0,0,0,0,0,0,0,0,0,0,0,0,0,0,0,0
201604,01,009,3,6,Blount County                 ,5,5,821349,0,0,0,0,0,0,1,5,478913,4,4,642920,0,0,0,0,0,0,0,0,0
201604,01,021,3,6,Chilton County                ,9,9,1348500,0,0,0,0,0,0,0,0,0,9,9,1348500,0,0,0,0,0,0,0,0,0
201604,01,073,3,6,Jefferson County              ,527,527,128870990,0,0,0,0,0,0,7,266,29060846,451,451,112884494,0,0,0,0,0,0,5,216,24581715
201604,01,083,3,6,Limestone County              ,39,39,7730066,0,0,0,0,0,0,0,0,0,39,39,7730066,0,0,0,0,0,0,0,0,0
201604,01,089,3,6,Madison County                ,864,864,127415711,0,0,0,0,0,0,15,264,10053916,862,862,127163081,0,0,0,0,0,0,15,264,10053916
201604,01,113,3,6,Russell County                ,32,32,5158174,1,2,80304,0,0,0,0,0,0,32,32,5158174,1,2,80304,0,0,0,0,0,0
201604,01,115,3,6,St. Clair County              ,44,44,6525463,0,0,0,0,0,0,0,0,0,40,40,5692322,0,0,0,0,0,0,0,0,0
201604,01,117,3,6,Shelby County                 ,321,321,69889124,0,0,0,0,0,0,1,10,170000,156,156,30069742,0,0,0,0,0,0,0,0,0
201604,01,127,3,6,Walker County                 ,3,3,680000,0,0,0,0,0,0,0,0,0,3,3,680000,0,0,0,0,0,0,0,0,0
201604,02,013,4,9,Aleutians East Borough        ,0,0,0,0,0,0,0,0,0,0,0,0,0,0,0,0,0,0,0,0,0,0,0,0
201604,02,016,4,9,Aleutians West Census Area    ,1,1,98118,0,0,0,0,0,0,0,0,0,0,0,0,0,0,0,0,0,0,0,0,0
201604,02,020,4,9,Anchorage Municipality        ,233,233,73186668,0,0,0,4,12,2067274,5,56,8853351,0,0,0,0,0,0,0,0,0,0,0,0
201604,02,050,4,9,Bethel Census Area            ,0,0,0,0,0,0,0,0,0,0,0,0,0,0,0,0,0,0,0,0,0,0,0,0
201604,02,060,4,9,Bristol Bay Borough           ,0,0,0,0,0,0,0,0,0,0,0,0,0,0,0,0,0,0,0,0,0,0,0,0
201604,02,070,4,9,Dillingham Census Area        ,1,1,291587,0,0,0,0,0,0,0,0,0,0,0,0,0,0,0,0,0,0,0,0,0
201604,02,090,4,9,Fairbanks North Star Borough  ,3,3,750000,0,0,0,0,0,0,0,0,0,3,3,750000,0,0,0,0,0,0,0,0,0
201604,02,100,4,9,Haines Borough                ,1,1,287713,0,0,0,0,0,0,0,0,0,1,1,287713,0,0,0,0,0,0,0,0,0
201604,02,105,4,9,Hoonah-Angoon Census Area     ,1,1,150000,0,0,0,0,0,0,0,0,0,1,1,150000,0,0,0,0,0,0,0,0,0
201604,02,110,4,9,Juneau City and Borough       ,16,16,4201063,0,0,0,2,6,77275,0,0,0,16,16,4201063,0,0,0,2,6,77275,0,0,0
201604,02,122,4,9,Kenai Peninsula Borough       ,23,23,5460389,4,8,1037792,0,0,0,0,0,0,10,10,2638000,3,6,700000,0,0,0,0,0,0
201604,02,130,4,9,Ketchikan Gateway Borough     ,11,11,3203582,1,2,282160,0,0,0,0,0,0,11,11,3203582,1,2,282160,0,0,0,0,0,0
201604,02,150,4,9,Kodiak Island Borough         ,3,3,612905,0,0,0,0,0,0,0,0,0,3,3,612905,0,0,0,0,0,0,0,0,0
201604,02,158,4,9,Kusilvak Census Area          ,0,0,0,0,0,0,0,0,0,0,0,0,0,0,0,0,0,0,0,0,0,0,0,0
201604,02,170,4,9,Matanuska-Susitna Borough     ,12,12,2311138,1,2,257899,1,4,454720,1,42,3978099,7,7,1604187,0,0,0,1,4,454720,1,42,3978099
201604,02,180,4,9,Nome Census Area              ,1,1,95164,0,0,0,0,0,0,0,0,0,1,1,95164,0,0,0,0,0,0,0,0,0
201604,02,185,4,9,North Slope Borough           ,2,2,540757,0,0,0,0,0,0,0,0,0,2,2,540757,0,0,0,0,0,0,0,0,0
201604,02,188,4,9,Northwest Arctic Borough      ,0,0,0,0,0,0,0,0,0,0,0,0,0,0,0,0,0,0,0,0,0,0,0,0
201604,02,195,4,9,Petersburg Census Area        ,4,4,556187,0,0,0,0,0,0,0,0,0,0,0,0,0,0,0,0,0,0,0,0,0
201604,02,198,4,9,Prince of Wales-Hyder Census A,2,2,534450,0,0,0,1,3,439137,0,0,0,2,2,534450,0,0,0,1,3,439137,0,0,0
201604,02,220,4,9,Sitka City and Borough        ,5,5,1464957,0,0,0,0,0,0,0,0,0,0,0,0,0,0,0,0,0,0,0,0,0
201604,02,230,4,9,Skagway Municipality          ,5,5,450000,0,0,0,0,0,0,0,0,0,5,5,450000,0,0,0,0,0,0,0,0,0
201604,02,261,4,9,Valdez-Cordova Census Area    ,4,4,568000,0,0,0,0,0,0,0,0,0,4,4,568000,0,0,0,0,0,0,0,0,0
201604,02,275,4,9,Wrangell City and Borough     ,1,1,60000,0,0,0,0,0,0,0,0,0,1,1,60000,0,0,0,0,0,0,0,0,0
201604,02,282,4,9,Yakutat City and Borough      ,1,1,190600,0,0,0,0,0,0,0,0,0,1,1,190600,0,0,0,0,0,0,0,0,0
201604,02,290,4,9,Yukon-Koyukuk Census Area     ,0,0,0,0,0,0,0,0,0,0,0,0,0,0,0,0,0,0,0,0,0,0,0,0
201604,04,013,4,8,Maricopa County               ,5381,5381,1529684033,22,62,6722822,20,88,15130665,39,1522,209233140,5272,5272,1489907203,22,62,6722822,20,88,15130665,39,1522,209233140
201604,04,019,4,8,Pima County                   ,826,826,229007248,5,10,739922,0,0,0,12,249,30095603,438,438,125412470,0,0,0,0,0,0,0,0,0
201604,04,021,4,8,Pinal County                  ,737,737,137106616,29,58,3781000,0,0,0,0,0,0,604,604,107749124,29,58,3781000,0,0,0,0,0,0
201604,05,013,3,7,Calhoun County                ,0,0,0,0,0,0,0,0,0,0,0,0,0,0,0,0,0,0,0,0,0,0,0,0
201604,05,035,3,7,Crittenden County             ,26,26,4701861,0,0,0,0,0,0,0,0,0,26,26,4701861,0,0,0,0,0,0,0,0,0
201604,05,045,3,7,Faulkner County               ,94,94,19329693,0,0,0,0,0,0,1,40,1500000,91,91,18703413,0,0,0,0,0,0,1,40,1500000
201604,05,053,3,7,Grant County                  ,4,4,469158,0,0,0,0,0,0,0,0,0,0,0,0,0,0,0,0,0,0,0,0,0
201604,05,085,3,7,Lonoke County                 ,117,117,12488031,0,0,0,0,0,0,0,0,0,62,62,7810681,0,0,0,0,0,0,0,0,0
201604,05,087,3,7,Madison County                ,0,0,0,0,0,0,0,0,0,0,0,0,0,0,0,0,0,0,0,0,0,0,0,0
201604,05,091,3,7,Miller County                 ,14,14,2164001,0,0,0,0,0,0,0,0,0,0,0,0,0,0,0,0,0,0,0,0,0
201604,05,105,3,7,Perry County                  ,0,0,0,0,0,0,0,0,0,0,0,0,0,0,0,0,0,0,0,0,0,0,0,0
201604,05,119,3,7,Pulaski County                ,221,221,45891524,5,10,2663000,0,0,0,35,323,15970505,218,218,45100397,5,10,2663000,0,0,0,34,318,15622028
201604,05,129,3,7,Searcy County                 ,0,0,0,0,0,0,0,0,0,0,0,0,0,0,0,0,0,0,0,0,0,0,0,0
201604,05,143,3,7,Washington County             ,360,360,82150784,0,0,0,0,0,0,0,0,0,336,336,79611814,0,0,0,0,0,0,0,0,0
201604,06,001,4,9,Alameda County                ,824,824,278703846,0,0,0,4,15,3783468,29,1262,190017677,722,722,240971169,0,0,0,4,15,3783468,17,1028,159595369
201604,06,013,4,9,Contra Costa County           ,593,593,188250557,0,0,0,0,0,0,8,50,6995061,527,527,173616680,0,0,0,0,0,0,0,0,0
201604,06,017,4,9,El Dorado County              ,228,228,89976138,0,0,0,0,0,0,0,0,0,228,228,89976138,0,0,0,0,0,0,0,0,0
201604,06,019,4,9,Fresno County                 ,705,705,187531352,1,2,350000,7,27,5485244,7,56,4800000,594,594,159546913,1,2,350000,7,27,5485244,7,56,4800000
201604,06,037,4,9,Los Angeles County            ,1608,1608,654035088,104,208,38935024,16,61,13633734,114,4236,811069302,1505,1505,617385703,104,208,38935024,16,61,13633734,101,4075,789987320
201604,06,041,4,9,Marin County                  ,59,59,25056649,0,0,0,0,0,0,6,56,5518834,12,12,5190800,0,0,0,0,0,0,0,0,0
201604,06,059,4,9,Orange County                 ,1318,1318,409610071,23,46,10677009,20,64,13748172,50,3017,448240357,1189,1189,357983910,17,34,6676937,18,58,12128041,46,2974,441440440
201604,06,061,4,9,Placer County                 ,607,607,194230579,0,0,0,0,0,0,3,52,5279795,603,603,192922963,0,0,0,0,0,0,3,52,5279795
201604,06,063,4,9,Plumas County                 ,9,9,1309040,0,0,0,0,0,0,0,0,0,9,9,1309040,0,0,0,0,0,0,0,0,0
201604,06,067,4,9,Sacramento County             ,748,748,198448580,2,4,404327,0,0,0,3,266,35348363,741,741,196801130,2,4,404327,0,0,0,3,266,35348363
201604,06,069,4,9,San Benito County             ,73,73,19185777,0,0,0,0,0,0,1,5,1398501,56,56,14229201,0,0,0,0,0,0,1,5,1398501
201604,06,071,4,9,San Bernardino County         ,916,916,228761341,0,0,0,1,3,184952,40,681,86417749,844,844,213413108,0,0,0,1,3,184952,39,676,86031745
201604,06,073,4,9,San Diego County              ,736,736,247640359,27,54,9519697,38,120,21227504,68,2485,346464449,718,718,238020562,27,54,9519697,38,120,21227504,63,2435,339707446
201604,06,075,4,9,San Francisco County          ,16,16,4313440,9,18,6739800,1,3,1150000,9,849,284575743,16,16,4313440,9,18,6739800,1,3,1150000,9,849,284575743
201604,06,081,4,9,San Mateo County              ,131,131,77847055,3,6,1600000,0,0,0,11,371,76976859,75,75,55149133,3,6,1600000,0,0,0,4,126,28361080
201604,06,085,4,9,Santa Clara County            ,493,493,196811243,2,4,1825006,6,23,4856809,35,1225,122651826,442,442,180077572,2,4,1825006,6,23,4856809,32,1140,108326864
201604,06,091,4,9,Sierra County                 ,2,2,245460,0,0,0,0,0,0,0,0,0,2,2,245460,0,0,0,0,0,0,0,0,0
201604,06,113,4,9,Yolo County                   ,188,188,52689419,1,2,250000,1,4,400000,6,70,10350000,185,185,51725230,1,2,250000,1,4,400000,6,70,10350000
201604,08,001,4,8,Adams County                  ,606,606,164623037,0,0,0,5,19,2336874,8,50,4074154,585,585,158674143,0,0,0,4,16,1757739,8,50,4074154
201604,08,005,4,8,Arapahoe County               ,698,698,184550492,0,0,0,0,0,0,19,1041,118418809,688,688,181536606,0,0,0,0,0,0,19,1041,118418809
201604,08,014,4,8,Broomfield County             ,202,202,67621117,0,0,0,2,8,1075814,1,5,673523,202,202,67621117,0,0,0,2,8,1075814,1,5,673523
201604,08,015,4,8,Chaffee County                ,32,32,8451857,1,2,323962,0,0,0,0,0,0,0,0,0,0,0,0,0,0,0,0,0,0
201604,08,019,4,8,Clear Creek County            ,3,3,1185981,0,0,0,0,0,0,0,0,0,3,3,1185981,0,0,0,0,0,0,0,0,0
201604,08,031,4,8,Denver County                 ,622,622,167103100,2,4,532958,1,4,757100,14,1265,204996704,622,622,167103100,2,4,532958,1,4,757100,14,1265,204996704
201604,08,035,4,8,Douglas County                ,623,623,191090923,0,0,0,0,0,0,8,176,17470130,525,525,163426747,0,0,0,0,0,0,7,168,16789619
201604,08,039,4,8,Elbert County                 ,41,41,8332172,0,0,0,0,0,0,0,0,0,40,40,8171742,0,0,0,0,0,0,0,0,0
201604,08,041,4,8,El Paso County                ,1202,1202,492229974,3,6,548035,0,0,0,5,188,31449506,1202,1202,492229974,3,6,548035,0,0,0,5,188,31449506
201604,08,047,4,8,Gilpin County                 ,6,6,3125000,0,0,0,0,0,0,0,0,0,6,6,3125000,0,0,0,0,0,0,0,0,0
201604,08,069,4,8,Larimer County                ,504,504,136264629,5,10,1660971,6,24,4506153,1,5,805385,502,502,135824137,5,10,1660971,6,24,4506153,1,5,805385
201604,08,077,4,8,Mesa County                   ,130,130,31375346,1,2,150325,0,0,0,2,91,9352294,130,130,31375346,1,2,150325,0,0,0,2,91,9352294
201604,08,093,4,8,Park County                   ,33,33,5087819,0,0,0,0,0,0,0,0,0,32,32,4882473,0,0,0,0,0,0,0,0,0
201604,08,101,4,8,Pueblo County                 ,75,75,13083977,0,0,0,0,0,0,0,0,0,75,75,13083977,0,0,0,0,0,0,0,0,0
201604,08,119,4,8,Teller County                 ,12,12,4149677,0,0,0,0,0,0,0,0,0,12,12,4149677,0,0,0,0,0,0,0,0,0
201604,09,001,1,1,Fairfield County              ,207,207,122023908,6,12,1368000,0,0,0,10,961,170088114,171,171,84805912,6,12,1368000,0,0,0,8,949,169370257
201604,09,003,1,1,Hartford County               ,137,137,27482594,0,0,0,1,3,420000,17,348,47857000,124,124,25118311,0,0,0,1,3,420000,17,348,47857000
201604,09,007,1,1,Middlesex County              ,56,56,13311377,0,0,0,1,3,250000,2,27,2954000,46,46,10607491,0,0,0,1,3,250000,2,27,2954000
201604,09,013,1,1,Tolland County                ,66,66,10704219,0,0,0,0,0,0,10,111,12210604,53,53,7949268,0,0,0,0,0,0,8,101,10983304
201604,10,001,3,5,Kent County                   ,334,334,46896124,0,0,0,0,0,0,2,15,1280640,327,327,46142740,0,0,0,0,0,0,2,15,1280640
201604,10,003,3,5,New Castle County             ,417,417,34051528,3,6,428736,0,0,0,11,376,33178350,404,404,33178656,3,6,428736,0,0,0,6,344,32666350
201604,10,005,3,5,Sussex County                 ,781,781,112022010,18,36,3244377,8,29,3833312,5,64,4227852,781,781,112022010,18,36,3244377,8,29,3833312,5,64,4227852
201604,11,001,3,5,Washington  DC                ,156,156,35245823,8,16,1740391,1,4,483864,9,546,51727614,156,156,35245823,8,16,1740391,1,4,483864,9,546,51727614
201604,12,003,3,5,Baker County                  ,30,30,5584252,0,0,0,0,0,0,0,0,0,30,30,5584252,0,0,0,0,0,0,0,0,0
201604,12,019,3,5,Clay County                   ,367,367,79504532,0,0,0,0,0,0,0,0,0,367,367,79504532,0,0,0,0,0,0,0,0,0
201604,12,031,3,5,Duval County                  ,1012,1012,237737280,10,20,2186684,0,0,0,1,24,2273741,987,987,229339514,10,20,2186684,0,0,0,1,24,2273741
201604,12,033,3,5,Escambia County               ,319,319,73981255,0,0,0,0,0,0,14,252,18362910,319,319,73981255,0,0,0,0,0,0,14,252,18362910
201604,12,053,3,5,Hernando County               ,195,195,35632437,0,0,0,0,0,0,8,126,14669506,192,192,34879697,0,0,0,0,0,0,8,126,14669506
201604,12,057,3,5,Hillsborough County           ,1963,1963,653912378,2,4,450000,2,8,646000,49,2218,321563815,1963,1963,653912378,2,4,450000,2,8,646000,49,2218,321563815
201604,12,067,3,5,Lafayette County              ,5,5,893270,0,0,0,0,0,0,0,0,0,5,5,893270,0,0,0,0,0,0,0,0,0
201604,12,071,3,5,Lee County                    ,1268,1268,306733193,9,18,1308360,18,72,13053787,15,307,108931462,1268,1268,306733193,9,18,1308360,18,72,13053787,15,307,108931462
201604,12,073,3,5,Leon County                   ,184,184,35745901,1,2,340000,1,3,390000,7,151,15296090,0,0,0,0,0,0,0,0,0,0,0,0
201604,12,081,3,5,Manatee County                ,1073,1073,244610919,15,30,2809599,12,48,8032828,20,509,48296784,835,835,188121624,14,28,2242500,9,36,5973180,18,460,45156712
201604,12,086,3,5,Miami-Dade County             ,1040,1040,270039410,23,46,8970412,3,11,2043560,68,2403,467033773,993,993,242519485,23,46,8970412,3,11,2043560,64,2380,426274281
201604,12,089,3,5,Nassau County                 ,310,310,83489295,0,0,0,0,0,0,1,6,1645753,310,310,83489295,0,0,0,0,0,0,1,6,1645753
201604,12,091,3,5,Okaloosa County               ,287,287,80360303,0,0,0,1,4,573520,1,10,1962590,270,270,77926359,0,0,0,1,4,573520,1,10,1962590
201604,12,095,3,5,Orange County                 ,1795,1795,493061844,27,54,12007061,1,4,861960,19,1183,164175502,1795,1795,493061844,27,54,12007061,1,4,861960,19,1183,164175502
201604,12,097,3,5,Osceola County                ,1347,1347,333277759,1,2,198928,7,28,4628104,4,205,17883226,1277,1277,313701550,1,2,198928,7,28,4628104,4,205,17883226
201604,12,101,3,5,Pasco County                  ,644,644,138299129,11,22,2048735,10,40,1397228,22,493,28910492,641,641,137939129,9,18,1488735,10,40,1397228,19,478,27792914
201604,12,103,3,5,Pinellas County               ,415,415,113430934,2,4,466040,2,6,1137044,7,536,50096555,394,394,106917012,2,4,466040,1,3,897000,2,419,43460000
201604,12,109,3,5,St. Johns County              ,1197,1197,326068077,0,0,0,5,20,3867931,4,48,6964433,1172,1172,321097851,0,0,0,5,20,3867931,4,48,6964433
201604,12,113,3,5,Santa Rosa County             ,430,430,63909320,0,0,0,0,0,0,0,0,0,430,430,63909320,0,0,0,0,0,0,0,0,0
201604,12,115,3,5,Sarasota County               ,844,844,246508165,1,2,710000,4,16,1803733,8,286,55971030,844,844,246508165,1,2,710000,4,16,1803733,8,286,55971030
201604,12,117,3,5,Seminole County               ,255,255,86877488,3,6,869267,0,0,0,27,747,65586224,255,255,86877488,3,6,869267,0,0,0,27,747,65586224
201604,12,129,3,5,Wakulla County                ,57,57,7316389,0,0,0,0,0,0,0,0,0,57,57,7316389,0,0,0,0,0,0,0,0,0
201604,12,131,3,5,Walton County                 ,476,476,195195153,0,0,0,0,0,0,1,31,27000000,476,476,195195153,0,0,0,0,0,0,1,31,27000000
201604,12,133,3,5,Washington County             ,14,14,2206311,0,0,0,0,0,0,0,0,0,11,11,1716873,0,0,0,0,0,0,0,0,0
201604,13,007,3,5,Baker County                  ,0,0,0,0,0,0,0,0,0,0,0,0,0,0,0,0,0,0,0,0,0,0,0,0
201604,13,013,3,5,Barrow County                 ,100,100,14229748,0,0,0,0,0,0,0,0,0,79,79,12037320,0,0,0,0,0,0,0,0,0
201604,13,015,3,5,Bartow County                 ,164,164,33386586,0,0,0,0,0,0,0,0,0,155,155,31465332,0,0,0,0,0,0,0,0,0
201604,13,021,3,5,Bibb County                   ,33,33,5202264,0,0,0,0,0,0,0,0,0,33,33,5202264,0,0,0,0,0,0,0,0,0
201604,13,029,3,5,Bryan County                  ,145,145,32001954,0,0,0,0,0,0,1,6,300000,115,115,27422907,0,0,0,0,0,0,0,0,0
201604,13,033,3,5,Burke County                  ,15,15,2510564,0,0,0,0,0,0,0,0,0,0,0,0,0,0,0,0,0,0,0,0,0
201604,13,035,3,5,Butts County                  ,15,15,2128751,0,0,0,0,0,0,0,0,0,14,14,1935800,0,0,0,0,0,0,0,0,0
201604,13,045,3,5,Carroll County                ,71,71,14048373,0,0,0,0,0,0,5,72,1467306,71,71,14048373,0,0,0,0,0,0,5,72,1467306
201604,13,051,3,5,Chatham County                ,306,306,87396439,0,0,0,0,0,0,10,170,12915000,306,306,87396439,0,0,0,0,0,0,10,170,12915000
201604,13,057,3,5,Cherokee County               ,652,652,166075535,0,0,0,0,0,0,3,36,8523990,652,652,166075535,0,0,0,0,0,0,3,36,8523990
201604,13,059,3,5,Clarke County                 ,42,42,7622940,0,0,0,0,0,0,0,0,0,42,42,7622940,0,0,0,0,0,0,0,0,0
201604,13,063,3,5,Clayton County                ,222,222,50507102,0,0,0,0,0,0,0,0,0,216,216,48657756,0,0,0,0,0,0,0,0,0
201604,13,067,3,5,Cobb County                   ,632,632,176415028,1,2,327918,3,11,3086575,7,567,59018545,627,627,175156900,1,2,327918,3,11,3086575,7,567,59018545
201604,13,073,3,5,Columbia County               ,490,490,83245756,0,0,0,0,0,0,1,6,335439,5,5,585000,0,0,0,0,0,0,0,0,0
201604,13,077,3,5,Coweta County                 ,283,283,98485724,0,0,0,0,0,0,1,14,1327667,242,242,86974199,0,0,0,0,0,0,0,0,0
201604,13,085,3,5,Dawson County                 ,68,68,16106287,0,0,0,0,0,0,0,0,0,68,68,16106287,0,0,0,0,0,0,0,0,0
201604,13,095,3,5,Dougherty County              ,17,17,1876504,5,10,750550,0,0,0,0,0,0,0,0,0,0,0,0,0,0,0,0,0,0
201604,13,097,3,5,Douglas County                ,137,137,45084105,0,0,0,0,0,0,0,0,0,137,137,45084105,0,0,0,0,0,0,0,0,0
201604,13,111,3,5,Fannin County                 ,95,95,18811732,0,0,0,0,0,0,0,0,0,95,95,18811732,0,0,0,0,0,0,0,0,0
201604,13,113,3,5,Fayette County                ,112,112,31932390,0,0,0,0,0,0,0,0,0,100,100,27876976,0,0,0,0,0,0,0,0,0
201604,13,117,3,5,Forsyth County                ,1040,1040,149669580,2,4,222760,1,4,244560,12,359,17845760,1040,1040,149669580,2,4,222760,1,4,244560,12,359,17845760
201604,13,121,3,5,Fulton County                 ,1119,1119,283770544,0,0,0,0,0,0,41,3959,421824804,1107,1107,281483326,0,0,0,0,0,0,39,3936,420402137
201604,13,127,3,5,Glynn County                  ,160,160,42204115,0,0,0,0,0,0,0,0,0,0,0,0,0,0,0,0,0,0,0,0,0
201604,13,135,3,5,Gwinnett County               ,1324,1324,223061501,0,0,0,0,0,0,1,18,1488148,1067,1067,176883286,0,0,0,0,0,0,0,0,0
201604,13,143,3,5,Haralson County               ,9,9,1495728,0,0,0,0,0,0,0,0,0,2,2,130000,0,0,0,0,0,0,0,0,0
201604,13,145,3,5,Harris County                 ,62,62,14470085,0,0,0,0,0,0,0,0,0,62,62,14470085,0,0,0,0,0,0,0,0,0
201604,13,149,3,5,Heard County                  ,5,5,613889,0,0,0,0,0,0,0,0,0,0,0,0,0,0,0,0,0,0,0,0,0
201604,13,151,3,5,Henry County                  ,430,430,88394711,0,0,0,0,0,0,0,0,0,409,409,85484545,0,0,0,0,0,0,0,0,0
201604,13,159,3,5,Jasper County                 ,21,21,2813454,0,0,0,0,0,0,0,0,0,0,0,0,0,0,0,0,0,0,0,0,0
201604,13,171,3,5,Lamar County                  ,14,14,1632080,0,0,0,0,0,0,0,0,0,14,14,1632080,0,0,0,0,0,0,0,0,0
201604,13,177,3,5,Lee County                    ,36,36,4639451,0,0,0,0,0,0,0,0,0,36,36,4639451,0,0,0,0,0,0,0,0,0
201604,13,179,3,5,Liberty County                ,114,114,26086162,0,0,0,0,0,0,0,0,0,114,114,26086162,0,0,0,0,0,0,0,0,0
201604,13,189,3,5,McDuffie County               ,6,6,879109,0,0,0,0,0,0,0,0,0,2,2,175000,0,0,0,0,0,0,0,0,0
201604,13,199,3,5,Meriwether County             ,10,10,2216802,0,0,0,0,0,0,0,0,0,4,4,902672,0,0,0,0,0,0,0,0,0
201604,13,201,3,5,Miller County                 ,0,0,0,0,0,0,0,0,0,0,0,0,0,0,0,0,0,0,0,0,0,0,0,0
201604,13,207,3,5,Monroe County                 ,41,41,10238782,0,0,0,0,0,0,0,0,0,41,41,10238782,0,0,0,0,0,0,0,0,0
201604,13,215,3,5,Muscogee County               ,110,110,15726104,0,0,0,2,7,317963,4,59,4888896,17,17,3225419,0,0,0,0,0,0,0,0,0
201604,13,217,3,5,Newton County                 ,93,93,21006115,0,0,0,0,0,0,1,6,700000,93,93,21006115,0,0,0,0,0,0,1,6,700000
201604,13,227,3,5,Pickens County                ,33,33,10083700,0,0,0,0,0,0,0,0,0,33,33,10083700,0,0,0,0,0,0,0,0,0
201604,13,231,3,5,Pike County                   ,26,26,3930147,0,0,0,0,0,0,0,0,0,25,25,3781600,0,0,0,0,0,0,0,0,0
201604,13,235,3,5,Pulaski County                ,3,3,234875,0,0,0,0,0,0,0,0,0,0,0,0,0,0,0,0,0,0,0,0,0
201604,13,245,3,5,Richmond County               ,121,121,19633555,0,0,0,0,0,0,13,274,18421720,83,83,12455544,0,0,0,0,0,0,12,256,17896236
201604,13,247,3,5,Rockdale County               ,58,58,13244405,0,0,0,0,0,0,0,0,0,58,58,13244405,0,0,0,0,0,0,0,0,0
201604,13,255,3,5,Spalding County               ,73,73,8840449,0,0,0,0,0,0,0,0,0,73,73,8840449,0,0,0,0,0,0,0,0,0
201604,13,275,3,5,Thomas County                 ,42,42,8012458,0,0,0,0,0,0,0,0,0,36,36,6872955,0,0,0,0,0,0,0,0,0
201604,13,291,3,5,Union County                  ,49,49,11465839,0,0,0,0,0,0,0,0,0,49,49,11465839,0,0,0,0,0,0,0,0,0
201604,15,001,4,9,Hawaii County                 ,281,281,119049470,4,8,6843626,0,0,0,2,24,7548387,57,57,16806493,1,2,300000,0,0,0,0,0,0
201604,15,003,4,9,Honolulu County               ,320,320,121236898,0,0,0,0,0,0,2,142,32587150,320,320,121236898,0,0,0,0,0,0,2,142,32587150
201604,15,007,4,9,Kauai County                  ,68,68,37673957,0,0,0,0,0,0,0,0,0,13,13,5787276,0,0,0,0,0,0,0,0,0
201604,15,009,4,9,Maui County                   ,83,83,24155224,13,26,6568430,1,3,341040,0,0,0,83,83,24155224,13,26,6568430,1,3,341040,0,0,0
201604,16,001,4,8,Ada County                    ,1314,1314,317454667,2,4,599484,8,32,3020768,8,272,33853963,1314,1314,317454667,2,4,599484,8,32,3020768,8,272,33853963
201604,16,015,4,8,Boise County                  ,9,9,2961533,0,0,0,0,0,0,0,0,0,9,9,2961533,0,0,0,0,0,0,0,0,0
201604,16,027,4,8,Canyon County                 ,428,428,65980533,0,0,0,5,20,1250000,10,256,17858303,380,380,59385050,0,0,0,5,20,1250000,10,256,17858303
201604,16,045,4,8,Gem County                    ,18,18,2720411,0,0,0,0,0,0,0,0,0,18,18,2720411,0,0,0,0,0,0,0,0,0
201604,16,073,4,8,Owyhee County                 ,8,8,1508861,0,0,0,0,0,0,0,0,0,6,6,1142030,0,0,0,0,0,0,0,0,0
201604,17,005,2,3,Bond County                   ,9,9,1333914,0,0,0,0,0,0,1,6,180000,0,0,0,0,0,0,0,0,0,0,0,0
201604,17,013,2,3,Calhoun County                ,3,3,412490,0,0,0,0,0,0,0,0,0,2,2,300000,0,0,0,0,0,0,0,0,0
201604,17,031,2,3,Cook County                   ,507,507,189193970,11,22,7457650,43,142,27021216,65,2616,404361752,444,444,165985859,10,20,7109850,43,142,27021216,62,2585,400958040
201604,17,037,2,3,DeKalb County                 ,23,23,5633378,0,0,0,1,4,676000,0,0,0,20,20,5076432,0,0,0,1,4,676000,0,0,0
201604,17,039,2,3,De Witt County                ,7,7,1343000,0,0,0,0,0,0,0,0,0,7,7,1343000,0,0,0,0,0,0,0,0,0
201604,17,043,2,3,DuPage County                 ,293,293,115036819,2,4,300000,0,0,0,0,0,0,270,270,105227320,2,4,300000,0,0,0,0,0,0
201604,17,063,2,3,Grundy County                 ,26,26,6152352,0,0,0,0,0,0,7,44,2256408,23,23,5670705,0,0,0,0,0,0,0,0,0
201604,17,083,2,3,Jersey County                 ,6,6,873115,0,0,0,0,0,0,0,0,0,1,1,173000,0,0,0,0,0,0,0,0,0
201604,17,093,2,3,Kendall County                ,52,52,10150587,0,0,0,0,0,0,0,0,0,37,37,7505710,0,0,0,0,0,0,0,0,0
201604,17,097,2,3,Lake County                   ,172,172,59346293,6,12,500000,0,0,0,4,38,4562082,122,122,42303111,6,12,500000,0,0,0,3,24,2625912
201604,17,111,2,3,McHenry County                ,102,102,18921180,0,0,0,0,0,0,1,5,400000,83,83,16869965,0,0,0,0,0,0,1,5,400000
201604,17,119,2,3,Madison County                ,111,111,31884039,0,0,0,0,0,0,0,0,0,110,110,31767372,0,0,0,0,0,0,0,0,0
201604,17,133,2,3,Monroe County                 ,41,41,9718206,1,2,240324,0,0,0,0,0,0,36,36,8672182,0,0,0,0,0,0,0,0,0
201604,17,197,2,3,Will County                   ,307,307,84452680,1,2,400000,0,0,0,0,0,0,262,262,75384406,1,2,400000,0,0,0,0,0,0
201604,18,003,2,3,Allen County                  ,299,299,76421930,1,2,100000,0,0,0,21,198,15215000,299,299,76421930,1,2,100000,0,0,0,21,198,15215000
201604,18,011,2,3,Boone County                  ,141,141,38218280,4,8,765700,0,0,0,0,0,0,141,141,38218280,4,8,765700,0,0,0,0,0,0
201604,18,013,2,3,Brown County                  ,8,8,1919062,0,0,0,0,0,0,0,0,0,6,6,1500688,0,0,0,0,0,0,0,0,0
201604,18,019,2,3,Clark County                  ,156,156,29195678,4,8,981871,0,0,0,0,0,0,148,148,27922864,4,8,981871,0,0,0,0,0,0
201604,18,047,2,3,Franklin County               ,6,6,1063000,0,0,0,0,0,0,0,0,0,6,6,1063000,0,0,0,0,0,0,0,0,0
201604,18,057,2,3,Hamilton County               ,751,751,271930309,8,16,1625168,7,27,3934350,16,157,13681915,750,750,271646238,8,16,1625168,7,27,3934350,16,157,13681915
201604,18,059,2,3,Hancock County                ,128,128,24649621,0,0,0,0,0,0,0,0,0,116,116,21976270,0,0,0,0,0,0,0,0,0
201604,18,061,2,3,Harrison County               ,33,33,6544396,0,0,0,0,0,0,0,0,0,33,33,6544396,0,0,0,0,0,0,0,0,0
201604,18,063,2,3,Hendricks County              ,264,264,61304179,0,0,0,0,0,0,0,0,0,258,258,59948352,0,0,0,0,0,0,0,0,0
201604,18,069,2,3,Huntington County             ,17,17,3533242,0,0,0,0,0,0,0,0,0,17,17,3533242,0,0,0,0,0,0,0,0,0
201604,18,073,2,3,Jasper County                 ,18,18,4083741,0,0,0,0,0,0,0,0,0,18,18,4083741,0,0,0,0,0,0,0,0,0
201604,18,081,2,3,Johnson County                ,165,165,40214316,3,6,987100,0,0,0,0,0,0,156,156,39174195,3,6,987100,0,0,0,0,0,0
201604,18,087,2,3,Lagrange County               ,39,39,7345000,0,0,0,0,0,0,0,0,0,39,39,7345000,0,0,0,0,0,0,0,0,0
201604,18,089,2,3,Lake County                   ,255,255,62708752,1,2,388000,2,7,909469,2,16,2479953,249,249,60677289,1,2,388000,2,7,909469,2,16,2479953
201604,18,097,2,3,Marion County                 ,299,299,72189334,9,18,2413880,0,0,0,3,197,22676760,289,289,70498139,9,18,2413880,0,0,0,3,197,22676760
201604,18,105,2,3,Monroe County                 ,73,73,18029112,8,16,1950089,0,0,0,1,20,1845124,61,61,15204728,8,16,1950089,0,0,0,0,0,0
201604,18,109,2,3,Morgan County                 ,27,27,5663508,1,2,160000,0,0,0,0,0,0,26,26,5484946,0,0,0,0,0,0,0,0,0
201604,18,111,2,3,Newton County                 ,7,7,1586197,0,0,0,0,0,0,0,0,0,0,0,0,0,0,0,0,0,0,0,0,0
201604,18,115,2,3,Ohio County                   ,4,4,682000,0,0,0,0,0,0,0,0,0,4,4,682000,0,0,0,0,0,0,0,0,0
201604,18,119,2,3,Owen County                   ,7,7,1894000,0,0,0,0,0,0,0,0,0,7,7,1894000,0,0,0,0,0,0,0,0,0
201604,18,127,2,3,Porter County                 ,86,86,21777773,0,0,0,0,0,0,7,118,15577909,81,81,21105925,0,0,0,0,0,0,7,118,15577909
201604,18,133,2,3,Putnam County                 ,11,11,3286559,0,0,0,0,0,0,0,0,0,10,10,3100459,0,0,0,0,0,0,0,0,0
201604,18,145,2,3,Shelby County                 ,18,18,3859105,0,0,0,0,0,0,0,0,0,18,18,3859105,0,0,0,0,0,0,0,0,0
201604,18,151,2,3,Steuben County                ,30,30,7087969,0,0,0,0,0,0,0,0,0,30,30,7087969,0,0,0,0,0,0,0,0,0
201604,18,157,2,3,Tippecanoe County             ,130,130,29404682,1,2,360000,0,0,0,5,45,3802867,9,9,1548000,0,0,0,0,0,0,2,26,2050000
201604,18,163,2,3,Vanderburgh County            ,101,101,18552128,3,6,385000,0,0,0,1,12,300000,101,101,18552128,3,6,385000,0,0,0,1,12,300000
201604,18,167,2,3,Vigo County                   ,7,7,790500,1,2,164143,0,0,0,1,5,552500,6,6,633000,0,0,0,0,0,0,0,0,0
201604,18,175,2,3,Washington County             ,11,11,1514342,0,0,0,0,0,0,0,0,0,0,0,0,0,0,0,0,0,0,0,0,0
201604,18,183,2,3,Whitley County                ,38,38,6268500,0,0,0,0,0,0,2,34,1475000,38,38,6268500,0,0,0,0,0,0,2,34,1475000
201604,19,049,2,4,Dallas County                 ,199,199,54538461,0,0,0,0,0,0,4,149,17446403,198,198,54268533,0,0,0,0,0,0,3,144,16985877
201604,19,085,2,4,Harrison County               ,5,5,907553,0,0,0,0,0,0,0,0,0,3,3,662188,0,0,0,0,0,0,0,0,0
201604,19,129,2,4,Mills County                  ,2,2,690000,0,0,0,0,0,0,0,0,0,2,2,690000,0,0,0,0,0,0,0,0,0
201604,19,153,2,4,Polk County                   ,777,777,188480244,4,8,1366440,0,0,0,16,948,110699558,774,774,187817025,4,8,1366440,0,0,0,16,948,110699558
201604,19,181,2,4,Warren County                 ,56,56,13539341,0,0,0,0,0,0,1,116,10944453,46,46,10297055,0,0,0,0,0,0,1,116,10944453
201604,20,091,2,4,Johnson County                ,574,574,184809543,3,6,1010432,2,7,1118431,5,90,11340849,445,445,143561109,2,4,671854,0,0,0,4,73,9462990
201604,20,103,2,4,Leavenworth County            ,71,71,13907149,0,0,0,4,16,1767000,1,42,2195558,71,71,13907149,0,0,0,4,16,1767000,1,42,2195558
201604,20,107,2,4,Linn County                   ,9,9,825875,0,0,0,0,0,0,0,0,0,7,7,551500,0,0,0,0,0,0,0,0,0
201604,20,121,2,4,Miami County                  ,27,27,5716866,0,0,0,0,0,0,0,0,0,13,13,2338214,0,0,0,0,0,0,0,0,0
201604,20,209,2,4,Wyandotte County              ,72,72,12402560,5,10,872500,0,0,0,0,0,0,72,72,12402560,5,10,872500,0,0,0,0,0,0
201604,21,005,3,6,Anderson County               ,17,17,3606160,0,0,0,0,0,0,0,0,0,17,17,3606160,0,0,0,0,0,0,0,0,0
201604,21,015,3,6,Boone County                  ,108,108,18021077,2,4,200000,0,0,0,0,0,0,108,108,18021077,2,4,200000,0,0,0,0,0,0
201604,21,017,3,6,Bourbon County                ,6,6,1725859,0,0,0,0,0,0,0,0,0,3,3,835000,0,0,0,0,0,0,0,0,0
201604,21,021,3,6,Boyle County                  ,4,4,865000,1,2,55000,1,3,450000,0,0,0,4,4,865000,1,2,55000,1,3,450000,0,0,0
201604,21,029,3,6,Bullitt County                ,128,128,27545616,0,0,0,0,0,0,0,0,0,96,96,20913249,0,0,0,0,0,0,0,0,0
201604,21,035,3,6,Calloway County               ,9,9,1373000,7,14,1059000,0,0,0,2,16,1245000,9,9,1373000,7,14,1059000,0,0,0,2,16,1245000
201604,21,037,3,6,Campbell County               ,52,52,13701230,0,0,0,1,3,324000,1,7,491882,52,52,13701230,0,0,0,1,3,324000,1,7,491882
201604,21,045,3,6,Casey County                  ,0,0,0,0,0,0,0,0,0,0,0,0,0,0,0,0,0,0,0,0,0,0,0,0
201604,21,047,3,6,Christian County              ,23,23,1890200,4,8,515000,5,19,1055000,2,14,500000,17,17,1463000,4,8,515000,5,19,1055000,2,14,500000
201604,21,049,3,6,Clark County                  ,12,12,2340176,1,2,400000,0,0,0,0,0,0,10,10,1994000,0,0,0,0,0,0,0,0,0
201604,21,067,3,6,Fayette County                ,249,249,36905703,3,6,612999,2,6,720000,6,155,9144872,0,0,0,0,0,0,0,0,0,0,0,0
201604,21,069,3,6,Fleming County                ,0,0,0,0,0,0,0,0,0,0,0,0,0,0,0,0,0,0,0,0,0,0,0,0
201604,21,077,3,6,Gallatin County               ,6,6,1450000,0,0,0,0,0,0,0,0,0,6,6,1450000,0,0,0,0,0,0,0,0,0
201604,21,081,3,6,Grant County                  ,10,10,2093542,0,0,0,0,0,0,2,10,627500,0,0,0,0,0,0,0,0,0,0,0,0
201604,21,091,3,6,Hancock County                ,1,1,204195,0,0,0,0,0,0,0,0,0,1,1,204195,0,0,0,0,0,0,0,0,0
201604,21,099,3,6,Hart County                   ,15,15,1458750,0,0,0,0,0,0,4,20,2270952,0,0,0,0,0,0,0,0,0,0,0,0
201604,21,101,3,6,Henderson County              ,9,9,2121517,1,2,99000,0,0,0,1,5,74687,6,6,1579000,1,2,99000,0,0,0,0,0,0
201604,21,103,3,6,Henry County                  ,11,11,2527000,0,0,0,0,0,0,0,0,0,11,11,2527000,0,0,0,0,0,0,0,0,0
201604,21,111,3,6,Jefferson County              ,362,362,75027530,9,18,1182613,1,4,111362,46,385,25028363,12,12,2032533,0,0,0,0,0,0,0,0,0
201604,21,113,3,6,Jessamine County              ,63,63,12832316,0,0,0,4,12,1512856,0,0,0,27,27,8018000,0,0,0,0,0,0,0,0,0
201604,21,115,3,6,Johnson County                ,2,2,908569,0,0,0,0,0,0,0,0,0,2,2,908569,0,0,0,0,0,0,0,0,0
201604,21,117,3,6,Kenton County                 ,107,107,19741522,0,0,0,0,0,0,6,41,4783494,106,106,19658744,0,0,0,0,0,0,6,41,4783494
201604,21,121,3,6,Knox County                   ,0,0,0,0,0,0,0,0,0,0,0,0,0,0,0,0,0,0,0,0,0,0,0,0
201604,21,123,3,6,Larue County                  ,7,7,1579678,0,0,0,0,0,0,0,0,0,7,7,1579678,0,0,0,0,0,0,0,0,0
201604,21,137,3,6,Lincoln County                ,8,8,1579394,0,0,0,0,0,0,0,0,0,8,8,1579394,0,0,0,0,0,0,0,0,0
201604,21,145,3,6,McCracken County              ,74,74,13528185,0,0,0,0,0,0,0,0,0,74,74,13528185,0,0,0,0,0,0,0,0,0
201604,21,151,3,6,Madison County                ,63,63,5835476,6,12,556984,0,0,0,3,15,505716,25,25,2546000,2,4,105000,0,0,0,0,0,0
201604,21,157,3,6,Marshall County               ,14,14,3472810,0,0,0,0,0,0,0,0,0,14,14,3472810,0,0,0,0,0,0,0,0,0
201604,21,161,3,6,Mason County                  ,8,8,1275000,0,0,0,0,0,0,0,0,0,8,8,1275000,0,0,0,0,0,0,0,0,0
201604,21,163,3,6,Meade County                  ,22,22,3039000,0,0,0,0,0,0,0,0,0,22,22,3039000,0,0,0,0,0,0,0,0,0
201604,21,167,3,6,Mercer County                 ,15,15,2102621,3,6,412500,0,0,0,0,0,0,0,0,0,0,0,0,0,0,0,0,0,0
201604,21,175,3,6,Morgan County                 ,7,7,525000,0,0,0,0,0,0,0,0,0,0,0,0,0,0,0,0,0,0,0,0,0
201604,21,179,3,6,Nelson County                 ,42,42,7052734,0,0,0,0,0,0,0,0,0,42,42,7052734,0,0,0,0,0,0,0,0,0
201604,21,185,3,6,Oldham County                 ,88,88,23625948,0,0,0,0,0,0,0,0,0,0,0,0,0,0,0,0,0,0,0,0,0
201604,21,191,3,6,Pendleton County              ,0,0,0,0,0,0,0,0,0,0,0,0,0,0,0,0,0,0,0,0,0,0,0,0
201604,21,209,3,6,Scott County                  ,165,165,21353155,0,0,0,0,0,0,7,42,2415000,165,165,21353155,0,0,0,0,0,0,7,42,2415000
201604,21,211,3,6,Shelby County                 ,61,61,11272155,0,0,0,0,0,0,7,168,7000000,61,61,11272155,0,0,0,0,0,0,7,168,7000000
201604,21,213,3,6,Simpson County                ,31,31,3143067,1,2,142000,1,3,262500,0,0,0,27,27,2489500,0,0,0,0,0,0,0,0,0
201604,21,215,3,6,Spencer County                ,38,38,8590712,0,0,0,0,0,0,0,0,0,38,38,8590712,0,0,0,0,0,0,0,0,0
201604,21,221,3,6,Trigg County                  ,4,4,907050,0,0,0,0,0,0,0,0,0,4,4,907050,0,0,0,0,0,0,0,0,0
201604,21,225,3,6,Union County                  ,5,5,1051764,0,0,0,0,0,0,0,0,0,1,1,195167,0,0,0,0,0,0,0,0,0
201604,21,239,3,6,Woodford County               ,20,20,3871950,0,0,0,0,0,0,0,0,0,20,20,3871950,0,0,0,0,0,0,0,0,0
201604,22,005,3,7,Ascension Parish              ,227,227,37464974,0,0,0,0,0,0,0,0,0,195,195,32783736,0,0,0,0,0,0,0,0,0
201604,22,015,3,7,Bossier Parish                ,165,165,31719921,0,0,0,0,0,0,6,82,3000000,57,57,8615828,0,0,0,0,0,0,6,82,3000000
201604,22,017,3,7,Caddo Parish                  ,87,87,21753699,0,0,0,0,0,0,0,0,0,87,87,21753699,0,0,0,0,0,0,0,0,0
201604,22,031,3,7,De Soto Parish                ,28,28,6785104,0,0,0,0,0,0,10,120,8858759,28,28,6785104,0,0,0,0,0,0,10,120,8858759
201604,22,033,3,7,East Baton Rouge Parish       ,412,412,100601296,0,0,0,0,0,0,0,0,0,372,372,94051569,0,0,0,0,0,0,0,0,0
201604,22,037,3,7,East Feliciana Parish         ,11,11,2176226,0,0,0,0,0,0,0,0,0,6,6,1171005,0,0,0,0,0,0,0,0,0
201604,22,047,3,7,Iberville Parish              ,21,21,4001567,0,0,0,0,0,0,0,0,0,14,14,2943903,0,0,0,0,0,0,0,0,0
201604,22,051,3,7,Jefferson Parish              ,145,145,30273533,4,8,248860,3,10,469180,0,0,0,105,105,22628743,3,6,142800,3,10,469180,0,0,0
201604,22,055,3,7,Lafayette Parish              ,473,473,86295145,0,0,0,1,4,1000000,1,26,1898898,299,299,52388228,0,0,0,1,4,1000000,0,0,0
201604,22,063,3,7,Livingston Parish             ,270,270,60353454,2,4,440000,0,0,0,0,0,0,260,260,58625770,2,4,440000,0,0,0,0,0,0
201604,22,071,3,7,Orleans Parish                ,128,128,28655117,13,26,2392327,3,10,956270,3,59,10349638,4,4,470900,1,2,168400,0,0,0,0,0,0
201604,22,075,3,7,Plaquemines Parish            ,14,14,4312955,0,0,0,0,0,0,0,0,0,14,14,4312955,0,0,0,0,0,0,0,0,0
201604,22,077,3,7,Pointe Coupee Parish          ,13,13,2932302,0,0,0,0,0,0,0,0,0,13,13,2932302,0,0,0,0,0,0,0,0,0
201604,22,087,3,7,St. Bernard Parish            ,29,29,3551458,0,0,0,0,0,0,0,0,0,22,22,2440977,0,0,0,0,0,0,0,0,0
201604,22,089,3,7,St. Charles Parish            ,39,39,6416803,0,0,0,0,0,0,0,0,0,39,39,6416803,0,0,0,0,0,0,0,0,0
201604,22,091,3,7,St. Helena Parish             ,0,0,0,0,0,0,0,0,0,0,0,0,0,0,0,0,0,0,0,0,0,0,0,0
201604,22,095,3,7,St. John the Baptist Parish   ,13,13,2176759,0,0,0,0,0,0,0,0,0,0,0,0,0,0,0,0,0,0,0,0,0
201604,22,099,3,7,St. Martin Parish             ,60,60,11493547,0,0,0,0,0,0,0,0,0,44,44,8356406,0,0,0,0,0,0,0,0,0
201604,22,103,3,7,St. Tammany Parish            ,427,427,101903585,0,0,0,0,0,0,0,0,0,412,412,96564125,0,0,0,0,0,0,0,0,0
201604,22,109,3,7,Terrebonne Parish             ,51,51,11562225,0,0,0,0,0,0,0,0,0,51,51,11562225,0,0,0,0,0,0,0,0,0
201604,22,121,3,7,West Baton Rouge Parish       ,77,77,11423341,0,0,0,0,0,0,1,5,384896,60,60,8843123,0,0,0,0,0,0,0,0,0
201604,22,125,3,7,West Feliciana Parish         ,18,18,6425921,0,0,0,0,0,0,0,0,0,13,13,5098407,0,0,0,0,0,0,0,0,0
201604,23,000,1,1,Maine Unorganized Territory   ,18,18,2390405,0,0,0,0,0,0,0,0,0,0,0,0,0,0,0,0,0,0,0,0,0
201604,24,003,3,5,Anne Arundel County           ,508,508,92466265,20,40,4319847,0,0,0,1,233,43000000,504,504,91778500,20,40,4319847,0,0,0,1,233,43000000
201604,24,005,3,5,Baltimore County              ,242,242,59452267,2,4,260000,0,0,0,2,54,6000000,242,242,59452267,2,4,260000,0,0,0,2,54,6000000
201604,24,009,3,5,Calvert County                ,64,64,14466839,0,0,0,0,0,0,0,0,0,64,64,14466839,0,0,0,0,0,0,0,0,0
201604,24,013,3,5,Carroll County                ,61,61,14687263,0,0,0,0,0,0,0,0,0,61,61,14687263,0,0,0,0,0,0,0,0,0
201604,24,015,3,5,Cecil County                  ,18,18,6719114,0,0,0,0,0,0,0,0,0,18,18,6719114,0,0,0,0,0,0,0,0,0
201604,24,017,3,5,Charles County                ,266,266,55152500,0,0,0,0,0,0,0,0,0,266,266,55152500,0,0,0,0,0,0,0,0,0
201604,24,021,3,5,Frederick County              ,227,227,52840135,0,0,0,1,4,503134,19,414,46538416,227,227,52840135,0,0,0,1,4,503134,19,414,46538416
201604,24,023,3,5,Garrett County                ,7,7,1734781,0,0,0,0,0,0,0,0,0,7,7,1734781,0,0,0,0,0,0,0,0,0
201604,24,025,3,5,Harford County                ,189,189,39625673,0,0,0,0,0,0,0,0,0,184,184,37572420,0,0,0,0,0,0,0,0,0
201604,24,027,3,5,Howard County                 ,264,264,60345713,6,12,1100000,0,0,0,3,206,8300000,264,264,60345713,6,12,1100000,0,0,0,3,206,8300000
201604,24,031,3,5,Montgomery County             ,471,471,108281818,0,0,0,0,0,0,4,510,86736399,321,321,77044873,0,0,0,0,0,0,2,379,69511502
201604,24,033,3,5,Prince George County          ,546,546,123694984,0,0,0,0,0,0,1,10,1003539,546,546,123694984,0,0,0,0,0,0,1,10,1003539
201604,24,035,3,5,Queen Anne County             ,41,41,8488323,1,2,300000,0,0,0,2,51,2624000,39,39,8158323,1,2,300000,0,0,0,2,51,2624000
201604,24,037,3,5,St. Marys County              ,156,156,32182654,0,0,0,0,0,0,1,5,955000,101,101,22885638,0,0,0,0,0,0,1,5,955000
201604,24,039,3,5,Somerset County               ,3,3,628800,0,0,0,0,0,0,0,0,0,3,3,628800,0,0,0,0,0,0,0,0,0
201604,24,045,3,5,Wicomico County               ,23,23,3994452,1,2,358132,0,0,0,1,5,408000,23,23,3994452,1,2,358132,0,0,0,1,5,408000
201604,24,510,3,5,Baltimore (Independent City)  ,68,68,10273130,1,2,209000,0,0,0,1,67,10952162,47,47,7300000,0,0,0,0,0,0,0,0,0
201604,25,005,1,1,Bristol County                ,215,215,41150743,2,4,253200,0,0,0,4,123,11415767,162,162,31141142,1,2,17000,0,0,0,3,118,10619100
201604,25,009,1,1,Essex County                  ,210,210,60258266,11,22,4375239,2,7,872900,5,105,17934232,147,147,41193797,8,16,3356000,2,7,872900,1,71,13750318
201604,25,017,1,1,Middlesex County              ,499,499,141286932,31,62,7800758,15,52,6593799,25,614,106617339,372,372,103374666,23,46,5551864,12,43,4749505,7,455,82235446
201604,25,021,1,1,Norfolk County                ,266,266,116102608,2,4,823518,0,0,0,12,67,5163000,214,214,100046908,1,2,475000,0,0,0,0,0,0
201604,25,023,1,1,Plymouth County               ,284,284,66111140,2,4,401040,2,8,787848,6,31,3318828,212,212,50703933,2,4,401040,0,0,0,1,6,700000
201604,25,025,1,1,Suffolk County                ,17,17,4106048,12,24,6122560,12,39,12736275,26,577,207787624,14,14,3614472,12,24,6122560,12,39,12736275,19,511,199483352
201604,26,000,2,3,Michigan Balance of State     ,17,17,2995205,0,0,0,0,0,0,0,0,0,0,0,0,0,0,0,0,0,0,0,0,0
201604,26,019,2,3,Benzie County                 ,18,18,3446582,0,0,0,0,0,0,0,0,0,18,18,3446582,0,0,0,0,0,0,0,0,0
201604,26,029,2,3,Charlevoix County             ,11,11,3353043,2,4,1229490,0,0,0,0,0,0,0,0,0,0,0,0,0,0,0,0,0,0
201604,26,089,2,3,Leelanau County               ,25,25,8941090,0,0,0,0,0,0,0,0,0,25,25,8941090,0,0,0,0,0,0,0,0,0
201604,26,093,2,3,Livingston County             ,186,186,50307146,0,0,0,0,0,0,0,0,0,178,178,49490572,0,0,0,0,0,0,0,0,0
201604,26,095,2,3,Luce County                   ,1,1,100000,0,0,0,0,0,0,0,0,0,1,1,100000,0,0,0,0,0,0,0,0,0
201604,26,099,2,3,Macomb County                 ,521,521,121456687,10,20,3037605,2,7,1404975,6,55,8473267,511,511,119596841,10,20,3037605,1,4,1209975,5,49,7793471
201604,26,103,2,3,Marquette County              ,12,12,3525000,0,0,0,0,0,0,0,0,0,12,12,3525000,0,0,0,0,0,0,0,0,0
201604,26,137,2,3,Otsego County                 ,4,4,324000,0,0,0,0,0,0,0,0,0,0,0,0,0,0,0,0,0,0,0,0,0
201604,26,147,2,3,St. Clair County              ,65,65,14548411,0,0,0,0,0,0,0,0,0,60,60,13582396,0,0,0,0,0,0,0,0,0
201604,26,163,2,3,Wayne County                  ,296,296,83232706,0,0,0,2,7,1065416,12,146,10750053,281,281,79634463,0,0,0,2,7,1065416,12,146,10750053
201604,27,003,2,4,Anoka County                  ,248,248,67146968,0,0,0,0,0,0,0,0,0,233,233,63357435,0,0,0,0,0,0,0,0,0
201604,27,019,2,4,Carver County                 ,191,191,51058399,0,0,0,0,0,0,0,0,0,191,191,51058399,0,0,0,0,0,0,0,0,0
201604,27,025,2,4,Chisago County                ,49,49,7906496,0,0,0,0,0,0,0,0,0,34,34,5727214,0,0,0,0,0,0,0,0,0
201604,27,027,2,4,Clay County                   ,37,37,7879900,0,0,0,0,0,0,2,24,1680000,37,37,7879900,0,0,0,0,0,0,2,24,1680000
201604,27,037,2,4,Dakota County                 ,289,289,86063611,0,0,0,3,12,1980000,0,0,0,271,271,80752686,0,0,0,3,12,1980000,0,0,0
201604,27,053,2,4,Hennepin County               ,462,462,194372916,0,0,0,4,14,3644329,11,365,65478887,425,425,178213257,0,0,0,2,8,2269933,8,311,56047933
201604,27,059,2,4,Isanti County                 ,61,61,10606416,0,0,0,0,0,0,0,0,0,61,61,10606416,0,0,0,0,0,0,0,0,0
201604,27,123,2,4,Ramsey County                 ,75,75,21847537,0,0,0,0,0,0,2,103,8000000,73,73,21177349,0,0,0,0,0,0,2,103,8000000
201604,27,139,2,4,Scott County                  ,134,134,44631290,0,0,0,0,0,0,0,0,0,133,133,44378069,0,0,0,0,0,0,0,0,0
201604,27,141,2,4,Sherburne County              ,85,85,20594046,0,0,0,0,0,0,0,0,0,82,82,20209044,0,0,0,0,0,0,0,0,0
201604,27,163,2,4,Washington County             ,225,225,77973896,0,0,0,0,0,0,1,62,5650000,207,207,70491620,0,0,0,0,0,0,1,62,5650000
201604,27,171,2,4,Wright County                 ,176,176,49232806,0,0,0,0,0,0,0,0,0,168,168,47600655,0,0,0,0,0,0,0,0,0
201604,28,033,3,6,DeSoto County                 ,401,401,58334560,0,0,0,0,0,0,0,0,0,316,316,42125834,0,0,0,0,0,0,0,0,0
201604,28,041,3,6,Greene County                 ,0,0,0,0,0,0,0,0,0,0,0,0,0,0,0,0,0,0,0,0,0,0,0,0
201604,28,045,3,6,Hancock County                ,118,118,18527958,2,4,370358,3,11,1103974,4,39,3301845,6,6,1285821,0,0,0,0,0,0,0,0,0
201604,28,047,3,6,Harrison County               ,309,309,52133824,2,4,271714,0,0,0,0,0,0,271,271,47816986,2,4,271714,0,0,0,0,0,0
201604,28,067,3,6,Jones County                  ,6,6,945402,1,2,100000,0,0,0,0,0,0,1,1,278650,1,2,100000,0,0,0,0,0,0
201604,28,137,3,6,Tate County                   ,18,18,2875760,0,0,0,0,0,0,0,0,0,18,18,2875760,0,0,0,0,0,0,0,0,0
201604,28,143,3,6,Tunica County                 ,8,8,642560,0,0,0,0,0,0,0,0,0,0,0,0,0,0,0,0,0,0,0,0,0
201604,28,145,3,6,Union County                  ,5,5,595000,0,0,0,0,0,0,0,0,0,5,5,595000,0,0,0,0,0,0,0,0,0
201604,28,149,3,6,Warren County                 ,1,1,23000,0,0,0,0,0,0,0,0,0,1,1,23000,0,0,0,0,0,0,0,0,0
201604,29,013,2,4,Bates County                  ,0,0,0,0,0,0,0,0,0,0,0,0,0,0,0,0,0,0,0,0,0,0,0,0
201604,29,019,2,4,Boone County                  ,263,263,67113514,2,4,400000,1,4,495000,1,79,11477559,263,263,67113514,2,4,400000,1,4,495000,1,79,11477559
201604,29,049,2,4,Clinton County                ,16,16,2895210,0,0,0,0,0,0,0,0,0,14,14,2355000,0,0,0,0,0,0,0,0,0
201604,29,065,2,4,Dent County                   ,0,0,0,0,0,0,0,0,0,0,0,0,0,0,0,0,0,0,0,0,0,0,0,0
201604,29,071,2,4,Franklin County               ,139,139,22552065,0,0,0,0,0,0,1,5,166667,108,108,17713532,0,0,0,0,0,0,0,0,0
201604,29,095,2,4,Jackson County                ,575,575,124731940,8,16,1662704,24,95,7452608,17,884,93969618,574,574,124587751,8,16,1662704,24,95,7452608,17,884,93969618
201604,29,099,2,4,Jefferson County              ,188,188,26532573,1,2,250000,1,3,467595,0,0,0,169,169,23971948,1,2,250000,1,3,467595,0,0,0
201604,29,105,2,4,Laclede County                ,3,3,1122000,0,0,0,0,0,0,0,0,0,3,3,1122000,0,0,0,0,0,0,0,0,0
201604,29,107,2,4,Lafayette County              ,12,12,2715620,0,0,0,0,0,0,0,0,0,3,3,629491,0,0,0,0,0,0,0,0,0
201604,29,113,2,4,Lincoln County                ,29,29,4478793,1,2,90000,2,8,958101,0,0,0,29,29,4478793,1,2,90000,2,8,958101,0,0,0
201604,29,165,2,4,Platte County                 ,90,90,23877052,0,0,0,3,9,1247173,1,11,723148,82,82,21914209,0,0,0,3,9,1247173,0,0,0
201604,29,185,2,4,St. Clair County              ,1,1,150000,0,0,0,0,0,0,0,0,0,1,1,150000,0,0,0,0,0,0,0,0,0
201604,29,189,2,4,St. Louis County              ,260,260,106618798,1,2,351446,0,0,0,13,296,30465781,94,94,41720562,0,0,0,0,0,0,5,144,8958000
201604,29,219,2,4,Warren County                 ,51,51,11598815,0,0,0,0,0,0,0,0,0,51,51,11598815,0,0,0,0,0,0,0,0,0
201604,29,221,2,4,Washington County             ,0,0,0,0,0,0,0,0,0,0,0,0,0,0,0,0,0,0,0,0,0,0,0,0
201604,29,510,2,4,St. Louis (Independent City)  ,16,16,2606600,5,10,600000,0,0,0,2,112,4500000,16,16,2606600,5,10,600000,0,0,0,2,112,4500000
201604,30,033,4,8,Garfield County               ,0,0,0,0,0,0,0,0,0,0,0,0,0,0,0,0,0,0,0,0,0,0,0,0
201604,30,063,4,8,Missoula County               ,90,90,13675825,3,6,436314,2,8,243728,2,11,327070,80,80,12098802,3,6,436314,2,8,243728,1,6,188437
201604,30,093,4,8,Silver Bow County             ,9,9,1054280,0,0,0,1,4,172466,0,0,0,9,9,1054280,0,0,0,1,4,172466,0,0,0
201604,31,001,2,4,Adams County                  ,15,15,3529225,0,0,0,0,0,0,0,0,0,15,15,3529225,0,0,0,0,0,0,0,0,0
201604,31,025,2,4,Cass County                   ,31,31,5749025,0,0,0,0,0,0,0,0,0,30,30,5515203,0,0,0,0,0,0,0,0,0
201604,31,033,2,4,Cheyenne County               ,6,6,1062188,0,0,0,0,0,0,0,0,0,6,6,1062188,0,0,0,0,0,0,0,0,0
201604,31,055,2,4,Douglas County                ,526,526,80947913,0,0,0,1,3,257535,11,466,32730938,498,498,74265601,0,0,0,1,3,257535,11,466,32730938
201604,31,105,2,4,Kimball County                ,0,0,0,0,0,0,0,0,0,0,0,0,0,0,0,0,0,0,0,0,0,0,0,0
201604,31,153,2,4,Sarpy County                  ,294,294,78004647,0,0,0,0,0,0,1,24,382969,268,268,70418914,0,0,0,0,0,0,1,24,382969
201604,31,165,2,4,Sioux County                  ,1,1,65000,0,0,0,0,0,0,0,0,0,1,1,65000,0,0,0,0,0,0,0,0,0
201604,31,177,2,4,Washington County             ,18,18,5441236,0,0,0,0,0,0,0,0,0,11,11,3721919,0,0,0,0,0,0,0,0,0
201604,32,001,4,8,Churchill County              ,8,8,2068912,0,0,0,0,0,0,0,0,0,8,8,2068912,0,0,0,0,0,0,0,0,0
201604,32,003,4,8,Clark County                  ,2904,2904,545421032,4,8,245762,8,24,1623050,86,2156,137611298,2904,2904,545421032,4,8,245762,8,24,1623050,86,2156,137611298
201604,32,005,4,8,Douglas County                ,54,54,23218450,0,0,0,0,0,0,0,0,0,54,54,23218450,0,0,0,0,0,0,0,0,0
201604,32,007,4,8,Elko County                   ,53,53,8643526,0,0,0,0,0,0,0,0,0,53,53,8643526,0,0,0,0,0,0,0,0,0
201604,32,013,4,8,Humboldt County               ,6,6,960874,0,0,0,0,0,0,1,5,514282,3,3,499909,0,0,0,0,0,0,0,0,0
201604,32,015,4,8,Lander County                 ,0,0,0,0,0,0,0,0,0,0,0,0,0,0,0,0,0,0,0,0,0,0,0,0
201604,32,017,4,8,Lincoln County                ,4,4,1094128,0,0,0,0,0,0,0,0,0,4,4,1094128,0,0,0,0,0,0,0,0,0
201604,32,019,4,8,Lyon County                   ,66,66,14026258,0,0,0,0,0,0,0,0,0,66,66,14026258,0,0,0,0,0,0,0,0,0
201604,32,021,4,8,Mineral County                ,0,0,0,0,0,0,0,0,0,0,0,0,0,0,0,0,0,0,0,0,0,0,0,0
201604,32,027,4,8,Pershing County               ,0,0,0,0,0,0,0,0,0,0,0,0,0,0,0,0,0,0,0,0,0,0,0,0
201604,32,029,4,8,Storey County                 ,2,2,302446,0,0,0,0,0,0,0,0,0,2,2,302446,0,0,0,0,0,0,0,0,0
201604,32,031,4,8,Washoe County                 ,602,602,151976686,1,2,249396,0,0,0,17,280,30651097,498,498,126144469,0,0,0,0,0,0,15,238,26032964
201604,32,033,4,8,White Pine County             ,1,1,224351,0,0,0,0,0,0,0,0,0,0,0,0,0,0,0,0,0,0,0,0,0
201604,32,510,4,8,Carson City (Independent City),12,12,3916047,0,0,0,0,0,0,0,0,0,12,12,3916047,0,0,0,0,0,0,0,0,0
201604,33,015,1,1,Rockingham County             ,222,222,54854039,10,20,2600000,1,4,620000,7,46,4518835,156,156,40121172,9,18,2300000,1,4,620000,3,17,1320000
201604,33,017,1,1,Strafford County              ,49,49,10489453,1,2,348000,1,3,302251,4,34,5070724,43,43,9232308,1,2,348000,0,0,0,2,16,1638000
201604,34,001,1,2,Atlantic County               ,147,147,30584866,2,4,685712,3,10,1610853,19,435,23914169,119,119,26661599,1,2,396000,3,10,1610853,14,399,18699344
201604,34,003,1,2,Bergen County                 ,317,317,105753764,28,56,9904214,4,12,1245149,27,959,213351057,182,182,57718625,12,24,4951700,3,9,1244999,5,829,205818500
201604,34,005,1,2,Burlington County             ,157,157,28492089,5,10,1150900,0,0,0,0,0,0,99,99,18270875,5,10,1150900,0,0,0,0,0,0
201604,34,007,1,2,Camden County                 ,86,86,26400310,6,12,64950,0,0,0,14,109,7710106,41,41,20989654,6,12,64950,0,0,0,5,52,4553895
201604,34,009,1,2,Cape May County               ,149,149,48727584,24,48,9774420,3,9,45000,0,0,100000,136,136,43926877,24,48,9774420,3,9,45000,0,0,100000
201604,34,011,1,2,Cumberland County             ,52,52,5752563,0,0,0,0,0,0,3,15,1998540,8,8,667600,0,0,0,0,0,0,0,0,0
201604,34,013,1,2,Essex County                  ,100,100,22763630,11,22,2042500,11,33,1194755,23,391,32583811,44,44,16195657,11,22,2042500,9,27,351203,6,197,21010694
201604,34,015,1,2,Gloucester County             ,157,157,20450578,0,0,0,1,4,408200,10,123,7624844,110,110,15478982,0,0,0,1,4,408200,10,123,7624844
201604,34,017,1,2,Hudson County                 ,62,62,10244198,10,20,3760201,4,12,1596163,12,758,127923004,49,49,8316200,9,18,3547701,2,6,664300,6,667,116026022
201604,34,019,1,2,Hunterdon County              ,37,37,11249743,2,4,466400,0,0,22000,7,35,1783204,21,21,8212533,0,0,0,0,0,22000,0,0,0
201604,34,021,1,2,Mercer County                 ,62,62,14366868,14,28,1216800,5,19,1552636,4,37,2284078,37,37,10850861,14,28,1216800,5,19,1552636,3,32,1898750
201604,34,023,1,2,Middlesex County              ,392,392,55846801,5,10,607751,3,10,795474,15,233,29043711,349,349,50610818,4,8,395301,2,7,376000,3,60,4133001
201604,34,025,1,2,Monmouth County               ,269,269,72157953,7,14,2477893,0,0,0,9,192,17571682,204,204,57932793,6,12,2299258,0,0,0,5,172,16284750
201604,34,027,1,2,Morris County                 ,171,171,46402256,0,0,0,0,0,0,21,493,76622179,81,81,25704104,0,0,0,0,0,0,3,362,69259484
201604,34,029,1,2,Ocean County                  ,679,679,125575735,0,0,0,0,0,0,30,539,37265371,646,646,116892505,0,0,0,0,0,0,29,534,36991500
201604,34,031,1,2,Passaic County                ,67,67,10879062,2,4,323000,0,0,0,7,50,5580993,44,44,6559050,2,4,323000,0,0,0,4,35,4559020
201604,34,033,1,2,Salem County                  ,16,16,2783334,0,0,0,0,0,0,0,0,0,12,12,2262718,0,0,0,0,0,0,0,0,0
201604,34,035,1,2,Somerset County               ,145,145,28534137,1,2,147100,0,0,0,21,364,33320898,115,115,25227273,0,0,0,0,0,0,12,288,28729000
201604,34,037,1,2,Sussex County                 ,39,39,8197603,1,2,188850,0,0,0,0,0,0,10,10,2140671,1,2,188850,0,0,0,0,0,0
201604,34,039,1,2,Union County                  ,113,113,25832898,23,46,4720036,2,6,631314,35,466,29324428,66,66,19585708,19,38,4022026,0,0,0,19,312,20347565
201604,34,041,1,2,Warren County                 ,38,38,5828607,0,0,0,0,0,0,3,34,1451024,15,15,2173254,0,0,0,0,0,0,1,24,1019236
201604,35,000,4,8,New Mexico Balance of State   ,99,99,26107850,0,0,0,0,0,0,0,0,0,0,0,0,0,0,0,0,0,0,0,0,0
201604,35,001,4,8,Bernalillo County             ,332,332,72383691,0,0,0,0,0,0,11,96,12161215,236,236,53576106,0,0,0,0,0,0,10,83,10965551
201604,35,005,4,8,Chaves County                 ,24,24,3897049,0,0,0,0,0,0,9,144,9800000,22,22,3490670,0,0,0,0,0,0,9,144,9800000
201604,35,007,4,8,Colfax County                 ,2,2,787824,0,0,0,0,0,0,0,0,0,0,0,0,0,0,0,0,0,0,0,0,0
201604,35,009,4,8,Curry County                  ,14,14,3405344,0,0,0,0,0,0,4,64,5900000,14,14,3405344,0,0,0,0,0,0,4,64,5900000
201604,35,013,4,8,Dona Ana County               ,254,254,50109191,0,0,0,0,0,0,1,5,363636,201,201,39570789,0,0,0,0,0,0,0,0,0
201604,35,015,4,8,Eddy County                   ,46,46,9116666,0,0,0,0,0,0,1,5,413265,42,42,8129163,0,0,0,0,0,0,0,0,0
201604,35,017,4,8,Grant County                  ,3,3,380000,0,0,0,0,0,0,0,0,0,3,3,380000,0,0,0,0,0,0,0,0,0
201604,35,025,4,8,Lea County                    ,28,28,5340375,0,0,0,0,0,0,6,65,14563026,28,28,5340375,0,0,0,0,0,0,6,65,14563026
201604,35,027,4,8,Lincoln County                ,20,20,5113351,0,0,0,0,0,0,0,0,0,0,0,0,0,0,0,0,0,0,0,0,0
201604,35,028,4,8,Los Alamos County             ,0,0,0,0,0,0,0,0,0,0,0,0,0,0,0,0,0,0,0,0,0,0,0,0
201604,35,029,4,8,Luna County                   ,0,0,0,0,0,0,0,0,0,0,0,0,0,0,0,0,0,0,0,0,0,0,0,0
201604,35,031,4,8,McKinley County               ,1,1,100000,0,0,0,0,0,0,0,0,0,1,1,100000,0,0,0,0,0,0,0,0,0
201604,35,035,4,8,Otero County                  ,0,0,0,0,0,0,0,0,0,0,0,0,0,0,0,0,0,0,0,0,0,0,0,0
201604,35,041,4,8,Roosevelt County              ,8,8,1330500,0,0,0,0,0,0,0,0,0,8,8,1330500,0,0,0,0,0,0,0,0,0
201604,35,043,4,8,Sandoval County               ,261,261,54333230,0,0,0,1,4,335413,3,15,624999,163,163,34693014,0,0,0,0,0,0,0,0,0
201604,35,045,4,8,San Juan County               ,31,31,6664717,0,0,0,0,0,0,0,0,0,31,31,6664717,0,0,0,0,0,0,0,0,0
201604,35,047,4,8,San Miguel County             ,0,0,0,0,0,0,0,0,0,0,0,0,0,0,0,0,0,0,0,0,0,0,0,0
201604,35,049,4,8,Santa Fe County               ,34,34,9828348,0,0,0,0,0,0,0,0,0,34,34,9828348,0,0,0,0,0,0,0,0,0
201604,35,051,4,8,Sierra County                 ,0,0,0,0,0,0,0,0,0,0,0,0,0,0,0,0,0,0,0,0,0,0,0,0
201604,35,053,4,8,Socorro County                ,0,0,0,0,0,0,0,0,0,0,0,0,0,0,0,0,0,0,0,0,0,0,0,0
201604,35,055,4,8,Taos County                   ,22,22,2412427,0,0,0,0,0,0,0,0,0,0,0,0,0,0,0,0,0,0,0,0,0
201604,35,061,4,8,Valencia County               ,31,31,3360772,0,0,0,0,0,0,0,0,0,0,0,0,0,0,0,0,0,0,0,0,0
201604,36,001,1,2,Albany County                 ,114,114,26161617,1,2,210403,2,8,677000,2,19,2238354,105,105,24474423,0,0,0,2,8,677000,1,12,1090000
201604,36,005,1,2,Bronx County                  ,2,2,514402,12,24,3117461,15,54,6299255,14,910,114768807,2,2,514402,12,24,3117461,15,54,6299255,14,910,114768807
201604,36,029,1,2,Erie County                   ,206,206,54903006,3,6,1208752,1,4,415500,14,131,12064542,160,160,45213738,1,2,494670,1,4,415500,11,108,9162464
201604,36,047,1,2,Kings County                  ,14,14,3609917,13,26,3368939,14,49,5516355,44,580,74255232,14,14,3609917,13,26,3368939,14,49,5516355,44,580,74255232
201604,36,051,1,2,Livingston County             ,14,14,3092694,1,2,113750,0,0,0,0,0,0,5,5,1241000,0,0,0,0,0,0,0,0,0
201604,36,055,1,2,Monroe County                 ,238,238,43528042,1,2,140000,2,8,752700,5,41,3896574,225,225,41824351,1,2,140000,2,8,752700,4,33,3171000
201604,36,059,1,2,Nassau County                 ,153,153,75257808,0,0,0,0,0,0,5,79,9516120,90,90,55023698,0,0,0,0,0,0,2,60,6444710
201604,36,061,1,2,New York County               ,0,0,0,0,0,0,0,0,0,15,406,51837983,0,0,0,0,0,0,0,0,0,15,406,51837983
201604,36,063,1,2,Niagara County                ,59,59,13627519,0,0,0,0,0,0,0,0,0,54,54,12690115,0,0,0,0,0,0,0,0,0
201604,36,069,1,2,Ontario County                ,92,92,28950800,0,0,0,0,0,0,0,0,0,88,88,28287050,0,0,0,0,0,0,0,0,0
201604,36,073,1,2,Orleans County                ,10,10,1541901,0,0,0,0,0,0,0,0,0,7,7,1214401,0,0,0,0,0,0,0,0,0
201604,36,079,1,2,Putnam County                 ,15,15,3354679,0,0,0,0,0,0,0,0,0,6,6,1472000,0,0,0,0,0,0,0,0,0
201604,36,081,1,2,Queens County                 ,63,63,16262851,75,150,19722718,14,42,4728305,12,322,41227326,63,63,16262851,75,150,19722718,14,42,4728305,12,322,41227326
201604,36,083,1,2,Rensselaer County             ,35,35,9424358,2,4,650000,0,0,0,3,17,811363,16,16,5919740,1,2,100000,0,0,0,0,0,0
201604,36,085,1,2,Richmond County               ,40,40,10338128,67,134,17390393,0,0,0,1,116,15651532,40,40,10338128,67,134,17390393,0,0,0,1,116,15651532
201604,36,087,1,2,Rockland County               ,26,26,6760332,4,8,967203,6,22,2638643,4,20,2062694,12,12,3679000,2,4,450000,1,4,700000,0,0,0
201604,36,091,1,2,Saratoga County               ,164,164,47394124,7,14,1824453,13,47,3760792,5,25,2243961,130,130,39914623,7,14,1824453,12,44,3473853,0,0,0
201604,36,093,1,2,Schenectady County            ,12,12,2702875,0,0,0,0,0,0,1,51,7980000,9,9,2084900,0,0,0,0,0,0,1,51,7980000
201604,36,095,1,2,Schoharie County              ,3,3,526733,0,0,0,0,0,0,0,0,0,1,1,143400,0,0,0,0,0,0,0,0,0
201604,36,099,1,2,Seneca County                 ,6,6,1356000,0,0,0,0,0,0,0,0,0,6,6,1356000,0,0,0,0,0,0,0,0,0
201604,36,117,1,2,Wayne County                  ,27,27,5013500,0,0,0,0,0,0,0,0,0,24,24,4725500,0,0,0,0,0,0,0,0,0
201604,36,119,1,2,Westchester County            ,83,83,40128737,3,6,543574,0,0,0,1,213,50170000,66,66,33163726,0,0,0,0,0,0,1,213,50170000
201604,37,007,3,5,Anson County                  ,15,15,2218245,0,0,0,0,0,0,0,0,0,2,2,270000,0,0,0,0,0,0,0,0,0
201604,37,011,3,5,Avery County                  ,24,24,12217867,0,0,0,0,0,0,0,0,0,24,24,12217867,0,0,0,0,0,0,0,0,0
201604,37,015,3,5,Bertie County                 ,10,10,2067175,0,0,0,0,0,0,0,0,0,10,10,2067175,0,0,0,0,0,0,0,0,0
201604,37,025,3,5,Cabarrus County               ,467,467,68944515,1,2,90000,0,0,0,5,64,3425367,467,467,68944515,1,2,90000,0,0,0,5,64,3425367
201604,37,033,3,5,Caswell County                ,8,8,1586707,0,0,0,0,0,0,0,0,0,8,8,1586707,0,0,0,0,0,0,0,0,0
201604,37,037,3,5,Chatham County                ,211,211,63776539,0,0,0,0,0,0,0,0,0,211,211,63776539,0,0,0,0,0,0,0,0,0
201604,37,051,3,5,Cumberland County             ,211,211,37816090,0,0,0,0,0,0,7,88,8622462,210,210,37512225,0,0,0,0,0,0,7,88,8622462
201604,37,053,3,5,Currituck County              ,88,88,26519385,1,2,126850,0,0,0,0,0,0,61,61,18393396,0,0,0,0,0,0,0,0,0
201604,37,059,3,5,Davie County                  ,42,42,9161344,0,0,0,0,0,0,1,5,219819,24,24,5086200,0,0,0,0,0,0,0,0,0
201604,37,063,3,5,Durham County                 ,629,629,111799883,4,8,483044,0,0,0,18,762,77142063,477,477,86595571,4,8,483044,0,0,0,15,670,71304373
201604,37,069,3,5,Franklin County               ,147,147,25535140,0,0,0,0,0,0,0,0,0,147,147,25535140,0,0,0,0,0,0,0,0,0
201604,37,071,3,5,Gaston County                 ,319,319,92540248,2,4,603444,0,0,0,0,0,0,319,319,92540248,2,4,603444,0,0,0,0,0,0
201604,37,081,3,5,Guilford County               ,459,459,114899266,0,0,0,0,0,0,18,375,48873229,365,365,94216670,0,0,0,0,0,0,13,283,39853863
201604,37,089,3,5,Henderson County              ,146,146,33058753,0,0,0,0,0,0,0,0,0,146,146,33058753,0,0,0,0,0,0,0,0,0
201604,37,093,3,5,Hoke County                   ,61,61,13798589,0,0,0,0,0,0,2,24,2273741,61,61,13798589,0,0,0,0,0,0,2,24,2273741
201604,37,097,3,5,Iredell County                ,361,361,105407135,0,0,0,0,0,0,8,219,21588644,361,361,105407135,0,0,0,0,0,0,8,219,21588644
201604,37,101,3,5,Johnston County               ,582,582,101682014,0,0,0,0,0,0,0,0,0,578,578,101006178,0,0,0,0,0,0,0,0,0
201604,37,105,3,5,Lee County                    ,15,15,3578515,0,0,0,0,0,0,0,0,0,15,15,3578515,0,0,0,0,0,0,0,0,0
201604,37,119,3,5,Mecklenburg County            ,1418,1418,320837932,4,8,882733,0,0,0,15,944,58820756,1418,1418,320837932,4,8,882733,0,0,0,15,944,58820756
201604,37,133,3,5,Onslow County                 ,246,246,33140479,0,0,0,0,0,0,1,6,472320,236,236,31788712,0,0,0,0,0,0,1,6,472320
201604,37,135,3,5,Orange County                 ,154,154,45528195,3,6,553195,1,4,519955,1,16,2746918,145,145,42186195,0,0,0,1,4,519955,0,0,0
201604,37,145,3,5,Person County                 ,15,15,4031250,0,0,0,0,0,0,1,5,220000,15,15,4031250,0,0,0,0,0,0,1,5,220000
201604,37,151,3,5,Randolph County               ,84,84,18136343,0,0,0,0,0,0,0,0,0,84,84,18136343,0,0,0,0,0,0,0,0,0
201604,37,157,3,5,Rockingham County             ,53,53,13950032,0,0,0,0,0,0,0,0,0,52,52,13801027,0,0,0,0,0,0,0,0,0
201604,37,179,3,5,Union County                  ,545,545,123901100,0,0,0,0,0,0,1,6,420000,545,545,123901100,0,0,0,0,0,0,1,6,420000
201604,37,181,3,5,Vance County                  ,8,8,2747828,0,0,0,0,0,0,0,0,0,8,8,2747828,0,0,0,0,0,0,0,0,0
201604,37,183,3,5,Wake County                   ,2417,2417,552617078,2,4,566040,3,11,958333,8,307,34399491,2354,2354,539931847,2,4,566040,3,11,958333,8,307,34399491
201604,37,195,3,5,Wilson County                 ,35,35,7818586,0,0,0,0,0,0,0,0,0,35,35,7818586,0,0,0,0,0,0,0,0,0
201604,39,007,2,3,Ashtabula County              ,18,18,3325235,2,4,327300,0,0,0,0,0,0,0,0,0,0,0,0,0,0,0,0,0,0
201604,39,015,2,3,Brown County                  ,21,21,3345924,0,0,0,0,0,0,0,0,0,0,0,0,0,0,0,0,0,0,0,0,0
201604,39,017,2,3,Butler County                 ,228,228,51480710,0,0,0,1,3,225000,0,0,0,228,228,51480710,0,0,0,1,3,225000,0,0,0
201604,39,025,2,3,Clermont County               ,107,107,26009851,2,4,205000,0,0,0,1,8,336000,107,107,26009851,2,4,205000,0,0,0,1,8,336000
201604,39,041,2,3,Delaware County               ,334,334,91064776,1,2,245468,2,8,1465060,1,8,1398540,334,334,91064776,1,2,245468,2,8,1465060,1,8,1398540
201604,39,049,2,3,Franklin County               ,524,524,149640632,1,2,509878,19,75,8889464,49,1076,119798661,514,514,147365863,1,2,509878,19,75,8889464,48,1070,119295090
201604,39,055,2,3,Geauga County                 ,39,39,11745418,0,0,0,0,0,0,0,0,0,39,39,11745418,0,0,0,0,0,0,0,0,0
201604,39,085,2,3,Lake County                   ,91,91,21168969,0,0,0,0,0,0,0,0,0,88,88,20310061,0,0,0,0,0,0,0,0,0
201604,39,089,2,3,Licking County                ,93,93,22886877,0,0,0,1,3,359288,0,0,0,66,66,16055223,0,0,0,0,0,0,0,0,0
201604,39,093,2,3,Lorain County                 ,230,230,53613389,0,0,0,4,15,1827500,4,50,2443093,172,172,43166770,0,0,0,3,12,1660000,2,40,2000000
201604,39,097,2,3,Madison County                ,6,6,1305459,0,0,0,0,0,0,0,0,0,4,4,1000459,0,0,0,0,0,0,0,0,0
201604,39,103,2,3,Medina County                 ,215,215,48907917,0,0,0,0,0,0,0,0,0,215,215,48907917,0,0,0,0,0,0,0,0,0
201604,39,117,2,3,Morrow County                 ,14,14,3064200,0,0,0,0,0,0,0,0,0,13,13,2939200,0,0,0,0,0,0,0,0,0
201604,39,159,2,3,Union County                  ,131,131,32600177,0,0,0,0,0,0,0,0,0,131,131,32600177,0,0,0,0,0,0,0,0,0
201604,39,165,2,3,Warren County                 ,299,299,81771294,1,2,365868,3,12,3257830,4,118,13276630,288,288,79962655,1,2,365868,3,12,3257830,4,118,13276630
201604,40,001,3,7,Adair County                  ,5,5,963216,0,0,0,0,0,0,0,0,0,0,0,0,0,0,0,0,0,0,0,0,0
201604,40,017,3,7,Canadian County               ,71,71,17446374,0,0,0,0,0,0,0,0,0,61,61,14583000,0,0,0,0,0,0,0,0,0
201604,40,021,3,7,Cherokee County               ,16,16,2099812,2,4,260000,0,0,0,2,10,488096,0,0,0,0,0,0,0,0,0,0,0,0
201604,40,027,3,7,Cleveland County              ,186,186,44302035,12,24,2539083,3,11,1592000,23,610,54520183,185,185,44132038,6,12,1729083,3,11,1592000,23,610,54520183
201604,40,029,3,7,Coal County                   ,0,0,0,0,0,0,0,0,0,0,0,0,0,0,0,0,0,0,0,0,0,0,0,0
201604,40,037,3,7,Creek County                  ,17,17,4010865,0,0,0,0,0,0,0,0,0,17,17,4010865,0,0,0,0,0,0,0,0,0
201604,40,051,3,7,Grady County                  ,36,36,6871877,1,2,325000,0,0,0,0,0,0,5,5,414500,1,2,325000,0,0,0,0,0,0
201604,40,055,3,7,Greer County                  ,0,0,0,0,0,0,0,0,0,0,0,0,0,0,0,0,0,0,0,0,0,0,0,0
201604,40,081,3,7,Lincoln County                ,1,1,80000,0,0,0,0,0,0,0,0,0,1,1,80000,0,0,0,0,0,0,0,0,0
201604,40,083,3,7,Logan County                  ,14,14,2055000,1,2,150000,0,0,0,0,0,0,14,14,2055000,1,2,150000,0,0,0,0,0,0
201604,40,087,3,7,McClain County                ,80,80,15747775,0,0,0,0,0,0,0,0,0,43,43,9741759,0,0,0,0,0,0,0,0,0
201604,40,109,3,7,Oklahoma County               ,1401,1401,322873121,5,10,1087878,6,24,1290000,3,81,6383449,1093,1093,261397711,3,6,622400,6,24,1290000,0,0,0
201604,40,111,3,7,Okmulgee County               ,1,1,130000,0,0,0,0,0,0,0,0,0,1,1,130000,0,0,0,0,0,0,0,0,0
201604,40,113,3,7,Osage County                  ,41,41,6984487,0,0,0,0,0,0,0,0,0,41,41,6984487,0,0,0,0,0,0,0,0,0
201604,40,117,3,7,Pawnee County                 ,2,2,360000,0,0,0,1,4,500000,0,0,0,2,2,360000,0,0,0,1,4,500000,0,0,0
201604,40,131,3,7,Rogers County                 ,166,166,25936359,13,26,1745000,0,0,0,0,0,0,161,161,25493026,13,26,1745000,0,0,0,0,0,0
201604,40,143,3,7,Tulsa County                  ,667,667,154313083,0,0,0,8,32,2892320,4,24,2169200,624,624,145218625,0,0,0,8,32,2892320,4,24,2169200
201604,40,145,3,7,Wagoner County                ,103,103,17026440,0,0,0,0,0,0,0,0,0,103,103,17026440,0,0,0,0,0,0,0,0,0
201604,41,000,4,9,Oregon Balance of State       ,36,36,5518887,0,0,0,0,0,0,0,0,0,0,0,0,0,0,0,0,0,0,0,0,0
201604,41,005,4,9,Clackamas County              ,523,523,138899113,10,20,3795881,2,8,1030735,10,128,19421280,490,490,123376541,5,10,1664293,2,8,1030735,10,128,19421280
201604,41,019,4,9,Douglas County                ,53,53,12343513,1,2,264720,0,0,0,0,0,0,53,53,12343513,1,2,264720,0,0,0,0,0,0
201604,41,025,4,9,Harney County                 ,1,1,362465,0,0,0,0,0,0,0,0,0,1,1,362465,0,0,0,0,0,0,0,0,0
201604,41,035,4,9,Klamath County                ,23,23,6038266,0,0,0,0,0,0,0,0,0,23,23,6038266,0,0,0,0,0,0,0,0,0
201604,41,051,4,9,Multnomah County              ,330,330,88660149,23,46,7166538,2,8,1538110,21,1146,130542797,330,330,88660149,23,46,7166538,2,8,1538110,21,1146,130542797
201604,41,067,4,9,Washington County             ,722,722,227615658,3,6,1147924,6,20,3727108,22,455,69700416,707,707,223070715,3,6,1147924,6,20,3727108,21,450,68903071
201604,41,071,4,9,Yamhill County                ,93,93,26311260,0,0,0,0,0,0,5,57,5418308,90,90,25725455,0,0,0,0,0,0,5,57,5418308
201604,42,001,1,2,Adams County                  ,125,125,20052146,0,0,0,0,0,0,0,0,0,125,125,20052146,0,0,0,0,0,0,0,0,0
201604,42,017,1,2,Bucks County                  ,249,249,51983392,1,2,800000,5,18,2320000,3,18,2145450,158,158,34658080,1,2,800000,5,18,2320000,3,18,2145450
201604,42,029,1,2,Chester County                ,343,343,78394049,0,0,0,2,7,753441,1,12,1852484,291,291,66996754,0,0,0,1,4,428290,1,12,1852484
201604,42,037,1,2,Columbia County               ,24,24,5048306,1,2,237000,1,3,387224,0,0,0,9,9,1800322,1,2,237000,1,3,387224,0,0,0
201604,42,041,1,2,Cumberland County             ,216,216,42953576,0,0,0,1,4,760000,3,17,1248957,201,201,40437928,0,0,0,1,4,760000,1,6,738391
201604,42,043,1,2,Dauphin County                ,129,129,27419101,0,0,0,0,0,0,3,45,2588333,89,89,18112716,0,0,0,0,0,0,2,40,1930000
201604,42,045,1,2,Delaware County               ,125,125,30623023,0,0,0,0,0,0,0,0,0,65,65,16572893,0,0,0,0,0,0,0,0,0
201604,42,055,1,2,Franklin County               ,90,90,15790253,1,2,246003,2,7,756448,0,0,0,78,78,14769520,0,0,0,0,0,0,0,0,0
201604,42,091,1,2,Montgomery County             ,361,361,66325921,4,8,1210456,1,4,549080,11,303,22567523,311,311,54946625,4,8,1210456,1,4,549080,4,256,18173869
201604,42,093,1,2,Montour County                ,7,7,1446952,0,0,0,0,0,0,0,0,0,1,1,248000,0,0,0,0,0,0,0,0,0
201604,42,099,1,2,Perry County                  ,24,24,5328421,0,0,0,0,0,0,0,0,0,2,2,120000,0,0,0,0,0,0,0,0,0
201604,42,101,1,2,Philadelphia County           ,322,322,82946936,33,66,10871471,38,127,14058499,20,458,66401342,244,244,63153221,27,54,9476360,29,97,10304632,18,399,55771500
201604,42,103,1,2,Pike County                   ,26,26,6180615,0,0,0,0,0,0,0,0,0,21,21,4941936,0,0,0,0,0,0,0,0,0
201604,44,001,1,1,Bristol County                ,12,12,2161644,0,0,0,0,0,0,0,0,0,9,9,1527220,0,0,0,0,0,0,0,0,0
201604,44,003,1,1,Kent County                   ,42,42,6326601,1,2,400000,0,0,0,1,6,577380,32,32,4627805,0,0,0,0,0,0,1,6,577380
201604,44,005,1,1,Newport County                ,35,35,9347970,0,0,0,1,3,617320,0,0,0,33,33,8846336,0,0,0,1,3,617320,0,0,0
201604,44,007,1,1,Providence County             ,94,94,16353422,1,2,215630,1,3,603480,0,0,0,81,81,15154019,0,0,0,0,0,0,0,0,0
201604,44,009,1,1,Washington County             ,76,76,18984525,2,4,590400,0,0,0,1,8,1033320,65,65,16174218,2,4,590400,0,0,0,1,8,1033320
201604,45,003,3,5,Aiken County                  ,262,262,53618577,0,0,0,0,0,0,0,0,0,251,251,51696843,0,0,0,0,0,0,0,0,0
201604,45,009,3,5,Bamberg County                ,3,3,465000,0,0,0,0,0,0,0,0,0,3,3,465000,0,0,0,0,0,0,0,0,0
201604,45,015,3,5,Berkeley County               ,458,458,128489443,3,6,669371,0,0,0,4,186,4388127,319,319,87417742,0,0,0,0,0,0,0,0,0
201604,45,017,3,5,Calhoun County                ,8,8,1082600,0,0,0,0,0,0,0,0,0,8,8,1082600,0,0,0,0,0,0,0,0,0
201604,45,019,3,5,Charleston County             ,924,924,241868139,0,0,0,0,0,0,6,153,8780341,655,655,190204208,0,0,0,0,0,0,0,0,0
201604,45,035,3,5,Dorchester County             ,279,279,73215000,0,0,0,0,0,0,0,0,0,277,277,73000000,0,0,0,0,0,0,0,0,0
201604,45,037,3,5,Edgefield County              ,31,31,6479897,0,0,0,0,0,0,0,0,0,31,31,6479897,0,0,0,0,0,0,0,0,0
201604,45,039,3,5,Fairfield County              ,16,16,2884959,0,0,0,0,0,0,0,0,0,6,6,1271738,0,0,0,0,0,0,0,0,0
201604,45,045,3,5,Greenville County             ,924,924,235310311,1,2,252000,0,0,0,0,0,0,889,889,228752968,1,2,252000,0,0,0,0,0,0
201604,45,051,3,5,Horry County                  ,1286,1286,218098914,33,66,3575918,4,15,2980882,10,80,7671023,1113,1113,171391658,32,64,3236861,3,12,2403032,9,75,7118384
201604,45,055,3,5,Kershaw County                ,106,106,15631877,0,0,0,0,0,0,0,0,0,106,106,15631877,0,0,0,0,0,0,0,0,0
201604,45,059,3,5,Laurens County                ,42,42,5903434,0,0,0,0,0,0,0,0,0,40,40,5692745,0,0,0,0,0,0,0,0,0
201604,45,063,3,5,Lexington County              ,619,619,153644169,0,0,0,0,0,0,0,0,0,617,617,153419737,0,0,0,0,0,0,0,0,0
201604,45,077,3,5,Pickens County                ,85,85,28337642,0,0,0,2,7,560000,4,37,2383484,66,66,24292800,0,0,0,0,0,0,0,0,0
201604,45,079,3,5,Richland County               ,538,538,74894772,0,0,0,0,0,0,7,130,7337559,48,48,12654926,0,0,0,0,0,0,0,0,0
201604,45,081,3,5,Saluda County                 ,11,11,2315732,0,0,0,0,0,0,0,0,0,11,11,2315732,0,0,0,0,0,0,0,0,0
201604,45,085,3,5,Sumter County                 ,75,75,11993450,0,0,0,0,0,0,0,0,0,75,75,11993450,0,0,0,0,0,0,0,0,0
201604,45,091,3,5,York County                   ,712,712,239445089,0,0,0,0,0,0,12,205,19239012,374,374,150989943,0,0,0,0,0,0,0,0,0
201604,46,007,2,4,Bennett County                ,0,0,0,0,0,0,0,0,0,0,0,0,0,0,0,0,0,0,0,0,0,0,0,0
201604,46,055,2,4,Haakon County                 ,0,0,0,0,0,0,0,0,0,0,0,0,0,0,0,0,0,0,0,0,0,0,0,0
201604,46,071,2,4,Jackson County                ,0,0,0,0,0,0,0,0,0,0,0,0,0,0,0,0,0,0,0,0,0,0,0,0
201604,46,111,2,4,Sanborn County                ,0,0,0,0,0,0,0,0,0,0,0,0,0,0,0,0,0,0,0,0,0,0,0,0
201604,47,001,3,6,Anderson County               ,36,36,6728382,0,0,0,0,0,0,0,0,0,35,35,6538382,0,0,0,0,0,0,0,0,0
201604,47,015,3,6,Cannon County                 ,4,4,504760,0,0,0,0,0,0,0,0,0,0,0,0,0,0,0,0,0,0,0,0,0
201604,47,021,3,6,Cheatham County               ,48,48,9082800,0,0,0,0,0,0,0,0,0,48,48,9082800,0,0,0,0,0,0,0,0,0
201604,47,037,3,6,Davidson County               ,1324,1324,315151110,0,0,0,3,12,1500000,26,3566,303290931,1320,1320,311454418,0,0,0,3,12,1500000,26,3566,303290931
201604,47,043,3,6,Dickson County                ,85,85,17524409,0,0,0,0,0,0,0,0,0,85,85,17524409,0,0,0,0,0,0,0,0,0
201604,47,049,3,6,Fentress County               ,0,0,0,0,0,0,0,0,0,0,0,0,0,0,0,0,0,0,0,0,0,0,0,0
201604,47,081,3,6,Hickman County                ,15,15,2755718,0,0,0,0,0,0,0,0,0,2,2,248126,0,0,0,0,0,0,0,0,0
201604,47,093,3,6,Knox County                   ,509,509,93384787,0,0,0,0,0,0,0,0,0,509,509,93384787,0,0,0,0,0,0,0,0,0
201604,47,105,3,6,Loudon County                 ,98,98,22465767,0,0,0,0,0,0,0,0,0,92,92,21440662,0,0,0,0,0,0,0,0,0
201604,47,125,3,6,Montgomery County             ,452,452,62528688,3,6,825000,5,20,671335,0,0,0,452,452,62528688,3,6,825000,5,20,671335,0,0,0
201604,47,139,3,6,Polk County                   ,54,54,9726700,0,0,0,0,0,0,0,0,0,0,0,0,0,0,0,0,0,0,0,0,0
201604,47,149,3,6,Rutherford County             ,776,776,155255488,3,6,671976,1,4,802862,10,68,5177805,666,666,141380354,2,4,506352,1,4,802862,6,33,3273381
201604,47,153,3,6,Sequatchie County             ,0,0,0,0,0,0,0,0,0,0,0,0,0,0,0,0,0,0,0,0,0,0,0,0
201604,47,157,3,6,Shelby County                 ,317,317,80987059,3,6,522378,9,28,2833600,19,320,33318669,317,317,80987059,3,6,522378,9,28,2833600,19,320,33318669
201604,47,159,3,6,Smith County                  ,22,22,3162069,0,0,0,0,0,0,0,0,0,22,22,3162069,0,0,0,0,0,0,0,0,0
201604,47,161,3,6,Stewart County                ,7,7,650000,0,0,0,0,0,0,0,0,0,7,7,650000,0,0,0,0,0,0,0,0,0
201604,47,165,3,6,Sumner County                 ,314,314,71571770,3,6,906381,0,0,0,0,0,0,298,298,68621849,3,6,906381,0,0,0,0,0,0
201604,47,167,3,6,Tipton County                 ,36,36,6212649,0,0,0,0,0,0,0,0,0,19,19,3921535,0,0,0,0,0,0,0,0,0
201604,47,169,3,6,Trousdale County              ,15,15,2586000,0,0,0,2,8,372000,0,0,0,15,15,2586000,0,0,0,2,8,372000,0,0,0
201604,47,173,3,6,Union County                  ,32,32,4245000,0,0,0,0,0,0,0,0,0,32,32,4245000,0,0,0,0,0,0,0,0,0
201604,47,175,3,6,Van Buren County              ,0,0,0,0,0,0,0,0,0,0,0,0,0,0,0,0,0,0,0,0,0,0,0,0
201604,47,189,3,6,Wilson County                 ,384,384,100306097,1,2,265000,0,0,0,2,24,2445076,354,354,94024215,1,2,265000,0,0,0,1,18,2126000
201604,48,013,3,7,Atascosa County               ,11,11,1779710,0,0,0,0,0,0,0,0,0,6,6,1010140,0,0,0,0,0,0,0,0,0
201604,48,015,3,7,Austin County                 ,9,9,1551224,0,0,0,0,0,0,0,0,0,2,2,374746,0,0,0,0,0,0,0,0,0
201604,48,019,3,7,Bandera County                ,0,0,0,0,0,0,0,0,0,0,0,0,0,0,0,0,0,0,0,0,0,0,0,0
201604,48,021,3,7,Bastrop County                ,35,35,3845195,0,0,0,0,0,0,0,0,0,27,27,2887278,0,0,0,0,0,0,0,0,0
201604,48,025,3,7,Bee County                    ,4,4,401366,0,0,0,0,0,0,0,0,0,0,0,0,0,0,0,0,0,0,0,0,0
201604,48,027,3,7,Bell County                   ,620,620,109098817,17,34,2460018,1,4,175000,5,96,7017123,582,582,100556129,16,32,2330018,1,4,175000,5,96,7017123
201604,48,029,3,7,Bexar County                  ,1072,1072,254410449,10,20,2622200,12,48,4706536,54,494,49484734,903,903,224433535,10,20,2622200,12,48,4706536,49,469,44741500
201604,48,051,3,7,Burleson County               ,1,1,30000,0,0,0,0,0,0,0,0,0,1,1,30000,0,0,0,0,0,0,0,0,0
201604,48,055,3,7,Caldwell County               ,97,97,16381763,0,0,0,0,0,0,0,0,0,4,4,445400,0,0,0,0,0,0,0,0,0
201604,48,085,3,7,Collin County                 ,2577,2577,804264167,6,12,1605973,0,0,0,22,1407,157120990,2450,2450,778545741,0,0,0,0,0,0,22,1407,157120990
201604,48,091,3,7,Comal County                  ,640,640,142306090,19,38,4179629,0,0,0,0,0,0,552,552,122663906,16,32,3519168,0,0,0,0,0,0
201604,48,099,3,7,Coryell County                ,54,54,7383628,3,6,424645,0,0,0,1,6,821502,31,31,4150615,1,2,140000,0,0,0,0,0,0
201604,48,107,3,7,Crosby County                 ,3,3,201000,0,0,0,0,0,0,0,0,0,0,0,0,0,0,0,0,0,0,0,0,0
201604,48,113,3,7,Dallas County                 ,1685,1685,500202089,17,34,5368429,10,39,4805927,39,4198,407491317,1435,1435,438731342,12,24,3552982,6,23,3098492,31,3415,345860994
201604,48,119,3,7,Delta County                  ,0,0,0,0,0,0,0,0,0,0,0,0,0,0,0,0,0,0,0,0,0,0,0,0
201604,48,135,3,7,Ector County                  ,149,149,32739298,0,0,0,0,0,0,3,28,2058208,22,22,4166455,0,0,0,0,0,0,0,0,0
201604,48,139,3,7,Ellis County                  ,528,528,93428249,0,0,0,0,0,0,0,0,0,528,528,93428249,0,0,0,0,0,0,0,0,0
201604,48,141,3,7,El Paso County                ,705,705,102876521,18,36,2828330,2,7,398526,21,163,9661339,695,695,101878817,18,36,2828330,2,7,398526,21,163,9661339
201604,48,157,3,7,Fort Bend County              ,3220,3220,422639732,9,18,2700000,0,0,0,5,43,3108892,565,565,171113328,9,18,2700000,0,0,0,0,0,0
201604,48,167,3,7,Galveston County              ,771,771,164506597,0,0,0,0,0,0,1,27,1486427,478,478,110815204,0,0,0,0,0,0,0,0,0
201604,48,185,3,7,Grimes County                 ,10,10,1160582,0,0,0,0,0,0,0,0,0,10,10,1160582,0,0,0,0,0,0,0,0,0
201604,48,187,3,7,Guadalupe County              ,288,288,62969919,0,0,0,0,0,0,0,0,0,279,279,61411498,0,0,0,0,0,0,0,0,0
201604,48,193,3,7,Hamilton County               ,0,0,0,0,0,0,0,0,0,0,0,0,0,0,0,0,0,0,0,0,0,0,0,0
201604,48,195,3,7,Hansford County               ,5,5,664250,0,0,0,0,0,0,0,0,0,1,1,100000,0,0,0,0,0,0,0,0,0
201604,48,201,3,7,Harris County                 ,5177,5177,970961026,16,32,4617449,6,23,3931161,52,2268,261319028,5084,5084,926880194,14,28,4254949,5,20,3493248,52,2268,261319028
201604,48,211,3,7,Hemphill County               ,0,0,0,0,0,0,0,0,0,0,0,0,0,0,0,0,0,0,0,0,0,0,0,0
201604,48,215,3,7,Hidalgo County                ,1055,1055,195970350,27,54,3224044,37,144,9314006,6,381,20670586,922,922,170802380,26,52,3074044,37,144,9314006,6,381,20670586
201604,48,233,3,7,Hutchinson County             ,0,0,0,0,0,0,0,0,0,0,0,0,0,0,0,0,0,0,0,0,0,0,0,0
201604,48,251,3,7,Johnson County                ,143,143,29118328,5,10,685000,0,0,0,0,0,0,139,139,28404132,5,10,685000,0,0,0,0,0,0
201604,48,257,3,7,Kaufman County                ,133,133,27026057,0,0,0,0,0,0,0,0,0,114,114,24569062,0,0,0,0,0,0,0,0,0
201604,48,259,3,7,Kendall County                ,90,90,25395837,0,0,0,0,0,0,0,0,0,90,90,25395837,0,0,0,0,0,0,0,0,0
201604,48,271,3,7,Kinney County                 ,0,0,0,0,0,0,0,0,0,0,0,0,0,0,0,0,0,0,0,0,0,0,0,0
201604,48,281,3,7,Lampasas County               ,18,18,2572477,0,0,0,0,0,0,0,0,0,18,18,2572477,0,0,0,0,0,0,0,0,0
201604,48,291,3,7,Liberty County                ,126,126,13841815,0,0,0,0,0,0,0,0,0,123,123,13456720,0,0,0,0,0,0,0,0,0
201604,48,303,3,7,Lubbock County                ,343,343,81089022,7,14,1312525,0,0,0,10,137,8462008,161,161,36933295,1,2,190000,0,0,0,0,0,0
201604,48,323,3,7,Maverick County               ,37,37,3232191,0,0,0,0,0,0,0,0,0,29,29,2366981,0,0,0,0,0,0,0,0,0
201604,48,325,3,7,Medina County                 ,5,5,1007100,0,0,0,0,0,0,0,0,0,5,5,1007100,0,0,0,0,0,0,0,0,0
201604,48,329,3,7,Midland County                ,167,167,33615578,0,0,0,11,40,9507960,0,0,0,167,167,33615578,0,0,0,11,40,9507960,0,0,0
201604,48,339,3,7,Montgomery County             ,1459,1459,315683686,0,0,0,0,0,0,10,218,20731113,1443,1443,312390460,0,0,0,0,0,0,10,218,20731113
201604,48,367,3,7,Parker County                 ,149,149,32357800,0,0,0,0,0,0,0,0,0,146,146,31680795,0,0,0,0,0,0,0,0,0
201604,48,375,3,7,Potter County                 ,229,229,55928304,1,2,299367,0,0,0,0,0,0,229,229,55928304,1,2,299367,0,0,0,0,0,0
201604,48,383,3,7,Reagan County                 ,0,0,0,0,0,0,1,3,155152,0,0,0,0,0,0,0,0,0,0,0,0,0,0,0
201604,48,385,3,7,Real County                   ,0,0,0,0,0,0,0,0,0,0,0,0,0,0,0,0,0,0,0,0,0,0,0,0
201604,48,395,3,7,Robertson County              ,29,29,6500884,0,0,0,0,0,0,0,0,0,29,29,6500884,0,0,0,0,0,0,0,0,0
201604,48,397,3,7,Rockwall County               ,305,305,100805676,0,0,0,0,0,0,0,0,0,270,270,87036821,0,0,0,0,0,0,0,0,0
201604,48,407,3,7,San Jacinto County            ,103,103,20535567,0,0,0,0,0,0,0,0,0,103,103,20535567,0,0,0,0,0,0,0,0,0
201604,48,411,3,7,San Saba County               ,0,0,0,0,0,0,0,0,0,0,0,0,0,0,0,0,0,0,0,0,0,0,0,0
201604,48,451,3,7,Tom Green County              ,53,53,12290808,0,0,0,0,0,0,0,0,0,53,53,12290808,0,0,0,0,0,0,0,0,0
201604,48,453,3,7,Travis County                 ,2309,2309,513222277,68,136,19232099,12,48,2562499,65,1813,144986186,2197,2197,476809699,68,136,19232099,12,48,2562499,65,1813,144986186
201604,48,473,3,7,Waller County                 ,1,1,270000,0,0,0,0,0,0,5,26,917140,1,1,270000,0,0,0,0,0,0,0,0,0
201604,48,491,3,7,Williamson County             ,1388,1388,394156554,2,4,612720,5,18,1321605,1,170,17358375,1327,1327,382254545,2,4,612720,5,18,1321605,1,170,17358375
201604,48,493,3,7,Wilson County                 ,11,11,2190313,0,0,0,0,0,0,1,5,468750,0,0,0,0,0,0,0,0,0,0,0,0
201604,48,497,3,7,Wise County                   ,30,30,6189501,2,4,240000,0,0,0,0,0,0,23,23,4809725,2,4,240000,0,0,0,0,0,0
201604,49,011,4,8,Davis County                  ,479,479,121816223,2,4,472559,4,16,1969788,7,42,4694866,468,468,117757599,2,4,472559,4,16,1969788,7,42,4694866
201604,49,023,4,8,Juab County                   ,20,20,5629425,0,0,0,0,0,0,0,0,0,19,19,5367271,0,0,0,0,0,0,0,0,0
201604,49,029,4,8,Morgan County                 ,34,34,11146272,0,0,0,0,0,0,1,5,503405,0,0,0,0,0,0,0,0,0,0,0,0
201604,49,035,4,8,Salt Lake County              ,1222,1222,304972203,7,14,2513747,5,17,1785032,19,722,83429321,1014,1014,241479193,4,8,1306884,4,14,1419032,7,461,57387560
201604,49,039,4,8,Sanpete County                ,12,12,1395585,0,0,0,0,0,0,0,0,0,8,8,908425,0,0,0,0,0,0,0,0,0
201604,49,043,4,8,Summit County                 ,74,74,23047706,0,0,0,0,0,0,4,21,3587992,46,46,8799149,0,0,0,0,0,0,0,0,0
201604,49,057,4,8,Weber County                  ,238,238,54284775,1,2,264384,10,36,5918189,10,341,29517707,178,178,39320286,1,2,264384,5,20,3509427,8,331,27918501
201604,51,003,3,5,Albemarle County              ,166,166,58231956,0,0,0,0,0,0,0,0,0,166,166,58231956,0,0,0,0,0,0,0,0,0
201604,51,007,3,5,Amelia County                 ,14,14,2960760,0,0,0,0,0,0,0,0,0,14,14,2960760,0,0,0,0,0,0,0,0,0
201604,51,009,3,5,Amherst County                ,17,17,3034455,0,0,0,0,0,0,0,0,0,12,12,2247457,0,0,0,0,0,0,0,0,0
201604,51,013,3,5,Arlington County              ,82,82,33103646,0,0,0,0,0,0,2,465,83093059,59,59,22826516,0,0,0,0,0,0,1,440,81000000
201604,51,015,3,5,Augusta County                ,56,56,10282814,0,0,0,0,0,0,0,0,0,35,35,6705111,0,0,0,0,0,0,0,0,0
201604,51,019,3,5,Bedford County                ,83,83,24026864,0,0,0,0,0,0,0,0,0,83,83,24026864,0,0,0,0,0,0,0,0,0
201604,51,033,3,5,Caroline County               ,32,32,6068909,0,0,0,0,0,0,0,0,0,25,25,4406534,0,0,0,0,0,0,0,0,0
201604,51,036,3,5,Charles City County           ,7,7,1263959,0,0,0,0,0,0,0,0,0,2,2,398400,0,0,0,0,0,0,0,0,0
201604,51,037,3,5,Charlotte County              ,2,2,308000,0,0,0,0,0,0,0,0,0,2,2,308000,0,0,0,0,0,0,0,0,0
201604,51,041,3,5,Chesterfield County           ,438,438,99149077,0,0,0,5,17,2463923,2,43,1600000,438,438,99149077,0,0,0,5,17,2463923,2,43,1600000
201604,51,043,3,5,Clarke County                 ,21,21,8246324,0,0,0,0,0,0,0,0,0,21,21,8246324,0,0,0,0,0,0,0,0,0
201604,51,049,3,5,Cumberland County             ,2,2,362855,0,0,0,0,0,0,0,0,0,2,2,362855,0,0,0,0,0,0,0,0,0
201604,51,051,3,5,Dickenson County              ,1,1,20000,0,0,0,0,0,0,0,0,0,1,1,20000,0,0,0,0,0,0,0,0,0
201604,51,053,3,5,Dinwiddie County              ,17,17,2421467,0,0,0,0,0,0,0,0,0,0,0,0,0,0,0,0,0,0,0,0,0
201604,51,059,3,5,Fairfax County                ,301,301,66812481,0,0,0,0,0,0,3,581,22858312,204,204,46077268,0,0,0,0,0,0,2,482,15000000
201604,51,061,3,5,Fauquier County               ,76,76,27370348,0,0,0,0,0,0,0,0,0,57,57,21268303,0,0,0,0,0,0,0,0,0
201604,51,069,3,5,Frederick County              ,211,211,48712753,0,0,0,0,0,0,0,0,0,211,211,48712753,0,0,0,0,0,0,0,0,0
201604,51,073,3,5,Gloucester County             ,54,54,9705169,0,0,0,0,0,0,0,0,0,54,54,9705169,0,0,0,0,0,0,0,0,0
201604,51,075,3,5,Goochland County              ,41,41,11373997,0,0,0,0,0,0,0,0,0,41,41,11373997,0,0,0,0,0,0,0,0,0
201604,51,085,3,5,Hanover County                ,206,206,43204788,0,0,0,0,0,0,0,0,0,206,206,43204788,0,0,0,0,0,0,0,0,0
201604,51,087,3,5,Henrico County                ,238,238,45433363,0,0,0,0,0,0,15,85,4717275,238,238,45433363,0,0,0,0,0,0,15,85,4717275
201604,51,093,3,5,Isle of Wight County          ,48,48,10589876,0,0,0,0,0,0,1,13,521500,0,0,0,0,0,0,0,0,0,0,0,0
201604,51,095,3,5,James City County             ,119,119,29119906,0,0,0,3,12,1772864,0,0,0,119,119,29119906,0,0,0,3,12,1772864,0,0,0
201604,51,097,3,5,King and Queen County         ,12,12,2040350,0,0,0,0,0,0,0,0,0,12,12,2040350,0,0,0,0,0,0,0,0,0
201604,51,099,3,5,King George County            ,44,44,11221802,0,0,0,0,0,0,0,0,0,44,44,11221802,0,0,0,0,0,0,0,0,0
201604,51,107,3,5,Loudoun County                ,814,814,178549937,2,4,360000,0,0,0,15,333,38354622,814,814,178549937,2,4,360000,0,0,0,15,333,38354622
201604,51,109,3,5,Louisa County                 ,90,90,17238248,0,0,0,0,0,0,0,0,0,90,90,17238248,0,0,0,0,0,0,0,0,0
201604,51,115,3,5,Mathews County                ,7,7,1469393,0,0,0,0,0,0,0,0,0,7,7,1469393,0,0,0,0,0,0,0,0,0
201604,51,127,3,5,New Kent County               ,83,83,15911297,0,0,0,0,0,0,0,0,0,83,83,15911297,0,0,0,0,0,0,0,0,0
201604,51,139,3,5,Page County                   ,8,8,1460000,0,0,0,0,0,0,0,0,0,8,8,1460000,0,0,0,0,0,0,0,0,0
201604,51,145,3,5,Powhatan County               ,68,68,15466179,0,0,0,0,0,0,0,0,0,68,68,15466179,0,0,0,0,0,0,0,0,0
201604,51,149,3,5,Prince George County          ,25,25,3947870,0,0,0,0,0,0,0,0,0,25,25,3947870,0,0,0,0,0,0,0,0,0
201604,51,153,3,5,Prince William County         ,434,434,73295656,0,0,0,0,0,0,0,0,0,434,434,73295656,0,0,0,0,0,0,0,0,0
201604,51,165,3,5,Rockingham County             ,106,106,22174900,0,0,0,0,0,0,0,0,0,106,106,22174900,0,0,0,0,0,0,0,0,0
201604,51,175,3,5,Southampton County            ,12,12,1446722,0,0,0,0,0,0,0,0,0,9,9,1001500,0,0,0,0,0,0,0,0,0
201604,51,177,3,5,Spotsylvania County           ,140,140,36075082,0,0,0,0,0,0,0,0,0,0,0,0,0,0,0,0,0,0,0,0,0
201604,51,179,3,5,Stafford County               ,486,486,71177405,0,0,0,0,0,0,0,0,0,486,486,71177405,0,0,0,0,0,0,0,0,0
201604,51,181,3,5,Surry County                  ,13,13,2043782,0,0,0,0,0,0,0,0,0,8,8,1238000,0,0,0,0,0,0,0,0,0
201604,51,183,3,5,Sussex County                 ,3,3,92600,0,0,0,0,0,0,0,0,0,3,3,92600,0,0,0,0,0,0,0,0,0
201604,51,187,3,5,Warren County                 ,50,50,10766724,0,0,0,0,0,0,0,0,0,50,50,10766724,0,0,0,0,0,0,0,0,0
201604,51,199,3,5,York County                   ,29,29,6011446,0,0,0,0,0,0,0,0,0,29,29,6011446,0,0,0,0,0,0,0,0,0
201604,51,510,3,5,Alexandria (Independent City) ,23,23,3122600,0,0,0,0,0,0,0,0,0,23,23,3122600,0,0,0,0,0,0,0,0,0
201604,51,540,3,5,Charlottesville (Independent C,30,30,7047411,0,0,0,0,0,0,2,19,2814615,17,17,4150000,0,0,0,0,0,0,0,0,0
201604,51,550,3,5,Chesapeake(Independent City)  ,254,254,57547338,1,2,273400,0,0,0,0,0,0,254,254,57547338,1,2,273400,0,0,0,0,0,0
201604,51,570,3,5,Colonial Heights (Independent ,1,1,150000,0,0,0,0,0,0,0,0,0,1,1,150000,0,0,0,0,0,0,0,0,0
201604,51,580,3,5,Covington (Independent City)  ,0,0,0,0,0,0,0,0,0,0,0,0,0,0,0,0,0,0,0,0,0,0,0,0
201604,51,600,3,5,Fairfax (Independent City)    ,5,5,1530000,0,0,0,0,0,0,0,0,0,5,5,1530000,0,0,0,0,0,0,0,0,0
201604,51,610,3,5,Falls Church (Independent City,9,9,3675000,0,0,0,0,0,0,0,0,0,9,9,3675000,0,0,0,0,0,0,0,0,0
201604,51,630,3,5,Fredericksburg(Independent Cit,25,25,5181057,0,0,0,0,0,0,5,128,9004435,25,25,5181057,0,0,0,0,0,0,5,128,9004435
201604,51,650,3,5,Hampton (Independent City)    ,33,33,1778556,0,0,0,0,0,0,0,0,0,0,0,0,0,0,0,0,0,0,0,0,0
201604,51,660,3,5,Harrisonburg (Independent City,20,20,3359885,1,2,274525,0,0,0,1,5,219653,14,14,2635000,0,0,0,0,0,0,0,0,0
201604,51,670,3,5,Hopewell (Independent City)   ,25,25,1185500,0,0,0,0,0,0,0,0,0,25,25,1185500,0,0,0,0,0,0,0,0,0
201604,51,680,3,5,Lynchburg (Independent City)  ,29,29,5811251,0,0,0,0,0,0,0,0,0,29,29,5811251,0,0,0,0,0,0,0,0,0
201604,51,683,3,5,Manassas (Independent City)   ,47,47,6624076,0,0,0,0,0,0,0,0,0,0,0,0,0,0,0,0,0,0,0,0,0
201604,51,685,3,5,Manassas Park (Independent Cit,4,4,745456,0,0,0,0,0,0,0,0,0,0,0,0,0,0,0,0,0,0,0,0,0
201604,51,700,3,5,Newport News (Independent City,47,47,4195565,0,0,0,0,0,0,0,0,0,47,47,4195565,0,0,0,0,0,0,0,0,0
201604,51,710,3,5,Norfolk (Independent City)    ,112,112,14708351,4,8,911600,0,0,0,14,388,9822000,112,112,14708351,4,8,911600,0,0,0,14,388,9822000
201604,51,730,3,5,Petersburg (Independent City) ,3,3,412000,0,0,0,0,0,0,1,5,254604,3,3,412000,0,0,0,0,0,0,0,0,0
201604,51,735,3,5,Poquoson (Independent City)   ,10,10,3054200,0,0,0,0,0,0,0,0,0,10,10,3054200,0,0,0,0,0,0,0,0,0
201604,51,740,3,5,Portsmouth (Independent City) ,32,32,4064000,1,2,130000,0,0,0,0,0,0,32,32,4064000,1,2,130000,0,0,0,0,0,0
201604,51,760,3,5,Richmond (Independent City)   ,96,96,15707118,5,10,921959,1,4,139207,1,14,2044221,96,96,15707118,5,10,921959,1,4,139207,1,14,2044221
201604,51,800,3,5,Suffolk (Independent City)    ,100,100,22643421,0,0,0,0,0,0,9,312,6950000,100,100,22643421,0,0,0,0,0,0,9,312,6950000
201604,51,810,3,5,Virginia Beach (Independent Ci,305,305,72008437,0,0,0,0,0,0,5,442,29257000,305,305,72008437,0,0,0,0,0,0,5,442,29257000
201604,51,830,3,5,Williamsburg (Independent City,16,16,2154656,0,0,0,0,0,0,0,0,0,16,16,2154656,0,0,0,0,0,0,0,0,0
201604,53,005,4,9,Benton County                 ,345,345,102226606,1,2,338819,2,8,906000,5,79,6646728,237,237,66772048,1,2,338819,2,8,906000,2,51,4473074
201604,53,011,4,9,Clark County                  ,910,910,223375936,3,6,768349,3,12,1113781,15,225,15820333,858,858,210085125,3,6,768349,3,12,1113781,14,210,14315633
201604,53,021,4,9,Franklin County               ,127,127,35444348,5,10,931215,0,0,0,0,0,0,23,23,9170001,0,0,0,0,0,0,0,0,0
201604,53,031,4,9,Jefferson County              ,92,92,11087499,0,0,0,0,0,0,0,0,0,92,92,11087499,0,0,0,0,0,0,0,0,0
201604,53,033,4,9,King County                   ,1389,1389,517074605,72,144,28077543,39,139,27054351,55,2269,271462388,1189,1189,433390711,71,142,27555459,39,139,27054351,44,2088,250684906
201604,53,035,4,9,Kitsap County                 ,264,264,76468164,5,10,1803415,3,12,1735149,1,18,4151249,264,264,76468164,5,10,1803415,3,12,1735149,1,18,4151249
201604,53,053,4,9,Pierce County                 ,779,779,237498083,7,14,2762859,4,15,2065543,27,542,52001749,779,779,237498083,7,14,2762859,4,15,2065543,27,542,52001749
201604,53,055,4,9,San Juan County               ,30,30,7863359,0,0,0,0,0,0,0,0,0,10,10,3091111,0,0,0,0,0,0,0,0,0
201604,53,059,4,9,Skamania County               ,12,12,2759878,0,0,0,0,0,0,0,0,0,12,12,2759878,0,0,0,0,0,0,0,0,0
201604,53,061,4,9,Snohomish County              ,1031,1031,300223464,13,26,5543294,8,27,3720648,16,294,38307883,1011,1011,295749560,13,26,5543294,8,27,3720648,15,284,37846337
201604,54,011,3,5,Cabell County                 ,9,9,1659567,1,2,200000,0,0,0,0,0,0,9,9,1659567,1,2,200000,0,0,0,0,0,0
201604,54,015,3,5,Clay County                   ,2,2,70455,0,0,0,0,0,0,0,0,0,1,1,25000,0,0,0,0,0,0,0,0,0
201604,54,019,3,5,Fayette County                ,8,8,1032696,0,0,0,0,0,0,0,0,0,1,1,220000,0,0,0,0,0,0,0,0,0
201604,54,037,3,5,Jefferson County              ,47,47,11505075,0,0,0,0,0,0,0,0,0,32,32,7339292,0,0,0,0,0,0,0,0,0
201604,54,081,3,5,Raleigh County                ,14,14,2483097,0,0,0,0,0,0,0,0,0,12,12,2056210,0,0,0,0,0,0,0,0,0
201604,55,025,2,3,Dane County                   ,396,396,119394802,6,12,1950268,2,6,721305,16,902,128594918,335,335,103483994,4,8,1329704,0,0,0,10,709,107357000
201604,55,031,2,3,Douglas County                ,11,11,1954366,0,0,0,0,0,0,0,0,0,11,11,1954366,0,0,0,0,0,0,0,0,0
201604,55,037,2,3,Florence County               ,3,3,469000,0,0,0,0,0,0,0,0,0,3,3,469000,0,0,0,0,0,0,0,0,0
201604,55,049,2,3,Iowa County                   ,14,14,2982000,0,0,0,0,0,0,0,0,0,14,14,2982000,0,0,0,0,0,0,0,0,0
201604,55,059,2,3,Kenosha County                ,55,55,17612774,0,0,0,0,0,0,2,22,1100000,46,46,14512444,0,0,0,0,0,0,2,22,1100000
201604,55,079,2,3,Milwaukee County              ,39,39,10624189,4,8,1047688,0,0,0,12,555,87527654,33,33,9177282,3,6,930000,0,0,0,8,472,75541243
201604,55,089,2,3,Ozaukee County                ,57,57,20802349,0,0,0,0,0,0,15,89,11759756,27,27,7033004,0,0,0,0,0,0,12,72,9099996
201604,55,093,2,3,Pierce County                 ,42,42,8031861,0,0,0,0,0,0,0,0,0,42,42,8031861,0,0,0,0,0,0,0,0,0
201604,55,109,2,3,St. Croix County              ,84,84,18257959,4,8,1026000,1,3,330000,0,0,0,79,79,17033850,4,8,1026000,0,0,0,0,0,0
201604,55,131,2,3,Washington County             ,88,88,23357988,3,6,650000,0,0,0,2,10,750000,57,57,14349150,3,6,650000,0,0,0,0,0,0
201604,56,029,4,8,Park County                   ,44,44,10369537,0,0,0,1,3,335000,1,6,450000,44,44,10369537,0,0,0,1,3,335000,1,6,450000
201604,56,039,4,8,Teton County                  ,53,53,77443646,0,0,0,1,3,116499,1,5,799125,42,42,72195618,0,0,0,0,0,0,1,5,799125
