Survey,FIPS,FIPS,Region,Division,County,,1-unit,,,2-units,,,3-4 units,,,5+ units,,,1-unit rep,,,2-units rep,,,3-4 units rep,,, 5+units rep
Date,State,County,Code,Code,Name,Bldgs,Units,Value,Bldgs,Units,Value,Bldgs,Units,Value,Bldgs,Units,Value,Bldgs,Units,Value,Bldgs,Units,Value,Bldgs,Units,Value,Bldgs,Units,Value
 
201706,01,001,3,6,Autauga County                ,103,103,26457480,0,0,0,0,0,0,0,0,0,103,103,26457480,0,0,0,0,0,0,0,0,0
201706,01,007,3,6,Bibb County                   ,5,5,1373320,0,0,0,0,0,0,0,0,0,2,2,490000,0,0,0,0,0,0,0,0,0
201706,01,009,3,6,Blount County                 ,5,5,1776000,0,0,0,0,0,0,0,0,0,5,5,1776000,0,0,0,0,0,0,0,0,0
201706,01,021,3,6,Chilton County                ,23,23,2798500,0,0,0,0,0,0,0,0,0,23,23,2798500,0,0,0,0,0,0,0,0,0
201706,01,073,3,6,Jefferson County              ,718,718,192028392,1,2,107950,1,4,875000,7,102,12907472,676,676,185086032,1,2,107950,1,4,875000,1,6,650080
201706,01,081,3,6,Lee County                    ,545,545,152571853,11,22,2276025,0,0,0,1,14,1892000,492,492,137247203,10,20,2131775,0,0,0,1,14,1892000
201706,01,083,3,6,Limestone County              ,63,63,12809097,0,0,0,0,0,0,0,0,0,61,61,12603001,0,0,0,0,0,0,0,0,0
201706,01,089,3,6,Madison County                ,1280,1280,190773356,0,0,0,0,0,0,2,72,2029651,1278,1278,190520726,0,0,0,0,0,0,2,72,2029651
201706,01,113,3,6,Russell County                ,64,64,10214375,0,0,0,0,0,0,0,0,0,64,64,10214375,0,0,0,0,0,0,0,0,0
201706,01,115,3,6,St. Clair County              ,91,91,17499197,0,0,0,0,0,0,0,0,0,79,79,15033787,0,0,0,0,0,0,0,0,0
201706,01,117,3,6,Shelby County                 ,568,568,128866735,0,0,0,0,0,0,6,43,2777750,266,266,54843539,0,0,0,0,0,0,0,0,0
201706,01,127,3,6,Walker County                 ,6,6,965000,0,0,0,0,0,0,0,0,0,6,6,965000,0,0,0,0,0,0,0,0,0
201706,02,013,4,9,Aleutians East Borough        ,0,0,0,0,0,0,0,0,0,0,0,0,0,0,0,0,0,0,0,0,0,0,0,0
201706,02,016,4,9,Aleutians West Census Area    ,3,3,294354,0,0,0,0,0,0,0,0,0,0,0,0,0,0,0,0,0,0,0,0,0
201706,02,020,4,9,Anchorage Municipality        ,400,400,125267516,0,0,0,7,22,3825394,9,79,12489549,0,0,0,0,0,0,0,0,0,0,0,0
201706,02,050,4,9,Bethel Census Area            ,8,8,2472104,0,0,0,0,0,0,0,0,0,8,8,2472104,0,0,0,0,0,0,0,0,0
201706,02,060,4,9,Bristol Bay Borough           ,0,0,0,0,0,0,0,0,0,0,0,0,0,0,0,0,0,0,0,0,0,0,0,0
201706,02,070,4,9,Dillingham Census Area        ,1,1,291052,0,0,0,0,0,0,0,0,0,1,1,291052,0,0,0,0,0,0,0,0,0
201706,02,090,4,9,Fairbanks North Star Borough  ,7,7,1850000,0,0,0,0,0,0,0,0,0,7,7,1850000,0,0,0,0,0,0,0,0,0
201706,02,100,4,9,Haines Borough                ,4,4,1112974,0,0,0,0,0,0,0,0,0,0,0,0,0,0,0,0,0,0,0,0,0
201706,02,105,4,9,Hoonah-Angoon Census Area     ,0,0,0,0,0,0,0,0,0,0,0,0,0,0,0,0,0,0,0,0,0,0,0,0
201706,02,110,4,9,Juneau City and Borough       ,28,28,5912156,1,2,391732,0,0,0,0,0,0,28,28,5912156,1,2,391732,0,0,0,0,0,0
201706,02,122,4,9,Kenai Peninsula Borough       ,51,51,8690979,2,4,560465,1,3,300000,0,0,0,36,36,5433178,1,2,310000,1,3,300000,0,0,0
201706,02,130,4,9,Ketchikan Gateway Borough     ,10,10,2893825,3,6,904326,0,0,0,0,0,0,10,10,2893825,3,6,904326,0,0,0,0,0,0
201706,02,150,4,9,Kodiak Island Borough         ,9,9,2473890,3,6,1335593,0,0,0,0,0,0,9,9,2473890,3,6,1335593,0,0,0,0,0,0
201706,02,158,4,9,Kusilvak Census Area          ,0,0,0,0,0,0,0,0,0,0,0,0,0,0,0,0,0,0,0,0,0,0,0,0
201706,02,170,4,9,Matanuska-Susitna Borough     ,19,19,5092472,11,22,3174756,2,8,962608,1,36,3708936,19,19,5092472,11,22,3174756,2,8,962608,1,36,3708936
201706,02,180,4,9,Nome Census Area              ,3,3,387037,0,0,0,0,0,0,0,0,0,0,0,0,0,0,0,0,0,0,0,0,0
201706,02,185,4,9,North Slope Borough           ,4,4,1091324,1,2,358195,0,0,0,0,0,0,0,0,0,0,0,0,0,0,0,0,0,0
201706,02,188,4,9,Northwest Arctic Borough      ,6,6,2610203,0,0,0,0,0,0,0,0,0,5,5,2300000,0,0,0,0,0,0,0,0,0
201706,02,195,4,9,Petersburg Borough            ,7,7,1385000,0,0,0,0,0,0,0,0,0,7,7,1385000,0,0,0,0,0,0,0,0,0
201706,02,198,4,9,Prince of Wales-Hyder Census A,3,3,821600,4,8,1420225,0,0,0,0,0,0,3,3,821600,4,8,1420225,0,0,0,0,0,0
201706,02,220,4,9,Sitka City and Borough        ,8,8,2402129,1,2,724270,0,0,0,0,0,0,0,0,0,0,0,0,0,0,0,0,0,0
201706,02,230,4,9,Skagway Municipality          ,4,4,961500,0,0,0,0,0,0,0,0,0,1,1,263500,0,0,0,0,0,0,0,0,0
201706,02,261,4,9,Valdez-Cordova Census Area    ,15,15,8744980,0,0,0,0,0,0,0,0,0,15,15,8744980,0,0,0,0,0,0,0,0,0
201706,02,275,4,9,Wrangell City and Borough     ,1,1,300000,0,0,0,0,0,0,0,0,0,1,1,300000,0,0,0,0,0,0,0,0,0
201706,02,282,4,9,Yakutat City and Borough      ,2,2,30000,0,0,0,0,0,0,0,0,0,2,2,30000,0,0,0,0,0,0,0,0,0
201706,02,290,4,9,Yukon-Koyukuk Census Area     ,0,0,0,0,0,0,0,0,0,0,0,0,0,0,0,0,0,0,0,0,0,0,0,0
201706,04,013,4,8,Maricopa County               ,8892,8892,2440551976,21,42,6682061,33,129,22604183,172,3944,585291846,8851,8851,2427712081,21,42,6682061,33,129,22604183,172,3944,585291846
201706,04,019,4,8,Pima County                   ,1353,1353,384941736,3,6,1038990,0,0,0,14,120,17711501,597,597,164305634,0,0,0,0,0,0,8,64,9188896
201706,04,021,4,8,Pinal County                  ,1571,1571,312863790,29,58,3485967,1,4,420000,0,0,0,1405,1405,285719588,26,52,3037723,1,4,420000,0,0,0
201706,05,013,3,7,Calhoun County                ,0,0,0,0,0,0,0,0,0,0,0,0,0,0,0,0,0,0,0,0,0,0,0,0
201706,05,035,3,7,Crittenden County             ,23,23,4573701,0,0,0,0,0,0,0,0,0,16,16,3426000,0,0,0,0,0,0,0,0,0
201706,05,045,3,7,Faulkner County               ,124,124,27723484,2,4,295889,0,0,0,3,82,2000000,78,78,17209687,1,2,143000,0,0,0,1,72,1625000
201706,05,053,3,7,Grant County                  ,8,8,1124977,0,0,0,0,0,0,0,0,0,0,0,0,0,0,0,0,0,0,0,0,0
201706,05,085,3,7,Lonoke County                 ,181,181,17621539,2,4,202000,4,12,606100,0,0,0,76,76,8095750,2,4,202000,4,12,606100,0,0,0
201706,05,087,3,7,Madison County                ,1,1,60000,0,0,0,0,0,0,0,0,0,1,1,60000,0,0,0,0,0,0,0,0,0
201706,05,091,3,7,Miller County                 ,14,14,3421797,0,0,0,0,0,0,0,0,0,10,10,2825370,0,0,0,0,0,0,0,0,0
201706,05,105,3,7,Perry County                  ,7,7,1698000,0,0,0,0,0,0,0,0,0,7,7,1698000,0,0,0,0,0,0,0,0,0
201706,05,119,3,7,Pulaski County                ,408,408,91279992,31,62,5927700,0,0,0,13,434,31041667,408,408,91279992,31,62,5927700,0,0,0,13,434,31041667
201706,05,129,3,7,Searcy County                 ,0,0,0,0,0,0,0,0,0,0,0,0,0,0,0,0,0,0,0,0,0,0,0,0
201706,05,143,3,7,Washington County             ,669,669,157672786,1,2,357000,0,0,0,0,0,0,607,607,150032483,1,2,357000,0,0,0,0,0,0
201706,06,001,4,9,Alameda County                ,1357,1357,449566821,10,20,5898717,19,69,16028703,93,3188,482800173,1172,1172,392806924,10,20,5898717,17,63,14315281,74,3006,446648746
201706,06,013,4,9,Contra Costa County           ,889,889,296953452,4,8,1484675,6,19,4184917,7,195,38322714,809,809,274284530,4,8,1484675,5,15,3996565,2,128,29255234
201706,06,017,4,9,El Dorado County              ,473,473,183824455,1,2,150000,0,0,0,0,0,0,465,465,182295304,1,2,150000,0,0,0,0,0,0
201706,06,019,4,9,Fresno County                 ,626,626,178563689,2,4,613229,0,0,0,39,306,31217069,596,596,174179313,2,4,613229,0,0,0,39,306,31217069
201706,06,037,4,9,Los Angeles County            ,3063,3063,1274704035,242,484,97890141,23,76,12595343,184,7262,1502978019,2807,2807,1174083502,238,476,96528537,17,58,10931414,156,6923,1448419009
201706,06,041,4,9,Marin County                  ,49,49,34672400,0,0,0,0,0,0,0,0,0,40,40,26121892,0,0,0,0,0,0,0,0,0
201706,06,059,4,9,Orange County                 ,2508,2508,793827864,55,110,27084085,59,191,40328907,58,1798,281753920,2268,2268,698587468,44,88,20217299,59,191,40328907,53,1607,261246669
201706,06,061,4,9,Placer County                 ,1387,1387,414629708,9,18,2575375,0,0,0,32,486,51882258,1387,1387,414629708,9,18,2575375,0,0,0,32,486,51882258
201706,06,063,4,9,Plumas County                 ,17,17,4358778,0,0,0,0,0,0,0,0,0,17,17,4358778,0,0,0,0,0,0,0,0,0
201706,06,067,4,9,Sacramento County             ,1462,1462,394788488,9,18,2584822,0,0,0,31,840,138508211,1451,1451,392196105,9,18,2584822,0,0,0,31,840,138508211
201706,06,069,4,9,San Benito County             ,285,285,72158095,1,2,323509,0,0,0,0,0,0,272,272,68695088,1,2,323509,0,0,0,0,0,0
201706,06,071,4,9,San Bernardino County         ,2470,2470,585755964,29,58,10345000,4,15,2194083,56,1401,167499897,2374,2374,564295792,29,58,10345000,4,15,2194083,53,1382,165281165
201706,06,073,4,9,San Diego County              ,1722,1722,613653687,29,58,12437979,80,271,45588697,99,2801,458761467,1709,1709,609587766,29,58,12437979,80,271,45588697,95,2770,443974511
201706,06,075,4,9,San Francisco County          ,23,23,6296762,8,16,4075554,6,19,5244224,18,1429,707705000,23,23,6296762,8,16,4075554,6,19,5244224,18,1429,707705000
201706,06,081,4,9,San Mateo County              ,217,217,168484446,5,10,2408960,1,3,627840,23,568,97724428,113,113,110982246,4,8,1758960,0,0,0,4,275,49535866
201706,06,085,4,9,Santa Clara County            ,924,924,326159057,4,8,615678,11,36,9818677,96,3357,601396231,896,896,312123410,3,6,388370,10,32,8886430,95,3346,598843027
201706,06,091,4,9,Sierra County                 ,1,1,156280,0,0,0,0,0,0,0,0,0,1,1,156280,0,0,0,0,0,0,0,0,0
201706,06,113,4,9,Yolo County                   ,201,201,59659118,5,10,1679204,0,0,0,19,162,20218511,201,201,59659118,5,10,1679204,0,0,0,19,162,20218511
201706,08,001,4,8,Adams County                  ,926,926,272647932,5,10,1276740,8,31,3114903,5,67,7985033,820,820,242149147,5,10,1276740,7,28,2816028,2,11,949701
201706,08,005,4,8,Arapahoe County               ,1239,1239,291751708,12,24,2228901,6,19,2705240,6,218,29959939,1225,1225,286926373,12,24,2228901,6,19,2705240,6,218,29959939
201706,08,014,4,8,Broomfield County             ,208,208,61900919,0,0,0,0,0,0,0,0,0,208,208,61900919,0,0,0,0,0,0,0,0,0
201706,08,015,4,8,Chaffee County                ,66,66,17490027,3,6,971886,2,6,1099400,0,0,0,0,0,0,0,0,0,0,0,0,0,0,0
201706,08,019,4,8,Clear Creek County            ,10,10,3169063,0,0,0,0,0,0,1,10,1454170,9,9,2895531,0,0,0,0,0,0,1,10,1454170
201706,08,031,4,8,Denver County                 ,1117,1117,246636440,66,132,26305516,0,0,0,39,5299,660441909,1117,1117,246636440,66,132,26305516,0,0,0,39,5299,660441909
201706,08,035,4,8,Douglas County                ,1118,1118,352411900,0,0,0,1,3,518902,44,901,125273328,1076,1076,335589852,0,0,0,0,0,0,44,901,125273328
201706,08,039,4,8,Elbert County                 ,79,79,24211979,0,0,0,0,0,0,0,0,0,79,79,24211979,0,0,0,0,0,0,0,0,0
201706,08,041,4,8,El Paso County                ,1918,1918,762892802,1,2,243928,1,3,200000,15,292,40844020,1916,1916,762508516,1,2,243928,1,3,200000,15,292,40844020
201706,08,047,4,8,Gilpin County                 ,18,18,5105068,0,0,0,0,0,0,0,0,0,18,18,5105068,0,0,0,0,0,0,0,0,0
201706,08,069,4,8,Larimer County                ,1237,1237,301297369,9,18,2016727,1,4,997798,14,215,36088579,1237,1237,301297369,9,18,2016727,1,4,997798,14,215,36088579
201706,08,077,4,8,Mesa County                   ,321,321,84053694,5,10,1652964,1,4,555397,1,72,10204992,321,321,84053694,5,10,1652964,1,4,555397,1,72,10204992
201706,08,093,4,8,Park County                   ,68,68,14219626,0,0,0,0,0,0,0,0,0,67,67,14014280,0,0,0,0,0,0,0,0,0
201706,08,101,4,8,Pueblo County                 ,171,171,29544617,3,6,823241,0,0,0,2,10,1413226,96,96,16627916,1,2,319017,0,0,0,0,0,0
201706,08,119,4,8,Teller County                 ,43,43,11303296,0,0,0,0,0,0,0,0,0,43,43,11303296,0,0,0,0,0,0,0,0,0
201706,09,001,1,1,Fairfield County              ,349,349,203962865,10,20,3349165,3,9,950000,3,191,32678021,242,242,110778819,10,20,3349165,3,9,950000,3,191,32678021
201706,09,003,1,1,Hartford County               ,220,220,47358578,5,10,1328580,2,7,654490,16,135,17299830,196,196,42634724,5,10,1328580,1,4,320002,10,105,15839244
201706,09,007,1,1,Middlesex County              ,72,72,18089273,0,0,0,0,0,0,4,73,5966482,69,69,17529601,0,0,0,0,0,0,4,73,5966482
201706,09,013,1,1,Tolland County                ,78,78,17667874,3,6,582000,0,0,0,8,68,6379024,52,52,11846935,3,6,582000,0,0,0,2,32,2400000
201706,10,001,3,5,Kent County                   ,549,549,87668362,3,6,628457,4,16,1935900,16,164,12086559,546,546,87064082,3,6,628457,4,16,1935900,16,164,12086559
201706,10,003,3,5,New Castle County             ,711,711,64176005,1,2,85000,1,3,552330,25,393,18399881,293,293,29197747,1,2,85000,1,3,552330,13,290,12627302
201706,10,005,3,5,Sussex County                 ,1286,1286,183333479,54,108,10904118,14,48,5831851,16,95,7264006,1286,1286,183333479,54,108,10904118,14,48,5831851,16,95,7264006
201706,11,001,3,5,Washington  DC                ,171,171,39170248,10,20,2142684,2,8,976484,29,1795,189297561,171,171,39170248,10,20,2142684,2,8,976484,29,1795,189297561
201706,12,003,3,5,Baker County                  ,56,56,10225883,0,0,0,0,0,0,0,0,0,49,49,9007009,0,0,0,0,0,0,0,0,0
201706,12,019,3,5,Clay County                   ,510,510,103104594,0,0,0,1,3,530000,2,64,4332000,510,510,103104594,0,0,0,1,3,530000,2,64,4332000
201706,12,029,3,5,Dixie County                  ,16,16,2021174,0,0,0,0,0,0,0,0,0,0,0,0,0,0,0,0,0,0,0,0,0
201706,12,031,3,5,Duval County                  ,1621,1621,390349632,12,24,2591328,0,0,0,36,1584,166200570,1564,1564,372679165,12,24,2591328,0,0,0,36,1584,166200570
201706,12,033,3,5,Escambia County               ,524,524,120200993,0,0,0,0,0,0,1,5,910000,524,524,120200993,0,0,0,0,0,0,1,5,910000
201706,12,053,3,5,Hernando County               ,428,428,81465909,0,0,0,0,0,0,3,104,8196395,428,428,81465909,0,0,0,0,0,0,3,104,8196395
201706,12,057,3,5,Hillsborough County           ,3896,3896,1225475019,4,8,770273,0,0,0,43,2510,287560437,3896,3896,1225475019,4,8,770273,0,0,0,43,2510,287560437
201706,12,067,3,5,Lafayette County              ,3,3,490000,0,0,0,0,0,0,0,0,0,3,3,490000,0,0,0,0,0,0,0,0,0
201706,12,071,3,5,Lee County                    ,2390,2390,562570835,80,160,19958270,25,99,18181080,53,1179,124895756,2390,2390,562570835,80,160,19958270,25,99,18181080,53,1179,124895756
201706,12,073,3,5,Leon County                   ,350,350,69857736,2,4,630000,1,3,525000,9,175,13207585,43,43,9882500,0,0,0,0,0,0,0,0,0
201706,12,081,3,5,Manatee County                ,1481,1481,320213157,2,4,476500,10,40,4976240,14,225,24927312,1469,1469,315896716,2,4,476500,10,40,4976240,14,225,24927312
201706,12,086,3,5,Miami-Dade County             ,1397,1397,454991362,43,86,14691354,3,9,1017954,63,4756,976184867,1273,1273,405841366,43,86,14691354,2,6,735962,52,4669,919551859
201706,12,089,3,5,Nassau County                 ,554,554,154448811,0,0,0,0,0,0,1,6,1333744,549,549,153806070,0,0,0,0,0,0,1,6,1333744
201706,12,091,3,5,Okaloosa County               ,404,404,124133734,1,2,411880,0,0,0,6,293,33015414,376,376,118420161,1,2,411880,0,0,0,5,288,31811710
201706,12,095,3,5,Orange County                 ,3494,3494,966235841,48,96,17382756,15,45,8121980,40,1152,155830601,3494,3494,966235841,48,96,17382756,15,45,8121980,40,1152,155830601
201706,12,097,3,5,Osceola County                ,2030,2030,560304185,4,8,304127,5,20,3224742,12,391,19045672,2030,2030,560304185,4,8,304127,5,20,3224742,12,391,19045672
201706,12,101,3,5,Pasco County                  ,1989,1989,398980477,6,12,1383859,0,0,0,14,108,8205626,1981,1981,397786501,3,6,543859,0,0,0,12,98,7343126
201706,12,103,3,5,Pinellas County               ,471,471,118171782,7,14,1858801,3,10,1883861,12,484,51181403,460,460,112608385,7,14,1858801,3,10,1883861,11,479,48901403
201706,12,109,3,5,St. Johns County              ,2377,2377,562802361,0,0,0,9,36,6850862,1,6,1143641,2367,2367,560210069,0,0,0,9,36,6850862,1,6,1143641
201706,12,113,3,5,Santa Rosa County             ,739,739,119365455,0,0,0,0,0,0,0,0,0,739,739,119365455,0,0,0,0,0,0,0,0,0
201706,12,115,3,5,Sarasota County               ,1554,1554,442203627,9,18,3633349,9,36,8199500,24,625,86805020,1543,1543,436397630,9,18,3633349,9,36,8199500,23,605,83632274
201706,12,117,3,5,Seminole County               ,501,501,168154274,15,30,2109296,0,0,0,22,657,78379683,494,494,165965052,15,30,2109296,0,0,0,21,610,75331362
201706,12,119,3,5,Sumter County                 ,729,729,195127506,0,0,0,0,0,0,0,0,0,729,729,195127506,0,0,0,0,0,0,0,0,0
201706,12,129,3,5,Wakulla County                ,131,131,20243238,0,0,0,0,0,0,0,0,0,131,131,20243238,0,0,0,0,0,0,0,0,0
201706,12,131,3,5,Walton County                 ,632,632,298669118,0,0,0,26,79,13898487,1,14,13164621,632,632,298669118,0,0,0,26,79,13898487,1,14,13164621
201706,12,133,3,5,Washington County             ,22,22,2807461,0,0,0,0,0,0,0,0,0,9,9,872205,0,0,0,0,0,0,0,0,0
201706,13,007,3,5,Baker County                  ,0,0,0,0,0,0,0,0,0,0,0,0,0,0,0,0,0,0,0,0,0,0,0,0
201706,13,013,3,5,Barrow County                 ,221,221,30742389,0,0,0,0,0,0,0,0,0,117,117,16978852,0,0,0,0,0,0,0,0,0
201706,13,015,3,5,Bartow County                 ,287,287,35488440,1,2,144000,0,0,0,0,0,0,222,222,22629565,1,2,144000,0,0,0,0,0,0
201706,13,021,3,5,Bibb County                   ,50,50,8535371,0,0,0,0,0,0,0,0,0,50,50,8535371,0,0,0,0,0,0,0,0,0
201706,13,029,3,5,Bryan County                  ,272,272,60074194,0,0,0,0,0,0,0,0,0,172,172,37811211,0,0,0,0,0,0,0,0,0
201706,13,033,3,5,Burke County                  ,28,28,4950489,0,0,0,0,0,0,0,0,0,0,0,0,0,0,0,0,0,0,0,0,0
201706,13,035,3,5,Butts County                  ,37,37,6092000,0,0,0,0,0,0,0,0,0,37,37,6092000,0,0,0,0,0,0,0,0,0
201706,13,045,3,5,Carroll County                ,141,141,32548287,0,0,0,0,0,0,0,0,0,141,141,32548287,0,0,0,0,0,0,0,0,0
201706,13,051,3,5,Chatham County                ,484,484,106698342,0,0,0,0,0,0,0,0,0,483,483,106472674,0,0,0,0,0,0,0,0,0
201706,13,057,3,5,Cherokee County               ,1270,1270,363067919,0,0,0,0,0,0,0,0,0,1270,1270,363067919,0,0,0,0,0,0,0,0,0
201706,13,059,3,5,Clarke County                 ,108,108,18170898,0,0,0,0,0,0,5,108,8299348,108,108,18170898,0,0,0,0,0,0,5,108,8299348
201706,13,063,3,5,Clayton County                ,288,288,66124345,0,0,0,0,0,0,0,0,0,288,288,66124345,0,0,0,0,0,0,0,0,0
201706,13,067,3,5,Cobb County                   ,795,795,222832894,7,14,2522618,8,30,5956426,50,304,39588689,781,781,220160384,7,14,2522618,8,30,5956426,50,304,39588689
201706,13,073,3,5,Columbia County               ,797,797,140442924,0,0,0,8,32,1722400,6,32,1797600,82,82,12518223,0,0,0,8,32,1722400,6,32,1797600
201706,13,077,3,5,Coweta County                 ,465,465,154175433,2,4,1066814,0,0,0,0,0,0,412,412,139462129,2,4,1066814,0,0,0,0,0,0
201706,13,085,3,5,Dawson County                 ,146,146,29455584,0,0,0,0,0,0,0,0,0,142,142,29068351,0,0,0,0,0,0,0,0,0
201706,13,095,3,5,Dougherty County              ,15,15,2079438,0,0,0,0,0,0,0,0,0,15,15,2079438,0,0,0,0,0,0,0,0,0
201706,13,097,3,5,Douglas County                ,190,190,34853597,0,0,0,0,0,0,0,0,0,190,190,34853597,0,0,0,0,0,0,0,0,0
201706,13,111,3,5,Fannin County                 ,143,143,28551906,0,0,0,0,0,0,0,0,0,143,143,28551906,0,0,0,0,0,0,0,0,0
201706,13,113,3,5,Fayette County                ,236,236,70007817,0,0,0,0,0,0,0,0,0,213,213,61965859,0,0,0,0,0,0,0,0,0
201706,13,115,3,5,Floyd County                  ,94,94,15351142,0,0,0,0,0,0,0,0,0,94,94,15351142,0,0,0,0,0,0,0,0,0
201706,13,117,3,5,Forsyth County                ,1352,1352,191179660,0,0,0,0,0,0,2,48,2253540,1352,1352,191179660,0,0,0,0,0,0,2,48,2253540
201706,13,121,3,5,Fulton County                 ,1897,1897,501756066,1,2,300000,0,0,0,20,3287,426757724,1709,1709,458293107,1,2,300000,0,0,0,19,3282,426735493
201706,13,127,3,5,Glynn County                  ,285,285,80816697,0,0,0,0,0,0,0,0,0,0,0,0,0,0,0,0,0,0,0,0,0
201706,13,135,3,5,Gwinnett County               ,2063,2063,481709710,0,0,0,0,0,0,1,6,858210,2025,2025,471415391,0,0,0,0,0,0,1,6,858210
201706,13,143,3,5,Haralson County               ,27,27,6201657,0,0,0,0,0,0,0,0,0,15,15,3468689,0,0,0,0,0,0,0,0,0
201706,13,145,3,5,Harris County                 ,85,85,20867495,0,0,0,0,0,0,0,0,0,85,85,20867495,0,0,0,0,0,0,0,0,0
201706,13,149,3,5,Heard County                  ,9,9,2054801,0,0,0,0,0,0,0,0,0,9,9,2054801,0,0,0,0,0,0,0,0,0
201706,13,151,3,5,Henry County                  ,816,816,149666288,0,0,0,0,0,0,0,0,0,816,816,149666288,0,0,0,0,0,0,0,0,0
201706,13,159,3,5,Jasper County                 ,35,35,4689090,0,0,0,0,0,0,0,0,0,0,0,0,0,0,0,0,0,0,0,0,0
201706,13,171,3,5,Lamar County                  ,17,17,2161153,0,0,0,0,0,0,0,0,0,17,17,2161153,0,0,0,0,0,0,0,0,0
201706,13,177,3,5,Lee County                    ,51,51,7661168,0,0,0,0,0,0,0,0,0,51,51,7661168,0,0,0,0,0,0,0,0,0
201706,13,179,3,5,Liberty County                ,175,175,41949261,1,2,109120,2,8,323600,7,52,2166680,175,175,41949261,1,2,109120,2,8,323600,7,52,2166680
201706,13,189,3,5,McDuffie County               ,15,15,2914000,0,0,0,0,0,0,0,0,0,15,15,2914000,0,0,0,0,0,0,0,0,0
201706,13,199,3,5,Meriwether County             ,14,14,3227276,0,0,0,0,0,0,0,0,0,14,14,3227276,0,0,0,0,0,0,0,0,0
201706,13,201,3,5,Miller County                 ,4,4,190000,0,0,0,0,0,0,0,0,0,4,4,190000,0,0,0,0,0,0,0,0,0
201706,13,207,3,5,Monroe County                 ,69,69,14646450,0,0,0,0,0,0,0,0,0,58,58,12205500,0,0,0,0,0,0,0,0,0
201706,13,215,3,5,Muscogee County               ,169,169,33488138,0,0,0,2,6,369280,7,86,11380851,0,0,0,0,0,0,0,0,0,0,0,0
201706,13,217,3,5,Newton County                 ,291,291,66701706,0,0,0,0,0,0,0,0,0,291,291,66701706,0,0,0,0,0,0,0,0,0
201706,13,227,3,5,Pickens County                ,62,62,13320991,0,0,0,0,0,0,0,0,0,60,60,13099741,0,0,0,0,0,0,0,0,0
201706,13,231,3,5,Pike County                   ,37,37,7389733,0,0,0,0,0,0,0,0,0,29,29,5986000,0,0,0,0,0,0,0,0,0
201706,13,235,3,5,Pulaski County                ,9,9,979000,0,0,0,0,0,0,0,0,0,9,9,979000,0,0,0,0,0,0,0,0,0
201706,13,245,3,5,Richmond County               ,226,226,38793189,1,2,180000,0,0,0,6,123,5894371,11,11,1625000,0,0,0,0,0,0,0,0,0
201706,13,247,3,5,Rockdale County               ,139,139,32175042,0,0,0,1,4,722510,1,8,1445020,139,139,32175042,0,0,0,1,4,722510,1,8,1445020
201706,13,255,3,5,Spalding County               ,135,135,16776669,0,0,0,0,0,0,0,0,0,134,134,16698219,0,0,0,0,0,0,0,0,0
201706,13,275,3,5,Thomas County                 ,36,36,6717618,0,0,0,0,0,0,2,15,1683491,34,34,6331492,0,0,0,0,0,0,0,0,0
201706,13,291,3,5,Union County                  ,93,93,24032579,0,0,0,0,0,0,0,0,0,93,93,24032579,0,0,0,0,0,0,0,0,0
201706,15,001,4,9,Hawaii County                 ,388,388,127967747,3,6,460320,0,0,0,10,80,10260000,388,388,127967747,3,6,460320,0,0,0,10,80,10260000
201706,15,003,4,9,Honolulu County               ,579,579,172732381,0,0,0,0,0,0,0,0,0,579,579,172732381,0,0,0,0,0,0,0,0,0
201706,15,007,4,9,Kauai County                  ,112,112,53443072,5,10,4042341,0,0,0,0,0,0,112,112,53443072,5,10,4042341,0,0,0,0,0,0
201706,15,009,4,9,Maui County                   ,307,307,97536209,4,8,1433162,3,12,2842857,29,244,37960736,307,307,97536209,4,8,1433162,3,12,2842857,29,244,37960736
201706,16,001,4,8,Ada County                    ,2073,2073,545710488,5,10,1980997,44,176,14669031,29,435,50941445,2016,2016,534015486,5,10,1980997,44,176,14669031,29,435,50941445
201706,16,015,4,8,Boise County                  ,25,25,2768324,0,0,0,0,0,0,0,0,0,25,25,2768324,0,0,0,0,0,0,0,0,0
201706,16,027,4,8,Canyon County                 ,792,792,130337133,1,2,102253,11,44,2897000,4,48,3595000,776,776,127302826,1,2,102253,11,44,2897000,4,48,3595000
201706,16,045,4,8,Gem County                    ,29,29,3964324,0,0,0,0,0,0,3,15,895308,22,22,3136434,0,0,0,0,0,0,0,0,0
201706,16,073,4,8,Owyhee County                 ,9,9,1622371,0,0,0,0,0,0,0,0,0,9,9,1622371,0,0,0,0,0,0,0,0,0
201706,17,005,2,3,Bond County                   ,5,5,1009832,0,0,0,0,0,0,0,0,0,1,1,305000,0,0,0,0,0,0,0,0,0
201706,17,013,2,3,Calhoun County                ,4,4,595000,0,0,0,0,0,0,0,0,0,4,4,595000,0,0,0,0,0,0,0,0,0
201706,17,031,2,3,Cook County                   ,790,790,269763382,17,34,6095614,80,263,57982406,90,5330,588561642,647,647,225482609,17,34,6095614,77,254,56639780,84,5295,583373208
201706,17,037,2,3,DeKalb County                 ,46,46,10132300,0,0,0,1,4,658000,0,0,0,46,46,10132300,0,0,0,1,4,658000,0,0,0
201706,17,039,2,3,De Witt County                ,10,10,2139704,0,0,0,0,0,0,0,0,0,10,10,2139704,0,0,0,0,0,0,0,0,0
201706,17,043,2,3,DuPage County                 ,509,509,190639452,8,16,2264858,12,44,6257822,12,195,49830538,477,477,178101709,8,16,2264858,12,44,6257822,9,118,48004121
201706,17,063,2,3,Grundy County                 ,39,39,9793547,0,0,0,0,0,0,10,63,3230766,32,32,8669704,0,0,0,0,0,0,0,0,0
201706,17,083,2,3,Jersey County                 ,15,15,2334994,0,0,0,0,0,0,0,0,0,6,6,933347,0,0,0,0,0,0,0,0,0
201706,17,093,2,3,Kendall County                ,112,112,24771917,0,0,0,0,0,0,1,51,9607940,88,88,19627062,0,0,0,0,0,0,1,51,9607940
201706,17,097,2,3,Lake County                   ,290,290,97399833,4,8,994235,1,3,271117,8,314,53193126,157,157,39855777,1,2,744236,1,3,271117,2,266,40473557
201706,17,111,2,3,McHenry County                ,171,171,31235715,1,2,300000,6,21,2290000,0,0,0,144,144,28410911,1,2,300000,6,21,2290000,0,0,0
201706,17,119,2,3,Madison County                ,227,227,57342505,1,2,240000,0,0,0,2,10,1347540,221,221,56131887,1,2,240000,0,0,0,0,0,0
201706,17,133,2,3,Monroe County                 ,80,80,20915832,0,0,0,0,0,0,0,0,0,80,80,20915832,0,0,0,0,0,0,0,0,0
201706,17,197,2,3,Will County                   ,574,574,147342819,2,4,512000,2,8,820000,3,16,3250000,501,501,133162857,2,4,512000,2,8,820000,0,0,0
201706,18,003,2,3,Allen County                  ,524,524,132499190,13,26,2079416,0,0,0,13,341,35439000,524,524,132499190,13,26,2079416,0,0,0,13,341,35439000
201706,18,011,2,3,Boone County                  ,185,185,68084693,21,42,14881800,0,0,0,7,68,10219000,185,185,68084693,21,42,14881800,0,0,0,7,68,10219000
201706,18,013,2,3,Brown County                  ,31,31,7679411,0,0,0,0,0,0,0,0,0,31,31,7679411,0,0,0,0,0,0,0,0,0
201706,18,019,2,3,Clark County                  ,276,276,55972906,0,0,0,0,0,0,0,0,0,257,257,53318962,0,0,0,0,0,0,0,0,0
201706,18,047,2,3,Franklin County               ,30,30,7504000,0,0,0,0,0,0,0,0,0,30,30,7504000,0,0,0,0,0,0,0,0,0
201706,18,057,2,3,Hamilton County               ,1060,1060,348702681,3,6,862387,4,14,1741784,13,146,10163513,949,949,318858085,1,2,370000,2,7,931900,11,132,8560980
201706,18,059,2,3,Hancock County                ,234,234,49670156,1,2,50000,0,0,0,0,0,0,234,234,49670156,1,2,50000,0,0,0,0,0,0
201706,18,061,2,3,Harrison County               ,59,59,11522300,0,0,0,0,0,0,0,0,0,59,59,11522300,0,0,0,0,0,0,0,0,0
201706,18,063,2,3,Hendricks County              ,637,637,134418521,2,4,274546,0,0,0,0,0,0,602,602,126962677,0,0,0,0,0,0,0,0,0
201706,18,069,2,3,Huntington County             ,21,21,4082153,0,0,0,0,0,0,1,6,150000,21,21,4082153,0,0,0,0,0,0,1,6,150000
201706,18,073,2,3,Jasper County                 ,47,47,11180931,0,0,0,0,0,0,0,0,0,47,47,11180931,0,0,0,0,0,0,0,0,0
201706,18,081,2,3,Johnson County                ,432,432,104194490,2,4,1107000,1,3,325270,0,0,0,395,395,98506606,2,4,1107000,1,3,325270,0,0,0
201706,18,087,2,3,Lagrange County               ,70,70,11667628,0,0,0,0,0,0,0,0,0,66,66,11176649,0,0,0,0,0,0,0,0,0
201706,18,089,2,3,Lake County                   ,627,627,144604507,6,12,1039800,5,16,2852428,1,9,1229000,592,592,138218260,6,12,1039800,4,12,2384000,1,9,1229000
201706,18,097,2,3,Marion County                 ,504,504,128400848,4,8,1271996,1,3,650000,4,476,81000000,494,494,126514663,4,8,1271996,1,3,650000,4,476,81000000
201706,18,105,2,3,Monroe County                 ,136,136,34454333,12,24,2840550,0,0,0,4,243,28116274,93,93,23872171,11,22,2602364,0,0,0,2,212,24607878
201706,18,109,2,3,Morgan County                 ,70,70,15786002,0,0,0,0,0,0,0,0,0,70,70,15786002,0,0,0,0,0,0,0,0,0
201706,18,111,2,3,Newton County                 ,9,9,1769915,0,0,0,0,0,0,0,0,0,0,0,0,0,0,0,0,0,0,0,0,0
201706,18,115,2,3,Ohio County                   ,7,7,888000,0,0,0,0,0,0,0,0,0,7,7,888000,0,0,0,0,0,0,0,0,0
201706,18,119,2,3,Owen County                   ,26,26,4746924,0,0,0,0,0,0,0,0,0,22,22,4055007,0,0,0,0,0,0,0,0,0
201706,18,127,2,3,Porter County                 ,244,244,65121975,3,6,615000,0,0,0,8,119,13463278,210,210,59547920,3,6,615000,0,0,0,8,119,13463278
201706,18,133,2,3,Putnam County                 ,48,48,10503984,4,8,762296,0,0,0,0,0,0,48,48,10503984,4,8,762296,0,0,0,0,0,0
201706,18,145,2,3,Shelby County                 ,34,34,6141749,0,0,0,0,0,0,8,64,3008216,34,34,6141749,0,0,0,0,0,0,8,64,3008216
201706,18,151,2,3,Steuben County                ,66,66,17509875,3,6,720000,0,0,0,0,0,0,66,66,17509875,3,6,720000,0,0,0,0,0,0
201706,18,157,2,3,Tippecanoe County             ,261,261,62280460,7,14,2520000,0,0,0,2,362,48600000,225,225,57800138,0,0,0,0,0,0,2,362,48600000
201706,18,163,2,3,Vanderburgh County            ,156,156,28727524,4,8,595000,0,0,0,0,0,0,156,156,28727524,4,8,595000,0,0,0,0,0,0
201706,18,167,2,3,Vigo County                   ,15,15,2173840,9,18,1044727,0,0,0,2,84,4471749,12,12,1774000,8,16,872000,0,0,0,1,48,2200000
201706,18,175,2,3,Washington County             ,19,19,2871448,0,0,0,0,0,0,0,0,0,0,0,0,0,0,0,0,0,0,0,0,0
201706,18,183,2,3,Whitley County                ,74,74,16487627,0,0,0,0,0,0,0,0,0,74,74,16487627,0,0,0,0,0,0,0,0,0
201706,19,049,2,4,Dallas County                 ,342,342,91177028,2,4,628362,0,0,0,14,307,43207769,340,340,90654220,2,4,628362,0,0,0,9,282,40905139
201706,19,085,2,4,Harrison County               ,25,25,4900000,1,2,126000,1,3,500000,0,0,0,22,22,4630000,1,2,126000,0,0,0,0,0,0
201706,19,129,2,4,Mills County                  ,4,4,1190666,0,0,0,0,0,0,0,0,0,0,0,0,0,0,0,0,0,0,0,0,0
201706,19,153,2,4,Polk County                   ,1276,1276,322427452,2,4,791934,1,4,773684,19,827,95841721,1276,1276,322427452,2,4,791934,1,4,773684,19,827,95841721
201706,19,181,2,4,Warren County                 ,197,197,50244264,3,6,819800,1,3,375900,0,0,0,187,187,47796944,3,6,819800,1,3,375900,0,0,0
201706,20,091,2,4,Johnson County                ,1012,1012,325098387,0,0,0,11,42,6378947,34,670,88681664,661,661,207154359,0,0,0,9,36,5525000,25,510,68564671
201706,20,103,2,4,Leavenworth County            ,121,121,24207830,0,0,0,0,0,0,0,0,0,121,121,24207830,0,0,0,0,0,0,0,0,0
201706,20,107,2,4,Linn County                   ,24,24,2378543,0,0,0,0,0,0,0,0,0,22,22,2130900,0,0,0,0,0,0,0,0,0
201706,20,121,2,4,Miami County                  ,55,55,13793175,0,0,0,0,0,0,0,0,0,15,15,2346190,0,0,0,0,0,0,0,0,0
201706,20,209,2,4,Wyandotte County              ,216,216,32998775,13,26,2563778,0,0,0,0,0,0,216,216,32998775,13,26,2563778,0,0,0,0,0,0
201706,21,005,3,6,Anderson County               ,36,36,7627131,0,0,0,0,0,0,0,0,0,36,36,7627131,0,0,0,0,0,0,0,0,0
201706,21,015,3,6,Boone County                  ,217,217,38325122,4,8,468000,1,4,525975,7,74,5301386,217,217,38325122,4,8,468000,1,4,525975,7,74,5301386
201706,21,017,3,6,Bourbon County                ,21,21,6000022,3,6,347500,0,0,0,0,0,0,18,18,5277943,2,4,185000,0,0,0,0,0,0
201706,21,021,3,6,Boyle County                  ,19,19,4250452,2,4,350000,0,0,0,0,0,0,19,19,4250452,2,4,350000,0,0,0,0,0,0
201706,21,029,3,6,Bullitt County                ,226,226,47745051,1,2,320000,1,3,700000,1,5,935000,226,226,47745051,1,2,320000,1,3,700000,1,5,935000
201706,21,035,3,6,Calloway County               ,11,11,2374255,3,6,415000,11,40,1868000,2,13,1195000,11,11,2374255,3,6,415000,11,40,1868000,2,13,1195000
201706,21,037,3,6,Campbell County               ,99,99,23755700,0,0,0,2,8,864000,2,20,1493421,96,96,22377700,0,0,0,2,8,864000,2,20,1493421
201706,21,045,3,6,Casey County                  ,0,0,0,0,0,0,0,0,0,0,0,0,0,0,0,0,0,0,0,0,0,0,0,0
201706,21,047,3,6,Christian County              ,32,32,3664100,2,4,240800,0,0,0,2,14,500000,19,19,2738500,2,4,240800,0,0,0,2,14,500000
201706,21,049,3,6,Clark County                  ,21,21,4401170,0,0,0,0,0,0,3,16,1108000,1,1,242000,0,0,0,0,0,0,0,0,0
201706,21,067,3,6,Fayette County                ,390,390,61754882,2,4,409778,2,6,840000,9,287,19480446,0,0,0,0,0,0,0,0,0,0,0,0
201706,21,069,3,6,Fleming County                ,0,0,0,0,0,0,0,0,0,0,0,0,0,0,0,0,0,0,0,0,0,0,0,0
201706,21,077,3,6,Gallatin County               ,5,5,921150,0,0,0,0,0,0,0,0,0,5,5,921150,0,0,0,0,0,0,0,0,0
201706,21,081,3,6,Grant County                  ,30,30,4366494,0,0,0,0,0,0,0,0,0,27,27,3825000,0,0,0,0,0,0,0,0,0
201706,21,091,3,6,Hancock County                ,2,2,398421,0,0,0,0,0,0,0,0,0,2,2,398421,0,0,0,0,0,0,0,0,0
201706,21,099,3,6,Hart County                   ,27,27,2625750,0,0,0,0,0,0,6,30,3406428,0,0,0,0,0,0,0,0,0,0,0,0
201706,21,101,3,6,Henderson County              ,15,15,3880381,0,0,0,0,0,0,0,0,0,13,13,3408368,0,0,0,0,0,0,0,0,0
201706,21,103,3,6,Henry County                  ,16,16,2741476,0,0,0,0,0,0,0,0,0,0,0,0,0,0,0,0,0,0,0,0,0
201706,21,111,3,6,Jefferson County              ,604,604,159959134,4,8,830173,2,7,194884,48,1486,123763671,497,497,137251576,3,6,621000,0,0,0,44,1417,118134502
201706,21,113,3,6,Jessamine County              ,125,125,32633244,0,0,0,3,12,1500000,0,0,0,118,118,29690778,0,0,0,3,12,1500000,0,0,0
201706,21,115,3,6,Johnson County                ,0,0,0,0,0,0,1,3,430780,0,0,0,0,0,0,0,0,0,1,3,430780,0,0,0
201706,21,117,3,6,Kenton County                 ,156,156,37803819,0,0,0,1,4,466682,4,28,3266776,155,155,37721041,0,0,0,1,4,466682,4,28,3266776
201706,21,121,3,6,Knox County                   ,0,0,0,0,0,0,0,0,0,0,0,0,0,0,0,0,0,0,0,0,0,0,0,0
201706,21,123,3,6,Larue County                  ,15,15,3441576,1,2,213550,0,0,0,0,0,0,15,15,3441576,1,2,213550,0,0,0,0,0,0
201706,21,137,3,6,Lincoln County                ,12,12,2370588,0,0,0,0,0,0,0,0,0,12,12,2370588,0,0,0,0,0,0,0,0,0
201706,21,145,3,6,McCracken County              ,74,74,14397581,0,0,0,1,4,717400,1,8,755384,74,74,14397581,0,0,0,1,4,717400,1,8,755384
201706,21,151,3,6,Madison County                ,94,94,9334869,7,14,790972,0,0,0,5,26,876574,27,27,3535000,0,0,0,0,0,0,0,0,0
201706,21,157,3,6,Marshall County               ,31,31,8867700,1,2,158000,0,0,0,0,0,0,31,31,8867700,1,2,158000,0,0,0,0,0,0
201706,21,161,3,6,Mason County                  ,12,12,1991000,0,0,0,0,0,0,0,0,0,12,12,1991000,0,0,0,0,0,0,0,0,0
201706,21,163,3,6,Meade County                  ,42,42,6993400,2,4,320000,0,0,0,0,0,0,42,42,6993400,2,4,320000,0,0,0,0,0,0
201706,21,167,3,6,Mercer County                 ,18,18,3155112,0,0,0,0,0,0,0,0,0,15,15,2657200,0,0,0,0,0,0,0,0,0
201706,21,175,3,6,Morgan County                 ,11,11,825000,0,0,0,0,0,0,0,0,0,0,0,0,0,0,0,0,0,0,0,0,0
201706,21,179,3,6,Nelson County                 ,79,79,15528730,7,14,1310000,4,14,1605000,0,0,0,79,79,15528730,7,14,1310000,4,14,1605000,0,0,0
201706,21,185,3,6,Oldham County                 ,184,184,53515610,2,4,197666,0,0,0,1,5,247083,0,0,0,0,0,0,0,0,0,0,0,0
201706,21,191,3,6,Pendleton County              ,0,0,0,0,0,0,0,0,0,0,0,0,0,0,0,0,0,0,0,0,0,0,0,0
201706,21,209,3,6,Scott County                  ,281,281,41686514,3,6,750000,1,4,480000,0,0,0,281,281,41686514,3,6,750000,1,4,480000,0,0,0
201706,21,211,3,6,Shelby County                 ,137,137,33019272,0,0,0,0,0,0,10,192,9800000,137,137,33019272,0,0,0,0,0,0,10,192,9800000
201706,21,213,3,6,Simpson County                ,33,33,4684949,0,0,0,0,0,0,3,48,4181400,33,33,4684949,0,0,0,0,0,0,3,48,4181400
201706,21,215,3,6,Spencer County                ,61,61,14021272,0,0,0,0,0,0,0,0,0,61,61,14021272,0,0,0,0,0,0,0,0,0
201706,21,221,3,6,Trigg County                  ,2,2,459103,0,0,0,0,0,0,0,0,0,2,2,459103,0,0,0,0,0,0,0,0,0
201706,21,225,3,6,Union County                  ,3,3,597818,0,0,0,0,0,0,0,0,0,2,2,388452,0,0,0,0,0,0,0,0,0
201706,21,239,3,6,Woodford County               ,63,63,10660161,1,2,400000,0,0,0,0,0,0,63,63,10660161,1,2,400000,0,0,0,0,0,0
201706,22,005,3,7,Ascension Parish              ,570,570,86060479,0,0,0,0,0,0,0,0,0,494,494,73830756,0,0,0,0,0,0,0,0,0
201706,22,015,3,7,Bossier Parish                ,372,372,64422390,0,0,0,0,0,0,0,0,0,372,372,64422390,0,0,0,0,0,0,0,0,0
201706,22,017,3,7,Caddo Parish                  ,149,149,40773072,0,0,0,0,0,0,0,0,0,147,147,40459824,0,0,0,0,0,0,0,0,0
201706,22,031,3,7,De Soto Parish                ,62,62,16000870,0,0,0,0,0,0,1,9,664407,56,56,14658885,0,0,0,0,0,0,0,0,0
201706,22,033,3,7,East Baton Rouge Parish       ,669,669,147189053,0,0,0,0,0,0,0,0,0,664,664,146496195,0,0,0,0,0,0,0,0,0
201706,22,037,3,7,East Feliciana Parish         ,26,26,5087119,0,0,0,1,4,270628,0,0,0,22,22,4282942,0,0,0,1,4,270628,0,0,0
201706,22,047,3,7,Iberville Parish              ,67,67,13083589,0,0,0,0,0,0,0,0,0,30,30,6086465,0,0,0,0,0,0,0,0,0
201706,22,051,3,7,Jefferson Parish              ,229,229,52272045,3,6,400000,0,0,0,1,7,704129,178,178,40523782,3,6,400000,0,0,0,0,0,0
201706,22,055,3,7,Lafayette Parish              ,718,718,151183940,0,0,0,0,0,0,0,0,0,467,467,114974572,0,0,0,0,0,0,0,0,0
201706,22,063,3,7,Livingston Parish             ,441,441,96929808,0,0,0,0,0,0,0,0,0,31,31,6334081,0,0,0,0,0,0,0,0,0
201706,22,071,3,7,Orleans Parish                ,123,123,26652100,12,24,2826464,0,0,0,6,119,21122160,0,0,0,0,0,0,0,0,0,0,0,0
201706,22,075,3,7,Plaquemines Parish            ,26,26,7564347,0,0,0,0,0,0,0,0,0,10,10,2653371,0,0,0,0,0,0,0,0,0
201706,22,077,3,7,Pointe Coupee Parish          ,28,28,7585164,0,0,0,0,0,0,0,0,0,28,28,7585164,0,0,0,0,0,0,0,0,0
201706,22,087,3,7,St. Bernard Parish            ,51,51,8927000,0,0,0,0,0,0,0,0,0,51,51,8927000,0,0,0,0,0,0,0,0,0
201706,22,089,3,7,St. Charles Parish            ,67,67,13939280,0,0,0,0,0,0,0,0,0,67,67,13939280,0,0,0,0,0,0,0,0,0
201706,22,091,3,7,St. Helena Parish             ,0,0,0,0,0,0,0,0,0,0,0,0,0,0,0,0,0,0,0,0,0,0,0,0
201706,22,095,3,7,St. John the Baptist Parish   ,22,22,3511985,0,0,0,0,0,0,0,0,0,0,0,0,0,0,0,0,0,0,0,0,0
201706,22,099,3,7,St. Martin Parish             ,83,83,17313939,0,0,0,0,0,0,0,0,0,45,45,9059438,0,0,0,0,0,0,0,0,0
201706,22,103,3,7,St. Tammany Parish            ,740,740,166216292,2,4,700000,0,0,0,0,0,0,722,722,159143243,2,4,700000,0,0,0,0,0,0
201706,22,109,3,7,Terrebonne Parish             ,78,78,19797533,0,0,0,0,0,0,0,0,0,78,78,19797533,0,0,0,0,0,0,0,0,0
201706,22,121,3,7,West Baton Rouge Parish       ,158,158,24603734,0,0,0,0,0,0,0,0,0,150,150,23875238,0,0,0,0,0,0,0,0,0
201706,22,125,3,7,West Feliciana Parish         ,20,20,8049473,0,0,0,0,0,0,0,0,0,17,17,6829792,0,0,0,0,0,0,0,0,0
201706,23,000,1,1,Maine Unorganized Territory   ,36,36,4780809,0,0,0,0,0,0,0,0,0,0,0,0,0,0,0,0,0,0,0,0,0
201706,24,003,3,5,Anne Arundel County           ,972,972,157010504,1,2,424973,0,0,0,7,100,15666826,964,964,155629878,1,2,424973,0,0,0,7,100,15666826
201706,24,005,3,5,Baltimore County              ,396,396,103552150,1,2,500000,0,0,0,1,317,42000000,396,396,103552150,1,2,500000,0,0,0,1,317,42000000
201706,24,009,3,5,Calvert County                ,157,157,35952915,0,0,0,0,0,0,0,0,0,119,119,27396254,0,0,0,0,0,0,0,0,0
201706,24,013,3,5,Carroll County                ,170,170,45545157,1,2,498667,0,0,0,0,0,0,170,170,45545157,1,2,498667,0,0,0,0,0,0
201706,24,015,3,5,Cecil County                  ,45,45,9748393,0,0,0,0,0,0,0,0,0,45,45,9748393,0,0,0,0,0,0,0,0,0
201706,24,017,3,5,Charles County                ,383,383,80619501,0,0,0,0,0,0,0,0,0,383,383,80619501,0,0,0,0,0,0,0,0,0
201706,24,021,3,5,Frederick County              ,913,913,217129903,3,6,469550,1,4,63000,9,285,37287592,913,913,217129903,3,6,469550,1,4,63000,9,285,37287592
201706,24,023,3,5,Garrett County                ,32,32,9471765,0,0,0,0,0,0,0,0,0,32,32,9471765,0,0,0,0,0,0,0,0,0
201706,24,025,3,5,Harford County                ,351,351,68883441,0,0,0,0,0,0,7,196,19626562,344,344,66725966,0,0,0,0,0,0,6,178,18150000
201706,24,027,3,5,Howard County                 ,538,538,120626401,0,0,0,0,0,0,4,78,9000000,538,538,120626401,0,0,0,0,0,0,4,78,9000000
201706,24,031,3,5,Montgomery County             ,563,563,127837852,12,24,1150000,0,0,0,4,366,86203893,563,563,127837852,12,24,1150000,0,0,0,4,366,86203893
201706,24,033,3,5,Prince George County          ,881,881,185023642,0,0,0,0,0,0,4,383,38300000,879,879,184475087,0,0,0,0,0,0,4,383,38300000
201706,24,035,3,5,Queen Anne County             ,104,104,23521313,0,0,0,0,0,0,0,0,0,104,104,23521313,0,0,0,0,0,0,0,0,0
201706,24,037,3,5,St. Marys County              ,608,608,109081688,0,0,0,0,0,0,0,0,0,608,608,109081688,0,0,0,0,0,0,0,0,0
201706,24,039,3,5,Somerset County               ,12,12,1886456,0,0,0,0,0,0,0,0,0,7,7,1021866,0,0,0,0,0,0,0,0,0
201706,24,045,3,5,Wicomico County               ,68,68,11968469,2,4,317000,0,0,0,0,0,0,68,68,11968469,2,4,317000,0,0,0,0,0,0
201706,24,510,3,5,Baltimore (Independent City)  ,111,111,17572000,0,0,0,0,0,0,4,179,30461424,111,111,17572000,0,0,0,0,0,0,4,179,30461424
201706,25,005,1,1,Bristol County                ,386,386,81458467,14,28,3765400,1,3,160000,2,40,4814199,311,311,67018361,13,26,3534400,0,0,0,2,40,4814199
201706,25,009,1,1,Essex County                  ,291,291,98431301,21,42,7162883,1,3,900000,2,48,9580608,191,191,63208636,13,26,3898320,0,0,0,1,40,8500000
201706,25,017,1,1,Middlesex County              ,622,622,197504233,33,66,11804754,3,10,1387945,37,893,146830713,484,484,160215548,22,44,7834760,2,7,725500,16,714,117913830
201706,25,021,1,1,Norfolk County                ,359,359,157768741,4,8,1392018,5,17,3623500,38,820,106205655,258,258,121411840,3,6,1043500,5,17,3623500,17,625,87529943
201706,25,023,1,1,Plymouth County               ,544,544,122460368,9,18,2312212,2,6,1064800,6,35,4112845,436,436,95630795,9,18,2312212,2,6,1064800,3,17,2300000
201706,25,025,1,1,Suffolk County                ,42,42,10568880,35,70,12127875,20,63,13688750,62,1950,597359523,37,37,9721446,32,64,11494465,20,63,13688750,51,1873,583861745
201706,26,000,2,3,Michigan Balance of State     ,29,29,5468961,0,0,0,0,0,0,0,0,0,0,0,0,0,0,0,0,0,0,0,0,0
201706,26,019,2,3,Benzie County                 ,41,41,9807390,0,0,0,0,0,0,0,0,0,41,41,9807390,0,0,0,0,0,0,0,0,0
201706,26,029,2,3,Charlevoix County             ,23,23,4926660,1,2,659319,0,0,0,0,0,0,0,0,0,0,0,0,0,0,0,0,0,0
201706,26,089,2,3,Leelanau County               ,52,52,11770312,0,0,0,0,0,0,0,0,0,52,52,11770312,0,0,0,0,0,0,0,0,0
201706,26,093,2,3,Livingston County             ,305,305,89937171,0,0,0,0,0,0,0,0,0,292,292,88610239,0,0,0,0,0,0,0,0,0
201706,26,095,2,3,Luce County                   ,2,2,583200,0,0,0,0,0,0,0,0,0,2,2,583200,0,0,0,0,0,0,0,0,0
201706,26,099,2,3,Macomb County                 ,1000,1000,241030512,16,32,4803955,0,0,0,13,228,29900408,996,996,240261256,14,28,4367765,0,0,0,13,228,29900408
201706,26,103,2,3,Marquette County              ,36,36,8507987,3,6,532500,0,0,0,0,0,0,36,36,8507987,3,6,532500,0,0,0,0,0,0
201706,26,137,2,3,Otsego County                 ,9,9,729000,0,0,0,0,0,0,0,0,0,0,0,0,0,0,0,0,0,0,0,0,0
201706,26,147,2,3,St. Clair County              ,101,101,18469927,0,0,0,0,0,0,4,96,7296700,92,92,16872762,0,0,0,0,0,0,4,96,7296700
201706,26,163,2,3,Wayne County                  ,569,569,159404129,1,2,350000,2,8,1690000,6,606,83857417,542,542,151712171,1,2,350000,2,8,1690000,6,606,83857417
201706,27,003,2,4,Anoka County                  ,530,530,139120487,0,0,0,1,4,626659,0,0,0,504,504,132362410,0,0,0,1,4,626659,0,0,0
201706,27,019,2,4,Carver County                 ,311,311,93919376,1,2,518630,0,0,0,0,0,0,311,311,93919376,1,2,518630,0,0,0,0,0,0
201706,27,025,2,4,Chisago County                ,109,109,18767512,1,2,408000,0,0,0,0,0,0,108,108,18554204,1,2,408000,0,0,0,0,0,0
201706,27,027,2,4,Clay County                   ,74,74,16814500,0,0,0,0,0,0,0,0,0,74,74,16814500,0,0,0,0,0,0,0,0,0
201706,27,037,2,4,Dakota County                 ,581,581,167196299,2,4,634100,3,12,2020000,6,774,104504000,513,513,145058618,2,4,634100,3,12,2020000,6,774,104504000
201706,27,053,2,4,Hennepin County               ,932,932,336802611,1,2,900000,5,18,3605724,19,1999,367001561,889,889,317850633,1,2,900000,5,18,3605724,17,1942,356933694
201706,27,059,2,4,Isanti County                 ,120,120,22785263,0,0,0,0,0,0,0,0,0,117,117,21826013,0,0,0,0,0,0,0,0,0
201706,27,123,2,4,Ramsey County                 ,125,125,44223482,0,0,0,0,0,0,2,136,3776800,123,123,43718428,0,0,0,0,0,0,2,136,3776800
201706,27,139,2,4,Scott County                  ,278,278,86011285,1,2,361132,0,0,0,0,0,0,262,262,81875537,1,2,361132,0,0,0,0,0,0
201706,27,141,2,4,Sherburne County              ,220,220,48225502,0,0,0,1,4,758680,0,0,0,203,203,44520755,0,0,0,1,4,758680,0,0,0
201706,27,163,2,4,Washington County             ,385,385,126452285,0,0,0,0,0,0,0,0,0,350,350,110774171,0,0,0,0,0,0,0,0,0
201706,27,171,2,4,Wright County                 ,362,362,94944641,0,0,0,1,4,729422,0,0,0,351,351,92603246,0,0,0,1,4,729422,0,0,0
201706,28,033,3,6,DeSoto County                 ,634,634,102033822,0,0,0,1,4,351300,4,20,1714000,575,575,89892958,0,0,0,1,4,351300,4,20,1714000
201706,28,041,3,6,Greene County                 ,0,0,0,0,0,0,0,0,0,0,0,0,0,0,0,0,0,0,0,0,0,0,0,0
201706,28,045,3,6,Hancock County                ,231,231,37521867,3,6,555537,6,21,2107587,6,52,4402460,63,63,12279753,0,0,0,0,0,0,0,0,0
201706,28,047,3,6,Harrison County               ,492,492,79780644,2,4,520000,0,0,0,1,5,278124,427,427,72396579,1,2,275000,0,0,0,1,5,278124
201706,28,067,3,6,Jones County                  ,12,12,1785878,0,0,0,0,0,0,0,0,0,1,1,200000,0,0,0,0,0,0,0,0,0
201706,28,137,3,6,Tate County                   ,53,53,8645462,0,0,0,0,0,0,0,0,0,52,52,8597000,0,0,0,0,0,0,0,0,0
201706,28,143,3,6,Tunica County                 ,7,7,562240,0,0,0,0,0,0,0,0,0,0,0,0,0,0,0,0,0,0,0,0,0
201706,28,145,3,6,Union County                  ,9,9,1164000,1,2,80000,0,0,0,0,0,0,9,9,1164000,1,2,80000,0,0,0,0,0,0
201706,28,149,3,6,Warren County                 ,5,5,490000,0,0,0,0,0,0,0,0,0,5,5,490000,0,0,0,0,0,0,0,0,0
201706,29,013,2,4,Bates County                  ,0,0,0,0,0,0,0,0,0,0,0,0,0,0,0,0,0,0,0,0,0,0,0,0
201706,29,017,2,4,Bollinger County              ,0,0,0,0,0,0,0,0,0,0,0,0,0,0,0,0,0,0,0,0,0,0,0,0
201706,29,019,2,4,Boone County                  ,376,376,87971509,5,10,571216,0,0,0,2,146,22089240,376,376,87971509,5,10,571216,0,0,0,2,146,22089240
201706,29,049,2,4,Clinton County                ,25,25,4358600,0,0,0,0,0,0,0,0,0,25,25,4358600,0,0,0,0,0,0,0,0,0
201706,29,065,2,4,Dent County                   ,0,0,0,0,0,0,0,0,0,0,0,0,0,0,0,0,0,0,0,0,0,0,0,0
201706,29,071,2,4,Franklin County               ,217,217,41499067,5,10,904592,0,0,0,7,42,3923200,195,195,36739647,5,10,904592,0,0,0,7,42,3923200
201706,29,095,2,4,Jackson County                ,956,956,214632863,20,40,4391924,27,107,12860488,12,1094,88222992,951,951,213722683,20,40,4391924,27,107,12860488,12,1094,88222992
201706,29,099,2,4,Jefferson County              ,402,402,61627690,3,6,570000,0,0,0,0,0,0,385,385,59637128,3,6,570000,0,0,0,0,0,0
201706,29,105,2,4,Laclede County                ,4,4,450000,4,8,1007500,0,0,0,0,0,0,4,4,450000,4,8,1007500,0,0,0,0,0,0
201706,29,107,2,4,Lafayette County              ,17,17,3563989,0,0,0,0,0,0,0,0,0,5,5,800411,0,0,0,0,0,0,0,0,0
201706,29,113,2,4,Lincoln County                ,66,66,11811028,0,0,0,0,0,0,0,0,0,66,66,11811028,0,0,0,0,0,0,0,0,0
201706,29,165,2,4,Platte County                 ,182,182,48456765,0,0,0,0,0,0,4,28,1840741,163,163,43392937,0,0,0,0,0,0,0,0,0
201706,29,185,2,4,St. Clair County              ,1,1,60000,0,0,0,0,0,0,0,0,0,1,1,60000,0,0,0,0,0,0,0,0,0
201706,29,189,2,4,St. Louis County              ,580,580,227282018,0,0,0,0,0,0,13,264,29014678,236,236,79773393,0,0,0,0,0,0,1,80,9150000
201706,29,219,2,4,Warren County                 ,140,140,30110289,0,0,0,0,0,0,0,0,0,140,140,30110289,0,0,0,0,0,0,0,0,0
201706,29,221,2,4,Washington County             ,0,0,0,0,0,0,0,0,0,0,0,0,0,0,0,0,0,0,0,0,0,0,0,0
201706,29,510,2,4,St. Louis (Independent City)  ,52,52,9869170,0,0,0,2,7,910624,8,256,19783722,52,52,9869170,0,0,0,2,7,910624,8,256,19783722
201706,30,033,4,8,Garfield County               ,0,0,0,0,0,0,0,0,0,0,0,0,0,0,0,0,0,0,0,0,0,0,0,0
201706,30,063,4,8,Missoula County               ,224,224,43529144,16,32,3607859,3,10,632589,11,272,31712136,224,224,43529144,16,32,3607859,3,10,632589,11,272,31712136
201706,30,093,4,8,Silver Bow County             ,34,34,3606009,0,0,0,0,0,0,0,0,0,34,34,3606009,0,0,0,0,0,0,0,0,0
201706,31,001,2,4,Adams County                  ,38,38,8331369,0,0,0,0,0,0,0,0,0,29,29,6448497,0,0,0,0,0,0,0,0,0
201706,31,025,2,4,Cass County                   ,71,71,12734258,0,0,0,0,0,0,0,0,0,71,71,12734258,0,0,0,0,0,0,0,0,0
201706,31,033,2,4,Cheyenne County               ,2,2,428704,0,0,0,0,0,0,0,0,0,2,2,428704,0,0,0,0,0,0,0,0,0
201706,31,055,2,4,Douglas County                ,982,982,156285008,0,0,0,0,0,0,28,593,41715343,981,981,156205008,0,0,0,0,0,0,28,593,41715343
201706,31,105,2,4,Kimball County                ,1,1,243700,0,0,0,0,0,0,0,0,0,1,1,243700,0,0,0,0,0,0,0,0,0
201706,31,153,2,4,Sarpy County                  ,454,454,120156392,0,0,0,0,0,0,2,48,2495000,325,325,88466979,0,0,0,0,0,0,2,48,2495000
201706,31,165,2,4,Sioux County                  ,0,0,0,0,0,0,0,0,0,0,0,0,0,0,0,0,0,0,0,0,0,0,0,0
201706,31,177,2,4,Washington County             ,36,36,11322254,0,0,0,0,0,0,0,0,0,36,36,11322254,0,0,0,0,0,0,0,0,0
201706,32,001,4,8,Churchill County              ,12,12,2722124,0,0,0,0,0,0,0,0,0,12,12,2722124,0,0,0,0,0,0,0,0,0
201706,32,003,4,8,Clark County                  ,5178,5178,984045121,19,38,6767868,23,69,12568942,59,1976,216049848,5178,5178,984045121,19,38,6767868,23,69,12568942,59,1976,216049848
201706,32,005,4,8,Douglas County                ,75,75,29323039,0,0,0,0,0,0,1,24,2273199,75,75,29323039,0,0,0,0,0,0,1,24,2273199
201706,32,007,4,8,Elko County                   ,66,66,10029806,0,0,0,0,0,0,0,0,0,65,65,9963806,0,0,0,0,0,0,0,0,0
201706,32,013,4,8,Humboldt County               ,4,4,542220,0,0,0,0,0,0,0,0,0,4,4,542220,0,0,0,0,0,0,0,0,0
201706,32,015,4,8,Lander County                 ,0,0,0,0,0,0,0,0,0,0,0,0,0,0,0,0,0,0,0,0,0,0,0,0
201706,32,017,4,8,Lincoln County                ,6,6,1629051,0,0,0,0,0,0,0,0,0,2,2,547064,0,0,0,0,0,0,0,0,0
201706,32,019,4,8,Lyon County                   ,160,160,36618322,0,0,0,0,0,0,0,0,0,160,160,36618322,0,0,0,0,0,0,0,0,0
201706,32,021,4,8,Mineral County                ,0,0,0,0,0,0,0,0,0,0,0,0,0,0,0,0,0,0,0,0,0,0,0,0
201706,32,027,4,8,Pershing County               ,4,4,262682,0,0,0,0,0,0,0,0,0,4,4,262682,0,0,0,0,0,0,0,0,0
201706,32,029,4,8,Storey County                 ,5,5,648905,0,0,0,0,0,0,0,0,0,1,1,113000,0,0,0,0,0,0,0,0,0
201706,32,031,4,8,Washoe County                 ,971,971,241341937,2,4,609658,1,4,703078,42,1013,93657318,971,971,241341937,2,4,609658,1,4,703078,42,1013,93657318
201706,32,033,4,8,White Pine County             ,2,2,651328,0,0,0,0,0,0,0,0,0,1,1,234540,0,0,0,0,0,0,0,0,0
201706,32,510,4,8,Carson City (Independent City),72,72,19839621,0,0,0,5,20,2545672,0,0,0,72,72,19839621,0,0,0,5,20,2545672,0,0,0
201706,33,015,1,1,Rockingham County             ,369,369,89938168,6,12,1263723,5,19,2306500,8,52,5771831,245,245,64777196,2,4,463723,4,16,1825000,2,14,1596000
201706,33,017,1,1,Strafford County              ,138,138,27615054,10,20,2236958,1,3,323420,3,99,8309000,114,114,23341000,10,20,2236958,0,0,0,2,94,7969000
201706,34,001,1,2,Atlantic County               ,127,127,28523166,0,0,0,0,0,0,12,191,18032797,112,112,27131504,0,0,0,0,0,0,5,105,6724900
201706,34,003,1,2,Bergen County                 ,470,470,154218939,50,100,20219721,5,17,2620800,30,554,43650872,309,309,96489542,41,82,18339571,5,17,2620800,6,421,32605000
201706,34,005,1,2,Burlington County             ,304,304,46221843,3,6,540818,0,0,0,5,90,3444531,231,231,34614838,1,2,100000,0,0,0,1,68,1106500
201706,34,007,1,2,Camden County                 ,107,107,19622034,2,4,60000,2,7,19000,108,653,20791682,64,64,13037025,2,4,60000,2,7,19000,91,535,13077378
201706,34,009,1,2,Cape May County               ,294,294,85334159,40,80,16181800,1,3,387864,3,25,2489185,280,280,81617194,40,80,16181800,1,3,387864,2,20,2476185
201706,34,011,1,2,Cumberland County             ,56,56,4915807,0,0,0,0,0,0,0,0,0,19,19,1403170,0,0,0,0,0,0,0,0,0
201706,34,013,1,2,Essex County                  ,186,186,32032544,12,24,2315649,14,44,5093889,34,1062,174461671,43,43,17609317,11,22,2230948,13,41,4248188,10,572,140969207
201706,34,015,1,2,Gloucester County             ,209,209,33877919,0,0,0,0,0,0,2,36,7851000,148,148,27560857,0,0,0,0,0,0,1,30,7600000
201706,34,017,1,2,Hudson County                 ,101,101,17748370,40,80,10267000,8,29,3046608,34,2090,196957833,96,96,16473526,40,80,10267000,8,29,3046608,33,2085,196356307
201706,34,019,1,2,Hunterdon County              ,76,76,16600087,2,4,466400,0,0,0,9,52,2642216,65,65,15124835,0,0,0,0,0,0,0,0,0
201706,34,021,1,2,Mercer County                 ,72,72,31099726,0,0,0,0,0,0,4,31,1160914,60,60,28014325,0,0,0,0,0,0,2,10,2650
201706,34,023,1,2,Middlesex County              ,380,380,67801509,3,6,495800,0,0,0,42,883,63445733,311,311,55153815,3,6,495800,0,0,0,28,738,55362771
201706,34,025,1,2,Monmouth County               ,431,431,140666133,7,14,2233470,3,10,1132766,23,223,21483572,360,360,121985800,1,2,130400,1,4,791580,18,193,19434791
201706,34,027,1,2,Morris County                 ,329,329,68548427,2,4,206098,34,119,4832400,26,354,25867920,249,249,51089404,2,4,206098,34,119,4832400,3,71,8005766
201706,34,029,1,2,Ocean County                  ,1058,1058,184729484,7,14,7470000,2,8,556000,10,151,15819954,1051,1051,183529568,7,14,7470000,2,8,556000,10,151,15819954
201706,34,031,1,2,Passaic County                ,97,97,18483204,2,4,231746,0,0,0,8,73,6617955,71,71,13553636,1,2,71000,0,0,0,1,36,3225230
201706,34,033,1,2,Salem County                  ,19,19,2555006,0,0,0,0,0,0,0,0,0,15,15,2105836,0,0,0,0,0,0,0,0,0
201706,34,035,1,2,Somerset County               ,174,174,41240482,0,0,0,0,0,0,29,310,19058349,126,126,34198505,0,0,0,0,0,0,7,135,7778830
201706,34,037,1,2,Sussex County                 ,44,44,8801894,0,0,0,0,0,0,0,0,0,36,36,6556621,0,0,0,0,0,0,0,0,0
201706,34,039,1,2,Union County                  ,152,152,39923446,22,44,3680000,3,9,820504,23,353,21327287,99,99,30508898,22,44,3680000,2,6,384250,9,258,15761935
201706,34,041,1,2,Warren County                 ,20,20,4944661,0,0,0,0,0,0,3,53,1615292,16,16,4381656,0,0,0,0,0,0,2,48,1405760
201706,35,000,4,8,New Mexico Balance of State   ,187,187,50806795,0,0,0,0,0,0,0,0,0,0,0,0,0,0,0,0,0,0,0,0,0
201706,35,001,4,8,Bernalillo County             ,628,628,141306034,2,4,440214,0,0,0,9,141,13843302,80,80,33244399,1,2,178114,0,0,0,0,0,0
201706,35,005,4,8,Chaves County                 ,44,44,6551561,2,4,607352,0,0,0,1,17,1156944,32,32,4447684,2,4,607352,0,0,0,0,0,0
201706,35,007,4,8,Colfax County                 ,6,6,2416985,0,0,0,0,0,0,0,0,0,0,0,0,0,0,0,0,0,0,0,0,0
201706,35,009,4,8,Curry County                  ,27,27,6678409,1,2,285889,0,0,0,0,0,0,27,27,6678409,1,2,285889,0,0,0,0,0,0
201706,35,013,4,8,Dona Ana County               ,418,418,86246283,1,2,313896,1,4,511000,17,128,6279410,340,340,71738662,0,0,0,1,4,511000,17,128,6279410
201706,35,015,4,8,Eddy County                   ,79,79,15508358,0,0,0,0,0,0,0,0,0,79,79,15508358,0,0,0,0,0,0,0,0,0
201706,35,017,4,8,Grant County                  ,7,7,1168268,0,0,0,0,0,0,0,0,0,0,0,0,0,0,0,0,0,0,0,0,0
201706,35,025,4,8,Lea County                    ,57,57,12026862,0,0,0,0,0,0,1,10,1744904,39,39,8563659,0,0,0,0,0,0,0,0,0
201706,35,027,4,8,Lincoln County                ,39,39,9838857,0,0,0,0,0,0,0,0,0,0,0,0,0,0,0,0,0,0,0,0,0
201706,35,028,4,8,Los Alamos County             ,14,14,3610724,0,0,0,0,0,0,0,0,0,14,14,3610724,0,0,0,0,0,0,0,0,0
201706,35,029,4,8,Luna County                   ,9,9,1754439,0,0,0,0,0,0,0,0,0,6,6,1230786,0,0,0,0,0,0,0,0,0
201706,35,031,4,8,McKinley County               ,4,4,580000,0,0,0,0,0,0,0,0,0,4,4,580000,0,0,0,0,0,0,0,0,0
201706,35,035,4,8,Otero County                  ,2,2,379056,0,0,0,0,0,0,0,0,0,2,2,379056,0,0,0,0,0,0,0,0,0
201706,35,041,4,8,Roosevelt County              ,13,13,1933300,0,0,0,0,0,0,0,0,0,13,13,1933300,0,0,0,0,0,0,0,0,0
201706,35,043,4,8,Sandoval County               ,340,340,73473883,1,2,283271,0,0,0,6,32,1333331,211,211,46210209,0,0,0,0,0,0,0,0,0
201706,35,045,4,8,San Juan County               ,47,47,11409933,0,0,0,0,0,0,0,0,0,41,41,10029885,0,0,0,0,0,0,0,0,0
201706,35,047,4,8,San Miguel County             ,1,1,140000,0,0,0,0,0,0,0,0,0,0,0,0,0,0,0,0,0,0,0,0,0
201706,35,049,4,8,Santa Fe County               ,66,66,16245954,0,0,0,0,0,0,0,0,0,0,0,0,0,0,0,0,0,0,0,0,0
201706,35,051,4,8,Sierra County                 ,0,0,0,0,0,0,0,0,0,0,0,0,0,0,0,0,0,0,0,0,0,0,0,0
201706,35,053,4,8,Socorro County                ,2,2,438000,0,0,0,0,0,0,0,0,0,2,2,438000,0,0,0,0,0,0,0,0,0
201706,35,055,4,8,Taos County                   ,44,44,4824854,0,0,0,0,0,0,0,0,0,0,0,0,0,0,0,0,0,0,0,0,0
201706,35,061,4,8,Valencia County               ,55,55,5962660,0,0,0,0,0,0,0,0,0,0,0,0,0,0,0,0,0,0,0,0,0
201706,36,001,1,2,Albany County                 ,126,126,29326239,1,2,285000,0,0,0,11,162,17743935,112,112,26854371,1,2,285000,0,0,0,5,104,8229000
201706,36,005,1,2,Bronx County                  ,7,7,1868781,12,24,3223481,12,36,4375296,36,2324,309445732,7,7,1868781,12,24,3223481,12,36,4375296,36,2324,309445732
201706,36,029,1,2,Erie County                   ,349,349,101793904,1,2,105000,3,11,2175000,16,247,35837573,306,306,92109881,1,2,105000,3,11,2175000,10,148,15857205
201706,36,047,1,2,Kings County                  ,39,39,10305776,44,88,11822336,42,140,17402640,135,3284,438706135,39,39,10305776,44,88,11822336,42,140,17402640,135,3284,438706135
201706,36,051,1,2,Livingston County             ,9,9,1437671,0,0,0,0,0,0,5,25,1339286,2,2,345493,0,0,0,0,0,0,0,0,0
201706,36,055,1,2,Monroe County                 ,375,375,82595567,4,8,1407800,4,12,2009000,5,219,22877971,354,354,75291301,4,8,1407800,4,12,2009000,5,219,22877971
201706,36,059,1,2,Nassau County                 ,385,385,157778125,2,4,596000,0,0,0,11,86,13090260,243,243,108489712,1,2,300000,0,0,0,2,30,5500000
201706,36,061,1,2,New York County               ,4,4,1071350,3,6,805870,1,4,486144,30,2476,330694950,4,4,1071350,3,6,805870,1,4,486144,30,2476,330694950
201706,36,063,1,2,Niagara County                ,101,101,25880930,0,0,0,0,0,0,0,0,0,82,82,20772253,0,0,0,0,0,0,0,0,0
201706,36,069,1,2,Ontario County                ,156,156,41443516,0,0,0,1,4,104000,1,5,104000,129,129,31783801,0,0,0,0,0,0,0,0,0
201706,36,073,1,2,Orleans County                ,11,11,1739875,0,0,0,0,0,0,0,0,0,4,4,425000,0,0,0,0,0,0,0,0,0
201706,36,079,1,2,Putnam County                 ,21,21,7046895,0,0,0,4,12,2681796,0,0,0,11,11,4591180,0,0,0,0,0,0,0,0,0
201706,36,081,1,2,Queens County                 ,55,55,14603339,98,196,26271454,32,96,11923272,35,2888,384217449,55,55,14603339,98,196,26271454,32,96,11923272,35,2888,384217449
201706,36,083,1,2,Rensselaer County             ,54,54,13793617,1,2,550000,0,0,0,1,5,500000,32,32,8106500,0,0,0,0,0,0,0,0,0
201706,36,085,1,2,Richmond County               ,164,164,43402299,96,192,25674754,0,0,0,0,0,0,164,164,43402299,96,192,25674754,0,0,0,0,0,0
201706,36,087,1,2,Rockland County               ,54,54,20091669,14,28,3942264,10,34,3916763,12,194,36898705,36,36,15730640,1,2,280000,2,6,700000,5,150,31700000
201706,36,091,1,2,Saratoga County               ,309,309,86654177,6,12,1741199,6,20,1725005,27,308,34981422,208,208,58130270,4,8,1080448,2,6,729216,10,200,23580000
201706,36,093,1,2,Schenectady County            ,31,31,5238371,0,0,0,2,8,1219861,6,83,5102702,16,16,2772433,0,0,0,2,8,1219861,5,78,4452702
201706,36,095,1,2,Schoharie County              ,11,11,2024406,1,2,160000,0,0,0,0,0,0,5,5,940000,1,2,160000,0,0,0,0,0,0
201706,36,099,1,2,Seneca County                 ,7,7,1363000,1,2,200000,0,0,0,0,0,0,7,7,1363000,1,2,200000,0,0,0,0,0,0
201706,36,117,1,2,Wayne County                  ,32,32,6374586,0,0,0,0,0,0,0,0,0,26,26,5196778,0,0,0,0,0,0,0,0,0
201706,36,119,1,2,Westchester County            ,162,162,90900050,4,8,1031666,0,0,0,13,522,134727295,120,120,71197147,0,0,0,0,0,0,3,404,116000000
201706,37,007,3,5,Anson County                  ,23,23,3446895,0,0,0,0,0,0,0,0,0,0,0,0,0,0,0,0,0,0,0,0,0
201706,37,011,3,5,Avery County                  ,50,50,17790780,0,0,0,0,0,0,0,0,0,50,50,17790780,0,0,0,0,0,0,0,0,0
201706,37,015,3,5,Bertie County                 ,8,8,789117,0,0,0,0,0,0,0,0,0,6,6,372200,0,0,0,0,0,0,0,0,0
201706,37,025,3,5,Cabarrus County               ,765,765,111197272,1,2,100000,0,0,0,0,0,0,765,765,111197272,1,2,100000,0,0,0,0,0,0
201706,37,033,3,5,Caswell County                ,17,17,2817464,0,0,0,0,0,0,0,0,0,17,17,2817464,0,0,0,0,0,0,0,0,0
201706,37,037,3,5,Chatham County                ,413,413,96690591,0,0,0,0,0,0,0,0,0,413,413,96690591,0,0,0,0,0,0,0,0,0
201706,37,051,3,5,Cumberland County             ,343,343,56412240,1,2,304878,0,0,0,1,8,783860,342,342,56099839,0,0,0,0,0,0,0,0,0
201706,37,053,3,5,Currituck County              ,155,155,38447220,0,0,0,0,0,0,0,0,0,155,155,38447220,0,0,0,0,0,0,0,0,0
201706,37,059,3,5,Davie County                  ,66,66,13099518,0,0,0,0,0,0,0,0,0,40,40,7852390,0,0,0,0,0,0,0,0,0
201706,37,063,3,5,Durham County                 ,978,978,192933929,1,2,169897,0,0,0,17,575,41970393,441,441,91958853,0,0,0,0,0,0,7,288,17254697
201706,37,069,3,5,Franklin County               ,274,274,48610506,0,0,0,0,0,0,0,0,0,274,274,48610506,0,0,0,0,0,0,0,0,0
201706,37,071,3,5,Gaston County                 ,563,563,158227216,3,6,714018,1,4,877284,4,23,3645268,563,563,158227216,3,6,714018,1,4,877284,4,23,3645268
201706,37,081,3,5,Guilford County               ,731,731,171111232,8,16,3554192,0,0,0,15,477,59516587,717,717,169389633,8,16,3554192,0,0,0,14,472,59234488
201706,37,089,3,5,Henderson County              ,250,250,65224588,0,0,0,0,0,0,1,12,960000,250,250,65224588,0,0,0,0,0,0,1,12,960000
201706,37,093,3,5,Hoke County                   ,102,102,23444741,0,0,0,0,0,0,0,0,0,102,102,23444741,0,0,0,0,0,0,0,0,0
201706,37,097,3,5,Iredell County                ,734,734,208303963,1,2,178688,0,0,0,7,144,13124209,734,734,208303963,1,2,178688,0,0,0,7,144,13124209
201706,37,101,3,5,Johnston County               ,1224,1224,204489780,0,0,0,0,0,0,0,0,0,1047,1047,172656449,0,0,0,0,0,0,0,0,0
201706,37,105,3,5,Lee County                    ,94,94,16754030,0,0,0,0,0,0,0,0,0,85,85,14795595,0,0,0,0,0,0,0,0,0
201706,37,119,3,5,Mecklenburg County            ,2687,2687,616748561,5,10,499375,1,4,803800,31,1252,71053308,2687,2687,616748561,5,10,499375,1,4,803800,31,1252,71053308
201706,37,133,3,5,Onslow County                 ,424,424,60959263,7,14,1036800,1,4,400000,0,0,0,422,422,60485772,7,14,1036800,1,4,400000,0,0,0
201706,37,135,3,5,Orange County                 ,253,253,80119177,2,4,275000,0,0,0,0,0,0,253,253,80119177,2,4,275000,0,0,0,0,0,0
201706,37,145,3,5,Person County                 ,47,47,10217249,0,0,0,0,0,0,0,0,0,47,47,10217249,0,0,0,0,0,0,0,0,0
201706,37,151,3,5,Randolph County               ,168,168,36211183,1,2,90000,0,0,0,0,0,0,168,168,36211183,1,2,90000,0,0,0,0,0,0
201706,37,157,3,5,Rockingham County             ,99,99,23463016,0,0,0,0,0,0,7,149,19253327,98,98,23337233,0,0,0,0,0,0,6,144,18741410
201706,37,179,3,5,Union County                  ,793,793,180569750,0,0,0,0,0,0,0,0,0,793,793,180569750,0,0,0,0,0,0,0,0,0
201706,37,181,3,5,Vance County                  ,26,26,3694108,0,0,0,0,0,0,0,0,0,26,26,3694108,0,0,0,0,0,0,0,0,0
201706,37,183,3,5,Wake County                   ,4341,4341,1022196483,0,0,0,1,4,90000,48,1633,188975452,4194,4194,992801665,0,0,0,1,4,90000,48,1633,188975452
201706,37,195,3,5,Wilson County                 ,105,105,15944588,1,2,115000,0,0,0,1,60,2665000,105,105,15944588,1,2,115000,0,0,0,1,60,2665000
201706,39,007,2,3,Ashtabula County              ,34,34,6233035,6,12,964032,0,0,0,0,0,0,0,0,0,0,0,0,0,0,0,0,0,0
201706,39,015,2,3,Brown County                  ,36,36,5735870,0,0,0,0,0,0,0,0,0,0,0,0,0,0,0,0,0,0,0,0,0
201706,39,017,2,3,Butler County                 ,414,414,87380401,2,4,700000,1,4,360000,6,72,5143246,414,414,87380401,2,4,700000,1,4,360000,6,72,5143246
201706,39,025,2,3,Clermont County               ,222,222,42005542,0,0,0,9,34,2153296,8,76,4439598,222,222,42005542,0,0,0,9,34,2153296,8,76,4439598
201706,39,041,2,3,Delaware County               ,602,602,162550353,6,12,1793628,2,8,985961,13,144,17672796,602,602,162550353,6,12,1793628,2,8,985961,13,144,17672796
201706,39,049,2,3,Franklin County               ,959,959,270478658,2,4,523114,18,60,8135000,86,2381,245277947,945,945,267551506,1,2,300000,18,60,8135000,85,2366,244542947
201706,39,055,2,3,Geauga County                 ,96,96,28068663,0,0,0,0,0,0,1,81,22700000,96,96,28068663,0,0,0,0,0,0,1,81,22700000
201706,39,085,2,3,Lake County                   ,213,213,40892566,0,0,0,0,0,0,1,16,2000000,212,212,40545748,0,0,0,0,0,0,1,16,2000000
201706,39,089,2,3,Licking County                ,127,127,30929391,0,0,0,0,0,0,0,0,0,96,96,23185610,0,0,0,0,0,0,0,0,0
201706,39,093,2,3,Lorain County                 ,394,394,95653974,2,4,504400,11,44,4156000,12,103,4418617,292,292,72879865,2,4,504400,11,44,4156000,10,76,2943400
201706,39,097,2,3,Madison County                ,26,26,6133663,0,0,0,0,0,0,0,0,0,20,20,5142103,0,0,0,0,0,0,0,0,0
201706,39,103,2,3,Medina County                 ,316,316,83484764,3,6,420000,2,6,420000,0,0,0,316,316,83484764,3,6,420000,2,6,420000,0,0,0
201706,39,117,2,3,Morrow County                 ,28,28,4792906,0,0,0,0,0,0,0,0,0,17,17,2486543,0,0,0,0,0,0,0,0,0
201706,39,159,2,3,Union County                  ,203,203,56191261,4,8,1207000,0,0,0,0,0,0,203,203,56191261,4,8,1207000,0,0,0,0,0,0
201706,39,165,2,3,Warren County                 ,681,681,186113584,1,2,380913,1,4,920235,2,136,17596185,680,680,185940251,1,2,380913,1,4,920235,2,136,17596185
201706,40,001,3,7,Adair County                  ,7,7,1348502,0,0,0,0,0,0,0,0,0,0,0,0,0,0,0,0,0,0,0,0,0
201706,40,017,3,7,Canadian County               ,145,145,31457545,3,6,375000,0,0,0,0,0,0,114,114,23460760,3,6,375000,0,0,0,0,0,0
201706,40,021,3,7,Cherokee County               ,31,31,4068385,2,4,260000,0,0,0,0,0,0,0,0,0,0,0,0,0,0,0,0,0,0
201706,40,027,3,7,Cleveland County              ,298,298,67158187,6,12,2825258,4,12,1050000,8,117,9976047,259,259,57279588,4,8,2158140,4,12,1050000,6,30,2550000
201706,40,029,3,7,Coal County                   ,0,0,0,0,0,0,0,0,0,0,0,0,0,0,0,0,0,0,0,0,0,0,0,0
201706,40,037,3,7,Creek County                  ,44,44,7668437,0,0,0,0,0,0,0,0,0,44,44,7668437,0,0,0,0,0,0,0,0,0
201706,40,051,3,7,Grady County                  ,49,49,10318259,0,0,0,0,0,0,0,0,0,11,11,2203000,0,0,0,0,0,0,0,0,0
201706,40,055,3,7,Greer County                  ,1,1,50000,0,0,0,0,0,0,0,0,0,1,1,50000,0,0,0,0,0,0,0,0,0
201706,40,081,3,7,Lincoln County                ,2,2,459103,0,0,0,0,0,0,0,0,0,2,2,459103,0,0,0,0,0,0,0,0,0
201706,40,083,3,7,Logan County                  ,6,6,1038000,2,4,143000,0,0,0,0,0,0,6,6,1038000,2,4,143000,0,0,0,0,0,0
201706,40,087,3,7,McClain County                ,197,197,39984915,0,0,0,0,0,0,0,0,0,127,127,26444850,0,0,0,0,0,0,0,0,0
201706,40,109,3,7,Oklahoma County               ,2039,2039,458322113,38,76,10335366,1,3,161250,0,0,0,1949,1949,443788460,38,76,10335366,0,0,0,0,0,0
201706,40,111,3,7,Okmulgee County               ,2,2,299667,0,0,0,0,0,0,0,0,0,0,0,0,0,0,0,0,0,0,0,0,0
201706,40,113,3,7,Osage County                  ,70,70,11875227,4,8,600000,0,0,0,0,0,0,70,70,11875227,4,8,600000,0,0,0,0,0,0
201706,40,117,3,7,Pawnee County                 ,0,0,0,0,0,0,0,0,0,0,0,0,0,0,0,0,0,0,0,0,0,0,0,0
201706,40,131,3,7,Rogers County                 ,238,238,41189596,7,14,748110,0,0,0,0,0,0,234,234,40776264,7,14,748110,0,0,0,0,0,0
201706,40,143,3,7,Tulsa County                  ,1132,1132,269225752,2,4,368960,1,4,282975,2,257,33003658,1126,1126,268847752,2,4,368960,1,4,282975,2,257,33003658
201706,40,145,3,7,Wagoner County                ,231,231,40528073,0,0,0,0,0,0,8,43,2930670,231,231,40528073,0,0,0,0,0,0,8,43,2930670
201706,41,000,4,9,Oregon Balance of State       ,83,83,12239894,0,0,0,0,0,0,0,0,0,0,0,0,0,0,0,0,0,0,0,0,0
201706,41,005,4,9,Clackamas County              ,683,683,225162092,5,10,1572466,1,3,468584,11,249,29733956,683,683,225162092,5,10,1572466,1,3,468584,11,249,29733956
201706,41,019,4,9,Douglas County                ,125,125,31320432,1,2,149363,0,0,0,0,0,0,125,125,31320432,1,2,149363,0,0,0,0,0,0
201706,41,025,4,9,Harney County                 ,5,5,1145420,0,0,0,0,0,0,0,0,0,0,0,0,0,0,0,0,0,0,0,0,0
201706,41,035,4,9,Klamath County                ,37,37,8613274,0,0,0,0,0,0,0,0,0,37,37,8613274,0,0,0,0,0,0,0,0,0
201706,41,051,4,9,Multnomah County              ,477,477,131148766,56,112,21062521,4,14,2598000,49,2275,383532176,477,477,131148766,56,112,21062521,4,14,2598000,48,2270,382772176
201706,41,067,4,9,Washington County             ,921,921,273854683,0,0,0,0,0,0,21,584,73822222,921,921,273854683,0,0,0,0,0,0,21,584,73822222
201706,41,071,4,9,Yamhill County                ,151,151,45004552,0,0,0,0,0,0,1,5,475290,121,121,37242797,0,0,0,0,0,0,0,0,0
201706,42,001,1,2,Adams County                  ,131,131,25241651,0,0,0,0,0,0,0,0,0,131,131,25241651,0,0,0,0,0,0,0,0,0
201706,42,017,1,2,Bucks County                  ,489,489,107376920,0,0,0,0,0,0,3,24,2739270,397,397,88132801,0,0,0,0,0,0,3,24,2739270
201706,42,029,1,2,Chester County                ,632,632,129411352,0,0,0,2,6,1008000,1,5,557500,588,588,118151142,0,0,0,2,6,1008000,1,5,557500
201706,42,037,1,2,Columbia County               ,41,41,11031913,0,0,0,1,3,387224,1,5,782273,19,19,5659886,0,0,0,0,0,0,0,0,0
201706,42,041,1,2,Cumberland County             ,451,451,102090542,3,6,765000,5,20,3480392,5,36,2617973,418,418,95258981,3,6,765000,5,20,3480392,4,24,1498070
201706,42,043,1,2,Dauphin County                ,168,168,37630919,3,6,1097940,4,16,2450525,4,27,3017480,133,133,29055865,3,6,1097940,4,16,2450525,4,27,3017480
201706,42,045,1,2,Delaware County               ,202,202,55088528,2,4,450000,3,12,900000,1,5,1879838,124,124,35305758,2,4,450000,3,12,900000,0,0,0
201706,42,055,1,2,Franklin County               ,158,158,26780473,3,6,570000,1,4,320000,4,24,1754092,131,131,22731520,3,6,570000,1,4,320000,1,8,194000
201706,42,065,1,2,Jefferson County              ,19,19,3468897,0,0,0,0,0,0,0,0,0,19,19,3468897,0,0,0,0,0,0,0,0,0
201706,42,091,1,2,Montgomery County             ,566,566,121165745,15,30,3102222,0,0,0,16,621,71464849,404,404,81290990,15,30,3102222,0,0,0,6,493,58950318
201706,42,093,1,2,Montour County                ,16,16,3875095,0,0,0,0,0,0,0,0,0,10,10,2554093,0,0,0,0,0,0,0,0,0
201706,42,099,1,2,Perry County                  ,48,48,11586642,0,0,0,0,0,0,0,0,0,7,7,1063200,0,0,0,0,0,0,0,0,0
201706,42,101,1,2,Philadelphia County           ,395,395,104240244,76,152,27964510,65,222,29154807,39,905,126796750,309,309,81776502,66,132,24274942,50,170,23611632,29,731,103741875
201706,42,103,1,2,Pike County                   ,42,42,9650235,0,0,0,0,0,0,0,0,0,34,34,7592922,0,0,0,0,0,0,0,0,0
201706,44,001,1,1,Bristol County                ,23,23,5450622,1,2,100000,0,0,0,0,0,0,17,17,3777644,0,0,0,0,0,0,0,0,0
201706,44,003,1,1,Kent County                   ,84,84,12056125,3,6,1047000,0,0,0,0,0,0,52,52,7229689,1,2,247000,0,0,0,0,0,0
201706,44,005,1,1,Newport County                ,69,69,25067982,0,0,0,0,0,0,0,0,0,57,57,22256486,0,0,0,0,0,0,0,0,0
201706,44,007,1,1,Providence County             ,182,182,29888542,5,10,1012980,1,3,124664,0,0,0,155,155,26379413,4,8,874150,0,0,0,0,0,0
201706,44,009,1,1,Washington County             ,132,132,39110293,2,4,1000000,1,3,429150,1,5,88542,99,99,26683844,2,4,1000000,0,0,0,0,0,0
201706,45,003,3,5,Aiken County                  ,434,434,89314415,0,0,0,0,0,0,2,48,4000000,419,419,87007144,0,0,0,0,0,0,2,48,4000000
201706,45,009,3,5,Bamberg County                ,7,7,833000,0,0,0,0,0,0,0,0,0,7,7,833000,0,0,0,0,0,0,0,0,0
201706,45,015,3,5,Berkeley County               ,818,818,228005862,0,0,0,0,0,0,6,218,5143073,723,723,202471151,0,0,0,0,0,0,0,0,0
201706,45,017,3,5,Calhoun County                ,14,14,1983843,0,0,0,0,0,0,0,0,0,14,14,1983843,0,0,0,0,0,0,0,0,0
201706,45,019,3,5,Charleston County             ,1419,1419,402673767,3,6,1054186,0,0,0,55,1590,213649180,911,911,301492296,2,4,714000,0,0,0,44,1334,197013189
201706,45,035,3,5,Dorchester County             ,310,310,85870991,0,0,0,0,0,0,0,0,0,309,309,85763491,0,0,0,0,0,0,0,0,0
201706,45,037,3,5,Edgefield County              ,51,51,9098608,0,0,0,0,0,0,0,0,0,51,51,9098608,0,0,0,0,0,0,0,0,0
201706,45,039,3,5,Fairfield County              ,24,24,5077251,0,0,0,0,0,0,0,0,0,0,0,0,0,0,0,0,0,0,0,0,0
201706,45,045,3,5,Greenville County             ,1559,1559,675546123,0,0,0,0,0,0,0,0,0,1550,1550,674122032,0,0,0,0,0,0,0,0,0
201706,45,051,3,5,Horry County                  ,2373,2373,391577422,30,60,4663954,0,0,0,8,106,8701602,2222,2222,353086523,28,56,3526994,0,0,0,4,86,7009460
201706,45,055,3,5,Kershaw County                ,126,126,18032558,0,0,0,0,0,0,0,0,0,126,126,18032558,0,0,0,0,0,0,0,0,0
201706,45,059,3,5,Laurens County                ,74,74,11004174,0,0,0,0,0,0,0,0,0,72,72,10838484,0,0,0,0,0,0,0,0,0
201706,45,063,3,5,Lexington County              ,879,879,218450929,0,0,0,0,0,0,5,222,20203253,716,716,176467889,0,0,0,0,0,0,3,200,18050176
201706,45,077,3,5,Pickens County                ,311,311,74263418,0,0,0,1,4,538719,7,135,16379175,247,247,63247649,0,0,0,1,4,538719,1,5,594031
201706,45,079,3,5,Richland County               ,1033,1033,147765111,4,8,1068468,0,0,0,8,173,9764597,160,160,36511187,4,8,1068468,0,0,0,0,0,0
201706,45,081,3,5,Saluda County                 ,17,17,3563934,0,0,0,0,0,0,0,0,0,14,14,2919799,0,0,0,0,0,0,0,0,0
201706,45,085,3,5,Sumter County                 ,144,144,21501201,0,0,0,0,0,0,0,0,0,92,92,13897233,0,0,0,0,0,0,0,0,0
201706,45,091,3,5,York County                   ,1261,1261,392715816,0,0,0,0,0,0,21,492,51494916,369,369,113640390,0,0,0,0,0,0,9,293,31683929
201706,46,007,2,4,Bennett County                ,1,1,120000,0,0,0,0,0,0,0,0,0,1,1,120000,0,0,0,0,0,0,0,0,0
201706,46,055,2,4,Haakon County                 ,0,0,0,0,0,0,0,0,0,0,0,0,0,0,0,0,0,0,0,0,0,0,0,0
201706,46,071,2,4,Jackson County                ,0,0,0,0,0,0,0,0,0,0,0,0,0,0,0,0,0,0,0,0,0,0,0,0
201706,46,111,2,4,Sanborn County                ,7,7,1475000,0,0,0,0,0,0,0,0,0,7,7,1475000,0,0,0,0,0,0,0,0,0
201706,47,001,3,6,Anderson County               ,68,68,14923587,0,0,0,0,0,0,0,0,0,63,63,13994865,0,0,0,0,0,0,0,0,0
201706,47,015,3,6,Cannon County                 ,8,8,1009520,0,0,0,0,0,0,0,0,0,0,0,0,0,0,0,0,0,0,0,0,0
201706,47,021,3,6,Cheatham County               ,114,114,18679561,0,0,0,0,0,0,0,0,0,108,108,18028561,0,0,0,0,0,0,0,0,0
201706,47,037,3,6,Davidson County               ,2370,2370,571796910,1,2,405540,10,37,5306720,23,1399,95230975,2370,2370,571796910,1,2,405540,10,37,5306720,23,1399,95230975
201706,47,043,3,6,Dickson County                ,161,161,31143778,0,0,0,0,0,0,0,0,0,134,134,25861549,0,0,0,0,0,0,0,0,0
201706,47,049,3,6,Fentress County               ,0,0,0,0,0,0,0,0,0,0,0,0,0,0,0,0,0,0,0,0,0,0,0,0
201706,47,081,3,6,Hickman County                ,36,36,5290050,0,0,0,0,0,0,0,0,0,17,17,1888263,0,0,0,0,0,0,0,0,0
201706,47,093,3,6,Knox County                   ,876,876,186149962,0,0,0,0,0,0,16,296,41250000,876,876,186149962,0,0,0,0,0,0,16,296,41250000
201706,47,105,3,6,Loudon County                 ,159,159,40769407,0,0,0,0,0,0,0,0,0,145,145,38664665,0,0,0,0,0,0,0,0,0
201706,47,125,3,6,Montgomery County             ,767,767,112473347,18,36,1695000,2,8,595000,9,61,2960000,767,767,112473347,18,36,1695000,2,8,595000,9,61,2960000
201706,47,139,3,6,Polk County                   ,96,96,17291910,0,0,0,0,0,0,0,0,0,0,0,0,0,0,0,0,0,0,0,0,0
201706,47,149,3,6,Rutherford County             ,1248,1248,306756974,8,16,2465766,7,27,3735946,11,139,12118854,1112,1112,281717923,7,14,2137445,6,23,3331492,8,73,5471603
201706,47,153,3,6,Sequatchie County             ,4,4,545000,0,0,0,0,0,0,0,0,0,4,4,545000,0,0,0,0,0,0,0,0,0
201706,47,157,3,6,Shelby County                 ,546,546,144592509,1,2,311052,1,4,375000,2,164,26306109,546,546,144592509,1,2,311052,1,4,375000,2,164,26306109
201706,47,159,3,6,Smith County                  ,37,37,6111826,0,0,0,0,0,0,0,0,0,33,33,5439446,0,0,0,0,0,0,0,0,0
201706,47,161,3,6,Stewart County                ,1,1,113000,0,0,0,0,0,0,0,0,0,0,0,0,0,0,0,0,0,0,0,0,0
201706,47,165,3,6,Sumner County                 ,725,725,169277749,1,2,188000,0,0,0,33,1050,51609348,704,704,165503686,1,2,188000,0,0,0,33,1050,51609348
201706,47,167,3,6,Tipton County                 ,78,78,12725356,0,0,0,0,0,0,0,0,0,43,43,8059102,0,0,0,0,0,0,0,0,0
201706,47,169,3,6,Trousdale County              ,36,36,4914000,0,0,0,4,16,450000,0,0,0,36,36,4914000,0,0,0,4,16,450000,0,0,0
201706,47,173,3,6,Union County                  ,44,44,6350000,0,0,0,0,0,0,0,0,0,44,44,6350000,0,0,0,0,0,0,0,0,0
201706,47,175,3,6,Van Buren County              ,0,0,0,0,0,0,0,0,0,0,0,0,0,0,0,0,0,0,0,0,0,0,0,0
201706,47,189,3,6,Wilson County                 ,689,689,181604993,3,6,680000,0,0,0,5,85,4281088,642,642,168159501,3,6,680000,0,0,0,4,76,3300000
201706,48,013,3,7,Atascosa County               ,22,22,3921251,0,0,0,0,0,0,0,0,0,17,17,3014170,0,0,0,0,0,0,0,0,0
201706,48,015,3,7,Austin County                 ,12,12,2149346,0,0,0,0,0,0,0,0,0,7,7,1193975,0,0,0,0,0,0,0,0,0
201706,48,019,3,7,Bandera County                ,1,1,210000,0,0,0,0,0,0,0,0,0,0,0,0,0,0,0,0,0,0,0,0,0
201706,48,021,3,7,Bastrop County                ,61,61,8426986,1,2,174000,0,0,0,0,0,0,54,54,7458030,0,0,0,0,0,0,0,0,0
201706,48,025,3,7,Bee County                    ,5,5,449053,0,0,0,0,0,0,0,0,0,0,0,0,0,0,0,0,0,0,0,0,0
201706,48,027,3,7,Bell County                   ,917,917,162618947,74,148,12814306,0,0,0,3,16,1269664,880,880,154927837,74,148,12814306,0,0,0,0,0,0
201706,48,029,3,7,Bexar County                  ,1870,1870,439652747,16,32,3194090,22,86,8097081,86,911,98915107,1612,1612,403214752,16,32,3194090,20,80,8097081,81,884,93161429
201706,48,051,3,7,Burleson County               ,12,12,1335390,0,0,0,0,0,0,0,0,0,10,10,927000,0,0,0,0,0,0,0,0,0
201706,48,055,3,7,Caldwell County               ,163,163,28244842,0,0,0,0,0,0,0,0,0,8,8,607000,0,0,0,0,0,0,0,0,0
201706,48,085,3,7,Collin County                 ,4818,4818,1569219303,1,2,243790,0,0,0,57,3292,451005427,4097,4097,1285819986,0,0,0,0,0,0,48,3204,437922166
201706,48,091,3,7,Comal County                  ,1275,1275,278210766,56,112,10064413,3,9,1953592,20,515,57890249,1265,1265,275250427,56,112,10064413,3,9,1953592,20,515,57890249
201706,48,099,3,7,Coryell County                ,82,82,11036589,1,2,146338,0,0,0,0,0,0,39,39,4892273,0,0,0,0,0,0,0,0,0
201706,48,107,3,7,Crosby County                 ,5,5,335000,0,0,0,0,0,0,0,0,0,0,0,0,0,0,0,0,0,0,0,0,0
201706,48,113,3,7,Dallas County                 ,2747,2747,835569967,38,76,19172352,18,66,14582097,134,7190,657784015,2663,2663,808874213,38,76,19172352,17,63,12766240,134,7190,657784015
201706,48,119,3,7,Delta County                  ,3,3,686960,0,0,0,0,0,0,0,0,0,3,3,686960,0,0,0,0,0,0,0,0,0
201706,48,135,3,7,Ector County                  ,251,251,48781997,0,0,0,0,0,0,0,0,0,251,251,48781997,0,0,0,0,0,0,0,0,0
201706,48,139,3,7,Ellis County                  ,1015,1015,194441757,2,4,421968,1,3,166000,8,192,20772429,1014,1014,194352557,2,4,421968,1,3,166000,8,192,20772429
201706,48,141,3,7,El Paso County                ,1441,1441,287756249,19,38,3386890,6,24,2286201,38,519,58208143,102,102,10300167,0,0,0,0,0,0,1,5,133960
201706,48,157,3,7,Fort Bend County              ,5419,5419,672140729,4,8,913800,3,9,836935,6,49,3834665,710,710,229252468,4,8,913800,3,9,836935,0,0,0
201706,48,167,3,7,Galveston County              ,1429,1429,310846754,0,0,0,0,0,0,4,21,1156109,660,660,149952069,0,0,0,0,0,0,0,0,0
201706,48,185,3,7,Grimes County                 ,15,15,1480555,0,0,0,0,0,0,0,0,0,15,15,1480555,0,0,0,0,0,0,0,0,0
201706,48,187,3,7,Guadalupe County              ,520,520,119470048,0,0,0,0,0,0,6,103,1562609,501,501,115915033,0,0,0,0,0,0,5,96,1190666
201706,48,193,3,7,Hamilton County               ,2,2,160000,0,0,0,0,0,0,0,0,0,0,0,0,0,0,0,0,0,0,0,0,0
201706,48,195,3,7,Hansford County               ,0,0,0,0,0,0,0,0,0,0,0,0,0,0,0,0,0,0,0,0,0,0,0,0
201706,48,201,3,7,Harris County                 ,9119,9119,1586480801,41,82,12539932,13,51,5684425,63,2644,305584845,9048,9048,1528105096,41,82,12539932,13,51,5684425,63,2644,305584845
201706,48,211,3,7,Hemphill County               ,0,0,0,0,0,0,0,0,0,0,0,0,0,0,0,0,0,0,0,0,0,0,0,0
201706,48,215,3,7,Hidalgo County                ,1412,1412,252736219,61,122,6779378,50,195,10211675,10,265,20664770,1122,1122,201269768,49,98,5535846,34,133,6448726,6,146,11460000
201706,48,233,3,7,Hutchinson County             ,0,0,0,0,0,0,0,0,0,2,10,933228,0,0,0,0,0,0,0,0,0,0,0,0
201706,48,251,3,7,Johnson County                ,308,308,65928680,4,8,838550,0,0,0,0,0,0,298,298,63480482,3,6,625000,0,0,0,0,0,0
201706,48,257,3,7,Kaufman County                ,418,418,89003938,0,0,0,0,0,0,0,0,0,403,403,86106500,0,0,0,0,0,0,0,0,0
201706,48,259,3,7,Kendall County                ,146,146,41372747,0,0,0,0,0,0,1,26,1923820,120,120,34043405,0,0,0,0,0,0,0,0,0
201706,48,271,3,7,Kinney County                 ,1,1,205977,0,0,0,0,0,0,0,0,0,1,1,205977,0,0,0,0,0,0,0,0,0
201706,48,281,3,7,Lampasas County               ,15,15,2016082,0,0,0,0,0,0,0,0,0,11,11,1476000,0,0,0,0,0,0,0,0,0
201706,48,291,3,7,Liberty County                ,283,283,25032699,0,0,0,0,0,0,0,0,0,275,275,23924940,0,0,0,0,0,0,0,0,0
201706,48,303,3,7,Lubbock County                ,852,852,179290251,6,12,1484313,1,3,401625,30,321,47762671,700,700,144124096,0,0,0,0,0,0,22,194,33315000
201706,48,323,3,7,Maverick County               ,36,36,6842962,3,6,829349,0,0,0,0,0,0,22,22,5134745,2,4,517231,0,0,0,0,0,0
201706,48,325,3,7,Medina County                 ,10,10,1791703,0,0,0,0,0,0,0,0,0,8,8,1378587,0,0,0,0,0,0,0,0,0
201706,48,329,3,7,Midland County                ,455,455,95993716,0,0,0,0,0,0,0,0,0,455,455,95993716,0,0,0,0,0,0,0,0,0
201706,48,339,3,7,Montgomery County             ,2811,2811,632237143,2,4,150000,0,0,0,0,0,0,2785,2785,626818735,2,4,150000,0,0,0,0,0,0
201706,48,367,3,7,Parker County                 ,242,242,50978811,0,0,0,0,0,0,1,5,526370,237,237,49485505,0,0,0,0,0,0,0,0,0
201706,48,375,3,7,Potter County                 ,230,230,60397215,2,4,553364,0,0,0,0,0,0,230,230,60397215,2,4,553364,0,0,0,0,0,0
201706,48,383,3,7,Reagan County                 ,0,0,0,0,0,0,0,0,0,0,0,0,0,0,0,0,0,0,0,0,0,0,0,0
201706,48,385,3,7,Real County                   ,0,0,0,0,0,0,0,0,0,0,0,0,0,0,0,0,0,0,0,0,0,0,0,0
201706,48,395,3,7,Robertson County              ,42,42,9484166,0,0,0,0,0,0,0,0,0,41,41,9288999,0,0,0,0,0,0,0,0,0
201706,48,397,3,7,Rockwall County               ,747,747,227873325,1,2,177000,0,0,0,0,0,0,615,615,179346642,1,2,177000,0,0,0,0,0,0
201706,48,407,3,7,San Jacinto County            ,186,186,37837333,0,0,0,0,0,0,0,0,0,110,110,22461450,0,0,0,0,0,0,0,0,0
201706,48,411,3,7,San Saba County               ,0,0,0,0,0,0,0,0,0,0,0,0,0,0,0,0,0,0,0,0,0,0,0,0
201706,48,451,3,7,Tom Green County              ,98,98,19632300,2,4,660000,0,0,0,0,0,0,98,98,19632300,2,4,660000,0,0,0,0,0,0
201706,48,453,3,7,Travis County                 ,4697,4697,1009854234,7,14,2084148,8,31,4870564,117,5148,314161875,4498,4498,950191472,7,14,2084148,8,31,4870564,116,5143,313495208
201706,48,473,3,7,Waller County                 ,3,3,499976,0,0,0,1,3,450000,7,37,1161126,2,2,337000,0,0,0,0,0,0,0,0,0
201706,48,491,3,7,Williamson County             ,2235,2235,591887948,2,4,307890,5,16,1061280,17,780,69701881,2174,2174,580625742,2,4,307890,5,16,1061280,17,780,69701881
201706,48,493,3,7,Wilson County                 ,25,25,5004262,0,0,0,0,0,0,0,0,0,1,1,194226,0,0,0,0,0,0,0,0,0
201706,48,497,3,7,Wise County                   ,40,40,7647571,1,2,125000,0,0,0,0,0,0,35,35,6531947,1,2,125000,0,0,0,0,0,0
201706,49,011,4,8,Davis County                  ,581,581,156284989,0,0,0,6,23,3052945,16,261,20999619,533,533,143291313,0,0,0,6,23,3052945,15,256,20124619
201706,49,023,4,8,Juab County                   ,29,29,7744217,0,0,0,0,0,0,0,0,0,27,27,7197153,0,0,0,0,0,0,0,0,0
201706,49,029,4,8,Morgan County                 ,45,45,16515481,0,0,0,0,0,0,0,0,0,0,0,0,0,0,0,0,0,0,0,0,0
201706,49,035,4,8,Salt Lake County              ,2023,2023,497888316,18,36,6481715,13,44,5871920,39,841,104967040,1519,1519,357174721,13,26,4278991,4,14,1087000,23,658,85566832
201706,49,039,4,8,Sanpete County                ,22,22,3819070,0,0,0,0,0,0,0,0,0,22,22,3819070,0,0,0,0,0,0,0,0,0
201706,49,043,4,8,Summit County                 ,87,87,40374891,2,4,1184342,1,3,841530,7,35,5979988,33,33,15352554,2,4,1184342,0,0,0,0,0,0
201706,49,057,4,8,Weber County                  ,503,503,113637506,4,8,1020164,31,119,18123068,13,243,21233237,442,442,99503868,4,8,1020164,26,104,16225550,12,238,20602584
201706,51,003,3,5,Albemarle County              ,324,324,97111445,0,0,0,0,0,0,5,118,14127439,214,214,61636166,0,0,0,0,0,0,3,89,11141369
201706,51,007,3,5,Amelia County                 ,26,26,4180080,0,0,0,0,0,0,0,0,0,26,26,4180080,0,0,0,0,0,0,0,0,0
201706,51,009,3,5,Amherst County                ,37,37,6480685,0,0,0,0,0,0,0,0,0,37,37,6480685,0,0,0,0,0,0,0,0,0
201706,51,013,3,5,Arlington County              ,92,92,37527169,0,0,0,0,0,0,3,1066,47223559,92,92,37527169,0,0,0,0,0,0,3,1066,47223559
201706,51,015,3,5,Augusta County                ,96,96,18596163,2,4,250000,0,0,0,0,0,0,96,96,18596163,2,4,250000,0,0,0,0,0,0
201706,51,019,3,5,Bedford County                ,122,122,31679399,1,2,400000,0,0,0,0,0,0,122,122,31679399,1,2,400000,0,0,0,0,0,0
201706,51,033,3,5,Caroline County               ,45,45,9669793,0,0,0,0,0,0,0,0,0,45,45,9669793,0,0,0,0,0,0,0,0,0
201706,51,036,3,5,Charles City County           ,13,13,2175606,0,0,0,0,0,0,0,0,0,9,9,1440900,0,0,0,0,0,0,0,0,0
201706,51,037,3,5,Charlotte County              ,6,6,1527500,0,0,0,0,0,0,0,0,0,6,6,1527500,0,0,0,0,0,0,0,0,0
201706,51,041,3,5,Chesterfield County           ,754,754,173139335,1,2,300000,22,79,9449822,11,195,15181684,754,754,173139335,1,2,300000,22,79,9449822,11,195,15181684
201706,51,043,3,5,Clarke County                 ,31,31,12373462,0,0,0,0,0,0,0,0,0,31,31,12373462,0,0,0,0,0,0,0,0,0
201706,51,049,3,5,Cumberland County             ,6,6,442000,0,0,0,0,0,0,0,0,0,6,6,442000,0,0,0,0,0,0,0,0,0
201706,51,051,3,5,Dickenson County              ,2,2,340000,0,0,0,0,0,0,0,0,0,2,2,340000,0,0,0,0,0,0,0,0,0
201706,51,053,3,5,Dinwiddie County              ,37,37,2244649,0,0,0,0,0,0,0,0,0,0,0,0,0,0,0,0,0,0,0,0,0
201706,51,059,3,5,Fairfax County                ,471,471,107778183,0,0,0,0,0,0,0,0,0,471,471,107778183,0,0,0,0,0,0,0,0,0
201706,51,061,3,5,Fauquier County               ,218,218,64141698,0,0,0,0,0,0,0,0,0,218,218,64141698,0,0,0,0,0,0,0,0,0
201706,51,069,3,5,Frederick County              ,328,328,67486241,0,0,0,0,0,0,1,16,1100000,328,328,67486241,0,0,0,0,0,0,1,16,1100000
201706,51,073,3,5,Gloucester County             ,78,78,14156836,0,0,0,2,6,332000,0,0,0,78,78,14156836,0,0,0,2,6,332000,0,0,0
201706,51,075,3,5,Goochland County              ,106,106,28871025,0,0,0,0,0,0,0,0,0,106,106,28871025,0,0,0,0,0,0,0,0,0
201706,51,085,3,5,Hanover County                ,325,325,64098148,0,0,0,0,0,0,0,0,0,325,325,64098148,0,0,0,0,0,0,0,0,0
201706,51,087,3,5,Henrico County                ,466,466,88610088,0,0,0,0,0,0,61,457,21923341,466,466,88610088,0,0,0,0,0,0,61,457,21923341
201706,51,093,3,5,Isle of Wight County          ,95,95,18158520,0,0,0,0,0,0,1,13,521500,29,29,4960034,0,0,0,0,0,0,0,0,0
201706,51,095,3,5,James City County             ,166,166,45773383,2,4,431000,12,43,5533540,8,53,7529070,166,166,45773383,2,4,431000,12,43,5533540,8,53,7529070
201706,51,097,3,5,King and Queen County         ,12,12,2177074,0,0,0,0,0,0,0,0,0,10,10,1813831,0,0,0,0,0,0,0,0,0
201706,51,099,3,5,King George County            ,40,40,8656590,0,0,0,0,0,0,0,0,0,40,40,8656590,0,0,0,0,0,0,0,0,0
201706,51,107,3,5,Loudoun County                ,1421,1421,295692051,0,0,0,0,0,0,20,621,52327198,1421,1421,295692051,0,0,0,0,0,0,20,621,52327198
201706,51,109,3,5,Louisa County                 ,144,144,30365345,0,0,0,0,0,0,0,0,0,122,122,26194509,0,0,0,0,0,0,0,0,0
201706,51,115,3,5,Mathews County                ,12,12,2645526,0,0,0,0,0,0,0,0,0,12,12,2645526,0,0,0,0,0,0,0,0,0
201706,51,127,3,5,New Kent County               ,134,134,26643826,0,0,0,0,0,0,0,0,0,134,134,26643826,0,0,0,0,0,0,0,0,0
201706,51,139,3,5,Page County                   ,33,33,3578333,0,0,0,0,0,0,0,0,0,33,33,3578333,0,0,0,0,0,0,0,0,0
201706,51,145,3,5,Powhatan County               ,106,106,18117907,0,0,0,0,0,0,0,0,0,106,106,18117907,0,0,0,0,0,0,0,0,0
201706,51,149,3,5,Prince George County          ,39,39,5326260,0,0,0,0,0,0,0,0,0,39,39,5326260,0,0,0,0,0,0,0,0,0
201706,51,153,3,5,Prince William County         ,769,769,138565122,0,0,0,0,0,0,4,70,6867030,638,638,114717853,0,0,0,0,0,0,1,6,650000
201706,51,165,3,5,Rockingham County             ,185,185,38291990,0,0,0,0,0,0,0,0,0,185,185,38291990,0,0,0,0,0,0,0,0,0
201706,51,175,3,5,Southampton County            ,29,29,4208834,0,0,0,0,0,0,0,0,0,21,21,3026018,0,0,0,0,0,0,0,0,0
201706,51,177,3,5,Spotsylvania County           ,332,332,90942411,0,0,0,0,0,0,0,0,0,332,332,90942411,0,0,0,0,0,0,0,0,0
201706,51,179,3,5,Stafford County               ,574,574,125253503,0,0,0,0,0,0,0,0,0,574,574,125253503,0,0,0,0,0,0,0,0,0
201706,51,181,3,5,Surry County                  ,12,12,1977689,0,0,0,0,0,0,0,0,0,5,5,932000,0,0,0,0,0,0,0,0,0
201706,51,183,3,5,Sussex County                 ,13,13,1769390,0,0,0,0,0,0,0,0,0,13,13,1769390,0,0,0,0,0,0,0,0,0
201706,51,187,3,5,Warren County                 ,87,87,18838235,0,0,0,0,0,0,0,0,0,87,87,18838235,0,0,0,0,0,0,0,0,0
201706,51,199,3,5,York County                   ,36,36,9859433,2,4,650000,5,19,4973365,2,11,1160000,36,36,9859433,2,4,650000,5,19,4973365,2,11,1160000
201706,51,510,3,5,Alexandria (Independent City) ,116,116,22424675,0,0,0,0,0,0,0,0,0,116,116,22424675,0,0,0,0,0,0,0,0,0
201706,51,540,3,5,Charlottesville (Independent C,46,46,10199147,2,4,381500,0,0,0,6,50,7391219,0,0,0,0,0,0,0,0,0,0,0,0
201706,51,550,3,5,Chesapeake(Independent City)  ,610,610,195379678,0,0,0,0,0,0,0,0,0,610,610,195379678,0,0,0,0,0,0,0,0,0
201706,51,570,3,5,Colonial Heights (Independent ,4,4,911428,0,0,0,0,0,0,0,0,0,4,4,911428,0,0,0,0,0,0,0,0,0
201706,51,580,3,5,Covington (Independent City)  ,1,1,75000,0,0,0,0,0,0,0,0,0,1,1,75000,0,0,0,0,0,0,0,0,0
201706,51,600,3,5,Fairfax (Independent City)    ,21,21,3240000,0,0,0,0,0,0,1,30,3600000,21,21,3240000,0,0,0,0,0,0,1,30,3600000
201706,51,610,3,5,Falls Church (Independent City,11,11,5787250,0,0,0,0,0,0,0,0,0,11,11,5787250,0,0,0,0,0,0,0,0,0
201706,51,630,3,5,Fredericksburg(Independent Cit,42,42,7634130,0,0,0,0,0,0,0,0,0,42,42,7634130,0,0,0,0,0,0,0,0,0
201706,51,650,3,5,Hampton (Independent City)    ,92,92,5797424,0,0,0,0,0,0,0,0,0,0,0,0,0,0,0,0,0,0,0,0,0
201706,51,660,3,5,Harrisonburg (Independent City,27,27,4687300,0,0,0,0,0,0,0,0,0,27,27,4687300,0,0,0,0,0,0,0,0,0
201706,51,670,3,5,Hopewell (Independent City)   ,27,27,2389684,0,0,0,0,0,0,0,0,0,22,22,1936500,0,0,0,0,0,0,0,0,0
201706,51,680,3,5,Lynchburg (Independent City)  ,47,47,7766583,0,0,0,0,0,0,2,48,3176000,47,47,7766583,0,0,0,0,0,0,2,48,3176000
201706,51,683,3,5,Manassas (Independent City)   ,72,72,10147522,0,0,0,0,0,0,1,105,2192744,0,0,0,0,0,0,0,0,0,1,105,2192744
201706,51,685,3,5,Manassas Park (Independent Cit,0,0,0,0,0,0,0,0,0,0,0,0,0,0,0,0,0,0,0,0,0,0,0,0
201706,51,700,3,5,Newport News (Independent City,41,41,7056907,1,2,300000,0,0,0,7,232,18860619,31,31,6168758,1,2,300000,0,0,0,6,209,17978660
201706,51,710,3,5,Norfolk (Independent City)    ,251,251,27465460,1,2,90000,0,0,0,1,48,4609120,251,251,27465460,1,2,90000,0,0,0,1,48,4609120
201706,51,730,3,5,Petersburg (Independent City) ,2,2,118750,0,0,0,0,0,0,0,0,0,2,2,118750,0,0,0,0,0,0,0,0,0
201706,51,735,3,5,Poquoson (Independent City)   ,22,22,6567440,0,0,0,1,4,678800,1,6,655588,22,22,6567440,0,0,0,1,4,678800,1,6,655588
201706,51,740,3,5,Portsmouth (Independent City) ,98,98,12892000,0,0,0,0,0,0,0,0,0,98,98,12892000,0,0,0,0,0,0,0,0,0
201706,51,760,3,5,Richmond (Independent City)   ,177,177,35121758,0,0,0,0,0,0,7,732,43230133,177,177,35121758,0,0,0,0,0,0,7,732,43230133
201706,51,800,3,5,Suffolk (Independent City)    ,251,251,55022910,0,0,0,0,0,0,1,29,645994,209,209,47964370,0,0,0,0,0,0,0,0,0
201706,51,810,3,5,Virginia Beach (Independent Ci,379,379,79050443,0,0,0,0,0,0,9,560,31810105,379,379,79050443,0,0,0,0,0,0,9,560,31810105
201706,51,830,3,5,Williamsburg (Independent City,22,22,3061185,0,0,0,0,0,0,0,0,0,22,22,3061185,0,0,0,0,0,0,0,0,0
201706,53,005,4,9,Benton County                 ,446,446,133688566,2,4,531002,1,3,406674,3,67,6309699,268,268,76591438,0,0,0,0,0,0,0,0,0
201706,53,011,4,9,Clark County                  ,1214,1214,343268096,15,30,3426649,2,8,1149156,41,989,67029887,571,571,150200804,15,30,3426649,2,8,1149156,31,849,52471589
201706,53,021,4,9,Franklin County               ,261,261,67290662,5,10,1688973,0,0,0,0,0,0,2,2,293053,0,0,0,0,0,0,0,0,0
201706,53,031,4,9,Jefferson County              ,87,87,18472031,0,0,0,0,0,0,0,0,0,87,87,18472031,0,0,0,0,0,0,0,0,0
201706,53,033,4,9,King County                   ,2254,2254,878061541,94,188,37905544,65,228,41781992,102,5098,648913430,2100,2100,798900493,93,186,37276044,65,228,41781992,99,5005,636963344
201706,53,035,4,9,Kitsap County                 ,511,511,149519786,1,2,316175,2,6,985851,4,59,7969739,495,495,145731684,1,2,316175,1,3,552064,4,59,7969739
201706,53,053,4,9,Pierce County                 ,1493,1493,440553955,13,26,4329879,2,8,1062989,37,1017,126554703,1486,1486,437757133,13,26,4329879,2,8,1062989,37,1017,126554703
201706,53,055,4,9,San Juan County               ,63,63,13009446,0,0,0,1,3,500000,0,0,0,51,51,10202143,0,0,0,1,3,500000,0,0,0
201706,53,059,4,9,Skamania County               ,17,17,4594043,0,0,0,0,0,0,0,0,0,13,13,3746621,0,0,0,0,0,0,0,0,0
201706,53,061,4,9,Snohomish County              ,1273,1273,390280770,10,20,3902899,28,106,21001381,34,277,41420280,1241,1241,381741586,9,18,3457624,28,106,21001381,33,272,40801772
201706,54,011,3,5,Cabell County                 ,31,31,6002889,2,4,487000,1,4,320000,2,13,960594,26,26,4795877,1,2,287000,1,4,320000,1,8,722000
201706,54,015,3,5,Clay County                   ,0,0,0,0,0,0,0,0,0,0,0,0,0,0,0,0,0,0,0,0,0,0,0,0
201706,54,019,3,5,Fayette County                ,14,14,1229183,0,0,0,0,0,0,0,0,0,6,6,342500,0,0,0,0,0,0,0,0,0
201706,54,037,3,5,Jefferson County              ,108,108,28612591,0,0,0,0,0,0,0,0,0,107,107,28462591,0,0,0,0,0,0,0,0,0
201706,54,081,3,5,Raleigh County                ,32,32,5756525,0,0,0,0,0,0,0,0,0,31,31,5613363,0,0,0,0,0,0,0,0,0
201706,55,025,2,3,Dane County                   ,693,693,217328785,18,36,5209429,5,15,2085440,35,1575,212516218,592,592,186300998,14,28,4175581,0,0,0,22,1353,193961460
201706,55,031,2,3,Douglas County                ,40,40,7437615,1,2,350000,0,0,0,0,0,0,40,40,7437615,1,2,350000,0,0,0,0,0,0
201706,55,037,2,3,Florence County               ,13,13,1778400,0,0,0,0,0,0,0,0,0,13,13,1778400,0,0,0,0,0,0,0,0,0
201706,55,049,2,3,Iowa County                   ,40,40,10348104,0,0,0,0,0,0,0,0,0,40,40,10348104,0,0,0,0,0,0,0,0,0
201706,55,059,2,3,Kenosha County                ,88,88,24939959,2,4,600724,0,0,0,0,0,0,84,84,23966419,2,4,600724,0,0,0,0,0,0
201706,55,079,2,3,Milwaukee County              ,53,53,15095213,6,12,2147000,0,0,0,9,642,71702793,49,49,14093939,5,10,1987000,0,0,0,8,561,61051875
201706,55,089,2,3,Ozaukee County                ,103,103,37605076,2,4,406360,0,0,0,3,19,1435555,60,60,18128060,2,4,406360,0,0,0,0,0,0
201706,55,093,2,3,Pierce County                 ,56,56,12633415,1,2,200000,0,0,0,0,0,0,56,56,12633415,1,2,200000,0,0,0,0,0,0
201706,55,109,2,3,St. Croix County              ,225,225,59270693,11,22,2778214,1,3,330000,1,5,875000,210,210,55801402,10,20,2520500,1,3,330000,1,5,875000
201706,55,131,2,3,Washington County             ,188,188,57445531,11,22,3075000,2,6,742500,4,20,1416668,142,142,41504724,11,22,3075000,0,0,0,0,0,0
201706,56,029,4,8,Park County                   ,55,55,13396845,2,4,468000,0,0,0,0,0,0,51,51,12681910,2,4,468000,0,0,0,0,0,0
201706,56,039,4,8,Teton County                  ,78,78,110224061,4,8,2484929,3,11,427163,1,5,1040398,67,67,105018649,0,0,0,0,0,0,0,0,0
