Survey,FIPS,FIPS,Region,Division,County,,1-unit,,,2-units,,,3-4 units,,,5+ units,,,1-unit rep,,,2-units rep,,,3-4 units rep,,, 5+units rep
Date,State,County,Code,Code,Name,Bldgs,Units,Value,Bldgs,Units,Value,Bldgs,Units,Value,Bldgs,Units,Value,Bldgs,Units,Value,Bldgs,Units,Value,Bldgs,Units,Value,Bldgs,Units,Value
 
201708,01,001,3,6,Autauga County                ,135,135,36058981,0,0,0,0,0,0,0,0,0,135,135,36058981,0,0,0,0,0,0,0,0,0
201708,01,007,3,6,Bibb County                   ,7,7,1844508,0,0,0,0,0,0,0,0,0,2,2,490000,0,0,0,0,0,0,0,0,0
201708,01,009,3,6,Blount County                 ,9,9,2764440,0,0,0,0,0,0,0,0,0,9,9,2764440,0,0,0,0,0,0,0,0,0
201708,01,021,3,6,Chilton County                ,32,32,4230500,0,0,0,0,0,0,0,0,0,32,32,4230500,0,0,0,0,0,0,0,0,0
201708,01,073,3,6,Jefferson County              ,999,999,260624833,1,2,107950,1,4,875000,8,136,17473628,937,937,251333477,1,2,107950,1,4,875000,1,6,650080
201708,01,081,3,6,Lee County                    ,683,683,191198092,10,20,2131775,1,4,734668,2,233,53817279,665,665,186914968,10,20,2131775,1,4,734668,2,233,53817279
201708,01,083,3,6,Limestone County              ,96,96,18158526,0,0,0,0,0,0,0,0,0,94,94,17952430,0,0,0,0,0,0,0,0,0
201708,01,089,3,6,Madison County                ,1688,1688,256598409,0,0,0,0,0,0,4,132,2683343,1686,1686,256345779,0,0,0,0,0,0,4,132,2683343
201708,01,113,3,6,Russell County                ,99,99,13418325,0,0,0,0,0,0,0,0,0,99,99,13418325,0,0,0,0,0,0,0,0,0
201708,01,115,3,6,St. Clair County              ,123,123,23170254,0,0,0,0,0,0,0,0,0,102,102,18916718,0,0,0,0,0,0,0,0,0
201708,01,117,3,6,Shelby County                 ,753,753,171624371,0,0,0,0,0,0,8,54,4465700,331,331,68168213,0,0,0,0,0,0,0,0,0
201708,01,127,3,6,Walker County                 ,6,6,965000,0,0,0,0,0,0,0,0,0,6,6,965000,0,0,0,0,0,0,0,0,0
201708,02,013,4,9,Aleutians East Borough        ,0,0,0,0,0,0,0,0,0,0,0,0,0,0,0,0,0,0,0,0,0,0,0,0
201708,02,016,4,9,Aleutians West Census Area    ,4,4,392472,0,0,0,0,0,0,0,0,0,0,0,0,0,0,0,0,0,0,0,0,0
201708,02,020,4,9,Anchorage Municipality        ,540,540,169133786,0,0,0,9,29,5040548,12,110,17390512,0,0,0,0,0,0,0,0,0,0,0,0
201708,02,050,4,9,Bethel Census Area            ,14,14,3122104,0,0,0,0,0,0,0,0,0,14,14,3122104,0,0,0,0,0,0,0,0,0
201708,02,060,4,9,Bristol Bay Borough           ,0,0,0,0,0,0,0,0,0,0,0,0,0,0,0,0,0,0,0,0,0,0,0,0
201708,02,070,4,9,Dillingham Census Area        ,1,1,291052,0,0,0,0,0,0,0,0,0,1,1,291052,0,0,0,0,0,0,0,0,0
201708,02,090,4,9,Fairbanks North Star Borough  ,7,7,1850000,0,0,0,2,8,1100000,0,0,0,7,7,1850000,0,0,0,2,8,1100000,0,0,0
201708,02,100,4,9,Haines Borough                ,6,6,1670114,0,0,0,0,0,0,0,0,0,0,0,0,0,0,0,0,0,0,0,0,0
201708,02,105,4,9,Hoonah-Angoon Census Area     ,0,0,0,0,0,0,0,0,0,0,0,0,0,0,0,0,0,0,0,0,0,0,0,0
201708,02,110,4,9,Juneau City and Borough       ,36,36,8115918,4,8,1177875,0,0,0,0,0,0,36,36,8115918,4,8,1177875,0,0,0,0,0,0
201708,02,122,4,9,Kenai Peninsula Borough       ,68,68,13089971,4,8,1350930,1,3,300000,1,6,980000,49,49,8941178,2,4,850000,1,3,300000,1,6,980000
201708,02,130,4,9,Ketchikan Gateway Borough     ,15,15,4349084,3,6,904326,0,0,0,0,0,0,15,15,4349084,3,6,904326,0,0,0,0,0,0
201708,02,150,4,9,Kodiak Island Borough         ,10,10,2626525,4,8,1702284,0,0,0,4,20,4139211,10,10,2626525,4,8,1702284,0,0,0,4,20,4139211
201708,02,158,4,9,Kusilvak Census Area          ,0,0,0,0,0,0,0,0,0,0,0,0,0,0,0,0,0,0,0,0,0,0,0,0
201708,02,170,4,9,Matanuska-Susitna Borough     ,29,29,7934920,16,32,4603348,2,8,962608,1,36,3708936,29,29,7934920,16,32,4603348,2,8,962608,1,36,3708936
201708,02,180,4,9,Nome Census Area              ,2,2,208116,0,0,0,0,0,0,0,0,0,1,1,72797,0,0,0,0,0,0,0,0,0
201708,02,185,4,9,North Slope Borough           ,5,5,1370172,0,0,0,0,0,0,0,0,0,5,5,1370172,0,0,0,0,0,0,0,0,0
201708,02,188,4,9,Northwest Arctic Borough      ,7,7,2920406,0,0,0,0,0,0,0,0,0,5,5,2300000,0,0,0,0,0,0,0,0,0
201708,02,195,4,9,Petersburg Borough            ,9,9,2082834,0,0,0,0,0,0,0,0,0,7,7,1385000,0,0,0,0,0,0,0,0,0
201708,02,198,4,9,Prince of Wales-Hyder Census A,3,3,821600,4,8,1420225,0,0,0,0,0,0,3,3,821600,4,8,1420225,0,0,0,0,0,0
201708,02,220,4,9,Sitka City and Borough        ,10,10,2898343,1,2,724270,0,0,0,0,0,0,0,0,0,0,0,0,0,0,0,0,0,0
201708,02,230,4,9,Skagway Municipality          ,3,3,752500,1,2,225000,0,0,0,0,0,0,1,1,263500,1,2,225000,0,0,0,0,0,0
201708,02,261,4,9,Valdez-Cordova Census Area    ,17,17,8969580,0,0,0,0,0,0,0,0,0,16,16,8779980,0,0,0,0,0,0,0,0,0
201708,02,275,4,9,Wrangell City and Borough     ,2,2,352000,0,0,0,0,0,0,0,0,0,2,2,352000,0,0,0,0,0,0,0,0,0
201708,02,282,4,9,Yakutat City and Borough      ,2,2,30000,0,0,0,0,0,0,0,0,0,2,2,30000,0,0,0,0,0,0,0,0,0
201708,02,290,4,9,Yukon-Koyukuk Census Area     ,0,0,0,0,0,0,0,0,0,0,0,0,0,0,0,0,0,0,0,0,0,0,0,0
201708,04,013,4,8,Maricopa County               ,11963,11963,3267741980,48,96,14253295,47,176,31260414,202,5160,760206541,11889,11889,3239832762,48,96,14253295,46,173,29712692,201,5155,759450319
201708,04,019,4,8,Pima County                   ,1795,1795,510858234,3,6,1038990,0,0,0,32,314,44646457,828,828,227501630,0,0,0,0,0,0,24,248,35268320
201708,04,021,4,8,Pinal County                  ,2277,2277,452642188,33,66,3964133,1,4,420000,0,0,0,2127,2127,429353347,30,60,3515889,1,4,420000,0,0,0
201708,05,013,3,7,Calhoun County                ,0,0,0,0,0,0,0,0,0,0,0,0,0,0,0,0,0,0,0,0,0,0,0,0
201708,05,035,3,7,Crittenden County             ,38,38,7352620,0,0,0,0,0,0,0,0,0,30,30,5978000,0,0,0,0,0,0,0,0,0
201708,05,045,3,7,Faulkner County               ,171,171,37947580,4,8,601667,0,0,0,4,87,2187500,88,88,18934687,1,2,143000,0,0,0,1,72,1625000
201708,05,053,3,7,Grant County                  ,10,10,1428977,0,0,0,0,0,0,0,0,0,0,0,0,0,0,0,0,0,0,0,0,0
201708,05,085,3,7,Lonoke County                 ,248,248,25481740,2,4,202000,4,12,606100,0,0,0,102,102,12419538,2,4,202000,4,12,606100,0,0,0
201708,05,087,3,7,Madison County                ,2,2,139000,0,0,0,0,0,0,0,0,0,2,2,139000,0,0,0,0,0,0,0,0,0
201708,05,091,3,7,Miller County                 ,22,22,4614651,0,0,0,0,0,0,0,0,0,10,10,2825370,0,0,0,0,0,0,0,0,0
201708,05,105,3,7,Perry County                  ,7,7,1698000,0,0,0,0,0,0,0,0,0,7,7,1698000,0,0,0,0,0,0,0,0,0
201708,05,119,3,7,Pulaski County                ,701,701,137314021,10,20,1947100,0,0,0,13,434,31041667,701,701,137314021,10,20,1947100,0,0,0,13,434,31041667
201708,05,129,3,7,Searcy County                 ,0,0,0,0,0,0,0,0,0,0,0,0,0,0,0,0,0,0,0,0,0,0,0,0
201708,05,143,3,7,Washington County             ,868,868,213517157,18,36,7072000,0,0,0,0,0,0,777,777,202465857,18,36,7072000,0,0,0,0,0,0
201708,06,001,4,9,Alameda County                ,1652,1652,551622444,13,26,7523701,21,76,17832927,116,4327,628651041,1385,1385,466335100,12,24,7049259,17,63,14315281,90,4036,570268801
201708,06,013,4,9,Contra Costa County           ,1156,1156,370598555,4,8,1484675,7,23,4373269,10,225,46963576,1092,1092,352153921,4,8,1484675,5,15,3996565,4,153,37261290
201708,06,017,4,9,El Dorado County              ,603,603,234650998,1,2,150000,0,0,0,0,0,0,593,593,231673534,1,2,150000,0,0,0,0,0,0
201708,06,019,4,9,Fresno County                 ,1047,1047,295254427,2,4,613229,6,18,745932,60,474,42282272,1008,1008,289618537,2,4,613229,6,18,745932,60,474,42282272
201708,06,037,4,9,Los Angeles County            ,3951,3951,1617142254,330,660,127390203,41,141,25254642,221,10150,2076580911,3697,3697,1507927926,327,654,126364599,31,111,21744677,204,9831,2011499249
201708,06,041,4,9,Marin County                  ,64,64,51521225,0,0,0,0,0,0,0,0,0,53,53,40414192,0,0,0,0,0,0,0,0,0
201708,06,059,4,9,Orange County                 ,3269,3269,1033120554,77,154,38173217,73,237,52652137,98,2898,395357000,2923,2923,895527390,63,126,29306395,73,237,52652137,90,2588,364977694
201708,06,061,4,9,Placer County                 ,1811,1811,537604109,9,18,2575375,0,0,0,32,486,51882258,1809,1809,536950301,9,18,2575375,0,0,0,32,486,51882258
201708,06,063,4,9,Plumas County                 ,33,33,7103025,0,0,0,0,0,0,0,0,0,33,33,7103025,0,0,0,0,0,0,0,0,0
201708,06,067,4,9,Sacramento County             ,1943,1943,524779257,20,40,5022636,0,0,0,34,868,142647582,1929,1929,521478704,20,40,5022636,0,0,0,34,868,142647582
201708,06,069,4,9,San Benito County             ,396,396,98671363,1,2,323509,0,0,0,0,0,0,351,351,87503019,1,2,323509,0,0,0,0,0,0
201708,06,071,4,9,San Bernardino County         ,3203,3203,757198022,67,134,23327600,11,43,5491083,74,1796,218067315,3107,3107,733369840,67,134,23327600,11,43,5491083,70,1769,215116097
201708,06,073,4,9,San Diego County              ,2549,2549,885064433,39,78,16131170,94,319,52460879,127,3371,526661891,2532,2532,879725144,39,78,16131170,94,319,52460879,122,3334,508614065
201708,06,075,4,9,San Francisco County          ,27,27,7392900,8,16,4075554,7,22,5730280,26,2120,829352680,27,27,7392900,8,16,4075554,7,22,5730280,26,2120,829352680
201708,06,081,4,9,San Mateo County              ,285,285,230453855,7,14,3558960,2,6,1552840,35,993,183128101,145,145,152519657,4,8,1758960,1,3,925000,6,535,106517568
201708,06,085,4,9,Santa Clara County            ,1309,1309,463374604,4,8,948569,13,42,11399431,117,3669,678328908,1257,1257,439933799,4,8,948569,10,32,8886430,114,3599,667269715
201708,06,091,4,9,Sierra County                 ,2,2,475081,0,0,0,0,0,0,0,0,0,2,2,475081,0,0,0,0,0,0,0,0,0
201708,06,113,4,9,Yolo County                   ,255,255,76339336,5,10,1679204,0,0,0,19,162,20218511,255,255,76339336,5,10,1679204,0,0,0,19,162,20218511
201708,08,001,4,8,Adams County                  ,1241,1241,362124991,6,12,1711636,8,31,3114903,14,279,38932593,1186,1186,344808377,6,12,1711636,7,28,2816028,12,232,32842613
201708,08,005,4,8,Arapahoe County               ,1594,1594,374799724,12,24,2228901,9,28,3691312,16,426,60958333,1585,1585,370650109,12,24,2228901,9,28,3691312,16,426,60958333
201708,08,014,4,8,Broomfield County             ,252,252,74365627,0,0,0,0,0,0,0,0,0,252,252,74365627,0,0,0,0,0,0,0,0,0
201708,08,015,4,8,Chaffee County                ,93,93,24642010,3,6,971886,2,6,1099400,0,0,0,0,0,0,0,0,0,0,0,0,0,0,0
201708,08,019,4,8,Clear Creek County            ,15,15,5149697,0,0,0,0,0,0,1,10,1454170,14,14,4876165,0,0,0,0,0,0,1,10,1454170
201708,08,031,4,8,Denver County                 ,1505,1505,323253674,90,180,37421328,0,0,0,46,6725,763390381,1505,1505,323253674,90,180,37421328,0,0,0,46,6725,763390381
201708,08,035,4,8,Douglas County                ,1573,1573,487961728,1,2,418365,0,0,0,49,1005,134552054,1565,1565,484777549,1,2,418365,0,0,0,49,1005,134552054
201708,08,039,4,8,Elbert County                 ,122,122,37322825,0,0,0,0,0,0,0,0,0,121,121,37162395,0,0,0,0,0,0,0,0,0
201708,08,041,4,8,El Paso County                ,2536,2536,1007498944,1,2,243928,1,3,200000,17,502,62070971,2536,2536,1007498944,1,2,243928,1,3,200000,17,502,62070971
201708,08,047,4,8,Gilpin County                 ,23,23,6475240,0,0,0,0,0,0,0,0,0,23,23,6475240,0,0,0,0,0,0,0,0,0
201708,08,069,4,8,Larimer County                ,1531,1531,384041848,14,28,4482027,2,8,1680900,28,578,94621202,1528,1528,383215712,14,28,4482027,2,8,1680900,28,578,94621202
201708,08,077,4,8,Mesa County                   ,438,438,105448966,6,12,1834838,1,4,555397,1,72,10204992,438,438,105448966,6,12,1834838,1,4,555397,1,72,10204992
201708,08,093,4,8,Park County                   ,110,110,23422679,0,0,0,1,4,700000,0,0,0,109,109,23217333,0,0,0,1,4,700000,0,0,0
201708,08,101,4,8,Pueblo County                 ,227,227,38673555,3,6,823241,0,0,0,2,10,1413226,152,152,25756854,1,2,319017,0,0,0,0,0,0
201708,08,119,4,8,Teller County                 ,66,66,18554393,0,0,0,0,0,0,0,0,0,66,66,18554393,0,0,0,0,0,0,0,0,0
201708,09,001,1,1,Fairfield County              ,506,506,312265710,14,28,4450225,3,9,950000,20,545,129438557,464,464,285784322,13,26,4323025,3,9,950000,18,535,128628021
201708,09,003,1,1,Hartford County               ,304,304,64870949,5,10,1328580,2,7,654490,20,165,19836692,275,275,58575967,5,10,1328580,1,4,320002,12,125,17889244
201708,09,007,1,1,Middlesex County              ,96,96,24820104,0,0,0,0,0,0,4,73,5966482,91,91,23631007,0,0,0,0,0,0,4,73,5966482
201708,09,013,1,1,Tolland County                ,103,103,22972383,3,6,582000,1,3,405000,12,98,9186324,72,72,16301353,3,6,582000,1,3,405000,4,52,3980000
201708,10,001,3,5,Kent County                   ,774,774,121724413,6,12,1870012,4,16,1935900,20,253,19491684,766,766,120449474,6,12,1870012,4,16,1935900,19,248,19009599
201708,10,003,3,5,New Castle County             ,983,983,87403944,1,2,85000,1,3,552330,33,513,26470779,565,565,52409192,1,2,85000,1,3,552330,18,374,17703548
201708,10,005,3,5,Sussex County                 ,1728,1728,247884885,72,144,15938224,15,51,6281851,20,143,11487444,1728,1728,247884885,72,144,15938224,15,51,6281851,20,143,11487444
201708,11,001,3,5,Washington  DC                ,251,251,57524350,11,22,2358695,2,8,976484,35,2605,273312025,217,217,49807560,10,20,2142684,2,8,976484,31,2204,233354674
201708,12,003,3,5,Baker County                  ,92,92,15900718,2,4,100000,0,0,0,5,30,3670020,92,92,15900718,2,4,100000,0,0,0,5,30,3670020
201708,12,019,3,5,Clay County                   ,674,674,141443583,1,2,262000,1,3,530000,2,64,4332000,674,674,141443583,1,2,262000,1,3,530000,2,64,4332000
201708,12,029,3,5,Dixie County                  ,22,22,2779114,0,0,0,0,0,0,0,0,0,0,0,0,0,0,0,0,0,0,0,0,0
201708,12,031,3,5,Duval County                  ,2175,2175,522042388,12,24,2591328,0,0,0,52,1966,207349267,2088,2088,494727783,12,24,2591328,0,0,0,52,1966,207349267
201708,12,033,3,5,Escambia County               ,717,717,164831452,2,4,272000,0,0,0,1,5,910000,717,717,164831452,2,4,272000,0,0,0,1,5,910000
201708,12,053,3,5,Hernando County               ,546,546,106015286,0,0,0,0,0,0,3,104,8196395,546,546,106015286,0,0,0,0,0,0,3,104,8196395
201708,12,057,3,5,Hillsborough County           ,5173,5173,1643849098,5,10,1308339,0,0,0,49,2747,328595225,5173,5173,1643849098,5,10,1308339,0,0,0,49,2747,328595225
201708,12,067,3,5,Lafayette County              ,4,4,640000,0,0,0,0,0,0,0,0,0,4,4,640000,0,0,0,0,0,0,0,0,0
201708,12,071,3,5,Lee County                    ,3277,3277,759395507,103,206,26450320,31,123,23291256,63,1360,150163788,3267,3267,757361670,103,206,26450320,31,123,23291256,63,1360,150163788
201708,12,073,3,5,Leon County                   ,462,462,93243035,3,6,920000,1,3,525000,12,257,19158031,91,91,22319500,0,0,0,0,0,0,0,0,0
201708,12,081,3,5,Manatee County                ,2034,2034,441580884,3,6,1041749,12,48,5934280,18,327,32252985,2016,2016,434524771,2,4,476500,12,48,5934280,18,327,32252985
201708,12,086,3,5,Miami-Dade County             ,1780,1780,598585541,52,104,16756141,3,9,1017954,77,6045,1217147307,1632,1632,530349820,52,104,16756141,2,6,735962,66,5975,1146883490
201708,12,089,3,5,Nassau County                 ,767,767,219941670,0,0,0,0,0,0,1,6,1333744,758,758,218631741,0,0,0,0,0,0,1,6,1333744
201708,12,091,3,5,Okaloosa County               ,619,619,175449237,1,2,411880,0,0,0,6,296,32958750,591,591,171434595,1,2,411880,0,0,0,6,296,32958750
201708,12,095,3,5,Orange County                 ,4522,4522,1245621997,65,130,22934947,17,51,9174131,52,1688,229165897,4501,4501,1236013540,65,130,22934947,17,51,9174131,50,1643,222920195
201708,12,097,3,5,Osceola County                ,2834,2834,767446270,4,8,304127,7,28,4514639,16,518,33770457,2746,2746,746659251,4,8,304127,7,28,4514639,16,518,33770457
201708,12,101,3,5,Pasco County                  ,2746,2746,548129824,7,14,1583344,0,0,0,15,88,5613410,2739,2739,547466798,4,8,743344,0,0,0,11,68,3888410
201708,12,103,3,5,Pinellas County               ,661,661,167400651,8,16,1927801,3,10,1883861,17,566,58713737,630,630,156883874,8,16,1927801,3,10,1883861,13,493,51247403
201708,12,109,3,5,St. Johns County              ,3136,3136,749519135,0,0,0,12,48,9194613,1,6,1143641,3126,3126,746926843,0,0,0,12,48,9194613,1,6,1143641
201708,12,113,3,5,Santa Rosa County             ,1037,1037,165348458,0,0,0,0,0,0,0,0,0,1037,1037,165348458,0,0,0,0,0,0,0,0,0
201708,12,115,3,5,Sarasota County               ,2192,2192,629672987,10,20,4004134,18,72,15872357,26,639,89781836,2141,2141,610224844,10,20,4004134,18,72,15872357,25,619,86609090
201708,12,117,3,5,Seminole County               ,739,739,246972069,15,30,2109296,0,0,0,34,976,104643329,731,731,244763074,15,30,2109296,0,0,0,31,889,98971297
201708,12,119,3,5,Sumter County                 ,1072,1072,292510535,0,0,0,0,0,0,0,0,0,1072,1072,292510535,0,0,0,0,0,0,0,0,0
201708,12,129,3,5,Wakulla County                ,180,180,27716238,0,0,0,0,0,0,0,0,0,180,180,27716238,0,0,0,0,0,0,0,0,0
201708,12,131,3,5,Walton County                 ,792,792,377750319,1,2,1120000,26,79,13898487,1,14,13164621,792,792,377750319,1,2,1120000,26,79,13898487,1,14,13164621
201708,12,133,3,5,Washington County             ,35,35,4647219,0,0,0,0,0,0,0,0,0,21,21,2567381,0,0,0,0,0,0,0,0,0
201708,13,007,3,5,Baker County                  ,0,0,0,0,0,0,0,0,0,0,0,0,0,0,0,0,0,0,0,0,0,0,0,0
201708,13,013,3,5,Barrow County                 ,293,293,40794755,0,0,0,0,0,0,0,0,0,161,161,23704022,0,0,0,0,0,0,0,0,0
201708,13,015,3,5,Bartow County                 ,384,384,33849320,1,2,144000,0,0,0,0,0,0,345,345,27863084,1,2,144000,0,0,0,0,0,0
201708,13,021,3,5,Bibb County                   ,71,71,11848666,0,0,0,0,0,0,0,0,0,71,71,11848666,0,0,0,0,0,0,0,0,0
201708,13,029,3,5,Bryan County                  ,313,313,65993065,0,0,0,0,0,0,1,5,501770,285,285,60796043,0,0,0,0,0,0,0,0,0
201708,13,033,3,5,Burke County                  ,37,37,6561530,0,0,0,0,0,0,0,0,0,0,0,0,0,0,0,0,0,0,0,0,0
201708,13,035,3,5,Butts County                  ,43,43,7295000,0,0,0,0,0,0,0,0,0,43,43,7295000,0,0,0,0,0,0,0,0,0
201708,13,045,3,5,Carroll County                ,187,187,42884925,0,0,0,0,0,0,0,0,0,187,187,42884925,0,0,0,0,0,0,0,0,0
201708,13,051,3,5,Chatham County                ,614,614,133241466,0,0,0,0,0,0,11,60,3300000,612,612,132798464,0,0,0,0,0,0,11,60,3300000
201708,13,057,3,5,Cherokee County               ,1626,1626,448782275,0,0,0,0,0,0,0,0,0,1626,1626,448782275,0,0,0,0,0,0,0,0,0
201708,13,059,3,5,Clarke County                 ,153,153,25891430,0,0,0,0,0,0,12,176,17104164,153,153,25891430,0,0,0,0,0,0,12,176,17104164
201708,13,063,3,5,Clayton County                ,371,371,84953147,0,0,0,0,0,0,0,0,0,369,369,84774017,0,0,0,0,0,0,0,0,0
201708,13,067,3,5,Cobb County                   ,1049,1049,291784448,9,18,3252722,21,79,18801153,58,349,49655943,1044,1044,290829980,9,18,3252722,21,79,18801153,58,349,49655943
201708,13,073,3,5,Columbia County               ,929,929,173459355,0,0,0,8,32,1722400,6,32,1797600,929,929,173459355,0,0,0,8,32,1722400,6,32,1797600
201708,13,077,3,5,Coweta County                 ,587,587,198579271,2,4,1066814,0,0,0,0,0,0,532,532,183524203,2,4,1066814,0,0,0,0,0,0
201708,13,085,3,5,Dawson County                 ,211,211,43135905,0,0,0,0,0,0,0,0,0,207,207,42748672,0,0,0,0,0,0,0,0,0
201708,13,095,3,5,Dougherty County              ,17,17,2326854,0,0,0,0,0,0,0,0,0,17,17,2326854,0,0,0,0,0,0,0,0,0
201708,13,097,3,5,Douglas County                ,273,273,50795398,0,0,0,0,0,0,0,0,0,273,273,50795398,0,0,0,0,0,0,0,0,0
201708,13,111,3,5,Fannin County                 ,186,186,36903628,0,0,0,0,0,0,0,0,0,186,186,36903628,0,0,0,0,0,0,0,0,0
201708,13,113,3,5,Fayette County                ,314,314,91496549,0,0,0,1,4,756650,1,5,798742,269,269,76617328,0,0,0,1,4,756650,0,0,0
201708,13,115,3,5,Floyd County                  ,120,120,19964467,0,0,0,0,0,0,0,0,0,120,120,19964467,0,0,0,0,0,0,0,0,0
201708,13,117,3,5,Forsyth County                ,1826,1826,257290146,0,0,0,0,0,0,17,404,18045080,1826,1826,257290146,0,0,0,0,0,0,17,404,18045080
201708,13,121,3,5,Fulton County                 ,2369,2369,638889268,2,4,918000,0,0,0,36,4757,679488446,2109,2109,575059462,2,4,918000,0,0,0,35,4752,679466215
201708,13,127,3,5,Glynn County                  ,379,379,109194169,0,0,0,0,0,0,0,0,0,0,0,0,0,0,0,0,0,0,0,0,0
201708,13,135,3,5,Gwinnett County               ,2692,2692,621711278,0,0,0,0,0,0,1,6,858210,2645,2645,608856650,0,0,0,0,0,0,1,6,858210
201708,13,143,3,5,Haralson County               ,34,34,7795888,0,0,0,0,0,0,0,0,0,15,15,3468689,0,0,0,0,0,0,0,0,0
201708,13,145,3,5,Harris County                 ,124,124,29741355,0,0,0,0,0,0,0,0,0,124,124,29741355,0,0,0,0,0,0,0,0,0
201708,13,149,3,5,Heard County                  ,11,11,2517293,0,0,0,0,0,0,0,0,0,11,11,2517293,0,0,0,0,0,0,0,0,0
201708,13,151,3,5,Henry County                  ,1066,1066,192839131,0,0,0,0,0,0,0,0,0,1035,1035,188624859,0,0,0,0,0,0,0,0,0
201708,13,159,3,5,Jasper County                 ,47,47,6296778,0,0,0,0,0,0,0,0,0,0,0,0,0,0,0,0,0,0,0,0,0
201708,13,171,3,5,Lamar County                  ,21,21,2587108,0,0,0,0,0,0,0,0,0,21,21,2587108,0,0,0,0,0,0,0,0,0
201708,13,177,3,5,Lee County                    ,314,314,24726803,0,0,0,0,0,0,0,0,0,314,314,24726803,0,0,0,0,0,0,0,0,0
201708,13,179,3,5,Liberty County                ,219,219,51522653,1,2,109120,2,8,323600,7,52,2166680,219,219,51522653,1,2,109120,2,8,323600,7,52,2166680
201708,13,189,3,5,McDuffie County               ,20,20,3626392,0,0,0,0,0,0,0,0,0,15,15,2914000,0,0,0,0,0,0,0,0,0
201708,13,199,3,5,Meriwether County             ,21,21,4835058,0,0,0,0,0,0,0,0,0,18,18,4152260,0,0,0,0,0,0,0,0,0
201708,13,201,3,5,Miller County                 ,5,5,405687,0,0,0,0,0,0,0,0,0,5,5,405687,0,0,0,0,0,0,0,0,0
201708,13,207,3,5,Monroe County                 ,90,90,19306445,0,0,0,0,0,0,0,0,0,58,58,12205500,0,0,0,0,0,0,0,0,0
201708,13,215,3,5,Muscogee County               ,222,222,43656818,0,0,0,4,13,800106,11,106,16359807,0,0,0,0,0,0,0,0,0,0,0,0
201708,13,217,3,5,Newton County                 ,390,390,89462559,0,0,0,0,0,0,0,0,0,390,390,89462559,0,0,0,0,0,0,0,0,0
201708,13,227,3,5,Pickens County                ,91,91,20447241,0,0,0,0,0,0,0,0,0,89,89,20065741,0,0,0,0,0,0,0,0,0
201708,13,231,3,5,Pike County                   ,69,69,13554750,0,0,0,0,0,0,0,0,0,68,68,13485000,0,0,0,0,0,0,0,0,0
201708,13,235,3,5,Pulaski County                ,10,10,1070000,0,0,0,0,0,0,0,0,0,10,10,1070000,0,0,0,0,0,0,0,0,0
201708,13,245,3,5,Richmond County               ,287,287,48224239,1,2,180000,0,0,0,8,164,8639604,12,12,1875000,0,0,0,0,0,0,0,0,0
201708,13,247,3,5,Rockdale County               ,188,188,43297616,0,0,0,1,4,722510,1,8,1445020,188,188,43297616,0,0,0,1,4,722510,1,8,1445020
201708,13,255,3,5,Spalding County               ,185,185,22005176,0,0,0,0,0,0,0,0,0,182,182,21769826,0,0,0,0,0,0,0,0,0
201708,13,275,3,5,Thomas County                 ,57,57,10915463,0,0,0,0,0,0,0,0,0,57,57,10915463,0,0,0,0,0,0,0,0,0
201708,13,291,3,5,Union County                  ,121,121,31173996,0,0,0,0,0,0,0,0,0,121,121,31173996,0,0,0,0,0,0,0,0,0
201708,15,001,4,9,Hawaii County                 ,557,557,179426483,4,8,785320,0,0,0,10,80,10260000,557,557,179426483,4,8,785320,0,0,0,10,80,10260000
201708,15,003,4,9,Honolulu County               ,728,728,227599749,0,0,0,0,0,0,1,84,29000000,728,728,227599749,0,0,0,0,0,0,1,84,29000000
201708,15,007,4,9,Kauai County                  ,152,152,70013810,10,20,7955869,0,0,0,2,18,12245000,152,152,70013810,10,20,7955869,0,0,0,2,18,12245000
201708,15,009,4,9,Maui County                   ,346,346,107127050,19,38,9112352,3,12,2842857,29,244,37960736,346,346,107127050,19,38,9112352,3,12,2842857,29,244,37960736
201708,16,001,4,8,Ada County                    ,2817,2817,747971860,6,12,2541096,47,185,15298747,61,874,108159855,2720,2720,728069840,6,12,2541096,47,185,15298747,61,874,108159855
201708,16,015,4,8,Boise County                  ,48,48,9476891,0,0,0,0,0,0,0,0,0,48,48,9476891,0,0,0,0,0,0,0,0,0
201708,16,027,4,8,Canyon County                 ,1100,1100,180730349,1,2,102253,15,60,4015187,4,48,3595000,1083,1083,177398542,1,2,102253,15,60,4015187,4,48,3595000
201708,16,045,4,8,Gem County                    ,41,41,5957754,0,0,0,0,0,0,0,0,0,41,41,5957754,0,0,0,0,0,0,0,0,0
201708,16,073,4,8,Owyhee County                 ,17,17,3089900,1,2,363316,0,0,0,0,0,0,15,15,2771934,1,2,363316,0,0,0,0,0,0
201708,17,005,2,3,Bond County                   ,7,7,1362248,0,0,0,0,0,0,0,0,0,1,1,305000,0,0,0,0,0,0,0,0,0
201708,17,013,2,3,Calhoun County                ,8,8,849500,0,0,0,0,0,0,0,0,0,8,8,849500,0,0,0,0,0,0,0,0,0
201708,17,031,2,3,Cook County                   ,1110,1110,368412678,31,62,14976114,120,389,80584645,123,6742,710449044,938,938,317876576,31,62,14976114,115,374,78346935,118,6712,706409862
201708,17,037,2,3,DeKalb County                 ,68,68,14363300,0,0,0,2,8,1316000,0,0,0,68,68,14363300,0,0,0,2,8,1316000,0,0,0
201708,17,039,2,3,De Witt County                ,13,13,2809704,0,0,0,0,0,0,0,0,0,13,13,2809704,0,0,0,0,0,0,0,0,0
201708,17,043,2,3,DuPage County                 ,698,698,263590313,11,22,4204858,19,71,10336478,19,265,53687349,655,655,246090131,11,22,4204858,19,71,10336478,14,144,50817265
201708,17,063,2,3,Grundy County                 ,49,49,12194523,0,0,0,0,0,0,14,85,4358970,38,38,10323408,0,0,0,0,0,0,0,0,0
201708,17,083,2,3,Jersey County                 ,21,21,3270980,0,0,0,0,0,0,0,0,0,6,6,933347,0,0,0,0,0,0,0,0,0
201708,17,093,2,3,Kendall County                ,178,178,38695839,0,0,0,0,0,0,1,51,9607940,144,144,31269208,0,0,0,0,0,0,1,51,9607940
201708,17,097,2,3,Lake County                   ,380,380,132786223,6,12,1160901,1,3,271117,16,421,70506679,278,278,86653849,1,2,744236,1,3,271117,6,344,50796380
201708,17,111,2,3,McHenry County                ,229,229,42996484,1,2,300000,6,21,2290000,0,0,0,211,211,39674278,1,2,300000,6,21,2290000,0,0,0
201708,17,119,2,3,Madison County                ,290,290,72919806,2,4,520000,0,0,0,3,26,3148929,273,273,69730605,2,4,520000,0,0,0,1,16,1801389
201708,17,133,2,3,Monroe County                 ,113,113,29072996,0,0,0,0,0,0,1,6,696449,113,113,29072996,0,0,0,0,0,0,1,6,696449
201708,17,197,2,3,Will County                   ,802,802,207642122,2,4,512000,2,8,820000,5,26,5281250,696,696,185535162,2,4,512000,2,8,820000,0,0,0
201708,18,003,2,3,Allen County                  ,700,700,175845909,20,40,4473416,0,0,0,14,363,38439000,700,700,175845909,20,40,4473416,0,0,0,14,363,38439000
201708,18,011,2,3,Boone County                  ,269,269,90284369,25,50,15962100,0,0,0,7,68,10219000,266,266,89899134,25,50,15962100,0,0,0,7,68,10219000
201708,18,013,2,3,Brown County                  ,48,48,12077383,0,0,0,0,0,0,0,0,0,48,48,12077383,0,0,0,0,0,0,0,0,0
201708,18,019,2,3,Clark County                  ,377,377,75648425,0,0,0,0,0,0,0,0,0,354,354,72434605,0,0,0,0,0,0,0,0,0
201708,18,047,2,3,Franklin County               ,38,38,9272000,0,0,0,0,0,0,0,0,0,38,38,9272000,0,0,0,0,0,0,0,0,0
201708,18,057,2,3,Hamilton County               ,1400,1400,467257388,2,4,737295,5,18,2624604,20,360,34896709,1400,1400,467257388,2,4,737295,5,18,2624604,20,360,34896709
201708,18,059,2,3,Hancock County                ,302,302,63417765,1,2,50000,0,0,0,0,0,0,302,302,63417765,1,2,50000,0,0,0,0,0,0
201708,18,061,2,3,Harrison County               ,85,85,16607673,0,0,0,0,0,0,0,0,0,85,85,16607673,0,0,0,0,0,0,0,0,0
201708,18,063,2,3,Hendricks County              ,836,836,185111646,4,8,549092,0,0,0,2,41,3397666,735,735,163067162,0,0,0,0,0,0,0,0,0
201708,18,069,2,3,Huntington County             ,46,46,9120781,0,0,0,0,0,0,1,6,150000,46,46,9120781,0,0,0,0,0,0,1,6,150000
201708,18,073,2,3,Jasper County                 ,60,60,13843156,0,0,0,0,0,0,0,0,0,60,60,13843156,0,0,0,0,0,0,0,0,0
201708,18,081,2,3,Johnson County                ,583,583,138145962,4,8,1615000,1,3,325270,0,0,0,476,476,118745476,4,8,1615000,1,3,325270,0,0,0
201708,18,087,2,3,Lagrange County               ,99,99,16560120,0,0,0,0,0,0,0,0,0,95,95,16069141,0,0,0,0,0,0,0,0,0
201708,18,089,2,3,Lake County                   ,845,845,198385546,15,30,3251098,5,16,2852428,3,24,3541000,820,820,193373253,15,30,3251098,4,12,2384000,3,24,3541000
201708,18,097,2,3,Marion County                 ,672,672,172927889,9,18,2483477,1,3,650000,6,507,84598322,652,652,169155519,9,18,2483477,1,3,650000,6,507,84598322
201708,18,105,2,3,Monroe County                 ,187,187,47973736,13,26,3086956,0,0,0,4,234,27095535,172,172,44309802,13,26,3086956,0,0,0,3,226,26232927
201708,18,109,2,3,Morgan County                 ,96,96,22974520,0,0,0,0,0,0,0,0,0,96,96,22974520,0,0,0,0,0,0,0,0,0
201708,18,111,2,3,Newton County                 ,12,12,2402435,0,0,0,0,0,0,0,0,0,0,0,0,0,0,0,0,0,0,0,0,0
201708,18,115,2,3,Ohio County                   ,10,10,1331000,0,0,0,0,0,0,0,0,0,10,10,1331000,0,0,0,0,0,0,0,0,0
201708,18,119,2,3,Owen County                   ,34,34,6130758,0,0,0,0,0,0,0,0,0,22,22,4055007,0,0,0,0,0,0,0,0,0
201708,18,127,2,3,Porter County                 ,333,333,86830802,3,6,615000,0,0,0,11,143,16429280,300,300,78680991,3,6,615000,0,0,0,11,143,16429280
201708,18,133,2,3,Putnam County                 ,60,60,13491713,4,8,762296,0,0,0,0,0,0,55,55,12163984,4,8,762296,0,0,0,0,0,0
201708,18,145,2,3,Shelby County                 ,50,50,8734400,0,0,0,0,0,0,15,120,5854892,50,50,8734400,0,0,0,0,0,0,15,120,5854892
201708,18,151,2,3,Steuben County                ,93,93,25198288,3,6,720000,0,0,0,0,0,0,93,93,25198288,3,6,720000,0,0,0,0,0,0
201708,18,157,2,3,Tippecanoe County             ,340,340,80784833,10,20,3600000,0,0,0,3,367,48994231,230,230,59189568,0,0,0,0,0,0,2,362,48600000
201708,18,163,2,3,Vanderburgh County            ,212,212,36588632,8,16,1330000,0,0,0,0,0,0,212,212,36588632,8,16,1330000,0,0,0,0,0,0
201708,18,167,2,3,Vigo County                   ,22,22,3310400,12,24,1602182,0,0,0,3,94,5102790,17,17,2644000,9,18,1084000,0,0,0,1,48,2200000
201708,18,175,2,3,Washington County             ,25,25,3860678,0,0,0,0,0,0,0,0,0,0,0,0,0,0,0,0,0,0,0,0,0
201708,18,183,2,3,Whitley County                ,94,94,20923397,0,0,0,0,0,0,0,0,0,94,94,20923397,0,0,0,0,0,0,0,0,0
201708,19,049,2,4,Dallas County                 ,575,575,141038561,2,4,628362,0,0,0,15,312,43668295,572,572,140340753,2,4,628362,0,0,0,9,282,40905139
201708,19,085,2,4,Harrison County               ,30,30,5900000,1,2,126000,1,3,500000,0,0,0,26,26,5380000,1,2,126000,0,0,0,0,0,0
201708,19,129,2,4,Mills County                  ,6,6,1690666,0,0,0,0,0,0,0,0,0,2,2,500000,0,0,0,0,0,0,0,0,0
201708,19,153,2,4,Polk County                   ,1701,1701,437092138,4,8,1501521,2,8,1327107,26,1184,133281763,1701,1701,437092138,4,8,1501521,2,8,1327107,26,1184,133281763
201708,19,181,2,4,Warren County                 ,232,232,60671497,4,8,1110075,1,3,375900,0,0,0,219,219,57507697,4,8,1110075,1,3,375900,0,0,0
201708,20,091,2,4,Johnson County                ,1318,1318,426632473,6,12,3132000,29,113,17453124,34,666,87797063,1287,1287,413423935,6,12,3132000,29,113,17453124,28,540,71261671
201708,20,103,2,4,Leavenworth County            ,158,158,32289286,0,0,0,0,0,0,0,0,0,158,158,32289286,0,0,0,0,0,0,0,0,0
201708,20,107,2,4,Linn County                   ,32,32,2924077,0,0,0,0,0,0,0,0,0,24,24,2152800,0,0,0,0,0,0,0,0,0
201708,20,121,2,4,Miami County                  ,73,73,19069306,0,0,0,0,0,0,0,0,0,20,20,3526190,0,0,0,0,0,0,0,0,0
201708,20,209,2,4,Wyandotte County              ,236,236,37493033,13,26,2563778,0,0,0,0,0,0,236,236,37493033,13,26,2563778,0,0,0,0,0,0
201708,21,005,3,6,Anderson County               ,46,46,9682467,0,0,0,0,0,0,0,0,0,46,46,9682467,0,0,0,0,0,0,0,0,0
201708,21,015,3,6,Boone County                  ,303,303,51161075,4,8,468000,1,4,525975,14,121,10869744,303,303,51161075,4,8,468000,1,4,525975,14,121,10869744
201708,21,017,3,6,Bourbon County                ,25,25,6962794,5,10,672500,0,0,0,0,0,0,18,18,5277943,2,4,185000,0,0,0,0,0,0
201708,21,021,3,6,Boyle County                  ,20,20,4410452,2,4,350000,1,3,275000,0,0,0,20,20,4410452,2,4,350000,1,3,275000,0,0,0
201708,21,029,3,6,Bullitt County                ,299,299,63359104,2,4,620000,2,7,1326627,1,5,935000,299,299,63359104,2,4,620000,2,7,1326627,1,5,935000
201708,21,035,3,6,Calloway County               ,15,15,3037755,3,6,415000,11,40,1868000,3,18,1638095,15,15,3037755,3,6,415000,11,40,1868000,3,18,1638095
201708,21,037,3,6,Campbell County               ,123,123,29334712,0,0,0,3,12,1252000,5,56,4891221,121,121,28254712,0,0,0,3,12,1252000,5,56,4891221
201708,21,045,3,6,Casey County                  ,0,0,0,0,0,0,0,0,0,0,0,0,0,0,0,0,0,0,0,0,0,0,0,0
201708,21,047,3,6,Christian County              ,45,45,5266860,2,4,240800,0,0,0,2,14,500000,28,28,4056460,2,4,240800,0,0,0,2,14,500000
201708,21,049,3,6,Clark County                  ,30,30,6362113,0,0,0,0,0,0,5,27,1869750,1,1,242000,0,0,0,0,0,0,0,0,0
201708,21,067,3,6,Fayette County                ,520,520,83126604,2,4,409778,2,6,840000,12,393,27776663,0,0,0,0,0,0,0,0,0,0,0,0
201708,21,069,3,6,Fleming County                ,0,0,0,0,0,0,0,0,0,0,0,0,0,0,0,0,0,0,0,0,0,0,0,0
201708,21,077,3,6,Gallatin County               ,10,10,1736250,0,0,0,0,0,0,0,0,0,10,10,1736250,0,0,0,0,0,0,0,0,0
201708,21,081,3,6,Grant County                  ,36,36,6041494,0,0,0,0,0,0,0,0,0,33,33,5500000,0,0,0,0,0,0,0,0,0
201708,21,091,3,6,Hancock County                ,2,2,398421,0,0,0,0,0,0,0,0,0,2,2,398421,0,0,0,0,0,0,0,0,0
201708,21,099,3,6,Hart County                   ,36,36,3501000,0,0,0,0,0,0,8,40,4541904,0,0,0,0,0,0,0,0,0,0,0,0
201708,21,101,3,6,Henderson County              ,20,20,5063381,0,0,0,0,0,0,0,0,0,18,18,4591368,0,0,0,0,0,0,0,0,0
201708,21,103,3,6,Henry County                  ,24,24,4138298,0,0,0,0,0,0,0,0,0,0,0,0,0,0,0,0,0,0,0,0,0
201708,21,111,3,6,Jefferson County              ,811,811,211123207,5,10,993415,5,19,2069884,56,1646,133065075,597,597,165411189,4,8,784242,3,12,1875000,44,1417,118134502
201708,21,113,3,6,Jessamine County              ,162,162,40557284,0,0,0,4,16,2000000,0,0,0,155,155,37614818,0,0,0,4,16,2000000,0,0,0
201708,21,115,3,6,Johnson County                ,0,0,0,0,0,0,1,3,430780,0,0,0,0,0,0,0,0,0,1,3,430780,0,0,0
201708,21,117,3,6,Kenton County                 ,206,206,49734998,0,0,0,1,4,466682,4,28,3266776,205,205,49652220,0,0,0,1,4,466682,4,28,3266776
201708,21,121,3,6,Knox County                   ,0,0,0,0,0,0,0,0,0,0,0,0,0,0,0,0,0,0,0,0,0,0,0,0
201708,21,123,3,6,Larue County                  ,21,21,4829052,1,2,213550,0,0,0,0,0,0,21,21,4829052,1,2,213550,0,0,0,0,0,0
201708,21,137,3,6,Lincoln County                ,17,17,3381891,0,0,0,0,0,0,0,0,0,12,12,2370588,0,0,0,0,0,0,0,0,0
201708,21,145,3,6,McCracken County              ,91,91,19668011,1,2,216750,2,8,1129400,1,8,755384,91,91,19668011,1,2,216750,2,8,1129400,1,8,755384
201708,21,151,3,6,Madison County                ,123,123,12095868,10,20,1090964,0,0,0,7,36,1213718,33,33,4305000,1,2,74000,0,0,0,0,0,0
201708,21,157,3,6,Marshall County               ,47,47,11523700,2,4,333000,0,0,0,0,0,0,47,47,11523700,2,4,333000,0,0,0,0,0,0
201708,21,161,3,6,Mason County                  ,15,15,3161000,0,0,0,0,0,0,0,0,0,15,15,3161000,0,0,0,0,0,0,0,0,0
201708,21,163,3,6,Meade County                  ,54,54,8333400,5,10,900000,0,0,0,0,0,0,54,54,8333400,5,10,900000,0,0,0,0,0,0
201708,21,167,3,6,Mercer County                 ,34,34,5727200,0,0,0,0,0,0,0,0,0,34,34,5727200,0,0,0,0,0,0,0,0,0
201708,21,175,3,6,Morgan County                 ,15,15,1125000,0,0,0,0,0,0,0,0,0,0,0,0,0,0,0,0,0,0,0,0,0
201708,21,179,3,6,Nelson County                 ,112,112,21365025,8,16,1510000,4,14,1605000,0,0,0,96,96,18678718,8,16,1510000,4,14,1605000,0,0,0
201708,21,185,3,6,Oldham County                 ,245,245,72584340,4,8,395332,0,0,0,1,5,247083,0,0,0,0,0,0,0,0,0,0,0,0
201708,21,191,3,6,Pendleton County              ,0,0,0,0,0,0,0,0,0,0,0,0,0,0,0,0,0,0,0,0,0,0,0,0
201708,21,209,3,6,Scott County                  ,345,345,54521058,8,16,1500000,1,4,480000,0,0,0,345,345,54521058,8,16,1500000,1,4,480000,0,0,0
201708,21,211,3,6,Shelby County                 ,192,192,43154319,0,0,0,0,0,0,13,240,13109255,192,192,43154319,0,0,0,0,0,0,13,240,13109255
201708,21,213,3,6,Simpson County                ,47,47,6683986,1,2,104500,0,0,0,4,56,4777210,39,39,5673944,1,2,104500,0,0,0,3,48,4181400
201708,21,215,3,6,Spencer County                ,95,95,21883633,0,0,0,0,0,0,0,0,0,95,95,21883633,0,0,0,0,0,0,0,0,0
201708,21,221,3,6,Trigg County                  ,2,2,459103,0,0,0,0,0,0,0,0,0,2,2,459103,0,0,0,0,0,0,0,0,0
201708,21,225,3,6,Union County                  ,5,5,1016550,0,0,0,0,0,0,0,0,0,2,2,388452,0,0,0,0,0,0,0,0,0
201708,21,239,3,6,Woodford County               ,72,72,14019109,1,2,400000,0,0,0,0,0,0,72,72,14019109,1,2,400000,0,0,0,0,0,0
201708,22,005,3,7,Ascension Parish              ,754,754,115309773,0,0,0,0,0,0,0,0,0,600,600,90352170,0,0,0,0,0,0,0,0,0
201708,22,015,3,7,Bossier Parish                ,481,481,84125923,0,0,0,0,0,0,0,0,0,481,481,84125923,0,0,0,0,0,0,0,0,0
201708,22,017,3,7,Caddo Parish                  ,209,209,55245021,0,0,0,0,0,0,0,0,0,208,208,55088397,0,0,0,0,0,0,0,0,0
201708,22,031,3,7,De Soto Parish                ,74,74,18925371,0,0,0,0,0,0,0,0,0,74,74,18925371,0,0,0,0,0,0,0,0,0
201708,22,033,3,7,East Baton Rouge Parish       ,853,853,190422789,0,0,0,0,0,0,0,0,0,847,847,189593502,0,0,0,0,0,0,0,0,0
201708,22,037,3,7,East Feliciana Parish         ,35,35,6835154,0,0,0,1,4,270628,0,0,0,31,31,6030977,0,0,0,1,4,270628,0,0,0
201708,22,047,3,7,Iberville Parish              ,88,88,18375098,0,0,0,0,0,0,0,0,0,71,71,14906929,0,0,0,0,0,0,0,0,0
201708,22,051,3,7,Jefferson Parish              ,304,304,67652611,7,14,1111401,0,0,0,1,13,1307667,245,245,53537425,4,8,658420,0,0,0,0,0,0
201708,22,055,3,7,Lafayette Parish              ,947,947,196505371,0,0,0,0,0,0,1,7,737633,501,501,122723793,0,0,0,0,0,0,0,0,0
201708,22,063,3,7,Livingston Parish             ,583,583,128957895,1,2,150000,2,6,464348,0,0,0,35,35,7269081,0,0,0,0,0,0,0,0,0
201708,22,071,3,7,Orleans Parish                ,353,353,80255444,46,92,9411992,0,0,0,2,34,8368814,299,299,68543357,40,80,7956236,0,0,0,0,0,0
201708,22,075,3,7,Plaquemines Parish            ,31,31,9082060,0,0,0,0,0,0,0,0,0,21,21,6012700,0,0,0,0,0,0,0,0,0
201708,22,077,3,7,Pointe Coupee Parish          ,34,34,9157514,0,0,0,0,0,0,0,0,0,34,34,9157514,0,0,0,0,0,0,0,0,0
201708,22,087,3,7,St. Bernard Parish            ,74,74,12859300,0,0,0,0,0,0,0,0,0,74,74,12859300,0,0,0,0,0,0,0,0,0
201708,22,089,3,7,St. Charles Parish            ,81,81,16984900,0,0,0,0,0,0,0,0,0,81,81,16984900,0,0,0,0,0,0,0,0,0
201708,22,091,3,7,St. Helena Parish             ,0,0,0,0,0,0,0,0,0,0,0,0,0,0,0,0,0,0,0,0,0,0,0,0
201708,22,095,3,7,St. John the Baptist Parish   ,33,33,5464037,0,0,0,0,0,0,0,0,0,7,7,1313000,0,0,0,0,0,0,0,0,0
201708,22,099,3,7,St. Martin Parish             ,110,110,19919046,0,0,0,0,0,0,0,0,0,84,84,14671311,0,0,0,0,0,0,0,0,0
201708,22,103,3,7,St. Tammany Parish            ,970,970,219258057,2,4,700000,0,0,0,0,0,0,943,943,209180033,2,4,700000,0,0,0,0,0,0
201708,22,109,3,7,Terrebonne Parish             ,94,94,24553370,1,2,300000,0,0,0,0,0,0,94,94,24553370,1,2,300000,0,0,0,0,0,0
201708,22,121,3,7,West Baton Rouge Parish       ,196,196,30579596,0,0,0,0,0,0,0,0,0,185,185,29577914,0,0,0,0,0,0,0,0,0
201708,22,125,3,7,West Feliciana Parish         ,31,31,12656598,0,0,0,0,0,0,0,0,0,28,28,11436917,0,0,0,0,0,0,0,0,0
201708,23,000,1,1,Maine Unorganized Territory   ,53,53,7038413,0,0,0,0,0,0,0,0,0,0,0,0,0,0,0,0,0,0,0,0,0
201708,24,003,3,5,Anne Arundel County           ,1267,1267,211352803,1,2,424973,0,0,0,8,346,42165725,1259,1259,209972177,1,2,424973,0,0,0,8,346,42165725
201708,24,005,3,5,Baltimore County              ,602,602,147347625,1,2,500000,0,0,0,1,317,42000000,602,602,147347625,1,2,500000,0,0,0,1,317,42000000
201708,24,009,3,5,Calvert County                ,201,201,46127735,0,0,0,0,0,0,0,0,0,163,163,37571074,0,0,0,0,0,0,0,0,0
201708,24,013,3,5,Carroll County                ,223,223,60472773,2,4,778667,0,0,0,0,0,0,223,223,60472773,2,4,778667,0,0,0,0,0,0
201708,24,015,3,5,Cecil County                  ,65,65,13779195,0,0,0,0,0,0,0,0,0,65,65,13779195,0,0,0,0,0,0,0,0,0
201708,24,017,3,5,Charles County                ,488,488,105547501,0,0,0,0,0,0,0,0,0,488,488,105547501,0,0,0,0,0,0,0,0,0
201708,24,021,3,5,Frederick County              ,1118,1118,269977822,3,6,469550,1,4,63000,9,285,37287592,1118,1118,269977822,3,6,469550,1,4,63000,9,285,37287592
201708,24,023,3,5,Garrett County                ,45,45,15676765,0,0,0,0,0,0,0,0,0,45,45,15676765,0,0,0,0,0,0,0,0,0
201708,24,025,3,5,Harford County                ,500,500,98857679,0,0,0,0,0,0,7,196,19626562,496,496,97315699,0,0,0,0,0,0,6,178,18150000
201708,24,027,3,5,Howard County                 ,636,636,148028323,0,0,0,0,0,0,4,78,9000000,636,636,148028323,0,0,0,0,0,0,4,78,9000000
201708,24,031,3,5,Montgomery County             ,811,811,185322333,19,38,2200000,0,0,0,6,410,91007343,680,680,154943560,19,38,2200000,0,0,0,4,366,86203893
201708,24,033,3,5,Prince George County          ,1181,1181,254653803,0,0,0,0,0,0,6,779,108800000,1180,1180,254379526,0,0,0,0,0,0,6,779,108800000
201708,24,035,3,5,Queen Anne County             ,141,141,31642690,0,0,0,0,0,0,0,0,0,141,141,31642690,0,0,0,0,0,0,0,0,0
201708,24,037,3,5,St. Marys County              ,819,819,151941588,0,0,0,0,0,0,0,0,0,819,819,151941588,0,0,0,0,0,0,0,0,0
201708,24,039,3,5,Somerset County               ,14,14,2104145,0,0,0,0,0,0,0,0,0,10,10,1403816,0,0,0,0,0,0,0,0,0
201708,24,045,3,5,Wicomico County               ,87,87,15218860,2,4,317000,0,0,0,0,0,0,87,87,15218860,2,4,317000,0,0,0,0,0,0
201708,24,510,3,5,Baltimore (Independent City)  ,129,129,20296000,0,0,0,0,0,0,5,259,39391023,129,129,20296000,0,0,0,0,0,0,5,259,39391023
201708,25,005,1,1,Bristol County                ,523,523,109696628,15,30,3996400,0,0,0,2,40,4814199,390,390,83208870,13,26,3534400,0,0,0,2,40,4814199
201708,25,009,1,1,Essex County                  ,402,402,134188095,25,50,8296199,2,6,1455000,6,77,14259489,280,280,91513973,16,32,4508320,0,0,0,1,40,8500000
201708,25,017,1,1,Middlesex County              ,941,941,304923848,41,82,13340187,10,36,6741788,71,1237,198490066,759,759,256887893,27,54,9202331,7,27,5167829,42,929,150776830
201708,25,021,1,1,Norfolk County                ,481,481,215386407,4,8,1392018,5,17,3623500,46,908,117371812,332,332,154400768,3,6,1043500,5,17,3623500,18,635,89223943
201708,25,023,1,1,Plymouth County               ,750,750,169492346,9,18,2312212,3,9,1414800,7,49,5718117,605,605,132663235,9,18,2312212,3,9,1414800,4,28,3700000
201708,25,025,1,1,Suffolk County                ,51,51,12949870,43,86,15832168,27,85,18603255,75,3098,742396577,47,47,12264146,42,84,15625965,27,85,18603255,62,3009,726124622
201708,26,000,2,3,Michigan Balance of State     ,42,42,7903025,0,0,0,0,0,0,0,0,0,0,0,0,0,0,0,0,0,0,0,0,0
201708,26,019,2,3,Benzie County                 ,55,55,13112189,0,0,0,0,0,0,0,0,0,55,55,13112189,0,0,0,0,0,0,0,0,0
201708,26,029,2,3,Charlevoix County             ,35,35,7370622,1,2,659319,0,0,0,0,0,0,0,0,0,0,0,0,0,0,0,0,0,0
201708,26,089,2,3,Leelanau County               ,90,90,21152512,0,0,0,0,0,0,0,0,0,76,76,17261812,0,0,0,0,0,0,0,0,0
201708,26,093,2,3,Livingston County             ,461,461,132539055,0,0,0,1,3,300000,0,0,0,443,443,130701765,0,0,0,1,3,300000,0,0,0
201708,26,095,2,3,Luce County                   ,3,3,883200,0,0,0,0,0,0,0,0,0,3,3,883200,0,0,0,0,0,0,0,0,0
201708,26,099,2,3,Macomb County                 ,1347,1347,341941460,20,40,5676335,0,0,0,18,334,43145074,1337,1337,340036195,14,28,4367765,0,0,0,18,334,43145074
201708,26,103,2,3,Marquette County              ,48,48,10563987,3,6,532500,0,0,0,0,0,0,48,48,10563987,3,6,532500,0,0,0,0,0,0
201708,26,137,2,3,Otsego County                 ,12,12,972000,0,0,0,0,0,0,0,0,0,0,0,0,0,0,0,0,0,0,0,0,0
201708,26,147,2,3,St. Clair County              ,151,151,29500325,0,0,0,0,0,0,4,96,7296700,135,135,26858086,0,0,0,0,0,0,4,96,7296700
201708,26,163,2,3,Wayne County                  ,748,748,206684479,4,8,767832,30,110,10285265,17,759,96950041,703,703,196285827,4,8,767832,30,110,10285265,17,759,96950041
201708,27,003,2,4,Anoka County                  ,719,719,189063163,0,0,0,2,8,1239173,0,0,0,672,672,176640741,0,0,0,2,8,1239173,0,0,0
201708,27,019,2,4,Carver County                 ,420,420,125011906,1,2,518630,3,12,2269720,1,5,943444,397,397,117915907,1,2,518630,3,12,2269720,0,0,0
201708,27,025,2,4,Chisago County                ,156,156,27275704,1,2,408000,0,0,0,0,0,0,156,156,27275704,1,2,408000,0,0,0,0,0,0
201708,27,027,2,4,Clay County                   ,116,116,26068400,0,0,0,0,0,0,1,45,4800000,116,116,26068400,0,0,0,0,0,0,1,45,4800000
201708,27,037,2,4,Dakota County                 ,826,826,239195736,2,4,634100,5,20,3460000,7,782,105988000,745,745,211989788,2,4,634100,5,20,3460000,7,782,105988000
201708,27,053,2,4,Hennepin County               ,1273,1273,459721248,4,8,2221838,5,18,3605724,20,2057,371198527,1247,1247,441586134,4,8,2221838,5,18,3605724,18,2008,362543694
201708,27,059,2,4,Isanti County                 ,178,178,33230188,0,0,0,0,0,0,0,0,0,174,174,31951188,0,0,0,0,0,0,0,0,0
201708,27,123,2,4,Ramsey County                 ,155,155,53519009,0,0,0,0,0,0,5,367,44846800,153,153,53013955,0,0,0,0,0,0,5,367,44846800
201708,27,139,2,4,Scott County                  ,365,365,113340415,1,2,361132,0,0,0,4,154,22956618,353,353,109733204,1,2,361132,0,0,0,4,154,22956618
201708,27,141,2,4,Sherburne County              ,323,323,72049540,0,0,0,1,4,758680,0,0,0,304,304,68060903,0,0,0,1,4,758680,0,0,0
201708,27,163,2,4,Washington County             ,510,510,168313976,0,0,0,1,4,618000,1,5,625000,464,464,147437054,0,0,0,1,4,618000,0,0,0
201708,27,171,2,4,Wright County                 ,484,484,126581205,0,0,0,1,4,729422,0,0,0,477,477,125010738,0,0,0,1,4,729422,0,0,0
201708,28,033,3,6,DeSoto County                 ,900,900,146724613,0,0,0,1,4,351300,5,25,2151900,841,841,134583749,0,0,0,1,4,351300,5,25,2151900
201708,28,041,3,6,Greene County                 ,0,0,0,0,0,0,0,0,0,0,0,0,0,0,0,0,0,0,0,0,0,0,0,0
201708,28,045,3,6,Hancock County                ,298,298,48560637,4,8,740716,7,25,2509032,8,67,5672400,74,74,14463905,0,0,0,0,0,0,0,0,0
201708,28,047,3,6,Harrison County               ,684,684,111693273,2,4,520000,0,0,0,1,5,278124,598,598,101923587,1,2,275000,0,0,0,1,5,278124
201708,28,067,3,6,Jones County                  ,16,16,2330700,0,0,0,0,0,0,0,0,0,2,2,304468,0,0,0,0,0,0,0,0,0
201708,28,137,3,6,Tate County                   ,70,70,11610864,0,0,0,0,0,0,0,0,0,68,68,11214500,0,0,0,0,0,0,0,0,0
201708,28,143,3,6,Tunica County                 ,8,8,797600,0,0,0,0,0,0,0,0,0,8,8,797600,0,0,0,0,0,0,0,0,0
201708,28,145,3,6,Union County                  ,10,10,1344000,1,2,80000,0,0,0,0,0,0,10,10,1344000,1,2,80000,0,0,0,0,0,0
201708,28,149,3,6,Warren County                 ,5,5,490000,0,0,0,0,0,0,0,0,0,5,5,490000,0,0,0,0,0,0,0,0,0
201708,29,013,2,4,Bates County                  ,0,0,0,0,0,0,0,0,0,0,0,0,0,0,0,0,0,0,0,0,0,0,0,0
201708,29,017,2,4,Bollinger County              ,0,0,0,0,0,0,0,0,0,0,0,0,0,0,0,0,0,0,0,0,0,0,0,0
201708,29,019,2,4,Boone County                  ,509,509,118870532,5,10,571216,0,0,0,4,186,28112383,509,509,118870532,5,10,571216,0,0,0,4,186,28112383
201708,29,049,2,4,Clinton County                ,34,34,5716984,1,2,160000,0,0,0,0,0,0,31,31,5130600,1,2,160000,0,0,0,0,0,0
201708,29,065,2,4,Dent County                   ,0,0,0,0,0,0,0,0,0,0,0,0,0,0,0,0,0,0,0,0,0,0,0,0
201708,29,071,2,4,Franklin County               ,272,272,51163160,5,10,904592,0,0,0,7,42,3923200,249,249,46118582,5,10,904592,0,0,0,7,42,3923200
201708,29,095,2,4,Jackson County                ,1258,1258,283361924,30,60,6550524,28,111,13485092,19,1385,123830928,1255,1255,283025423,30,60,6550524,28,111,13485092,19,1385,123830928
201708,29,099,2,4,Jefferson County              ,523,523,84445143,4,8,730000,0,0,0,0,0,0,504,504,82374301,4,8,730000,0,0,0,0,0,0
201708,29,105,2,4,Laclede County                ,11,11,1352500,1,2,262500,0,0,0,2,20,2139000,11,11,1352500,1,2,262500,0,0,0,2,20,2139000
201708,29,107,2,4,Lafayette County              ,25,25,5048685,0,0,0,0,0,0,0,0,0,9,9,1362779,0,0,0,0,0,0,0,0,0
201708,29,113,2,4,Lincoln County                ,91,91,16589604,0,0,0,0,0,0,0,0,0,81,81,14054436,0,0,0,0,0,0,0,0,0
201708,29,165,2,4,Platte County                 ,222,222,58295692,0,0,0,0,0,0,5,34,2235185,193,193,50397562,0,0,0,0,0,0,0,0,0
201708,29,185,2,4,St. Clair County              ,1,1,60000,0,0,0,0,0,0,0,0,0,1,1,60000,0,0,0,0,0,0,0,0,0
201708,29,189,2,4,St. Louis County              ,780,780,279606751,0,0,0,0,0,0,9,236,27339187,366,366,132947550,0,0,0,0,0,0,1,80,9150000
201708,29,219,2,4,Warren County                 ,208,208,44531076,0,0,0,0,0,0,0,0,0,203,203,43802780,0,0,0,0,0,0,0,0,0
201708,29,221,2,4,Washington County             ,0,0,0,0,0,0,0,0,0,0,0,0,0,0,0,0,0,0,0,0,0,0,0,0
201708,29,510,2,4,St. Louis (Independent City)  ,62,62,11845170,0,0,0,3,10,1460624,10,432,41258891,62,62,11845170,0,0,0,3,10,1460624,10,432,41258891
201708,30,033,4,8,Garfield County               ,0,0,0,0,0,0,0,0,0,0,0,0,0,0,0,0,0,0,0,0,0,0,0,0
201708,30,063,4,8,Missoula County               ,297,297,57855177,18,36,3899837,3,10,632589,18,379,43445221,297,297,57855177,18,36,3899837,3,10,632589,18,379,43445221
201708,30,093,4,8,Silver Bow County             ,50,50,5467549,0,0,0,0,0,0,0,0,0,50,50,5467549,0,0,0,0,0,0,0,0,0
201708,31,001,2,4,Adams County                  ,49,49,11322682,0,0,0,0,0,0,0,0,0,36,36,8650550,0,0,0,0,0,0,0,0,0
201708,31,025,2,4,Cass County                   ,95,95,17366808,0,0,0,0,0,0,0,0,0,95,95,17366808,0,0,0,0,0,0,0,0,0
201708,31,033,2,4,Cheyenne County               ,2,2,428704,0,0,0,0,0,0,0,0,0,2,2,428704,0,0,0,0,0,0,0,0,0
201708,31,055,2,4,Douglas County                ,1213,1213,196342021,0,0,0,1,3,561131,36,1241,109900048,1195,1195,192298418,0,0,0,1,3,561131,36,1241,109900048
201708,31,105,2,4,Kimball County                ,1,1,243700,0,0,0,0,0,0,0,0,0,1,1,243700,0,0,0,0,0,0,0,0,0
201708,31,153,2,4,Sarpy County                  ,624,624,165528939,0,0,0,0,0,0,4,83,4417415,407,407,111711150,0,0,0,0,0,0,3,78,4075000
201708,31,165,2,4,Sioux County                  ,2,2,300000,0,0,0,0,0,0,0,0,0,2,2,300000,0,0,0,0,0,0,0,0,0
201708,31,177,2,4,Washington County             ,51,51,14995404,0,0,0,0,0,0,0,0,0,51,51,14995404,0,0,0,0,0,0,0,0,0
201708,32,001,4,8,Churchill County              ,19,19,4241961,0,0,0,0,0,0,0,0,0,19,19,4241961,0,0,0,0,0,0,0,0,0
201708,32,003,4,8,Clark County                  ,6959,6959,1318172236,22,44,7970644,30,90,16542387,69,2462,269727249,6959,6959,1318172236,22,44,7970644,30,90,16542387,69,2462,269727249
201708,32,005,4,8,Douglas County                ,102,102,39702386,0,0,0,0,0,0,1,24,2273199,102,102,39702386,0,0,0,0,0,0,1,24,2273199
201708,32,007,4,8,Elko County                   ,101,101,14983103,0,0,0,0,0,0,0,0,0,99,99,14851103,0,0,0,0,0,0,0,0,0
201708,32,013,4,8,Humboldt County               ,11,11,1532454,0,0,0,0,0,0,0,0,0,10,10,1363126,0,0,0,0,0,0,0,0,0
201708,32,015,4,8,Lander County                 ,0,0,0,0,0,0,0,0,0,0,0,0,0,0,0,0,0,0,0,0,0,0,0,0
201708,32,017,4,8,Lincoln County                ,8,8,2170045,0,0,0,0,0,0,0,0,0,2,2,547064,0,0,0,0,0,0,0,0,0
201708,32,019,4,8,Lyon County                   ,230,230,52343129,0,0,0,0,0,0,0,0,0,230,230,52343129,0,0,0,0,0,0,0,0,0
201708,32,021,4,8,Mineral County                ,0,0,0,0,0,0,0,0,0,0,0,0,0,0,0,0,0,0,0,0,0,0,0,0
201708,32,027,4,8,Pershing County               ,4,4,262682,0,0,0,0,0,0,0,0,0,4,4,262682,0,0,0,0,0,0,0,0,0
201708,32,029,4,8,Storey County                 ,11,11,2139249,0,0,0,0,0,0,0,0,0,6,6,1483172,0,0,0,0,0,0,0,0,0
201708,32,031,4,8,Washoe County                 ,1376,1376,344211787,7,14,2087369,4,13,2006099,78,1743,166694336,1266,1266,316896441,2,4,609658,2,7,1143403,71,1614,153540940
201708,32,033,4,8,White Pine County             ,2,2,651328,0,0,0,0,0,0,0,0,0,1,1,234540,0,0,0,0,0,0,0,0,0
201708,32,510,4,8,Carson City (Independent City),86,86,23790844,0,0,0,5,20,2545672,0,0,0,86,86,23790844,0,0,0,5,20,2545672,0,0,0
201708,33,015,1,1,Rockingham County             ,517,517,129972365,19,38,5003871,6,23,2706500,10,96,12042466,377,377,102255513,19,38,5003871,5,20,2225000,3,53,7192000
201708,33,017,1,1,Strafford County              ,191,191,36359712,12,24,2836958,1,3,323420,4,138,11357000,169,169,33147976,12,24,2836958,0,0,0,4,138,11357000
201708,34,001,1,2,Atlantic County               ,179,179,40377210,0,0,0,0,0,333805,16,245,23462247,154,154,38015841,0,0,0,0,0,333805,5,105,6724900
201708,34,003,1,2,Bergen County                 ,726,726,207464888,65,130,25410944,5,17,2685600,41,741,65369997,522,522,133894807,52,104,22192373,5,17,2685600,9,526,51965000
201708,34,005,1,2,Burlington County             ,500,500,74163699,3,6,540818,0,0,0,11,175,11687924,383,383,57248058,1,2,100000,0,0,0,5,143,8882259
201708,34,007,1,2,Camden County                 ,137,137,24771763,2,4,60000,0,0,0,113,708,22079163,85,85,16154765,2,4,60000,0,0,0,94,576,13617378
201708,34,009,1,2,Cape May County               ,388,388,123033505,42,84,17038900,1,3,387864,3,25,2489185,368,368,117305918,42,84,17038900,1,3,387864,2,20,2476185
201708,34,011,1,2,Cumberland County             ,75,75,6957647,0,0,0,0,0,0,1,5,666180,21,21,1630670,0,0,0,0,0,0,0,0,0
201708,34,013,1,2,Essex County                  ,229,229,41413677,20,40,4220245,16,50,5680665,44,1300,186695751,54,54,22154317,18,36,4021044,14,44,4413188,12,667,142409407
201708,34,015,1,2,Gloucester County             ,288,288,44602076,3,6,260364,0,0,0,4,90,12322540,210,210,36560070,3,6,260364,0,0,0,4,90,12322540
201708,34,017,1,2,Hudson County                 ,208,208,35898079,47,94,12408400,14,52,5420922,50,2799,400264232,195,195,30061271,46,92,11432400,13,48,4438708,46,2752,388569751
201708,34,019,1,2,Hunterdon County              ,100,100,22440681,2,4,466400,0,0,0,12,70,3661720,86,86,20220573,0,0,0,0,0,0,0,0,0
201708,34,021,1,2,Mercer County                 ,99,99,39503062,0,0,0,1,4,175250,5,76,6230650,97,97,39185593,0,0,0,1,4,175250,5,76,6230650
201708,34,023,1,2,Middlesex County              ,537,537,95809700,3,6,495800,0,0,0,54,1305,101296412,441,441,78549087,3,6,495800,0,0,0,41,1211,96238607
201708,34,025,1,2,Monmouth County               ,605,605,185716981,6,12,1869310,3,10,1140266,29,331,26054633,543,543,171471978,2,4,400474,2,7,821580,24,306,24894451
201708,34,027,1,2,Morris County                 ,427,427,94098771,5,10,219698,34,119,4832400,39,456,37540908,331,331,72003914,5,10,219698,34,119,4832400,9,104,10316816
201708,34,029,1,2,Ocean County                  ,1538,1538,262480884,14,28,8088550,31,109,4756000,14,266,23829954,1520,1520,259259141,14,28,8088550,31,109,4756000,14,266,23829954
201708,34,031,1,2,Passaic County                ,118,118,23752017,2,4,231746,1,4,293001,10,83,6896743,84,84,17001439,1,2,71000,1,4,293001,2,41,3257230
201708,34,033,1,2,Salem County                  ,26,26,3657136,0,0,0,0,0,0,0,0,0,20,20,3006036,0,0,0,0,0,0,0,0,0
201708,34,035,1,2,Somerset County               ,222,222,56606211,0,0,0,0,0,0,33,369,24335006,163,163,46423320,0,0,0,0,0,0,8,163,11025350
201708,34,037,1,2,Sussex County                 ,64,64,12594380,0,0,0,0,0,0,0,0,0,57,57,10661611,0,0,0,0,0,0,0,0,0
201708,34,039,1,2,Union County                  ,200,200,48736887,32,64,6575980,3,9,970504,30,596,40265973,140,140,40286412,31,62,6352605,2,6,534250,12,475,33455160
201708,34,041,1,2,Warren County                 ,36,36,6864237,0,0,0,0,0,0,5,74,2534291,26,26,5425620,0,0,0,0,0,0,2,48,1405760
201708,35,000,4,8,New Mexico Balance of State   ,266,266,72186760,0,0,0,0,0,0,0,0,0,0,0,0,0,0,0,0,0,0,0,0,0
201708,35,001,4,8,Bernalillo County             ,749,749,170982633,2,4,440214,0,0,0,12,182,17955888,105,105,43878708,1,2,178114,0,0,0,0,0,0
201708,35,005,4,8,Chaves County                 ,53,53,8625527,2,4,607352,0,0,0,1,16,1088889,41,41,6542094,2,4,607352,0,0,0,0,0,0
201708,35,007,4,8,Colfax County                 ,14,14,6356334,0,0,0,0,0,0,0,0,0,12,12,5453000,0,0,0,0,0,0,0,0,0
201708,35,009,4,8,Curry County                  ,37,37,9470091,1,2,285889,0,0,0,1,7,645312,32,32,8238388,1,2,285889,0,0,0,0,0,0
201708,35,013,4,8,Dona Ana County               ,542,542,111393676,0,0,0,1,4,511000,25,284,20279410,542,542,111393676,0,0,0,1,4,511000,25,284,20279410
201708,35,015,4,8,Eddy County                   ,107,107,21151358,0,0,0,0,0,0,0,0,0,107,107,21151358,0,0,0,0,0,0,0,0,0
201708,35,017,4,8,Grant County                  ,9,9,1477922,0,0,0,0,0,0,0,0,0,0,0,0,0,0,0,0,0,0,0,0,0
201708,35,025,4,8,Lea County                    ,64,64,13608162,0,0,0,0,0,0,1,10,1744904,46,46,10144959,0,0,0,0,0,0,0,0,0
201708,35,027,4,8,Lincoln County                ,55,55,13882542,0,0,0,0,0,0,0,0,0,0,0,0,0,0,0,0,0,0,0,0,0
201708,35,028,4,8,Los Alamos County             ,14,14,3610724,0,0,0,0,0,0,0,0,0,14,14,3610724,0,0,0,0,0,0,0,0,0
201708,35,029,4,8,Luna County                   ,14,14,2612643,0,0,0,0,0,0,0,0,0,7,7,1390786,0,0,0,0,0,0,0,0,0
201708,35,031,4,8,McKinley County               ,9,9,1710000,0,0,0,0,0,0,0,0,0,9,9,1710000,0,0,0,0,0,0,0,0,0
201708,35,035,4,8,Otero County                  ,3,3,648881,0,0,0,0,0,0,0,0,0,3,3,648881,0,0,0,0,0,0,0,0,0
201708,35,041,4,8,Roosevelt County              ,14,14,2033300,0,0,0,0,0,0,0,0,0,14,14,2033300,0,0,0,0,0,0,0,0,0
201708,35,043,4,8,Sandoval County               ,449,449,97121901,1,2,283271,1,3,251560,8,44,1833330,241,241,54013118,0,0,0,0,0,0,0,0,0
201708,35,045,4,8,San Juan County               ,61,61,14742786,0,0,0,0,0,0,0,0,0,56,56,13442013,0,0,0,0,0,0,0,0,0
201708,35,047,4,8,San Miguel County             ,1,1,140000,0,0,0,0,0,0,0,0,0,0,0,0,0,0,0,0,0,0,0,0,0
201708,35,049,4,8,Santa Fe County               ,179,179,40320022,0,0,0,0,0,0,0,0,0,167,167,37325347,0,0,0,0,0,0,0,0,0
201708,35,051,4,8,Sierra County                 ,0,0,0,0,0,0,0,0,0,0,0,0,0,0,0,0,0,0,0,0,0,0,0,0
201708,35,053,4,8,Socorro County                ,2,2,438000,0,0,0,0,0,0,0,0,0,2,2,438000,0,0,0,0,0,0,0,0,0
201708,35,055,4,8,Taos County                   ,64,64,7266877,0,0,0,0,0,0,0,0,0,1,1,358563,0,0,0,0,0,0,0,0,0
201708,35,061,4,8,Valencia County               ,74,74,8022488,0,0,0,0,0,0,0,0,0,0,0,0,0,0,0,0,0,0,0,0,0
201708,36,001,1,2,Albany County                 ,185,185,42734782,2,4,523000,0,0,0,24,394,42964695,165,165,39166296,2,4,523000,0,0,0,16,321,30989000
201708,36,005,1,2,Bronx County                  ,7,7,1868781,19,38,5113996,15,45,5469120,54,3068,407293194,7,7,1868781,19,38,5113996,15,45,5469120,54,3068,407293194
201708,36,029,1,2,Erie County                   ,506,506,148176775,1,2,105000,3,11,2175000,31,467,68151405,454,454,138064367,1,2,105000,3,11,2175000,25,338,39454857
201708,36,047,1,2,Kings County                  ,47,47,12448476,53,106,14252999,51,169,20927184,176,4013,534580866,47,47,12448476,53,106,14252999,51,169,20927184,176,4013,534580866
201708,36,051,1,2,Livingston County             ,17,17,2766388,0,0,0,0,0,0,7,35,1901786,8,8,1384210,0,0,0,0,0,0,0,0,0
201708,36,055,1,2,Monroe County                 ,493,493,107539345,5,10,1751800,8,25,4241867,7,245,24477971,470,470,99861044,5,10,1751800,8,25,4241867,7,245,24477971
201708,36,059,1,2,Nassau County                 ,588,588,220365766,4,8,1132680,0,0,0,15,192,65573882,465,465,172837095,2,4,540680,0,0,0,8,150,60189683
201708,36,061,1,2,New York County               ,4,4,1071350,3,6,805870,3,11,1336896,42,3469,461289749,4,4,1071350,3,6,805870,3,11,1336896,42,3469,461289749
201708,36,063,1,2,Niagara County                ,147,147,37583246,0,0,0,0,0,0,0,0,0,123,123,31141132,0,0,0,0,0,0,0,0,0
201708,36,069,1,2,Ontario County                ,197,197,50280689,0,0,0,1,4,298400,1,5,462143,173,173,43404139,0,0,0,0,0,0,0,0,0
201708,36,073,1,2,Orleans County                ,17,17,2870500,0,0,0,0,0,0,0,0,0,9,9,1365000,0,0,0,0,0,0,0,0,0
201708,36,079,1,2,Putnam County                 ,27,27,9435388,0,0,0,4,12,2681796,0,0,0,14,14,6527410,0,0,0,0,0,0,0,0,0
201708,36,081,1,2,Queens County                 ,74,74,19692252,141,282,37884618,51,155,19093896,56,3319,440900589,74,74,19692252,141,282,37884618,51,155,19093896,56,3319,440900589
201708,36,083,1,2,Rensselaer County             ,80,80,20234917,1,2,550000,1,4,470000,1,5,500000,51,51,12521754,0,0,0,1,4,470000,0,0,0
201708,36,085,1,2,Richmond County               ,200,200,53044449,136,272,36477698,1,3,364608,1,8,1052123,200,200,53044449,136,272,36477698,1,3,364608,1,8,1052123
201708,36,087,1,2,Rockland County               ,76,76,27051022,19,38,5421818,13,45,5272303,14,207,38407571,49,49,20319640,1,2,280000,2,6,700000,5,150,31700000
201708,36,091,1,2,Saratoga County               ,444,444,124798836,12,24,3361641,7,23,2089613,34,352,39597894,304,304,84604790,10,20,2700890,3,9,1093824,10,200,23580000
201708,36,093,1,2,Schenectady County            ,48,48,8421909,0,0,0,5,20,2167361,6,83,5102702,33,33,5918612,0,0,0,5,20,2167361,5,78,4452702
201708,36,095,1,2,Schoharie County              ,18,18,2855587,1,2,160000,0,0,0,0,0,0,10,10,1318255,1,2,160000,0,0,0,0,0,0
201708,36,099,1,2,Seneca County                 ,17,17,2782525,1,2,200000,0,0,0,0,0,0,17,17,2782525,1,2,200000,0,0,0,0,0,0
201708,36,117,1,2,Wayne County                  ,47,47,8810473,0,0,0,0,0,0,0,0,0,39,39,7201921,0,0,0,0,0,0,0,0,0
201708,36,119,1,2,Westchester County            ,223,223,112800760,4,8,1053332,0,0,0,11,842,183203392,183,183,95688912,0,0,0,0,0,0,6,787,171790675
201708,37,007,3,5,Anson County                  ,30,30,4495950,0,0,0,0,0,0,0,0,0,0,0,0,0,0,0,0,0,0,0,0,0
201708,37,011,3,5,Avery County                  ,63,63,24471645,0,0,0,0,0,0,0,0,0,63,63,24471645,0,0,0,0,0,0,0,0,0
201708,37,015,3,5,Bertie County                 ,10,10,1276547,0,0,0,0,0,0,0,0,0,8,8,859630,0,0,0,0,0,0,0,0,0
201708,37,025,3,5,Cabarrus County               ,1031,1031,162721493,1,2,100000,0,0,0,0,0,0,1031,1031,162721493,1,2,100000,0,0,0,0,0,0
201708,37,033,3,5,Caswell County                ,22,22,3590406,0,0,0,0,0,0,0,0,0,22,22,3590406,0,0,0,0,0,0,0,0,0
201708,37,037,3,5,Chatham County                ,535,535,131919246,0,0,0,0,0,0,0,0,0,535,535,131919246,0,0,0,0,0,0,0,0,0
201708,37,051,3,5,Cumberland County             ,437,437,72403452,0,0,0,0,0,0,0,0,0,437,437,72403452,0,0,0,0,0,0,0,0,0
201708,37,053,3,5,Currituck County              ,198,198,51098507,0,0,0,0,0,0,0,0,0,198,198,51098507,0,0,0,0,0,0,0,0,0
201708,37,059,3,5,Davie County                  ,90,90,17943021,0,0,0,0,0,0,0,0,0,40,40,7852390,0,0,0,0,0,0,0,0,0
201708,37,063,3,5,Durham County                 ,1320,1320,257183191,3,6,509691,0,0,0,26,782,59796697,441,441,91958853,0,0,0,0,0,0,7,288,17254697
201708,37,069,3,5,Franklin County               ,362,362,63907771,0,0,0,0,0,0,0,0,0,362,362,63907771,0,0,0,0,0,0,0,0,0
201708,37,071,3,5,Gaston County                 ,717,717,207283692,6,12,1491932,4,14,3082870,4,23,3645268,717,717,207283692,6,12,1491932,4,14,3082870,4,23,3645268
201708,37,081,3,5,Guilford County               ,1027,1027,236115709,9,18,3664192,0,0,0,17,727,102936708,1027,1027,236115709,9,18,3664192,0,0,0,17,727,102936708
201708,37,089,3,5,Henderson County              ,355,355,93317910,0,0,0,0,0,0,4,84,5366400,355,355,93317910,0,0,0,0,0,0,4,84,5366400
201708,37,093,3,5,Hoke County                   ,144,144,33157069,0,0,0,0,0,0,0,0,0,144,144,33157069,0,0,0,0,0,0,0,0,0
201708,37,097,3,5,Iredell County                ,916,916,261762707,1,2,178688,0,0,0,16,270,26589056,916,916,261762707,1,2,178688,0,0,0,16,270,26589056
201708,37,101,3,5,Johnston County               ,1629,1629,277159029,0,0,0,0,0,0,0,0,0,1474,1474,248587048,0,0,0,0,0,0,0,0,0
201708,37,105,3,5,Lee County                    ,136,136,25690766,0,0,0,0,0,0,0,0,0,136,136,25690766,0,0,0,0,0,0,0,0,0
201708,37,119,3,5,Mecklenburg County            ,3651,3651,839669615,12,24,2003747,1,4,803800,53,2852,212925070,3651,3651,839669615,12,24,2003747,1,4,803800,53,2852,212925070
201708,37,133,3,5,Onslow County                 ,594,594,84433453,7,14,1036800,1,4,400000,1,6,360000,592,592,83959962,7,14,1036800,1,4,400000,1,6,360000
201708,37,135,3,5,Orange County                 ,350,350,112022843,2,4,275000,0,0,0,2,13,1670078,342,342,109624095,2,4,275000,0,0,0,0,0,0
201708,37,145,3,5,Person County                 ,61,61,13309149,0,0,0,0,0,0,0,0,0,61,61,13309149,0,0,0,0,0,0,0,0,0
201708,37,151,3,5,Randolph County               ,220,220,48235087,2,4,170000,0,0,0,0,0,0,220,220,48235087,2,4,170000,0,0,0,0,0,0
201708,37,157,3,5,Rockingham County             ,125,125,30070173,0,0,0,0,0,0,7,149,19253327,123,123,29730730,0,0,0,0,0,0,6,144,18741410
201708,37,179,3,5,Union County                  ,1098,1098,249308440,0,0,0,0,0,0,0,0,0,1098,1098,249308440,0,0,0,0,0,0,0,0,0
201708,37,181,3,5,Vance County                  ,36,36,5901927,0,0,0,0,0,0,0,0,0,36,36,5901927,0,0,0,0,0,0,0,0,0
201708,37,183,3,5,Wake County                   ,5756,5756,1333651317,1,2,180000,5,18,1150372,66,2147,226417414,5756,5756,1333651317,1,2,180000,5,18,1150372,66,2147,226417414
201708,37,195,3,5,Wilson County                 ,137,137,19961755,1,2,115000,0,0,0,8,140,19643818,137,137,19961755,1,2,115000,0,0,0,8,140,19643818
201708,39,007,2,3,Ashtabula County              ,49,49,8985060,8,16,1286120,0,0,0,0,0,0,0,0,0,0,0,0,0,0,0,0,0,0
201708,39,015,2,3,Brown County                  ,49,49,7807156,0,0,0,0,0,0,0,0,0,0,0,0,0,0,0,0,0,0,0,0,0
201708,39,017,2,3,Butler County                 ,530,530,110096106,2,4,700000,1,4,360000,6,72,5143246,511,511,106736260,2,4,700000,1,4,360000,6,72,5143246
201708,39,025,2,3,Clermont County               ,302,302,62139200,1,2,140000,11,42,2778996,10,382,24597598,302,302,62139200,1,2,140000,11,42,2778996,10,382,24597598
201708,39,041,2,3,Delaware County               ,841,841,224638871,6,12,1793628,2,8,985961,14,151,18201821,818,818,220136809,6,12,1793628,2,8,985961,13,144,17672796
201708,39,049,2,3,Franklin County               ,1274,1274,359489831,5,10,1649114,18,60,8135000,122,3010,444911277,1248,1248,351950132,4,8,1426000,18,60,8135000,119,2983,443636277
201708,39,055,2,3,Geauga County                 ,115,115,33340298,3,6,1200000,0,0,0,1,81,22700000,115,115,33340298,3,6,1200000,0,0,0,1,81,22700000
201708,39,085,2,3,Lake County                   ,287,287,59898828,0,0,0,0,0,0,2,82,7500000,287,287,59898828,0,0,0,0,0,0,2,82,7500000
201708,39,089,2,3,Licking County                ,183,183,44918157,0,0,0,0,0,0,0,0,0,96,96,23185610,0,0,0,0,0,0,0,0,0
201708,39,093,2,3,Lorain County                 ,546,546,127761020,3,6,728900,13,52,4616000,15,135,6370646,440,440,101038165,3,6,728900,13,52,4616000,11,86,3693400
201708,39,097,2,3,Madison County                ,42,42,9793001,0,0,0,0,0,0,0,0,0,33,33,8309441,0,0,0,0,0,0,0,0,0
201708,39,103,2,3,Medina County                 ,461,461,117328449,3,6,420000,2,6,420000,0,0,0,461,461,117328449,3,6,420000,2,6,420000,0,0,0
201708,39,117,2,3,Morrow County                 ,46,46,7366070,0,0,0,0,0,0,0,0,0,37,37,5615247,0,0,0,0,0,0,0,0,0
201708,39,159,2,3,Union County                  ,285,285,77405005,4,8,1207000,0,0,0,0,0,0,285,285,77405005,4,8,1207000,0,0,0,0,0,0
201708,39,165,2,3,Warren County                 ,924,924,250412102,1,2,380913,1,4,920235,9,200,25777453,908,908,246448620,1,2,380913,1,4,920235,9,200,25777453
201708,40,001,3,7,Adair County                  ,11,11,2033789,0,0,0,0,0,0,0,0,0,2,2,300000,0,0,0,0,0,0,0,0,0
201708,40,017,3,7,Canadian County               ,184,184,40128893,3,6,375000,0,0,0,0,0,0,139,139,28923350,3,6,375000,0,0,0,0,0,0
201708,40,021,3,7,Cherokee County               ,40,40,5249529,2,4,260000,0,0,0,1,5,244048,0,0,0,0,0,0,0,0,0,0,0,0
201708,40,027,3,7,Cleveland County              ,442,442,103857100,14,28,4432400,5,15,2100000,8,44,3229994,442,442,103857100,14,28,4432400,5,15,2100000,8,44,3229994
201708,40,029,3,7,Coal County                   ,0,0,0,0,0,0,0,0,0,0,0,0,0,0,0,0,0,0,0,0,0,0,0,0
201708,40,037,3,7,Creek County                  ,60,60,12361437,0,0,0,0,0,0,0,0,0,60,60,12361437,0,0,0,0,0,0,0,0,0
201708,40,051,3,7,Grady County                  ,61,61,12043075,0,0,0,0,0,0,0,0,0,17,17,2620000,0,0,0,0,0,0,0,0,0
201708,40,055,3,7,Greer County                  ,1,1,50000,0,0,0,0,0,0,0,0,0,1,1,50000,0,0,0,0,0,0,0,0,0
201708,40,081,3,7,Lincoln County                ,3,3,544103,0,0,0,0,0,0,0,0,0,3,3,544103,0,0,0,0,0,0,0,0,0
201708,40,083,3,7,Logan County                  ,7,7,1288000,2,4,143000,0,0,0,0,0,0,7,7,1288000,2,4,143000,0,0,0,0,0,0
201708,40,087,3,7,McClain County                ,266,266,52097453,0,0,0,0,0,0,0,0,0,201,201,38678900,0,0,0,0,0,0,0,0,0
201708,40,109,3,7,Oklahoma County               ,2619,2619,595761770,51,102,14487466,3,11,626250,0,0,0,2491,2491,575413995,51,102,14487466,1,4,250000,0,0,0
201708,40,111,3,7,Okmulgee County               ,2,2,299667,0,0,0,0,0,0,0,0,0,0,0,0,0,0,0,0,0,0,0,0,0
201708,40,113,3,7,Osage County                  ,95,95,16300339,4,8,600000,0,0,0,0,0,0,95,95,16300339,4,8,600000,0,0,0,0,0,0
201708,40,117,3,7,Pawnee County                 ,1,1,240000,0,0,0,0,0,0,0,0,0,1,1,240000,0,0,0,0,0,0,0,0,0
201708,40,131,3,7,Rogers County                 ,310,310,54242075,11,22,1318110,0,0,0,0,0,0,306,306,53828743,11,22,1318110,0,0,0,0,0,0
201708,40,143,3,7,Tulsa County                  ,1435,1435,342837206,4,8,988960,1,4,282975,4,267,34103658,1434,1434,342774206,4,8,988960,1,4,282975,4,267,34103658
201708,40,145,3,7,Wagoner County                ,307,307,55085021,0,0,0,0,0,0,8,43,2930670,307,307,55085021,0,0,0,0,0,0,8,43,2930670
201708,41,000,4,9,Oregon Balance of State       ,118,118,17423809,0,0,0,0,0,0,0,0,0,0,0,0,0,0,0,0,0,0,0,0,0
201708,41,005,4,9,Clackamas County              ,863,863,279964506,8,16,2197370,1,3,468584,19,406,51105581,843,843,271067877,8,16,2197370,1,3,468584,18,384,47906407
201708,41,019,4,9,Douglas County                ,174,174,42218810,3,6,756087,0,0,0,0,0,0,174,174,42218810,3,6,756087,0,0,0,0,0,0
201708,41,025,4,9,Harney County                 ,8,8,1886654,0,0,0,0,0,0,0,0,0,0,0,0,0,0,0,0,0,0,0,0,0
201708,41,035,4,9,Klamath County                ,67,67,16252788,0,0,0,0,0,0,0,0,0,67,67,16252788,0,0,0,0,0,0,0,0,0
201708,41,051,4,9,Multnomah County              ,725,725,198904701,77,154,29470890,5,17,3098000,79,3675,538061270,725,725,198904701,77,154,29470890,5,17,3098000,78,3670,537301270
201708,41,067,4,9,Washington County             ,1125,1125,337976256,1,2,319194,0,0,0,32,1194,166155876,1121,1121,336751406,0,0,0,0,0,0,32,1194,166155876
201708,41,071,4,9,Yamhill County                ,210,210,72260375,0,0,0,0,0,0,1,16,1251757,177,177,63488823,0,0,0,0,0,0,1,16,1251757
201708,42,001,1,2,Adams County                  ,170,170,33641584,0,0,0,0,0,0,0,0,0,170,170,33641584,0,0,0,0,0,0,0,0,0
201708,42,017,1,2,Bucks County                  ,649,649,145834102,1,2,425000,0,0,0,3,24,2739270,501,501,112555745,1,2,425000,0,0,0,3,24,2739270
201708,42,029,1,2,Chester County                ,791,791,160601996,0,0,0,3,9,1330903,3,15,1968700,714,714,142862508,0,0,0,2,6,1008000,3,15,1968700
201708,42,037,1,2,Columbia County               ,54,54,13933610,0,0,0,2,6,774448,1,5,782273,24,24,6574686,0,0,0,0,0,0,0,0,0
201708,42,041,1,2,Cumberland County             ,592,592,131628114,3,6,765000,5,20,3480392,9,77,7541210,485,485,109485198,3,6,765000,5,20,3480392,4,24,1498070
201708,42,043,1,2,Dauphin County                ,247,247,54609260,5,10,1803980,4,16,2450525,5,49,4691480,187,187,40525829,5,10,1803980,4,16,2450525,5,49,4691480
201708,42,045,1,2,Delaware County               ,270,270,71185770,2,4,450000,3,12,900000,2,10,3759676,150,150,42075436,2,4,450000,3,12,900000,0,0,0
201708,42,055,1,2,Franklin County               ,226,226,37056264,3,6,570000,1,4,320000,6,35,2826655,192,192,32316355,3,6,570000,1,4,320000,1,8,194000
201708,42,065,1,2,Jefferson County              ,34,34,5200955,0,0,0,0,0,0,0,0,0,34,34,5200955,0,0,0,0,0,0,0,0,0
201708,42,091,1,2,Montgomery County             ,785,785,158291426,18,36,4010722,0,0,0,18,576,79108984,632,632,122336216,18,36,4010722,0,0,0,7,503,66791963
201708,42,093,1,2,Montour County                ,22,22,5285068,0,0,0,0,0,0,0,0,0,11,11,2821931,0,0,0,0,0,0,0,0,0
201708,42,099,1,2,Perry County                  ,70,70,17140826,0,0,0,0,0,0,0,0,0,8,8,1258800,0,0,0,0,0,0,0,0,0
201708,42,101,1,2,Philadelphia County           ,530,530,140398307,87,174,30477510,67,228,29886307,43,933,130446750,444,444,117934565,77,154,26787942,52,176,24343132,33,759,107391875
201708,42,103,1,2,Pike County                   ,58,58,13613839,0,0,0,0,0,0,0,0,0,47,47,10689260,0,0,0,0,0,0,0,0,0
201708,44,001,1,1,Bristol County                ,30,30,8016081,0,0,0,0,0,0,0,0,0,30,30,8016081,0,0,0,0,0,0,0,0,0
201708,44,003,1,1,Kent County                   ,137,137,19098706,2,4,647000,0,0,0,0,0,0,102,102,13388266,1,2,247000,0,0,0,0,0,0
201708,44,005,1,1,Newport County                ,95,95,33057784,1,2,285120,1,3,430000,0,0,0,93,93,32288348,1,2,285120,1,3,430000,0,0,0
201708,44,007,1,1,Providence County             ,245,245,39381075,6,12,1132980,1,4,166219,0,0,0,208,208,34618722,5,10,994150,0,0,0,0,0,0
201708,44,009,1,1,Washington County             ,221,221,48116465,4,8,1600000,0,0,0,0,0,0,199,199,40746644,4,8,1600000,0,0,0,0,0,0
201708,45,003,3,5,Aiken County                  ,552,552,113585520,0,0,0,7,21,2946826,5,312,35211772,525,525,109432432,0,0,0,7,21,2946826,4,307,34961772
201708,45,009,3,5,Bamberg County                ,8,8,1083000,0,0,0,0,0,0,0,0,0,8,8,1083000,0,0,0,0,0,0,0,0,0
201708,45,015,3,5,Berkeley County               ,1098,1098,305222352,0,0,0,0,0,0,9,299,7054032,774,774,218446434,0,0,0,0,0,0,0,0,0
201708,45,017,3,5,Calhoun County                ,18,18,2745843,0,0,0,0,0,0,0,0,0,18,18,2745843,0,0,0,0,0,0,0,0,0
201708,45,019,3,5,Charleston County             ,1828,1828,526938654,2,4,714000,0,0,0,59,1631,214427003,1238,1238,434292949,2,4,714000,0,0,0,44,1334,197013189
201708,45,035,3,5,Dorchester County             ,440,440,117913264,0,0,0,0,0,0,1,42,5982000,439,439,117805764,0,0,0,0,0,0,1,42,5982000
201708,45,037,3,5,Edgefield County              ,76,76,14546292,0,0,0,0,0,0,0,0,0,76,76,14546292,0,0,0,0,0,0,0,0,0
201708,45,039,3,5,Fairfield County              ,33,33,6970037,0,0,0,0,0,0,0,0,0,0,0,0,0,0,0,0,0,0,0,0,0
201708,45,045,3,5,Greenville County             ,2056,2056,934176089,0,0,0,5,18,1282626,12,440,31013670,2053,2053,933701392,0,0,0,5,18,1282626,12,440,31013670
201708,45,051,3,5,Horry County                  ,3131,3131,521149266,38,76,6587704,0,0,0,11,122,10421749,2980,2980,482658367,36,72,5450744,0,0,0,7,102,8729607
201708,45,055,3,5,Kershaw County                ,165,165,24147414,0,0,0,0,0,0,0,0,0,165,165,24147414,0,0,0,0,0,0,0,0,0
201708,45,059,3,5,Laurens County                ,94,94,14259293,0,0,0,0,0,0,0,0,0,92,92,14093603,0,0,0,0,0,0,0,0,0
201708,45,063,3,5,Lexington County              ,1228,1228,305556018,0,0,0,0,0,0,7,259,23824337,780,780,189307168,0,0,0,0,0,0,3,200,18050176
201708,45,077,3,5,Pickens County                ,392,392,93882747,0,0,0,1,4,538719,9,200,24931388,312,312,80111518,0,0,0,1,4,538719,1,5,594031
201708,45,079,3,5,Richland County               ,1406,1406,200773619,4,8,1068468,0,0,0,12,234,13207605,239,239,51711416,4,8,1068468,0,0,0,0,0,0
201708,45,081,3,5,Saluda County                 ,23,23,5098551,0,0,0,0,0,0,0,0,0,23,23,5098551,0,0,0,0,0,0,0,0,0
201708,45,085,3,5,Sumter County                 ,172,172,24774776,0,0,0,0,0,0,1,5,533333,148,148,21265252,0,0,0,0,0,0,0,0,0
201708,45,091,3,5,York County                   ,1680,1680,525776554,0,0,0,0,0,0,27,618,65885440,469,469,142682142,0,0,0,0,0,0,10,350,38771166
201708,46,007,2,4,Bennett County                ,1,1,120000,0,0,0,0,0,0,0,0,0,1,1,120000,0,0,0,0,0,0,0,0,0
201708,46,055,2,4,Haakon County                 ,0,0,0,0,0,0,0,0,0,0,0,0,0,0,0,0,0,0,0,0,0,0,0,0
201708,46,071,2,4,Jackson County                ,1,1,211632,0,0,0,0,0,0,0,0,0,1,1,211632,0,0,0,0,0,0,0,0,0
201708,46,111,2,4,Sanborn County                ,7,7,1475000,0,0,0,0,0,0,0,0,0,7,7,1475000,0,0,0,0,0,0,0,0,0
201708,47,001,3,6,Anderson County               ,90,90,19609301,0,0,0,0,0,0,0,0,0,85,85,18680579,0,0,0,0,0,0,0,0,0
201708,47,015,3,6,Cannon County                 ,10,10,1261900,0,0,0,0,0,0,0,0,0,0,0,0,0,0,0,0,0,0,0,0,0
201708,47,021,3,6,Cheatham County               ,144,144,22924230,0,0,0,0,0,0,0,0,0,142,142,22484992,0,0,0,0,0,0,0,0,0
201708,47,037,3,6,Davidson County               ,3058,3058,737062681,1,2,405540,11,40,5601074,31,1931,152425240,3058,3058,737062681,1,2,405540,11,40,5601074,31,1931,152425240
201708,47,043,3,6,Dickson County                ,215,215,42014032,0,0,0,0,0,0,0,0,0,186,186,36281007,0,0,0,0,0,0,0,0,0
201708,47,049,3,6,Fentress County               ,0,0,0,0,0,0,0,0,0,0,0,0,0,0,0,0,0,0,0,0,0,0,0,0
201708,47,081,3,6,Hickman County                ,48,48,7525941,0,0,0,0,0,0,0,0,0,24,24,3225326,0,0,0,0,0,0,0,0,0
201708,47,093,3,6,Knox County                   ,1172,1172,250714911,0,0,0,0,0,0,30,622,65316271,1172,1172,250714911,0,0,0,0,0,0,30,622,65316271
201708,47,105,3,6,Loudon County                 ,227,227,57615914,0,0,0,0,0,0,0,0,0,222,222,56755760,0,0,0,0,0,0,0,0,0
201708,47,125,3,6,Montgomery County             ,1015,1015,149585926,18,36,1695000,5,19,1140000,14,94,4874000,1015,1015,149585926,18,36,1695000,5,19,1140000,14,94,4874000
201708,47,139,3,6,Polk County                   ,128,128,23055880,0,0,0,0,0,0,0,0,0,0,0,0,0,0,0,0,0,0,0,0,0
201708,47,149,3,6,Rutherford County             ,1610,1610,395670752,8,16,2465766,8,31,4215946,22,461,45601061,1462,1462,368505563,7,14,2137445,7,27,3811492,19,395,38953810
201708,47,153,3,6,Sequatchie County             ,6,6,665000,0,0,0,0,0,0,0,0,0,6,6,665000,0,0,0,0,0,0,0,0,0
201708,47,157,3,6,Shelby County                 ,753,753,197811537,1,2,311052,1,4,375000,8,272,29876109,753,753,197811537,1,2,311052,1,4,375000,8,272,29876109
201708,47,159,3,6,Smith County                  ,50,50,8430778,0,0,0,0,0,0,0,0,0,46,46,7758398,0,0,0,0,0,0,0,0,0
201708,47,161,3,6,Stewart County                ,2,2,620000,0,0,0,0,0,0,0,0,0,2,2,620000,0,0,0,0,0,0,0,0,0
201708,47,165,3,6,Sumner County                 ,935,935,215910227,1,2,188000,0,0,0,35,1072,57439348,902,902,209945526,1,2,188000,0,0,0,35,1072,57439348
201708,47,167,3,6,Tipton County                 ,112,112,17853458,0,0,0,0,0,0,0,0,0,65,65,11601996,0,0,0,0,0,0,0,0,0
201708,47,169,3,6,Trousdale County              ,52,52,7267000,0,0,0,4,16,450000,0,0,0,52,52,7267000,0,0,0,4,16,450000,0,0,0
201708,47,173,3,6,Union County                  ,59,59,8170000,0,0,0,0,0,0,0,0,0,59,59,8170000,0,0,0,0,0,0,0,0,0
201708,47,175,3,6,Van Buren County              ,1,1,195000,0,0,0,0,0,0,0,0,0,1,1,195000,0,0,0,0,0,0,0,0,0
201708,47,189,3,6,Wilson County                 ,915,915,234301364,10,20,1955700,0,0,0,30,250,13017285,913,913,234015148,10,20,1955700,0,0,0,30,250,13017285
201708,48,013,3,7,Atascosa County               ,27,27,4834818,0,0,0,0,0,0,0,0,0,18,18,3228020,0,0,0,0,0,0,0,0,0
201708,48,015,3,7,Austin County                 ,17,17,3164310,0,0,0,0,0,0,0,0,0,8,8,1437975,0,0,0,0,0,0,0,0,0
201708,48,019,3,7,Bandera County                ,1,1,210000,0,0,0,0,0,0,0,0,0,0,0,0,0,0,0,0,0,0,0,0,0
201708,48,021,3,7,Bastrop County                ,100,100,12876204,5,10,1400000,0,0,0,0,0,0,100,100,12876204,5,10,1400000,0,0,0,0,0,0
201708,48,025,3,7,Bee County                    ,6,6,563817,0,0,0,0,0,0,0,0,0,0,0,0,0,0,0,0,0,0,0,0,0
201708,48,027,3,7,Bell County                   ,1198,1198,212108821,88,176,15226434,0,0,0,10,188,10984798,1184,1184,209360469,88,176,15226434,0,0,0,10,188,10984798
201708,48,029,3,7,Bexar County                  ,2474,2474,572407635,19,38,3652970,22,86,8097081,115,1058,110770033,2132,2132,524818212,19,38,3652970,20,80,8097081,108,1019,102459165
201708,48,051,3,7,Burleson County               ,12,12,1335390,0,0,0,0,0,0,0,0,0,10,10,927000,0,0,0,0,0,0,0,0,0
201708,48,055,3,7,Caldwell County               ,187,187,35681858,2,4,226640,0,0,0,0,0,0,30,30,3539868,1,2,110000,0,0,0,0,0,0
201708,48,085,3,7,Collin County                 ,6554,6554,2096141063,3,6,1306126,0,0,0,64,3772,500237261,6326,6326,2055341416,2,4,1062336,0,0,0,64,3772,500237261
201708,48,091,3,7,Comal County                  ,1693,1693,374986901,77,154,14624370,3,9,1953592,20,515,57890249,1679,1679,370838152,77,154,14624370,3,9,1953592,20,515,57890249
201708,48,099,3,7,Coryell County                ,105,105,13858740,5,10,753540,0,0,0,0,0,0,92,92,12001156,5,10,753540,0,0,0,0,0,0
201708,48,107,3,7,Crosby County                 ,7,7,469000,0,0,0,0,0,0,0,0,0,0,0,0,0,0,0,0,0,0,0,0,0
201708,48,113,3,7,Dallas County                 ,3512,3512,1064267078,53,106,26236278,20,72,15782097,168,8841,1320492985,3405,3405,1032259666,53,106,26236278,19,69,13966240,167,8765,1312690001
201708,48,119,3,7,Delta County                  ,4,4,918206,0,0,0,0,0,0,0,0,0,4,4,918206,0,0,0,0,0,0,0,0,0
201708,48,135,3,7,Ector County                  ,367,367,70749733,0,0,0,0,0,0,0,0,0,322,322,62145606,0,0,0,0,0,0,0,0,0
201708,48,139,3,7,Ellis County                  ,1376,1376,272241363,2,4,421968,2,7,654242,8,192,20772429,1375,1375,272152163,2,4,421968,2,7,654242,8,192,20772429
201708,48,141,3,7,El Paso County                ,1696,1696,363345598,15,30,3036051,7,26,4553659,35,427,65798851,1406,1406,296820763,11,22,2361760,6,22,4191414,26,364,56841962
201708,48,157,3,7,Fort Bend County              ,4675,4675,1158198367,14,28,3094861,3,9,836935,0,0,0,4552,4552,1130147094,14,28,3094861,3,9,836935,0,0,0
201708,48,167,3,7,Galveston County              ,1787,1787,393598071,1,2,240000,0,0,0,5,26,1431373,826,826,189565858,1,2,240000,0,0,0,0,0,0
201708,48,185,3,7,Grimes County                 ,39,39,4198034,0,0,0,0,0,0,0,0,0,39,39,4198034,0,0,0,0,0,0,0,0,0
201708,48,187,3,7,Guadalupe County              ,681,681,157553274,1,2,294323,0,0,0,7,239,18876609,662,662,153998259,1,2,294323,0,0,0,6,232,18504666
201708,48,193,3,7,Hamilton County               ,3,3,240000,0,0,0,0,0,0,0,0,0,0,0,0,0,0,0,0,0,0,0,0,0
201708,48,195,3,7,Hansford County               ,0,0,0,0,0,0,0,0,0,0,0,0,0,0,0,0,0,0,0,0,0,0,0,0
201708,48,201,3,7,Harris County                 ,11810,11810,2126766329,57,114,16129904,15,59,7684425,81,3427,377306373,11744,11744,2065421540,57,114,16129904,15,59,7684425,81,3427,377306373
201708,48,211,3,7,Hemphill County               ,0,0,0,0,0,0,0,0,0,0,0,0,0,0,0,0,0,0,0,0,0,0,0,0
201708,48,215,3,7,Hidalgo County                ,1833,1833,318018783,73,146,8341461,78,307,16455600,34,647,47442221,1481,1481,250046965,56,112,6490512,50,197,9692446,28,447,31898779
201708,48,233,3,7,Hutchinson County             ,1,1,204195,0,0,0,0,0,0,2,10,933228,0,0,0,0,0,0,0,0,0,0,0,0
201708,48,251,3,7,Johnson County                ,431,431,94006675,3,6,625000,0,0,0,0,0,0,419,419,91635642,3,6,625000,0,0,0,0,0,0
201708,48,257,3,7,Kaufman County                ,546,546,121052380,0,0,0,0,0,0,8,337,30000000,517,517,115860273,0,0,0,0,0,0,8,337,30000000
201708,48,259,3,7,Kendall County                ,194,194,54903841,0,0,0,0,0,0,3,71,5253508,120,120,34043405,0,0,0,0,0,0,0,0,0
201708,48,271,3,7,Kinney County                 ,1,1,205977,0,0,0,0,0,0,0,0,0,1,1,205977,0,0,0,0,0,0,0,0,0
201708,48,281,3,7,Lampasas County               ,24,24,3493000,0,0,0,0,0,0,0,0,0,24,24,3493000,0,0,0,0,0,0,0,0,0
201708,48,291,3,7,Liberty County                ,370,370,35916315,0,0,0,0,0,0,0,0,0,318,318,28407188,0,0,0,0,0,0,0,0,0
201708,48,303,3,7,Lubbock County                ,1145,1145,243835198,13,26,3181681,3,10,1338750,39,473,65237938,774,774,158814696,0,0,0,0,0,0,22,194,33315000
201708,48,323,3,7,Maverick County               ,43,43,10535077,4,8,863683,0,0,0,0,0,0,43,43,10535077,4,8,863683,0,0,0,0,0,0
201708,48,325,3,7,Medina County                 ,16,16,2978587,0,0,0,0,0,0,0,0,0,16,16,2978587,0,0,0,0,0,0,0,0,0
201708,48,329,3,7,Midland County                ,565,565,117445116,0,0,0,0,0,0,0,0,0,565,565,117445116,0,0,0,0,0,0,0,0,0
201708,48,339,3,7,Montgomery County             ,3578,3578,819429772,2,4,150000,0,0,0,0,0,0,3545,3545,812609056,2,4,150000,0,0,0,0,0,0
201708,48,367,3,7,Parker County                 ,324,324,68685281,0,0,0,0,0,0,3,15,1579110,318,318,67631171,0,0,0,0,0,0,0,0,0
201708,48,375,3,7,Potter County                 ,315,315,82615557,2,4,553364,0,0,0,0,0,0,315,315,82615557,2,4,553364,0,0,0,0,0,0
201708,48,383,3,7,Reagan County                 ,0,0,0,0,0,0,0,0,0,0,0,0,0,0,0,0,0,0,0,0,0,0,0,0
201708,48,385,3,7,Real County                   ,0,0,0,0,0,0,0,0,0,0,0,0,0,0,0,0,0,0,0,0,0,0,0,0
201708,48,395,3,7,Robertson County              ,61,61,13561425,0,0,0,0,0,0,0,0,0,61,61,13561425,0,0,0,0,0,0,0,0,0
201708,48,397,3,7,Rockwall County               ,1038,1038,316942722,1,2,177000,0,0,0,0,0,0,928,928,273200723,1,2,177000,0,0,0,0,0,0
201708,48,407,3,7,San Jacinto County            ,242,242,48746347,0,0,0,0,0,0,0,0,0,162,162,32561207,0,0,0,0,0,0,0,0,0
201708,48,411,3,7,San Saba County               ,0,0,0,0,0,0,0,0,0,0,0,0,0,0,0,0,0,0,0,0,0,0,0,0
201708,48,451,3,7,Tom Green County              ,125,125,25007300,2,4,660000,0,0,0,0,0,0,125,125,25007300,2,4,660000,0,0,0,0,0,0
201708,48,453,3,7,Travis County                 ,6008,6008,1316345837,8,16,2226232,8,31,4870564,143,5996,358788710,5741,5741,1234107889,7,14,2084148,8,31,4870564,142,5991,358122043
201708,48,473,3,7,Waller County                 ,4,4,797218,0,0,0,1,3,450000,9,48,1405112,2,2,337000,0,0,0,0,0,0,0,0,0
201708,48,491,3,7,Williamson County             ,2878,2878,769976082,4,8,672015,6,20,1507788,18,888,74701881,2793,2793,753327038,4,8,672015,6,20,1507788,18,888,74701881
201708,48,493,3,7,Wilson County                 ,34,34,6842017,0,0,0,0,0,0,0,0,0,1,1,194226,0,0,0,0,0,0,0,0,0
201708,48,497,3,7,Wise County                   ,52,52,9977574,1,2,125000,0,0,0,0,0,0,41,41,7636947,1,2,125000,0,0,0,0,0,0
201708,49,011,4,8,Davis County                  ,850,850,226373823,2,4,532000,14,53,8109051,18,287,22847338,823,823,219109420,2,4,532000,14,53,8109051,17,279,21858789
201708,49,023,4,8,Juab County                   ,40,40,10823208,0,0,0,0,0,0,0,0,0,33,33,8737757,0,0,0,0,0,0,0,0,0
201708,49,029,4,8,Morgan County                 ,53,53,19688045,0,0,0,0,0,0,0,0,0,37,37,14503099,0,0,0,0,0,0,0,0,0
201708,49,035,4,8,Salt Lake County              ,2845,2845,693775997,22,44,7680298,30,100,12317144,69,1895,246388501,2213,2213,518259270,15,30,4920891,15,51,5060594,49,1752,227376185
201708,49,039,4,8,Sanpete County                ,36,36,5540294,0,0,0,0,0,0,0,0,0,36,36,5540294,0,0,0,0,0,0,0,0,0
201708,49,043,4,8,Summit County                 ,121,121,63838475,2,4,1184342,1,3,841530,9,47,8030270,49,49,28354944,2,4,1184342,0,0,0,0,0,0
201708,49,057,4,8,Weber County                  ,714,714,164445815,6,12,1540164,40,153,22522749,17,282,25683184,643,643,146539700,6,12,1540164,33,131,19515997,14,267,23453325
201708,51,003,3,5,Albemarle County              ,425,425,129684201,0,0,0,0,0,0,7,148,17216476,214,214,61636166,0,0,0,0,0,0,3,89,11141369
201708,51,007,3,5,Amelia County                 ,39,39,6361680,0,0,0,0,0,0,0,0,0,39,39,6361680,0,0,0,0,0,0,0,0,0
201708,51,009,3,5,Amherst County                ,50,50,8125424,0,0,0,0,0,0,0,0,0,50,50,8125424,0,0,0,0,0,0,0,0,0
201708,51,013,3,5,Arlington County              ,136,136,50814596,1,2,485417,0,0,0,5,1550,103531412,103,103,41779694,0,0,0,0,0,0,4,1408,80643679
201708,51,015,3,5,Augusta County                ,142,142,25052949,3,6,430000,2,8,720000,0,0,0,142,142,25052949,3,6,430000,2,8,720000,0,0,0
201708,51,019,3,5,Bedford County                ,122,122,31679399,1,2,400000,0,0,0,0,0,0,122,122,31679399,1,2,400000,0,0,0,0,0,0
201708,51,033,3,5,Caroline County               ,65,65,13320528,0,0,0,0,0,0,0,0,0,65,65,13320528,0,0,0,0,0,0,0,0,0
201708,51,036,3,5,Charles City County           ,19,19,3201306,0,0,0,0,0,0,0,0,0,15,15,2466600,0,0,0,0,0,0,0,0,0
201708,51,037,3,5,Charlotte County              ,8,8,1802500,0,0,0,0,0,0,0,0,0,8,8,1802500,0,0,0,0,0,0,0,0,0
201708,51,041,3,5,Chesterfield County           ,1011,1011,232569533,1,2,300000,32,117,14192822,14,403,22701684,1011,1011,232569533,1,2,300000,32,117,14192822,14,403,22701684
201708,51,043,3,5,Clarke County                 ,39,39,15086420,0,0,0,0,0,0,0,0,0,39,39,15086420,0,0,0,0,0,0,0,0,0
201708,51,049,3,5,Cumberland County             ,12,12,1837403,0,0,0,0,0,0,0,0,0,12,12,1837403,0,0,0,0,0,0,0,0,0
201708,51,051,3,5,Dickenson County              ,4,4,595000,0,0,0,0,0,0,0,0,0,4,4,595000,0,0,0,0,0,0,0,0,0
201708,51,053,3,5,Dinwiddie County              ,49,49,2473497,0,0,0,0,0,0,0,0,0,0,0,0,0,0,0,0,0,0,0,0,0
201708,51,059,3,5,Fairfax County                ,660,660,151579921,0,0,0,0,0,0,0,0,0,660,660,151579921,0,0,0,0,0,0,0,0,0
201708,51,061,3,5,Fauquier County               ,275,275,82743486,0,0,0,0,0,0,0,0,0,275,275,82743486,0,0,0,0,0,0,0,0,0
201708,51,069,3,5,Frederick County              ,406,406,85879664,2,4,400000,4,16,2521310,2,32,2300000,406,406,85879664,2,4,400000,4,16,2521310,2,32,2300000
201708,51,073,3,5,Gloucester County             ,104,104,17971583,0,0,0,4,12,634000,0,0,0,104,104,17971583,0,0,0,4,12,634000,0,0,0
201708,51,075,3,5,Goochland County              ,137,137,37141301,0,0,0,0,0,0,0,0,0,137,137,37141301,0,0,0,0,0,0,0,0,0
201708,51,085,3,5,Hanover County                ,463,463,92701472,0,0,0,0,0,0,0,0,0,463,463,92701472,0,0,0,0,0,0,0,0,0
201708,51,087,3,5,Henrico County                ,654,654,120500419,0,0,0,0,0,0,61,457,21923341,654,654,120500419,0,0,0,0,0,0,61,457,21923341
201708,51,093,3,5,Isle of Wight County          ,128,128,24683753,0,0,0,0,0,0,1,13,521500,29,29,4960034,0,0,0,0,0,0,0,0,0
201708,51,095,3,5,James City County             ,234,234,61732109,2,4,431000,19,70,8324795,8,53,7529070,234,234,61732109,2,4,431000,19,70,8324795,8,53,7529070
201708,51,097,3,5,King and Queen County         ,18,18,2839775,0,0,0,0,0,0,0,0,0,16,16,2476532,0,0,0,0,0,0,0,0,0
201708,51,099,3,5,King George County            ,55,55,12125278,0,0,0,0,0,0,0,0,0,55,55,12125278,0,0,0,0,0,0,0,0,0
201708,51,107,3,5,Loudoun County                ,1886,1886,402658938,2,4,400000,0,0,0,28,729,63960861,1886,1886,402658938,2,4,400000,0,0,0,28,729,63960861
201708,51,109,3,5,Louisa County                 ,191,191,39275767,0,0,0,0,0,0,0,0,0,122,122,26194509,0,0,0,0,0,0,0,0,0
201708,51,115,3,5,Mathews County                ,14,14,2993526,0,0,0,0,0,0,0,0,0,14,14,2993526,0,0,0,0,0,0,0,0,0
201708,51,127,3,5,New Kent County               ,191,191,38461985,0,0,0,0,0,0,0,0,0,191,191,38461985,0,0,0,0,0,0,0,0,0
201708,51,139,3,5,Page County                   ,50,50,5418368,0,0,0,0,0,0,0,0,0,50,50,5418368,0,0,0,0,0,0,0,0,0
201708,51,145,3,5,Powhatan County               ,141,141,25064346,0,0,0,0,0,0,0,0,0,141,141,25064346,0,0,0,0,0,0,0,0,0
201708,51,149,3,5,Prince George County          ,59,59,9046666,0,0,0,0,0,0,0,0,0,59,59,9046666,0,0,0,0,0,0,0,0,0
201708,51,153,3,5,Prince William County         ,1006,1006,183414527,0,0,0,0,0,0,6,98,9867030,875,875,159567258,0,0,0,0,0,0,3,34,3650000
201708,51,165,3,5,Rockingham County             ,280,280,55659890,0,0,0,0,0,0,0,0,0,280,280,55659890,0,0,0,0,0,0,0,0,0
201708,51,175,3,5,Southampton County            ,37,37,5387206,0,0,0,0,0,0,0,0,0,21,21,3026018,0,0,0,0,0,0,0,0,0
201708,51,177,3,5,Spotsylvania County           ,466,466,124870790,0,0,0,0,0,0,4,170,14500000,466,466,124870790,0,0,0,0,0,0,4,170,14500000
201708,51,179,3,5,Stafford County               ,799,799,176179855,0,0,0,0,0,0,0,0,0,799,799,176179855,0,0,0,0,0,0,0,0,0
201708,51,181,3,5,Surry County                  ,18,18,2895852,0,0,0,0,0,0,0,0,0,16,16,2597084,0,0,0,0,0,0,0,0,0
201708,51,183,3,5,Sussex County                 ,18,18,2345390,0,0,0,0,0,0,0,0,0,18,18,2345390,0,0,0,0,0,0,0,0,0
201708,51,187,3,5,Warren County                 ,129,129,28271235,0,0,0,0,0,0,0,0,0,129,129,28271235,0,0,0,0,0,0,0,0,0
201708,51,199,3,5,York County                   ,53,53,13965187,2,4,650000,6,23,5706250,4,21,2060000,53,53,13965187,2,4,650000,6,23,5706250,4,21,2060000
201708,51,510,3,5,Alexandria (Independent City) ,121,121,23854475,0,0,0,0,0,0,0,0,0,121,121,23854475,0,0,0,0,0,0,0,0,0
201708,51,540,3,5,Charlottesville (Independent C,61,61,13567241,3,6,572250,0,0,0,9,67,9904768,0,0,0,0,0,0,0,0,0,0,0,0
201708,51,550,3,5,Chesapeake(Independent City)  ,766,766,245664022,0,0,0,0,0,0,0,0,0,766,766,245664022,0,0,0,0,0,0,0,0,0
201708,51,570,3,5,Colonial Heights (Independent ,6,6,1050000,0,0,0,0,0,0,0,0,0,6,6,1050000,0,0,0,0,0,0,0,0,0
201708,51,580,3,5,Covington (Independent City)  ,1,1,75000,0,0,0,0,0,0,0,0,0,1,1,75000,0,0,0,0,0,0,0,0,0
201708,51,600,3,5,Fairfax (Independent City)    ,29,29,4200000,0,0,0,0,0,0,1,30,3600000,29,29,4200000,0,0,0,0,0,0,1,30,3600000
201708,51,610,3,5,Falls Church (Independent City,13,13,6557250,0,0,0,0,0,0,0,0,0,13,13,6557250,0,0,0,0,0,0,0,0,0
201708,51,630,3,5,Fredericksburg(Independent Cit,53,53,9357630,0,0,0,0,0,0,0,0,0,53,53,9357630,0,0,0,0,0,0,0,0,0
201708,51,650,3,5,Hampton (Independent City)    ,121,121,7590691,0,0,0,0,0,0,0,0,0,0,0,0,0,0,0,0,0,0,0,0,0
201708,51,660,3,5,Harrisonburg (Independent City,30,30,5350300,0,0,0,0,0,0,0,0,0,30,30,5350300,0,0,0,0,0,0,0,0,0
201708,51,670,3,5,Hopewell (Independent City)   ,35,35,3092231,0,0,0,0,0,0,0,0,0,26,26,2276500,0,0,0,0,0,0,0,0,0
201708,51,680,3,5,Lynchburg (Independent City)  ,89,89,13295221,0,0,0,0,0,0,2,48,3176000,89,89,13295221,0,0,0,0,0,0,2,48,3176000
201708,51,683,3,5,Manassas (Independent City)   ,19,19,2795313,0,0,0,0,0,0,1,105,2192744,4,4,681246,0,0,0,0,0,0,1,105,2192744
201708,51,685,3,5,Manassas Park (Independent Cit,0,0,0,0,0,0,0,0,0,0,0,0,0,0,0,0,0,0,0,0,0,0,0,0
201708,51,700,3,5,Newport News (Independent City,66,66,12030993,1,2,300000,0,0,0,8,275,23355619,56,56,11142844,1,2,300000,0,0,0,7,252,22473660
201708,51,710,3,5,Norfolk (Independent City)    ,310,310,41108968,1,2,90000,0,0,0,1,48,4609120,310,310,41108968,1,2,90000,0,0,0,1,48,4609120
201708,51,730,3,5,Petersburg (Independent City) ,2,2,118750,0,0,0,0,0,0,0,0,0,2,2,118750,0,0,0,0,0,0,0,0,0
201708,51,735,3,5,Poquoson (Independent City)   ,26,26,7693890,0,0,0,2,7,1182800,1,6,655588,26,26,7693890,0,0,0,2,7,1182800,1,6,655588
201708,51,740,3,5,Portsmouth (Independent City) ,119,119,15120000,0,0,0,0,0,0,0,0,0,119,119,15120000,0,0,0,0,0,0,0,0,0
201708,51,760,3,5,Richmond (Independent City)   ,243,243,48855384,1,2,230406,1,4,550000,8,772,44461548,243,243,48855384,1,2,230406,1,4,550000,8,772,44461548
201708,51,800,3,5,Suffolk (Independent City)    ,327,327,67795507,0,0,0,0,0,0,3,78,1737501,209,209,47964370,0,0,0,0,0,0,0,0,0
201708,51,810,3,5,Virginia Beach (Independent Ci,454,454,98554366,0,0,0,0,0,0,11,596,32499125,454,454,98554366,0,0,0,0,0,0,11,596,32499125
201708,51,830,3,5,Williamsburg (Independent City,27,27,4861185,0,0,0,0,0,0,0,0,0,27,27,4861185,0,0,0,0,0,0,0,0,0
201708,53,005,4,9,Benton County                 ,606,606,180099251,2,4,531002,1,3,406674,6,155,14607953,328,328,91868294,0,0,0,0,0,0,1,48,4531269
201708,53,011,4,9,Clark County                  ,1607,1607,455482037,15,30,3426649,2,8,1149156,46,1069,70498103,1114,1114,311586286,15,30,3426649,2,8,1149156,35,939,56900889
201708,53,021,4,9,Franklin County               ,357,357,91555721,10,20,3377946,0,0,0,0,0,0,3,3,465748,0,0,0,0,0,0,0,0,0
201708,53,031,4,9,Jefferson County              ,123,123,25761489,0,0,0,0,0,0,0,0,0,123,123,25761489,0,0,0,0,0,0,0,0,0
201708,53,033,4,9,King County                   ,3032,3032,1164396082,119,238,48438311,86,301,56554877,142,7210,1023657517,2834,2834,1081837435,119,238,48438311,86,301,56554877,136,6989,998317610
201708,53,035,4,9,Kitsap County                 ,666,666,191245130,2,4,679261,1,3,552064,6,135,11963919,666,666,191245130,2,4,679261,1,3,552064,6,135,11963919
201708,53,053,4,9,Pierce County                 ,2009,2009,598182329,19,38,5611481,4,16,2747986,63,1616,204715190,1982,1982,589154963,19,38,5611481,4,16,2747986,63,1616,204715190
201708,53,055,4,9,San Juan County               ,87,87,18231927,0,0,0,1,3,500000,0,0,0,73,73,14956740,0,0,0,1,3,500000,0,0,0
201708,53,059,4,9,Skamania County               ,38,38,9373405,0,0,0,0,0,0,0,0,0,34,34,8525983,0,0,0,0,0,0,0,0,0
201708,53,061,4,9,Snohomish County              ,1857,1857,548684490,17,34,7331442,29,109,21321381,45,561,72111700,1823,1823,539253688,16,32,6886167,29,109,21321381,44,556,71493192
201708,54,011,3,5,Cabell County                 ,46,46,7672073,2,4,487000,1,4,320000,1,8,722000,46,46,7672073,1,2,287000,1,4,320000,1,8,722000
201708,54,015,3,5,Clay County                   ,0,0,0,0,0,0,0,0,0,0,0,0,0,0,0,0,0,0,0,0,0,0,0,0
201708,54,019,3,5,Fayette County                ,16,16,1512123,0,0,0,0,0,0,0,0,0,9,9,734000,0,0,0,0,0,0,0,0,0
201708,54,037,3,5,Jefferson County              ,156,156,41060221,0,0,0,0,0,0,0,0,0,155,155,40910221,0,0,0,0,0,0,0,0,0
201708,54,081,3,5,Raleigh County                ,49,49,9970052,0,0,0,0,0,0,0,0,0,48,48,9826890,0,0,0,0,0,0,0,0,0
201708,55,025,2,3,Dane County                   ,966,966,303543180,23,46,7061099,5,15,1913265,36,1728,242511850,849,849,267074151,17,34,5510327,0,0,0,24,1510,221661460
201708,55,031,2,3,Douglas County                ,58,58,10926542,1,2,350000,0,0,0,0,0,0,58,58,10926542,1,2,350000,0,0,0,0,0,0
201708,55,037,2,3,Florence County               ,18,18,2498400,0,0,0,0,0,0,0,0,0,18,18,2498400,0,0,0,0,0,0,0,0,0
201708,55,049,2,3,Iowa County                   ,57,57,13965848,0,0,0,0,0,0,0,0,0,57,57,13965848,0,0,0,0,0,0,0,0,0
201708,55,059,2,3,Kenosha County                ,124,124,35371688,2,4,600724,0,0,0,3,30,1069191,115,115,33326194,2,4,600724,0,0,0,0,0,0
201708,55,079,2,3,Milwaukee County              ,78,78,23774834,6,12,2395000,0,0,0,17,1044,90153333,72,72,22359119,6,12,2395000,0,0,0,15,958,78845397
201708,55,089,2,3,Ozaukee County                ,140,140,51250435,2,4,406360,0,0,0,5,32,2417777,82,82,24850200,2,4,406360,0,0,0,0,0,0
201708,55,093,2,3,Pierce County                 ,82,82,19468483,1,2,200000,0,0,0,0,0,0,82,82,19468483,1,2,200000,0,0,0,0,0,0
201708,55,109,2,3,St. Croix County              ,311,311,81244610,19,38,4859214,1,3,330000,1,5,875000,294,294,78069517,18,36,4601500,1,3,330000,1,5,875000
201708,55,131,2,3,Washington County             ,244,244,73667307,19,38,5195000,1,3,371250,2,17,1584167,192,192,54118042,19,38,5195000,0,0,0,1,12,1230000
201708,56,029,4,8,Park County                   ,77,77,18205729,3,6,603000,0,0,0,0,0,0,77,77,18205729,3,6,603000,0,0,0,0,0,0
201708,56,039,4,8,Teton County                  ,108,108,148684149,4,8,2484929,3,11,427163,2,10,1890398,93,93,141213649,0,0,0,0,0,0,1,5,850000
