Survey,FIPS,FIPS,Region,Division,County,,1-unit,,,2-units,,,3-4 units,,,5+ units,,,1-unit rep,,,2-units rep,,,3-4 units rep,,, 5+units rep
Date,State,County,Code,Code,Name,Bldgs,Units,Value,Bldgs,Units,Value,Bldgs,Units,Value,Bldgs,Units,Value,Bldgs,Units,Value,Bldgs,Units,Value,Bldgs,Units,Value,Bldgs,Units,Value
 
201707,01,001,3,6,Autauga County                ,123,123,32539326,0,0,0,0,0,0,0,0,0,123,123,32539326,0,0,0,0,0,0,0,0,0
201707,01,007,3,6,Bibb County                   ,6,6,1608914,0,0,0,0,0,0,0,0,0,2,2,490000,0,0,0,0,0,0,0,0,0
201707,01,009,3,6,Blount County                 ,6,6,1984100,0,0,0,0,0,0,0,0,0,5,5,1776000,0,0,0,0,0,0,0,0,0
201707,01,021,3,6,Chilton County                ,28,28,3772500,0,0,0,0,0,0,0,0,0,28,28,3772500,0,0,0,0,0,0,0,0,0
201707,01,073,3,6,Jefferson County              ,871,871,229705848,1,2,107950,1,4,875000,8,136,17473628,809,809,219666536,1,2,107950,1,4,875000,1,6,650080
201707,01,081,3,6,Lee County                    ,599,599,168780202,11,22,2276025,1,4,734668,1,14,1892000,552,552,155190418,10,20,2131775,1,4,734668,1,14,1892000
201707,01,083,3,6,Limestone County              ,65,65,13322351,0,0,0,0,0,0,0,0,0,63,63,13116255,0,0,0,0,0,0,0,0,0
201707,01,089,3,6,Madison County                ,1477,1477,227642405,0,0,0,0,0,0,4,132,2683343,1475,1475,227389775,0,0,0,0,0,0,4,132,2683343
201707,01,113,3,6,Russell County                ,76,76,12138788,0,0,0,0,0,0,0,0,0,76,76,12138788,0,0,0,0,0,0,0,0,0
201707,01,115,3,6,St. Clair County              ,108,108,20581683,0,0,0,0,0,0,0,0,0,92,92,17312085,0,0,0,0,0,0,0,0,0
201707,01,117,3,6,Shelby County                 ,652,652,148375220,0,0,0,0,0,0,7,48,3545000,291,291,59942902,0,0,0,0,0,0,0,0,0
201707,01,127,3,6,Walker County                 ,6,6,965000,0,0,0,0,0,0,0,0,0,6,6,965000,0,0,0,0,0,0,0,0,0
201707,02,013,4,9,Aleutians East Borough        ,0,0,0,0,0,0,0,0,0,0,0,0,0,0,0,0,0,0,0,0,0,0,0,0
201707,02,016,4,9,Aleutians West Census Area    ,4,4,392472,0,0,0,0,0,0,0,0,0,0,0,0,0,0,0,0,0,0,0,0,0
201707,02,020,4,9,Anchorage Municipality        ,465,465,145633998,0,0,0,8,25,4346174,10,91,14386696,0,0,0,0,0,0,0,0,0,0,0,0
201707,02,050,4,9,Bethel Census Area            ,13,13,2772104,0,0,0,0,0,0,0,0,0,13,13,2772104,0,0,0,0,0,0,0,0,0
201707,02,060,4,9,Bristol Bay Borough           ,0,0,0,0,0,0,0,0,0,0,0,0,0,0,0,0,0,0,0,0,0,0,0,0
201707,02,070,4,9,Dillingham Census Area        ,1,1,291052,0,0,0,0,0,0,0,0,0,1,1,291052,0,0,0,0,0,0,0,0,0
201707,02,090,4,9,Fairbanks North Star Borough  ,7,7,1850000,0,0,0,2,8,1100000,0,0,0,7,7,1850000,0,0,0,2,8,1100000,0,0,0
201707,02,100,4,9,Haines Borough                ,5,5,1391544,0,0,0,0,0,0,0,0,0,0,0,0,0,0,0,0,0,0,0,0,0
201707,02,105,4,9,Hoonah-Angoon Census Area     ,0,0,0,0,0,0,0,0,0,0,0,0,0,0,0,0,0,0,0,0,0,0,0,0
201707,02,110,4,9,Juneau City and Borough       ,33,33,7452255,1,2,391732,0,0,0,0,0,0,33,33,7452255,1,2,391732,0,0,0,0,0,0
201707,02,122,4,9,Kenai Peninsula Borough       ,55,55,9448495,2,4,560465,1,3,300000,1,6,980000,40,40,6183178,1,2,310000,1,3,300000,1,6,980000
201707,02,130,4,9,Ketchikan Gateway Borough     ,11,11,3184877,3,6,904326,0,0,0,0,0,0,11,11,3184877,3,6,904326,0,0,0,0,0,0
201707,02,150,4,9,Kodiak Island Borough         ,10,10,2626525,3,6,1335593,0,0,0,0,0,0,10,10,2626525,3,6,1335593,0,0,0,0,0,0
201707,02,158,4,9,Kusilvak Census Area          ,0,0,0,0,0,0,0,0,0,0,0,0,0,0,0,0,0,0,0,0,0,0,0,0
201707,02,170,4,9,Matanuska-Susitna Borough     ,24,24,6496679,12,24,3476198,2,8,962608,1,36,3708936,24,24,6496679,12,24,3476198,2,8,962608,1,36,3708936
201707,02,180,4,9,Nome Census Area              ,2,2,208116,0,0,0,0,0,0,0,0,0,1,1,72797,0,0,0,0,0,0,0,0,0
201707,02,185,4,9,North Slope Borough           ,6,6,1643003,0,0,0,0,0,0,0,0,0,5,5,1370172,0,0,0,0,0,0,0,0,0
201707,02,188,4,9,Northwest Arctic Borough      ,6,6,2610203,0,0,0,0,0,0,0,0,0,5,5,2300000,0,0,0,0,0,0,0,0,0
201707,02,195,4,9,Petersburg Borough            ,8,8,1733917,0,0,0,0,0,0,0,0,0,7,7,1385000,0,0,0,0,0,0,0,0,0
201707,02,198,4,9,Prince of Wales-Hyder Census A,3,3,821600,4,8,1420225,0,0,0,0,0,0,3,3,821600,4,8,1420225,0,0,0,0,0,0
201707,02,220,4,9,Sitka City and Borough        ,9,9,2650236,1,2,724270,0,0,0,0,0,0,0,0,0,0,0,0,0,0,0,0,0,0
201707,02,230,4,9,Skagway Municipality          ,5,5,1170500,1,2,232443,0,0,0,0,0,0,1,1,263500,0,0,0,0,0,0,0,0,0
201707,02,261,4,9,Valdez-Cordova Census Area    ,15,15,8744980,0,0,0,0,0,0,0,0,0,15,15,8744980,0,0,0,0,0,0,0,0,0
201707,02,275,4,9,Wrangell City and Borough     ,2,2,352000,0,0,0,0,0,0,0,0,0,2,2,352000,0,0,0,0,0,0,0,0,0
201707,02,282,4,9,Yakutat City and Borough      ,2,2,30000,0,0,0,0,0,0,0,0,0,2,2,30000,0,0,0,0,0,0,0,0,0
201707,02,290,4,9,Yukon-Koyukuk Census Area     ,0,0,0,0,0,0,0,0,0,0,0,0,0,0,0,0,0,0,0,0,0,0,0,0
201707,04,013,4,8,Maricopa County               ,10372,10372,2836904742,30,60,8160459,34,132,23121173,176,4004,591997926,10319,10319,2820986514,30,60,8160459,34,132,23121173,176,4004,591997926
201707,04,019,4,8,Pima County                   ,1575,1575,448641497,3,6,1038990,0,0,0,15,125,18139267,623,623,172133460,0,0,0,0,0,0,8,64,9188896
201707,04,021,4,8,Pinal County                  ,1939,1939,387798188,31,62,3698864,1,4,420000,0,0,0,1789,1789,364509347,28,56,3250620,1,4,420000,0,0,0
201707,05,013,3,7,Calhoun County                ,0,0,0,0,0,0,0,0,0,0,0,0,0,0,0,0,0,0,0,0,0,0,0,0
201707,05,035,3,7,Crittenden County             ,34,34,6617620,0,0,0,0,0,0,0,0,0,26,26,5243000,0,0,0,0,0,0,0,0,0
201707,05,045,3,7,Faulkner County               ,142,142,31790864,3,6,448778,0,0,0,3,82,2000000,79,79,17359687,1,2,143000,0,0,0,1,72,1625000
201707,05,053,3,7,Grant County                  ,9,9,1276977,0,0,0,0,0,0,0,0,0,0,0,0,0,0,0,0,0,0,0,0,0
201707,05,085,3,7,Lonoke County                 ,216,216,21249005,2,4,202000,4,12,606100,0,0,0,90,90,9759325,2,4,202000,4,12,606100,0,0,0
201707,05,087,3,7,Madison County                ,1,1,60000,0,0,0,0,0,0,0,0,0,1,1,60000,0,0,0,0,0,0,0,0,0
201707,05,091,3,7,Miller County                 ,18,18,4018224,0,0,0,0,0,0,0,0,0,10,10,2825370,0,0,0,0,0,0,0,0,0
201707,05,105,3,7,Perry County                  ,7,7,1698000,0,0,0,0,0,0,0,0,0,7,7,1698000,0,0,0,0,0,0,0,0,0
201707,05,119,3,7,Pulaski County                ,483,483,106761858,40,80,8515400,0,0,0,13,434,31041667,462,462,103463907,40,80,8515400,0,0,0,13,434,31041667
201707,05,129,3,7,Searcy County                 ,0,0,0,0,0,0,0,0,0,0,0,0,0,0,0,0,0,0,0,0,0,0,0,0
201707,05,143,3,7,Washington County             ,763,763,181619324,18,36,7072000,0,0,0,0,0,0,687,687,172332333,18,36,7072000,0,0,0,0,0,0
201707,06,001,4,9,Alameda County                ,1465,1465,491976037,10,20,5898717,20,73,16976216,99,3561,507991711,1292,1292,436204856,10,20,5898717,17,63,14315281,78,3340,463324254
201707,06,013,4,9,Contra Costa County           ,1007,1007,323337818,4,8,1484675,6,19,4184917,9,207,40150550,971,971,313868814,4,8,1484675,5,15,3996565,3,135,30448264
201707,06,017,4,9,El Dorado County              ,522,522,206360223,1,2,150000,0,0,0,0,0,0,519,519,204720766,1,2,150000,0,0,0,0,0,0
201707,06,019,4,9,Fresno County                 ,821,821,235607060,2,4,613229,0,0,0,60,474,42282272,786,786,230463736,2,4,613229,0,0,0,60,474,42282272
201707,06,037,4,9,Los Angeles County            ,3491,3491,1458648193,283,566,110517579,30,101,17989387,192,7948,1644504962,3263,3263,1363788029,279,558,109155975,23,80,15955815,176,7686,1593371695
201707,06,041,4,9,Marin County                  ,55,55,42639750,1,2,1979034,0,0,0,0,0,0,45,45,32194342,0,0,0,0,0,0,0,0,0
201707,06,059,4,9,Orange County                 ,2889,2889,914661680,60,120,29384912,70,227,50544855,83,2778,381572748,2639,2639,808686740,48,96,21851447,70,227,50544855,76,2490,349478019
201707,06,061,4,9,Placer County                 ,1591,1591,473834104,9,18,2575375,0,0,0,32,486,51882258,1591,1591,473834104,9,18,2575375,0,0,0,32,486,51882258
201707,06,063,4,9,Plumas County                 ,24,24,5321747,0,0,0,0,0,0,0,0,0,24,24,5321747,0,0,0,0,0,0,0,0,0
201707,06,067,4,9,Sacramento County             ,1693,1693,455842929,12,24,3278821,0,0,0,32,856,140409006,1681,1681,453014489,12,24,3278821,0,0,0,32,856,140409006
201707,06,069,4,9,San Benito County             ,327,327,83086678,1,2,323509,0,0,0,0,0,0,272,272,68695088,1,2,323509,0,0,0,0,0,0
201707,06,071,4,9,San Bernardino County         ,2903,2903,685047960,67,134,23327600,11,43,5491083,69,1758,213742116,2830,2830,668055363,67,134,23327600,11,43,5491083,68,1749,212925837
201707,06,073,4,9,San Diego County              ,2279,2279,800061232,38,76,15246170,85,289,49186960,116,3219,506403798,2263,2263,795142381,38,76,15246170,85,289,49186960,111,3182,488355972
201707,06,075,4,9,San Francisco County          ,26,26,7118866,8,16,4075554,6,19,5244224,22,1884,772194880,26,26,7118866,8,16,4075554,6,19,5244224,22,1884,772194880
201707,06,081,4,9,San Mateo County              ,245,245,189524204,7,14,3558960,1,3,627840,28,871,159857596,130,130,125311259,4,8,1758960,0,0,0,6,535,106517568
201707,06,085,4,9,Santa Clara County            ,1106,1106,389405148,3,6,388370,12,39,10596027,109,3464,619567740,1070,1070,371851396,3,6,388370,10,32,8886430,107,3434,614631201
201707,06,091,4,9,Sierra County                 ,2,2,475081,0,0,0,0,0,0,0,0,0,2,2,475081,0,0,0,0,0,0,0,0,0
201707,06,113,4,9,Yolo County                   ,234,234,69476507,5,10,1679204,0,0,0,19,162,20218511,234,234,69476507,5,10,1679204,0,0,0,19,162,20218511
201707,08,001,4,8,Adams County                  ,1080,1080,316628299,5,10,1276740,8,31,3114903,4,58,7039681,1025,1025,299311685,5,10,1276740,7,28,2816028,2,11,949701
201707,08,005,4,8,Arapahoe County               ,1432,1432,334462786,12,24,2228901,6,19,2705240,9,361,47626080,1416,1416,329367163,12,24,2228901,6,19,2705240,9,361,47626080
201707,08,014,4,8,Broomfield County             ,219,219,65301905,0,0,0,0,0,0,0,0,0,219,219,65301905,0,0,0,0,0,0,0,0,0
201707,08,015,4,8,Chaffee County                ,78,78,20668686,3,6,971886,2,6,1099400,0,0,0,0,0,0,0,0,0,0,0,0,0,0,0
201707,08,019,4,8,Clear Creek County            ,11,11,3502891,0,0,0,0,0,0,1,10,1454170,9,9,2895531,0,0,0,0,0,0,1,10,1454170
201707,08,031,4,8,Denver County                 ,1262,1262,272657051,85,170,35417030,0,0,0,43,5811,715091877,1262,1262,272657051,85,170,35417030,0,0,0,43,5811,715091877
201707,08,035,4,8,Douglas County                ,1319,1319,410646627,0,0,0,1,3,518902,44,931,125273328,1271,1271,391436445,0,0,0,0,0,0,44,931,125273328
201707,08,039,4,8,Elbert County                 ,94,94,28608691,0,0,0,0,0,0,0,0,0,94,94,28608691,0,0,0,0,0,0,0,0,0
201707,08,041,4,8,El Paso County                ,2201,2201,875799692,1,2,243928,1,3,200000,16,322,44661193,2201,2201,875799692,1,2,243928,1,3,200000,16,322,44661193
201707,08,047,4,8,Gilpin County                 ,22,22,6201206,0,0,0,0,0,0,0,0,0,22,22,6201206,0,0,0,0,0,0,0,0,0
201707,08,069,4,8,Larimer County                ,1408,1408,350062022,10,20,2279677,1,4,997798,19,335,60779903,1408,1408,350062022,10,20,2279677,1,4,997798,19,335,60779903
201707,08,077,4,8,Mesa County                   ,374,374,94783890,5,10,1652964,1,4,555397,1,72,10204992,374,374,94783890,5,10,1652964,1,4,555397,1,72,10204992
201707,08,093,4,8,Park County                   ,88,88,18860574,0,0,0,0,0,0,0,0,0,87,87,18655228,0,0,0,0,0,0,0,0,0
201707,08,101,4,8,Pueblo County                 ,197,197,33536534,3,6,823241,0,0,0,2,10,1413226,122,122,20619833,1,2,319017,0,0,0,0,0,0
201707,08,119,4,8,Teller County                 ,56,56,15511104,0,0,0,0,0,0,0,0,0,56,56,15511104,0,0,0,0,0,0,0,0,0
201707,09,001,1,1,Fairfield County              ,418,418,261265667,11,22,3659165,3,9,950000,18,470,108633289,397,397,248098850,11,22,3659165,3,9,950000,17,465,108228021
201707,09,003,1,1,Hartford County               ,269,269,57958708,5,10,1328580,2,7,654490,17,140,17543261,250,250,53218357,5,10,1328580,1,4,320002,10,105,15839244
201707,09,007,1,1,Middlesex County              ,84,84,21781303,1,2,350000,0,0,0,5,78,6366482,82,82,21180232,0,0,0,0,0,0,4,73,5966482
201707,09,013,1,1,Tolland County                ,89,89,20184894,3,6,582000,1,3,405000,10,83,7782674,62,62,14356006,3,6,582000,1,3,405000,3,42,3190000
201707,10,001,3,5,Kent County                   ,656,656,103321532,5,10,1439537,4,16,1935900,18,217,14968644,652,652,102521512,5,10,1439537,4,16,1935900,17,212,14486559
201707,10,003,3,5,New Castle County             ,869,869,77548007,1,2,85000,1,3,552330,28,423,21089227,550,550,50716883,1,2,85000,1,3,552330,16,326,16080848
201707,10,005,3,5,Sussex County                 ,1496,1496,214237978,66,132,14041356,14,48,5831851,17,100,7923884,1496,1496,214237978,66,132,14041356,14,48,5831851,17,100,7923884
201707,11,001,3,5,Washington  DC                ,217,217,49807560,10,20,2142684,2,8,976484,31,2204,233354674,217,217,49807560,10,20,2142684,2,8,976484,31,2204,233354674
201707,12,003,3,5,Baker County                  ,77,77,13697402,2,4,100000,0,0,0,0,0,0,77,77,13697402,2,4,100000,0,0,0,0,0,0
201707,12,019,3,5,Clay County                   ,597,597,122390025,0,0,0,1,3,530000,2,64,4332000,597,597,122390025,0,0,0,1,3,530000,2,64,4332000
201707,12,029,3,5,Dixie County                  ,19,19,2400144,0,0,0,0,0,0,0,0,0,0,0,0,0,0,0,0,0,0,0,0,0
201707,12,031,3,5,Duval County                  ,1896,1896,455598946,12,24,2591328,0,0,0,37,1595,167385480,1830,1830,435066339,12,24,2591328,0,0,0,37,1595,167385480
201707,12,033,3,5,Escambia County               ,605,605,138931911,0,0,0,0,0,0,1,5,910000,605,605,138931911,0,0,0,0,0,0,1,5,910000
201707,12,053,3,5,Hernando County               ,481,481,92456792,0,0,0,0,0,0,3,104,8196395,481,481,92456792,0,0,0,0,0,0,3,104,8196395
201707,12,057,3,5,Hillsborough County           ,4501,4501,1427954588,4,8,770273,0,0,0,43,2510,287560437,4501,4501,1427954588,4,8,770273,0,0,0,43,2510,287560437
201707,12,067,3,5,Lafayette County              ,3,3,490000,0,0,0,0,0,0,0,0,0,3,3,490000,0,0,0,0,0,0,0,0,0
201707,12,071,3,5,Lee County                    ,2752,2752,643055537,90,180,22888180,29,115,21187950,58,1330,146700588,2752,2752,643055537,90,180,22888180,29,115,21187950,58,1330,146700588
201707,12,073,3,5,Leon County                   ,405,405,81379318,3,6,920000,1,3,525000,10,208,15602277,67,67,16101000,0,0,0,0,0,0,0,0,0
201707,12,081,3,5,Manatee County                ,1775,1775,378658237,2,4,476500,11,44,5455260,15,237,25651952,1760,1760,372971960,2,4,476500,11,44,5455260,15,237,25651952
201707,12,086,3,5,Miami-Dade County             ,1551,1551,505393742,46,92,15342776,3,9,1017954,73,5685,1172545234,1455,1455,452511180,46,92,15342776,2,6,735962,64,5626,1111877265
201707,12,089,3,5,Nassau County                 ,668,668,189319332,0,0,0,0,0,0,1,6,1333744,663,663,188676591,0,0,0,0,0,0,1,6,1333744
201707,12,091,3,5,Okaloosa County               ,481,481,149966122,1,2,411880,1,3,430140,7,298,34219118,442,442,141196661,1,2,411880,0,0,0,5,288,31811710
201707,12,095,3,5,Orange County                 ,3948,3948,1098254022,59,118,21386389,15,45,8121980,50,1504,195242506,3938,3938,1093678566,59,118,21386389,15,45,8121980,49,1486,192744225
201707,12,097,3,5,Osceola County                ,2366,2366,649614257,4,8,304127,5,20,3224742,16,518,33770457,2366,2366,649614257,4,8,304127,5,20,3224742,16,518,33770457
201707,12,101,3,5,Pasco County                  ,2399,2399,480053840,7,14,1583344,0,0,0,14,83,5182160,2394,2394,479580250,4,8,743344,0,0,0,11,68,3888410
201707,12,103,3,5,Pinellas County               ,565,565,142159234,7,14,1858801,3,10,1883861,15,526,55662952,544,544,134487305,7,14,1858801,3,10,1883861,13,493,51247403
201707,12,109,3,5,St. Johns County              ,2755,2755,661148477,0,0,0,10,40,7582516,1,6,1143641,2745,2745,658556185,0,0,0,10,40,7582516,1,6,1143641
201707,12,113,3,5,Santa Rosa County             ,857,857,137283429,0,0,0,0,0,0,0,0,0,857,857,137283429,0,0,0,0,0,0,0,0,0
201707,12,115,3,5,Sarasota County               ,1829,1829,533956965,10,20,4004134,14,56,12311671,24,625,86805020,1816,1816,526428459,10,20,4004134,14,56,12311671,23,605,83632274
201707,12,117,3,5,Seminole County               ,595,595,200363750,15,30,2109296,0,0,0,23,639,77230173,592,592,199748480,15,30,2109296,0,0,0,21,610,75331362
201707,12,119,3,5,Sumter County                 ,881,881,235831300,0,0,0,0,0,0,0,0,0,881,881,235831300,0,0,0,0,0,0,0,0,0
201707,12,129,3,5,Wakulla County                ,151,151,23638238,0,0,0,0,0,0,0,0,0,151,151,23638238,0,0,0,0,0,0,0,0,0
201707,12,131,3,5,Walton County                 ,722,722,343545732,1,2,1120000,26,79,13898487,1,14,13164621,722,722,343545732,1,2,1120000,26,79,13898487,1,14,13164621
201707,12,133,3,5,Washington County             ,32,32,4176861,0,0,0,0,0,0,0,0,0,19,19,2241605,0,0,0,0,0,0,0,0,0
201707,13,007,3,5,Baker County                  ,0,0,0,0,0,0,0,0,0,0,0,0,0,0,0,0,0,0,0,0,0,0,0,0
201707,13,013,3,5,Barrow County                 ,248,248,34346007,0,0,0,0,0,0,0,0,0,130,130,18918872,0,0,0,0,0,0,0,0,0
201707,13,015,3,5,Bartow County                 ,314,314,27147960,1,2,144000,0,0,0,0,0,0,295,295,24231589,1,2,144000,0,0,0,0,0,0
201707,13,021,3,5,Bibb County                   ,56,56,9749599,0,0,0,0,0,0,0,0,0,56,56,9749599,0,0,0,0,0,0,0,0,0
201707,13,029,3,5,Bryan County                  ,300,300,66656189,0,0,0,0,0,0,0,0,0,187,187,41431068,0,0,0,0,0,0,0,0,0
201707,13,033,3,5,Burke County                  ,32,32,5666507,0,0,0,0,0,0,0,0,0,0,0,0,0,0,0,0,0,0,0,0,0
201707,13,035,3,5,Butts County                  ,39,39,6370000,0,0,0,0,0,0,0,0,0,39,39,6370000,0,0,0,0,0,0,0,0,0
201707,13,045,3,5,Carroll County                ,164,164,37940561,0,0,0,0,0,0,0,0,0,164,164,37940561,0,0,0,0,0,0,0,0,0
201707,13,051,3,5,Chatham County                ,548,548,121816928,0,0,0,0,0,0,0,0,0,547,547,121672595,0,0,0,0,0,0,0,0,0
201707,13,057,3,5,Cherokee County               ,1423,1423,402705501,0,0,0,0,0,0,0,0,0,1423,1423,402705501,0,0,0,0,0,0,0,0,0
201707,13,059,3,5,Clarke County                 ,142,142,23780922,0,0,0,0,0,0,5,108,8299348,142,142,23780922,0,0,0,0,0,0,5,108,8299348
201707,13,063,3,5,Clayton County                ,349,349,80098229,0,0,0,0,0,0,0,0,0,348,348,79999099,0,0,0,0,0,0,0,0,0
201707,13,067,3,5,Cobb County                   ,908,908,252488512,9,18,3252722,12,45,9925216,52,314,41567515,889,889,248861534,9,18,3252722,12,45,9925216,52,314,41567515
201707,13,073,3,5,Columbia County               ,842,842,158082350,0,0,0,8,32,1722400,6,32,1797600,739,739,138536891,0,0,0,8,32,1722400,6,32,1797600
201707,13,077,3,5,Coweta County                 ,500,500,168531910,2,4,1066814,0,0,0,0,0,0,482,482,164114126,2,4,1066814,0,0,0,0,0,0
201707,13,085,3,5,Dawson County                 ,171,171,34528264,0,0,0,0,0,0,0,0,0,167,167,34141031,0,0,0,0,0,0,0,0,0
201707,13,095,3,5,Dougherty County              ,16,16,2186142,0,0,0,0,0,0,0,0,0,16,16,2186142,0,0,0,0,0,0,0,0,0
201707,13,097,3,5,Douglas County                ,216,216,38185402,0,0,0,0,0,0,0,0,0,216,216,38185402,0,0,0,0,0,0,0,0,0
201707,13,111,3,5,Fannin County                 ,154,154,30688393,0,0,0,0,0,0,0,0,0,154,154,30688393,0,0,0,0,0,0,0,0,0
201707,13,113,3,5,Fayette County                ,279,279,81533759,0,0,0,1,4,756650,0,0,0,252,252,72393638,0,0,0,1,4,756650,0,0,0
201707,13,115,3,5,Floyd County                  ,108,108,17808867,0,0,0,0,0,0,0,0,0,108,108,17808867,0,0,0,0,0,0,0,0,0
201707,13,117,3,5,Forsyth County                ,1562,1562,221169096,0,0,0,0,0,0,17,404,18045080,1562,1562,221169096,0,0,0,0,0,0,17,404,18045080
201707,13,121,3,5,Fulton County                 ,2140,2140,570021296,1,2,300000,0,0,0,29,4412,636565156,1909,1909,513021312,1,2,300000,0,0,0,29,4412,636565156
201707,13,127,3,5,Glynn County                  ,331,331,94703545,0,0,0,0,0,0,0,0,0,0,0,0,0,0,0,0,0,0,0,0,0
201707,13,135,3,5,Gwinnett County               ,2372,2372,546816847,0,0,0,0,0,0,1,6,858210,2328,2328,534740413,0,0,0,0,0,0,1,6,858210
201707,13,143,3,5,Haralson County               ,31,31,6978232,0,0,0,0,0,0,0,0,0,15,15,3468689,0,0,0,0,0,0,0,0,0
201707,13,145,3,5,Harris County                 ,113,113,27390760,0,0,0,0,0,0,0,0,0,113,113,27390760,0,0,0,0,0,0,0,0,0
201707,13,149,3,5,Heard County                  ,10,10,2286047,0,0,0,0,0,0,0,0,0,10,10,2286047,0,0,0,0,0,0,0,0,0
201707,13,151,3,5,Henry County                  ,922,922,169472414,0,0,0,0,0,0,0,0,0,922,922,169472414,0,0,0,0,0,0,0,0,0
201707,13,159,3,5,Jasper County                 ,41,41,5492934,0,0,0,0,0,0,0,0,0,0,0,0,0,0,0,0,0,0,0,0,0
201707,13,171,3,5,Lamar County                  ,19,19,2380543,0,0,0,0,0,0,0,0,0,19,19,2380543,0,0,0,0,0,0,0,0,0
201707,13,177,3,5,Lee County                    ,62,62,9022550,0,0,0,0,0,0,0,0,0,51,51,7661168,0,0,0,0,0,0,0,0,0
201707,13,179,3,5,Liberty County                ,200,200,47485800,1,2,109120,2,8,323600,7,52,2166680,200,200,47485800,1,2,109120,2,8,323600,7,52,2166680
201707,13,189,3,5,McDuffie County               ,17,17,3198957,0,0,0,0,0,0,0,0,0,15,15,2914000,0,0,0,0,0,0,0,0,0
201707,13,199,3,5,Meriwether County             ,18,18,4152260,0,0,0,0,0,0,0,0,0,18,18,4152260,0,0,0,0,0,0,0,0,0
201707,13,201,3,5,Miller County                 ,4,4,190000,0,0,0,0,0,0,0,0,0,4,4,190000,0,0,0,0,0,0,0,0,0
201707,13,207,3,5,Monroe County                 ,79,79,16865495,0,0,0,0,0,0,0,0,0,58,58,12205500,0,0,0,0,0,0,0,0,0
201707,13,215,3,5,Muscogee County               ,195,195,38476547,0,0,0,3,9,553920,9,96,13870329,0,0,0,0,0,0,0,0,0,0,0,0
201707,13,217,3,5,Newton County                 ,324,324,74200329,0,0,0,0,0,0,0,0,0,324,324,74200329,0,0,0,0,0,0,0,0,0
201707,13,227,3,5,Pickens County                ,75,75,16021866,0,0,0,0,0,0,0,0,0,72,72,15529741,0,0,0,0,0,0,0,0,0
201707,13,231,3,5,Pike County                   ,52,52,10053800,0,0,0,0,0,0,0,0,0,46,46,9001000,0,0,0,0,0,0,0,0,0
201707,13,235,3,5,Pulaski County                ,10,10,1070000,0,0,0,0,0,0,0,0,0,10,10,1070000,0,0,0,0,0,0,0,0,0
201707,13,245,3,5,Richmond County               ,256,256,43480697,1,2,180000,0,0,0,7,141,7099595,12,12,1875000,0,0,0,0,0,0,0,0,0
201707,13,247,3,5,Rockdale County               ,156,156,36230699,0,0,0,1,4,722510,1,8,1445020,156,156,36230699,0,0,0,1,4,722510,1,8,1445020
201707,13,255,3,5,Spalding County               ,153,153,18456549,0,0,0,0,0,0,0,0,0,151,151,18299649,0,0,0,0,0,0,0,0,0
201707,13,275,3,5,Thomas County                 ,46,46,8610370,0,0,0,0,0,0,3,25,2805818,41,41,7645055,0,0,0,0,0,0,0,0,0
201707,13,291,3,5,Union County                  ,103,103,25978579,0,0,0,0,0,0,0,0,0,103,103,25978579,0,0,0,0,0,0,0,0,0
201707,15,001,4,9,Hawaii County                 ,453,453,142508124,4,8,785320,0,0,0,10,80,10260000,453,453,142508124,4,8,785320,0,0,0,10,80,10260000
201707,15,003,4,9,Honolulu County               ,655,655,197024843,0,0,0,0,0,0,1,84,29000000,655,655,197024843,0,0,0,0,0,0,1,84,29000000
201707,15,007,4,9,Kauai County                  ,128,128,61365465,9,18,6805869,0,0,0,1,5,7500000,128,128,61365465,9,18,6805869,0,0,0,1,5,7500000
201707,15,009,4,9,Maui County                   ,327,327,102963867,4,8,1433162,3,12,2842857,29,244,37960736,327,327,102963867,4,8,1433162,3,12,2842857,29,244,37960736
201707,16,001,4,8,Ada County                    ,2371,2371,632203640,5,10,1980997,47,185,15298747,30,459,52791445,2326,2326,622970744,5,10,1980997,47,185,15298747,30,459,52791445
201707,16,015,4,8,Boise County                  ,43,43,7883501,0,0,0,0,0,0,0,0,0,43,43,7883501,0,0,0,0,0,0,0,0,0
201707,16,027,4,8,Canyon County                 ,958,958,156530547,1,2,102253,11,44,2897000,4,48,3595000,955,955,155638047,1,2,102253,11,44,2897000,4,48,3595000
201707,16,045,4,8,Gem County                    ,37,37,5340617,0,0,0,0,0,0,0,0,0,37,37,5340617,0,0,0,0,0,0,0,0,0
201707,16,073,4,8,Owyhee County                 ,15,15,2767245,1,2,363316,0,0,0,0,0,0,14,14,2608262,1,2,363316,0,0,0,0,0,0
201707,17,005,2,3,Bond County                   ,6,6,1186040,0,0,0,0,0,0,0,0,0,1,1,305000,0,0,0,0,0,0,0,0,0
201707,17,013,2,3,Calhoun County                ,5,5,738520,0,0,0,0,0,0,0,0,0,4,4,595000,0,0,0,0,0,0,0,0,0
201707,17,031,2,3,Cook County                   ,954,954,319304070,23,46,9349014,98,318,65601091,99,6415,662110858,805,805,271713345,23,46,9349014,94,306,63810923,95,6390,658992058
201707,17,037,2,3,DeKalb County                 ,53,53,11778300,0,0,0,2,8,1316000,0,0,0,53,53,11778300,0,0,0,2,8,1316000,0,0,0
201707,17,039,2,3,De Witt County                ,10,10,2139704,0,0,0,0,0,0,0,0,0,10,10,2139704,0,0,0,0,0,0,0,0,0
201707,17,043,2,3,DuPage County                 ,598,598,221479826,8,16,2264858,13,48,6757822,16,228,52046917,562,562,207534977,8,16,2264858,13,48,6757822,12,134,49817265
201707,17,063,2,3,Grundy County                 ,42,42,10404096,0,0,0,0,0,0,11,70,3589740,34,34,9119704,0,0,0,0,0,0,0,0,0
201707,17,083,2,3,Jersey County                 ,18,18,2802987,0,0,0,0,0,0,0,0,0,6,6,933347,0,0,0,0,0,0,0,0,0
201707,17,093,2,3,Kendall County                ,128,128,27614431,0,0,0,0,0,0,1,51,9607940,99,99,21328688,0,0,0,0,0,0,1,51,9607940
201707,17,097,2,3,Lake County                   ,326,326,113712438,5,10,1077568,1,3,271117,10,325,58532356,232,232,72380714,1,2,744236,1,3,271117,2,266,43473557
201707,17,111,2,3,McHenry County                ,203,203,37722555,1,2,300000,6,21,2290000,0,0,0,193,193,35895390,1,2,300000,6,21,2290000,0,0,0
201707,17,119,2,3,Madison County                ,262,262,66255881,1,2,240000,0,0,0,2,10,1347540,249,249,63716556,1,2,240000,0,0,0,0,0,0
201707,17,133,2,3,Monroe County                 ,92,92,23893093,0,0,0,0,0,0,0,0,0,88,88,22948057,0,0,0,0,0,0,0,0,0
201707,17,197,2,3,Will County                   ,661,661,171913211,2,4,512000,2,8,820000,4,21,4265625,576,576,155234987,2,4,512000,2,8,820000,0,0,0
201707,18,003,2,3,Allen County                  ,614,614,153597348,20,40,4473416,0,0,0,13,341,35439000,614,614,153597348,20,40,4473416,0,0,0,13,341,35439000
201707,18,011,2,3,Boone County                  ,224,224,76752597,23,46,15273000,0,0,0,7,68,10219000,224,224,76752597,23,46,15273000,0,0,0,7,68,10219000
201707,18,013,2,3,Brown County                  ,40,40,10007749,0,0,0,0,0,0,0,0,0,40,40,10007749,0,0,0,0,0,0,0,0,0
201707,18,019,2,3,Clark County                  ,330,330,65639792,0,0,0,0,0,0,0,0,0,307,307,62425972,0,0,0,0,0,0,0,0,0
201707,18,047,2,3,Franklin County               ,34,34,8354790,0,0,0,0,0,0,0,0,0,30,30,7504000,0,0,0,0,0,0,0,0,0
201707,18,057,2,3,Hamilton County               ,1233,1233,408347202,4,8,1229682,7,25,3434488,14,159,11350545,1180,1180,393656030,2,4,737295,5,18,2624604,13,150,10520980
201707,18,059,2,3,Hancock County                ,272,272,56212306,1,2,50000,0,0,0,0,0,0,272,272,56212306,1,2,50000,0,0,0,0,0,0
201707,18,061,2,3,Harrison County               ,75,75,14607673,0,0,0,0,0,0,0,0,0,75,75,14607673,0,0,0,0,0,0,0,0,0
201707,18,063,2,3,Hendricks County              ,738,738,160768617,3,6,411819,0,0,0,1,18,1491658,672,672,146452576,0,0,0,0,0,0,0,0,0
201707,18,069,2,3,Huntington County             ,31,31,5842180,0,0,0,0,0,0,1,6,150000,31,31,5842180,0,0,0,0,0,0,1,6,150000
201707,18,073,2,3,Jasper County                 ,54,54,12399635,0,0,0,0,0,0,0,0,0,54,54,12399635,0,0,0,0,0,0,0,0,0
201707,18,081,2,3,Johnson County                ,499,499,120037194,2,4,1107000,1,3,325270,0,0,0,429,429,107899859,2,4,1107000,1,3,325270,0,0,0
201707,18,087,2,3,Lagrange County               ,86,86,14060120,0,0,0,0,0,0,0,0,0,82,82,13569141,0,0,0,0,0,0,0,0,0
201707,18,089,2,3,Lake County                   ,705,705,166225176,14,28,2873059,5,16,2852428,2,18,2509000,685,685,161340985,14,28,2873059,4,12,2384000,2,18,2509000
201707,18,097,2,3,Marion County                 ,581,581,149549390,7,14,2107029,1,3,650000,6,529,87848543,496,496,128797663,4,8,1271996,1,3,650000,4,476,81000000
201707,18,105,2,3,Monroe County                 ,152,152,38919089,13,26,3086956,0,0,0,3,220,25470486,137,137,35255155,13,26,3086956,0,0,0,2,212,24607878
201707,18,109,2,3,Morgan County                 ,84,84,20622112,0,0,0,0,0,0,0,0,0,84,84,20622112,0,0,0,0,0,0,0,0,0
201707,18,111,2,3,Newton County                 ,10,10,1980755,0,0,0,0,0,0,0,0,0,0,0,0,0,0,0,0,0,0,0,0,0
201707,18,115,2,3,Ohio County                   ,8,8,968000,0,0,0,0,0,0,0,0,0,8,8,968000,0,0,0,0,0,0,0,0,0
201707,18,119,2,3,Owen County                   ,30,30,5438841,0,0,0,0,0,0,0,0,0,22,22,4055007,0,0,0,0,0,0,0,0,0
201707,18,127,2,3,Porter County                 ,285,285,73766246,3,6,615000,0,0,0,8,119,13463278,277,277,72408365,3,6,615000,0,0,0,8,119,13463278
201707,18,133,2,3,Putnam County                 ,53,53,12003984,4,8,762296,0,0,0,0,0,0,53,53,12003984,4,8,762296,0,0,0,0,0,0
201707,18,145,2,3,Shelby County                 ,44,44,7768400,0,0,0,0,0,0,15,120,5854892,44,44,7768400,0,0,0,0,0,0,15,120,5854892
201707,18,151,2,3,Steuben County                ,74,74,19689749,3,6,720000,0,0,0,0,0,0,74,74,19689749,3,6,720000,0,0,0,0,0,0
201707,18,157,2,3,Tippecanoe County             ,298,298,70909262,8,16,2880000,0,0,0,2,362,48600000,227,227,58314698,0,0,0,0,0,0,2,362,48600000
201707,18,163,2,3,Vanderburgh County            ,192,192,32959626,7,14,1095000,0,0,0,0,0,0,192,192,32959626,7,14,1095000,0,0,0,0,0,0
201707,18,167,2,3,Vigo County                   ,19,19,2910560,10,20,1256727,0,0,0,2,65,3272770,17,17,2644000,9,18,1084000,0,0,0,1,48,2200000
201707,18,175,2,3,Washington County             ,22,22,3366063,0,0,0,0,0,0,0,0,0,0,0,0,0,0,0,0,0,0,0,0,0
201707,18,183,2,3,Whitley County                ,83,83,18356360,0,0,0,0,0,0,0,0,0,83,83,18356360,0,0,0,0,0,0,0,0,0
201707,19,049,2,4,Dallas County                 ,391,391,105027118,2,4,628362,0,0,0,14,307,43207769,390,390,104852118,2,4,628362,0,0,0,9,282,40905139
201707,19,085,2,4,Harrison County               ,28,28,5500000,1,2,126000,1,3,500000,0,0,0,25,25,5230000,1,2,126000,0,0,0,0,0,0
201707,19,129,2,4,Mills County                  ,6,6,1690666,0,0,0,0,0,0,0,0,0,2,2,500000,0,0,0,0,0,0,0,0,0
201707,19,153,2,4,Polk County                   ,1461,1461,374943447,4,8,1501521,2,8,1327107,21,887,100896341,1461,1461,374943447,4,8,1501521,2,8,1327107,21,887,100896341
201707,19,181,2,4,Warren County                 ,222,222,57440096,3,6,819800,1,3,375900,0,0,0,210,210,54515123,3,6,819800,1,3,375900,0,0,0
201707,20,091,2,4,Johnson County                ,1138,1138,369672363,0,0,0,16,63,8791000,32,631,83969672,1101,1101,355189850,0,0,0,16,63,8791000,28,540,71261671
201707,20,103,2,4,Leavenworth County            ,141,141,28641697,0,0,0,0,0,0,0,0,0,141,141,28641697,0,0,0,0,0,0,0,0,0
201707,20,107,2,4,Linn County                   ,28,28,2681268,0,0,0,0,0,0,0,0,0,22,22,2130900,0,0,0,0,0,0,0,0,0
201707,20,121,2,4,Miami County                  ,62,62,16043697,0,0,0,0,0,0,0,0,0,16,16,2706190,0,0,0,0,0,0,0,0,0
201707,20,209,2,4,Wyandotte County              ,223,223,34838735,13,26,2563778,0,0,0,0,0,0,223,223,34838735,13,26,2563778,0,0,0,0,0,0
201707,21,005,3,6,Anderson County               ,40,40,8320437,0,0,0,0,0,0,0,0,0,40,40,8320437,0,0,0,0,0,0,0,0,0
201707,21,015,3,6,Boone County                  ,269,269,44980004,4,8,468000,1,4,525975,12,106,9018438,269,269,44980004,4,8,468000,1,4,525975,12,106,9018438
201707,21,017,3,6,Bourbon County                ,23,23,6481408,4,8,510000,0,0,0,0,0,0,18,18,5277943,2,4,185000,0,0,0,0,0,0
201707,21,021,3,6,Boyle County                  ,20,20,4410452,2,4,350000,1,3,275000,0,0,0,20,20,4410452,2,4,350000,1,3,275000,0,0,0
201707,21,029,3,6,Bullitt County                ,260,260,55612580,1,2,320000,1,3,700000,1,5,935000,260,260,55612580,1,2,320000,1,3,700000,1,5,935000
201707,21,035,3,6,Calloway County               ,11,11,2374255,3,6,415000,11,40,1868000,2,13,1195000,11,11,2374255,3,6,415000,11,40,1868000,2,13,1195000
201707,21,037,3,6,Campbell County               ,113,113,26723139,0,0,0,2,8,864000,5,56,4891221,111,111,25643139,0,0,0,2,8,864000,5,56,4891221
201707,21,045,3,6,Casey County                  ,0,0,0,0,0,0,0,0,0,0,0,0,0,0,0,0,0,0,0,0,0,0,0,0
201707,21,047,3,6,Christian County              ,38,38,4490500,2,4,240800,0,0,0,2,14,500000,23,23,3422500,2,4,240800,0,0,0,2,14,500000
201707,21,049,3,6,Clark County                  ,25,25,5272700,0,0,0,0,0,0,4,22,1523500,1,1,242000,0,0,0,0,0,0,0,0,0
201707,21,067,3,6,Fayette County                ,453,453,72111947,2,4,409778,2,6,840000,10,331,22924159,0,0,0,0,0,0,0,0,0,0,0,0
201707,21,069,3,6,Fleming County                ,0,0,0,0,0,0,0,0,0,0,0,0,0,0,0,0,0,0,0,0,0,0,0,0
201707,21,077,3,6,Gallatin County               ,6,6,1116150,0,0,0,0,0,0,0,0,0,6,6,1116150,0,0,0,0,0,0,0,0,0
201707,21,081,3,6,Grant County                  ,33,33,4907988,0,0,0,1,3,75000,0,0,0,27,27,3825000,0,0,0,0,0,0,0,0,0
201707,21,091,3,6,Hancock County                ,2,2,398421,0,0,0,0,0,0,0,0,0,2,2,398421,0,0,0,0,0,0,0,0,0
201707,21,099,3,6,Hart County                   ,31,31,3014750,0,0,0,0,0,0,7,35,3974166,0,0,0,0,0,0,0,0,0,0,0,0
201707,21,101,3,6,Henderson County              ,20,20,5063381,0,0,0,0,0,0,0,0,0,18,18,4591368,0,0,0,0,0,0,0,0,0
201707,21,103,3,6,Henry County                  ,20,20,3439887,0,0,0,0,0,0,0,0,0,0,0,0,0,0,0,0,0,0,0,0,0
201707,21,111,3,6,Jefferson County              ,701,701,187289247,5,10,993415,5,19,2069884,48,1486,123763671,594,594,164581689,4,8,784242,3,12,1875000,44,1417,118134502
201707,21,113,3,6,Jessamine County              ,145,145,35707694,0,0,0,3,12,1500000,0,0,0,138,138,32765228,0,0,0,3,12,1500000,0,0,0
201707,21,115,3,6,Johnson County                ,0,0,0,0,0,0,1,3,430780,0,0,0,0,0,0,0,0,0,1,3,430780,0,0,0
201707,21,117,3,6,Kenton County                 ,181,181,43391577,0,0,0,1,4,466682,4,28,3266776,180,180,43308799,0,0,0,1,4,466682,4,28,3266776
201707,21,121,3,6,Knox County                   ,0,0,0,0,0,0,0,0,0,0,0,0,0,0,0,0,0,0,0,0,0,0,0,0
201707,21,123,3,6,Larue County                  ,17,17,3895831,2,4,427100,0,0,0,0,0,0,15,15,3441576,1,2,213550,0,0,0,0,0,0
201707,21,137,3,6,Lincoln County                ,14,14,2775109,0,0,0,0,0,0,0,0,0,12,12,2370588,0,0,0,0,0,0,0,0,0
201707,21,145,3,6,McCracken County              ,77,77,15130153,0,0,0,2,8,1129400,1,8,755384,77,77,15130153,0,0,0,2,8,1129400,1,8,755384
201707,21,151,3,6,Madison County                ,109,109,10770521,8,16,903968,0,0,0,6,31,1045146,32,32,4105000,0,0,0,0,0,0,0,0,0
201707,21,157,3,6,Marshall County               ,36,36,9952121,1,2,158000,1,3,240000,0,0,0,31,31,8867700,1,2,158000,0,0,0,0,0,0
201707,21,161,3,6,Mason County                  ,13,13,2236000,0,0,0,0,0,0,0,0,0,13,13,2236000,0,0,0,0,0,0,0,0,0
201707,21,163,3,6,Meade County                  ,50,50,8186004,2,4,320000,0,0,0,0,0,0,43,43,7168400,2,4,320000,0,0,0,0,0,0
201707,21,167,3,6,Mercer County                 ,29,29,4639200,0,0,0,0,0,0,0,0,0,29,29,4639200,0,0,0,0,0,0,0,0,0
201707,21,175,3,6,Morgan County                 ,13,13,975000,0,0,0,0,0,0,0,0,0,0,0,0,0,0,0,0,0,0,0,0,0
201707,21,179,3,6,Nelson County                 ,96,96,18678718,8,16,1510000,4,14,1605000,0,0,0,96,96,18678718,8,16,1510000,4,14,1605000,0,0,0
201707,21,185,3,6,Oldham County                 ,214,214,62893674,3,6,296499,0,0,0,1,5,247083,0,0,0,0,0,0,0,0,0,0,0,0
201707,21,191,3,6,Pendleton County              ,0,0,0,0,0,0,0,0,0,0,0,0,0,0,0,0,0,0,0,0,0,0,0,0
201707,21,209,3,6,Scott County                  ,301,301,45781814,3,6,750000,1,4,480000,0,0,0,301,301,45781814,3,6,750000,1,4,480000,0,0,0
201707,21,211,3,6,Shelby County                 ,157,157,36798209,0,0,0,0,0,0,10,192,9800000,157,157,36798209,0,0,0,0,0,0,10,192,9800000
201707,21,213,3,6,Simpson County                ,39,39,5673944,1,2,104500,0,0,0,3,48,4181400,39,39,5673944,1,2,104500,0,0,0,3,48,4181400
201707,21,215,3,6,Spencer County                ,75,75,17258715,0,0,0,0,0,0,0,0,0,75,75,17258715,0,0,0,0,0,0,0,0,0
201707,21,221,3,6,Trigg County                  ,2,2,459103,0,0,0,0,0,0,0,0,0,2,2,459103,0,0,0,0,0,0,0,0,0
201707,21,225,3,6,Union County                  ,4,4,807184,0,0,0,0,0,0,0,0,0,2,2,388452,0,0,0,0,0,0,0,0,0
201707,21,239,3,6,Woodford County               ,65,65,12260161,1,2,400000,0,0,0,0,0,0,65,65,12260161,1,2,400000,0,0,0,0,0,0
201707,22,005,3,7,Ascension Parish              ,669,669,101511909,0,0,0,0,0,0,0,0,0,600,600,90352170,0,0,0,0,0,0,0,0,0
201707,22,015,3,7,Bossier Parish                ,431,431,75431933,0,0,0,0,0,0,0,0,0,401,401,69392516,0,0,0,0,0,0,0,0,0
201707,22,017,3,7,Caddo Parish                  ,175,175,47410628,0,0,0,0,0,0,0,0,0,152,152,41259824,0,0,0,0,0,0,0,0,0
201707,22,031,3,7,De Soto Parish                ,69,69,17818467,0,0,0,0,0,0,0,0,0,69,69,17818467,0,0,0,0,0,0,0,0,0
201707,22,033,3,7,East Baton Rouge Parish       ,743,743,164277108,0,0,0,0,0,0,0,0,0,738,738,163584250,0,0,0,0,0,0,0,0,0
201707,22,037,3,7,East Feliciana Parish         ,29,29,5669797,0,0,0,1,4,270628,0,0,0,25,25,4865620,0,0,0,1,4,270628,0,0,0
201707,22,047,3,7,Iberville Parish              ,74,74,15696126,0,0,0,0,0,0,0,0,0,65,65,13920933,0,0,0,0,0,0,0,0,0
201707,22,051,3,7,Jefferson Parish              ,268,268,58976680,5,10,702981,0,0,0,1,8,804718,216,216,46667203,3,6,400000,0,0,0,0,0,0
201707,22,055,3,7,Lafayette Parish              ,821,821,171612268,0,0,0,0,0,0,1,7,737633,467,467,114974572,0,0,0,0,0,0,0,0,0
201707,22,063,3,7,Livingston Parish             ,509,509,112224411,0,0,0,1,3,232174,0,0,0,31,31,6334081,0,0,0,0,0,0,0,0,0
201707,22,071,3,7,Orleans Parish                ,325,325,74182510,44,88,8926740,0,0,0,1,13,3199841,299,299,68543357,40,80,7956236,0,0,0,0,0,0
201707,22,075,3,7,Plaquemines Parish            ,26,26,7547380,0,0,0,0,0,0,0,0,0,21,21,6012700,0,0,0,0,0,0,0,0,0
201707,22,077,3,7,Pointe Coupee Parish          ,33,33,8751532,0,0,0,0,0,0,0,0,0,33,33,8751532,0,0,0,0,0,0,0,0,0
201707,22,087,3,7,St. Bernard Parish            ,57,57,9883000,0,0,0,0,0,0,0,0,0,57,57,9883000,0,0,0,0,0,0,0,0,0
201707,22,089,3,7,St. Charles Parish            ,75,75,15979900,0,0,0,0,0,0,0,0,0,75,75,15979900,0,0,0,0,0,0,0,0,0
201707,22,091,3,7,St. Helena Parish             ,0,0,0,0,0,0,0,0,0,0,0,0,0,0,0,0,0,0,0,0,0,0,0,0
201707,22,095,3,7,St. John the Baptist Parish   ,26,26,4151037,0,0,0,0,0,0,0,0,0,0,0,0,0,0,0,0,0,0,0,0,0
201707,22,099,3,7,St. Martin Parish             ,88,88,17757173,0,0,0,0,0,0,0,0,0,62,62,12509438,0,0,0,0,0,0,0,0,0
201707,22,103,3,7,St. Tammany Parish            ,838,838,191447082,2,4,700000,0,0,0,0,0,0,816,816,182980392,2,4,700000,0,0,0,0,0,0
201707,22,109,3,7,Terrebonne Parish             ,85,85,22167013,0,0,0,0,0,0,0,0,0,85,85,22167013,0,0,0,0,0,0,0,0,0
201707,22,121,3,7,West Baton Rouge Parish       ,174,174,27319166,0,0,0,0,0,0,0,0,0,165,165,26499608,0,0,0,0,0,0,0,0,0
201707,22,125,3,7,West Feliciana Parish         ,26,26,10820380,0,0,0,0,0,0,0,0,0,23,23,9600699,0,0,0,0,0,0,0,0,0
201707,23,000,1,1,Maine Unorganized Territory   ,44,44,5843211,0,0,0,0,0,0,0,0,0,0,0,0,0,0,0,0,0,0,0,0,0
201707,24,003,3,5,Anne Arundel County           ,1102,1102,187679894,1,2,424973,0,0,0,7,100,15666826,1095,1095,186471846,1,2,424973,0,0,0,7,100,15666826
201707,24,005,3,5,Baltimore County              ,479,479,122745560,1,2,500000,0,0,0,1,317,42000000,479,479,122745560,1,2,500000,0,0,0,1,317,42000000
201707,24,009,3,5,Calvert County                ,179,179,40946952,0,0,0,0,0,0,0,0,0,119,119,27396254,0,0,0,0,0,0,0,0,0
201707,24,013,3,5,Carroll County                ,195,195,51326305,1,2,498667,0,0,0,0,0,0,195,195,51326305,1,2,498667,0,0,0,0,0,0
201707,24,015,3,5,Cecil County                  ,54,54,11979768,0,0,0,0,0,0,0,0,0,54,54,11979768,0,0,0,0,0,0,0,0,0
201707,24,017,3,5,Charles County                ,438,438,92923001,0,0,0,0,0,0,0,0,0,438,438,92923001,0,0,0,0,0,0,0,0,0
201707,24,021,3,5,Frederick County              ,996,996,237784639,3,6,469550,1,4,63000,9,285,37287592,996,996,237784639,3,6,469550,1,4,63000,9,285,37287592
201707,24,023,3,5,Garrett County                ,37,37,11555765,0,0,0,0,0,0,0,0,0,37,37,11555765,0,0,0,0,0,0,0,0,0
201707,24,025,3,5,Harford County                ,412,412,82353909,0,0,0,0,0,0,8,209,20692968,403,403,78884454,0,0,0,0,0,0,6,178,18150000
201707,24,027,3,5,Howard County                 ,579,579,130107483,0,0,0,0,0,0,4,78,9000000,579,579,130107483,0,0,0,0,0,0,4,78,9000000
201707,24,031,3,5,Montgomery County             ,677,677,154185367,19,38,2200000,0,0,0,4,366,86203893,677,677,154185367,19,38,2200000,0,0,0,4,366,86203893
201707,24,033,3,5,Prince George County          ,1020,1020,217563038,0,0,0,0,0,0,6,779,108800000,1018,1018,217014483,0,0,0,0,0,0,6,779,108800000
201707,24,035,3,5,Queen Anne County             ,115,115,25909280,0,0,0,0,0,0,0,0,0,115,115,25909280,0,0,0,0,0,0,0,0,0
201707,24,037,3,5,St. Marys County              ,719,719,132606688,0,0,0,0,0,0,0,0,0,719,719,132606688,0,0,0,0,0,0,0,0,0
201707,24,039,3,5,Somerset County               ,11,11,1576734,0,0,0,0,0,0,0,0,0,10,10,1403816,0,0,0,0,0,0,0,0,0
201707,24,045,3,5,Wicomico County               ,81,81,14150945,2,4,317000,0,0,0,0,0,0,81,81,14150945,2,4,317000,0,0,0,0,0,0
201707,24,510,3,5,Baltimore (Independent City)  ,137,137,22106129,0,0,0,0,0,0,5,222,39290617,111,111,17572000,0,0,0,0,0,0,4,179,30461424
201707,25,005,1,1,Bristol County                ,451,451,94939527,15,30,3836400,0,0,0,3,48,5337370,360,360,76846070,13,26,3534400,0,0,0,2,40,4814199
201707,25,009,1,1,Essex County                  ,330,330,112094239,22,44,7415002,1,3,900000,5,70,12939704,227,227,74015466,15,30,4208320,0,0,0,1,40,8500000
201707,25,017,1,1,Middlesex County              ,799,799,252787200,37,74,11913926,5,16,2686708,43,949,151604170,617,617,204654774,24,48,8249331,2,7,1110929,15,666,107060330
201707,25,021,1,1,Norfolk County                ,420,420,188487412,4,8,1392018,5,17,3623500,42,873,112513244,291,291,140211438,3,6,1043500,5,17,3623500,18,635,89223943
201707,25,023,1,1,Plymouth County               ,648,648,147134359,9,18,2312212,2,6,1064800,7,43,4746688,519,519,113273504,9,18,2312212,2,6,1064800,3,17,2300000
201707,25,025,1,1,Suffolk County                ,47,47,11809638,38,76,13467875,22,69,14988750,72,3025,739647974,41,41,10792796,35,70,12834465,22,69,14988750,59,2936,723662622
201707,26,000,2,3,Michigan Balance of State     ,35,35,6592375,0,0,0,0,0,0,0,0,0,0,0,0,0,0,0,0,0,0,0,0,0
201707,26,019,2,3,Benzie County                 ,47,47,11445538,0,0,0,0,0,0,0,0,0,47,47,11445538,0,0,0,0,0,0,0,0,0
201707,26,029,2,3,Charlevoix County             ,29,29,6148641,1,2,659319,0,0,0,0,0,0,0,0,0,0,0,0,0,0,0,0,0,0
201707,26,089,2,3,Leelanau County               ,65,65,15383105,0,0,0,0,0,0,0,0,0,52,52,11770312,0,0,0,0,0,0,0,0,0
201707,26,093,2,3,Livingston County             ,371,371,108148530,0,0,0,1,3,300000,0,0,0,355,355,106515383,0,0,0,1,3,300000,0,0,0
201707,26,095,2,3,Luce County                   ,2,2,583200,0,0,0,0,0,0,0,0,0,2,2,583200,0,0,0,0,0,0,0,0,0
201707,26,099,2,3,Macomb County                 ,1155,1155,288979169,18,36,5240145,0,0,0,17,322,42714102,1130,1130,282134128,14,28,4367765,0,0,0,17,322,42714102
201707,26,103,2,3,Marquette County              ,42,42,9660987,3,6,532500,0,0,0,0,0,0,42,42,9660987,3,6,532500,0,0,0,0,0,0
201707,26,137,2,3,Otsego County                 ,11,11,891000,0,0,0,0,0,0,0,0,0,0,0,0,0,0,0,0,0,0,0,0,0
201707,26,147,2,3,St. Clair County              ,122,122,22485349,0,0,0,0,0,0,4,96,7296700,113,113,21155986,0,0,0,0,0,0,4,96,7296700
201707,26,163,2,3,Wayne County                  ,642,642,178288345,1,2,350000,3,12,2390000,10,701,94657417,605,605,169256171,1,2,350000,3,12,2390000,10,701,94657417
201707,27,003,2,4,Anoka County                  ,613,613,161184814,0,0,0,2,8,1239173,1,5,737141,572,572,150462816,0,0,0,2,8,1239173,0,0,0
201707,27,019,2,4,Carver County                 ,355,355,106347274,1,2,518630,1,4,722400,0,0,0,341,341,102476123,1,2,518630,1,4,722400,0,0,0
201707,27,025,2,4,Chisago County                ,133,133,22674988,1,2,408000,0,0,0,0,0,0,133,133,22674988,1,2,408000,0,0,0,0,0,0
201707,27,027,2,4,Clay County                   ,96,96,21914000,0,0,0,0,0,0,1,45,4800000,96,96,21914000,0,0,0,0,0,0,1,45,4800000
201707,27,037,2,4,Dakota County                 ,687,687,197310737,2,4,634100,5,20,3460000,7,782,105988000,602,602,170054499,2,4,634100,5,20,3460000,7,782,105988000
201707,27,053,2,4,Hennepin County               ,1092,1092,397344600,2,4,1280000,5,18,3605724,21,1993,365977670,1024,1024,361775582,2,4,1280000,5,18,3605724,17,1942,356933694
201707,27,059,2,4,Isanti County                 ,153,153,28558138,0,0,0,0,0,0,0,0,0,149,149,27279138,0,0,0,0,0,0,0,0,0
201707,27,123,2,4,Ramsey County                 ,141,141,49807663,0,0,0,0,0,0,2,136,3776800,139,139,49302609,0,0,0,0,0,0,2,136,3776800
201707,27,139,2,4,Scott County                  ,324,324,101393105,1,2,361132,0,0,0,0,0,0,281,281,88162869,1,2,361132,0,0,0,0,0,0
201707,27,141,2,4,Sherburne County              ,277,277,60765030,0,0,0,1,4,758680,0,0,0,254,254,55991731,0,0,0,1,4,758680,0,0,0
201707,27,163,2,4,Washington County             ,437,437,143707714,0,0,0,0,0,0,0,0,0,396,396,125491502,0,0,0,0,0,0,0,0,0
201707,27,171,2,4,Wright County                 ,429,429,111424386,0,0,0,1,4,729422,0,0,0,415,415,108252844,0,0,0,1,4,729422,0,0,0
201707,28,033,3,6,DeSoto County                 ,761,761,124227582,0,0,0,1,4,351300,5,25,2151900,695,695,111134801,0,0,0,1,4,351300,5,25,2151900
201707,28,041,3,6,Greene County                 ,0,0,0,0,0,0,0,0,0,0,0,0,0,0,0,0,0,0,0,0,0,0,0,0
201707,28,045,3,6,Hancock County                ,264,264,42960501,4,8,740716,7,25,2509032,7,58,4910436,71,71,13892870,0,0,0,0,0,0,0,0,0
201707,28,047,3,6,Harrison County               ,593,593,96177373,2,4,520000,0,0,0,1,5,278124,518,518,87657298,1,2,275000,0,0,0,1,5,278124
201707,28,067,3,6,Jones County                  ,13,13,1890346,0,0,0,0,0,0,0,0,0,2,2,304468,0,0,0,0,0,0,0,0,0
201707,28,137,3,6,Tate County                   ,59,59,9766182,0,0,0,0,0,0,0,0,0,58,58,9568000,0,0,0,0,0,0,0,0,0
201707,28,143,3,6,Tunica County                 ,9,9,722880,0,0,0,0,0,0,0,0,0,0,0,0,0,0,0,0,0,0,0,0,0
201707,28,145,3,6,Union County                  ,9,9,1164000,1,2,80000,0,0,0,0,0,0,9,9,1164000,1,2,80000,0,0,0,0,0,0
201707,28,149,3,6,Warren County                 ,5,5,490000,0,0,0,0,0,0,0,0,0,5,5,490000,0,0,0,0,0,0,0,0,0
201707,29,013,2,4,Bates County                  ,0,0,0,0,0,0,0,0,0,0,0,0,0,0,0,0,0,0,0,0,0,0,0,0
201707,29,017,2,4,Bollinger County              ,0,0,0,0,0,0,0,0,0,0,0,0,0,0,0,0,0,0,0,0,0,0,0,0
201707,29,019,2,4,Boone County                  ,443,443,102387949,5,10,571216,0,0,0,2,146,22089240,443,443,102387949,5,10,571216,0,0,0,2,146,22089240
201707,29,049,2,4,Clinton County                ,27,27,4575600,1,2,160000,0,0,0,0,0,0,27,27,4575600,1,2,160000,0,0,0,0,0,0
201707,29,065,2,4,Dent County                   ,0,0,0,0,0,0,0,0,0,0,0,0,0,0,0,0,0,0,0,0,0,0,0,0
201707,29,071,2,4,Franklin County               ,247,247,46888025,5,10,904592,0,0,0,7,42,3923200,209,209,38473597,5,10,904592,0,0,0,7,42,3923200
201707,29,095,2,4,Jackson County                ,1100,1100,246494079,28,56,6240524,28,111,13485092,15,1237,101956694,1097,1097,246157578,28,56,6240524,28,111,13485092,15,1237,101956694
201707,29,099,2,4,Jefferson County              ,460,460,71902676,3,6,570000,0,0,0,0,0,0,441,441,69497496,3,6,570000,0,0,0,0,0,0
201707,29,105,2,4,Laclede County                ,11,11,1352500,1,2,262500,0,0,0,0,0,0,11,11,1352500,1,2,262500,0,0,0,0,0,0
201707,29,107,2,4,Lafayette County              ,20,20,4227153,0,0,0,0,0,0,0,0,0,6,6,1002411,0,0,0,0,0,0,0,0,0
201707,29,113,2,4,Lincoln County                ,71,71,12664436,0,0,0,0,0,0,0,0,0,71,71,12664436,0,0,0,0,0,0,0,0,0
201707,29,165,2,4,Platte County                 ,202,202,53386467,0,0,0,0,0,0,5,34,2235185,180,180,47541326,0,0,0,0,0,0,0,0,0
201707,29,185,2,4,St. Clair County              ,1,1,60000,0,0,0,0,0,0,0,0,0,1,1,60000,0,0,0,0,0,0,0,0,0
201707,29,189,2,4,St. Louis County              ,665,665,244417037,0,0,0,0,0,0,9,225,27670423,312,312,117641093,0,0,0,0,0,0,1,80,9150000
201707,29,219,2,4,Warren County                 ,165,165,35573402,0,0,0,0,0,0,0,0,0,165,165,35573402,0,0,0,0,0,0,0,0,0
201707,29,221,2,4,Washington County             ,0,0,0,0,0,0,0,0,0,0,0,0,0,0,0,0,0,0,0,0,0,0,0,0
201707,29,510,2,4,St. Louis (Independent City)  ,55,55,10594170,0,0,0,2,7,910624,8,256,19783722,55,55,10594170,0,0,0,2,7,910624,8,256,19783722
201707,30,033,4,8,Garfield County               ,0,0,0,0,0,0,0,0,0,0,0,0,0,0,0,0,0,0,0,0,0,0,0,0
201707,30,063,4,8,Missoula County               ,260,260,50031891,16,32,3607859,3,10,632589,16,349,39935025,260,260,50031891,16,32,3607859,3,10,632589,16,349,39935025
201707,30,093,4,8,Silver Bow County             ,40,40,4382802,0,0,0,0,0,0,0,0,0,40,40,4382802,0,0,0,0,0,0,0,0,0
201707,31,001,2,4,Adams County                  ,43,43,9758397,0,0,0,0,0,0,0,0,0,32,32,7480895,0,0,0,0,0,0,0,0,0
201707,31,025,2,4,Cass County                   ,82,82,14693586,0,0,0,0,0,0,0,0,0,82,82,14693586,0,0,0,0,0,0,0,0,0
201707,31,033,2,4,Cheyenne County               ,2,2,428704,0,0,0,0,0,0,0,0,0,2,2,428704,0,0,0,0,0,0,0,0,0
201707,31,055,2,4,Douglas County                ,1094,1094,175925215,0,0,0,1,3,561131,34,1114,101317295,1085,1085,173979990,0,0,0,1,3,561131,34,1114,101317295
201707,31,105,2,4,Kimball County                ,1,1,243700,0,0,0,0,0,0,0,0,0,1,1,243700,0,0,0,0,0,0,0,0,0
201707,31,153,2,4,Sarpy County                  ,542,542,143947963,0,0,0,0,0,0,3,78,4075000,385,385,105331935,0,0,0,0,0,0,3,78,4075000
201707,31,165,2,4,Sioux County                  ,2,2,300000,0,0,0,0,0,0,0,0,0,2,2,300000,0,0,0,0,0,0,0,0,0
201707,31,177,2,4,Washington County             ,40,40,12155804,0,0,0,0,0,0,0,0,0,40,40,12155804,0,0,0,0,0,0,0,0,0
201707,32,001,4,8,Churchill County              ,14,14,3202155,0,0,0,0,0,0,0,0,0,14,14,3202155,0,0,0,0,0,0,0,0,0
201707,32,003,4,8,Clark County                  ,6113,6113,1183671291,19,38,6767868,30,90,16542387,63,2038,224625324,6113,6113,1183671291,19,38,6767868,30,90,16542387,63,2038,224625324
201707,32,005,4,8,Douglas County                ,87,87,33704265,0,0,0,0,0,0,1,24,2273199,87,87,33704265,0,0,0,0,0,0,1,24,2273199
201707,32,007,4,8,Elko County                   ,86,86,12668847,0,0,0,0,0,0,0,0,0,84,84,12536847,0,0,0,0,0,0,0,0,0
201707,32,013,4,8,Humboldt County               ,7,7,943025,0,0,0,0,0,0,0,0,0,7,7,943025,0,0,0,0,0,0,0,0,0
201707,32,015,4,8,Lander County                 ,0,0,0,0,0,0,0,0,0,0,0,0,0,0,0,0,0,0,0,0,0,0,0,0
201707,32,017,4,8,Lincoln County                ,7,7,1899548,0,0,0,0,0,0,0,0,0,2,2,547064,0,0,0,0,0,0,0,0,0
201707,32,019,4,8,Lyon County                   ,189,189,43653630,0,0,0,0,0,0,0,0,0,189,189,43653630,0,0,0,0,0,0,0,0,0
201707,32,021,4,8,Mineral County                ,0,0,0,0,0,0,0,0,0,0,0,0,0,0,0,0,0,0,0,0,0,0,0,0
201707,32,027,4,8,Pershing County               ,4,4,262682,0,0,0,0,0,0,0,0,0,4,4,262682,0,0,0,0,0,0,0,0,0
201707,32,029,4,8,Storey County                 ,10,10,2019077,0,0,0,0,0,0,0,0,0,6,6,1483172,0,0,0,0,0,0,0,0,0
201707,32,031,4,8,Washoe County                 ,1155,1155,287041333,6,12,1791827,2,7,1134426,59,1297,122413160,1059,1059,263202485,2,4,609658,1,4,703078,52,1213,113848158
201707,32,033,4,8,White Pine County             ,2,2,651328,0,0,0,0,0,0,0,0,0,1,1,234540,0,0,0,0,0,0,0,0,0
201707,32,510,4,8,Carson City (Independent City),79,79,21863633,0,0,0,5,20,2545672,0,0,0,79,79,21863633,0,0,0,5,20,2545672,0,0,0
201707,33,015,1,1,Rockingham County             ,442,442,110248325,17,34,3713871,6,23,2706500,10,96,12042466,321,321,86628826,17,34,3713871,5,20,2225000,3,53,7192000
201707,33,017,1,1,Strafford County              ,169,169,31876119,11,22,2436958,1,3,323420,4,138,11357000,150,150,29012421,11,22,2436958,0,0,0,4,138,11357000
201707,34,001,1,2,Atlantic County               ,159,159,33613303,0,0,0,0,0,0,14,222,21147414,140,140,31811226,0,0,0,0,0,0,5,105,6724900
201707,34,003,1,2,Bergen County                 ,522,522,174183595,58,116,22689211,5,17,2685600,38,638,46520443,340,340,107676699,47,94,20077373,5,17,2685600,6,421,32605000
201707,34,005,1,2,Burlington County             ,412,412,62048610,3,6,540818,0,0,0,5,90,3020798,320,320,48228918,1,2,100000,0,0,0,1,68,1106500
201707,34,007,1,2,Camden County                 ,115,115,20950073,2,4,60000,0,0,0,110,692,21618814,68,68,13646525,2,4,60000,0,0,0,92,566,13477378
201707,34,009,1,2,Cape May County               ,346,346,103050305,38,76,15283600,1,3,387864,3,25,2489185,329,329,98321904,38,76,15283600,1,3,387864,2,20,2476185
201707,34,011,1,2,Cumberland County             ,62,62,5646139,0,0,0,0,0,0,0,0,0,20,20,1570670,0,0,0,0,0,0,0,0,0
201707,34,013,1,2,Essex County                  ,195,195,36107796,15,30,3025451,15,47,5258889,36,1120,178766299,49,49,20334967,14,28,2940750,14,44,4413188,10,572,140969207
201707,34,015,1,2,Gloucester County             ,247,247,38610308,1,2,22000,0,0,0,2,38,7934667,170,170,30559830,1,2,22000,0,0,0,1,30,7600000
201707,34,017,1,2,Hudson County                 ,193,193,31220516,43,86,11161600,10,36,3485720,44,2611,355005636,187,187,29472526,43,86,11161600,9,33,3285008,41,2594,352860553
201707,34,019,1,2,Hunterdon County              ,83,83,18147966,2,4,466400,0,0,0,10,59,3070610,73,73,16743435,0,0,0,0,0,0,0,0,0
201707,34,021,1,2,Mercer County                 ,87,87,32880967,0,0,0,0,0,0,5,61,4691743,82,82,31993392,0,0,0,0,0,0,4,56,4308650
201707,34,023,1,2,Middlesex County              ,435,435,77225208,3,6,495800,0,0,0,44,1088,69016524,366,366,65417826,3,6,495800,0,0,0,33,1006,64484230
201707,34,025,1,2,Monmouth County               ,501,501,159417321,4,8,1134892,3,10,1140266,27,316,25143532,454,454,148055110,2,4,400474,2,7,821580,23,296,24149451
201707,34,027,1,2,Morris County                 ,373,373,81892492,2,4,206098,34,119,4832400,34,408,32618532,285,285,62504756,2,4,206098,34,119,4832400,7,92,9261316
201707,34,029,1,2,Ocean County                  ,1246,1246,220022853,7,14,7470000,2,8,556000,10,151,15819954,1230,1230,217324596,7,14,7470000,2,8,556000,10,151,15819954
201707,34,031,1,2,Passaic County                ,106,106,21838272,2,4,231746,0,0,0,11,88,7317378,76,76,15865636,1,2,71000,0,0,0,2,41,3257230
201707,34,033,1,2,Salem County                  ,21,21,2955506,0,0,0,0,0,0,0,0,0,17,17,2506336,0,0,0,0,0,0,0,0,0
201707,34,035,1,2,Somerset County               ,187,187,47685000,0,0,0,0,0,0,32,357,23413142,143,143,41586484,0,0,0,0,0,0,8,163,10837830
201707,34,037,1,2,Sussex County                 ,57,57,10151651,0,0,0,0,0,0,0,0,0,49,49,7846511,0,0,0,0,0,0,0,0,0
201707,34,039,1,2,Union County                  ,178,178,43920512,26,52,4384005,3,9,820504,24,559,37927627,131,131,37610262,26,52,4384005,2,6,384250,11,470,33062460
201707,34,041,1,2,Warren County                 ,27,27,5837447,0,0,0,0,0,0,4,65,2140434,20,20,4836636,0,0,0,0,0,0,2,48,1405760
201707,35,000,4,8,New Mexico Balance of State   ,221,221,60008299,0,0,0,0,0,0,0,0,0,0,0,0,0,0,0,0,0,0,0,0,0
201707,35,001,4,8,Bernalillo County             ,641,641,146789052,2,4,440214,0,0,0,9,141,13843302,93,93,38727417,1,2,178114,0,0,0,0,0,0
201707,35,005,4,8,Chaves County                 ,49,49,7447802,2,4,607352,0,0,0,1,9,612500,36,36,5137936,2,4,607352,0,0,0,0,0,0
201707,35,007,4,8,Colfax County                 ,13,13,5904667,0,0,0,0,0,0,0,0,0,12,12,5453000,0,0,0,0,0,0,0,0,0
201707,35,009,4,8,Curry County                  ,32,32,8238388,1,2,285889,0,0,0,0,0,0,32,32,8238388,1,2,285889,0,0,0,0,0,0
201707,35,013,4,8,Dona Ana County               ,470,470,96468420,1,2,313896,1,4,511000,25,284,20279410,430,430,88894501,0,0,0,1,4,511000,25,284,20279410
201707,35,015,4,8,Eddy County                   ,89,89,17650358,0,0,0,0,0,0,0,0,0,89,89,17650358,0,0,0,0,0,0,0,0,0
201707,35,017,4,8,Grant County                  ,8,8,1323095,0,0,0,0,0,0,0,0,0,0,0,0,0,0,0,0,0,0,0,0,0
201707,35,025,4,8,Lea County                    ,62,62,13223462,0,0,0,0,0,0,1,10,1744904,44,44,9760259,0,0,0,0,0,0,0,0,0
201707,35,027,4,8,Lincoln County                ,46,46,11607969,0,0,0,0,0,0,0,0,0,0,0,0,0,0,0,0,0,0,0,0,0
201707,35,028,4,8,Los Alamos County             ,14,14,3610724,0,0,0,0,0,0,0,0,0,14,14,3610724,0,0,0,0,0,0,0,0,0
201707,35,029,4,8,Luna County                   ,12,12,2263541,0,0,0,0,0,0,0,0,0,7,7,1390786,0,0,0,0,0,0,0,0,0
201707,35,031,4,8,McKinley County               ,7,7,1270000,0,0,0,0,0,0,0,0,0,7,7,1270000,0,0,0,0,0,0,0,0,0
201707,35,035,4,8,Otero County                  ,3,3,648881,0,0,0,0,0,0,0,0,0,3,3,648881,0,0,0,0,0,0,0,0,0
201707,35,041,4,8,Roosevelt County              ,13,13,1933300,0,0,0,0,0,0,0,0,0,13,13,1933300,0,0,0,0,0,0,0,0,0
201707,35,043,4,8,Sandoval County               ,412,412,88086766,1,2,283271,1,3,251560,7,37,1541664,211,211,46210209,0,0,0,0,0,0,0,0,0
201707,35,045,4,8,San Juan County               ,51,51,12352858,0,0,0,0,0,0,0,0,0,51,51,12352858,0,0,0,0,0,0,0,0,0
201707,35,047,4,8,San Miguel County             ,1,1,140000,0,0,0,0,0,0,0,0,0,0,0,0,0,0,0,0,0,0,0,0,0
201707,35,049,4,8,Santa Fe County               ,162,162,36171315,0,0,0,0,0,0,0,0,0,151,151,33426196,0,0,0,0,0,0,0,0,0
201707,35,051,4,8,Sierra County                 ,0,0,0,0,0,0,0,0,0,0,0,0,0,0,0,0,0,0,0,0,0,0,0,0
201707,35,053,4,8,Socorro County                ,2,2,438000,0,0,0,0,0,0,0,0,0,2,2,438000,0,0,0,0,0,0,0,0,0
201707,35,055,4,8,Taos County                   ,53,53,6060663,0,0,0,0,0,0,0,0,0,1,1,358563,0,0,0,0,0,0,0,0,0
201707,35,061,4,8,Valencia County               ,64,64,6938368,0,0,0,0,0,0,0,0,0,0,0,0,0,0,0,0,0,0,0,0,0
201707,36,001,1,2,Albany County                 ,156,156,36397953,2,4,523000,0,0,0,20,269,29140391,139,139,33377776,2,4,523000,0,0,0,13,202,18149000
201707,36,005,1,2,Bronx County                  ,7,7,1868781,15,30,4033702,12,36,4375296,40,2398,319177872,7,7,1868781,15,30,4033702,12,36,4375296,40,2398,319177872
201707,36,029,1,2,Erie County                   ,410,410,120247845,1,2,105000,3,11,2175000,27,427,61992635,365,365,111575859,1,2,105000,3,11,2175000,22,316,37354857
201707,36,047,1,2,Kings County                  ,39,39,10305776,52,104,13982925,46,152,18861072,151,3619,482763796,39,39,10305776,52,104,13982925,46,152,18861072,151,3619,482763796
201707,36,051,1,2,Livingston County             ,13,13,2047671,0,0,0,0,0,0,5,25,1339286,5,5,810493,0,0,0,0,0,0,0,0,0
201707,36,055,1,2,Monroe County                 ,424,424,92848145,4,8,1407800,6,18,2880867,5,219,22877971,401,401,85169844,4,8,1407800,6,18,2880867,5,219,22877971
201707,36,059,1,2,Nassau County                 ,536,536,192413671,4,8,1132680,0,0,0,14,187,64786003,446,446,158940475,2,4,540680,0,0,0,8,150,60189683
201707,36,061,1,2,New York County               ,4,4,1071350,3,6,805870,2,8,972288,39,3305,439721222,4,4,1071350,3,6,805870,2,8,972288,39,3305,439721222
201707,36,063,1,2,Niagara County                ,123,123,31489183,0,0,0,0,0,0,0,0,0,101,101,25732753,0,0,0,0,0,0,0,0,0
201707,36,069,1,2,Ontario County                ,171,171,43219519,0,0,0,2,8,402400,3,16,690943,155,155,39438801,0,0,0,0,0,0,0,0,0
201707,36,073,1,2,Orleans County                ,14,14,2289875,0,0,0,0,0,0,0,0,0,7,7,975000,0,0,0,0,0,0,0,0,0
201707,36,079,1,2,Putnam County                 ,25,25,8799158,0,0,0,4,12,2681796,0,0,0,12,12,5891180,0,0,0,0,0,0,0,0,0
201707,36,081,1,2,Queens County                 ,64,64,17013877,120,240,32213073,38,115,14232456,39,2961,393818074,64,64,17013877,120,240,32213073,38,115,14232456,39,2961,393818074
201707,36,083,1,2,Rensselaer County             ,65,65,16263480,2,4,650000,1,4,470000,2,10,646970,42,42,10471500,0,0,0,1,4,470000,0,0,0
201707,36,085,1,2,Richmond County               ,178,178,47152024,113,226,30266005,1,3,364608,1,8,1052123,178,178,47152024,113,226,30266005,1,3,364608,1,8,1052123
201707,36,087,1,2,Rockland County               ,67,67,24578831,16,32,4545865,11,38,4352926,13,199,37479038,46,46,19394640,1,2,280000,2,6,700000,5,150,31700000
201707,36,091,1,2,Saratoga County               ,368,368,104025198,6,12,1741199,7,23,2089613,30,331,37307672,250,250,70239390,4,8,1080448,3,9,1093824,10,200,23580000
201707,36,093,1,2,Schenectady County            ,38,38,6378008,0,0,0,4,16,2049861,6,83,5102702,25,25,4192733,0,0,0,4,16,2049861,5,78,4452702
201707,36,095,1,2,Schoharie County              ,15,15,2632624,1,2,160000,0,0,0,0,0,0,7,7,1060000,1,2,160000,0,0,0,0,0,0
201707,36,099,1,2,Seneca County                 ,12,12,2417525,1,2,200000,0,0,0,0,0,0,12,12,2417525,1,2,200000,0,0,0,0,0,0
201707,36,117,1,2,Wayne County                  ,39,39,7401257,0,0,0,0,0,0,0,0,0,34,34,6410616,0,0,0,0,0,0,0,0,0
201707,36,119,1,2,Westchester County            ,181,181,98755482,4,8,1031666,0,0,0,20,702,166273596,134,134,76938447,0,0,0,0,0,0,5,516,136150000
201707,37,007,3,5,Anson County                  ,26,26,3896490,0,0,0,0,0,0,0,0,0,0,0,0,0,0,0,0,0,0,0,0,0
201707,37,011,3,5,Avery County                  ,58,58,20883645,0,0,0,0,0,0,0,0,0,58,58,20883645,0,0,0,0,0,0,0,0,0
201707,37,015,3,5,Bertie County                 ,8,8,789117,0,0,0,0,0,0,0,0,0,6,6,372200,0,0,0,0,0,0,0,0,0
201707,37,025,3,5,Cabarrus County               ,895,895,141259240,1,2,100000,0,0,0,0,0,0,895,895,141259240,1,2,100000,0,0,0,0,0,0
201707,37,033,3,5,Caswell County                ,19,19,3201406,0,0,0,0,0,0,0,0,0,19,19,3201406,0,0,0,0,0,0,0,0,0
201707,37,037,3,5,Chatham County                ,477,477,114161829,0,0,0,0,0,0,0,0,0,477,477,114161829,0,0,0,0,0,0,0,0,0
201707,37,051,3,5,Cumberland County             ,378,378,61481790,0,0,0,0,0,0,0,0,0,378,378,61481790,0,0,0,0,0,0,0,0,0
201707,37,053,3,5,Currituck County              ,179,179,44161922,0,0,0,0,0,0,0,0,0,179,179,44161922,0,0,0,0,0,0,0,0,0
201707,37,059,3,5,Davie County                  ,77,77,15319457,0,0,0,0,0,0,0,0,0,40,40,7852390,0,0,0,0,0,0,0,0,0
201707,37,063,3,5,Durham County                 ,1144,1144,224076169,2,4,339794,0,0,0,21,660,49290373,441,441,91958853,0,0,0,0,0,0,7,288,17254697
201707,37,069,3,5,Franklin County               ,311,311,56021137,0,0,0,0,0,0,0,0,0,311,311,56021137,0,0,0,0,0,0,0,0,0
201707,37,071,3,5,Gaston County                 ,642,642,183309114,6,12,1491932,1,4,877284,4,23,3645268,642,642,183309114,6,12,1491932,1,4,877284,4,23,3645268
201707,37,081,3,5,Guilford County               ,845,845,199832343,8,16,3554192,0,0,0,16,666,93913433,832,832,198233716,8,16,3554192,0,0,0,15,661,93631334
201707,37,089,3,5,Henderson County              ,303,303,78584775,0,0,0,0,0,0,1,12,960000,303,303,78584775,0,0,0,0,0,0,1,12,960000
201707,37,093,3,5,Hoke County                   ,129,129,29688380,0,0,0,0,0,0,0,0,0,129,129,29688380,0,0,0,0,0,0,0,0,0
201707,37,097,3,5,Iredell County                ,818,818,233686953,1,2,178688,0,0,0,7,144,13124209,818,818,233686953,1,2,178688,0,0,0,7,144,13124209
201707,37,101,3,5,Johnston County               ,1411,1411,236587629,0,0,0,0,0,0,0,0,0,1231,1231,204295021,0,0,0,0,0,0,0,0,0
201707,37,105,3,5,Lee County                    ,122,122,23189843,0,0,0,0,0,0,0,0,0,122,122,23189843,0,0,0,0,0,0,0,0,0
201707,37,119,3,5,Mecklenburg County            ,3234,3234,743240072,7,14,1158975,1,4,803800,35,1999,151519477,3234,3234,743240072,7,14,1158975,1,4,803800,35,1999,151519477
201707,37,133,3,5,Onslow County                 ,512,512,73924363,7,14,1036800,1,4,400000,0,0,0,510,510,73450872,7,14,1036800,1,4,400000,0,0,0
201707,37,135,3,5,Orange County                 ,297,297,94842528,2,4,275000,0,0,0,1,5,642338,293,293,93643154,2,4,275000,0,0,0,0,0,0
201707,37,145,3,5,Person County                 ,52,52,11047249,0,0,0,0,0,0,0,0,0,52,52,11047249,0,0,0,0,0,0,0,0,0
201707,37,151,3,5,Randolph County               ,198,198,42376737,2,4,170000,0,0,0,0,0,0,173,173,36661183,2,4,170000,0,0,0,0,0,0
201707,37,157,3,5,Rockingham County             ,116,116,27736526,0,0,0,0,0,0,7,149,19253327,114,114,27397083,0,0,0,0,0,0,6,144,18741410
201707,37,179,3,5,Union County                  ,931,931,211094491,0,0,0,0,0,0,0,0,0,931,931,211094491,0,0,0,0,0,0,0,0,0
201707,37,181,3,5,Vance County                  ,35,35,5651927,0,0,0,0,0,0,0,0,0,35,35,5651927,0,0,0,0,0,0,0,0,0
201707,37,183,3,5,Wake County                   ,5067,5067,1180281330,1,2,180000,1,4,90000,52,1835,206475867,4855,4855,1137888803,1,2,180000,1,4,90000,52,1835,206475867
201707,37,195,3,5,Wilson County                 ,115,115,17960889,1,2,115000,0,0,0,8,140,20661324,115,115,17960889,1,2,115000,0,0,0,8,140,20661324
201707,39,007,2,3,Ashtabula County              ,41,41,7517313,7,14,1125076,0,0,0,0,0,0,0,0,0,0,0,0,0,0,0,0,0,0
201707,39,015,2,3,Brown County                  ,42,42,6691848,0,0,0,0,0,0,0,0,0,0,0,0,0,0,0,0,0,0,0,0,0
201707,39,017,2,3,Butler County                 ,467,467,97707033,2,4,700000,1,4,360000,6,72,5143246,459,459,96308939,2,4,700000,1,4,360000,6,72,5143246
201707,39,025,2,3,Clermont County               ,268,268,53827298,1,2,140000,10,38,2496996,9,263,17397598,268,268,53827298,1,2,140000,10,38,2496996,9,263,17397598
201707,39,041,2,3,Delaware County               ,731,731,197621624,6,12,1793628,2,8,985961,13,144,17672796,731,731,197621624,6,12,1793628,2,8,985961,13,144,17672796
201707,39,049,2,3,Franklin County               ,1113,1113,312501817,3,6,929114,18,60,8135000,95,2501,254852947,1096,1096,308947302,2,4,706000,18,60,8135000,93,2481,253892947
201707,39,055,2,3,Geauga County                 ,107,107,31546298,0,0,0,0,0,0,1,81,22700000,107,107,31546298,0,0,0,0,0,0,1,81,22700000
201707,39,085,2,3,Lake County                   ,243,243,49788298,0,0,0,0,0,0,1,16,2000000,241,241,49455790,0,0,0,0,0,0,1,16,2000000
201707,39,089,2,3,Licking County                ,153,153,37424175,0,0,0,0,0,0,0,0,0,96,96,23185610,0,0,0,0,0,0,0,0,0
201707,39,093,2,3,Lorain County                 ,468,468,110159368,3,6,728900,13,52,4616000,13,111,4855718,386,386,88073400,3,6,728900,13,52,4616000,10,76,2943400
201707,39,097,2,3,Madison County                ,34,34,8113888,0,0,0,0,0,0,0,0,0,27,27,6958328,0,0,0,0,0,0,0,0,0
201707,39,103,2,3,Medina County                 ,397,397,101010594,3,6,420000,2,6,420000,0,0,0,397,397,101010594,3,6,420000,2,6,420000,0,0,0
201707,39,117,2,3,Morrow County                 ,38,38,6037366,0,0,0,0,0,0,0,0,0,29,29,4286543,0,0,0,0,0,0,0,0,0
201707,39,159,2,3,Union County                  ,234,234,64211091,4,8,1207000,0,0,0,0,0,0,234,234,64211091,4,8,1207000,0,0,0,0,0,0
201707,39,165,2,3,Warren County                 ,809,809,219656001,1,2,380913,1,4,920235,9,200,25777453,808,808,219482668,1,2,380913,1,4,920235,9,200,25777453
201707,40,001,3,7,Adair County                  ,9,9,1733789,0,0,0,0,0,0,0,0,0,0,0,0,0,0,0,0,0,0,0,0,0
201707,40,017,3,7,Canadian County               ,165,165,35859524,3,6,375000,0,0,0,0,0,0,127,127,26258360,3,6,375000,0,0,0,0,0,0
201707,40,021,3,7,Cherokee County               ,35,35,4593338,2,4,260000,0,0,0,0,0,0,0,0,0,0,0,0,0,0,0,0,0,0
201707,40,027,3,7,Cleveland County              ,379,379,89333158,6,12,3076460,5,15,2100000,8,44,3229994,379,379,89333158,6,12,3076460,5,15,2100000,8,44,3229994
201707,40,029,3,7,Coal County                   ,0,0,0,0,0,0,0,0,0,0,0,0,0,0,0,0,0,0,0,0,0,0,0,0
201707,40,037,3,7,Creek County                  ,54,54,11233437,0,0,0,0,0,0,0,0,0,54,54,11233437,0,0,0,0,0,0,0,0,0
201707,40,051,3,7,Grady County                  ,55,55,11626075,0,0,0,0,0,0,0,0,0,11,11,2203000,0,0,0,0,0,0,0,0,0
201707,40,055,3,7,Greer County                  ,1,1,50000,0,0,0,0,0,0,0,0,0,1,1,50000,0,0,0,0,0,0,0,0,0
201707,40,081,3,7,Lincoln County                ,3,3,544103,0,0,0,0,0,0,0,0,0,3,3,544103,0,0,0,0,0,0,0,0,0
201707,40,083,3,7,Logan County                  ,6,6,1038000,2,4,143000,0,0,0,0,0,0,6,6,1038000,2,4,143000,0,0,0,0,0,0
201707,40,087,3,7,McClain County                ,223,223,44104188,0,0,0,0,0,0,0,0,0,158,158,30960670,0,0,0,0,0,0,0,0,0
201707,40,109,3,7,Oklahoma County               ,2315,2315,525571239,42,84,11705366,2,7,411250,0,0,0,2212,2212,508880915,42,84,11705366,1,4,250000,0,0,0
201707,40,111,3,7,Okmulgee County               ,2,2,299667,0,0,0,0,0,0,0,0,0,0,0,0,0,0,0,0,0,0,0,0,0
201707,40,113,3,7,Osage County                  ,75,75,12860727,4,8,600000,0,0,0,0,0,0,75,75,12860727,4,8,600000,0,0,0,0,0,0
201707,40,117,3,7,Pawnee County                 ,1,1,240000,0,0,0,0,0,0,0,0,0,1,1,240000,0,0,0,0,0,0,0,0,0
201707,40,131,3,7,Rogers County                 ,272,272,46189547,11,22,1318110,0,0,0,0,0,0,268,268,45776215,11,22,1318110,0,0,0,0,0,0
201707,40,143,3,7,Tulsa County                  ,1271,1271,302079282,2,4,368960,1,4,282975,4,267,34103658,1271,1271,302079282,2,4,368960,1,4,282975,4,267,34103658
201707,40,145,3,7,Wagoner County                ,273,273,48270191,0,0,0,0,0,0,8,43,2930670,273,273,48270191,0,0,0,0,0,0,8,43,2930670
201707,41,000,4,9,Oregon Balance of State       ,98,98,14461572,0,0,0,0,0,0,0,0,0,0,0,0,0,0,0,0,0,0,0,0,0
201707,41,005,4,9,Clackamas County              ,784,784,256747479,5,10,1572466,1,3,468584,15,299,35340115,711,711,233903081,5,10,1572466,1,3,468584,11,249,29733956
201707,41,019,4,9,Douglas County                ,147,147,36253022,2,4,452725,0,0,0,0,0,0,147,147,36253022,2,4,452725,0,0,0,0,0,0
201707,41,025,4,9,Harney County                 ,6,6,1392498,0,0,0,0,0,0,0,0,0,0,0,0,0,0,0,0,0,0,0,0,0
201707,41,035,4,9,Klamath County                ,46,46,10260666,0,0,0,0,0,0,0,0,0,46,46,10260666,0,0,0,0,0,0,0,0,0
201707,41,051,4,9,Multnomah County              ,590,590,162071572,68,136,26181068,5,17,3098000,57,2552,418715551,590,590,162071572,68,136,26181068,5,17,3098000,56,2547,417955551
201707,41,067,4,9,Washington County             ,990,990,298349342,1,2,319194,0,0,0,29,912,123360137,987,987,297430705,0,0,0,0,0,0,29,912,123360137
201707,41,071,4,9,Yamhill County                ,173,173,63199881,0,0,0,0,0,0,0,0,0,152,152,57418555,0,0,0,0,0,0,0,0,0
201707,42,001,1,2,Adams County                  ,149,149,28747829,0,0,0,0,0,0,0,0,0,149,149,28747829,0,0,0,0,0,0,0,0,0
201707,42,017,1,2,Bucks County                  ,568,568,129206758,0,0,0,0,0,0,3,24,2739270,439,439,99816251,0,0,0,0,0,0,3,24,2739270
201707,42,029,1,2,Chester County                ,725,725,147544700,0,0,0,3,9,1330903,3,15,1968700,669,669,133263637,0,0,0,2,6,1008000,3,15,1968700
201707,42,037,1,2,Columbia County               ,45,45,11845425,0,0,0,1,3,387224,1,5,782273,21,21,5949886,0,0,0,0,0,0,0,0,0
201707,42,041,1,2,Cumberland County             ,516,516,115477727,3,6,765000,5,20,3480392,7,58,5187318,469,469,105353295,3,6,765000,5,20,3480392,4,24,1498070
201707,42,043,1,2,Dauphin County                ,205,205,45159256,3,6,1097940,4,16,2450525,4,27,3017480,160,160,34337620,3,6,1097940,4,16,2450525,4,27,3017480
201707,42,045,1,2,Delaware County               ,236,236,62492435,2,4,450000,3,12,900000,2,10,3759676,139,139,39369051,2,4,450000,3,12,900000,0,0,0
201707,42,055,1,2,Franklin County               ,177,177,30296988,3,6,570000,1,4,320000,5,30,2339126,138,138,24254358,3,6,570000,1,4,320000,1,8,194000
201707,42,065,1,2,Jefferson County              ,28,28,4558455,0,0,0,0,0,0,0,0,0,28,28,4558455,0,0,0,0,0,0,0,0,0
201707,42,091,1,2,Montgomery County             ,690,690,138652628,18,36,4010722,0,0,0,19,722,85641020,578,578,112361107,18,36,4010722,0,0,0,7,503,66791963
201707,42,093,1,2,Montour County                ,19,19,4549266,0,0,0,0,0,0,0,0,0,10,10,2554093,0,0,0,0,0,0,0,0,0
201707,42,099,1,2,Perry County                  ,59,59,14330656,0,0,0,0,0,0,0,0,0,8,8,1258800,0,0,0,0,0,0,0,0,0
201707,42,101,1,2,Philadelphia County           ,461,461,121917519,79,158,28587510,67,228,29886307,42,927,129946750,375,375,99453777,69,138,24897942,52,176,24343132,32,753,106891875
201707,42,103,1,2,Pike County                   ,49,49,11596584,0,0,0,0,0,0,0,0,0,40,40,9220760,0,0,0,0,0,0,0,0,0
201707,44,001,1,1,Bristol County                ,25,25,6042350,0,0,0,0,0,0,0,0,0,23,23,5511061,0,0,0,0,0,0,0,0,0
201707,44,003,1,1,Kent County                   ,122,122,16750729,2,4,647000,0,0,0,0,0,0,91,91,11863589,1,2,247000,0,0,0,0,0,0
201707,44,005,1,1,Newport County                ,83,83,28996730,1,2,285120,0,0,0,0,0,0,67,67,25187898,1,2,285120,0,0,0,0,0,0
201707,44,007,1,1,Providence County             ,206,206,32571773,5,10,994150,0,0,0,0,0,0,175,175,28923718,5,10,994150,0,0,0,0,0,0
201707,44,009,1,1,Washington County             ,151,151,42688379,2,4,1000000,0,0,0,1,5,88542,127,127,35320534,2,4,1000000,0,0,0,0,0,0
201707,45,003,3,5,Aiken County                  ,485,485,101965067,0,0,0,7,21,2946826,5,312,35211772,472,472,99965432,0,0,0,7,21,2946826,4,307,34961772
201707,45,009,3,5,Bamberg County                ,7,7,833000,0,0,0,0,0,0,0,0,0,7,7,833000,0,0,0,0,0,0,0,0,0
201707,45,015,3,5,Berkeley County               ,954,954,266077171,0,0,0,0,0,0,7,251,5921612,723,723,202471151,0,0,0,0,0,0,0,0,0
201707,45,017,3,5,Calhoun County                ,16,16,2436843,0,0,0,0,0,0,0,0,0,16,16,2436843,0,0,0,0,0,0,0,0,0
201707,45,019,3,5,Charleston County             ,1608,1608,459616068,2,4,714000,0,0,0,56,1572,210788001,1089,1089,376409222,2,4,714000,0,0,0,44,1334,197013189
201707,45,035,3,5,Dorchester County             ,354,354,99301991,0,0,0,0,0,0,1,42,5982000,353,353,99194491,0,0,0,0,0,0,1,42,5982000
201707,45,037,3,5,Edgefield County              ,56,56,10416038,0,0,0,0,0,0,0,0,0,56,56,10416038,0,0,0,0,0,0,0,0,0
201707,45,039,3,5,Fairfield County              ,28,28,5918489,0,0,0,0,0,0,0,0,0,0,0,0,0,0,0,0,0,0,0,0,0
201707,45,045,3,5,Greenville County             ,1736,1736,781245061,0,0,0,0,0,0,12,440,31013670,1736,1736,781245061,0,0,0,0,0,0,12,440,31013670
201707,45,051,3,5,Horry County                  ,2721,2721,465701462,38,76,5460437,1,3,337500,9,112,9119523,2314,2314,381255187,28,56,3526994,0,0,0,4,86,7009460
201707,45,055,3,5,Kershaw County                ,145,145,20839346,0,0,0,0,0,0,0,0,0,145,145,20839346,0,0,0,0,0,0,0,0,0
201707,45,059,3,5,Laurens County                ,82,82,12476069,0,0,0,0,0,0,0,0,0,80,80,12310379,0,0,0,0,0,0,0,0,0
201707,45,063,3,5,Lexington County              ,1046,1046,259906923,0,0,0,0,0,0,7,242,22014481,743,743,181470116,0,0,0,0,0,0,3,200,18050176
201707,45,077,3,5,Pickens County                ,347,347,80738125,0,0,0,1,4,538719,8,161,19800060,272,272,68021685,0,0,0,1,4,538719,1,5,594031
201707,45,079,3,5,Richland County               ,1200,1200,170918081,4,8,1068468,0,0,0,10,198,11175666,160,160,36511187,4,8,1068468,0,0,0,0,0,0
201707,45,081,3,5,Saluda County                 ,20,20,4430221,0,0,0,0,0,0,0,0,0,20,20,4430221,0,0,0,0,0,0,0,0,0
201707,45,085,3,5,Sumter County                 ,167,167,24864495,0,0,0,0,0,0,0,0,0,92,92,13897233,0,0,0,0,0,0,0,0,0
201707,45,091,3,5,York County                   ,1450,1450,452878775,0,0,0,0,0,0,23,522,54654644,390,390,118169827,0,0,0,0,0,0,9,293,31683929
201707,46,007,2,4,Bennett County                ,1,1,120000,0,0,0,0,0,0,0,0,0,1,1,120000,0,0,0,0,0,0,0,0,0
201707,46,055,2,4,Haakon County                 ,0,0,0,0,0,0,0,0,0,0,0,0,0,0,0,0,0,0,0,0,0,0,0,0
201707,46,071,2,4,Jackson County                ,0,0,0,0,0,0,0,0,0,0,0,0,0,0,0,0,0,0,0,0,0,0,0,0
201707,46,111,2,4,Sanborn County                ,7,7,1475000,0,0,0,0,0,0,0,0,0,7,7,1475000,0,0,0,0,0,0,0,0,0
201707,47,001,3,6,Anderson County               ,78,78,17207785,0,0,0,0,0,0,0,0,0,73,73,16279063,0,0,0,0,0,0,0,0,0
201707,47,015,3,6,Cannon County                 ,9,9,1135710,0,0,0,0,0,0,0,0,0,0,0,0,0,0,0,0,0,0,0,0,0
201707,47,021,3,6,Cheatham County               ,125,125,20093992,0,0,0,0,0,0,0,0,0,124,124,19955992,0,0,0,0,0,0,0,0,0
201707,47,037,3,6,Davidson County               ,2662,2662,641633873,1,2,405540,10,37,5306720,25,1270,128116807,2661,2661,640688295,1,2,405540,10,37,5306720,25,1270,128116807
201707,47,043,3,6,Dickson County                ,190,190,36846024,0,0,0,0,0,0,0,0,0,162,162,31338397,0,0,0,0,0,0,0,0,0
201707,47,049,3,6,Fentress County               ,0,0,0,0,0,0,0,0,0,0,0,0,0,0,0,0,0,0,0,0,0,0,0,0
201707,47,081,3,6,Hickman County                ,41,41,6188878,0,0,0,0,0,0,0,0,0,17,17,1888263,0,0,0,0,0,0,0,0,0
201707,47,093,3,6,Knox County                   ,1015,1015,214851990,0,0,0,0,0,0,19,314,43750002,910,910,193768179,0,0,0,0,0,0,19,314,43750002
201707,47,105,3,6,Loudon County                 ,197,197,49899729,0,0,0,0,0,0,0,0,0,180,180,47335580,0,0,0,0,0,0,0,0,0
201707,47,125,3,6,Montgomery County             ,870,870,128792663,18,36,1695000,5,19,1140000,12,82,4010000,870,870,128792663,18,36,1695000,5,19,1140000,12,82,4010000
201707,47,139,3,6,Polk County                   ,112,112,20173895,0,0,0,0,0,0,0,0,0,0,0,0,0,0,0,0,0,0,0,0,0
201707,47,149,3,6,Rutherford County             ,1422,1422,349436906,8,16,2465766,8,31,4215946,22,461,45601061,1280,1280,323334786,7,14,2137445,7,27,3811492,19,395,38953810
201707,47,153,3,6,Sequatchie County             ,6,6,665000,0,0,0,0,0,0,0,0,0,6,6,665000,0,0,0,0,0,0,0,0,0
201707,47,157,3,6,Shelby County                 ,627,627,165350828,1,2,311052,1,4,375000,8,272,29876109,627,627,165350828,1,2,311052,1,4,375000,8,272,29876109
201707,47,159,3,6,Smith County                  ,45,45,7684318,0,0,0,0,0,0,0,0,0,41,41,7011938,0,0,0,0,0,0,0,0,0
201707,47,161,3,6,Stewart County                ,1,1,310000,0,0,0,0,0,0,0,0,0,1,1,310000,0,0,0,0,0,0,0,0,0
201707,47,165,3,6,Sumner County                 ,851,851,198940917,1,2,188000,0,0,0,34,1059,52392006,772,772,181608581,1,2,188000,0,0,0,33,1050,51609348
201707,47,167,3,6,Tipton County                 ,93,93,14874000,0,0,0,0,0,0,0,0,0,52,52,9415142,0,0,0,0,0,0,0,0,0
201707,47,169,3,6,Trousdale County              ,47,47,6475000,0,0,0,4,16,450000,0,0,0,47,47,6475000,0,0,0,4,16,450000,0,0,0
201707,47,173,3,6,Union County                  ,52,52,7340000,0,0,0,0,0,0,0,0,0,52,52,7340000,0,0,0,0,0,0,0,0,0
201707,47,175,3,6,Van Buren County              ,1,1,195000,0,0,0,0,0,0,0,0,0,1,1,195000,0,0,0,0,0,0,0,0,0
201707,47,189,3,6,Wilson County                 ,808,808,214663218,9,18,1555700,0,0,0,4,76,3300000,806,806,214377002,9,18,1555700,0,0,0,4,76,3300000
201707,48,013,3,7,Atascosa County               ,25,25,4448719,0,0,0,0,0,0,0,0,0,17,17,3014170,0,0,0,0,0,0,0,0,0
201707,48,015,3,7,Austin County                 ,14,14,2534828,0,0,0,0,0,0,0,0,0,7,7,1193975,0,0,0,0,0,0,0,0,0
201707,48,019,3,7,Bandera County                ,1,1,210000,0,0,0,0,0,0,0,0,0,0,0,0,0,0,0,0,0,0,0,0,0
201707,48,021,3,7,Bastrop County                ,68,68,9291340,0,0,0,0,0,0,0,0,0,63,63,8854310,0,0,0,0,0,0,0,0,0
201707,48,025,3,7,Bee County                    ,5,5,449053,0,0,0,0,0,0,0,0,0,0,0,0,0,0,0,0,0,0,0,0,0
201707,48,027,3,7,Bell County                   ,1038,1038,183349900,83,166,14173834,0,0,0,4,21,1666434,1029,1029,181585390,83,166,14173834,0,0,0,0,0,0
201707,48,029,3,7,Bexar County                  ,2174,2174,511215882,18,36,3546890,22,86,8097081,102,991,108059536,1876,1876,469584665,18,36,3546890,20,80,8097081,96,959,101240362
201707,48,051,3,7,Burleson County               ,12,12,1335390,0,0,0,0,0,0,0,0,0,10,10,927000,0,0,0,0,0,0,0,0,0
201707,48,055,3,7,Caldwell County               ,195,195,33568076,1,2,116640,0,0,0,0,0,0,11,11,982000,0,0,0,0,0,0,0,0,0
201707,48,085,3,7,Collin County                 ,5645,5645,1819089525,2,4,682702,0,0,0,63,3512,464922166,5435,5435,1777916006,1,2,438912,0,0,0,63,3512,464922166
201707,48,091,3,7,Comal County                  ,1490,1490,328060349,72,144,13538666,3,9,1953592,20,515,57890249,1478,1478,324505805,72,144,13538666,3,9,1953592,20,515,57890249
201707,48,099,3,7,Coryell County                ,91,91,12055394,3,6,449160,0,0,0,0,0,0,65,65,8340226,3,6,449160,0,0,0,0,0,0
201707,48,107,3,7,Crosby County                 ,6,6,402000,0,0,0,0,0,0,0,0,0,0,0,0,0,0,0,0,0,0,0,0,0
201707,48,113,3,7,Dallas County                 ,3103,3103,948128544,42,84,21249698,17,63,12766240,144,7779,711249701,3009,3009,921537426,42,84,21249698,17,63,12766240,144,7779,711249701
201707,48,119,3,7,Delta County                  ,4,4,918206,0,0,0,0,0,0,0,0,0,4,4,918206,0,0,0,0,0,0,0,0,0
201707,48,135,3,7,Ector County                  ,322,322,62145606,0,0,0,0,0,0,0,0,0,322,322,62145606,0,0,0,0,0,0,0,0,0
201707,48,139,3,7,Ellis County                  ,1183,1183,230008838,2,4,421968,2,7,654242,8,192,20772429,1182,1182,229919638,2,4,421968,2,7,654242,8,192,20772429
201707,48,141,3,7,El Paso County                ,1476,1476,309084497,11,22,2361760,6,22,4191414,32,360,91865352,1405,1405,296720763,11,22,2361760,6,22,4191414,32,360,91865352
201707,48,157,3,7,Fort Bend County              ,6297,6297,777297783,7,14,1579712,3,9,836935,7,56,4382474,794,794,255751609,7,14,1579712,3,9,836935,0,0,0
201707,48,167,3,7,Galveston County              ,1580,1580,347479144,1,2,240000,0,0,0,4,21,1156109,736,736,169859577,1,2,240000,0,0,0,0,0,0
201707,48,185,3,7,Grimes County                 ,21,21,2301864,0,0,0,0,0,0,0,0,0,21,21,2301864,0,0,0,0,0,0,0,0,0
201707,48,187,3,7,Guadalupe County              ,583,583,133910830,0,0,0,0,0,0,7,239,18876609,564,564,130355815,0,0,0,0,0,0,6,232,18504666
201707,48,193,3,7,Hamilton County               ,3,3,240000,0,0,0,0,0,0,0,0,0,0,0,0,0,0,0,0,0,0,0,0,0
201707,48,195,3,7,Hansford County               ,0,0,0,0,0,0,0,0,0,0,0,0,0,0,0,0,0,0,0,0,0,0,0,0
201707,48,201,3,7,Harris County                 ,10691,10691,1897191774,49,98,14769438,13,51,5684425,64,2686,321934845,10643,10643,1849969347,49,98,14769438,13,51,5684425,64,2686,321934845
201707,48,211,3,7,Hemphill County               ,0,0,0,0,0,0,0,0,0,0,0,0,0,0,0,0,0,0,0,0,0,0,0,0
201707,48,215,3,7,Hidalgo County                ,1620,1620,285418256,68,136,7634811,72,284,15215115,13,439,33472192,1311,1311,226789126,52,104,5898216,49,193,9492446,8,287,21685000
201707,48,233,3,7,Hutchinson County             ,1,1,204195,0,0,0,0,0,0,2,10,933228,0,0,0,0,0,0,0,0,0,0,0,0
201707,48,251,3,7,Johnson County                ,376,376,81886434,3,6,625000,0,0,0,0,0,0,368,368,79893950,3,6,625000,0,0,0,0,0,0
201707,48,257,3,7,Kaufman County                ,460,460,98799288,0,0,0,0,0,0,0,0,0,439,439,94966034,0,0,0,0,0,0,0,0,0
201707,48,259,3,7,Kendall County                ,169,169,47856396,0,0,0,0,0,0,2,44,3255695,120,120,34043405,0,0,0,0,0,0,0,0,0
201707,48,271,3,7,Kinney County                 ,1,1,205977,0,0,0,0,0,0,0,0,0,1,1,205977,0,0,0,0,0,0,0,0,0
201707,48,281,3,7,Lampasas County               ,20,20,3038000,0,0,0,0,0,0,0,0,0,20,20,3038000,0,0,0,0,0,0,0,0,0
201707,48,291,3,7,Liberty County                ,329,329,29940590,0,0,0,0,0,0,0,0,0,316,316,28167188,0,0,0,0,0,0,0,0,0
201707,48,303,3,7,Lubbock County                ,1017,1017,214033597,11,22,2700114,2,7,937125,32,370,53453464,765,765,156348596,0,0,0,0,0,0,22,194,33315000
201707,48,323,3,7,Maverick County               ,40,40,9902413,3,6,612758,0,0,0,0,0,0,40,40,9902413,3,6,612758,0,0,0,0,0,0
201707,48,325,3,7,Medina County                 ,12,12,2168261,0,0,0,0,0,0,0,0,0,9,9,1548587,0,0,0,0,0,0,0,0,0
201707,48,329,3,7,Midland County                ,506,506,104880686,0,0,0,0,0,0,0,0,0,506,506,104880686,0,0,0,0,0,0,0,0,0
201707,48,339,3,7,Montgomery County             ,3255,3255,738667613,2,4,150000,0,0,0,0,0,0,3229,3229,733417170,2,4,150000,0,0,0,0,0,0
201707,48,367,3,7,Parker County                 ,282,282,59133903,0,0,0,0,0,0,2,10,1052740,272,272,56653486,0,0,0,0,0,0,0,0,0
201707,48,375,3,7,Potter County                 ,279,279,72878466,2,4,553364,0,0,0,0,0,0,279,279,72878466,2,4,553364,0,0,0,0,0,0
201707,48,383,3,7,Reagan County                 ,0,0,0,0,0,0,0,0,0,0,0,0,0,0,0,0,0,0,0,0,0,0,0,0
201707,48,385,3,7,Real County                   ,0,0,0,0,0,0,0,0,0,0,0,0,0,0,0,0,0,0,0,0,0,0,0,0
201707,48,395,3,7,Robertson County              ,54,54,11942704,0,0,0,0,0,0,0,0,0,54,54,11942704,0,0,0,0,0,0,0,0,0
201707,48,397,3,7,Rockwall County               ,907,907,276843767,1,2,177000,0,0,0,0,0,0,827,827,243639338,1,2,177000,0,0,0,0,0,0
201707,48,407,3,7,San Jacinto County            ,207,207,42085932,0,0,0,0,0,0,0,0,0,110,110,22461450,0,0,0,0,0,0,0,0,0
201707,48,411,3,7,San Saba County               ,0,0,0,0,0,0,0,0,0,0,0,0,0,0,0,0,0,0,0,0,0,0,0,0
201707,48,451,3,7,Tom Green County              ,104,104,20749300,2,4,660000,0,0,0,0,0,0,104,104,20749300,2,4,660000,0,0,0,0,0,0
201707,48,453,3,7,Travis County                 ,5377,5377,1168538310,8,16,2226232,8,31,4870564,123,5460,318490039,5144,5144,1097648465,7,14,2084148,8,31,4870564,122,5455,317823372
201707,48,473,3,7,Waller County                 ,4,4,797218,0,0,0,1,3,450000,8,42,1272029,2,2,337000,0,0,0,0,0,0,0,0,0
201707,48,491,3,7,Williamson County             ,2515,2515,672034232,4,8,672015,6,20,1507788,17,780,69701881,2445,2445,658329278,4,8,672015,6,20,1507788,17,780,69701881
201707,48,493,3,7,Wilson County                 ,29,29,5821042,0,0,0,0,0,0,0,0,0,1,1,194226,0,0,0,0,0,0,0,0,0
201707,48,497,3,7,Wise County                   ,47,47,8891191,1,2,125000,0,0,0,0,0,0,40,40,7336947,1,2,125000,0,0,0,0,0,0
201707,49,011,4,8,Davis County                  ,686,686,186940626,0,0,0,8,31,4499815,17,278,21979619,676,676,182770953,0,0,0,8,31,4499815,16,273,21104619
201707,49,023,4,8,Juab County                   ,32,32,8561868,0,0,0,0,0,0,0,0,0,28,28,7410831,0,0,0,0,0,0,0,0,0
201707,49,029,4,8,Morgan County                 ,44,44,16369631,0,0,0,0,0,0,0,0,0,37,37,14503099,0,0,0,0,0,0,0,0,0
201707,49,035,4,8,Salt Lake County              ,2446,2446,594329850,22,44,7742206,16,54,7141940,53,1657,214688163,1778,1778,409761131,15,30,4920891,4,14,1087000,35,1340,176229592
201707,49,039,4,8,Sanpete County                ,26,26,4528593,0,0,0,0,0,0,0,0,0,26,26,4528593,0,0,0,0,0,0,0,0,0
201707,49,043,4,8,Summit County                 ,97,97,48758980,2,4,1184342,1,3,841530,8,41,7005129,35,35,19252554,2,4,1184342,0,0,0,0,0,0
201707,49,057,4,8,Weber County                  ,596,596,137192402,4,8,1020164,36,141,21010842,14,248,22302928,540,540,123281095,4,8,1020164,32,128,19313997,13,243,21503325
201707,51,003,3,5,Albemarle County              ,373,373,112914069,0,0,0,0,0,0,6,130,15363054,214,214,61636166,0,0,0,0,0,0,3,89,11141369
201707,51,007,3,5,Amelia County                 ,30,30,4765890,0,0,0,0,0,0,0,0,0,30,30,4765890,0,0,0,0,0,0,0,0,0
201707,51,009,3,5,Amherst County                ,41,41,7070785,0,0,0,0,0,0,0,0,0,41,41,7070785,0,0,0,0,0,0,0,0,0
201707,51,013,3,5,Arlington County              ,124,124,46288286,4,8,1941667,0,0,0,4,1165,63180500,92,92,37527169,0,0,0,0,0,0,3,1066,47223559
201707,51,015,3,5,Augusta County                ,127,127,22038163,3,6,430000,2,8,720000,0,0,0,127,127,22038163,3,6,430000,2,8,720000,0,0,0
201707,51,019,3,5,Bedford County                ,122,122,31679399,1,2,400000,0,0,0,0,0,0,122,122,31679399,1,2,400000,0,0,0,0,0,0
201707,51,033,3,5,Caroline County               ,55,55,11587240,0,0,0,0,0,0,0,0,0,45,45,9669793,0,0,0,0,0,0,0,0,0
201707,51,036,3,5,Charles City County           ,17,17,2833953,0,0,0,0,0,0,0,0,0,15,15,2466600,0,0,0,0,0,0,0,0,0
201707,51,037,3,5,Charlotte County              ,7,7,1727500,0,0,0,0,0,0,0,0,0,7,7,1727500,0,0,0,0,0,0,0,0,0
201707,51,041,3,5,Chesterfield County           ,876,876,201351336,1,2,300000,24,87,10409822,12,203,15901684,876,876,201351336,1,2,300000,24,87,10409822,12,203,15901684
201707,51,043,3,5,Clarke County                 ,33,33,13083946,0,0,0,0,0,0,0,0,0,33,33,13083946,0,0,0,0,0,0,0,0,0
201707,51,049,3,5,Cumberland County             ,7,7,745000,0,0,0,0,0,0,0,0,0,7,7,745000,0,0,0,0,0,0,0,0,0
201707,51,051,3,5,Dickenson County              ,2,2,340000,0,0,0,0,0,0,0,0,0,2,2,340000,0,0,0,0,0,0,0,0,0
201707,51,053,3,5,Dinwiddie County              ,43,43,2359073,0,0,0,0,0,0,0,0,0,0,0,0,0,0,0,0,0,0,0,0,0
201707,51,059,3,5,Fairfax County                ,547,547,125449134,0,0,0,0,0,0,0,0,0,547,547,125449134,0,0,0,0,0,0,0,0,0
201707,51,061,3,5,Fauquier County               ,245,245,73227114,0,0,0,0,0,0,0,0,0,218,218,64141698,0,0,0,0,0,0,0,0,0
201707,51,069,3,5,Frederick County              ,359,359,74555603,1,2,200000,0,0,0,1,16,1100000,359,359,74555603,1,2,200000,0,0,0,1,16,1100000
201707,51,073,3,5,Gloucester County             ,90,90,16212383,0,0,0,2,6,332000,0,0,0,90,90,16212383,0,0,0,2,6,332000,0,0,0
201707,51,075,3,5,Goochland County              ,123,123,32922024,0,0,0,0,0,0,0,0,0,123,123,32922024,0,0,0,0,0,0,0,0,0
201707,51,085,3,5,Hanover County                ,386,386,78204148,0,0,0,0,0,0,0,0,0,386,386,78204148,0,0,0,0,0,0,0,0,0
201707,51,087,3,5,Henrico County                ,562,562,103538397,0,0,0,0,0,0,61,457,21923341,562,562,103538397,0,0,0,0,0,0,61,457,21923341
201707,51,093,3,5,Isle of Wight County          ,111,111,21322269,0,0,0,0,0,0,1,13,521500,29,29,4960034,0,0,0,0,0,0,0,0,0
201707,51,095,3,5,James City County             ,203,203,53479574,2,4,431000,19,70,8324795,8,53,7529070,203,203,53479574,2,4,431000,19,70,8324795,8,53,7529070
201707,51,097,3,5,King and Queen County         ,16,16,2476532,0,0,0,0,0,0,0,0,0,16,16,2476532,0,0,0,0,0,0,0,0,0
201707,51,099,3,5,King George County            ,46,46,10044065,0,0,0,0,0,0,0,0,0,46,46,10044065,0,0,0,0,0,0,0,0,0
201707,51,107,3,5,Loudoun County                ,1630,1630,344022445,0,0,0,0,0,0,21,629,53188951,1630,1630,344022445,0,0,0,0,0,0,21,629,53188951
201707,51,109,3,5,Louisa County                 ,164,164,34157014,0,0,0,0,0,0,0,0,0,122,122,26194509,0,0,0,0,0,0,0,0,0
201707,51,115,3,5,Mathews County                ,12,12,2645526,0,0,0,0,0,0,0,0,0,12,12,2645526,0,0,0,0,0,0,0,0,0
201707,51,127,3,5,New Kent County               ,167,167,32912083,0,0,0,0,0,0,0,0,0,167,167,32912083,0,0,0,0,0,0,0,0,0
201707,51,139,3,5,Page County                   ,39,39,4309333,0,0,0,0,0,0,0,0,0,39,39,4309333,0,0,0,0,0,0,0,0,0
201707,51,145,3,5,Powhatan County               ,124,124,21133166,0,0,0,0,0,0,0,0,0,124,124,21133166,0,0,0,0,0,0,0,0,0
201707,51,149,3,5,Prince George County          ,44,44,6097182,0,0,0,0,0,0,0,0,0,44,44,6097182,0,0,0,0,0,0,0,0,0
201707,51,153,3,5,Prince William County         ,886,886,158414122,0,0,0,0,0,0,6,98,9867030,755,755,134566853,0,0,0,0,0,0,3,34,3650000
201707,51,165,3,5,Rockingham County             ,239,239,47011360,0,0,0,0,0,0,0,0,0,239,239,47011360,0,0,0,0,0,0,0,0,0
201707,51,175,3,5,Southampton County            ,33,33,4798020,0,0,0,0,0,0,0,0,0,21,21,3026018,0,0,0,0,0,0,0,0,0
201707,51,177,3,5,Spotsylvania County           ,412,412,112065363,0,0,0,0,0,0,4,170,14500000,412,412,112065363,0,0,0,0,0,0,4,170,14500000
201707,51,179,3,5,Stafford County               ,696,696,150320759,0,0,0,0,0,0,0,0,0,696,696,150320759,0,0,0,0,0,0,0,0,0
201707,51,181,3,5,Surry County                  ,18,18,2794820,0,0,0,0,0,0,0,0,0,14,14,2197284,0,0,0,0,0,0,0,0,0
201707,51,183,3,5,Sussex County                 ,14,14,1849390,0,0,0,0,0,0,0,0,0,14,14,1849390,0,0,0,0,0,0,0,0,0
201707,51,187,3,5,Warren County                 ,105,105,23038235,0,0,0,0,0,0,0,0,0,105,105,23038235,0,0,0,0,0,0,0,0,0
201707,51,199,3,5,York County                   ,39,39,10727744,2,4,650000,6,23,5706250,4,21,2060000,39,39,10727744,2,4,650000,6,23,5706250,4,21,2060000
201707,51,510,3,5,Alexandria (Independent City) ,118,118,23644675,0,0,0,0,0,0,0,0,0,118,118,23644675,0,0,0,0,0,0,0,0,0
201707,51,540,3,5,Charlottesville (Independent C,53,53,11770924,2,4,381500,0,0,0,7,57,8426210,0,0,0,0,0,0,0,0,0,0,0,0
201707,51,550,3,5,Chesapeake(Independent City)  ,676,676,210641908,4,8,919800,0,0,0,0,0,0,676,676,210641908,4,8,919800,0,0,0,0,0,0
201707,51,570,3,5,Colonial Heights (Independent ,4,4,911428,0,0,0,0,0,0,0,0,0,4,4,911428,0,0,0,0,0,0,0,0,0
201707,51,580,3,5,Covington (Independent City)  ,1,1,75000,0,0,0,0,0,0,0,0,0,1,1,75000,0,0,0,0,0,0,0,0,0
201707,51,600,3,5,Fairfax (Independent City)    ,29,29,4200000,0,0,0,0,0,0,1,30,3600000,29,29,4200000,0,0,0,0,0,0,1,30,3600000
201707,51,610,3,5,Falls Church (Independent City,12,12,6207250,0,0,0,0,0,0,0,0,0,12,12,6207250,0,0,0,0,0,0,0,0,0
201707,51,630,3,5,Fredericksburg(Independent Cit,45,45,8034130,0,0,0,0,0,0,0,0,0,45,45,8034130,0,0,0,0,0,0,0,0,0
201707,51,650,3,5,Hampton (Independent City)    ,106,106,6663139,0,0,0,0,0,0,0,0,0,0,0,0,0,0,0,0,0,0,0,0,0
201707,51,660,3,5,Harrisonburg (Independent City,29,29,5012300,0,0,0,0,0,0,0,0,0,29,29,5012300,0,0,0,0,0,0,0,0,0
201707,51,670,3,5,Hopewell (Independent City)   ,31,31,2729684,0,0,0,0,0,0,0,0,0,26,26,2276500,0,0,0,0,0,0,0,0,0
201707,51,680,3,5,Lynchburg (Independent City)  ,87,87,13075221,0,0,0,0,0,0,2,48,3176000,87,87,13075221,0,0,0,0,0,0,2,48,3176000
201707,51,683,3,5,Manassas (Independent City)   ,86,86,12120651,0,0,0,0,0,0,1,105,2192744,0,0,0,0,0,0,0,0,0,1,105,2192744
201707,51,685,3,5,Manassas Park (Independent Cit,0,0,0,0,0,0,0,0,0,0,0,0,0,0,0,0,0,0,0,0,0,0,0,0
201707,51,700,3,5,Newport News (Independent City,49,49,8788593,1,2,300000,0,0,0,7,232,18860619,39,39,7900444,1,2,300000,0,0,0,6,209,17978660
201707,51,710,3,5,Norfolk (Independent City)    ,270,270,31859132,1,2,90000,0,0,0,1,48,4609120,270,270,31859132,1,2,90000,0,0,0,1,48,4609120
201707,51,730,3,5,Petersburg (Independent City) ,2,2,118750,0,0,0,0,0,0,0,0,0,2,2,118750,0,0,0,0,0,0,0,0,0
201707,51,735,3,5,Poquoson (Independent City)   ,25,25,7477440,0,0,0,1,4,678800,1,6,655588,25,25,7477440,0,0,0,1,4,678800,1,6,655588
201707,51,740,3,5,Portsmouth (Independent City) ,103,103,13382000,0,0,0,0,0,0,0,0,0,103,103,13382000,0,0,0,0,0,0,0,0,0
201707,51,760,3,5,Richmond (Independent City)   ,207,207,40530531,1,2,230406,1,4,550000,7,757,43230134,207,207,40530531,1,2,230406,1,4,550000,7,757,43230134
201707,51,800,3,5,Suffolk (Independent City)    ,288,288,61241148,0,0,0,0,0,0,2,49,1091507,209,209,47964370,0,0,0,0,0,0,0,0,0
201707,51,810,3,5,Virginia Beach (Independent Ci,412,412,87794951,0,0,0,0,0,0,11,596,32499125,412,412,87794951,0,0,0,0,0,0,11,596,32499125
201707,51,830,3,5,Williamsburg (Independent City,23,23,3386185,0,0,0,0,0,0,0,0,0,23,23,3386185,0,0,0,0,0,0,0,0,0
201707,53,005,4,9,Benton County                 ,515,515,154072717,2,4,531002,1,3,406674,4,80,7533969,282,282,79852634,0,0,0,0,0,0,0,0,0
201707,53,011,4,9,Clark County                  ,1366,1366,387093522,15,30,3426649,2,8,1149156,43,1010,66305604,1043,1043,294966772,15,30,3426649,2,8,1149156,34,909,55749978
201707,53,021,4,9,Franklin County               ,306,306,78630453,7,14,2364562,0,0,0,0,0,0,3,3,465748,0,0,0,0,0,0,0,0,0
201707,53,031,4,9,Jefferson County              ,110,110,22346555,0,0,0,0,0,0,0,0,0,87,87,18472031,0,0,0,0,0,0,0,0,0
201707,53,033,4,9,King County                   ,2654,2654,1018590067,106,212,42740046,77,271,50846657,123,5681,800095539,2546,2546,974270109,106,212,42740046,77,271,50846657,121,5598,791293831
201707,53,035,4,9,Kitsap County                 ,588,588,170389801,2,4,679261,1,3,552064,4,59,7969739,588,588,170389801,2,4,679261,1,3,552064,4,59,7969739
201707,53,053,4,9,Pierce County                 ,1729,1729,511086010,14,28,4626949,2,8,1062989,61,1345,162795980,1719,1719,507286370,14,28,4626949,2,8,1062989,61,1345,162795980
201707,53,055,4,9,San Juan County               ,71,71,14656740,0,0,0,1,3,500000,0,0,0,71,71,14656740,0,0,0,1,3,500000,0,0,0
201707,53,059,4,9,Skamania County               ,27,27,7039217,0,0,0,0,0,0,0,0,0,23,23,6191795,0,0,0,0,0,0,0,0,0
201707,53,061,4,9,Snohomish County              ,1551,1551,468769738,12,24,4878519,28,106,21001381,39,410,56052868,1453,1453,441537944,11,22,4433244,28,106,21001381,37,400,54815852
201707,54,011,3,5,Cabell County                 ,35,35,6968499,2,4,487000,1,4,320000,2,13,960594,26,26,4795877,1,2,287000,1,4,320000,1,8,722000
201707,54,015,3,5,Clay County                   ,0,0,0,0,0,0,0,0,0,0,0,0,0,0,0,0,0,0,0,0,0,0,0,0
201707,54,019,3,5,Fayette County                ,14,14,1170623,0,0,0,0,0,0,0,0,0,7,7,392500,0,0,0,0,0,0,0,0,0
201707,54,037,3,5,Jefferson County              ,125,125,32437857,0,0,0,0,0,0,0,0,0,121,121,31835271,0,0,0,0,0,0,0,0,0
201707,54,081,3,5,Raleigh County                ,45,45,9690812,0,0,0,0,0,0,0,0,0,44,44,9547650,0,0,0,0,0,0,0,0,0
201707,55,025,2,3,Dane County                   ,832,832,259399311,21,42,6308621,5,15,1936735,37,1673,229264343,700,700,219959195,14,28,4175581,0,0,0,22,1353,193961460
201707,55,031,2,3,Douglas County                ,49,49,8635015,1,2,350000,0,0,0,0,0,0,49,49,8635015,1,2,350000,0,0,0,0,0,0
201707,55,037,2,3,Florence County               ,15,15,2053400,0,0,0,0,0,0,0,0,0,15,15,2053400,0,0,0,0,0,0,0,0,0
201707,55,049,2,3,Iowa County                   ,49,49,12097104,0,0,0,0,0,0,0,0,0,49,49,12097104,0,0,0,0,0,0,0,0,0
201707,55,059,2,3,Kenosha County                ,109,109,30889074,2,4,600724,0,0,0,0,0,0,104,104,29760662,2,4,600724,0,0,0,0,0,0
201707,55,079,2,3,Milwaukee County              ,65,65,19525654,6,12,2147000,0,0,0,14,880,76835095,59,59,18109939,5,10,1987000,0,0,0,13,799,66184177
201707,55,089,2,3,Ozaukee County                ,119,119,43498199,2,4,406360,0,0,0,4,24,1813333,67,67,19976496,2,4,406360,0,0,0,0,0,0
201707,55,093,2,3,Pierce County                 ,67,67,15939239,1,2,200000,0,0,0,0,0,0,67,67,15939239,1,2,200000,0,0,0,0,0,0
201707,55,109,2,3,St. Croix County              ,266,266,70143572,18,36,4601500,1,3,330000,1,5,875000,256,256,68189115,18,36,4601500,1,3,330000,1,5,875000
201707,55,131,2,3,Washington County             ,214,214,65369472,14,28,3815000,2,6,742500,4,20,1416668,160,160,46745363,14,28,3815000,0,0,0,0,0,0
201707,56,029,4,8,Park County                   ,60,60,14599232,3,6,603000,0,0,0,0,0,0,59,59,14435065,3,6,603000,0,0,0,0,0,0
201707,56,039,4,8,Teton County                  ,89,89,117096605,4,8,2484929,3,11,427163,1,5,1040398,76,76,110758649,0,0,0,0,0,0,0,0,0
