Survey,FIPS,FIPS,Region,Division,County,,1-unit,,,2-units,,,3-4 units,,,5+ units,,,1-unit rep,,,2-units rep,,,3-4 units rep,,, 5+units rep
Date,State,County,Code,Code,Name,Bldgs,Units,Value,Bldgs,Units,Value,Bldgs,Units,Value,Bldgs,Units,Value,Bldgs,Units,Value,Bldgs,Units,Value,Bldgs,Units,Value,Bldgs,Units,Value
 
201705,01,001,3,6,Autauga County                ,97,97,24596457,0,0,0,0,0,0,0,0,0,97,97,24596457,0,0,0,0,0,0,0,0,0
201705,01,007,3,6,Bibb County                   ,4,4,1137726,0,0,0,0,0,0,0,0,0,2,2,490000,0,0,0,0,0,0,0,0,0
201705,01,009,3,6,Blount County                 ,5,5,1776000,0,0,0,0,0,0,0,0,0,5,5,1776000,0,0,0,0,0,0,0,0,0
201705,01,021,3,6,Chilton County                ,19,19,2288500,0,0,0,0,0,0,0,0,0,19,19,2288500,0,0,0,0,0,0,0,0,0
201705,01,073,3,6,Jefferson County              ,622,622,166714813,1,2,107950,1,4,875000,5,54,6461134,582,582,161245565,1,2,107950,1,4,875000,1,6,650080
201705,01,081,3,6,Lee County                    ,451,451,126106571,10,20,2131775,0,0,0,1,14,1892000,451,451,126106571,10,20,2131775,0,0,0,1,14,1892000
201705,01,083,3,6,Limestone County              ,51,51,10652515,0,0,0,0,0,0,0,0,0,50,50,10525086,0,0,0,0,0,0,0,0,0
201705,01,089,3,6,Madison County                ,1071,1071,156497707,0,0,0,0,0,0,1,36,1589076,1070,1070,156371392,0,0,0,0,0,0,1,36,1589076
201705,01,113,3,6,Russell County                ,48,48,7504045,0,0,0,0,0,0,0,0,0,48,48,7504045,0,0,0,0,0,0,0,0,0
201705,01,115,3,6,St. Clair County              ,82,82,15500567,0,0,0,0,0,0,0,0,0,75,75,14033787,0,0,0,0,0,0,0,0,0
201705,01,117,3,6,Shelby County                 ,454,454,103148499,0,0,0,0,0,0,5,38,2010500,216,216,44282864,0,0,0,0,0,0,0,0,0
201705,01,127,3,6,Walker County                 ,5,5,800000,0,0,0,0,0,0,0,0,0,5,5,800000,0,0,0,0,0,0,0,0,0
201705,02,013,4,9,Aleutians East Borough        ,0,0,0,0,0,0,0,0,0,0,0,0,0,0,0,0,0,0,0,0,0,0,0,0
201705,02,016,4,9,Aleutians West Census Area    ,2,2,196236,0,0,0,0,0,0,0,0,0,0,0,0,0,0,0,0,0,0,0,0,0
201705,02,020,4,9,Anchorage Municipality        ,317,317,99261084,0,0,0,5,16,2783833,7,59,9327638,0,0,0,0,0,0,0,0,0,0,0,0
201705,02,050,4,9,Bethel Census Area            ,5,5,1572104,0,0,0,0,0,0,0,0,0,5,5,1572104,0,0,0,0,0,0,0,0,0
201705,02,060,4,9,Bristol Bay Borough           ,0,0,0,0,0,0,0,0,0,0,0,0,0,0,0,0,0,0,0,0,0,0,0,0
201705,02,070,4,9,Dillingham Census Area        ,1,1,291052,0,0,0,0,0,0,0,0,0,1,1,291052,0,0,0,0,0,0,0,0,0
201705,02,090,4,9,Fairbanks North Star Borough  ,2,2,585000,0,0,0,0,0,0,0,0,0,2,2,585000,0,0,0,0,0,0,0,0,0
201705,02,100,4,9,Haines Borough                ,3,3,834404,0,0,0,0,0,0,0,0,0,0,0,0,0,0,0,0,0,0,0,0,0
201705,02,105,4,9,Hoonah-Angoon Census Area     ,0,0,0,0,0,0,0,0,0,0,0,0,0,0,0,0,0,0,0,0,0,0,0,0
201705,02,110,4,9,Juneau City and Borough       ,17,17,3734309,1,2,391732,0,0,0,0,0,0,17,17,3734309,1,2,391732,0,0,0,0,0,0
201705,02,122,4,9,Kenai Peninsula Borough       ,42,42,7074150,1,2,250465,0,0,0,0,0,0,32,32,4913178,0,0,0,0,0,0,0,0,0
201705,02,130,4,9,Ketchikan Gateway Borough     ,8,8,2311722,0,0,0,0,0,0,0,0,0,8,8,2311722,0,0,0,0,0,0,0,0,0
201705,02,150,4,9,Kodiak Island Borough         ,6,6,1695848,3,6,1335593,0,0,0,0,0,0,6,6,1695848,3,6,1335593,0,0,0,0,0,0
201705,02,158,4,9,Kusilvak Census Area          ,0,0,0,0,0,0,0,0,0,0,0,0,0,0,0,0,0,0,0,0,0,0,0,0
201705,02,170,4,9,Matanuska-Susitna Borough     ,13,13,3568529,9,18,2571872,2,8,962608,1,36,3708936,13,13,3568529,9,18,2571872,2,8,962608,1,36,3708936
201705,02,180,4,9,Nome Census Area              ,3,3,387037,0,0,0,0,0,0,0,0,0,0,0,0,0,0,0,0,0,0,0,0,0
201705,02,185,4,9,North Slope Borough           ,2,2,545662,0,0,0,0,0,0,0,0,0,0,0,0,0,0,0,0,0,0,0,0,0
201705,02,188,4,9,Northwest Arctic Borough      ,1,1,525000,0,0,0,0,0,0,0,0,0,0,0,0,0,0,0,0,0,0,0,0,0
201705,02,195,4,9,Petersburg Borough            ,6,6,1270000,0,0,0,0,0,0,0,0,0,6,6,1270000,0,0,0,0,0,0,0,0,0
201705,02,198,4,9,Prince of Wales-Hyder Census A,2,2,547566,2,4,712205,0,0,0,0,0,0,2,2,547566,2,4,712205,0,0,0,0,0,0
201705,02,220,4,9,Sitka City and Borough        ,7,7,2154022,1,2,724270,0,0,0,0,0,0,0,0,0,0,0,0,0,0,0,0,0,0
201705,02,230,4,9,Skagway Municipality          ,3,3,752500,0,0,0,0,0,0,0,0,0,1,1,263500,0,0,0,0,0,0,0,0,0
201705,02,261,4,9,Valdez-Cordova Census Area    ,14,14,8624980,0,0,0,0,0,0,0,0,0,14,14,8624980,0,0,0,0,0,0,0,0,0
201705,02,275,4,9,Wrangell City and Borough     ,1,1,300000,0,0,0,0,0,0,0,0,0,1,1,300000,0,0,0,0,0,0,0,0,0
201705,02,282,4,9,Yakutat City and Borough      ,1,1,20000,0,0,0,0,0,0,0,0,0,1,1,20000,0,0,0,0,0,0,0,0,0
201705,02,290,4,9,Yukon-Koyukuk Census Area     ,0,0,0,0,0,0,0,0,0,0,0,0,0,0,0,0,0,0,0,0,0,0,0,0
201705,04,013,4,8,Maricopa County               ,7360,7360,2005469741,9,18,4190808,30,117,22281104,132,3254,470029411,7343,7343,1999644479,9,18,4190808,30,117,22281104,132,3254,470029411
201705,04,019,4,8,Pima County                   ,1072,1072,306226581,3,6,1038990,0,0,0,9,83,12748183,494,494,137131129,0,0,0,0,0,0,4,32,4653344
201705,04,021,4,8,Pinal County                  ,1309,1309,258622172,25,50,2942110,1,4,420000,0,0,0,1159,1159,235333331,22,44,2493866,1,4,420000,0,0,0
201705,05,013,3,7,Calhoun County                ,0,0,0,0,0,0,0,0,0,0,0,0,0,0,0,0,0,0,0,0,0,0,0,0
201705,05,035,3,7,Crittenden County             ,17,17,3582383,0,0,0,0,0,0,0,0,0,13,13,2851000,0,0,0,0,0,0,0,0,0
201705,05,045,3,7,Faulkner County               ,98,98,21903971,2,4,295889,0,0,0,2,77,1812500,75,75,16647687,1,2,143000,0,0,0,1,72,1625000
201705,05,053,3,7,Grant County                  ,6,6,820977,0,0,0,0,0,0,0,0,0,0,0,0,0,0,0,0,0,0,0,0,0
201705,05,085,3,7,Lonoke County                 ,156,156,15022986,2,4,202000,4,12,606100,0,0,0,73,73,7394750,2,4,202000,4,12,606100,0,0,0
201705,05,087,3,7,Madison County                ,1,1,60000,0,0,0,0,0,0,0,0,0,1,1,60000,0,0,0,0,0,0,0,0,0
201705,05,091,3,7,Miller County                 ,10,10,2825370,0,0,0,0,0,0,0,0,0,10,10,2825370,0,0,0,0,0,0,0,0,0
201705,05,105,3,7,Perry County                  ,7,7,1698000,0,0,0,0,0,0,0,0,0,7,7,1698000,0,0,0,0,0,0,0,0,0
201705,05,119,3,7,Pulaski County                ,342,342,77611230,24,48,4617100,0,0,0,3,334,25000000,319,319,73999188,24,48,4617100,0,0,0,3,334,25000000
201705,05,129,3,7,Searcy County                 ,0,0,0,0,0,0,0,0,0,0,0,0,0,0,0,0,0,0,0,0,0,0,0,0
201705,05,143,3,7,Washington County             ,573,573,134347722,1,2,357000,0,0,0,0,0,0,526,526,128471728,1,2,357000,0,0,0,0,0,0
201705,06,001,4,9,Alameda County                ,1059,1059,353079799,10,20,5898717,14,51,11781538,70,1799,298075439,969,969,325498677,10,20,5898717,13,48,10924827,58,1690,275714027
201705,06,013,4,9,Contra Costa County           ,641,641,214474021,3,6,1012500,9,31,5955665,6,190,37687908,606,606,205385374,3,6,1012500,9,31,5955665,2,128,29255234
201705,06,017,4,9,El Dorado County              ,356,356,139576250,1,2,150000,0,0,0,0,0,0,356,356,139576250,1,2,150000,0,0,0,0,0,0
201705,06,019,4,9,Fresno County                 ,452,452,128499881,1,2,351864,0,0,0,11,134,13184716,423,423,123675408,0,0,0,0,0,0,11,134,13184716
201705,06,037,4,9,Los Angeles County            ,2555,2555,1073876030,189,378,75779426,12,39,7033707,138,6132,1208530549,2345,2345,984218534,186,372,74677913,9,30,6219421,117,5812,1159133677
201705,06,041,4,9,Marin County                  ,42,42,28257500,0,0,0,0,0,0,0,0,0,34,34,21601892,0,0,0,0,0,0,0,0,0
201705,06,059,4,9,Orange County                 ,2022,2022,640549023,35,70,18776043,57,185,39133315,45,1546,246588260,1825,1825,565525515,27,54,13442614,57,185,39133315,41,1483,240558043
201705,06,061,4,9,Placer County                 ,1119,1119,334097168,9,18,2575375,0,0,0,0,0,0,1113,1113,332135744,9,18,2575375,0,0,0,0,0,0
201705,06,063,4,9,Plumas County                 ,11,11,2739757,0,0,0,0,0,0,0,0,0,11,11,2739757,0,0,0,0,0,0,0,0,0
201705,06,067,4,9,Sacramento County             ,1191,1191,325250684,7,14,2024822,0,0,0,30,795,110897170,1182,1182,323130414,7,14,2024822,0,0,0,30,795,110897170
201705,06,069,4,9,San Benito County             ,233,233,58568792,1,2,323509,0,0,0,0,0,0,221,221,55350085,1,2,323509,0,0,0,0,0,0
201705,06,071,4,9,San Bernardino County         ,1821,1821,460326105,4,8,1420000,3,11,1723083,47,1311,151995284,1766,1766,446920953,4,8,1420000,3,11,1723083,46,1306,151210477
201705,06,073,4,9,San Diego County              ,1218,1218,428025623,24,48,10122012,55,189,28804006,81,1266,247922517,1159,1159,415974202,24,48,10122012,55,189,28804006,78,1245,238570343
201705,06,075,4,9,San Francisco County          ,18,18,4926590,8,16,4075554,2,7,3300000,16,1201,619605000,18,18,4926590,8,16,4075554,2,7,3300000,16,1201,619605000
201705,06,081,4,9,San Mateo County              ,187,187,143941579,4,8,1712060,1,3,627840,17,457,77541801,101,101,97338926,3,6,1062060,0,0,0,4,275,49535866
201705,06,085,4,9,Santa Clara County            ,718,718,255744752,0,0,0,8,25,6146159,72,1396,324158995,700,700,246032069,0,0,0,7,21,5109693,71,1367,319778846
201705,06,091,4,9,Sierra County                 ,1,1,156280,0,0,0,0,0,0,0,0,0,1,1,156280,0,0,0,0,0,0,0,0,0
201705,06,113,4,9,Yolo County                   ,183,183,53473980,5,10,1679204,0,0,0,2,70,9400000,183,183,53473980,5,10,1679204,0,0,0,2,70,9400000
201705,08,001,4,8,Adams County                  ,771,771,230494371,4,8,874413,8,31,3114903,2,47,6089980,716,716,213177757,4,8,874413,7,28,2816028,0,0,0
201705,08,005,4,8,Arapahoe County               ,1040,1040,244566511,12,24,2228901,4,13,1650200,5,123,16495019,999,999,233712945,12,24,2228901,4,13,1650200,5,123,16495019
201705,08,014,4,8,Broomfield County             ,177,177,52603278,0,0,0,0,0,0,0,0,0,177,177,52603278,0,0,0,0,0,0,0,0,0
201705,08,015,4,8,Chaffee County                ,52,52,13781591,2,4,647924,1,3,549700,0,0,0,0,0,0,0,0,0,0,0,0,0,0,0
201705,08,019,4,8,Clear Creek County            ,4,4,1567815,0,0,0,0,0,0,1,10,1454170,4,4,1567815,0,0,0,0,0,0,1,10,1454170
201705,08,031,4,8,Denver County                 ,854,854,215363314,30,60,12619284,0,0,0,31,4036,506400272,854,854,215363314,30,60,12619284,0,0,0,31,4036,506400272
201705,08,035,4,8,Douglas County                ,883,883,277927820,0,0,0,0,0,0,39,494,64093104,849,849,264289951,0,0,0,0,0,0,39,494,64093104
201705,08,039,4,8,Elbert County                 ,67,67,20994517,0,0,0,0,0,0,0,0,0,67,67,20994517,0,0,0,0,0,0,0,0,0
201705,08,041,4,8,El Paso County                ,1551,1551,620655954,0,0,0,1,3,200000,15,292,40844020,1549,1549,620271668,0,0,0,1,3,200000,15,292,40844020
201705,08,047,4,8,Gilpin County                 ,9,9,2638758,0,0,0,0,0,0,0,0,0,9,9,2638758,0,0,0,0,0,0,0,0,0
201705,08,069,4,8,Larimer County                ,1035,1035,245163385,7,14,1832523,1,4,997798,13,113,13988579,1035,1035,245163385,7,14,1832523,1,4,997798,13,113,13988579
201705,08,077,4,8,Mesa County                   ,268,268,69529866,5,10,1652964,1,4,555397,1,72,10204992,268,268,69529866,5,10,1652964,1,4,555397,1,72,10204992
201705,08,093,4,8,Park County                   ,49,49,10577414,0,0,0,0,0,0,0,0,0,48,48,10372068,0,0,0,0,0,0,0,0,0
201705,08,101,4,8,Pueblo County                 ,141,141,24401254,2,4,571129,0,0,0,1,5,706613,96,96,16627916,1,2,319017,0,0,0,0,0,0
201705,08,119,4,8,Teller County                 ,28,28,7945575,0,0,0,0,0,0,0,0,0,28,28,7945575,0,0,0,0,0,0,0,0,0
201705,09,001,1,1,Fairfield County              ,270,270,158191634,9,18,3280365,1,3,250000,7,206,32987283,190,190,89208311,8,16,3153165,1,3,250000,2,176,29165521
201705,09,003,1,1,Hartford County               ,167,167,35842180,5,10,1328580,2,7,654490,9,58,4246044,140,140,30978073,5,10,1328580,1,4,320002,3,28,2600000
201705,09,007,1,1,Middlesex County              ,61,61,16128137,1,2,350000,0,0,0,5,92,7866398,58,58,15178181,0,0,0,0,0,0,4,73,5966482
201705,09,013,1,1,Tolland County                ,60,60,13092758,3,6,582000,0,0,0,7,63,5765374,42,42,9278205,3,6,582000,0,0,0,2,32,2400000
201705,10,001,3,5,Kent County                   ,452,452,70833474,3,6,628457,0,0,0,7,95,5247579,446,446,69948946,3,6,628457,0,0,0,7,95,5247579
201705,10,003,3,5,New Castle County             ,584,584,53407640,1,2,85000,1,3,552330,20,324,15772981,272,272,27014589,1,2,85000,1,3,552330,11,242,11004602
201705,10,005,3,5,Sussex County                 ,1012,1012,143190853,40,80,8173348,7,22,3224202,14,78,5694006,1012,1012,143190853,40,80,8173348,7,22,3224202,14,78,5694006
201705,11,001,3,5,Washington  DC                ,180,180,41101610,10,20,2141554,1,4,488242,19,1165,119165498,145,145,33157855,9,18,1925543,1,4,488242,17,884,91165459
201705,12,003,3,5,Baker County                  ,28,28,5854109,0,0,0,0,0,0,0,0,0,28,28,5854109,0,0,0,0,0,0,0,0,0
201705,12,019,3,5,Clay County                   ,419,419,82086750,0,0,0,1,3,530000,2,64,4332000,404,404,78678169,0,0,0,1,3,530000,2,64,4332000
201705,12,029,3,5,Dixie County                  ,13,13,1642204,0,0,0,0,0,0,0,0,0,0,0,0,0,0,0,0,0,0,0,0,0
201705,12,031,3,5,Duval County                  ,1282,1282,309374513,6,12,1288483,0,0,0,24,913,93921053,1235,1235,294884201,6,12,1288483,0,0,0,24,913,93921053
201705,12,033,3,5,Escambia County               ,430,430,98521009,0,0,0,0,0,0,1,5,910000,430,430,98521009,0,0,0,0,0,0,1,5,910000
201705,12,053,3,5,Hernando County               ,348,348,66729232,0,0,0,0,0,0,3,104,8196395,348,348,66729232,0,0,0,0,0,0,3,104,8196395
201705,12,057,3,5,Hillsborough County           ,3204,3204,1012306898,4,8,770273,0,0,0,39,2308,250299378,3204,3204,1012306898,4,8,770273,0,0,0,39,2308,250299378
201705,12,067,3,5,Lafayette County              ,2,2,359324,0,0,0,0,0,0,0,0,0,1,1,180000,0,0,0,0,0,0,0,0,0
201705,12,071,3,5,Lee County                    ,1886,1886,454175489,64,128,15998850,19,75,13508572,43,839,98848396,1886,1886,454175489,64,128,15998850,19,75,13508572,43,839,98848396
201705,12,073,3,5,Leon County                   ,272,272,53987885,1,2,340000,1,3,525000,7,127,9724397,0,0,0,0,0,0,0,0,0,0,0,0
201705,12,081,3,5,Manatee County                ,1225,1225,266368598,2,4,476500,10,40,4976240,12,209,23456912,1218,1218,263312274,2,4,476500,10,40,4976240,12,209,23456912
201705,12,086,3,5,Miami-Dade County             ,1170,1170,375013734,41,82,13913509,3,9,1017954,56,4144,854068520,1095,1095,335614568,41,82,13913509,2,6,735962,49,4096,809977224
201705,12,089,3,5,Nassau County                 ,438,438,121829991,0,0,0,0,0,0,0,0,0,437,437,121758816,0,0,0,0,0,0,0,0,0
201705,12,091,3,5,Okaloosa County               ,351,351,108706164,1,2,411880,0,0,0,5,288,31811710,335,335,106261291,1,2,411880,0,0,0,5,288,31811710
201705,12,095,3,5,Orange County                 ,2751,2751,742835636,31,62,12488600,13,39,7018430,20,739,110867757,2704,2704,720352225,31,62,12488600,13,39,7018430,18,709,106703956
201705,12,097,3,5,Osceola County                ,1618,1618,451384840,4,8,304127,4,16,2579794,12,391,19045672,1618,1618,451384840,4,8,304127,4,16,2579794,12,391,19045672
201705,12,101,3,5,Pasco County                  ,1641,1641,331321428,6,12,1383859,0,0,0,7,41,1604070,1638,1638,331037274,3,6,543859,0,0,0,6,36,1172820
201705,12,103,3,5,Pinellas County               ,410,410,100295028,6,12,1348801,3,10,1883861,15,592,56470379,366,366,87536639,6,12,1348801,3,10,1883861,9,468,46718963
201705,12,109,3,5,St. Johns County              ,1823,1823,461575873,0,0,0,7,28,5310765,1,6,1143641,1813,1813,458983581,0,0,0,7,28,5310765,1,6,1143641
201705,12,113,3,5,Santa Rosa County             ,626,626,101608179,0,0,0,0,0,0,0,0,0,626,626,101608179,0,0,0,0,0,0,0,0,0
201705,12,115,3,5,Sarasota County               ,1253,1253,362864431,8,16,3262564,6,24,6105791,23,505,71005020,1238,1238,353613416,8,16,3262564,6,24,6105791,22,485,67832274
201705,12,117,3,5,Seminole County               ,433,433,144298182,13,26,1495678,0,0,0,19,346,48715149,433,433,144298182,13,26,1495678,0,0,0,19,346,48715149
201705,12,119,3,5,Sumter County                 ,603,603,160932218,0,0,0,0,0,0,0,0,0,603,603,160932218,0,0,0,0,0,0,0,0,0
201705,12,129,3,5,Wakulla County                ,99,99,14968238,0,0,0,0,0,0,0,0,0,99,99,14968238,0,0,0,0,0,0,0,0,0
201705,12,131,3,5,Walton County                 ,538,538,256626973,0,0,0,26,79,13898487,1,14,13164621,538,538,256626973,0,0,0,26,79,13898487,1,14,13164621
201705,12,133,3,5,Washington County             ,18,18,2229134,0,0,0,0,0,0,0,0,0,9,9,872205,0,0,0,0,0,0,0,0,0
201705,13,007,3,5,Baker County                  ,0,0,0,0,0,0,0,0,0,0,0,0,0,0,0,0,0,0,0,0,0,0,0,0
201705,13,013,3,5,Barrow County                 ,183,183,25641484,0,0,0,0,0,0,0,0,0,95,95,13779202,0,0,0,0,0,0,0,0,0
201705,13,015,3,5,Bartow County                 ,230,230,29890144,1,2,144000,0,0,0,0,0,0,165,165,17031269,1,2,144000,0,0,0,0,0,0
201705,13,021,3,5,Bibb County                   ,42,42,7152801,0,0,0,0,0,0,0,0,0,42,42,7152801,0,0,0,0,0,0,0,0,0
201705,13,029,3,5,Bryan County                  ,229,229,49999256,0,0,0,0,0,0,0,0,0,159,159,34805014,0,0,0,0,0,0,0,0,0
201705,13,033,3,5,Burke County                  ,22,22,3876462,0,0,0,0,0,0,0,0,0,0,0,0,0,0,0,0,0,0,0,0,0
201705,13,035,3,5,Butts County                  ,29,29,4610000,0,0,0,0,0,0,0,0,0,29,29,4610000,0,0,0,0,0,0,0,0,0
201705,13,045,3,5,Carroll County                ,102,102,23076674,0,0,0,0,0,0,0,0,0,102,102,23076674,0,0,0,0,0,0,0,0,0
201705,13,051,3,5,Chatham County                ,402,402,88484356,0,0,0,0,0,0,1,11,876786,391,391,86940100,0,0,0,0,0,0,0,0,0
201705,13,057,3,5,Cherokee County               ,1056,1056,297037669,0,0,0,0,0,0,0,0,0,1056,1056,297037669,0,0,0,0,0,0,0,0,0
201705,13,059,3,5,Clarke County                 ,85,85,14215796,0,0,0,0,0,0,5,108,8299348,85,85,14215796,0,0,0,0,0,0,5,108,8299348
201705,13,063,3,5,Clayton County                ,239,239,54793296,0,0,0,0,0,0,0,0,0,239,239,54793296,0,0,0,0,0,0,0,0,0
201705,13,067,3,5,Cobb County                   ,659,659,183774678,4,8,1401806,8,30,5956426,46,280,33714566,650,650,182056636,4,8,1401806,8,30,5956426,46,280,33714566
201705,13,073,3,5,Columbia County               ,665,665,115967932,0,0,0,8,32,1722400,6,32,1797600,69,69,10624877,0,0,0,8,32,1722400,6,32,1797600
201705,13,077,3,5,Coweta County                 ,378,378,124038170,2,4,1066814,0,0,0,0,0,0,365,365,120836359,2,4,1066814,0,0,0,0,0,0
201705,13,085,3,5,Dawson County                 ,123,123,25198290,0,0,0,0,0,0,0,0,0,119,119,24811057,0,0,0,0,0,0,0,0,0
201705,13,095,3,5,Dougherty County              ,14,14,1872969,0,0,0,0,0,0,0,0,0,14,14,1872969,0,0,0,0,0,0,0,0,0
201705,13,097,3,5,Douglas County                ,159,159,29354169,0,0,0,0,0,0,0,0,0,159,159,29354169,0,0,0,0,0,0,0,0,0
201705,13,111,3,5,Fannin County                 ,113,113,22725123,0,0,0,0,0,0,0,0,0,113,113,22725123,0,0,0,0,0,0,0,0,0
201705,13,113,3,5,Fayette County                ,198,198,58678739,0,0,0,0,0,0,0,0,0,189,189,55632032,0,0,0,0,0,0,0,0,0
201705,13,115,3,5,Floyd County                  ,74,74,11729692,0,0,0,0,0,0,0,0,0,74,74,11729692,0,0,0,0,0,0,0,0,0
201705,13,117,3,5,Forsyth County                ,1069,1069,152053654,0,0,0,0,0,0,2,48,2253540,1069,1069,152053654,0,0,0,0,0,0,2,48,2253540
201705,13,121,3,5,Fulton County                 ,1486,1486,397760974,0,0,0,0,0,0,13,2685,369195837,1332,1332,362421719,0,0,0,0,0,0,12,2680,369173606
201705,13,127,3,5,Glynn County                  ,232,232,64816633,0,0,0,0,0,0,0,0,0,0,0,0,0,0,0,0,0,0,0,0,0
201705,13,135,3,5,Gwinnett County               ,1661,1661,381890392,0,0,0,0,0,0,1,6,858210,1638,1638,375282582,0,0,0,0,0,0,1,6,858210
201705,13,143,3,5,Haralson County               ,22,22,5062920,0,0,0,0,0,0,0,0,0,15,15,3468689,0,0,0,0,0,0,0,0,0
201705,13,145,3,5,Harris County                 ,67,67,16646135,0,0,0,0,0,0,0,0,0,67,67,16646135,0,0,0,0,0,0,0,0,0
201705,13,149,3,5,Heard County                  ,8,8,1823555,0,0,0,0,0,0,0,0,0,8,8,1823555,0,0,0,0,0,0,0,0,0
201705,13,151,3,5,Henry County                  ,688,688,124666851,0,0,0,0,0,0,0,0,0,688,688,124666851,0,0,0,0,0,0,0,0,0
201705,13,159,3,5,Jasper County                 ,28,28,3751272,0,0,0,0,0,0,0,0,0,0,0,0,0,0,0,0,0,0,0,0,0
201705,13,171,3,5,Lamar County                  ,16,16,2007913,0,0,0,0,0,0,0,0,0,16,16,2007913,0,0,0,0,0,0,0,0,0
201705,13,177,3,5,Lee County                    ,47,47,7151278,0,0,0,0,0,0,0,0,0,47,47,7151278,0,0,0,0,0,0,0,0,0
201705,13,179,3,5,Liberty County                ,142,142,34148946,1,2,109120,2,8,323600,7,52,2166680,142,142,34148946,1,2,109120,2,8,323600,7,52,2166680
201705,13,189,3,5,McDuffie County               ,15,15,2877957,0,0,0,0,0,0,0,0,0,13,13,2593000,0,0,0,0,0,0,0,0,0
201705,13,199,3,5,Meriwether County             ,11,11,2533538,0,0,0,0,0,0,0,0,0,11,11,2533538,0,0,0,0,0,0,0,0,0
201705,13,201,3,5,Miller County                 ,4,4,190000,0,0,0,0,0,0,0,0,0,4,4,190000,0,0,0,0,0,0,0,0,0
201705,13,207,3,5,Monroe County                 ,58,58,12205500,0,0,0,0,0,0,0,0,0,58,58,12205500,0,0,0,0,0,0,0,0,0
201705,13,215,3,5,Muscogee County               ,140,140,27924143,0,0,0,1,3,184640,5,76,8891373,0,0,0,0,0,0,0,0,0,0,0,0
201705,13,217,3,5,Newton County                 ,234,234,53499255,0,0,0,0,0,0,0,0,0,234,234,53499255,0,0,0,0,0,0,0,0,0
201705,13,227,3,5,Pickens County                ,56,56,12372388,0,0,0,0,0,0,0,0,0,42,42,9014000,0,0,0,0,0,0,0,0,0
201705,13,231,3,5,Pike County                   ,29,29,5986000,0,0,0,0,0,0,0,0,0,29,29,5986000,0,0,0,0,0,0,0,0,0
201705,13,235,3,5,Pulaski County                ,9,9,979000,0,0,0,0,0,0,0,0,0,9,9,979000,0,0,0,0,0,0,0,0,0
201705,13,245,3,5,Richmond County               ,190,190,33325594,1,2,180000,0,0,0,5,97,4153491,9,9,1360000,0,0,0,0,0,0,0,0,0
201705,13,247,3,5,Rockdale County               ,106,106,24543927,0,0,0,0,0,0,0,0,0,106,106,24543927,0,0,0,0,0,0,0,0,0
201705,13,255,3,5,Spalding County               ,115,115,14000161,0,0,0,0,0,0,0,0,0,114,114,13921711,0,0,0,0,0,0,0,0,0
201705,13,275,3,5,Thomas County                 ,30,30,5128259,0,0,0,0,0,0,0,0,0,30,30,5128259,0,0,0,0,0,0,0,0,0
201705,13,291,3,5,Union County                  ,78,78,20097668,0,0,0,0,0,0,0,0,0,78,78,20097668,0,0,0,0,0,0,0,0,0
201705,15,001,4,9,Hawaii County                 ,330,330,113372703,3,6,460320,0,0,0,10,80,10260000,330,330,113372703,3,6,460320,0,0,0,10,80,10260000
201705,15,003,4,9,Honolulu County               ,445,445,131299771,0,0,0,0,0,0,0,0,0,445,445,131299771,0,0,0,0,0,0,0,0,0
201705,15,007,4,9,Kauai County                  ,89,89,42893767,3,6,2642159,0,0,0,0,0,0,89,89,42893767,3,6,2642159,0,0,0,0,0,0
201705,15,009,4,9,Maui County                   ,216,216,70603095,2,4,979147,2,8,1895238,24,204,31766322,216,216,70603095,2,4,979147,2,8,1895238,24,204,31766322
201705,16,001,4,8,Ada County                    ,1673,1673,434375798,5,10,1980997,38,152,11854668,19,288,34424555,1620,1620,423501498,5,10,1980997,38,152,11854668,19,288,34424555
201705,16,015,4,8,Boise County                  ,15,15,2613264,0,0,0,0,0,0,0,0,0,15,15,2613264,0,0,0,0,0,0,0,0,0
201705,16,027,4,8,Canyon County                 ,609,609,100201905,1,2,102253,11,44,2897000,4,48,3595000,608,608,99904405,1,2,102253,11,44,2897000,4,48,3595000
201705,16,045,4,8,Gem County                    ,23,23,3276680,0,0,0,0,0,0,2,10,596872,19,19,2803600,0,0,0,0,0,0,0,0,0
201705,16,073,4,8,Owyhee County                 ,8,8,1484482,0,0,0,0,0,0,0,0,0,7,7,1325499,0,0,0,0,0,0,0,0,0
201705,17,005,2,3,Bond County                   ,4,4,833624,0,0,0,0,0,0,0,0,0,1,1,305000,0,0,0,0,0,0,0,0,0
201705,17,013,2,3,Calhoun County                ,4,4,595000,0,0,0,0,0,0,0,0,0,4,4,595000,0,0,0,0,0,0,0,0,0
201705,17,031,2,3,Cook County                   ,614,614,207823035,15,30,5204814,67,222,50272454,76,3493,376661137,506,506,172976771,15,30,5204814,65,216,49377370,72,3468,373084597
201705,17,037,2,3,DeKalb County                 ,32,32,6572300,0,0,0,1,4,658000,0,0,0,32,32,6572300,0,0,0,1,4,658000,0,0,0
201705,17,039,2,3,De Witt County                ,8,8,1639704,0,0,0,0,0,0,0,0,0,8,8,1639704,0,0,0,0,0,0,0,0,0
201705,17,043,2,3,DuPage County                 ,395,395,145461350,9,18,2605489,6,21,3202836,9,114,39549413,372,372,136166321,8,16,2264858,6,21,3202836,7,71,38529466
201705,17,063,2,3,Grundy County                 ,34,34,8248623,0,0,0,0,0,0,7,48,2461536,27,27,7019704,0,0,0,0,0,0,0,0,0
201705,17,083,2,3,Jersey County                 ,12,12,1867001,0,0,0,0,0,0,0,0,0,6,6,933347,0,0,0,0,0,0,0,0,0
201705,17,093,2,3,Kendall County                ,89,89,19852851,0,0,0,0,0,0,0,0,0,71,71,16077062,0,0,0,0,0,0,0,0,0
201705,17,097,2,3,Lake County                   ,223,223,79007849,2,4,166666,1,3,271117,4,27,7166592,119,119,34147864,0,0,0,1,3,271117,0,0,0
201705,17,111,2,3,McHenry County                ,121,121,23854571,1,2,300000,6,21,2290000,0,0,0,100,100,21694959,1,2,300000,6,21,2290000,0,0,0
201705,17,119,2,3,Madison County                ,172,172,42808726,1,2,240000,0,0,0,2,10,1347540,156,156,39155392,1,2,240000,0,0,0,0,0,0
201705,17,133,2,3,Monroe County                 ,65,65,17036182,0,0,0,0,0,0,0,0,0,60,60,15854887,0,0,0,0,0,0,0,0,0
201705,17,197,2,3,Will County                   ,456,456,115878504,2,4,512000,1,4,140000,2,10,2031250,372,372,99411527,2,4,512000,1,4,140000,0,0,0
201705,18,003,2,3,Allen County                  ,425,425,107758666,13,26,2079416,0,0,0,1,120,18400000,425,425,107758666,13,26,2079416,0,0,0,1,120,18400000
201705,18,011,2,3,Boone County                  ,146,146,53624861,18,36,12256800,0,0,0,7,68,10219000,146,146,53624861,18,36,12256800,0,0,0,7,68,10219000
201705,18,013,2,3,Brown County                  ,26,26,6385890,0,0,0,0,0,0,0,0,0,26,26,6385890,0,0,0,0,0,0,0,0,0
201705,18,019,2,3,Clark County                  ,220,220,45120441,0,0,0,0,0,0,0,0,0,205,205,43026373,0,0,0,0,0,0,0,0,0
201705,18,047,2,3,Franklin County               ,23,23,5299000,0,0,0,0,0,0,0,0,0,23,23,5299000,0,0,0,0,0,0,0,0,0
201705,18,057,2,3,Hamilton County               ,806,806,266730833,1,2,370000,0,0,0,8,66,3978210,806,806,266730833,1,2,370000,0,0,0,8,66,3978210
201705,18,059,2,3,Hancock County                ,188,188,39858109,1,2,50000,0,0,0,0,0,0,188,188,39858109,1,2,50000,0,0,0,0,0,0
201705,18,061,2,3,Harrison County               ,55,55,10665400,0,0,0,0,0,0,0,0,0,55,55,10665400,0,0,0,0,0,0,0,0,0
201705,18,063,2,3,Hendricks County              ,527,527,106757997,1,2,137273,0,0,0,0,0,0,500,500,101055093,0,0,0,0,0,0,0,0,0
201705,18,069,2,3,Huntington County             ,20,20,3912653,0,0,0,0,0,0,1,6,150000,20,20,3912653,0,0,0,0,0,0,1,6,150000
201705,18,073,2,3,Jasper County                 ,33,33,8108102,0,0,0,0,0,0,0,0,0,33,33,8108102,0,0,0,0,0,0,0,0,0
201705,18,081,2,3,Johnson County                ,348,348,83925145,1,2,587000,1,3,325270,0,0,0,315,315,78699537,1,2,587000,1,3,325270,0,0,0
201705,18,087,2,3,Lagrange County               ,54,54,9721928,0,0,0,0,0,0,0,0,0,50,50,9230949,0,0,0,0,0,0,0,0,0
201705,18,089,2,3,Lake County                   ,494,494,112770673,4,8,639800,4,13,2214428,1,9,1229000,468,468,107905911,4,8,639800,3,9,1746000,1,9,1229000
201705,18,097,2,3,Marion County                 ,390,390,98555106,2,4,942296,1,3,650000,4,476,81000000,380,380,96668921,2,4,942296,1,3,650000,4,476,81000000
201705,18,105,2,3,Monroe County                 ,108,108,27536105,11,22,2602364,0,0,0,3,220,25470486,93,93,23872171,11,22,2602364,0,0,0,2,212,24607878
201705,18,109,2,3,Morgan County                 ,54,54,12596594,0,0,0,0,0,0,0,0,0,54,54,12596594,0,0,0,0,0,0,0,0,0
201705,18,111,2,3,Newton County                 ,7,7,1348235,0,0,0,0,0,0,0,0,0,0,0,0,0,0,0,0,0,0,0,0,0
201705,18,115,2,3,Ohio County                   ,6,6,748000,0,0,0,0,0,0,0,0,0,6,6,748000,0,0,0,0,0,0,0,0,0
201705,18,119,2,3,Owen County                   ,22,22,4055007,0,0,0,0,0,0,0,0,0,22,22,4055007,0,0,0,0,0,0,0,0,0
201705,18,127,2,3,Porter County                 ,199,199,54116428,2,4,435000,0,0,0,8,119,13463278,174,174,50069989,2,4,435000,0,0,0,8,119,13463278
201705,18,133,2,3,Putnam County                 ,31,31,7097146,3,6,520000,0,0,0,0,0,0,31,31,7097146,3,6,520000,0,0,0,0,0,0
201705,18,145,2,3,Shelby County                 ,22,22,4360500,0,0,0,0,0,0,8,64,3008216,22,22,4360500,0,0,0,0,0,0,8,64,3008216
201705,18,151,2,3,Steuben County                ,50,50,12632196,3,6,720000,0,0,0,0,0,0,50,50,12632196,3,6,720000,0,0,0,0,0,0
201705,18,157,2,3,Tippecanoe County             ,192,192,44355837,5,10,1800000,0,0,0,2,362,48600000,42,42,10457269,0,0,0,0,0,0,2,362,48600000
201705,18,163,2,3,Vanderburgh County            ,126,126,24107420,3,6,355000,0,0,0,0,0,0,126,126,24107420,3,6,355000,0,0,0,0,0,0
201705,18,167,2,3,Vigo County                   ,12,12,1774000,8,16,872000,0,0,0,1,48,2200000,12,12,1774000,8,16,872000,0,0,0,1,48,2200000
201705,18,175,2,3,Washington County             ,15,15,2221833,0,0,0,0,0,0,0,0,0,0,0,0,0,0,0,0,0,0,0,0,0
201705,18,183,2,3,Whitley County                ,58,58,13344144,0,0,0,0,0,0,0,0,0,58,58,13344144,0,0,0,0,0,0,0,0,0
201705,19,049,2,4,Dallas County                 ,290,290,77337455,2,4,628362,0,0,0,13,302,42747243,290,290,77337455,2,4,628362,0,0,0,9,282,40905139
201705,19,085,2,4,Harrison County               ,16,16,3370000,1,2,126000,1,3,500000,0,0,0,14,14,3350000,1,2,126000,0,0,0,0,0,0
201705,19,129,2,4,Mills County                  ,3,3,827333,0,0,0,0,0,0,0,0,0,0,0,0,0,0,0,0,0,0,0,0,0
201705,19,153,2,4,Polk County                   ,1052,1052,264458521,2,4,791934,0,0,0,17,707,84662975,1052,1052,264458521,2,4,791934,0,0,0,17,707,84662975
201705,19,181,2,4,Warren County                 ,152,152,38727595,3,6,819800,1,3,375900,0,0,0,144,144,36757928,3,6,819800,1,3,375900,0,0,0
201705,20,091,2,4,Johnson County                ,828,828,265682483,1,2,335927,10,39,5932667,31,539,69125053,553,553,174247036,0,0,0,9,36,5525000,24,432,55913892
201705,20,103,2,4,Leavenworth County            ,100,100,20096011,0,0,0,0,0,0,0,0,0,100,100,20096011,0,0,0,0,0,0,0,0,0
201705,20,107,2,4,Linn County                   ,21,21,1968088,0,0,0,0,0,0,0,0,0,20,20,1830900,0,0,0,0,0,0,0,0,0
201705,20,121,2,4,Miami County                  ,45,45,10974618,0,0,0,0,0,0,0,0,0,14,14,2226190,0,0,0,0,0,0,0,0,0
201705,20,209,2,4,Wyandotte County              ,186,186,27955687,13,26,2563778,0,0,0,0,0,0,186,186,27955687,13,26,2563778,0,0,0,0,0,0
201705,21,005,3,6,Anderson County               ,31,31,6718293,0,0,0,0,0,0,0,0,0,31,31,6718293,0,0,0,0,0,0,0,0,0
201705,21,015,3,6,Boone County                  ,162,162,28081630,4,8,468000,1,4,525975,7,74,5301386,162,162,28081630,4,8,468000,1,4,525975,7,74,5301386
201705,21,017,3,6,Bourbon County                ,18,18,5277943,2,4,185000,0,0,0,0,0,0,18,18,5277943,2,4,185000,0,0,0,0,0,0
201705,21,021,3,6,Boyle County                  ,14,14,2742226,2,4,350000,0,0,0,0,0,0,14,14,2742226,2,4,350000,0,0,0,0,0,0
201705,21,029,3,6,Bullitt County                ,183,183,38844109,1,2,320000,1,3,700000,0,0,0,183,183,38844109,1,2,320000,1,3,700000,0,0,0
201705,21,035,3,6,Calloway County               ,9,9,1996255,3,6,415000,10,36,1681000,2,13,1195000,9,9,1996255,3,6,415000,10,36,1681000,2,13,1195000
201705,21,037,3,6,Campbell County               ,81,81,19719558,0,0,0,2,8,864000,2,20,1493421,78,78,18341558,0,0,0,2,8,864000,2,20,1493421
201705,21,045,3,6,Casey County                  ,0,0,0,0,0,0,0,0,0,0,0,0,0,0,0,0,0,0,0,0,0,0,0,0
201705,21,047,3,6,Christian County              ,27,27,3046700,2,4,240800,0,0,0,2,14,500000,16,16,2263500,2,4,240800,0,0,0,2,14,500000
201705,21,049,3,6,Clark County                  ,16,16,3311757,0,0,0,0,0,0,2,10,692500,1,1,242000,0,0,0,0,0,0,0,0,0
201705,21,067,3,6,Fayette County                ,317,317,49753838,2,4,409778,2,6,840000,8,225,14627942,0,0,0,0,0,0,0,0,0,0,0,0
201705,21,069,3,6,Fleming County                ,0,0,0,0,0,0,0,0,0,0,0,0,0,0,0,0,0,0,0,0,0,0,0,0
201705,21,077,3,6,Gallatin County               ,5,5,921150,0,0,0,0,0,0,0,0,0,5,5,921150,0,0,0,0,0,0,0,0,0
201705,21,081,3,6,Grant County                  ,27,27,3825000,0,0,0,0,0,0,0,0,0,27,27,3825000,0,0,0,0,0,0,0,0,0
201705,21,091,3,6,Hancock County                ,1,1,204195,0,0,0,0,0,0,0,0,0,1,1,204195,0,0,0,0,0,0,0,0,0
201705,21,099,3,6,Hart County                   ,22,22,2139500,0,0,0,0,0,0,5,25,2838690,0,0,0,0,0,0,0,0,0,0,0,0
201705,21,101,3,6,Henderson County              ,10,10,2199613,0,0,0,0,0,0,0,0,0,8,8,1727600,0,0,0,0,0,0,0,0,0
201705,21,103,3,6,Henry County                  ,12,12,2043065,0,0,0,0,0,0,0,0,0,0,0,0,0,0,0,0,0,0,0,0,0
201705,21,111,3,6,Jefferson County              ,501,501,131218138,3,6,596673,2,7,194884,48,1486,123763671,394,394,108510580,2,4,387500,0,0,0,44,1417,118134502
201705,21,113,3,6,Jessamine County              ,84,84,25562154,0,0,0,2,8,1000000,0,0,0,67,67,20451893,0,0,0,2,8,1000000,0,0,0
201705,21,115,3,6,Johnson County                ,0,0,0,0,0,0,1,3,430780,0,0,0,0,0,0,0,0,0,1,3,430780,0,0,0
201705,21,117,3,6,Kenton County                 ,135,135,33550010,0,0,0,1,4,466682,4,28,3266776,134,134,33467232,0,0,0,1,4,466682,4,28,3266776
201705,21,121,3,6,Knox County                   ,0,0,0,0,0,0,0,0,0,0,0,0,0,0,0,0,0,0,0,0,0,0,0,0
201705,21,123,3,6,Larue County                  ,12,12,2747838,1,2,213550,0,0,0,0,0,0,12,12,2747838,1,2,213550,0,0,0,0,0,0
201705,21,137,3,6,Lincoln County                ,7,7,1399458,0,0,0,0,0,0,0,0,0,7,7,1399458,0,0,0,0,0,0,0,0,0
201705,21,145,3,6,McCracken County              ,36,36,9408498,0,0,0,1,4,717400,1,8,755384,36,36,9408498,0,0,0,1,4,717400,1,8,755384
201705,21,151,3,6,Madison County                ,76,76,7267652,6,12,677976,0,0,0,4,20,674288,20,20,2420000,0,0,0,0,0,0,0,0,0
201705,21,157,3,6,Marshall County               ,26,26,7532700,1,2,158000,0,0,0,0,0,0,26,26,7532700,1,2,158000,0,0,0,0,0,0
201705,21,161,3,6,Mason County                  ,10,10,1560000,0,0,0,0,0,0,0,0,0,10,10,1560000,0,0,0,0,0,0,0,0,0
201705,21,163,3,6,Meade County                  ,28,28,4370000,2,4,320000,0,0,0,0,0,0,28,28,4370000,2,4,320000,0,0,0,0,0,0
201705,21,167,3,6,Mercer County                 ,15,15,2657200,0,0,0,0,0,0,0,0,0,15,15,2657200,0,0,0,0,0,0,0,0,0
201705,21,175,3,6,Morgan County                 ,9,9,675000,0,0,0,0,0,0,0,0,0,0,0,0,0,0,0,0,0,0,0,0,0
201705,21,179,3,6,Nelson County                 ,62,62,10079643,5,10,950000,3,11,1285000,0,0,0,62,62,10079643,5,10,950000,3,11,1285000,0,0,0
201705,21,185,3,6,Oldham County                 ,150,150,42887138,1,2,98833,0,0,0,0,0,0,0,0,0,0,0,0,0,0,0,0,0,0
201705,21,191,3,6,Pendleton County              ,0,0,0,0,0,0,0,0,0,0,0,0,0,0,0,0,0,0,0,0,0,0,0,0
201705,21,209,3,6,Scott County                  ,249,249,36008424,3,6,750000,1,4,480000,0,0,0,249,249,36008424,3,6,750000,1,4,480000,0,0,0
201705,21,211,3,6,Shelby County                 ,112,112,26447335,0,0,0,0,0,0,0,0,0,112,112,26447335,0,0,0,0,0,0,0,0,0
201705,21,213,3,6,Simpson County                ,30,30,4426500,0,0,0,0,0,0,4,53,4553781,21,21,3290202,0,0,0,0,0,0,3,48,4181400
201705,21,215,3,6,Spencer County                ,43,43,9858846,0,0,0,0,0,0,0,0,0,43,43,9858846,0,0,0,0,0,0,0,0,0
201705,21,221,3,6,Trigg County                  ,2,2,459103,0,0,0,0,0,0,0,0,0,2,2,459103,0,0,0,0,0,0,0,0,0
201705,21,225,3,6,Union County                  ,3,3,597818,0,0,0,0,0,0,0,0,0,2,2,388452,0,0,0,0,0,0,0,0,0
201705,21,239,3,6,Woodford County               ,52,52,8450055,1,2,400000,0,0,0,0,0,0,52,52,8450055,1,2,400000,0,0,0,0,0,0
201705,22,005,3,7,Ascension Parish              ,431,431,68850437,0,0,0,0,0,0,0,0,0,115,115,17537406,0,0,0,0,0,0,0,0,0
201705,22,015,3,7,Bossier Parish                ,326,326,56462890,0,0,0,0,0,0,0,0,0,326,326,56462890,0,0,0,0,0,0,0,0,0
201705,22,017,3,7,Caddo Parish                  ,127,127,33047184,0,0,0,0,0,0,0,0,0,125,125,32733936,0,0,0,0,0,0,0,0,0
201705,22,031,3,7,De Soto Parish                ,55,55,14212418,0,0,0,0,0,0,1,9,664407,49,49,12870433,0,0,0,0,0,0,0,0,0
201705,22,033,3,7,East Baton Rouge Parish       ,553,553,123044130,0,0,0,0,0,0,0,0,0,549,549,122487701,0,0,0,0,0,0,0,0,0
201705,22,037,3,7,East Feliciana Parish         ,22,22,4310215,0,0,0,1,4,270628,0,0,0,18,18,3506038,0,0,0,1,4,270628,0,0,0
201705,22,047,3,7,Iberville Parish              ,59,59,10896988,0,0,0,0,0,0,0,0,0,21,21,3556245,0,0,0,0,0,0,0,0,0
201705,22,051,3,7,Jefferson Parish              ,192,192,44631674,3,6,400000,0,0,0,1,8,804718,148,148,34729382,3,6,400000,0,0,0,0,0,0
201705,22,055,3,7,Lafayette Parish              ,621,621,130760779,0,0,0,0,0,0,0,0,0,403,403,98715455,0,0,0,0,0,0,0,0,0
201705,22,063,3,7,Livingston Parish             ,365,365,79595267,0,0,0,1,3,232174,0,0,0,23,23,4377275,0,0,0,0,0,0,0,0,0
201705,22,071,3,7,Orleans Parish                ,93,93,20145385,9,18,2098586,0,0,0,5,98,15953187,0,0,0,0,0,0,0,0,0,0,0,0
201705,22,075,3,7,Plaquemines Parish            ,20,20,5722731,0,0,0,0,0,0,0,0,0,10,10,2653371,0,0,0,0,0,0,0,0,0
201705,22,077,3,7,Pointe Coupee Parish          ,21,21,6010354,0,0,0,0,0,0,0,0,0,21,21,6010354,0,0,0,0,0,0,0,0,0
201705,22,087,3,7,St. Bernard Parish            ,39,39,6740000,0,0,0,0,0,0,0,0,0,39,39,6740000,0,0,0,0,0,0,0,0,0
201705,22,089,3,7,St. Charles Parish            ,49,49,11621839,0,0,0,0,0,0,0,0,0,49,49,11621839,0,0,0,0,0,0,0,0,0
201705,22,091,3,7,St. Helena Parish             ,0,0,0,0,0,0,0,0,0,0,0,0,0,0,0,0,0,0,0,0,0,0,0,0
201705,22,095,3,7,St. John the Baptist Parish   ,18,18,2872933,0,0,0,0,0,0,0,0,0,0,0,0,0,0,0,0,0,0,0,0,0
201705,22,099,3,7,St. Martin Parish             ,66,66,13952768,0,0,0,0,0,0,0,0,0,45,45,9059438,0,0,0,0,0,0,0,0,0
201705,22,103,3,7,St. Tammany Parish            ,602,602,139400191,1,2,350000,0,0,0,0,0,0,586,586,133333632,1,2,350000,0,0,0,0,0,0
201705,22,109,3,7,Terrebonne Parish             ,73,73,18196233,0,0,0,0,0,0,0,0,0,73,73,18196233,0,0,0,0,0,0,0,0,0
201705,22,121,3,7,West Baton Rouge Parish       ,129,129,20391569,0,0,0,0,0,0,0,0,0,122,122,19754135,0,0,0,0,0,0,0,0,0
201705,22,125,3,7,West Feliciana Parish         ,14,14,5455178,0,0,0,0,0,0,0,0,0,11,11,4235497,0,0,0,0,0,0,0,0,0
201705,23,000,1,1,Maine Unorganized Territory   ,29,29,3851207,0,0,0,0,0,0,0,0,0,0,0,0,0,0,0,0,0,0,0,0,0
201705,24,003,3,5,Anne Arundel County           ,809,809,154060662,0,0,0,0,0,0,7,100,15666826,801,801,152680036,0,0,0,0,0,0,7,100,15666826
201705,24,005,3,5,Baltimore County              ,328,328,85574347,0,0,0,0,0,0,1,317,42000000,328,328,85574347,0,0,0,0,0,0,1,317,42000000
201705,24,009,3,5,Calvert County                ,114,114,26009341,0,0,0,0,0,0,0,0,0,76,76,17452680,0,0,0,0,0,0,0,0,0
201705,24,013,3,5,Carroll County                ,134,134,35640212,0,0,0,0,0,0,0,0,0,134,134,35640212,0,0,0,0,0,0,0,0,0
201705,24,015,3,5,Cecil County                  ,38,38,9396703,0,0,0,0,0,0,0,0,0,38,38,9396703,0,0,0,0,0,0,0,0,0
201705,24,017,3,5,Charles County                ,301,301,63277500,0,0,0,0,0,0,0,0,0,301,301,63277500,0,0,0,0,0,0,0,0,0
201705,24,021,3,5,Frederick County              ,676,676,161715692,3,6,469550,1,4,63000,6,148,19666962,676,676,161715692,3,6,469550,1,4,63000,6,148,19666962
201705,24,023,3,5,Garrett County                ,29,29,8096265,0,0,0,0,0,0,0,0,0,29,29,8096265,0,0,0,0,0,0,0,0,0
201705,24,025,3,5,Harford County                ,230,230,48175005,0,0,0,0,0,0,6,178,18150000,228,228,47945005,0,0,0,0,0,0,6,178,18150000
201705,24,027,3,5,Howard County                 ,446,446,99151431,0,0,0,0,0,0,2,46,6000000,446,446,99151431,0,0,0,0,0,0,2,46,6000000
201705,24,031,3,5,Montgomery County             ,470,470,106568872,12,24,1150000,0,0,0,2,349,83103893,470,470,106568872,12,24,1150000,0,0,0,2,349,83103893
201705,24,033,3,5,Prince George County          ,714,714,145916761,0,0,0,0,0,0,4,383,38300000,713,713,145642484,0,0,0,0,0,0,4,383,38300000
201705,24,035,3,5,Queen Anne County             ,81,81,18177950,0,0,0,0,0,0,0,0,0,81,81,18177950,0,0,0,0,0,0,0,0,0
201705,24,037,3,5,St. Marys County              ,479,479,85489688,0,0,0,0,0,0,0,0,0,479,479,85489688,0,0,0,0,0,0,0,0,0
201705,24,039,3,5,Somerset County               ,10,10,1540620,0,0,0,0,0,0,0,0,0,7,7,1021866,0,0,0,0,0,0,0,0,0
201705,24,045,3,5,Wicomico County               ,59,59,10600768,2,4,317000,0,0,0,0,0,0,59,59,10600768,2,4,317000,0,0,0,0,0,0
201705,24,510,3,5,Baltimore (Independent City)  ,89,89,14374909,0,0,0,0,0,0,4,149,26679193,61,61,9492000,0,0,0,0,0,0,3,106,17850000
201705,25,005,1,1,Bristol County                ,309,309,61482365,9,18,2396000,0,0,0,5,61,6836043,243,243,47539294,9,18,2396000,0,0,0,2,40,4814199
201705,25,009,1,1,Essex County                  ,237,237,78400765,18,36,6183336,1,3,900000,3,54,11211331,163,163,53343479,13,26,3898320,0,0,0,1,40,8500000
201705,25,017,1,1,Middlesex County              ,492,492,153943784,27,54,9924511,1,3,660625,34,810,122660567,362,362,120227321,17,34,6102365,0,0,0,8,512,73487691
201705,25,021,1,1,Norfolk County                ,279,279,119055771,4,8,1392018,1,3,990000,31,698,92933011,211,211,97622067,3,6,1043500,1,3,990000,13,541,78273543
201705,25,023,1,1,Plymouth County               ,452,452,99094135,8,16,2012212,2,6,1064800,5,28,3512845,366,366,77922802,7,14,1762212,2,6,1064800,2,10,1700000
201705,25,025,1,1,Suffolk County                ,41,41,10399472,29,58,9358875,13,41,9706000,52,1680,541125253,37,37,9721446,26,52,8725465,13,41,9706000,42,1610,529245745
201705,26,000,2,3,Michigan Balance of State     ,22,22,4158311,0,0,0,0,0,0,0,0,0,0,0,0,0,0,0,0,0,0,0,0,0
201705,26,019,2,3,Benzie County                 ,31,31,8114726,0,0,0,0,0,0,0,0,0,31,31,8114726,0,0,0,0,0,0,0,0,0
201705,26,029,2,3,Charlevoix County             ,15,15,3297352,1,2,659319,0,0,0,0,0,0,0,0,0,0,0,0,0,0,0,0,0,0
201705,26,089,2,3,Leelanau County               ,35,35,8575695,0,0,0,0,0,0,0,0,0,21,21,4684995,0,0,0,0,0,0,0,0,0
201705,26,093,2,3,Livingston County             ,230,230,68462771,0,0,0,0,0,0,0,0,0,220,220,67442054,0,0,0,0,0,0,0,0,0
201705,26,095,2,3,Luce County                   ,1,1,343200,0,0,0,0,0,0,0,0,0,1,1,343200,0,0,0,0,0,0,0,0,0
201705,26,099,2,3,Macomb County                 ,851,851,195834298,6,12,1918680,1,3,195000,7,70,10141609,835,835,193260789,3,6,1264395,0,0,0,7,70,10141609
201705,26,103,2,3,Marquette County              ,23,23,4967100,3,6,532500,0,0,0,0,0,0,23,23,4967100,3,6,532500,0,0,0,0,0,0
201705,26,137,2,3,Otsego County                 ,7,7,567000,0,0,0,0,0,0,0,0,0,0,0,0,0,0,0,0,0,0,0,0,0
201705,26,147,2,3,St. Clair County              ,77,77,13549140,0,0,0,0,0,0,4,96,7296700,71,71,12544837,0,0,0,0,0,0,4,96,7296700
201705,26,163,2,3,Wayne County                  ,445,445,122884919,0,0,0,2,8,1690000,5,552,72890825,415,415,116285269,0,0,0,2,8,1690000,5,552,72890825
201705,27,003,2,4,Anoka County                  ,404,404,107265478,0,0,0,1,4,626659,0,0,0,367,367,97482445,0,0,0,1,4,626659,0,0,0
201705,27,019,2,4,Carver County                 ,257,257,78794130,0,0,0,0,0,0,0,0,0,257,257,78794130,0,0,0,0,0,0,0,0,0
201705,27,025,2,4,Chisago County                ,83,83,14130664,1,2,408000,0,0,0,0,0,0,83,83,14130664,1,2,408000,0,0,0,0,0,0
201705,27,027,2,4,Clay County                   ,57,57,12598000,0,0,0,0,0,0,0,0,0,57,57,12598000,0,0,0,0,0,0,0,0,0
201705,27,037,2,4,Dakota County                 ,465,465,134309217,1,2,274100,4,15,2560000,6,774,104504000,418,418,118830317,1,2,274100,3,12,2020000,6,774,104504000
201705,27,053,2,4,Hennepin County               ,748,748,270477424,1,2,900000,4,15,3310049,15,1558,308661309,717,717,258956842,1,2,900000,4,15,3310049,14,1535,304598836
201705,27,059,2,4,Isanti County                 ,89,89,16405801,0,0,0,0,0,0,0,0,0,87,87,15766301,0,0,0,0,0,0,0,0,0
201705,27,123,2,4,Ramsey County                 ,107,107,38691757,0,0,0,0,0,0,2,136,3776800,105,105,38186703,0,0,0,0,0,0,2,136,3776800
201705,27,139,2,4,Scott County                  ,216,216,66756790,0,0,0,0,0,0,0,0,0,199,199,62928091,0,0,0,0,0,0,0,0,0
201705,27,141,2,4,Sherburne County              ,168,168,36518449,0,0,0,1,4,758680,0,0,0,151,151,32813702,0,0,0,1,4,758680,0,0,0
201705,27,163,2,4,Washington County             ,301,301,97052929,0,0,0,0,0,0,0,0,0,273,273,84555525,0,0,0,0,0,0,0,0,0
201705,27,171,2,4,Wright County                 ,277,277,72323317,0,0,0,1,4,729422,0,0,0,267,267,70208207,0,0,0,1,4,729422,0,0,0
201705,28,033,3,6,DeSoto County                 ,512,512,82176359,0,0,0,0,0,0,3,15,1294900,453,453,70035495,0,0,0,0,0,0,3,15,1294900
201705,28,041,3,6,Greene County                 ,0,0,0,0,0,0,0,0,0,0,0,0,0,0,0,0,0,0,0,0,0,0,0,0
201705,28,045,3,6,Hancock County                ,193,193,31310025,3,6,555537,5,17,1706142,5,43,3640496,54,54,10505511,0,0,0,0,0,0,0,0,0
201705,28,047,3,6,Harrison County               ,405,405,66575625,2,4,520000,0,0,0,1,5,278124,352,352,60554772,1,2,275000,0,0,0,1,5,278124
201705,28,067,3,6,Jones County                  ,9,9,1345524,0,0,0,0,0,0,0,0,0,1,1,200000,0,0,0,0,0,0,0,0,0
201705,28,137,3,6,Tate County                   ,46,46,7302462,0,0,0,0,0,0,0,0,0,45,45,7254000,0,0,0,0,0,0,0,0,0
201705,28,143,3,6,Tunica County                 ,7,7,562240,0,0,0,0,0,0,0,0,0,0,0,0,0,0,0,0,0,0,0,0,0
201705,28,145,3,6,Union County                  ,7,7,941000,0,0,0,0,0,0,0,0,0,7,7,941000,0,0,0,0,0,0,0,0,0
201705,28,149,3,6,Warren County                 ,3,3,380000,0,0,0,0,0,0,0,0,0,3,3,380000,0,0,0,0,0,0,0,0,0
201705,29,013,2,4,Bates County                  ,0,0,0,0,0,0,0,0,0,0,0,0,0,0,0,0,0,0,0,0,0,0,0,0
201705,29,017,2,4,Bollinger County              ,0,0,0,0,0,0,0,0,0,0,0,0,0,0,0,0,0,0,0,0,0,0,0,0
201705,29,019,2,4,Boone County                  ,303,303,70533069,5,10,571216,0,0,0,2,146,22089240,303,303,70533069,5,10,571216,0,0,0,2,146,22089240
201705,29,049,2,4,Clinton County                ,22,22,3938600,0,0,0,0,0,0,0,0,0,22,22,3938600,0,0,0,0,0,0,0,0,0
201705,29,065,2,4,Dent County                   ,0,0,0,0,0,0,0,0,0,0,0,0,0,0,0,0,0,0,0,0,0,0,0,0
201705,29,071,2,4,Franklin County               ,185,185,33544236,3,6,704592,0,0,0,7,42,3923200,148,148,25370784,3,6,704592,0,0,0,7,42,3923200
201705,29,095,2,4,Jackson County                ,754,754,167933973,18,36,3959684,26,104,12343753,10,1048,84795541,753,753,167821806,18,36,3959684,26,104,12343753,10,1048,84795541
201705,29,099,2,4,Jefferson County              ,329,329,49892010,3,6,570000,0,0,0,0,0,0,313,313,47736099,3,6,570000,0,0,0,0,0,0
201705,29,105,2,4,Laclede County                ,3,3,315000,1,2,262500,0,0,0,0,0,0,3,3,315000,1,2,262500,0,0,0,0,0,0
201705,29,107,2,4,Lafayette County              ,13,13,2697244,0,0,0,0,0,0,0,0,0,4,4,625411,0,0,0,0,0,0,0,0,0
201705,29,113,2,4,Lincoln County                ,55,55,9744507,0,0,0,0,0,0,0,0,0,55,55,9744507,0,0,0,0,0,0,0,0,0
201705,29,165,2,4,Platte County                 ,160,160,42053920,0,0,0,0,0,0,4,28,1840741,145,145,38031843,0,0,0,0,0,0,0,0,0
201705,29,185,2,4,St. Clair County              ,1,1,60000,0,0,0,0,0,0,0,0,0,1,1,60000,0,0,0,0,0,0,0,0,0
201705,29,189,2,4,St. Louis County              ,468,468,185216490,0,0,0,0,0,0,10,155,16488753,190,190,65598692,0,0,0,0,0,0,0,0,0
201705,29,219,2,4,Warren County                 ,117,117,25148144,0,0,0,0,0,0,0,0,0,117,117,25148144,0,0,0,0,0,0,0,0,0
201705,29,221,2,4,Washington County             ,0,0,0,0,0,0,0,0,0,0,0,0,0,0,0,0,0,0,0,0,0,0,0,0
201705,29,510,2,4,St. Louis (Independent City)  ,46,46,8895170,0,0,0,2,7,910624,6,224,14882173,46,46,8895170,0,0,0,2,7,910624,6,224,14882173
201705,30,033,4,8,Garfield County               ,0,0,0,0,0,0,0,0,0,0,0,0,0,0,0,0,0,0,0,0,0,0,0,0
201705,30,063,4,8,Missoula County               ,173,173,37730244,14,28,3355724,3,10,632589,9,199,15657844,173,173,37730244,14,28,3355724,3,10,632589,9,199,15657844
201705,30,093,4,8,Silver Bow County             ,29,29,3027046,0,0,0,0,0,0,0,0,0,29,29,3027046,0,0,0,0,0,0,0,0,0
201705,31,001,2,4,Adams County                  ,35,35,7711955,0,0,0,0,0,0,0,0,0,28,28,6223713,0,0,0,0,0,0,0,0,0
201705,31,025,2,4,Cass County                   ,58,58,10922487,0,0,0,0,0,0,0,0,0,58,58,10922487,0,0,0,0,0,0,0,0,0
201705,31,033,2,4,Cheyenne County               ,1,1,258704,0,0,0,0,0,0,0,0,0,1,1,258704,0,0,0,0,0,0,0,0,0
201705,31,055,2,4,Douglas County                ,750,750,120629715,0,0,0,0,0,0,28,593,41715343,740,740,118451337,0,0,0,0,0,0,28,593,41715343
201705,31,105,2,4,Kimball County                ,0,0,0,0,0,0,0,0,0,0,0,0,0,0,0,0,0,0,0,0,0,0,0,0
201705,31,153,2,4,Sarpy County                  ,372,372,98361179,0,0,0,0,0,0,2,48,2495000,238,238,65697816,0,0,0,0,0,0,2,48,2495000
201705,31,165,2,4,Sioux County                  ,0,0,0,0,0,0,0,0,0,0,0,0,0,0,0,0,0,0,0,0,0,0,0,0
201705,31,177,2,4,Washington County             ,33,33,10254427,0,0,0,0,0,0,0,0,0,27,27,8848453,0,0,0,0,0,0,0,0,0
201705,32,001,4,8,Churchill County              ,10,10,2308813,0,0,0,0,0,0,0,0,0,10,10,2308813,0,0,0,0,0,0,0,0,0
201705,32,003,4,8,Clark County                  ,4260,4260,814094276,10,20,3581778,23,69,12568942,45,1565,184686505,4260,4260,814094276,10,20,3581778,23,69,12568942,45,1565,184686505
201705,32,005,4,8,Douglas County                ,57,57,21864481,0,0,0,0,0,0,1,24,2273199,57,57,21864481,0,0,0,0,0,0,1,24,2273199
201705,32,007,4,8,Elko County                   ,54,54,8202406,0,0,0,0,0,0,0,0,0,53,53,8136406,0,0,0,0,0,0,0,0,0
201705,32,013,4,8,Humboldt County               ,3,3,381424,0,0,0,0,0,0,0,0,0,3,3,381424,0,0,0,0,0,0,0,0,0
201705,32,015,4,8,Lander County                 ,0,0,0,0,0,0,0,0,0,0,0,0,0,0,0,0,0,0,0,0,0,0,0,0
201705,32,017,4,8,Lincoln County                ,4,4,1088058,0,0,0,0,0,0,0,0,0,2,2,547064,0,0,0,0,0,0,0,0,0
201705,32,019,4,8,Lyon County                   ,133,133,30069767,0,0,0,0,0,0,0,0,0,133,133,30069767,0,0,0,0,0,0,0,0,0
201705,32,021,4,8,Mineral County                ,0,0,0,0,0,0,0,0,0,0,0,0,0,0,0,0,0,0,0,0,0,0,0,0
201705,32,027,4,8,Pershing County               ,4,4,262682,0,0,0,0,0,0,0,0,0,4,4,262682,0,0,0,0,0,0,0,0,0
201705,32,029,4,8,Storey County                 ,3,3,408562,0,0,0,0,0,0,0,0,0,1,1,113000,0,0,0,0,0,0,0,0,0
201705,32,031,4,8,Washoe County                 ,676,676,171413417,2,4,609658,0,0,0,34,858,78115082,624,624,160016817,2,4,609658,0,0,0,30,827,74042766
201705,32,033,4,8,White Pine County             ,1,1,416788,0,0,0,0,0,0,0,0,0,0,0,0,0,0,0,0,0,0,0,0,0
201705,32,510,4,8,Carson City (Independent City),63,63,17376528,0,0,0,5,20,2545672,0,0,0,63,63,17376528,0,0,0,5,20,2545672,0,0,0
201705,33,015,1,1,Rockingham County             ,299,299,70359424,5,10,1103723,5,19,2306500,8,52,5771831,197,197,50939315,2,4,463723,4,16,1825000,2,14,1596000
201705,33,017,1,1,Strafford County              ,112,112,22292335,8,16,1540958,1,3,323420,2,94,7969000,94,94,18815492,8,16,1540958,0,0,0,2,94,7969000
201705,34,001,1,2,Atlantic County               ,98,98,22417917,0,0,0,0,0,0,11,188,18316664,84,84,21109992,0,0,0,0,0,0,4,100,6716100
201705,34,003,1,2,Bergen County                 ,378,378,128932366,40,80,16052931,2,7,385000,25,525,40960637,248,248,81300162,32,64,14352970,2,7,385000,5,416,32425000
201705,34,005,1,2,Burlington County             ,241,241,37698977,2,4,320409,0,0,0,4,85,3018310,195,195,30179020,1,2,100000,0,0,0,1,68,1106500
201705,34,007,1,2,Camden County                 ,88,88,16073716,2,4,60000,2,7,19000,102,618,19197504,54,54,10644524,2,4,60000,2,7,19000,88,520,13002378
201705,34,009,1,2,Cape May County               ,262,262,75073240,35,70,14954900,1,3,387864,3,25,2489185,256,256,73200981,35,70,14954900,1,3,387864,2,20,2476185
201705,34,011,1,2,Cumberland County             ,56,56,5485475,0,0,0,0,0,0,3,15,1998540,13,13,825670,0,0,0,0,0,0,0,0,0
201705,34,013,1,2,Essex County                  ,151,151,25494737,11,22,2153275,4,13,1528301,30,900,159567611,34,34,13613666,10,20,2068574,3,10,682600,7,449,128660969
201705,34,015,1,2,Gloucester County             ,168,168,27058770,0,0,0,0,0,0,1,30,7600000,119,119,22055835,0,0,0,0,0,0,1,30,7600000
201705,34,017,1,2,Hudson County                 ,54,54,15204903,32,64,9114000,7,26,2682000,24,1520,163391833,46,46,13853726,32,64,9114000,7,26,2682000,23,1515,162790307
201705,34,019,1,2,Hunterdon County              ,54,54,11224866,1,2,233200,0,0,0,7,42,2115725,46,46,9948335,0,0,0,0,0,0,0,0,0
201705,34,021,1,2,Mercer County                 ,61,61,17715523,2,4,173829,2,7,617265,2,10,2650,55,55,16506125,0,0,0,0,0,0,2,10,2650
201705,34,023,1,2,Middlesex County              ,295,295,52143185,3,6,495800,0,0,0,39,836,61522775,252,252,44934427,3,6,495800,0,0,0,27,713,54604671
201705,34,025,1,2,Monmouth County               ,342,342,106645816,5,10,1599236,2,7,1110266,17,184,18661835,306,306,97320277,1,2,130400,1,4,791580,14,169,17792791
201705,34,027,1,2,Morris County                 ,268,268,55478682,2,4,206098,34,119,4832400,21,292,19937189,206,206,42463265,2,4,206098,34,119,4832400,3,71,8005766
201705,34,029,1,2,Ocean County                  ,895,895,142448967,4,8,6923571,1,4,548000,7,82,6115449,798,798,128015687,3,6,6665000,1,4,548000,5,56,5125000
201705,34,031,1,2,Passaic County                ,87,87,15800846,2,4,231746,0,0,0,6,63,5533698,68,68,12336334,1,2,71000,0,0,0,1,36,3225230
201705,34,033,1,2,Salem County                  ,17,17,2443041,0,0,0,0,0,0,0,0,0,14,14,2094836,0,0,0,0,0,0,0,0,0
201705,34,035,1,2,Somerset County               ,137,137,33900295,0,0,0,0,0,0,26,293,18140227,101,101,28628172,0,0,0,0,0,0,7,135,7778830
201705,34,037,1,2,Sussex County                 ,30,30,5525370,0,0,0,0,0,0,0,0,0,25,25,4097871,0,0,0,0,0,0,0,0,0
201705,34,039,1,2,Union County                  ,119,119,30536638,24,48,4066207,3,9,820504,20,371,19544713,83,83,25335647,16,32,2752000,2,6,384250,7,244,14486235
201705,34,041,1,2,Warren County                 ,19,19,4165361,0,0,0,0,0,0,3,53,1615292,14,14,3564856,0,0,0,0,0,0,2,48,1405760
201705,35,000,4,8,New Mexico Balance of State   ,147,147,39981496,0,0,0,0,0,0,0,0,0,0,0,0,0,0,0,0,0,0,0,0,0
201705,35,001,4,8,Bernalillo County             ,509,509,114635816,1,2,178114,0,0,0,7,97,9429795,66,66,27401686,1,2,178114,0,0,0,0,0,0
201705,35,005,4,8,Chaves County                 ,39,39,5610392,2,4,607352,0,0,0,1,11,748611,28,28,3712504,2,4,607352,0,0,0,0,0,0
201705,35,007,4,8,Colfax County                 ,5,5,1965318,0,0,0,0,0,0,0,0,0,0,0,0,0,0,0,0,0,0,0,0,0
201705,35,009,4,8,Curry County                  ,24,24,5802060,1,2,285889,0,0,0,0,0,0,24,24,5802060,1,2,285889,0,0,0,0,0,0
201705,35,013,4,8,Dona Ana County               ,334,334,68798253,1,2,313896,1,4,511000,0,0,0,276,276,57939949,0,0,0,1,4,511000,0,0,0
201705,35,015,4,8,Eddy County                   ,69,69,13235368,0,0,0,0,0,0,0,0,0,69,69,13235368,0,0,0,0,0,0,0,0,0
201705,35,017,4,8,Grant County                  ,6,6,1013441,0,0,0,0,0,0,0,0,0,0,0,0,0,0,0,0,0,0,0,0,0
201705,35,025,4,8,Lea County                    ,39,39,8563659,0,0,0,0,0,0,0,0,0,39,39,8563659,0,0,0,0,0,0,0,0,0
201705,35,027,4,8,Lincoln County                ,31,31,7817015,0,0,0,0,0,0,0,0,0,0,0,0,0,0,0,0,0,0,0,0,0
201705,35,028,4,8,Los Alamos County             ,5,5,1637410,0,0,0,0,0,0,0,0,0,5,5,1637410,0,0,0,0,0,0,0,0,0
201705,35,029,4,8,Luna County                   ,6,6,1232337,0,0,0,0,0,0,0,0,0,5,5,1057786,0,0,0,0,0,0,0,0,0
201705,35,031,4,8,McKinley County               ,3,3,490000,0,0,0,0,0,0,0,0,0,3,3,490000,0,0,0,0,0,0,0,0,0
201705,35,035,4,8,Otero County                  ,2,2,379056,0,0,0,0,0,0,0,0,0,2,2,379056,0,0,0,0,0,0,0,0,0
201705,35,041,4,8,Roosevelt County              ,12,12,1768300,0,0,0,0,0,0,0,0,0,12,12,1768300,0,0,0,0,0,0,0,0,0
201705,35,043,4,8,Sandoval County               ,296,296,63600406,1,2,283271,0,0,0,5,25,1041665,179,179,39189246,0,0,0,0,0,0,0,0,0
201705,35,045,4,8,San Juan County               ,41,41,10029885,0,0,0,0,0,0,0,0,0,41,41,10029885,0,0,0,0,0,0,0,0,0
201705,35,047,4,8,San Miguel County             ,1,1,140000,0,0,0,0,0,0,0,0,0,0,0,0,0,0,0,0,0,0,0,0,0
201705,35,049,4,8,Santa Fe County               ,53,53,13001723,0,0,0,0,0,0,0,0,0,0,0,0,0,0,0,0,0,0,0,0,0
201705,35,051,4,8,Sierra County                 ,0,0,0,0,0,0,0,0,0,0,0,0,0,0,0,0,0,0,0,0,0,0,0,0
201705,35,053,4,8,Socorro County                ,2,2,438000,0,0,0,0,0,0,0,0,0,2,2,438000,0,0,0,0,0,0,0,0,0
201705,35,055,4,8,Taos County                   ,34,34,3728296,0,0,0,0,0,0,0,0,0,0,0,0,0,0,0,0,0,0,0,0,0
201705,35,061,4,8,Valencia County               ,44,44,4770128,0,0,0,0,0,0,0,0,0,0,0,0,0,0,0,0,0,0,0,0,0
201705,36,001,1,2,Albany County                 ,102,102,23049734,1,2,285000,0,0,0,8,109,12935581,89,89,20697241,1,2,285000,0,0,0,3,58,4569000
201705,36,005,1,2,Bronx County                  ,1,1,261756,8,16,2143187,5,15,1823040,30,1850,247107429,1,1,261756,8,16,2143187,5,15,1823040,30,1850,247107429
201705,36,029,1,2,Erie County                   ,256,256,74661299,1,2,105000,3,11,2175000,13,207,28769646,228,228,69244862,1,2,105000,3,11,2175000,10,148,15857205
201705,36,047,1,2,Kings County                  ,34,34,8966588,41,82,11012115,34,115,14364240,113,2935,392807258,34,34,8966588,41,82,11012115,34,115,14364240,113,2935,392807258
201705,36,051,1,2,Livingston County             ,6,6,925723,0,0,0,0,0,0,3,15,776786,2,2,345493,0,0,0,0,0,0,0,0,0
201705,36,055,1,2,Monroe County                 ,310,310,67494692,3,6,1007800,2,6,898000,6,224,23918075,291,291,60415077,3,6,1007800,2,6,898000,5,219,22877971
201705,36,059,1,2,Nassau County                 ,327,327,129059783,2,4,596000,0,0,0,10,81,12302381,222,222,92510162,1,2,300000,0,0,0,2,30,5500000
201705,36,061,1,2,New York County               ,4,4,1071350,3,6,805870,1,4,486144,25,2143,286900320,4,4,1071350,3,6,805870,1,4,486144,25,2143,286900320
201705,36,063,1,2,Niagara County                ,75,75,19593357,0,0,0,0,0,0,0,0,0,57,57,15282353,0,0,0,0,0,0,0,0,0
201705,36,069,1,2,Ontario County                ,118,118,31374904,0,0,0,2,8,596800,1,5,462143,87,87,21192880,0,0,0,0,0,0,0,0,0
201705,36,073,1,2,Orleans County                ,9,9,1429250,0,0,0,0,0,0,0,0,0,3,3,305000,0,0,0,0,0,0,0,0,0
201705,36,079,1,2,Putnam County                 ,17,17,6105258,0,0,0,4,12,2681796,0,0,0,9,9,4141735,0,0,0,0,0,0,0,0,0
201705,36,081,1,2,Queens County                 ,48,48,12728477,72,144,19249541,22,66,8277192,28,2639,351470113,48,48,12728477,72,144,19249541,22,66,8277192,28,2639,351470113
201705,36,083,1,2,Rensselaer County             ,41,41,10229183,1,2,550000,0,0,0,2,10,646970,26,26,6406500,0,0,0,0,0,0,0,0,0
201705,36,085,1,2,Richmond County               ,125,125,32956637,83,166,22163797,0,0,0,0,0,0,125,125,32956637,83,166,22163797,0,0,0,0,0,0
201705,36,087,1,2,Rockland County               ,46,46,16769955,13,26,3770061,8,27,2997386,12,194,36908650,31,31,13102390,1,2,280000,2,6,700000,5,150,31700000
201705,36,091,1,2,Saratoga County               ,240,240,67703251,4,8,1102707,4,14,1169790,22,276,31751056,163,163,46245195,3,6,810374,2,6,729216,9,194,23100000
201705,36,093,1,2,Schenectady County            ,20,20,3531747,0,0,0,0,0,0,4,25,2050000,10,10,1785000,0,0,0,0,0,0,3,20,1400000
201705,36,095,1,2,Schoharie County              ,9,9,1657926,1,2,160000,0,0,0,0,0,0,5,5,940000,1,2,160000,0,0,0,0,0,0
201705,36,099,1,2,Seneca County                 ,7,7,1363000,0,0,0,0,0,0,0,0,0,7,7,1363000,0,0,0,0,0,0,0,0,0
201705,36,117,1,2,Wayne County                  ,21,21,4467182,0,0,0,0,0,0,0,0,0,17,17,3676778,0,0,0,0,0,0,0,0,0
201705,36,119,1,2,Westchester County            ,129,129,75716008,3,6,760000,0,0,0,8,361,111209490,98,98,60088947,1,2,290000,0,0,0,2,287,100000000
201705,37,007,3,5,Anson County                  ,19,19,2847435,0,0,0,0,0,0,0,0,0,0,0,0,0,0,0,0,0,0,0,0,0
201705,37,011,3,5,Avery County                  ,43,43,15055780,0,0,0,0,0,0,0,0,0,43,43,15055780,0,0,0,0,0,0,0,0,0
201705,37,015,3,5,Bertie County                 ,6,6,665117,0,0,0,0,0,0,0,0,0,4,4,248200,0,0,0,0,0,0,0,0,0
201705,37,025,3,5,Cabarrus County               ,632,632,92189343,0,0,0,0,0,0,0,0,0,632,632,92189343,0,0,0,0,0,0,0,0,0
201705,37,033,3,5,Caswell County                ,14,14,2276464,0,0,0,0,0,0,0,0,0,14,14,2276464,0,0,0,0,0,0,0,0,0
201705,37,037,3,5,Chatham County                ,354,354,80417728,0,0,0,0,0,0,0,0,0,354,354,80417728,0,0,0,0,0,0,0,0,0
201705,37,051,3,5,Cumberland County             ,292,292,48432061,0,0,0,0,0,0,0,0,0,291,291,48119660,0,0,0,0,0,0,0,0,0
201705,37,053,3,5,Currituck County              ,127,127,31202919,0,0,0,0,0,0,0,0,0,127,127,31202919,0,0,0,0,0,0,0,0,0
201705,37,059,3,5,Davie County                  ,53,53,10475954,0,0,0,0,0,0,0,0,0,40,40,7852390,0,0,0,0,0,0,0,0,0
201705,37,063,3,5,Durham County                 ,787,787,157006728,1,2,169897,0,0,0,13,455,31636304,441,441,91958853,0,0,0,0,0,0,7,288,17254697
201705,37,069,3,5,Franklin County               ,224,224,40205573,0,0,0,0,0,0,0,0,0,224,224,40205573,0,0,0,0,0,0,0,0,0
201705,37,071,3,5,Gaston County                 ,449,449,125248961,3,6,714018,0,0,0,4,23,3645268,449,449,125248961,3,6,714018,0,0,0,4,23,3645268
201705,37,081,3,5,Guilford County               ,621,621,140758727,8,16,3554192,0,0,0,13,284,38234488,621,621,140758727,8,16,3554192,0,0,0,13,284,38234488
201705,37,089,3,5,Henderson County              ,194,194,49512597,0,0,0,0,0,0,0,0,0,194,194,49512597,0,0,0,0,0,0,0,0,0
201705,37,093,3,5,Hoke County                   ,78,78,17894839,0,0,0,0,0,0,0,0,0,78,78,17894839,0,0,0,0,0,0,0,0,0
201705,37,097,3,5,Iredell County                ,608,608,172752823,1,2,178688,0,0,0,7,144,13124209,608,608,172752823,1,2,178688,0,0,0,7,144,13124209
201705,37,101,3,5,Johnston County               ,990,990,164838254,0,0,0,0,0,0,0,0,0,972,972,162189273,0,0,0,0,0,0,0,0,0
201705,37,105,3,5,Lee County                    ,85,85,14795595,0,0,0,0,0,0,0,0,0,85,85,14795595,0,0,0,0,0,0,0,0,0
201705,37,119,3,5,Mecklenburg County            ,2207,2207,505750526,5,10,499375,1,4,803800,26,1066,55955465,2207,2207,505750526,5,10,499375,1,4,803800,26,1066,55955465
201705,37,133,3,5,Onslow County                 ,360,360,50939993,2,4,250000,1,4,400000,0,0,0,358,358,50466502,2,4,250000,1,4,400000,0,0,0
201705,37,135,3,5,Orange County                 ,214,214,66627961,1,2,65000,0,0,0,0,0,0,214,214,66627961,1,2,65000,0,0,0,0,0,0
201705,37,145,3,5,Person County                 ,39,39,8888549,0,0,0,0,0,0,0,0,0,39,39,8888549,0,0,0,0,0,0,0,0,0
201705,37,151,3,5,Randolph County               ,151,151,32799687,1,2,90000,0,0,0,0,0,0,151,151,32799687,1,2,90000,0,0,0,0,0,0
201705,37,157,3,5,Rockingham County             ,83,83,19627092,0,0,0,0,0,0,7,149,19253327,82,82,19501309,0,0,0,0,0,0,6,144,18741410
201705,37,179,3,5,Union County                  ,651,651,148674395,0,0,0,0,0,0,0,0,0,651,651,148674395,0,0,0,0,0,0,0,0,0
201705,37,181,3,5,Vance County                  ,21,21,2954053,0,0,0,0,0,0,0,0,0,14,14,1820354,0,0,0,0,0,0,0,0,0
201705,37,183,3,5,Wake County                   ,3498,3498,822057807,0,0,0,1,4,90000,43,1469,173626062,3426,3426,807660345,0,0,0,1,4,90000,43,1469,173626062
201705,37,195,3,5,Wilson County                 ,92,92,13855867,1,2,115000,0,0,0,0,0,0,92,92,13855867,1,2,115000,0,0,0,0,0,0
201705,39,007,2,3,Ashtabula County              ,26,26,4765288,5,10,802988,0,0,0,0,0,0,0,0,0,0,0,0,0,0,0,0,0,0
201705,39,015,2,3,Brown County                  ,28,28,4461232,0,0,0,0,0,0,0,0,0,0,0,0,0,0,0,0,0,0,0,0,0
201705,39,017,2,3,Butler County                 ,358,358,75172537,2,4,700000,1,4,360000,6,72,5143246,349,349,73599681,2,4,700000,1,4,360000,6,72,5143246
201705,39,025,2,3,Clermont County               ,186,186,34959249,0,0,0,5,19,1600100,7,70,4260000,186,186,34959249,0,0,0,5,19,1600100,7,70,4260000
201705,39,041,2,3,Delaware County               ,525,525,133676988,2,4,463628,2,8,985961,16,167,19120646,469,469,121293860,2,4,463628,2,8,985961,13,144,17672796
201705,39,049,2,3,Franklin County               ,764,764,214406591,2,4,523114,6,22,2915000,54,1421,162661562,748,748,210957576,1,2,300000,6,22,2915000,52,1399,161611562
201705,39,055,2,3,Geauga County                 ,78,78,22393692,0,0,0,0,0,0,1,81,22700000,78,78,22393692,0,0,0,0,0,0,1,81,22700000
201705,39,085,2,3,Lake County                   ,176,176,32344356,0,0,0,0,0,0,1,16,2000000,176,176,32344356,0,0,0,0,0,0,1,16,2000000
201705,39,089,2,3,Licking County                ,96,96,23185610,0,0,0,0,0,0,0,0,0,96,96,23185610,0,0,0,0,0,0,0,0,0
201705,39,093,2,3,Lorain County                 ,309,309,75990681,2,4,504400,11,44,4156000,3,23,1264414,245,245,62642397,2,4,504400,11,44,4156000,2,12,663400
201705,39,097,2,3,Madison County                ,21,21,4995021,0,0,0,0,0,0,0,0,0,16,16,4107286,0,0,0,0,0,0,0,0,0
201705,39,103,2,3,Medina County                 ,243,243,58817384,3,6,420000,3,10,586667,0,0,0,243,243,58817384,3,6,420000,3,10,586667,0,0,0
201705,39,117,2,3,Morrow County                 ,22,22,3469958,0,0,0,0,0,0,0,0,0,15,15,1969135,0,0,0,0,0,0,0,0,0
201705,39,159,2,3,Union County                  ,166,166,46619205,4,8,1207000,0,0,0,0,0,0,166,166,46619205,4,8,1207000,0,0,0,0,0,0
201705,39,165,2,3,Warren County                 ,550,550,148427265,1,2,380913,1,4,920235,1,6,692397,549,549,148253932,1,2,380913,1,4,920235,1,6,692397
201705,40,001,3,7,Adair County                  ,6,6,1155859,0,0,0,0,0,0,0,0,0,0,0,0,0,0,0,0,0,0,0,0,0
201705,40,017,3,7,Canadian County               ,99,99,23766195,4,8,505000,0,0,0,0,0,0,67,67,15513410,3,6,375000,0,0,0,0,0,0
201705,40,021,3,7,Cherokee County               ,26,26,3412194,2,4,260000,0,0,0,0,0,0,0,0,0,0,0,0,0,0,0,0,0,0
201705,40,027,3,7,Cleveland County              ,242,242,53966588,4,8,2158140,4,12,1050000,3,15,1500000,242,242,53966588,4,8,2158140,4,12,1050000,3,15,1500000
201705,40,029,3,7,Coal County                   ,0,0,0,0,0,0,0,0,0,0,0,0,0,0,0,0,0,0,0,0,0,0,0,0
201705,40,037,3,7,Creek County                  ,34,34,5764357,0,0,0,0,0,0,0,0,0,34,34,5764357,0,0,0,0,0,0,0,0,0
201705,40,051,3,7,Grady County                  ,42,42,8792473,0,0,0,0,0,0,0,0,0,11,11,2203000,0,0,0,0,0,0,0,0,0
201705,40,055,3,7,Greer County                  ,1,1,50000,0,0,0,0,0,0,0,0,0,1,1,50000,0,0,0,0,0,0,0,0,0
201705,40,081,3,7,Lincoln County                ,2,2,459103,0,0,0,0,0,0,0,0,0,2,2,459103,0,0,0,0,0,0,0,0,0
201705,40,083,3,7,Logan County                  ,4,4,718000,2,4,143000,0,0,0,0,0,0,4,4,718000,2,4,143000,0,0,0,0,0,0
201705,40,087,3,7,McClain County                ,163,163,33044060,0,0,0,0,0,0,0,0,0,101,101,21131965,0,0,0,0,0,0,0,0,0
201705,40,109,3,7,Oklahoma County               ,1666,1666,377434215,32,64,8655366,0,0,0,0,0,0,1599,1599,366338765,32,64,8655366,0,0,0,0,0,0
201705,40,111,3,7,Okmulgee County               ,1,1,236667,0,0,0,0,0,0,0,0,0,0,0,0,0,0,0,0,0,0,0,0,0
201705,40,113,3,7,Osage County                  ,60,60,10182252,4,8,600000,0,0,0,0,0,0,60,60,10182252,4,8,600000,0,0,0,0,0,0
201705,40,117,3,7,Pawnee County                 ,0,0,0,0,0,0,0,0,0,0,0,0,0,0,0,0,0,0,0,0,0,0,0,0
201705,40,131,3,7,Rogers County                 ,202,202,34022936,4,8,480000,0,0,0,0,0,0,199,199,33712937,4,8,480000,0,0,0,0,0,0
201705,40,143,3,7,Tulsa County                  ,950,950,223232059,2,4,368960,1,4,282975,2,257,33003658,945,945,222917059,2,4,368960,1,4,282975,2,257,33003658
201705,40,145,3,7,Wagoner County                ,178,178,31395942,0,0,0,0,0,0,8,43,2930670,178,178,31395942,0,0,0,0,0,0,8,43,2930670
201705,41,000,4,9,Oregon Balance of State       ,66,66,9721993,0,0,0,0,0,0,0,0,0,0,0,0,0,0,0,0,0,0,0,0,0
201705,41,005,4,9,Clackamas County              ,559,559,194220839,3,6,985405,1,3,468584,9,178,18901534,544,544,188526532,2,4,633605,1,3,468584,9,178,18901534
201705,41,019,4,9,Douglas County                ,92,92,22642563,1,2,149363,0,0,0,0,0,0,92,92,22642563,1,2,149363,0,0,0,0,0,0
201705,41,025,4,9,Harney County                 ,4,4,898342,0,0,0,0,0,0,0,0,0,0,0,0,0,0,0,0,0,0,0,0,0
201705,41,035,4,9,Klamath County                ,25,25,6044750,0,0,0,0,0,0,0,0,0,25,25,6044750,0,0,0,0,0,0,0,0,0
201705,41,051,4,9,Multnomah County              ,382,382,105057024,39,78,13812967,1,4,705000,39,1731,324036759,382,382,105057024,39,78,13812967,1,4,705000,38,1726,323276759
201705,41,067,4,9,Washington County             ,827,827,241765058,0,0,0,0,0,0,18,338,39854616,820,820,239621571,0,0,0,0,0,0,18,338,39854616
201705,41,071,4,9,Yamhill County                ,117,117,35091503,0,0,0,0,0,0,0,0,0,107,107,32477268,0,0,0,0,0,0,0,0,0
201705,42,001,1,2,Adams County                  ,109,109,21144764,0,0,0,0,0,0,0,0,0,109,109,21144764,0,0,0,0,0,0,0,0,0
201705,42,017,1,2,Bucks County                  ,398,398,88539967,0,0,0,0,0,0,3,24,2739270,330,330,74607582,0,0,0,0,0,0,3,24,2739270
201705,42,029,1,2,Chester County                ,467,467,94490022,0,0,0,3,9,1342500,1,5,557500,414,414,82240517,0,0,0,2,6,1008000,1,5,557500
201705,42,037,1,2,Columbia County               ,36,36,9919340,0,0,0,1,3,387224,1,5,782273,16,16,4884828,0,0,0,0,0,0,0,0,0
201705,42,041,1,2,Cumberland County             ,382,382,87621939,3,6,765000,5,20,3480392,4,29,2829105,369,369,84438908,3,6,765000,5,20,3480392,3,16,777070
201705,42,043,1,2,Dauphin County                ,162,162,35501400,3,6,1097940,0,0,0,4,27,3017480,107,107,22783778,3,6,1097940,0,0,0,4,27,3017480
201705,42,045,1,2,Delaware County               ,168,168,45693278,2,4,450000,3,12,900000,0,0,0,114,114,31593850,2,4,450000,3,12,900000,0,0,0
201705,42,055,1,2,Franklin County               ,131,131,22307710,3,6,570000,1,4,320000,2,11,1072563,110,110,19027541,3,6,570000,1,4,320000,0,0,0
201705,42,065,1,2,Jefferson County              ,15,15,2798897,0,0,0,0,0,0,0,0,0,15,15,2798897,0,0,0,0,0,0,0,0,0
201705,42,091,1,2,Montgomery County             ,447,447,93966888,15,30,3102222,0,0,0,12,508,62234201,336,336,66751742,15,30,3102222,0,0,0,4,456,54583847
201705,42,093,1,2,Montour County                ,16,16,3765870,0,0,0,0,0,0,0,0,0,9,9,2294207,0,0,0,0,0,0,0,0,0
201705,42,099,1,2,Perry County                  ,36,36,8741472,0,0,0,0,0,0,0,0,0,6,6,1028200,0,0,0,0,0,0,0,0,0
201705,42,101,1,2,Philadelphia County           ,284,284,74510282,54,108,16497010,49,165,18958767,27,691,98652453,198,198,52046540,44,88,12807442,34,113,13415592,17,517,75597578
201705,42,103,1,2,Pike County                   ,35,35,7984884,0,0,0,0,0,0,0,0,0,28,28,6189326,0,0,0,0,0,0,0,0,0
201705,44,001,1,1,Bristol County                ,12,12,3108133,0,0,0,0,0,0,0,0,0,9,9,2271644,0,0,0,0,0,0,0,0,0
201705,44,003,1,1,Kent County                   ,65,65,9366985,3,6,1047000,0,0,0,0,0,0,45,45,6307689,1,2,247000,0,0,0,0,0,0
201705,44,005,1,1,Newport County                ,54,54,18872374,0,0,0,0,0,0,0,0,0,48,48,17647138,0,0,0,0,0,0,0,0,0
201705,44,007,1,1,Providence County             ,147,147,23585635,4,8,874150,0,0,0,0,0,0,128,128,21495335,4,8,874150,0,0,0,0,0,0
201705,44,009,1,1,Washington County             ,108,108,32301787,2,4,1000000,0,0,0,1,5,88542,83,83,23406724,2,4,1000000,0,0,0,0,0,0
201705,45,003,3,5,Aiken County                  ,355,355,72208342,0,0,0,0,0,0,2,48,4000000,355,355,72208342,0,0,0,0,0,0,2,48,4000000
201705,45,009,3,5,Bamberg County                ,6,6,638000,0,0,0,0,0,0,0,0,0,6,6,638000,0,0,0,0,0,0,0,0,0
201705,45,015,3,5,Berkeley County               ,681,681,190484051,0,0,0,0,0,0,5,171,4034245,474,474,138323151,0,0,0,0,0,0,0,0,0
201705,45,017,3,5,Calhoun County                ,11,11,1557000,0,0,0,0,0,0,0,0,0,11,11,1557000,0,0,0,0,0,0,0,0,0
201705,45,019,3,5,Charleston County             ,1193,1193,325071601,2,4,714000,0,0,0,29,826,114164219,609,609,220104995,2,4,714000,0,0,0,18,587,98433202
201705,45,035,3,5,Dorchester County             ,252,252,70726726,0,0,0,0,0,0,0,0,0,251,251,70619226,0,0,0,0,0,0,0,0,0
201705,45,037,3,5,Edgefield County              ,44,44,7948058,0,0,0,0,0,0,0,0,0,44,44,7948058,0,0,0,0,0,0,0,0,0
201705,45,039,3,5,Fairfield County              ,19,19,4025703,0,0,0,0,0,0,0,0,0,0,0,0,0,0,0,0,0,0,0,0,0
201705,45,045,3,5,Greenville County             ,1295,1295,537261283,0,0,0,0,0,0,0,0,0,1289,1289,536311889,0,0,0,0,0,0,0,0,0
201705,45,051,3,5,Horry County                  ,1843,1843,321695405,35,70,5161756,0,0,0,7,52,4087138,1439,1439,239945836,28,56,3526994,0,0,0,2,26,1977075
201705,45,055,3,5,Kershaw County                ,111,111,15818046,0,0,0,0,0,0,0,0,0,111,111,15818046,0,0,0,0,0,0,0,0,0
201705,45,059,3,5,Laurens County                ,60,60,8629269,0,0,0,0,0,0,0,0,0,58,58,8463579,0,0,0,0,0,0,0,0,0
201705,45,063,3,5,Lexington County              ,817,817,207215467,0,0,0,0,0,0,2,31,3033881,115,115,22267861,0,0,0,0,0,0,0,0,0
201705,45,077,3,5,Pickens County                ,267,267,63618859,0,0,0,1,4,538719,6,97,11379419,196,196,46525025,0,0,0,1,4,538719,1,5,594031
201705,45,079,3,5,Richland County               ,835,835,117493453,4,8,1068468,0,0,0,6,135,7619772,124,124,26918546,4,8,1068468,0,0,0,0,0,0
201705,45,081,3,5,Saluda County                 ,14,14,2919799,0,0,0,0,0,0,0,0,0,14,14,2919799,0,0,0,0,0,0,0,0,0
201705,45,085,3,5,Sumter County                 ,118,118,17699217,0,0,0,0,0,0,0,0,0,92,92,13897233,0,0,0,0,0,0,0,0,0
201705,45,091,3,5,York County                   ,1055,1055,327849886,0,0,0,0,0,0,19,454,47540476,327,327,101347581,0,0,0,0,0,0,9,293,31683929
201705,46,007,2,4,Bennett County                ,1,1,120000,0,0,0,0,0,0,0,0,0,1,1,120000,0,0,0,0,0,0,0,0,0
201705,46,055,2,4,Haakon County                 ,0,0,0,0,0,0,0,0,0,0,0,0,0,0,0,0,0,0,0,0,0,0,0,0
201705,46,071,2,4,Jackson County                ,0,0,0,0,0,0,0,0,0,0,0,0,0,0,0,0,0,0,0,0,0,0,0,0
201705,46,111,2,4,Sanborn County                ,5,5,1290000,0,0,0,0,0,0,0,0,0,5,5,1290000,0,0,0,0,0,0,0,0,0
201705,47,001,3,6,Anderson County               ,50,50,10697303,0,0,0,0,0,0,0,0,0,43,43,9298094,0,0,0,0,0,0,0,0,0
201705,47,015,3,6,Cannon County                 ,6,6,757140,0,0,0,0,0,0,0,0,0,0,0,0,0,0,0,0,0,0,0,0,0
201705,47,021,3,6,Cheatham County               ,85,85,14543206,0,0,0,0,0,0,0,0,0,82,82,14200006,0,0,0,0,0,0,0,0,0
201705,47,037,3,6,Davidson County               ,1837,1837,447539669,1,2,405540,7,26,3786153,14,598,55729571,1837,1837,447539669,1,2,405540,7,26,3786153,14,598,55729571
201705,47,043,3,6,Dickson County                ,129,129,24479428,0,0,0,0,0,0,0,0,0,96,96,17993066,0,0,0,0,0,0,0,0,0
201705,47,049,3,6,Fentress County               ,0,0,0,0,0,0,0,0,0,0,0,0,0,0,0,0,0,0,0,0,0,0,0,0
201705,47,081,3,6,Hickman County                ,31,31,4391222,0,0,0,0,0,0,0,0,0,17,17,1888263,0,0,0,0,0,0,0,0,0
201705,47,093,3,6,Knox County                   ,694,694,149948484,0,0,0,0,0,0,16,296,41250000,694,694,149948484,0,0,0,0,0,0,16,296,41250000
201705,47,105,3,6,Loudon County                 ,129,129,33336924,0,0,0,0,0,0,0,0,0,118,118,31691589,0,0,0,0,0,0,0,0,0
201705,47,125,3,6,Montgomery County             ,618,618,91325338,18,36,1695000,2,8,595000,9,61,2960000,618,618,91325338,18,36,1695000,2,8,595000,9,61,2960000
201705,47,139,3,6,Polk County                   ,78,78,14049677,0,0,0,0,0,0,0,0,0,0,0,0,0,0,0,0,0,0,0,0,0
201705,47,149,3,6,Rutherford County             ,999,999,244544459,7,14,2175766,7,27,3735946,6,94,9188712,832,832,215453445,6,12,1847445,6,23,3331492,2,23,2076518
201705,47,153,3,6,Sequatchie County             ,2,2,235000,0,0,0,0,0,0,0,0,0,2,2,235000,0,0,0,0,0,0,0,0,0
201705,47,157,3,6,Shelby County                 ,466,466,122914779,1,2,311052,1,4,375000,2,164,26306109,466,466,122914779,1,2,311052,1,4,375000,2,164,26306109
201705,47,159,3,6,Smith County                  ,33,33,5464969,0,0,0,0,0,0,0,0,0,30,30,5020446,0,0,0,0,0,0,0,0,0
201705,47,161,3,6,Stewart County                ,0,0,0,0,0,0,0,0,0,0,0,0,0,0,0,0,0,0,0,0,0,0,0,0
201705,47,165,3,6,Sumner County                 ,579,579,136068459,1,2,188000,0,0,0,33,1050,51609348,565,565,133572268,1,2,188000,0,0,0,33,1050,51609348
201705,47,167,3,6,Tipton County                 ,59,59,9409971,0,0,0,0,0,0,0,0,0,30,30,5447584,0,0,0,0,0,0,0,0,0
201705,47,169,3,6,Trousdale County              ,24,24,3291000,0,0,0,4,16,450000,0,0,0,24,24,3291000,0,0,0,4,16,450000,0,0,0
201705,47,173,3,6,Union County                  ,40,40,6020000,0,0,0,0,0,0,0,0,0,40,40,6020000,0,0,0,0,0,0,0,0,0
201705,47,175,3,6,Van Buren County              ,0,0,0,0,0,0,0,0,0,0,0,0,0,0,0,0,0,0,0,0,0,0,0,0
201705,47,189,3,6,Wilson County                 ,576,576,152143046,3,6,680000,0,0,0,5,83,4063069,530,530,138986737,3,6,680000,0,0,0,4,76,3300000
201705,48,013,3,7,Atascosa County               ,17,17,2960372,0,0,0,0,0,0,0,0,0,13,13,2225540,0,0,0,0,0,0,0,0,0
201705,48,015,3,7,Austin County                 ,9,9,1562791,0,0,0,0,0,0,0,0,0,7,7,1193975,0,0,0,0,0,0,0,0,0
201705,48,019,3,7,Bandera County                ,1,1,210000,0,0,0,0,0,0,0,0,0,0,0,0,0,0,0,0,0,0,0,0,0
201705,48,021,3,7,Bastrop County                ,54,54,7458030,0,0,0,0,0,0,0,0,0,54,54,7458030,0,0,0,0,0,0,0,0,0
201705,48,025,3,7,Bee County                    ,4,4,334289,0,0,0,0,0,0,0,0,0,0,0,0,0,0,0,0,0,0,0,0,0
201705,48,027,3,7,Bell County                   ,769,769,135797974,35,70,6077270,0,0,0,2,11,872894,737,737,129271759,35,70,6077270,0,0,0,0,0,0
201705,48,029,3,7,Bexar County                  ,1541,1541,359570338,15,30,2984790,16,62,5655201,73,845,91173366,1335,1335,332476421,15,30,2984790,14,56,5655201,69,824,86698283
201705,48,051,3,7,Burleson County               ,9,9,893195,0,0,0,0,0,0,0,0,0,8,8,689000,0,0,0,0,0,0,0,0,0
201705,48,055,3,7,Caldwell County               ,128,128,22546564,0,0,0,0,0,0,0,0,0,6,6,468000,0,0,0,0,0,0,0,0,0
201705,48,085,3,7,Collin County                 ,3910,3910,1280913877,1,2,243790,0,0,0,51,3012,420133687,3385,3385,1080520873,0,0,0,0,0,0,44,2947,410384945
201705,48,091,3,7,Comal County                  ,1062,1062,233117974,39,78,7399391,3,9,1953592,14,306,29890249,1054,1054,230751840,39,78,7399391,3,9,1953592,14,306,29890249
201705,48,099,3,7,Coryell County                ,66,66,8823223,0,0,0,0,0,0,0,0,0,38,38,4822273,0,0,0,0,0,0,0,0,0
201705,48,107,3,7,Crosby County                 ,4,4,268000,0,0,0,0,0,0,0,0,0,0,0,0,0,0,0,0,0,0,0,0,0
201705,48,113,3,7,Dallas County                 ,2319,2319,714325479,33,66,16447580,9,34,7183240,107,6102,580539672,2239,2239,683783451,33,66,16447580,9,34,7183240,106,6049,575098118
201705,48,119,3,7,Delta County                  ,3,3,686960,0,0,0,0,0,0,0,0,0,3,3,686960,0,0,0,0,0,0,0,0,0
201705,48,135,3,7,Ector County                  ,203,203,40267053,0,0,0,0,0,0,0,0,0,203,203,40267053,0,0,0,0,0,0,0,0,0
201705,48,139,3,7,Ellis County                  ,788,788,155310916,0,0,0,1,3,166000,8,192,20772429,787,787,155221716,0,0,0,1,3,166000,8,192,20772429
201705,48,141,3,7,El Paso County                ,1200,1200,228727173,16,32,2799052,5,20,1923956,31,458,49535600,96,96,9625727,0,0,0,0,0,0,1,5,133960
201705,48,157,3,7,Fort Bend County              ,4420,4420,544681112,4,8,913800,3,9,836935,5,39,3052080,580,580,182849982,4,8,913800,3,9,836935,0,0,0
201705,48,167,3,7,Galveston County              ,1169,1169,253710669,0,0,0,0,0,0,3,16,880845,530,530,121204367,0,0,0,0,0,0,0,0,0
201705,48,185,3,7,Grimes County                 ,12,12,1287141,0,0,0,0,0,0,0,0,0,12,12,1287141,0,0,0,0,0,0,0,0,0
201705,48,187,3,7,Guadalupe County              ,448,448,101608717,0,0,0,0,0,0,6,103,1562609,429,429,98053702,0,0,0,0,0,0,5,96,1190666
201705,48,193,3,7,Hamilton County               ,1,1,80000,0,0,0,0,0,0,0,0,0,0,0,0,0,0,0,0,0,0,0,0,0
201705,48,195,3,7,Hansford County               ,0,0,0,0,0,0,0,0,0,0,0,0,0,0,0,0,0,0,0,0,0,0,0,0
201705,48,201,3,7,Harris County                 ,7389,7389,1257216285,32,64,8257429,13,51,5684425,60,2575,298657145,7336,7336,1211515275,32,64,8257429,13,51,5684425,60,2575,298657145
201705,48,211,3,7,Hemphill County               ,0,0,0,0,0,0,0,0,0,0,0,0,0,0,0,0,0,0,0,0,0,0,0,0
201705,48,215,3,7,Hidalgo County                ,1142,1142,203903232,53,106,5825669,34,132,6767738,9,217,16908520,913,913,163725181,43,86,4810846,24,93,4426646,6,146,11460000
201705,48,233,3,7,Hutchinson County             ,0,0,0,0,0,0,0,0,0,1,5,536458,0,0,0,0,0,0,0,0,0,0,0,0
201705,48,251,3,7,Johnson County                ,254,254,55182440,4,8,838550,0,0,0,0,0,0,241,241,52186128,3,6,625000,0,0,0,0,0,0
201705,48,257,3,7,Kaufman County                ,321,321,68146128,0,0,0,0,0,0,0,0,0,305,305,64677214,0,0,0,0,0,0,0,0,0
201705,48,259,3,7,Kendall County                ,112,112,31907347,0,0,0,0,0,0,1,20,1479861,86,86,24578005,0,0,0,0,0,0,0,0,0
201705,48,271,3,7,Kinney County                 ,1,1,231246,0,0,0,0,0,0,0,0,0,1,1,231246,0,0,0,0,0,0,0,0,0
201705,48,281,3,7,Lampasas County               ,11,11,1476000,0,0,0,0,0,0,0,0,0,11,11,1476000,0,0,0,0,0,0,0,0,0
201705,48,291,3,7,Liberty County                ,230,230,20696447,0,0,0,0,0,0,0,0,0,228,228,20387459,0,0,0,0,0,0,0,0,0
201705,48,303,3,7,Lubbock County                ,695,695,144433223,5,10,1231646,1,3,401625,28,283,43453707,554,554,111839660,0,0,0,0,0,0,22,194,33315000
201705,48,323,3,7,Maverick County               ,30,30,6110869,2,4,517231,0,0,0,0,0,0,22,22,5134745,2,4,517231,0,0,0,0,0,0
201705,48,325,3,7,Medina County                 ,7,7,1231740,0,0,0,0,0,0,0,0,0,7,7,1231740,0,0,0,0,0,0,0,0,0
201705,48,329,3,7,Midland County                ,370,370,77940506,0,0,0,0,0,0,0,0,0,370,370,77940506,0,0,0,0,0,0,0,0,0
201705,48,339,3,7,Montgomery County             ,2224,2224,503888699,2,4,150000,0,0,0,0,0,0,2205,2205,500040564,2,4,150000,0,0,0,0,0,0
201705,48,367,3,7,Parker County                 ,190,190,40594611,0,0,0,0,0,0,1,5,526370,187,187,39693864,0,0,0,0,0,0,0,0,0
201705,48,375,3,7,Potter County                 ,200,200,52474761,2,4,553364,0,0,0,0,0,0,200,200,52474761,2,4,553364,0,0,0,0,0,0
201705,48,383,3,7,Reagan County                 ,0,0,0,0,0,0,0,0,0,0,0,0,0,0,0,0,0,0,0,0,0,0,0,0
201705,48,385,3,7,Real County                   ,0,0,0,0,0,0,0,0,0,0,0,0,0,0,0,0,0,0,0,0,0,0,0,0
201705,48,395,3,7,Robertson County              ,34,34,7670278,0,0,0,0,0,0,0,0,0,34,34,7670278,0,0,0,0,0,0,0,0,0
201705,48,397,3,7,Rockwall County               ,603,603,183987131,1,2,177000,0,0,0,0,0,0,482,482,140158668,1,2,177000,0,0,0,0,0,0
201705,48,407,3,7,San Jacinto County            ,162,162,32981791,0,0,0,0,0,0,0,0,0,110,110,22461450,0,0,0,0,0,0,0,0,0
201705,48,411,3,7,San Saba County               ,0,0,0,0,0,0,0,0,0,0,0,0,0,0,0,0,0,0,0,0,0,0,0,0
201705,48,451,3,7,Tom Green County              ,82,82,15819650,2,4,660000,0,0,0,0,0,0,82,82,15819650,2,4,660000,0,0,0,0,0,0
201705,48,453,3,7,Travis County                 ,3739,3739,789312698,7,14,2084148,8,31,4870564,101,3806,211720422,3579,3579,742354666,7,14,2084148,8,31,4870564,100,3801,211053755
201705,48,473,3,7,Waller County                 ,4,4,611304,0,0,0,1,3,450000,7,45,1898754,2,2,337000,0,0,0,0,0,0,0,0,0
201705,48,491,3,7,Williamson County             ,1893,1893,508435254,2,4,307890,3,10,672975,16,342,33701881,1848,1848,500247311,2,4,307890,3,10,672975,16,342,33701881
201705,48,493,3,7,Wilson County                 ,20,20,3983287,0,0,0,0,0,0,0,0,0,1,1,194226,0,0,0,0,0,0,0,0,0
201705,48,497,3,7,Wise County                   ,31,31,6314793,1,2,125000,0,0,0,0,0,0,27,27,5406502,1,2,125000,0,0,0,0,0,0
201705,49,011,4,8,Davis County                  ,458,458,124681590,0,0,0,6,23,3052945,14,250,19408578,450,450,121321258,0,0,0,6,23,3052945,14,250,19408578
201705,49,023,4,8,Juab County                   ,23,23,5788275,0,0,0,0,0,0,0,0,0,22,22,5514743,0,0,0,0,0,0,0,0,0
201705,49,029,4,8,Morgan County                 ,36,36,13197067,0,0,0,0,0,0,0,0,0,0,0,0,0,0,0,0,0,0,0,0,0
201705,49,035,4,8,Salt Lake County              ,1582,1582,393365317,17,34,5921327,11,37,4416523,38,1031,127569120,1292,1292,306274635,13,26,4278991,4,14,1087000,23,658,85566832
201705,49,039,4,8,Sanpete County                ,14,14,2648993,0,0,0,0,0,0,0,0,0,14,14,2648993,0,0,0,0,0,0,0,0,0
201705,49,043,4,8,Summit County                 ,69,69,32288301,0,0,0,0,0,0,5,25,4271420,28,28,12669005,0,0,0,0,0,0,0,0,0
201705,49,057,4,8,Weber County                  ,411,411,92163662,2,4,500000,34,129,19786405,11,157,14582443,335,335,73430926,2,4,500000,26,104,16225550,8,142,12352584
201705,51,003,3,5,Albemarle County              ,268,268,79051303,0,0,0,0,0,0,4,101,12376984,214,214,61636166,0,0,0,0,0,0,3,89,11141369
201705,51,007,3,5,Amelia County                 ,23,23,3669060,0,0,0,0,0,0,0,0,0,23,23,3669060,0,0,0,0,0,0,0,0,0
201705,51,009,3,5,Amherst County                ,32,32,5864685,0,0,0,0,0,0,0,0,0,32,32,5864685,0,0,0,0,0,0,0,0,0
201705,51,013,3,5,Arlington County              ,99,99,36091641,2,4,970833,0,0,0,3,993,24341681,64,64,26509169,0,0,0,0,0,0,2,893,8223559
201705,51,015,3,5,Augusta County                ,82,82,14597533,2,4,250000,0,0,0,0,0,0,82,82,14597533,2,4,250000,0,0,0,0,0,0
201705,51,019,3,5,Bedford County                ,131,131,33390210,0,0,0,0,0,0,0,0,0,76,76,19180289,0,0,0,0,0,0,0,0,0
201705,51,033,3,5,Caroline County               ,37,37,7356776,0,0,0,0,0,0,0,0,0,37,37,7356776,0,0,0,0,0,0,0,0,0
201705,51,036,3,5,Charles City County           ,8,8,1504106,0,0,0,0,0,0,0,0,0,4,4,769400,0,0,0,0,0,0,0,0,0
201705,51,037,3,5,Charlotte County              ,3,3,977500,0,0,0,0,0,0,0,0,0,3,3,977500,0,0,0,0,0,0,0,0,0
201705,51,041,3,5,Chesterfield County           ,613,613,140533662,0,0,0,20,73,8680342,8,177,13028801,613,613,140533662,0,0,0,20,73,8680342,8,177,13028801
201705,51,043,3,5,Clarke County                 ,26,26,10414617,0,0,0,0,0,0,0,0,0,26,26,10414617,0,0,0,0,0,0,0,0,0
201705,51,049,3,5,Cumberland County             ,3,3,237000,0,0,0,0,0,0,0,0,0,3,3,237000,0,0,0,0,0,0,0,0,0
201705,51,051,3,5,Dickenson County              ,2,2,340000,0,0,0,0,0,0,0,0,0,2,2,340000,0,0,0,0,0,0,0,0,0
201705,51,053,3,5,Dinwiddie County              ,30,30,2111155,0,0,0,0,0,0,0,0,0,0,0,0,0,0,0,0,0,0,0,0,0
201705,51,059,3,5,Fairfax County                ,395,395,90203494,0,0,0,0,0,0,0,0,0,395,395,90203494,0,0,0,0,0,0,0,0,0
201705,51,061,3,5,Fauquier County               ,184,184,52902293,0,0,0,0,0,0,0,0,0,184,184,52902293,0,0,0,0,0,0,0,0,0
201705,51,069,3,5,Frederick County              ,231,231,45405428,0,0,0,0,0,0,1,16,1100000,231,231,45405428,0,0,0,0,0,0,1,16,1100000
201705,51,073,3,5,Gloucester County             ,62,62,11042078,0,0,0,2,6,332000,0,0,0,62,62,11042078,0,0,0,2,6,332000,0,0,0
201705,51,075,3,5,Goochland County              ,85,85,23529975,0,0,0,0,0,0,0,0,0,85,85,23529975,0,0,0,0,0,0,0,0,0
201705,51,085,3,5,Hanover County                ,280,280,54483711,0,0,0,0,0,0,0,0,0,280,280,54483711,0,0,0,0,0,0,0,0,0
201705,51,087,3,5,Henrico County                ,340,340,62652949,0,0,0,0,0,0,29,297,14418471,340,340,62652949,0,0,0,0,0,0,29,297,14418471
201705,51,093,3,5,Isle of Wight County          ,77,77,14599302,0,0,0,0,0,0,1,13,521500,29,29,4960034,0,0,0,0,0,0,0,0,0
201705,51,095,3,5,James City County             ,133,133,36473118,2,4,431000,10,36,4671185,4,30,3408270,133,133,36473118,2,4,431000,10,36,4671185,4,30,3408270
201705,51,097,3,5,King and Queen County         ,10,10,1813831,0,0,0,0,0,0,0,0,0,10,10,1813831,0,0,0,0,0,0,0,0,0
201705,51,099,3,5,King George County            ,29,29,6112885,0,0,0,0,0,0,0,0,0,29,29,6112885,0,0,0,0,0,0,0,0,0
201705,51,107,3,5,Loudoun County                ,1281,1281,294026473,0,0,0,0,0,0,20,344,29550499,1281,1281,294026473,0,0,0,0,0,0,20,344,29550499
201705,51,109,3,5,Louisa County                 ,122,122,26194509,0,0,0,0,0,0,0,0,0,122,122,26194509,0,0,0,0,0,0,0,0,0
201705,51,115,3,5,Mathews County                ,12,12,2645526,0,0,0,0,0,0,0,0,0,12,12,2645526,0,0,0,0,0,0,0,0,0
201705,51,127,3,5,New Kent County               ,108,108,22545081,0,0,0,0,0,0,0,0,0,108,108,22545081,0,0,0,0,0,0,0,0,0
201705,51,139,3,5,Page County                   ,27,27,2828333,0,0,0,0,0,0,0,0,0,27,27,2828333,0,0,0,0,0,0,0,0,0
201705,51,145,3,5,Powhatan County               ,82,82,13062874,0,0,0,0,0,0,0,0,0,82,82,13062874,0,0,0,0,0,0,0,0,0
201705,51,149,3,5,Prince George County          ,35,35,4746920,0,0,0,0,0,0,0,0,0,35,35,4746920,0,0,0,0,0,0,0,0,0
201705,51,153,3,5,Prince William County         ,638,638,114717853,0,0,0,0,0,0,1,6,650000,638,638,114717853,0,0,0,0,0,0,1,6,650000
201705,51,165,3,5,Rockingham County             ,156,156,32459790,0,0,0,0,0,0,0,0,0,156,156,32459790,0,0,0,0,0,0,0,0,0
201705,51,175,3,5,Southampton County            ,21,21,2890591,0,0,0,0,0,0,0,0,0,14,14,1855072,0,0,0,0,0,0,0,0,0
201705,51,177,3,5,Spotsylvania County           ,222,222,60573667,0,0,0,0,0,0,0,0,0,179,179,49356371,0,0,0,0,0,0,0,0,0
201705,51,179,3,5,Stafford County               ,443,443,103139582,0,0,0,0,0,0,0,0,0,443,443,103139582,0,0,0,0,0,0,0,0,0
201705,51,181,3,5,Surry County                  ,10,10,1678921,0,0,0,0,0,0,0,0,0,5,5,932000,0,0,0,0,0,0,0,0,0
201705,51,183,3,5,Sussex County                 ,9,9,1343255,0,0,0,0,0,0,0,0,0,9,9,1343255,0,0,0,0,0,0,0,0,0
201705,51,187,3,5,Warren County                 ,68,68,15324235,0,0,0,0,0,0,0,0,0,68,68,15324235,0,0,0,0,0,0,0,0,0
201705,51,199,3,5,York County                   ,50,50,13224098,2,4,650000,3,11,2002840,1,6,710000,50,50,13224098,2,4,650000,3,11,2002840,1,6,710000
201705,51,510,3,5,Alexandria (Independent City) ,80,80,15802675,0,0,0,0,0,0,0,0,0,80,80,15802675,0,0,0,0,0,0,0,0,0
201705,51,540,3,5,Charlottesville (Independent C,37,37,8178290,2,4,381500,0,0,0,5,40,5912661,0,0,0,0,0,0,0,0,0,0,0,0
201705,51,550,3,5,Chesapeake(Independent City)  ,493,493,156945600,0,0,0,0,0,0,0,0,0,493,493,156945600,0,0,0,0,0,0,0,0,0
201705,51,570,3,5,Colonial Heights (Independent ,4,4,911428,0,0,0,0,0,0,0,0,0,4,4,911428,0,0,0,0,0,0,0,0,0
201705,51,580,3,5,Covington (Independent City)  ,1,1,75000,0,0,0,0,0,0,0,0,0,1,1,75000,0,0,0,0,0,0,0,0,0
201705,51,600,3,5,Fairfax (Independent City)    ,14,14,2040000,0,0,0,0,0,0,1,30,3600000,14,14,2040000,0,0,0,0,0,0,1,30,3600000
201705,51,610,3,5,Falls Church (Independent City,9,9,4837250,0,0,0,0,0,0,0,0,0,9,9,4837250,0,0,0,0,0,0,0,0,0
201705,51,630,3,5,Fredericksburg(Independent Cit,33,33,5751565,0,0,0,0,0,0,0,0,0,33,33,5751565,0,0,0,0,0,0,0,0,0
201705,51,650,3,5,Hampton (Independent City)    ,76,76,4808035,0,0,0,0,0,0,0,0,0,0,0,0,0,0,0,0,0,0,0,0,0
201705,51,660,3,5,Harrisonburg (Independent City,18,18,3262300,0,0,0,0,0,0,0,0,0,18,18,3262300,0,0,0,0,0,0,0,0,0
201705,51,670,3,5,Hopewell (Independent City)   ,22,22,1936500,0,0,0,0,0,0,0,0,0,22,22,1936500,0,0,0,0,0,0,0,0,0
201705,51,680,3,5,Lynchburg (Independent City)  ,19,19,3467261,0,0,0,0,0,0,0,0,0,19,19,3467261,0,0,0,0,0,0,0,0,0
201705,51,683,3,5,Manassas (Independent City)   ,56,56,7892517,0,0,0,0,0,0,1,105,2192744,0,0,0,0,0,0,0,0,0,1,105,2192744
201705,51,685,3,5,Manassas Park (Independent Cit,0,0,0,0,0,0,0,0,0,0,0,0,0,0,0,0,0,0,0,0,0,0,0,0
201705,51,700,3,5,Newport News (Independent City,34,34,5237895,0,0,0,0,0,0,7,232,18860619,24,24,4349746,0,0,0,0,0,0,6,209,17978660
201705,51,710,3,5,Norfolk (Independent City)    ,212,212,40702419,2,4,180000,0,0,0,0,0,0,212,212,40702419,2,4,180000,0,0,0,0,0,0
201705,51,730,3,5,Petersburg (Independent City) ,2,2,118750,0,0,0,0,0,0,0,0,0,2,2,118750,0,0,0,0,0,0,0,0,0
201705,51,735,3,5,Poquoson (Independent City)   ,20,20,6092440,0,0,0,1,4,678800,1,6,655588,20,20,6092440,0,0,0,1,4,678800,1,6,655588
201705,51,740,3,5,Portsmouth (Independent City) ,93,93,12284000,0,0,0,0,0,0,0,0,0,93,93,12284000,0,0,0,0,0,0,0,0,0
201705,51,760,3,5,Richmond (Independent City)   ,138,138,27546940,0,0,0,0,0,0,5,722,40365579,138,138,27546940,0,0,0,0,0,0,5,722,40365579
201705,51,800,3,5,Suffolk (Independent City)    ,209,209,47964370,0,0,0,0,0,0,0,0,0,209,209,47964370,0,0,0,0,0,0,0,0,0
201705,51,810,3,5,Virginia Beach (Independent Ci,319,319,66525975,0,0,0,0,0,0,9,560,31810105,319,319,66525975,0,0,0,0,0,0,9,560,31810105
201705,51,830,3,5,Williamsburg (Independent City,22,22,3061185,0,0,0,0,0,0,0,0,0,22,22,3061185,0,0,0,0,0,0,0,0,0
201705,53,005,4,9,Benton County                 ,346,346,105567180,1,2,265501,1,3,406674,2,39,3672810,161,161,46517209,0,0,0,0,0,0,0,0,0
201705,53,011,4,9,Clark County                  ,1002,1002,280148853,13,26,2946134,2,8,1149156,38,934,62626005,547,547,144262400,13,26,2946134,2,8,1149156,30,825,51316282
201705,53,021,4,9,Franklin County               ,205,205,53097375,3,6,1013384,0,0,0,0,0,0,2,2,293053,0,0,0,0,0,0,0,0,0
201705,53,031,4,9,Jefferson County              ,89,89,18152870,0,0,0,0,0,0,0,0,0,71,71,14981881,0,0,0,0,0,0,0,0,0
201705,53,033,4,9,King County                   ,1809,1809,714330126,79,158,31996866,58,207,37714406,83,3953,521718662,1702,1702,658050281,79,158,31996866,58,207,37714406,81,3880,513977401
201705,53,035,4,9,Kitsap County                 ,403,403,116824820,1,2,316175,1,3,552064,4,59,7969739,403,403,116824820,1,2,316175,1,3,552064,4,59,7969739
201705,53,053,4,9,Pierce County                 ,1199,1199,364920193,11,22,3466035,1,3,561459,35,872,87718680,1188,1188,361233803,11,22,3466035,0,0,0,34,867,86823377
201705,53,055,4,9,San Juan County               ,50,50,9977143,0,0,0,1,3,500000,0,0,0,50,50,9977143,0,0,0,1,3,500000,0,0,0
201705,53,059,4,9,Skamania County               ,11,11,3051621,0,0,0,0,0,0,0,0,0,11,11,3051621,0,0,0,0,0,0,0,0,0
201705,53,061,4,9,Snohomish County              ,1063,1063,314314393,8,16,3104638,22,83,16754710,33,271,40063280,1022,1022,302642892,8,16,3104638,22,83,16754710,32,266,39444772
201705,54,011,3,5,Cabell County                 ,25,25,4720877,2,4,487000,1,4,320000,1,8,722000,25,25,4720877,1,2,287000,1,4,320000,1,8,722000
201705,54,015,3,5,Clay County                   ,1,1,37784,0,0,0,0,0,0,0,0,0,0,0,0,0,0,0,0,0,0,0,0,0
201705,54,019,3,5,Fayette County                ,11,11,903503,0,0,0,0,0,0,0,0,0,6,6,342500,0,0,0,0,0,0,0,0,0
201705,54,037,3,5,Jefferson County              ,85,85,21475001,0,0,0,0,0,0,0,0,0,84,84,21325001,0,0,0,0,0,0,0,0,0
201705,54,081,3,5,Raleigh County                ,22,22,4250610,0,0,0,0,0,0,0,0,0,21,21,4107448,0,0,0,0,0,0,0,0,0
201705,55,025,2,3,Dane County                   ,573,573,180544454,19,38,5791697,3,9,1242220,28,1191,167353620,473,473,150812555,14,28,4175581,0,0,0,16,873,130990000
201705,55,031,2,3,Douglas County                ,29,29,5101615,1,2,350000,0,0,0,0,0,0,29,29,5101615,1,2,350000,0,0,0,0,0,0
201705,55,037,2,3,Florence County               ,8,8,1153400,0,0,0,0,0,0,0,0,0,8,8,1153400,0,0,0,0,0,0,0,0,0
201705,55,049,2,3,Iowa County                   ,30,30,8490208,0,0,0,0,0,0,0,0,0,30,30,8490208,0,0,0,0,0,0,0,0,0
201705,55,059,2,3,Kenosha County                ,66,66,19046018,2,4,600724,0,0,0,1,25,890993,62,62,18196519,2,4,600724,0,0,0,0,0,0
201705,55,079,2,3,Milwaukee County              ,46,46,13293109,5,10,1987000,0,0,0,5,410,47098341,42,42,12291835,5,10,1987000,0,0,0,4,329,36447423
201705,55,089,2,3,Ozaukee County                ,76,76,27589729,0,0,0,0,0,0,2,12,906666,43,43,12409353,0,0,0,0,0,0,0,0,0
201705,55,093,2,3,Pierce County                 ,45,45,8980945,0,0,0,0,0,0,0,0,0,44,44,8775945,0,0,0,0,0,0,0,0,0
201705,55,109,2,3,St. Croix County              ,177,177,47417348,6,12,1498000,1,3,330000,0,0,0,171,171,45853817,6,12,1498000,1,3,330000,0,0,0
201705,55,131,2,3,Washington County             ,149,149,45747407,9,18,2515000,1,3,371250,3,15,1062501,113,113,33298514,9,18,2515000,0,0,0,0,0,0
201705,56,029,4,8,Park County                   ,42,42,10123496,2,4,468000,0,0,0,0,0,0,42,42,10123496,2,4,468000,0,0,0,0,0,0
201705,56,039,4,8,Teton County                  ,60,60,85066660,3,6,1853262,3,11,427163,0,0,0,51,51,80993792,0,0,0,0,0,0,0,0,0
