Survey,FIPS,FIPS,Region,Division,County,,1-unit,,,2-units,,,3-4 units,,,5+ units,,,1-unit rep,,,2-units rep,,,3-4 units rep,,, 5+units rep
Date,State,County,Code,Code,Name,Bldgs,Units,Value,Bldgs,Units,Value,Bldgs,Units,Value,Bldgs,Units,Value,Bldgs,Units,Value,Bldgs,Units,Value,Bldgs,Units,Value,Bldgs,Units,Value
 
201709,01,001,3,6,Autauga County                ,145,145,39540339,0,0,0,0,0,0,0,0,0,145,145,39540339,0,0,0,0,0,0,0,0,0
201709,01,007,3,6,Bibb County                   ,8,8,2080102,0,0,0,0,0,0,0,0,0,2,2,490000,0,0,0,0,0,0,0,0,0
201709,01,009,3,6,Blount County                 ,10,10,2914440,0,0,0,0,0,0,0,0,0,10,10,2914440,0,0,0,0,0,0,0,0,0
201709,01,021,3,6,Chilton County                ,39,39,5174500,0,0,0,0,0,0,0,0,0,39,39,5174500,0,0,0,0,0,0,0,0,0
201709,01,073,3,6,Jefferson County              ,1127,1127,291756009,1,2,107950,1,4,875000,4,21,2029276,1087,1087,287501864,1,2,107950,1,4,875000,1,6,650080
201709,01,081,3,6,Lee County                    ,755,755,211696196,11,22,2276025,1,4,734668,2,233,53817279,699,699,196272008,10,20,2131775,1,4,734668,2,233,53817279
201709,01,083,3,6,Limestone County              ,110,110,21395969,0,0,0,0,0,0,0,0,0,108,108,21189873,0,0,0,0,0,0,0,0,0
201709,01,089,3,6,Madison County                ,1884,1884,288855010,0,0,0,0,0,0,6,380,29062603,1882,1882,288602380,0,0,0,0,0,0,6,380,29062603
201709,01,113,3,6,Russell County                ,102,102,14103826,0,0,0,0,0,0,9,84,10227774,102,102,14103826,0,0,0,0,0,0,9,84,10227774
201709,01,115,3,6,St. Clair County              ,133,133,24998657,0,0,0,0,0,0,0,0,0,109,109,20176488,0,0,0,0,0,0,0,0,0
201709,01,117,3,6,Shelby County                 ,824,824,189146486,0,0,0,0,0,0,9,59,5232950,366,366,76212549,0,0,0,0,0,0,0,0,0
201709,01,127,3,6,Walker County                 ,7,7,1145000,0,0,0,0,0,0,0,0,0,7,7,1145000,0,0,0,0,0,0,0,0,0
201709,02,013,4,9,Aleutians East Borough        ,0,0,0,0,0,0,0,0,0,0,0,0,0,0,0,0,0,0,0,0,0,0,0,0
201709,02,016,4,9,Aleutians West Census Area    ,5,5,490590,0,0,0,0,0,0,0,0,0,0,0,0,0,0,0,0,0,0,0,0,0
201709,02,020,4,9,Anchorage Municipality        ,604,604,189186938,0,0,0,10,33,5734922,13,124,19603850,0,0,0,0,0,0,0,0,0,0,0,0
201709,02,050,4,9,Bethel Census Area            ,15,15,3522104,0,0,0,0,0,0,0,0,0,15,15,3522104,0,0,0,0,0,0,0,0,0
201709,02,060,4,9,Bristol Bay Borough           ,0,0,0,0,0,0,0,0,0,0,0,0,0,0,0,0,0,0,0,0,0,0,0,0
201709,02,070,4,9,Dillingham Census Area        ,1,1,291052,0,0,0,0,0,0,0,0,0,1,1,291052,0,0,0,0,0,0,0,0,0
201709,02,090,4,9,Fairbanks North Star Borough  ,7,7,1850000,0,0,0,2,8,1100000,0,0,0,7,7,1850000,0,0,0,2,8,1100000,0,0,0
201709,02,100,4,9,Haines Borough                ,7,7,1948684,0,0,0,0,0,0,0,0,0,0,0,0,0,0,0,0,0,0,0,0,0
201709,02,105,4,9,Hoonah-Angoon Census Area     ,0,0,0,0,0,0,0,0,0,0,0,0,0,0,0,0,0,0,0,0,0,0,0,0
201709,02,110,4,9,Juneau City and Borough       ,39,39,9046688,5,10,1529677,0,0,0,0,0,0,39,39,9046688,5,10,1529677,0,0,0,0,0,0
201709,02,122,4,9,Kenai Peninsula Borough       ,71,71,13591378,3,6,960000,1,3,300000,1,6,980000,64,64,11983847,2,4,850000,1,3,300000,1,6,980000
201709,02,130,4,9,Ketchikan Gateway Borough     ,17,17,4931187,3,6,904326,0,0,0,0,0,0,17,17,4931187,3,6,904326,0,0,0,0,0,0
201709,02,150,4,9,Kodiak Island Borough         ,12,12,3154626,5,10,1996991,0,0,0,4,20,4139211,12,12,3154626,5,10,1996991,0,0,0,4,20,4139211
201709,02,158,4,9,Kusilvak Census Area          ,0,0,0,0,0,0,0,0,0,0,0,0,0,0,0,0,0,0,0,0,0,0,0,0
201709,02,170,4,9,Matanuska-Susitna Borough     ,33,33,9024869,17,34,4957358,2,8,962608,1,36,3708936,33,33,9024869,17,34,4957358,2,8,962608,1,36,3708936
201709,02,180,4,9,Nome Census Area              ,2,2,208116,0,0,0,0,0,0,0,0,0,1,1,72797,0,0,0,0,0,0,0,0,0
201709,02,185,4,9,North Slope Borough           ,6,6,1643003,0,0,0,0,0,0,0,0,0,5,5,1370172,0,0,0,0,0,0,0,0,0
201709,02,188,4,9,Northwest Arctic Borough      ,7,7,2920406,0,0,0,0,0,0,0,0,0,5,5,2300000,0,0,0,0,0,0,0,0,0
201709,02,195,4,9,Petersburg Borough            ,10,10,2431751,0,0,0,0,0,0,0,0,0,7,7,1385000,0,0,0,0,0,0,0,0,0
201709,02,198,4,9,Prince of Wales-Hyder Census A,3,3,821600,4,8,1420225,0,0,0,0,0,0,3,3,821600,4,8,1420225,0,0,0,0,0,0
201709,02,220,4,9,Sitka City and Borough        ,11,11,3146450,1,2,724270,1,3,478959,0,0,0,0,0,0,0,0,0,0,0,0,0,0,0
201709,02,230,4,9,Skagway Municipality          ,3,3,752500,1,2,225000,0,0,0,0,0,0,1,1,263500,1,2,225000,0,0,0,0,0,0
201709,02,261,4,9,Valdez-Cordova Census Area    ,17,17,8969580,0,0,0,0,0,0,0,0,0,16,16,8779980,0,0,0,0,0,0,0,0,0
201709,02,275,4,9,Wrangell City and Borough     ,2,2,352000,0,0,0,0,0,0,0,0,0,2,2,352000,0,0,0,0,0,0,0,0,0
201709,02,282,4,9,Yakutat City and Borough      ,2,2,30000,0,0,0,0,0,0,0,0,0,2,2,30000,0,0,0,0,0,0,0,0,0
201709,02,290,4,9,Yukon-Koyukuk Census Area     ,0,0,0,0,0,0,0,0,0,0,0,0,0,0,0,0,0,0,0,0,0,0,0,0
201709,04,013,4,8,Maricopa County               ,13289,13289,3633211247,67,134,16740735,48,179,32808136,214,6026,882758567,13195,13195,3594577236,67,134,16740735,46,173,29712692,212,6016,881331977
201709,04,019,4,8,Pima County                   ,2021,2021,575207207,4,8,1369461,0,0,0,34,330,46914233,922,922,253442908,0,0,0,0,0,0,26,264,37536096
201709,04,021,4,8,Pinal County                  ,2576,2576,515830153,35,70,4140542,1,4,420000,0,0,0,2426,2426,492541312,32,64,3692298,1,4,420000,0,0,0
201709,05,013,3,7,Calhoun County                ,0,0,0,0,0,0,0,0,0,0,0,0,0,0,0,0,0,0,0,0,0,0,0,0
201709,05,035,3,7,Crittenden County             ,45,45,8802620,0,0,0,0,0,0,0,0,0,37,37,7428000,0,0,0,0,0,0,0,0,0
201709,05,045,3,7,Faulkner County               ,192,192,42317164,4,8,601667,0,0,0,4,87,2187500,91,91,19192187,1,2,143000,0,0,0,1,72,1625000
201709,05,053,3,7,Grant County                  ,11,11,1580977,0,0,0,0,0,0,0,0,0,0,0,0,0,0,0,0,0,0,0,0,0
201709,05,085,3,7,Lonoke County                 ,276,276,28176425,2,4,202000,4,12,606100,0,0,0,105,105,12740038,2,4,202000,4,12,606100,0,0,0
201709,05,087,3,7,Madison County                ,3,3,319000,0,0,0,0,0,0,0,0,0,3,3,319000,0,0,0,0,0,0,0,0,0
201709,05,091,3,7,Miller County                 ,24,24,5219370,0,0,0,0,0,0,0,0,0,24,24,5219370,0,0,0,0,0,0,0,0,0
201709,05,105,3,7,Perry County                  ,7,7,1698000,0,0,0,0,0,0,0,0,0,7,7,1698000,0,0,0,0,0,0,0,0,0
201709,05,119,3,7,Pulaski County                ,819,819,156800111,10,20,1947100,0,0,0,19,596,43041664,819,819,156800111,10,20,1947100,0,0,0,19,596,43041664
201709,05,129,3,7,Searcy County                 ,0,0,0,0,0,0,0,0,0,0,0,0,0,0,0,0,0,0,0,0,0,0,0,0
201709,05,143,3,7,Washington County             ,993,993,243756353,18,36,7072000,0,0,0,0,0,0,889,889,231175985,18,36,7072000,0,0,0,0,0,0
201709,06,001,4,9,Alameda County                ,1858,1858,624298029,15,30,8389002,24,86,20618713,126,4479,666495227,1628,1628,551229933,15,30,8389002,19,70,16244356,96,4132,597664863
201709,06,013,4,9,Contra Costa County           ,1269,1269,404402958,4,8,1484675,11,35,6693433,11,230,47890647,1225,1225,392105149,4,8,1484675,8,24,6175465,4,153,37261290
201709,06,017,4,9,El Dorado County              ,665,665,256093033,1,2,150000,0,0,0,0,0,0,646,646,250329249,1,2,150000,0,0,0,0,0,0
201709,06,019,4,9,Fresno County                 ,1184,1184,335529887,2,4,613229,6,18,745932,64,508,47447774,1135,1135,327724253,2,4,613229,6,18,745932,64,508,47447774
201709,06,037,4,9,Los Angeles County            ,4371,4371,1802906757,372,744,143407019,47,162,29476930,247,11589,2326780210,4081,4081,1691767435,369,738,142381415,34,123,23945572,228,11150,2245231491
201709,06,041,4,9,Marin County                  ,68,68,56931803,0,0,0,0,0,0,0,0,0,56,56,43963795,0,0,0,0,0,0,0,0,0
201709,06,059,4,9,Orange County                 ,3616,3616,1144627778,89,178,44126382,80,262,57853659,104,3285,482943494,3235,3235,993000350,73,146,33926203,80,262,57853659,98,3112,462177361
201709,06,061,4,9,Placer County                 ,2017,2017,602567600,16,32,4873070,0,0,0,35,703,78853127,2017,2017,602567600,16,32,4873070,0,0,0,35,703,78853127
201709,06,063,4,9,Plumas County                 ,34,34,7238590,0,0,0,0,0,0,0,0,0,34,34,7238590,0,0,0,0,0,0,0,0,0
201709,06,067,4,9,Sacramento County             ,2173,2173,592274632,21,42,5274098,0,0,0,34,868,142647582,2157,2157,588501966,21,42,5274098,0,0,0,34,868,142647582
201709,06,069,4,9,San Benito County             ,459,459,114742584,1,2,323509,0,0,0,0,0,0,403,403,100177626,1,2,323509,0,0,0,0,0,0
201709,06,071,4,9,San Bernardino County         ,3520,3520,823149388,63,126,22131283,12,47,6102980,76,1816,220305857,3415,3415,797900518,63,126,22131283,12,47,6102980,72,1789,217692861
201709,06,073,4,9,San Diego County              ,2813,2813,975462436,50,100,20722882,112,376,63301777,144,3661,577560911,2794,2794,969690654,49,98,20472392,112,376,63301777,136,3602,553994307
201709,06,075,4,9,San Francisco County          ,28,28,7666934,10,20,5522654,8,25,6630280,28,2170,844252680,28,28,7666934,10,20,5522654,8,25,6630280,28,2170,844252680
201709,06,081,4,9,San Mateo County              ,308,308,256401344,9,18,4708960,2,6,1552840,38,1209,226061528,156,156,170885234,4,8,1758960,1,3,925000,7,707,143251488
201709,06,085,4,9,Santa Clara County            ,1495,1495,531741895,4,8,948569,14,47,12668959,125,3843,707142050,1435,1435,504796515,4,8,948569,10,32,8886430,121,3745,691934817
201709,06,091,4,9,Sierra County                 ,3,3,716197,0,0,0,0,0,0,0,0,0,3,3,716197,0,0,0,0,0,0,0,0,0
201709,06,113,4,9,Yolo County                   ,276,276,79924415,6,12,1999963,0,0,0,20,167,20957797,261,261,76502060,5,10,1679204,0,0,0,19,162,20218511
201709,08,001,4,8,Adams County                  ,1386,1386,403024385,7,14,2123828,8,31,3114903,14,279,38932593,1331,1331,385707771,7,14,2123828,7,28,2816028,12,232,32842613
201709,08,005,4,8,Arapahoe County               ,1791,1791,427346796,12,24,2228901,11,34,4746352,17,442,63344065,1775,1775,421971334,12,24,2228901,11,34,4746352,16,426,60958333
201709,08,014,4,8,Broomfield County             ,300,300,89997289,0,0,0,0,0,0,0,0,0,300,300,89997289,0,0,0,0,0,0,0,0,0
201709,08,015,4,8,Chaffee County                ,104,104,27555781,4,8,1295848,2,6,1099400,0,0,0,0,0,0,0,0,0,0,0,0,0,0,0
201709,08,019,4,8,Clear Creek County            ,16,16,5319697,0,0,0,0,0,0,1,10,1454170,15,15,5046165,0,0,0,0,0,0,1,10,1454170
201709,08,031,4,8,Denver County                 ,1729,1729,384637402,90,180,37421328,0,0,0,51,6882,790853698,1729,1729,384637402,90,180,37421328,0,0,0,51,6882,790853698
201709,08,035,4,8,Douglas County                ,1753,1753,543363547,1,2,418365,0,0,0,49,1005,134552054,1739,1739,537791234,1,2,418365,0,0,0,49,1005,134552054
201709,08,039,4,8,Elbert County                 ,131,131,39652583,0,0,0,0,0,0,0,0,0,130,130,39492153,0,0,0,0,0,0,0,0,0
201709,08,041,4,8,El Paso County                ,2849,2849,1129035040,1,2,243928,1,3,200000,18,514,64170971,2849,2849,1129035040,1,2,243928,1,3,200000,18,514,64170971
201709,08,047,4,8,Gilpin County                 ,25,25,7023309,0,0,0,0,0,0,0,0,0,25,25,7023309,0,0,0,0,0,0,0,0,0
201709,08,069,4,8,Larimer County                ,1609,1609,406840198,20,40,7807397,2,8,1680900,31,707,109173219,1609,1609,406840198,20,40,7807397,2,8,1680900,31,707,109173219
201709,08,077,4,8,Mesa County                   ,495,495,114204027,6,12,1834838,1,4,555397,1,72,10204992,495,495,114204027,6,12,1834838,1,4,555397,1,72,10204992
201709,08,093,4,8,Park County                   ,120,120,25134662,0,0,0,1,4,700000,0,0,0,119,119,24929316,0,0,0,1,4,700000,0,0,0
201709,08,101,4,8,Pueblo County                 ,251,251,42734058,3,6,823241,0,0,0,2,10,1413226,176,176,29817357,1,2,319017,0,0,0,0,0,0
201709,08,119,4,8,Teller County                 ,72,72,21040137,0,0,0,0,0,0,0,0,0,72,72,21040137,0,0,0,0,0,0,0,0,0
201709,09,001,1,1,Fairfield County              ,579,579,356317256,16,32,5809297,5,15,3148304,22,570,134027095,514,514,308385665,15,30,5682097,5,15,3148304,19,555,132811291
201709,09,003,1,1,Hartford County               ,355,355,75812315,5,10,1328580,3,11,1073720,22,330,49409139,326,326,68344743,5,10,1328580,2,8,739232,13,285,47218260
201709,09,007,1,1,Middlesex County              ,107,107,27108150,0,0,0,0,0,0,4,73,5966482,97,97,25190353,0,0,0,0,0,0,4,73,5966482
201709,09,013,1,1,Tolland County                ,113,113,25154896,3,6,582000,1,3,405000,13,103,9799974,77,77,17311673,3,6,582000,1,3,405000,4,52,3980000
201709,10,001,3,5,Kent County                   ,861,861,135017408,6,12,1870012,4,16,1935900,22,266,20741662,854,854,133733954,6,12,1870012,4,16,1935900,21,261,20259577
201709,10,003,3,5,New Castle County             ,1086,1086,96468443,1,2,85000,1,3,552330,35,523,26503801,586,586,54833839,1,2,85000,1,3,552330,18,374,17703548
201709,10,005,3,5,Sussex County                 ,1956,1956,282579510,77,154,17731802,16,55,6806851,21,150,13053060,1956,1956,282579510,77,154,17731802,16,55,6806851,21,150,13053060
201709,11,001,3,5,Washington  DC                ,280,280,64106318,12,24,2574706,2,8,976484,37,2903,303006016,217,217,49807560,10,20,2142684,2,8,976484,31,2204,233354674
201709,12,003,3,5,Baker County                  ,111,111,18789978,2,4,100000,0,0,0,5,30,3670020,111,111,18789978,2,4,100000,0,0,0,5,30,3670020
201709,12,019,3,5,Clay County                   ,763,763,161627373,1,2,262000,1,3,530000,4,128,8664000,763,763,161627373,1,2,262000,1,3,530000,4,128,8664000
201709,12,029,3,5,Dixie County                  ,24,24,3031761,0,0,0,0,0,0,0,0,0,0,0,0,0,0,0,0,0,0,0,0,0
201709,12,031,3,5,Duval County                  ,2358,2358,566104044,14,28,3025610,0,0,0,58,2366,250436908,2252,2252,532652112,14,28,3025610,0,0,0,58,2366,250436908
201709,12,033,3,5,Escambia County               ,788,788,181249911,6,12,510000,0,0,0,1,5,910000,788,788,181249911,6,12,510000,0,0,0,1,5,910000
201709,12,053,3,5,Hernando County               ,585,585,112964077,0,0,0,0,0,0,3,104,8196395,585,585,112964077,0,0,0,0,0,0,3,104,8196395
201709,12,057,3,5,Hillsborough County           ,5722,5722,1819105893,6,12,1483339,0,0,0,55,3058,339575850,5722,5722,1819105893,6,12,1483339,0,0,0,55,3058,339575850
201709,12,067,3,5,Lafayette County              ,4,4,640000,0,0,0,0,0,0,0,0,0,4,4,640000,0,0,0,0,0,0,0,0,0
201709,12,071,3,5,Lee County                    ,3540,3540,829170390,114,228,29285460,27,107,20284386,64,1372,152124898,3540,3540,829170390,114,228,29285460,27,107,20284386,64,1372,152124898
201709,12,073,3,5,Leon County                   ,523,523,105188649,4,8,1210000,2,6,1275000,13,293,21770422,125,125,29646300,0,0,0,0,0,0,0,0,0
201709,12,081,3,5,Manatee County                ,2268,2268,494847834,3,6,1041749,15,60,8267259,20,394,38563976,2025,2025,436435761,2,4,476500,12,48,5934280,19,363,35001551
201709,12,086,3,5,Miami-Dade County             ,1903,1903,638989078,53,106,17031641,3,9,1017954,82,6702,1315075064,1818,1818,595069230,53,106,17031641,2,6,735962,71,6632,1237830422
201709,12,089,3,5,Nassau County                 ,840,840,241414967,0,0,0,0,0,0,2,11,2547354,767,767,220589272,0,0,0,0,0,0,1,6,1333744
201709,12,091,3,5,Okaloosa County               ,685,685,197148375,1,2,411880,1,3,430140,7,301,34162454,646,646,190077845,1,2,411880,0,0,0,6,296,32958750
201709,12,095,3,5,Orange County                 ,5060,5060,1398490249,71,142,25388709,25,75,13383315,64,1882,240591353,5030,5030,1384763882,71,142,25388709,25,75,13383315,61,1817,231569783
201709,12,097,3,5,Osceola County                ,3068,3068,836447127,4,8,304127,7,28,4514639,16,518,33770457,3068,3068,836447127,4,8,304127,7,28,4514639,16,518,33770457
201709,12,101,3,5,Pasco County                  ,2994,2994,605763084,7,14,1583344,0,0,0,15,88,5613410,2984,2984,604545925,4,8,743344,0,0,0,11,68,3888410
201709,12,103,3,5,Pinellas County               ,705,705,180457786,8,16,1927801,3,10,1883861,19,596,61001826,665,665,167394236,8,16,1927801,3,10,1883861,13,493,51247403
201709,12,109,3,5,St. Johns County              ,3351,3351,799003283,0,0,0,12,48,9194613,1,6,1143641,3341,3341,796410991,0,0,0,12,48,9194613,1,6,1143641
201709,12,113,3,5,Santa Rosa County             ,1139,1139,180728372,0,0,0,0,0,0,0,0,0,1139,1139,180728372,0,0,0,0,0,0,0,0,0
201709,12,115,3,5,Sarasota County               ,2389,2389,678673914,11,22,4409439,20,80,17268163,28,650,97969916,2342,2342,659780784,11,22,4409439,20,80,17268163,26,625,87690352
201709,12,117,3,5,Seminole County               ,819,819,270171722,15,30,2109296,0,0,0,34,979,104808507,807,807,266418770,15,30,2109296,0,0,0,31,889,98971297
201709,12,119,3,5,Sumter County                 ,1203,1203,334233144,0,0,0,0,0,0,0,0,0,1203,1203,334233144,0,0,0,0,0,0,0,0,0
201709,12,129,3,5,Wakulla County                ,196,196,30295238,0,0,0,0,0,0,0,0,0,196,196,30295238,0,0,0,0,0,0,0,0,0
201709,12,131,3,5,Walton County                 ,869,869,413710605,2,4,1399482,26,79,13898487,1,14,13164621,869,869,413710605,2,4,1399482,26,79,13898487,1,14,13164621
201709,12,133,3,5,Washington County             ,37,37,4965239,0,0,0,0,0,0,0,0,0,25,25,3174565,0,0,0,0,0,0,0,0,0
201709,13,007,3,5,Baker County                  ,0,0,0,0,0,0,0,0,0,0,0,0,0,0,0,0,0,0,0,0,0,0,0,0
201709,13,013,3,5,Barrow County                 ,341,341,47481791,0,0,0,0,0,0,0,0,0,197,197,28965117,0,0,0,0,0,0,0,0,0
201709,13,015,3,5,Bartow County                 ,424,424,38507540,1,2,144000,0,0,0,0,0,0,368,368,29730579,1,2,144000,0,0,0,0,0,0
201709,13,021,3,5,Bibb County                   ,79,79,13191444,0,0,0,0,0,0,0,0,0,71,71,11848666,0,0,0,0,0,0,0,0,0
201709,13,029,3,5,Bryan County                  ,348,348,72770435,0,0,0,0,0,0,0,0,0,333,333,70535551,0,0,0,0,0,0,0,0,0
201709,13,033,3,5,Burke County                  ,41,41,7277548,0,0,0,0,0,0,0,0,0,0,0,0,0,0,0,0,0,0,0,0,0
201709,13,035,3,5,Butts County                  ,44,44,7630000,0,0,0,0,0,0,0,0,0,44,44,7630000,0,0,0,0,0,0,0,0,0
201709,13,045,3,5,Carroll County                ,253,253,60680735,0,0,0,0,0,0,0,0,0,253,253,60680735,0,0,0,0,0,0,0,0,0
201709,13,051,3,5,Chatham County                ,656,656,143086071,2,4,400000,0,0,0,11,60,3300000,655,655,142941738,2,4,400000,0,0,0,11,60,3300000
201709,13,057,3,5,Cherokee County               ,1758,1758,485407175,0,0,0,0,0,0,0,0,0,1758,1758,485407175,0,0,0,0,0,0,0,0,0
201709,13,059,3,5,Clarke County                 ,163,163,27706335,0,0,0,0,0,0,12,176,17104164,163,163,27706335,0,0,0,0,0,0,12,176,17104164
201709,13,063,3,5,Clayton County                ,381,381,87265606,0,0,0,0,0,0,0,0,0,379,379,87086476,0,0,0,0,0,0,0,0,0
201709,13,067,3,5,Cobb County                   ,1165,1165,323448000,9,18,3252722,21,79,18801153,59,485,70692672,1155,1155,321539064,9,18,3252722,21,79,18801153,59,485,70692672
201709,13,073,3,5,Columbia County               ,1031,1031,192044535,0,0,0,8,32,1722400,6,32,1797600,939,939,174586455,0,0,0,8,32,1722400,6,32,1797600
201709,13,077,3,5,Coweta County                 ,632,632,204426819,2,4,1066814,0,0,0,0,0,0,608,608,198549867,2,4,1066814,0,0,0,0,0,0
201709,13,085,3,5,Dawson County                 ,236,236,49359914,0,0,0,0,0,0,0,0,0,232,232,48972681,0,0,0,0,0,0,0,0,0
201709,13,095,3,5,Dougherty County              ,23,23,3611774,0,0,0,0,0,0,0,0,0,23,23,3611774,0,0,0,0,0,0,0,0,0
201709,13,097,3,5,Douglas County                ,278,278,51425593,0,0,0,0,0,0,2,26,595050,278,278,51425593,0,0,0,0,0,0,2,26,595050
201709,13,111,3,5,Fannin County                 ,210,210,41565054,0,0,0,0,0,0,0,0,0,210,210,41565054,0,0,0,0,0,0,0,0,0
201709,13,113,3,5,Fayette County                ,430,430,108176460,0,0,0,1,4,756650,0,0,0,416,416,103078838,0,0,0,1,4,756650,0,0,0
201709,13,115,3,5,Floyd County                  ,131,131,21922965,0,0,0,0,0,0,0,0,0,131,131,21922965,0,0,0,0,0,0,0,0,0
201709,13,117,3,5,Forsyth County                ,1987,1987,280352322,0,0,0,0,0,0,17,404,18045080,1987,1987,280352322,0,0,0,0,0,0,17,404,18045080
201709,13,121,3,5,Fulton County                 ,2674,2674,720549424,3,6,1318000,0,0,0,36,4757,679488446,2390,2390,651071988,3,6,1318000,0,0,0,35,4752,679466215
201709,13,127,3,5,Glynn County                  ,419,419,121269689,0,0,0,0,0,0,0,0,0,0,0,0,0,0,0,0,0,0,0,0,0
201709,13,135,3,5,Gwinnett County               ,2979,2979,690380008,0,0,0,0,0,0,5,246,34276258,2925,2925,675510133,0,0,0,0,0,0,5,246,34276258
201709,13,143,3,5,Haralson County               ,38,38,8706877,0,0,0,0,0,0,0,0,0,15,15,3468689,0,0,0,0,0,0,0,0,0
201709,13,145,3,5,Harris County                 ,154,154,37244035,0,0,0,0,0,0,0,0,0,154,154,37244035,0,0,0,0,0,0,0,0,0
201709,13,149,3,5,Heard County                  ,15,15,3442277,0,0,0,0,0,0,0,0,0,15,15,3442277,0,0,0,0,0,0,0,0,0
201709,13,151,3,5,Henry County                  ,1244,1244,225490824,0,0,0,0,0,0,0,0,0,1213,1213,221276552,0,0,0,0,0,0,0,0,0
201709,13,159,3,5,Jasper County                 ,52,52,6966648,0,0,0,0,0,0,0,0,0,0,0,0,0,0,0,0,0,0,0,0,0
201709,13,171,3,5,Lamar County                  ,29,29,3567264,0,0,0,0,0,0,0,0,0,29,29,3567264,0,0,0,0,0,0,0,0,0
201709,13,177,3,5,Lee County                    ,321,321,25604068,0,0,0,0,0,0,0,0,0,321,321,25604068,0,0,0,0,0,0,0,0,0
201709,13,179,3,5,Liberty County                ,247,247,58323457,1,2,109120,2,8,323600,7,52,2166680,236,236,56274584,1,2,109120,2,8,323600,7,52,2166680
201709,13,189,3,5,McDuffie County               ,22,22,3911349,0,0,0,0,0,0,0,0,0,15,15,2914000,0,0,0,0,0,0,0,0,0
201709,13,199,3,5,Meriwether County             ,28,28,6464720,0,0,0,0,0,0,0,0,0,28,28,6464720,0,0,0,0,0,0,0,0,0
201709,13,201,3,5,Miller County                 ,6,6,455687,0,0,0,0,0,0,0,0,0,6,6,455687,0,0,0,0,0,0,0,0,0
201709,13,207,3,5,Monroe County                 ,99,99,21303586,0,0,0,0,0,0,0,0,0,58,58,12205500,0,0,0,0,0,0,0,0,0
201709,13,215,3,5,Muscogee County               ,245,245,48069641,0,0,0,5,16,984746,12,112,17853494,0,0,0,0,0,0,0,0,0,0,0,0
201709,13,217,3,5,Newton County                 ,458,458,104969543,0,0,0,0,0,0,0,0,0,458,458,104969543,0,0,0,0,0,0,0,0,0
201709,13,227,3,5,Pickens County                ,98,98,21962406,0,0,0,0,0,0,0,0,0,96,96,21580906,0,0,0,0,0,0,0,0,0
201709,13,231,3,5,Pike County                   ,73,73,14284750,0,0,0,0,0,0,0,0,0,72,72,14215000,0,0,0,0,0,0,0,0,0
201709,13,235,3,5,Pulaski County                ,10,10,1070000,0,0,0,0,0,0,0,0,0,10,10,1070000,0,0,0,0,0,0,0,0,0
201709,13,245,3,5,Richmond County               ,312,312,52049677,1,2,180000,0,0,0,9,183,9911785,12,12,1875000,0,0,0,0,0,0,0,0,0
201709,13,247,3,5,Rockdale County               ,212,212,48847518,0,0,0,1,4,722510,2,16,2890040,212,212,48847518,0,0,0,1,4,722510,2,16,2890040
201709,13,255,3,5,Spalding County               ,192,192,22671176,0,0,0,0,0,0,0,0,0,189,189,22435826,0,0,0,0,0,0,0,0,0
201709,13,275,3,5,Thomas County                 ,66,66,12832271,0,0,0,0,0,0,1,11,1234560,64,64,12446145,0,0,0,0,0,0,0,0,0
201709,13,291,3,5,Union County                  ,134,134,34788396,0,0,0,0,0,0,0,0,0,134,134,34788396,0,0,0,0,0,0,0,0,0
201709,15,001,4,9,Hawaii County                 ,610,610,192544910,4,8,785320,0,0,0,10,80,10260000,610,610,192544910,4,8,785320,0,0,0,10,80,10260000
201709,15,003,4,9,Honolulu County               ,808,808,266627865,0,0,0,0,0,0,3,678,113417723,808,808,266627865,0,0,0,0,0,0,3,678,113417723
201709,15,007,4,9,Kauai County                  ,177,177,88131975,13,26,10026515,0,0,0,2,18,12245000,177,177,88131975,13,26,10026515,0,0,0,2,18,12245000
201709,15,009,4,9,Maui County                   ,403,403,126505276,20,40,9664502,3,12,2842857,29,244,37960736,403,403,126505276,20,40,9664502,3,12,2842857,29,244,37960736
201709,16,001,4,8,Ada County                    ,3134,3134,837025819,6,12,2541096,51,201,17193989,69,962,114881355,3090,3090,827998098,6,12,2541096,51,201,17193989,69,962,114881355
201709,16,015,4,8,Boise County                  ,57,57,12234103,0,0,0,0,0,0,0,0,0,57,57,12234103,0,0,0,0,0,0,0,0,0
201709,16,027,4,8,Canyon County                 ,1209,1209,198764564,2,4,182533,22,88,5926731,4,48,3595000,1181,1181,193512423,2,4,182533,22,88,5926731,4,48,3595000
201709,16,045,4,8,Gem County                    ,48,48,6933132,0,0,0,0,0,0,1,5,298436,46,46,6696592,0,0,0,0,0,0,0,0,0
201709,16,073,4,8,Owyhee County                 ,23,23,4142272,1,2,363316,0,0,0,0,0,0,20,20,3665323,1,2,363316,0,0,0,0,0,0
201709,17,005,2,3,Bond County                   ,8,8,1538456,0,0,0,0,0,0,0,0,0,1,1,305000,0,0,0,0,0,0,0,0,0
201709,17,013,2,3,Calhoun County                ,11,11,994500,0,0,0,0,0,0,0,0,0,11,11,994500,0,0,0,0,0,0,0,0,0
201709,17,031,2,3,Cook County                   ,1243,1243,427180675,35,70,17251114,143,464,94604637,142,7062,808738076,1071,1071,372612453,35,70,17251114,137,446,91919385,136,7027,803778512
201709,17,037,2,3,DeKalb County                 ,77,77,16869300,0,0,0,2,8,1316000,0,0,0,77,77,16869300,0,0,0,2,8,1316000,0,0,0
201709,17,039,2,3,De Witt County                ,14,14,3069704,0,0,0,0,0,0,0,0,0,14,14,3069704,0,0,0,0,0,0,0,0,0
201709,17,043,2,3,DuPage County                 ,773,773,297947922,12,24,4545489,20,74,10916478,22,471,87325551,733,733,279494196,11,22,4204858,20,74,10916478,16,325,83862475
201709,17,063,2,3,Grundy County                 ,55,55,13566969,0,0,0,0,0,0,17,100,5128200,43,43,11574112,0,0,0,0,0,0,0,0,0
201709,17,083,2,3,Jersey County                 ,24,24,3964379,0,0,0,0,0,0,0,0,0,14,14,2408289,0,0,0,0,0,0,0,0,0
201709,17,093,2,3,Kendall County                ,195,195,42931952,0,0,0,0,0,0,1,51,9607940,157,157,34592610,0,0,0,0,0,0,1,51,9607940
201709,17,097,2,3,Lake County                   ,451,451,151907390,7,14,1244234,1,3,271117,24,763,105471844,333,333,97610655,1,2,744236,1,3,271117,11,667,81491728
201709,17,111,2,3,McHenry County                ,249,249,47253229,1,2,300000,6,21,2290000,0,0,0,222,222,42022278,1,2,300000,6,21,2290000,0,0,0
201709,17,119,2,3,Madison County                ,328,328,80927712,2,4,520000,0,0,0,4,38,4192500,305,305,76641710,2,4,520000,0,0,0,2,28,2844960
201709,17,133,2,3,Monroe County                 ,123,123,32305384,0,0,0,0,0,0,1,6,696449,123,123,32305384,0,0,0,0,0,0,1,6,696449
201709,17,197,2,3,Will County                   ,921,921,239368237,2,4,512000,2,8,820000,5,26,5281250,798,798,212775652,2,4,512000,2,8,820000,0,0,0
201709,18,003,2,3,Allen County                  ,780,780,196542246,20,40,4473416,0,0,0,14,363,38439000,780,780,196542246,20,40,4473416,0,0,0,14,363,38439000
201709,18,011,2,3,Boone County                  ,300,300,100933969,25,50,15962100,0,0,0,7,68,10219000,297,297,100548734,25,50,15962100,0,0,0,7,68,10219000
201709,18,013,2,3,Brown County                  ,54,54,13629608,0,0,0,0,0,0,0,0,0,54,54,13629608,0,0,0,0,0,0,0,0,0
201709,18,019,2,3,Clark County                  ,445,445,89439770,0,0,0,0,0,0,0,0,0,422,422,86225950,0,0,0,0,0,0,0,0,0
201709,18,047,2,3,Franklin County               ,41,41,9930000,0,0,0,0,0,0,0,0,0,41,41,9930000,0,0,0,0,0,0,0,0,0
201709,18,057,2,3,Hamilton County               ,1564,1564,526045378,2,4,737295,5,18,2624604,21,365,35376709,1564,1564,526045378,2,4,737295,5,18,2624604,21,365,35376709
201709,18,059,2,3,Hancock County                ,334,334,72181145,1,2,50000,0,0,0,0,0,0,334,334,72181145,1,2,50000,0,0,0,0,0,0
201709,18,061,2,3,Harrison County               ,94,94,18867673,0,0,0,0,0,0,0,0,0,94,94,18867673,0,0,0,0,0,0,0,0,0
201709,18,063,2,3,Hendricks County              ,898,898,201514940,5,10,686365,0,0,0,2,41,3397666,790,790,177921817,0,0,0,0,0,0,0,0,0
201709,18,069,2,3,Huntington County             ,50,50,10213590,0,0,0,0,0,0,1,6,150000,50,50,10213590,0,0,0,0,0,0,1,6,150000
201709,18,073,2,3,Jasper County                 ,67,67,15694156,0,0,0,0,0,0,0,0,0,67,67,15694156,0,0,0,0,0,0,0,0,0
201709,18,081,2,3,Johnson County                ,634,634,150542732,4,8,1615000,1,3,325270,0,0,0,524,524,130795539,4,8,1615000,1,3,325270,0,0,0
201709,18,087,2,3,Lagrange County               ,115,115,19575120,0,0,0,0,0,0,0,0,0,111,111,19084141,0,0,0,0,0,0,0,0,0
201709,18,089,2,3,Lake County                   ,976,976,227759411,15,30,3251098,6,19,3532428,3,24,3541000,945,945,221808693,15,30,3251098,5,15,3064000,3,24,3541000
201709,18,097,2,3,Marion County                 ,752,752,193136296,11,22,3323477,1,3,650000,6,507,84598322,732,732,189363926,11,22,3323477,1,3,650000,6,507,84598322
201709,18,105,2,3,Monroe County                 ,210,210,53656566,14,28,3325142,0,0,0,5,252,29166151,172,172,44309802,13,26,3086956,0,0,0,3,226,26232927
201709,18,109,2,3,Morgan County                 ,104,104,26320195,0,0,0,0,0,0,0,0,0,104,104,26320195,0,0,0,0,0,0,0,0,0
201709,18,111,2,3,Newton County                 ,14,14,2799680,0,0,0,0,0,0,0,0,0,12,12,2378000,0,0,0,0,0,0,0,0,0
201709,18,115,2,3,Ohio County                   ,11,11,1441000,0,0,0,0,0,0,0,0,0,11,11,1441000,0,0,0,0,0,0,0,0,0
201709,18,119,2,3,Owen County                   ,41,41,8970386,0,0,0,0,0,0,0,0,0,41,41,8970386,0,0,0,0,0,0,0,0,0
201709,18,127,2,3,Porter County                 ,387,387,103520384,4,8,790000,0,0,0,13,163,18751912,362,362,99277006,4,8,790000,0,0,0,13,163,18751912
201709,18,133,2,3,Putnam County                 ,67,67,15076530,6,12,1246888,0,0,0,0,0,0,62,62,13748801,6,12,1246888,0,0,0,0,0,0
201709,18,145,2,3,Shelby County                 ,56,56,9727480,0,0,0,0,0,0,15,120,5854892,56,56,9727480,0,0,0,0,0,0,15,120,5854892
201709,18,151,2,3,Steuben County                ,109,109,31082149,4,8,960000,0,0,0,0,0,0,109,109,31082149,4,8,960000,0,0,0,0,0,0
201709,18,157,2,3,Tippecanoe County             ,376,376,89433092,12,24,4320000,0,0,0,3,367,48994231,233,233,60101773,0,0,0,0,0,0,2,362,48600000
201709,18,163,2,3,Vanderburgh County            ,240,240,41613124,9,18,1535000,0,0,0,0,0,0,240,240,41613124,9,18,1535000,0,0,0,0,0,0
201709,18,167,2,3,Vigo County                   ,23,23,3530400,12,24,1602182,0,0,0,3,105,5796936,18,18,2864000,9,18,1084000,0,0,0,1,48,2200000
201709,18,175,2,3,Washington County             ,28,28,4355293,0,0,0,0,0,0,0,0,0,0,0,0,0,0,0,0,0,0,0,0,0
201709,18,183,2,3,Whitley County                ,101,101,22605214,0,0,0,0,0,0,0,0,0,101,101,22605214,0,0,0,0,0,0,0,0,0
201709,19,049,2,4,Dallas County                 ,617,617,153471180,2,4,628362,0,0,0,16,317,44128821,616,616,153296180,2,4,628362,0,0,0,9,282,40905139
201709,19,085,2,4,Harrison County               ,37,37,7143000,1,2,126000,1,3,500000,0,0,0,32,32,6368000,1,2,126000,0,0,0,0,0,0
201709,19,129,2,4,Mills County                  ,7,7,1922666,0,0,0,0,0,0,0,0,0,3,3,732000,0,0,0,0,0,0,0,0,0
201709,19,153,2,4,Polk County                   ,1954,1954,486759914,4,8,1501521,2,8,1327107,31,1254,143296731,1954,1954,486759914,4,8,1501521,2,8,1327107,31,1254,143296731
201709,19,181,2,4,Warren County                 ,276,276,72993381,5,10,1383575,1,3,375900,0,0,0,262,262,69590754,5,10,1383575,1,3,375900,0,0,0
201709,20,091,2,4,Johnson County                ,1487,1487,479078397,7,14,3596553,30,116,17899404,61,982,137593387,1393,1393,444525758,7,14,3596553,29,113,17453124,54,826,116229444
201709,20,103,2,4,Leavenworth County            ,180,180,36280421,0,0,0,0,0,0,0,0,0,174,174,34768393,0,0,0,0,0,0,0,0,0
201709,20,107,2,4,Linn County                   ,36,36,3088623,0,0,0,0,0,0,0,0,0,29,29,2427800,0,0,0,0,0,0,0,0,0
201709,20,121,2,4,Miami County                  ,80,80,21069828,0,0,0,0,0,0,0,0,0,21,21,3636190,0,0,0,0,0,0,0,0,0
201709,20,209,2,4,Wyandotte County              ,254,254,42624651,13,26,2563778,0,0,0,0,0,0,254,254,42624651,13,26,2563778,0,0,0,0,0,0
201709,21,005,3,6,Anderson County               ,49,49,10275039,0,0,0,0,0,0,0,0,0,49,49,10275039,0,0,0,0,0,0,0,0,0
201709,21,015,3,6,Boone County                  ,325,325,55510025,4,8,468000,1,4,525975,15,135,11805191,325,325,55510025,4,8,468000,1,4,525975,15,135,11805191
201709,21,017,3,6,Bourbon County                ,35,35,8268287,5,10,785000,0,0,0,0,0,0,35,35,8268287,5,10,785000,0,0,0,0,0,0
201709,21,021,3,6,Boyle County                  ,23,23,5025452,2,4,350000,1,3,275000,0,0,0,23,23,5025452,2,4,350000,1,3,275000,0,0,0
201709,21,029,3,6,Bullitt County                ,330,330,72330383,2,4,620000,4,14,2735927,1,5,935000,330,330,72330383,2,4,620000,4,14,2735927,1,5,935000
201709,21,035,3,6,Calloway County               ,16,16,3320755,3,6,415000,11,40,1868000,3,18,1638095,16,16,3320755,3,6,415000,11,40,1868000,3,18,1638095
201709,21,037,3,6,Campbell County               ,136,136,32859824,0,0,0,3,12,1252000,6,63,5768573,134,134,31779824,0,0,0,3,12,1252000,6,63,5768573
201709,21,045,3,6,Casey County                  ,0,0,0,0,0,0,0,0,0,0,0,0,0,0,0,0,0,0,0,0,0,0,0,0
201709,21,047,3,6,Christian County              ,60,60,6883260,2,4,240800,0,0,0,2,14,500000,41,41,5530460,2,4,240800,0,0,0,2,14,500000
201709,21,049,3,6,Clark County                  ,34,34,7233643,0,0,0,0,0,0,6,32,2216000,1,1,242000,0,0,0,0,0,0,0,0,0
201709,21,067,3,6,Fayette County                ,576,576,92332884,3,6,614667,2,6,840000,13,439,31376908,0,0,0,0,0,0,0,0,0,0,0,0
201709,21,069,3,6,Fleming County                ,0,0,0,0,0,0,0,0,0,0,0,0,0,0,0,0,0,0,0,0,0,0,0,0
201709,21,077,3,6,Gallatin County               ,12,12,2114250,0,0,0,0,0,0,0,0,0,12,12,2114250,0,0,0,0,0,0,0,0,0
201709,21,081,3,6,Grant County                  ,41,41,6706000,0,0,0,0,0,0,0,0,0,41,41,6706000,0,0,0,0,0,0,0,0,0
201709,21,091,3,6,Hancock County                ,2,2,398421,0,0,0,0,0,0,0,0,0,2,2,398421,0,0,0,0,0,0,0,0,0
201709,21,099,3,6,Hart County                   ,41,41,3987250,0,0,0,0,0,0,9,45,5109642,0,0,0,0,0,0,0,0,0,0,0,0
201709,21,101,3,6,Henderson County              ,21,21,5222381,1,2,175000,0,0,0,0,0,0,19,19,4750368,1,2,175000,0,0,0,0,0,0
201709,21,103,3,6,Henry County                  ,27,27,4662106,0,0,0,0,0,0,0,0,0,0,0,0,0,0,0,0,0,0,0,0,0
201709,21,111,3,6,Jefferson County              ,1003,1003,252234575,8,16,2055915,8,31,3194884,64,1742,135376171,896,896,229527017,7,14,1846742,6,24,3000000,60,1673,129747002
201709,21,113,3,6,Jessamine County              ,181,181,45701884,0,0,0,4,16,2000000,0,0,0,174,174,42759418,0,0,0,4,16,2000000,0,0,0
201709,21,115,3,6,Johnson County                ,0,0,0,0,0,0,1,3,430780,0,0,0,0,0,0,0,0,0,1,3,430780,0,0,0
201709,21,117,3,6,Kenton County                 ,225,225,54543184,0,0,0,1,4,466682,4,28,3266776,224,224,54460406,0,0,0,1,4,466682,4,28,3266776
201709,21,121,3,6,Knox County                   ,0,0,0,0,0,0,0,0,0,0,0,0,0,0,0,0,0,0,0,0,0,0,0,0
201709,21,123,3,6,Larue County                  ,22,22,5056179,1,2,213550,0,0,0,0,0,0,21,21,4829052,1,2,213550,0,0,0,0,0,0
201709,21,137,3,6,Lincoln County                ,22,22,3881891,0,0,0,0,0,0,0,0,0,17,17,2870588,0,0,0,0,0,0,0,0,0
201709,21,145,3,6,McCracken County              ,95,95,21040447,1,2,216750,2,8,1129400,1,8,755384,95,95,21040447,1,2,216750,2,8,1129400,1,8,755384
201709,21,151,3,6,Madison County                ,135,135,13168085,11,22,1165964,0,0,0,8,41,1382290,34,34,4425000,2,4,149000,0,0,0,0,0,0
201709,21,157,3,6,Marshall County               ,56,56,15150700,2,4,333000,2,6,500000,0,0,0,56,56,15150700,2,4,333000,2,6,500000,0,0,0
201709,21,161,3,6,Mason County                  ,16,16,3381000,0,0,0,0,0,0,0,0,0,16,16,3381000,0,0,0,0,0,0,0,0,0
201709,21,163,3,6,Meade County                  ,63,63,9460400,5,10,900000,0,0,0,0,0,0,63,63,9460400,5,10,900000,0,0,0,0,0,0
201709,21,167,3,6,Mercer County                 ,36,36,6059141,0,0,0,0,0,0,0,0,0,34,34,5727200,0,0,0,0,0,0,0,0,0
201709,21,175,3,6,Morgan County                 ,16,16,1200000,0,0,0,0,0,0,0,0,0,0,0,0,0,0,0,0,0,0,0,0,0
201709,21,179,3,6,Nelson County                 ,129,129,23654628,8,16,1510000,4,14,1605000,0,0,0,116,116,21472004,8,16,1510000,4,14,1605000,0,0,0
201709,21,185,3,6,Oldham County                 ,272,272,81024597,4,8,395332,0,0,0,2,10,494166,0,0,0,0,0,0,0,0,0,0,0,0
201709,21,191,3,6,Pendleton County              ,0,0,0,0,0,0,0,0,0,0,0,0,0,0,0,0,0,0,0,0,0,0,0,0
201709,21,209,3,6,Scott County                  ,365,365,59151178,18,36,2880000,1,4,480000,0,0,0,365,365,59151178,18,36,2880000,1,4,480000,0,0,0
201709,21,211,3,6,Shelby County                 ,211,211,50094526,0,0,0,0,0,0,13,240,13109255,211,211,50094526,0,0,0,0,0,0,13,240,13109255
201709,21,213,3,6,Simpson County                ,50,50,7523927,2,4,219500,0,0,0,3,48,4181400,50,50,7523927,2,4,219500,0,0,0,3,48,4181400
201709,21,215,3,6,Spencer County                ,105,105,24196092,0,0,0,0,0,0,0,0,0,105,105,24196092,0,0,0,0,0,0,0,0,0
201709,21,221,3,6,Trigg County                  ,2,2,459103,0,0,0,0,0,0,0,0,0,2,2,459103,0,0,0,0,0,0,0,0,0
201709,21,225,3,6,Union County                  ,6,6,1225916,1,2,142084,0,0,0,0,0,0,2,2,388452,0,0,0,0,0,0,0,0,0
201709,21,239,3,6,Woodford County               ,83,83,15253009,1,2,400000,0,0,0,0,0,0,83,83,15253009,1,2,400000,0,0,0,0,0,0
201709,22,005,3,7,Ascension Parish              ,820,820,126461395,0,0,0,0,0,0,0,0,0,606,606,91659800,0,0,0,0,0,0,0,0,0
201709,22,015,3,7,Bossier Parish                ,534,534,93914225,0,0,0,0,0,0,0,0,0,507,507,88478750,0,0,0,0,0,0,0,0,0
201709,22,017,3,7,Caddo Parish                  ,234,234,62220984,0,0,0,0,0,0,0,0,0,233,233,62064360,0,0,0,0,0,0,0,0,0
201709,22,031,3,7,De Soto Parish                ,82,82,20730325,0,0,0,0,0,0,0,0,0,79,79,19896501,0,0,0,0,0,0,0,0,0
201709,22,033,3,7,East Baton Rouge Parish       ,944,944,213137541,0,0,0,0,0,0,0,0,0,937,937,212171825,0,0,0,0,0,0,0,0,0
201709,22,037,3,7,East Feliciana Parish         ,44,44,8583189,0,0,0,1,4,270628,0,0,0,40,40,7779012,0,0,0,1,4,270628,0,0,0
201709,22,047,3,7,Iberville Parish              ,98,98,20697229,0,0,0,0,0,0,0,0,0,71,71,14906929,0,0,0,0,0,0,0,0,0
201709,22,051,3,7,Jefferson Parish              ,357,357,78465126,9,18,1425081,0,0,0,0,0,0,330,330,71126110,5,10,822100,0,0,0,0,0,0
201709,22,055,3,7,Lafayette Parish              ,1017,1017,206040248,0,0,0,1,3,750000,1,7,737633,687,687,147495285,0,0,0,0,0,0,0,0,0
201709,22,063,3,7,Livingston Parish             ,645,645,142967704,1,2,150000,2,6,464348,0,0,0,37,37,7799081,0,0,0,0,0,0,0,0,0
201709,22,071,3,7,Orleans Parish                ,376,376,85243925,48,96,9897244,1,3,490108,3,49,12060938,299,299,68543357,40,80,7956236,0,0,0,0,0,0
201709,22,075,3,7,Plaquemines Parish            ,27,27,7607380,0,0,0,0,0,0,0,0,0,22,22,6072700,0,0,0,0,0,0,0,0,0
201709,22,077,3,7,Pointe Coupee Parish          ,40,40,10503298,0,0,0,0,0,0,0,0,0,40,40,10503298,0,0,0,0,0,0,0,0,0
201709,22,087,3,7,St. Bernard Parish            ,86,86,15319300,0,0,0,0,0,0,0,0,0,86,86,15319300,0,0,0,0,0,0,0,0,0
201709,22,089,3,7,St. Charles Parish            ,89,89,19154900,0,0,0,0,0,0,0,0,0,89,89,19154900,0,0,0,0,0,0,0,0,0
201709,22,091,3,7,St. Helena Parish             ,0,0,0,0,0,0,0,0,0,0,0,0,0,0,0,0,0,0,0,0,0,0,0,0
201709,22,095,3,7,St. John the Baptist Parish   ,37,37,6103089,0,0,0,0,0,0,0,0,0,7,7,1313000,0,0,0,0,0,0,0,0,0
201709,22,099,3,7,St. Martin Parish             ,131,131,23946664,0,0,0,0,0,0,0,0,0,104,104,18416491,0,0,0,0,0,0,0,0,0
201709,22,103,3,7,St. Tammany Parish            ,1096,1096,247557461,2,4,700000,0,0,0,0,0,0,1065,1065,236085796,2,4,700000,0,0,0,0,0,0
201709,22,109,3,7,Terrebonne Parish             ,102,102,26352400,2,4,500000,0,0,0,0,0,0,102,102,26352400,2,4,500000,0,0,0,0,0,0
201709,22,121,3,7,West Baton Rouge Parish       ,212,212,33111898,0,0,0,0,0,0,0,0,0,192,192,30796829,0,0,0,0,0,0,0,0,0
201709,22,125,3,7,West Feliciana Parish         ,33,33,13469719,0,0,0,0,0,0,0,0,0,28,28,11436917,0,0,0,0,0,0,0,0,0
201709,23,000,1,1,Maine Unorganized Territory   ,74,74,9827218,0,0,0,0,0,0,0,0,0,0,0,0,0,0,0,0,0,0,0,0,0
201709,24,003,3,5,Anne Arundel County           ,1392,1392,227020313,4,8,576301,0,0,0,13,571,54665600,1392,1392,227020313,4,8,576301,0,0,0,13,571,54665600
201709,24,005,3,5,Baltimore County              ,689,689,166196625,1,2,500000,0,0,0,3,404,60200000,689,689,166196625,1,2,500000,0,0,0,3,404,60200000
201709,24,009,3,5,Calvert County                ,221,221,50667769,0,0,0,0,0,0,0,0,0,163,163,37571074,0,0,0,0,0,0,0,0,0
201709,24,013,3,5,Carroll County                ,243,243,66145169,2,4,778667,0,0,0,0,0,0,243,243,66145169,2,4,778667,0,0,0,0,0,0
201709,24,015,3,5,Cecil County                  ,76,76,17377490,0,0,0,0,0,0,0,0,0,76,76,17377490,0,0,0,0,0,0,0,0,0
201709,24,017,3,5,Charles County                ,550,550,119499738,0,0,0,0,0,0,0,0,0,547,547,119031501,0,0,0,0,0,0,0,0,0
201709,24,021,3,5,Frederick County              ,1222,1222,294325219,3,6,469550,1,4,63000,11,297,39107592,1222,1222,294325219,3,6,469550,1,4,63000,11,297,39107592
201709,24,023,3,5,Garrett County                ,52,52,16991765,0,0,0,0,0,0,0,0,0,52,52,16991765,0,0,0,0,0,0,0,0,0
201709,24,025,3,5,Harford County                ,559,559,110743080,0,0,0,0,0,0,8,209,20692968,552,552,108044615,0,0,0,0,0,0,6,178,18150000
201709,24,027,3,5,Howard County                 ,680,680,160332323,0,0,0,0,0,0,10,402,44357000,680,680,160332323,0,0,0,0,0,0,10,402,44357000
201709,24,031,3,5,Montgomery County             ,872,872,198549051,19,38,2200000,0,0,0,7,535,141404043,741,741,168170278,19,38,2200000,0,0,0,5,491,136600593
201709,24,033,3,5,Prince George County          ,1345,1345,292621163,0,0,0,0,0,0,15,877,127325000,1343,1343,292072609,0,0,0,0,0,0,15,877,127325000
201709,24,035,3,5,Queen Anne County             ,156,156,38275457,0,0,0,0,0,0,0,0,0,156,156,38275457,0,0,0,0,0,0,0,0,0
201709,24,037,3,5,St. Marys County              ,893,893,166705588,0,0,0,0,0,0,0,0,0,893,893,166705588,0,0,0,0,0,0,0,0,0
201709,24,039,3,5,Somerset County               ,18,18,2784207,0,0,0,0,0,0,0,0,0,12,12,1738042,0,0,0,0,0,0,0,0,0
201709,24,045,3,5,Wicomico County               ,96,96,16790980,2,4,317000,0,0,0,0,0,0,96,96,16790980,2,4,317000,0,0,0,0,0,0
201709,24,510,3,5,Baltimore (Independent City)  ,150,150,24051000,0,0,0,0,0,0,5,259,39391023,150,150,24051000,0,0,0,0,0,0,5,259,39391023
201709,25,005,1,1,Bristol County                ,579,579,119160442,15,30,3996400,1,3,160000,5,57,6353776,441,441,93966880,13,26,3534400,0,0,0,3,46,5364199
201709,25,009,1,1,Essex County                  ,443,443,146734126,38,76,13031834,3,10,2344000,7,131,20643812,318,318,104594343,27,54,8442472,1,4,889000,2,95,15800000
201709,25,017,1,1,Middlesex County              ,1087,1087,358750143,50,100,16055157,11,39,7402413,80,1533,220148806,856,856,296024430,29,58,9956531,7,27,5167829,46,1190,168776830
201709,25,021,1,1,Norfolk County                ,529,529,234397520,5,10,2190168,8,27,8052500,52,953,122727895,367,367,167504161,4,8,1841650,8,27,8052500,18,635,89223943
201709,25,023,1,1,Plymouth County               ,831,831,188673524,9,18,2312212,3,9,1414800,9,244,38961382,648,648,142113577,9,18,2312212,3,9,1414800,6,223,36943265
201709,25,025,1,1,Suffolk County                ,52,52,13119278,44,88,16102242,30,94,21303255,79,3224,754021484,47,47,12264146,43,86,15896039,30,94,21303255,65,3130,736593622
201709,26,000,2,3,Michigan Balance of State     ,50,50,9400911,0,0,0,0,0,0,0,0,0,0,0,0,0,0,0,0,0,0,0,0,0
201709,26,019,2,3,Benzie County                 ,60,60,14216182,0,0,0,0,0,0,0,0,0,60,60,14216182,0,0,0,0,0,0,0,0,0
201709,26,029,2,3,Charlevoix County             ,43,43,8999930,1,2,659319,0,0,0,0,0,0,0,0,0,0,0,0,0,0,0,0,0,0
201709,26,089,2,3,Leelanau County               ,103,103,21212829,0,0,0,0,0,0,0,0,0,103,103,21212829,0,0,0,0,0,0,0,0,0
201709,26,093,2,3,Livingston County             ,498,498,143319593,0,0,0,1,3,300000,0,0,0,478,478,141278160,0,0,0,1,3,300000,0,0,0
201709,26,095,2,3,Luce County                   ,4,4,976200,0,0,0,0,0,0,0,0,0,4,4,976200,0,0,0,0,0,0,0,0,0
201709,26,099,2,3,Macomb County                 ,1484,1484,384282262,22,44,6112525,2,7,833052,18,334,43145074,1472,1472,382140622,14,28,4367765,1,4,638052,18,334,43145074
201709,26,103,2,3,Marquette County              ,59,59,12264987,3,6,532500,0,0,0,0,0,0,59,59,12264987,3,6,532500,0,0,0,0,0,0
201709,26,137,2,3,Otsego County                 ,14,14,1134000,0,0,0,0,0,0,0,0,0,0,0,0,0,0,0,0,0,0,0,0,0
201709,26,147,2,3,St. Clair County              ,169,169,33206581,0,0,0,0,0,0,4,96,7296700,153,153,30726987,0,0,0,0,0,0,4,96,7296700
201709,26,163,2,3,Wayne County                  ,844,844,242227428,4,8,767832,32,118,11955057,21,791,102709343,803,803,231785000,4,8,767832,32,118,11955057,21,791,102709343
201709,27,003,2,4,Anoka County                  ,804,804,209684615,0,0,0,3,12,2218319,0,0,0,759,759,198051867,0,0,0,3,12,2218319,0,0,0
201709,27,019,2,4,Carver County                 ,468,468,140029071,1,2,518630,3,12,2269720,1,5,943444,443,443,132546432,1,2,518630,3,12,2269720,0,0,0
201709,27,025,2,4,Chisago County                ,187,187,32569753,1,2,408000,0,0,0,0,0,0,186,186,32298553,1,2,408000,0,0,0,0,0,0
201709,27,027,2,4,Clay County                   ,143,143,31476905,0,0,0,0,0,0,1,45,4800000,143,143,31476905,0,0,0,0,0,0,1,45,4800000
201709,27,037,2,4,Dakota County                 ,901,901,260635852,3,6,1064100,5,20,3460000,8,810,110238000,813,813,230785380,3,6,1064100,5,20,3460000,8,810,110238000
201709,27,053,2,4,Hennepin County               ,1417,1417,510609094,6,12,5221838,5,18,3605724,22,2156,380962693,1375,1375,482900703,6,12,5221838,5,18,3605724,19,2083,368068758
201709,27,059,2,4,Isanti County                 ,203,203,37387751,0,0,0,0,0,0,0,0,0,198,198,35789001,0,0,0,0,0,0,0,0,0
201709,27,123,2,4,Ramsey County                 ,168,168,57695121,0,0,0,0,0,0,5,366,43546924,166,166,57190067,0,0,0,0,0,0,5,366,43546924
201709,27,139,2,4,Scott County                  ,409,409,125612125,1,2,361132,0,0,0,5,254,37675984,395,395,121419502,1,2,361132,0,0,0,5,254,37675984
201709,27,141,2,4,Sherburne County              ,357,357,79130972,0,0,0,1,4,758680,1,5,51763,320,320,71337097,0,0,0,1,4,758680,0,0,0
201709,27,163,2,4,Washington County             ,583,583,194100935,0,0,0,1,4,618000,7,419,57362000,533,533,171404410,0,0,0,1,4,618000,5,409,56112000
201709,27,171,2,4,Wright County                 ,559,559,148013886,0,0,0,1,4,729422,0,0,0,549,549,145655690,0,0,0,1,4,729422,0,0,0
201709,28,033,3,6,DeSoto County                 ,995,995,163271667,0,0,0,1,4,351300,5,25,2151900,936,936,151130803,0,0,0,1,4,351300,5,25,2151900
201709,28,041,3,6,Greene County                 ,0,0,0,0,0,0,0,0,0,0,0,0,0,0,0,0,0,0,0,0,0,0,0,0
201709,28,045,3,6,Hancock County                ,330,330,54430548,4,8,740716,8,28,2810116,9,74,6265039,89,89,18017924,0,0,0,0,0,0,0,0,0
201709,28,047,3,6,Harrison County               ,746,746,121878708,2,4,520000,0,0,0,1,5,278124,651,651,111086613,1,2,275000,0,0,0,1,5,278124
201709,28,067,3,6,Jones County                  ,19,19,2856269,0,0,0,0,0,0,0,0,0,3,3,536468,0,0,0,0,0,0,0,0,0
201709,28,137,3,6,Tate County                   ,80,80,13185046,0,0,0,0,0,0,1,5,500625,77,77,12590500,0,0,0,0,0,0,0,0,0
201709,28,143,3,6,Tunica County                 ,8,8,797600,0,0,0,0,0,0,0,0,0,8,8,797600,0,0,0,0,0,0,0,0,0
201709,28,145,3,6,Union County                  ,11,11,1519000,1,2,80000,0,0,0,0,0,0,11,11,1519000,1,2,80000,0,0,0,0,0,0
201709,28,149,3,6,Warren County                 ,5,5,490000,0,0,0,0,0,0,0,0,0,5,5,490000,0,0,0,0,0,0,0,0,0
201709,29,013,2,4,Bates County                  ,0,0,0,0,0,0,0,0,0,0,0,0,0,0,0,0,0,0,0,0,0,0,0,0
201709,29,017,2,4,Bollinger County              ,0,0,0,0,0,0,0,0,0,0,0,0,0,0,0,0,0,0,0,0,0,0,0,0
201709,29,019,2,4,Boone County                  ,581,581,136060280,7,14,1277654,0,0,0,10,316,38041413,581,581,136060280,7,14,1277654,0,0,0,10,316,38041413
201709,29,049,2,4,Clinton County                ,38,38,6467600,1,2,160000,0,0,0,0,0,0,38,38,6467600,1,2,160000,0,0,0,0,0,0
201709,29,065,2,4,Dent County                   ,0,0,0,0,0,0,0,0,0,0,0,0,0,0,0,0,0,0,0,0,0,0,0,0
201709,29,071,2,4,Franklin County               ,294,294,55889432,5,10,904592,0,0,0,7,42,3923200,259,259,48167333,5,10,904592,0,0,0,7,42,3923200
201709,29,095,2,4,Jackson County                ,1397,1397,319342927,44,88,9568928,35,139,15646817,23,1413,126043712,1394,1394,319006426,44,88,9568928,35,139,15646817,23,1413,126043712
201709,29,099,2,4,Jefferson County              ,572,572,92992756,4,8,730000,0,0,0,0,0,0,550,550,90661218,4,8,730000,0,0,0,0,0,0
201709,29,105,2,4,Laclede County                ,14,14,1727500,2,4,522000,0,0,0,2,20,2139000,14,14,1727500,2,4,522000,0,0,0,2,20,2139000
201709,29,107,2,4,Lafayette County              ,28,28,5740430,0,0,0,0,0,0,0,0,0,9,9,1362779,0,0,0,0,0,0,0,0,0
201709,29,113,2,4,Lincoln County                ,108,108,19689738,0,0,0,0,0,0,0,0,0,90,90,15126436,0,0,0,0,0,0,0,0,0
201709,29,165,2,4,Platte County                 ,255,255,69130796,0,0,0,0,0,0,6,41,2695370,226,226,61232666,0,0,0,0,0,0,0,0,0
201709,29,185,2,4,St. Clair County              ,1,1,60000,0,0,0,0,0,0,0,0,0,1,1,60000,0,0,0,0,0,0,0,0,0
201709,29,189,2,4,St. Louis County              ,897,897,324049059,0,0,0,0,0,0,11,265,33785146,432,432,157847477,0,0,0,0,0,0,2,92,13506000
201709,29,219,2,4,Warren County                 ,233,233,50046451,0,0,0,0,0,0,0,0,0,229,229,49463814,0,0,0,0,0,0,0,0,0
201709,29,221,2,4,Washington County             ,0,0,0,0,0,0,0,0,0,0,0,0,0,0,0,0,0,0,0,0,0,0,0,0
201709,29,510,2,4,St. Louis (Independent City)  ,71,71,13544170,0,0,0,3,10,1460624,11,525,49108891,71,71,13544170,0,0,0,3,10,1460624,11,525,49108891
201709,30,033,4,8,Garfield County               ,0,0,0,0,0,0,0,0,0,0,0,0,0,0,0,0,0,0,0,0,0,0,0,0
201709,30,063,4,8,Missoula County               ,322,322,63914357,18,36,3899837,3,10,632589,22,457,51058421,322,322,63914357,18,36,3899837,3,10,632589,22,457,51058421
201709,30,093,4,8,Silver Bow County             ,56,56,6231823,0,0,0,0,0,0,0,0,0,56,56,6231823,0,0,0,0,0,0,0,0,0
201709,31,001,2,4,Adams County                  ,50,50,12706569,0,0,0,0,0,0,0,0,0,46,46,11890550,0,0,0,0,0,0,0,0,0
201709,31,025,2,4,Cass County                   ,109,109,19866456,0,0,0,0,0,0,0,0,0,109,109,19866456,0,0,0,0,0,0,0,0,0
201709,31,033,2,4,Cheyenne County               ,2,2,428704,0,0,0,0,0,0,0,0,0,2,2,428704,0,0,0,0,0,0,0,0,0
201709,31,055,2,4,Douglas County                ,1377,1377,220221043,0,0,0,1,3,561131,37,1259,112476459,1352,1352,214545368,0,0,0,1,3,561131,37,1259,112476459
201709,31,105,2,4,Kimball County                ,2,2,543700,0,0,0,0,0,0,0,0,0,2,2,543700,0,0,0,0,0,0,0,0,0
201709,31,153,2,4,Sarpy County                  ,720,720,191645667,1,2,183012,0,0,0,3,78,4075000,491,491,134740258,0,0,0,0,0,0,3,78,4075000
201709,31,165,2,4,Sioux County                  ,2,2,300000,0,0,0,0,0,0,0,0,0,2,2,300000,0,0,0,0,0,0,0,0,0
201709,31,177,2,4,Washington County             ,62,62,18120317,0,0,0,0,0,0,0,0,0,61,61,18030117,0,0,0,0,0,0,0,0,0
201709,32,001,4,8,Churchill County              ,23,23,5056124,0,0,0,0,0,0,0,0,0,23,23,5056124,0,0,0,0,0,0,0,0,0
201709,32,003,4,8,Clark County                  ,7644,7644,1453792179,26,52,8574724,30,90,16542387,74,2491,272435041,7644,7644,1453792179,26,52,8574724,30,90,16542387,74,2491,272435041
201709,32,005,4,8,Douglas County                ,111,111,43816622,0,0,0,0,0,0,1,24,2273199,111,111,43816622,0,0,0,0,0,0,1,24,2273199
201709,32,007,4,8,Elko County                   ,118,118,17715431,0,0,0,0,0,0,0,0,0,115,115,17517431,0,0,0,0,0,0,0,0,0
201709,32,013,4,8,Humboldt County               ,11,11,1508097,0,0,0,0,0,0,0,0,0,11,11,1508097,0,0,0,0,0,0,0,0,0
201709,32,015,4,8,Lander County                 ,0,0,0,0,0,0,0,0,0,0,0,0,0,0,0,0,0,0,0,0,0,0,0,0
201709,32,017,4,8,Lincoln County                ,9,9,2440542,0,0,0,0,0,0,0,0,0,2,2,547064,0,0,0,0,0,0,0,0,0
201709,32,019,4,8,Lyon County                   ,256,256,58317596,0,0,0,0,0,0,0,0,0,256,256,58317596,0,0,0,0,0,0,0,0,0
201709,32,021,4,8,Mineral County                ,0,0,0,0,0,0,0,0,0,0,0,0,0,0,0,0,0,0,0,0,0,0,0,0
201709,32,027,4,8,Pershing County               ,4,4,262682,0,0,0,0,0,0,0,0,0,4,4,262682,0,0,0,0,0,0,0,0,0
201709,32,029,4,8,Storey County                 ,12,12,2259421,0,0,0,0,0,0,0,0,0,6,6,1483172,0,0,0,0,0,0,0,0,0
201709,32,031,4,8,Washoe County                 ,1522,1522,383543153,3,6,735150,2,7,1143403,84,1756,169726606,1522,1522,383543153,3,6,735150,2,7,1143403,84,1756,169726606
201709,32,033,4,8,White Pine County             ,2,2,651328,0,0,0,0,0,0,0,0,0,1,1,234540,0,0,0,0,0,0,0,0,0
201709,32,510,4,8,Carson City (Independent City),93,93,25823806,0,0,0,5,20,2545672,0,0,0,93,93,25823806,0,0,0,5,20,2545672,0,0,0
201709,33,015,1,1,Rockingham County             ,582,582,144511813,19,38,5003871,6,23,2706500,9,129,15700364,420,420,112568057,19,38,5003871,5,20,2225000,4,96,12199168
201709,33,017,1,1,Strafford County              ,242,242,47973051,13,26,3091958,1,3,323420,4,138,11357000,215,215,44067737,13,26,3091958,0,0,0,4,138,11357000
201709,34,001,1,2,Atlantic County               ,211,211,46230062,0,0,0,0,0,333805,19,496,54998247,186,186,43868693,0,0,0,0,0,333805,8,356,38260900
201709,34,003,1,2,Bergen County                 ,644,644,220601768,74,148,29513564,6,20,3535600,47,948,84972065,420,420,140352122,59,118,25360873,6,20,3535600,12,714,70050983
201709,34,005,1,2,Burlington County             ,645,645,80677206,3,6,540818,0,0,0,11,175,11687924,501,501,59480377,1,2,100000,0,0,0,5,143,8882259
201709,34,007,1,2,Camden County                 ,157,157,28064429,4,8,267200,0,0,0,116,726,23976205,95,95,17670365,4,8,267200,0,0,0,95,583,14487378
201709,34,009,1,2,Cape May County               ,434,434,144886620,47,94,18930800,1,3,387864,7,72,9116185,415,415,139217275,47,94,18930800,1,3,387864,6,67,9103185
201709,34,011,1,2,Cumberland County             ,86,86,8111454,0,0,0,0,0,0,1,5,666180,21,21,1630670,0,0,0,0,0,0,0,0,0
201709,34,013,1,2,Essex County                  ,264,264,48527052,22,44,4760392,16,50,5680665,50,1516,220779691,66,66,26326643,20,40,4561191,14,44,4413188,15,803,170808707
201709,34,015,1,2,Gloucester County             ,330,330,50134260,3,6,260364,0,0,0,5,106,14465455,234,234,40133520,3,6,260364,0,0,0,5,106,14465455
201709,34,017,1,2,Hudson County                 ,214,214,36617577,59,118,13119500,15,56,5166852,52,3045,398209277,206,206,33923295,59,118,13119500,15,56,5166852,51,3040,397607751
201709,34,019,1,2,Hunterdon County              ,113,113,26333539,2,4,466400,1,3,450000,14,80,4188211,96,96,23497514,0,0,0,1,3,450000,0,0,0
201709,34,021,1,2,Mercer County                 ,109,109,43099886,0,0,0,1,4,175250,8,167,15253062,109,109,43099886,0,0,0,1,4,175250,8,167,15253062
201709,34,023,1,2,Middlesex County              ,600,600,109846155,3,6,495800,1,4,918000,69,1448,122564630,493,493,90378564,3,6,495800,1,4,918000,51,1326,116270167
201709,34,025,1,2,Monmouth County               ,672,672,205557623,1,2,130400,3,10,1140266,36,536,40357814,611,611,192467726,1,2,130400,2,7,821580,31,466,36990264
201709,34,027,1,2,Morris County                 ,465,465,104759766,2,4,206098,34,119,4832400,41,500,41117945,359,359,81246436,2,4,206098,34,119,4832400,9,104,10416816
201709,34,029,1,2,Ocean County                  ,1848,1848,306445168,20,40,8288550,31,109,4756000,34,320,17368301,1834,1834,303564819,20,40,8288550,31,109,4756000,34,320,17368301
201709,34,031,1,2,Passaic County                ,130,130,25539068,2,4,231746,2,8,453611,24,363,32734400,91,91,17945791,1,2,71000,2,8,453611,14,311,28010630
201709,34,033,1,2,Salem County                  ,32,32,4681201,0,0,0,0,0,0,0,0,0,25,25,3929136,0,0,0,0,0,0,0,0,0
201709,34,035,1,2,Somerset County               ,250,250,61222694,1,2,29800,0,0,0,36,399,29309175,187,187,50612305,1,2,29800,0,0,0,9,179,15095350
201709,34,037,1,2,Sussex County                 ,68,68,13741770,0,0,0,1,4,866000,0,0,0,60,60,11556366,0,0,0,1,4,866000,0,0,0
201709,34,039,1,2,Union County                  ,237,237,54935911,36,72,7131771,4,12,1165564,31,638,41461536,173,173,46109013,31,62,6352605,2,6,534250,12,475,33455160
201709,34,041,1,2,Warren County                 ,39,39,7317330,0,0,0,0,0,0,6,83,2928148,26,26,5425620,0,0,0,0,0,0,2,48,1405760
201709,35,000,4,8,New Mexico Balance of State   ,298,298,80846999,0,0,0,0,0,0,0,0,0,0,0,0,0,0,0,0,0,0,0,0,0
201709,35,001,4,8,Bernalillo County             ,876,876,199845216,2,4,440214,0,0,0,12,182,17955888,232,232,72741291,1,2,178114,0,0,0,0,0,0
201709,35,005,4,8,Chaves County                 ,57,57,8956909,2,4,607352,0,0,0,2,26,1769445,44,44,6810594,2,4,607352,0,0,0,0,0,0
201709,35,007,4,8,Colfax County                 ,15,15,6808001,0,0,0,0,0,0,0,0,0,12,12,5453000,0,0,0,0,0,0,0,0,0
201709,35,009,4,8,Curry County                  ,41,41,10455453,1,2,285889,0,0,0,2,12,1106250,32,32,8238388,1,2,285889,0,0,0,0,0,0
201709,35,013,4,8,Dona Ana County               ,602,602,123316957,0,0,0,2,7,668300,25,284,20279410,587,587,120579969,0,0,0,2,7,668300,25,284,20279410
201709,35,015,4,8,Eddy County                   ,112,112,21847358,0,0,0,0,0,0,0,0,0,112,112,21847358,0,0,0,0,0,0,0,0,0
201709,35,017,4,8,Grant County                  ,10,10,1632749,0,0,0,0,0,0,0,0,0,0,0,0,0,0,0,0,0,0,0,0,0
201709,35,025,4,8,Lea County                    ,68,68,14330962,0,0,0,0,0,0,1,10,1744904,50,50,10867759,0,0,0,0,0,0,0,0,0
201709,35,027,4,8,Lincoln County                ,61,61,15398924,0,0,0,0,0,0,0,0,0,0,0,0,0,0,0,0,0,0,0,0,0
201709,35,028,4,8,Los Alamos County             ,15,15,4177412,0,0,0,0,0,0,0,0,0,15,15,4177412,0,0,0,0,0,0,0,0,0
201709,35,029,4,8,Luna County                   ,15,15,2787194,0,0,0,0,0,0,0,0,0,7,7,1390786,0,0,0,0,0,0,0,0,0
201709,35,031,4,8,McKinley County               ,10,10,1940000,0,0,0,0,0,0,0,0,0,10,10,1940000,0,0,0,0,0,0,0,0,0
201709,35,035,4,8,Otero County                  ,3,3,648881,0,0,0,0,0,0,0,0,0,3,3,648881,0,0,0,0,0,0,0,0,0
201709,35,041,4,8,Roosevelt County              ,14,14,2033300,0,0,0,0,0,0,0,0,0,14,14,2033300,0,0,0,0,0,0,0,0,0
201709,35,043,4,8,Sandoval County               ,497,497,108410486,1,2,283271,1,3,251560,9,49,2041663,280,280,63230486,0,0,0,0,0,0,0,0,0
201709,35,045,4,8,San Juan County               ,70,70,16903304,0,0,0,0,0,0,0,0,0,60,60,14452491,0,0,0,0,0,0,0,0,0
201709,35,047,4,8,San Miguel County             ,1,1,140000,0,0,0,0,0,0,0,0,0,0,0,0,0,0,0,0,0,0,0,0,0
201709,35,049,4,8,Santa Fe County               ,189,189,42815584,0,0,0,0,0,0,0,0,0,167,167,37325347,0,0,0,0,0,0,0,0,0
201709,35,051,4,8,Sierra County                 ,1,1,95000,0,0,0,0,0,0,0,0,0,1,1,95000,0,0,0,0,0,0,0,0,0
201709,35,053,4,8,Socorro County                ,2,2,438000,0,0,0,0,0,0,0,0,0,2,2,438000,0,0,0,0,0,0,0,0,0
201709,35,055,4,8,Taos County                   ,71,71,8034468,0,0,0,0,0,0,0,0,0,1,1,358563,0,0,0,0,0,0,0,0,0
201709,35,061,4,8,Valencia County               ,83,83,8998196,0,0,0,0,0,0,0,0,0,0,0,0,0,0,0,0,0,0,0,0,0
201709,36,001,1,2,Albany County                 ,213,213,48361346,2,4,523000,1,3,183750,26,409,44553049,188,188,44029696,2,4,523000,0,0,0,17,329,31429000
201709,36,005,1,2,Bronx County                  ,7,7,1868781,25,50,6734438,15,45,5469120,57,3339,442933869,7,7,1868781,25,50,6734438,15,45,5469120,57,3339,442933869
201709,36,029,1,2,Erie County                   ,603,603,180912010,1,2,105000,3,11,2175000,36,526,75586637,546,546,169933285,1,2,105000,3,11,2175000,29,376,42154857
201709,36,047,1,2,Kings County                  ,59,59,15662526,58,116,15603367,54,180,22264080,188,4196,558648185,59,59,15662526,58,116,15603367,54,180,22264080,188,4196,558648185
201709,36,051,1,2,Livingston County             ,22,22,3618356,0,0,0,0,0,0,8,40,2151786,9,9,1534210,0,0,0,0,0,0,0,0,0
201709,36,055,1,2,Monroe County                 ,553,553,119494296,5,10,1751800,9,29,4617867,10,346,36211799,517,517,109543444,5,10,1751800,8,25,4241867,9,341,36077971
201709,36,059,1,2,Nassau County                 ,637,637,248502682,4,8,1132680,0,0,0,16,197,66361761,482,482,194753411,2,4,540680,0,0,0,8,150,60189683
201709,36,061,1,2,New York County               ,4,4,1071350,3,6,805870,3,11,1336896,47,3652,485357068,4,4,1071350,3,6,805870,3,11,1336896,47,3652,485357068
201709,36,063,1,2,Niagara County                ,161,161,40738943,0,0,0,0,0,0,0,0,0,140,140,34775132,0,0,0,0,0,0,0,0,0
201709,36,069,1,2,Ontario County                ,220,220,56897871,0,0,0,1,4,298400,2,10,566143,187,187,46914139,0,0,0,0,0,0,0,0,0
201709,36,073,1,2,Orleans County                ,20,20,3471125,0,0,0,0,0,0,0,0,0,11,11,1775000,0,0,0,0,0,0,0,0,0
201709,36,079,1,2,Putnam County                 ,31,31,11053682,0,0,0,2,7,1642107,1,8,1052123,23,23,9336465,0,0,0,1,4,971658,1,8,1052123
201709,36,081,1,2,Queens County                 ,82,82,21834952,161,322,43286090,58,177,21767688,64,3687,489298259,82,82,21834952,161,322,43286090,58,177,21767688,64,3687,489298259
201709,36,083,1,2,Rensselaer County             ,91,91,23181917,1,2,550000,8,32,3181366,1,5,500000,59,59,14568754,0,0,0,8,32,3181366,0,0,0
201709,36,085,1,2,Richmond County               ,233,233,61883087,141,282,37828066,1,3,364608,1,8,1052123,233,233,61883087,141,282,37828066,1,3,364608,1,8,1052123
201709,36,087,1,2,Rockland County               ,83,83,29837375,20,40,5680419,14,49,5708466,15,213,39103971,54,54,22514640,1,2,280000,2,6,700000,5,150,31700000
201709,36,091,1,2,Saratoga County               ,526,526,147891847,18,36,4960353,9,30,2874828,37,370,41260139,365,365,101229748,15,30,3931184,4,13,1713824,10,200,23580000
201709,36,093,1,2,Schenectady County            ,60,60,10119112,1,2,125000,5,20,2167361,6,83,5102702,42,42,7138782,1,2,125000,5,20,2167361,5,78,4452702
201709,36,095,1,2,Schoharie County              ,24,24,3773067,1,2,160000,0,0,0,0,0,0,14,14,1869255,1,2,160000,0,0,0,0,0,0
201709,36,099,1,2,Seneca County                 ,20,20,3040025,1,2,200000,0,0,0,0,0,0,20,20,3040025,1,2,200000,0,0,0,0,0,0
201709,36,117,1,2,Wayne County                  ,61,61,11747874,0,0,0,0,0,0,0,0,0,52,52,10109921,0,0,0,0,0,0,0,0,0
201709,36,119,1,2,Westchester County            ,262,262,130296399,6,12,1614998,0,0,0,18,907,159247273,206,206,106448346,0,0,0,0,0,0,7,792,137850000
201709,37,007,3,5,Anson County                  ,33,33,4945545,0,0,0,0,0,0,0,0,0,0,0,0,0,0,0,0,0,0,0,0,0
201709,37,011,3,5,Avery County                  ,68,68,27425528,0,0,0,0,0,0,0,0,0,68,68,27425528,0,0,0,0,0,0,0,0,0
201709,37,015,3,5,Bertie County                 ,11,11,1475547,0,0,0,0,0,0,0,0,0,9,9,1058630,0,0,0,0,0,0,0,0,0
201709,37,025,3,5,Cabarrus County               ,1187,1187,190711009,1,2,100000,0,0,0,0,0,0,1187,1187,190711009,1,2,100000,0,0,0,0,0,0
201709,37,033,3,5,Caswell County                ,27,27,5061406,0,0,0,0,0,0,0,0,0,27,27,5061406,0,0,0,0,0,0,0,0,0
201709,37,037,3,5,Chatham County                ,594,594,153228764,0,0,0,0,0,0,0,0,0,594,594,153228764,0,0,0,0,0,0,0,0,0
201709,37,051,3,5,Cumberland County             ,495,495,82473243,0,0,0,0,0,0,0,0,0,495,495,82473243,0,0,0,0,0,0,0,0,0
201709,37,053,3,5,Currituck County              ,227,227,60945737,0,0,0,0,0,0,0,0,0,227,227,60945737,0,0,0,0,0,0,0,0,0
201709,37,059,3,5,Davie County                  ,100,100,19961147,0,0,0,0,0,0,0,0,0,40,40,7852390,0,0,0,0,0,0,0,0,0
201709,37,063,3,5,Durham County                 ,1467,1467,284770137,3,6,509691,0,0,0,30,872,67547264,441,441,91958853,0,0,0,0,0,0,7,288,17254697
201709,37,069,3,5,Franklin County               ,431,431,73389750,0,0,0,0,0,0,0,0,0,431,431,73389750,0,0,0,0,0,0,0,0,0
201709,37,071,3,5,Gaston County                 ,831,831,240828015,6,12,1491932,4,14,3082870,4,23,3645268,831,831,240828015,6,12,1491932,4,14,3082870,4,23,3645268
201709,37,081,3,5,Guilford County               ,1113,1113,256534404,9,18,3664192,0,0,0,18,732,103218807,1102,1102,255181719,9,18,3664192,0,0,0,17,727,102936708
201709,37,089,3,5,Henderson County              ,386,386,100016359,0,0,0,0,0,0,4,84,5366400,386,386,100016359,0,0,0,0,0,0,4,84,5366400
201709,37,093,3,5,Hoke County                   ,169,169,38938217,0,0,0,0,0,0,0,0,0,169,169,38938217,0,0,0,0,0,0,0,0,0
201709,37,097,3,5,Iredell County                ,1041,1041,296357854,1,2,178688,0,0,0,16,270,26589056,1041,1041,296357854,1,2,178688,0,0,0,16,270,26589056
201709,37,101,3,5,Johnston County               ,1766,1766,301949813,0,0,0,0,0,0,0,0,0,1608,1608,272918555,0,0,0,0,0,0,0,0,0
201709,37,105,3,5,Lee County                    ,159,159,30602884,0,0,0,0,0,0,0,0,0,159,159,30602884,0,0,0,0,0,0,0,0,0
201709,37,119,3,5,Mecklenburg County            ,4077,4077,938180371,12,24,2003747,7,24,2371705,68,3877,337182297,4077,4077,938180371,12,24,2003747,7,24,2371705,68,3877,337182297
201709,37,133,3,5,Onslow County                 ,684,684,97868840,9,18,1115480,1,4,400000,1,6,360000,682,682,97395349,9,18,1115480,1,4,400000,1,6,360000
201709,37,135,3,5,Orange County                 ,383,383,122620867,2,4,275000,0,0,0,11,400,30982565,383,383,122620867,2,4,275000,0,0,0,11,400,30982565
201709,37,145,3,5,Person County                 ,74,74,15566724,0,0,0,0,0,0,0,0,0,74,74,15566724,0,0,0,0,0,0,0,0,0
201709,37,151,3,5,Randolph County               ,244,244,53379275,2,4,170000,0,0,0,0,0,0,222,222,48349587,2,4,170000,0,0,0,0,0,0
201709,37,157,3,5,Rockingham County             ,131,131,31945663,0,0,0,0,0,0,7,149,19253327,129,129,31606220,0,0,0,0,0,0,6,144,18741410
201709,37,179,3,5,Union County                  ,1216,1216,275748968,0,0,0,0,0,0,0,0,0,1216,1216,275748968,0,0,0,0,0,0,0,0,0
201709,37,181,3,5,Vance County                  ,43,43,7035271,0,0,0,0,0,0,0,0,0,43,43,7035271,0,0,0,0,0,0,0,0,0
201709,37,183,3,5,Wake County                   ,6296,6296,1451978301,1,2,180000,5,18,1150372,70,2243,231667222,6234,6234,1439771957,1,2,180000,5,18,1150372,70,2243,231667222
201709,37,195,3,5,Wilson County                 ,159,159,23213776,1,2,115000,0,0,0,8,140,19643818,159,159,23213776,1,2,115000,0,0,0,8,140,19643818
201709,39,007,2,3,Ashtabula County              ,58,58,10636275,9,18,1447164,0,0,0,0,0,0,0,0,0,0,0,0,0,0,0,0,0,0
201709,39,015,2,3,Brown County                  ,53,53,13711323,0,0,0,0,0,0,0,0,0,53,53,13711323,0,0,0,0,0,0,0,0,0
201709,39,017,2,3,Butler County                 ,593,593,125224048,2,4,700000,1,4,360000,6,72,5143246,568,568,120855004,2,4,700000,1,4,360000,6,72,5143246
201709,39,025,2,3,Clermont County               ,347,347,74156942,1,2,140000,12,45,2972996,10,382,24597598,347,347,74156942,1,2,140000,12,45,2972996,10,382,24597598
201709,39,041,2,3,Delaware County               ,970,970,258093558,6,12,1793628,2,8,985961,16,166,19792299,927,927,249676659,6,12,1793628,2,8,985961,14,149,18507524
201709,39,049,2,3,Franklin County               ,1380,1380,392385783,6,12,1949114,20,68,10135000,131,3437,495640633,1364,1364,387133592,5,10,1726000,20,68,10135000,130,3422,494905633
201709,39,055,2,3,Geauga County                 ,128,128,36703453,3,6,1200000,0,0,0,1,81,22700000,128,128,36703453,3,6,1200000,0,0,0,1,81,22700000
201709,39,085,2,3,Lake County                   ,330,330,68763235,0,0,0,0,0,0,2,82,7500000,330,330,68763235,0,0,0,0,0,0,2,82,7500000
201709,39,089,2,3,Licking County                ,208,208,51163142,0,0,0,0,0,0,0,0,0,96,96,23185610,0,0,0,0,0,0,0,0,0
201709,39,093,2,3,Lorain County                 ,595,595,139367330,3,6,728900,13,52,4616000,17,154,7321036,481,481,109722924,3,6,728900,13,52,4616000,12,92,3933500
201709,39,097,2,3,Madison County                ,46,46,10638409,0,0,0,0,0,0,0,0,0,35,35,8826849,0,0,0,0,0,0,0,0,0
201709,39,103,2,3,Medina County                 ,513,513,129686758,3,6,420000,2,6,420000,2,17,1054000,503,503,128062759,3,6,420000,2,6,420000,2,17,1054000
201709,39,117,2,3,Morrow County                 ,54,54,8714774,0,0,0,0,0,0,0,0,0,45,45,6963951,0,0,0,0,0,0,0,0,0
201709,39,159,2,3,Union County                  ,310,310,83872610,4,8,1207000,0,0,0,0,0,0,310,310,83872610,4,8,1207000,0,0,0,0,0,0
201709,39,165,2,3,Warren County                 ,1026,1026,273689453,1,2,380913,2,7,1316370,10,205,26214735,1020,1020,272411375,1,2,380913,2,7,1316370,9,200,25777453
201709,40,001,3,7,Adair County                  ,12,12,2113789,0,0,0,0,0,0,0,0,0,3,3,380000,0,0,0,0,0,0,0,0,0
201709,40,017,3,7,Canadian County               ,204,204,45060799,7,14,895000,0,0,0,0,0,0,161,161,34313650,7,14,895000,0,0,0,0,0,0
201709,40,021,3,7,Cherokee County               ,45,45,5905720,3,6,390000,0,0,0,1,5,244048,0,0,0,0,0,0,0,0,0,0,0,0
201709,40,027,3,7,Cleveland County              ,478,478,111879510,14,28,4432400,5,15,2100000,8,44,3229994,478,478,111879510,14,28,4432400,5,15,2100000,8,44,3229994
201709,40,029,3,7,Coal County                   ,0,0,0,0,0,0,0,0,0,0,0,0,0,0,0,0,0,0,0,0,0,0,0,0
201709,40,037,3,7,Creek County                  ,68,68,13535437,0,0,0,0,0,0,0,0,0,68,68,13535437,0,0,0,0,0,0,0,0,0
201709,40,051,3,7,Grady County                  ,68,68,13359922,0,0,0,0,0,0,0,0,0,19,19,2847000,0,0,0,0,0,0,0,0,0
201709,40,055,3,7,Greer County                  ,1,1,50000,0,0,0,0,0,0,0,0,0,1,1,50000,0,0,0,0,0,0,0,0,0
201709,40,081,3,7,Lincoln County                ,3,3,544103,0,0,0,0,0,0,0,0,0,3,3,544103,0,0,0,0,0,0,0,0,0
201709,40,083,3,7,Logan County                  ,9,9,1593417,3,6,255500,0,0,0,0,0,0,7,7,1288000,2,4,143000,0,0,0,0,0,0
201709,40,087,3,7,McClain County                ,294,294,58576161,0,0,0,0,0,0,0,0,0,223,223,43920900,0,0,0,0,0,0,0,0,0
201709,40,109,3,7,Oklahoma County               ,2900,2900,659262464,51,102,14487466,1,4,250000,0,0,0,2766,2766,635669262,51,102,14487466,1,4,250000,0,0,0
201709,40,111,3,7,Okmulgee County               ,2,2,299667,0,0,0,0,0,0,0,0,0,0,0,0,0,0,0,0,0,0,0,0,0
201709,40,113,3,7,Osage County                  ,113,113,19476738,4,8,600000,0,0,0,0,0,0,113,113,19476738,4,8,600000,0,0,0,0,0,0
201709,40,117,3,7,Pawnee County                 ,1,1,240000,0,0,0,0,0,0,0,0,0,1,1,240000,0,0,0,0,0,0,0,0,0
201709,40,131,3,7,Rogers County                 ,336,336,58398299,11,22,1318110,0,0,0,0,0,0,331,331,57881634,11,22,1318110,0,0,0,0,0,0
201709,40,143,3,7,Tulsa County                  ,1603,1603,384952106,6,12,1338610,1,4,282975,7,285,35026558,1601,1601,384826106,6,12,1338610,1,4,282975,7,285,35026558
201709,40,145,3,7,Wagoner County                ,364,364,65818788,0,0,0,0,0,0,8,43,2930670,364,364,65818788,0,0,0,0,0,0,8,43,2930670
201709,41,000,4,9,Oregon Balance of State       ,132,132,19497375,0,0,0,0,0,0,0,0,0,0,0,0,0,0,0,0,0,0,0,0,0
201709,41,005,4,9,Clackamas County              ,963,963,317045012,6,12,1610359,4,14,1407445,16,361,44721299,932,932,302677610,5,10,1258559,4,14,1407445,14,324,39340870
201709,41,019,4,9,Douglas County                ,194,194,46932635,3,6,756087,0,0,0,0,0,0,194,194,46932635,3,6,756087,0,0,0,0,0,0
201709,41,025,4,9,Harney County                 ,9,9,2133732,0,0,0,0,0,0,0,0,0,0,0,0,0,0,0,0,0,0,0,0,0
201709,41,035,4,9,Klamath County                ,76,76,18630840,0,0,0,0,0,0,0,0,0,76,76,18630840,0,0,0,0,0,0,0,0,0
201709,41,051,4,9,Multnomah County              ,796,796,217928219,85,170,32514874,6,21,3631503,96,4497,652902472,796,796,217928219,85,170,32514874,6,21,3631503,95,4492,652142472
201709,41,067,4,9,Washington County             ,1204,1204,362673155,0,0,0,1,3,551698,30,964,129520429,1204,1204,362673155,0,0,0,1,3,551698,30,964,129520429
201709,41,071,4,9,Yamhill County                ,243,243,81482582,0,0,0,0,0,0,2,21,1727047,191,191,67867508,0,0,0,0,0,0,1,16,1251757
201709,42,001,1,2,Adams County                  ,200,200,39942248,0,0,0,0,0,0,0,0,0,200,200,39942248,0,0,0,0,0,0,0,0,0
201709,42,017,1,2,Bucks County                  ,728,728,166260172,1,2,425000,1,3,528000,3,24,2739270,541,541,123290521,1,2,425000,0,0,0,3,24,2739270
201709,42,029,1,2,Chester County                ,901,901,184295605,0,0,0,3,9,1330903,3,15,1968700,820,820,163697139,0,0,0,2,6,1008000,3,15,1968700
201709,42,037,1,2,Columbia County               ,60,60,15398708,0,0,0,2,6,774448,1,5,782273,28,28,7505456,0,0,0,0,0,0,0,0,0
201709,42,041,1,2,Cumberland County             ,635,635,139904687,3,6,765000,5,20,3480392,8,59,6248496,572,572,125664605,3,6,765000,5,20,3480392,4,24,1498070
201709,42,043,1,2,Dauphin County                ,286,286,58945035,6,12,2120455,4,16,2450525,5,49,4691480,227,227,45883819,6,12,2120455,4,16,2450525,5,49,4691480
201709,42,045,1,2,Delaware County               ,311,311,81475063,2,4,450000,3,12,900000,3,15,5639514,166,166,46989444,2,4,450000,3,12,900000,0,0,0
201709,42,055,1,2,Franklin County               ,251,251,41671592,3,6,570000,1,4,320000,7,40,3314184,210,210,35901143,3,6,570000,1,4,320000,1,8,194000
201709,42,065,1,2,Jefferson County              ,39,39,5564955,0,0,0,0,0,0,0,0,0,39,39,5564955,0,0,0,0,0,0,0,0,0
201709,42,091,1,2,Montgomery County             ,854,854,171979578,18,36,4010722,0,0,0,21,755,101205652,705,705,136304262,18,36,4010722,0,0,0,8,612,84172253
201709,42,093,1,2,Montour County                ,22,22,5223438,0,0,0,0,0,0,0,0,0,10,10,2554093,0,0,0,0,0,0,0,0,0
201709,42,099,1,2,Perry County                  ,80,80,19756116,0,0,0,0,0,0,0,0,0,8,8,1258800,0,0,0,0,0,0,0,0,0
201709,42,101,1,2,Philadelphia County           ,621,621,164168080,93,186,32691250,78,263,33617290,49,1058,147009160,444,444,117934565,77,154,26787942,52,176,24343132,33,759,107391875
201709,42,103,1,2,Pike County                   ,69,69,16242946,0,0,0,0,0,0,0,0,0,58,58,13343612,0,0,0,0,0,0,0,0,0
201709,44,001,1,1,Bristol County                ,34,34,9011337,0,0,0,0,0,0,0,0,0,31,31,8356081,0,0,0,0,0,0,0,0,0
201709,44,003,1,1,Kent County                   ,147,147,20958885,1,2,247000,0,0,0,0,0,0,118,118,16037632,1,2,247000,0,0,0,0,0,0
201709,44,005,1,1,Newport County                ,104,104,37346708,1,2,285120,1,3,430000,0,0,0,97,97,35195218,1,2,285120,1,3,430000,0,0,0
201709,44,007,1,1,Providence County             ,278,278,46670733,5,10,994150,0,0,0,0,0,0,239,239,42121436,5,10,994150,0,0,0,0,0,0
201709,44,009,1,1,Washington County             ,211,211,59337041,2,4,1000000,3,9,1800000,0,0,0,182,182,48716564,2,4,1000000,3,9,1800000,0,0,0
201709,45,003,3,5,Aiken County                  ,601,601,124188275,0,0,0,7,21,2946826,5,315,35461772,601,601,124188275,0,0,0,7,21,2946826,5,315,35461772
201709,45,009,3,5,Bamberg County                ,9,9,1178000,0,0,0,0,0,0,0,0,0,9,9,1178000,0,0,0,0,0,0,0,0,0
201709,45,015,3,5,Berkeley County               ,1207,1207,334267698,0,0,0,0,0,0,9,299,7054032,791,791,223389819,0,0,0,0,0,0,0,0,0
201709,45,017,3,5,Calhoun County                ,20,20,3083832,0,0,0,0,0,0,0,0,0,20,20,3083832,0,0,0,0,0,0,0,0,0
201709,45,019,3,5,Charleston County             ,2000,2000,584623270,2,4,714000,0,0,0,69,1982,239214568,1405,1405,490214306,2,4,714000,0,0,0,55,1704,223761028
201709,45,035,3,5,Dorchester County             ,470,470,126025078,0,0,0,0,0,0,1,42,5982000,468,468,125810078,0,0,0,0,0,0,1,42,5982000
201709,45,037,3,5,Edgefield County              ,86,86,16478374,0,0,0,0,0,0,0,0,0,86,86,16478374,0,0,0,0,0,0,0,0,0
201709,45,039,3,5,Fairfield County              ,37,37,7811275,0,0,0,0,0,0,0,0,0,0,0,0,0,0,0,0,0,0,0,0,0
201709,45,045,3,5,Greenville County             ,2278,2278,1043003494,0,0,0,5,18,1282626,12,440,31013670,2273,2273,1042212333,0,0,0,5,18,1282626,12,440,31013670
201709,45,051,3,5,Horry County                  ,3420,3420,573750953,38,76,6587704,0,0,0,31,269,30671749,3247,3247,529673534,36,72,5450744,0,0,0,26,244,28729607
201709,45,055,3,5,Kershaw County                ,192,192,27790766,0,0,0,0,0,0,0,0,0,192,192,27790766,0,0,0,0,0,0,0,0,0
201709,45,059,3,5,Laurens County                ,102,102,15436769,0,0,0,0,0,0,0,0,0,99,99,15163803,0,0,0,0,0,0,0,0,0
201709,45,063,3,5,Lexington County              ,1376,1376,342517485,0,0,0,0,0,0,8,276,25488078,805,805,194277675,0,0,0,0,0,0,3,200,18050176
201709,45,077,3,5,Pickens County                ,420,420,101457891,0,0,0,1,4,538719,10,228,28615418,332,332,86366327,0,0,0,1,4,538719,1,5,594031
201709,45,079,3,5,Richland County               ,1559,1559,223687508,4,8,1068468,0,0,0,13,262,14788002,266,266,58056367,4,8,1068468,0,0,0,0,0,0
201709,45,081,3,5,Saluda County                 ,25,25,5690906,0,0,0,0,0,0,0,0,0,25,25,5690906,0,0,0,0,0,0,0,0,0
201709,45,085,3,5,Sumter County                 ,192,192,27699379,0,0,0,0,0,0,1,5,533333,148,148,21265252,0,0,0,0,0,0,0,0,0
201709,45,091,3,5,York County                   ,1830,1830,585876554,0,0,0,0,0,0,25,604,64901063,763,763,239367128,0,0,0,0,0,0,10,350,38771166
201709,46,007,2,4,Bennett County                ,1,1,120000,0,0,0,0,0,0,0,0,0,1,1,120000,0,0,0,0,0,0,0,0,0
201709,46,055,2,4,Haakon County                 ,0,0,0,0,0,0,0,0,0,0,0,0,0,0,0,0,0,0,0,0,0,0,0,0
201709,46,071,2,4,Jackson County                ,1,1,211632,0,0,0,0,0,0,0,0,0,1,1,211632,0,0,0,0,0,0,0,0,0
201709,46,111,2,4,Sanborn County                ,7,7,1475000,0,0,0,0,0,0,0,0,0,7,7,1475000,0,0,0,0,0,0,0,0,0
201709,47,001,3,6,Anderson County               ,114,114,24134498,0,0,0,0,0,0,0,0,0,109,109,23205776,0,0,0,0,0,0,0,0,0
201709,47,015,3,6,Cannon County                 ,11,11,1388090,0,0,0,0,0,0,0,0,0,0,0,0,0,0,0,0,0,0,0,0,0
201709,47,021,3,6,Cheatham County               ,157,157,24641455,0,0,0,0,0,0,0,0,0,155,155,24202217,0,0,0,0,0,0,0,0,0
201709,47,037,3,6,Davidson County               ,3303,3303,797238448,3,6,1863638,11,40,5601074,37,2151,173907623,3302,3302,795630162,3,6,1863638,11,40,5601074,37,2151,173907623
201709,47,043,3,6,Dickson County                ,236,236,46401409,0,0,0,0,0,0,0,0,0,206,206,40442986,0,0,0,0,0,0,0,0,0
201709,47,049,3,6,Fentress County               ,0,0,0,0,0,0,0,0,0,0,0,0,0,0,0,0,0,0,0,0,0,0,0,0
201709,47,081,3,6,Hickman County                ,49,49,7637685,0,0,0,0,0,0,0,0,0,25,25,3337070,0,0,0,0,0,0,0,0,0
201709,47,093,3,6,Knox County                   ,1299,1299,283187795,0,0,0,0,0,0,30,622,65316271,1207,1207,264714360,0,0,0,0,0,0,30,622,65316271
201709,47,105,3,6,Loudon County                 ,253,253,64553112,0,0,0,0,0,0,0,0,0,244,244,63004835,0,0,0,0,0,0,0,0,0
201709,47,125,3,6,Montgomery County             ,1141,1141,166537866,19,38,1795000,7,27,1790000,15,99,5274000,1141,1141,166537866,19,38,1795000,7,27,1790000,15,99,5274000
201709,47,139,3,6,Polk County                   ,142,142,25577617,0,0,0,0,0,0,0,0,0,0,0,0,0,0,0,0,0,0,0,0,0
201709,47,149,3,6,Rutherford County             ,1800,1800,438104158,8,16,2465766,8,31,4215946,43,1008,101180214,1646,1646,409875900,7,14,2137445,7,27,3811492,40,942,94532963
201709,47,153,3,6,Sequatchie County             ,6,6,665000,0,0,0,0,0,0,0,0,0,6,6,665000,0,0,0,0,0,0,0,0,0
201709,47,157,3,6,Shelby County                 ,824,824,216600048,21,42,4436532,10,40,3371000,8,272,29876109,824,824,216600048,21,42,4436532,10,40,3371000,8,272,29876109
201709,47,159,3,6,Smith County                  ,53,53,8928635,0,0,0,0,0,0,0,0,0,48,48,8028398,0,0,0,0,0,0,0,0,0
201709,47,161,3,6,Stewart County                ,3,3,733000,0,0,0,0,0,0,0,0,0,2,2,620000,0,0,0,0,0,0,0,0,0
201709,47,165,3,6,Sumner County                 ,1033,1033,239292825,1,2,188000,0,0,0,35,1072,57439348,1000,1000,233328124,1,2,188000,0,0,0,35,1072,57439348
201709,47,167,3,6,Tipton County                 ,124,124,19681771,0,0,0,0,0,0,0,0,0,72,72,12769806,0,0,0,0,0,0,0,0,0
201709,47,169,3,6,Trousdale County              ,52,52,7267000,0,0,0,4,16,450000,0,0,0,52,52,7267000,0,0,0,4,16,450000,0,0,0
201709,47,173,3,6,Union County                  ,71,71,9450000,0,0,0,0,0,0,0,0,0,71,71,9450000,0,0,0,0,0,0,0,0,0
201709,47,175,3,6,Van Buren County              ,2,2,376500,0,0,0,0,0,0,0,0,0,2,2,376500,0,0,0,0,0,0,0,0,0
201709,47,189,3,6,Wilson County                 ,1032,1032,265406063,11,22,2171484,0,0,0,32,402,18935042,1030,1030,265119847,11,22,2171484,0,0,0,32,402,18935042
201709,48,013,3,7,Atascosa County               ,30,30,5276083,0,0,0,0,0,0,0,0,0,19,19,3379500,0,0,0,0,0,0,0,0,0
201709,48,015,3,7,Austin County                 ,22,22,4355864,0,0,0,0,0,0,0,0,0,11,11,2244047,0,0,0,0,0,0,0,0,0
201709,48,019,3,7,Bandera County                ,1,1,210000,0,0,0,0,0,0,0,0,0,0,0,0,0,0,0,0,0,0,0,0,0
201709,48,021,3,7,Bastrop County                ,109,109,14030238,6,12,1574000,0,0,0,0,0,0,102,102,13111204,5,10,1400000,0,0,0,0,0,0
201709,48,025,3,7,Bee County                    ,7,7,678581,0,0,0,0,0,0,0,0,0,0,0,0,0,0,0,0,0,0,0,0,0
201709,48,027,3,7,Bell County                   ,1297,1297,233142693,102,204,17362375,0,0,0,11,194,11423368,1267,1267,226392899,100,200,16944434,0,0,0,10,188,10984798
201709,48,029,3,7,Bexar County                  ,2908,2908,659103046,20,40,3809736,23,90,8367709,129,1128,117351571,2528,2528,606195972,20,40,3809736,21,84,8367709,121,1084,107975207
201709,48,051,3,7,Burleson County               ,13,13,1490390,0,0,0,0,0,0,0,0,0,11,11,1082000,0,0,0,0,0,0,0,0,0
201709,48,055,3,7,Caldwell County               ,215,215,40278772,3,6,343280,0,0,0,0,0,0,32,32,3706868,1,2,110000,0,0,0,0,0,0
201709,48,085,3,7,Collin County                 ,7249,7249,2324314475,3,6,1306126,0,0,0,83,4717,603170981,6934,6934,2250465616,2,4,1062336,0,0,0,83,4717,603170981
201709,48,091,3,7,Comal County                  ,1854,1854,412283348,82,164,15710074,3,9,1953592,20,515,57890249,1839,1839,407837497,82,164,15710074,3,9,1953592,20,515,57890249
201709,48,099,3,7,Coryell County                ,120,120,16115542,6,12,899878,0,0,0,0,0,0,96,96,12686156,5,10,753540,0,0,0,0,0,0
201709,48,107,3,7,Crosby County                 ,8,8,536000,0,0,0,0,0,0,0,0,0,0,0,0,0,0,0,0,0,0,0,0,0
201709,48,113,3,7,Dallas County                 ,3870,3870,1160712610,61,122,31188114,22,79,16732097,172,9285,1368037563,3742,3742,1121708668,61,122,31188114,21,76,14916240,170,9153,1354485012
201709,48,119,3,7,Delta County                  ,4,4,918206,0,0,0,0,0,0,0,0,0,4,4,918206,0,0,0,0,0,0,0,0,0
201709,48,135,3,7,Ector County                  ,404,404,77824238,0,0,0,0,0,0,0,0,0,322,322,62145606,0,0,0,0,0,0,0,0,0
201709,48,139,3,7,Ellis County                  ,1493,1493,298655688,2,4,421968,2,7,654242,8,192,20772429,1486,1486,297219511,2,4,421968,2,7,654242,8,192,20772429
201709,48,141,3,7,El Paso County                ,1821,1821,386399288,16,32,3245722,8,28,4718111,26,364,56841962,1714,1714,367949532,15,30,3159269,8,28,4718111,26,364,56841962
201709,48,157,3,7,Fort Bend County              ,5463,5463,1250876980,24,48,4995711,3,9,836935,1,8,626068,4637,4637,1153224288,24,48,4995711,3,9,836935,0,0,0
201709,48,167,3,7,Galveston County              ,1956,1956,434925747,1,2,240000,0,0,0,6,42,3064919,891,891,207217605,1,2,240000,0,0,0,1,16,1633546
201709,48,185,3,7,Grimes County                 ,39,39,4198034,0,0,0,0,0,0,0,0,0,39,39,4198034,0,0,0,0,0,0,0,0,0
201709,48,187,3,7,Guadalupe County              ,792,792,183770318,2,4,514952,0,0,0,6,232,18504666,792,792,183770318,2,4,514952,0,0,0,6,232,18504666
201709,48,193,3,7,Hamilton County               ,4,4,320000,0,0,0,0,0,0,0,0,0,0,0,0,0,0,0,0,0,0,0,0,0
201709,48,195,3,7,Hansford County               ,0,0,0,0,0,0,0,0,0,0,0,0,0,0,0,0,0,0,0,0,0,0,0,0
201709,48,201,3,7,Harris County                 ,13052,13052,2358145274,59,118,16728904,15,59,7684425,82,3788,394806373,12986,12986,2290443828,59,118,16728904,15,59,7684425,82,3788,394806373
201709,48,211,3,7,Hemphill County               ,0,0,0,0,0,0,0,0,0,0,0,0,0,0,0,0,0,0,0,0,0,0,0,0
201709,48,215,3,7,Hidalgo County                ,2171,2171,383965228,73,146,8408901,76,297,15496002,34,616,44415737,1765,1765,306688521,58,116,6786660,54,212,10432446,29,461,32393779
201709,48,233,3,7,Hutchinson County             ,1,1,204195,0,0,0,0,0,0,2,10,933228,0,0,0,0,0,0,0,0,0,0,0,0
201709,48,251,3,7,Johnson County                ,480,480,104797558,3,6,625000,0,0,0,0,0,0,471,471,102498430,3,6,625000,0,0,0,0,0,0
201709,48,257,3,7,Kaufman County                ,621,621,126532807,1,2,80000,0,0,0,8,337,30000000,592,592,121597208,0,0,0,0,0,0,8,337,30000000
201709,48,259,3,7,Kendall County                ,225,225,61948842,0,0,0,0,0,0,0,0,0,225,225,61948842,0,0,0,0,0,0,0,0,0
201709,48,271,3,7,Kinney County                 ,1,1,205977,0,0,0,0,0,0,0,0,0,1,1,205977,0,0,0,0,0,0,0,0,0
201709,48,281,3,7,Lampasas County               ,26,26,3793000,0,0,0,0,0,0,0,0,0,26,26,3793000,0,0,0,0,0,0,0,0,0
201709,48,291,3,7,Liberty County                ,394,394,38302526,1,2,132500,0,0,0,0,0,0,342,342,30836805,1,2,132500,0,0,0,0,0,0
201709,48,303,3,7,Lubbock County                ,1298,1298,276162973,10,20,2447447,2,7,937125,31,362,52564575,1050,1050,219591841,0,0,0,0,0,0,22,194,33315000
201709,48,323,3,7,Maverick County               ,48,48,11582610,4,8,863683,0,0,0,0,0,0,48,48,11582610,4,8,863683,0,0,0,0,0,0
201709,48,325,3,7,Medina County                 ,19,19,3581087,0,0,0,0,0,0,0,0,0,19,19,3581087,0,0,0,0,0,0,0,0,0
201709,48,329,3,7,Midland County                ,609,609,126325576,0,0,0,0,0,0,0,0,0,609,609,126325576,0,0,0,0,0,0,0,0,0
201709,48,339,3,7,Montgomery County             ,4049,4049,927386157,2,4,150000,0,0,0,0,0,0,4016,4016,920890815,2,4,150000,0,0,0,0,0,0
201709,48,367,3,7,Parker County                 ,354,354,74447547,0,0,0,0,0,0,4,20,2105480,351,351,73522983,0,0,0,0,0,0,0,0,0
201709,48,375,3,7,Potter County                 ,369,369,95009527,2,4,553364,0,0,0,0,0,0,369,369,95009527,2,4,553364,0,0,0,0,0,0
201709,48,383,3,7,Reagan County                 ,0,0,0,0,0,0,0,0,0,0,0,0,0,0,0,0,0,0,0,0,0,0,0,0
201709,48,385,3,7,Real County                   ,0,0,0,0,0,0,0,0,0,0,0,0,0,0,0,0,0,0,0,0,0,0,0,0
201709,48,395,3,7,Robertson County              ,67,67,14948900,0,0,0,0,0,0,0,0,0,67,67,14948900,0,0,0,0,0,0,0,0,0
201709,48,397,3,7,Rockwall County               ,1137,1137,344559702,1,2,177000,0,0,0,0,0,0,1043,1043,308529936,1,2,177000,0,0,0,0,0,0
201709,48,407,3,7,San Jacinto County            ,264,264,53197261,0,0,0,0,0,0,0,0,0,162,162,32561207,0,0,0,0,0,0,0,0,0
201709,48,411,3,7,San Saba County               ,0,0,0,1,2,80000,0,0,0,0,0,0,0,0,0,1,2,80000,0,0,0,0,0,0
201709,48,451,3,7,Tom Green County              ,140,140,27846300,2,4,660000,0,0,0,0,0,0,140,140,27846300,2,4,660000,0,0,0,0,0,0
201709,48,453,3,7,Travis County                 ,6694,6694,1481138950,8,16,2226232,9,35,5161976,151,6291,378694743,6397,6397,1389794687,7,14,2084148,9,35,5161976,150,6286,378028076
201709,48,473,3,7,Waller County                 ,20,20,2197013,0,0,0,1,3,450000,10,53,1516015,18,18,1736795,0,0,0,0,0,0,0,0,0
201709,48,491,3,7,Williamson County             ,3241,3241,869792674,3,6,520891,7,24,1812303,19,1158,93701881,3143,3143,850625135,3,6,520891,7,24,1812303,19,1158,93701881
201709,48,493,3,7,Wilson County                 ,38,38,7658797,0,0,0,0,0,0,0,0,0,1,1,194226,0,0,0,0,0,0,0,0,0
201709,48,497,3,7,Wise County                   ,61,61,11295436,1,2,125000,0,0,0,0,0,0,52,52,9337939,1,2,125000,0,0,0,0,0,0
201709,49,011,4,8,Davis County                  ,919,919,246421396,4,8,1141671,19,68,10283216,17,279,21858789,912,912,243465734,4,8,1141671,19,68,10283216,17,279,21858789
201709,49,023,4,8,Juab County                   ,48,48,13433480,0,0,0,0,0,0,0,0,0,45,45,12612884,0,0,0,0,0,0,0,0,0
201709,49,029,4,8,Morgan County                 ,54,54,19995531,0,0,0,0,0,0,0,0,0,45,45,17519127,0,0,0,0,0,0,0,0,0
201709,49,035,4,8,Salt Lake County              ,3164,3164,774943467,25,50,8639038,35,117,14806199,69,1915,251840320,2583,2583,617632466,16,32,5254502,17,58,6279629,52,1779,230720102
201709,49,039,4,8,Sanpete County                ,40,40,6235729,0,0,0,0,0,0,0,0,0,40,40,6235729,0,0,0,0,0,0,0,0,0
201709,49,043,4,8,Summit County                 ,142,142,74754422,2,4,1184342,2,6,1683060,10,55,9397124,63,63,35559010,2,4,1184342,0,0,0,0,0,0
201709,49,057,4,8,Weber County                  ,782,782,180726435,7,14,1830269,45,172,25580885,22,310,28711752,701,701,160028419,7,14,1830269,36,142,21298203,20,300,27112546
201709,51,003,3,5,Albemarle County              ,468,468,143551810,0,0,0,0,0,0,8,162,18658027,214,214,61636166,0,0,0,0,0,0,3,89,11141369
201709,51,007,3,5,Amelia County                 ,41,41,6970530,0,0,0,0,0,0,0,0,0,41,41,6970530,0,0,0,0,0,0,0,0,0
201709,51,009,3,5,Amherst County                ,53,53,8522524,0,0,0,0,0,0,0,0,0,53,53,8522524,0,0,0,0,0,0,0,0,0
201709,51,013,3,5,Arlington County              ,164,164,58480573,3,6,1456250,0,0,0,6,1656,120616621,103,103,41779694,0,0,0,0,0,0,4,1408,80643679
201709,51,015,3,5,Augusta County                ,152,152,27540949,3,6,430000,2,8,720000,0,0,0,152,152,27540949,3,6,430000,2,8,720000,0,0,0
201709,51,019,3,5,Bedford County                ,122,122,31679399,1,2,400000,3,9,1890000,0,0,0,122,122,31679399,1,2,400000,3,9,1890000,0,0,0
201709,51,033,3,5,Caroline County               ,75,75,15237975,0,0,0,0,0,0,0,0,0,65,65,13320528,0,0,0,0,0,0,0,0,0
201709,51,036,3,5,Charles City County           ,20,20,3384982,0,0,0,0,0,0,0,0,0,15,15,2466600,0,0,0,0,0,0,0,0,0
201709,51,037,3,5,Charlotte County              ,9,9,2042500,0,0,0,0,0,0,0,0,0,9,9,2042500,0,0,0,0,0,0,0,0,0
201709,51,041,3,5,Chesterfield County           ,1127,1127,259394058,1,2,300000,37,134,16392500,24,646,37219416,1127,1127,259394058,1,2,300000,37,134,16392500,24,646,37219416
201709,51,043,3,5,Clarke County                 ,43,43,15934887,0,0,0,0,0,0,0,0,0,43,43,15934887,0,0,0,0,0,0,0,0,0
201709,51,049,3,5,Cumberland County             ,16,16,2302403,0,0,0,0,0,0,0,0,0,16,16,2302403,0,0,0,0,0,0,0,0,0
201709,51,051,3,5,Dickenson County              ,4,4,595000,0,0,0,0,0,0,0,0,0,4,4,595000,0,0,0,0,0,0,0,0,0
201709,51,053,3,5,Dinwiddie County              ,54,54,2568850,0,0,0,0,0,0,0,0,0,0,0,0,0,0,0,0,0,0,0,0,0
201709,51,059,3,5,Fairfax County                ,775,775,178200954,0,0,0,0,0,0,2,17,2960000,775,775,178200954,0,0,0,0,0,0,2,17,2960000
201709,51,061,3,5,Fauquier County               ,306,306,91370897,0,0,0,0,0,0,0,0,0,306,306,91370897,0,0,0,0,0,0,0,0,0
201709,51,069,3,5,Frederick County              ,452,452,97504027,2,4,400000,7,28,4007310,2,32,2300000,452,452,97504027,2,4,400000,7,28,4007310,2,32,2300000
201709,51,073,3,5,Gloucester County             ,109,109,18936583,0,0,0,6,18,956000,0,0,0,109,109,18936583,0,0,0,6,18,956000,0,0,0
201709,51,075,3,5,Goochland County              ,160,160,43727203,0,0,0,0,0,0,0,0,0,160,160,43727203,0,0,0,0,0,0,0,0,0
201709,51,085,3,5,Hanover County                ,501,501,103326161,0,0,0,0,0,0,0,0,0,501,501,103326161,0,0,0,0,0,0,0,0,0
201709,51,087,3,5,Henrico County                ,755,755,139911414,0,0,0,0,0,0,66,539,25155341,755,755,139911414,0,0,0,0,0,0,66,539,25155341
201709,51,093,3,5,Isle of Wight County          ,142,142,27452034,0,0,0,0,0,0,1,13,521500,29,29,4960034,0,0,0,0,0,0,0,0,0
201709,51,095,3,5,James City County             ,254,254,65485835,2,4,431000,19,70,8324795,8,53,7529070,254,254,65485835,2,4,431000,19,70,8324795,8,53,7529070
201709,51,097,3,5,King and Queen County         ,17,17,2601532,0,0,0,0,0,0,0,0,0,17,17,2601532,0,0,0,0,0,0,0,0,0
201709,51,099,3,5,King George County            ,59,59,13050262,0,0,0,0,0,0,0,0,0,59,59,13050262,0,0,0,0,0,0,0,0,0
201709,51,107,3,5,Loudoun County                ,2078,2078,447058152,3,6,600000,0,0,0,31,960,82516093,2078,2078,447058152,3,6,600000,0,0,0,31,960,82516093
201709,51,109,3,5,Louisa County                 ,223,223,47394718,0,0,0,0,0,0,0,0,0,223,223,47394718,0,0,0,0,0,0,0,0,0
201709,51,115,3,5,Mathews County                ,16,16,3353526,0,0,0,0,0,0,0,0,0,16,16,3353526,0,0,0,0,0,0,0,0,0
201709,51,127,3,5,New Kent County               ,212,212,40647077,0,0,0,0,0,0,0,0,0,212,212,40647077,0,0,0,0,0,0,0,0,0
201709,51,139,3,5,Page County                   ,53,53,6658368,0,0,0,0,0,0,0,0,0,53,53,6658368,0,0,0,0,0,0,0,0,0
201709,51,145,3,5,Powhatan County               ,158,158,28995526,0,0,0,0,0,0,0,0,0,158,158,28995526,0,0,0,0,0,0,0,0,0
201709,51,149,3,5,Prince George County          ,68,68,10352537,0,0,0,0,0,0,0,0,0,68,68,10352537,0,0,0,0,0,0,0,0,0
201709,51,153,3,5,Prince William County         ,1153,1153,210677358,0,0,0,0,0,0,6,98,9867030,1022,1022,186830089,0,0,0,0,0,0,3,34,3650000
201709,51,165,3,5,Rockingham County             ,321,321,65440067,0,0,0,0,0,0,0,0,0,280,280,55659890,0,0,0,0,0,0,0,0,0
201709,51,175,3,5,Southampton County            ,34,34,5000369,0,0,0,0,0,0,0,0,0,34,34,5000369,0,0,0,0,0,0,0,0,0
201709,51,177,3,5,Spotsylvania County           ,529,529,143152840,0,0,0,0,0,0,4,170,14500000,529,529,143152840,0,0,0,0,0,0,4,170,14500000
201709,51,179,3,5,Stafford County               ,1058,1058,182535249,0,0,0,0,0,0,0,0,0,1058,1058,182535249,0,0,0,0,0,0,0,0,0
201709,51,181,3,5,Surry County                  ,20,20,3194620,0,0,0,0,0,0,0,0,0,16,16,2597084,0,0,0,0,0,0,0,0,0
201709,51,183,3,5,Sussex County                 ,21,21,2555390,0,0,0,0,0,0,0,0,0,21,21,2555390,0,0,0,0,0,0,0,0,0
201709,51,187,3,5,Warren County                 ,139,139,30689135,0,0,0,0,0,0,0,0,0,139,139,30689135,0,0,0,0,0,0,0,0,0
201709,51,199,3,5,York County                   ,68,68,18279872,2,4,650000,13,45,8243100,4,21,2060000,68,68,18279872,2,4,650000,13,45,8243100,4,21,2060000
201709,51,510,3,5,Alexandria (Independent City) ,135,135,28421995,0,0,0,0,0,0,0,0,0,135,135,28421995,0,0,0,0,0,0,0,0,0
201709,51,540,3,5,Charlottesville (Independent C,68,68,15139018,3,6,572250,0,0,0,10,74,10939759,0,0,0,0,0,0,0,0,0,0,0,0
201709,51,550,3,5,Chesapeake(Independent City)  ,831,831,266772722,0,0,0,0,0,0,0,0,0,831,831,266772722,0,0,0,0,0,0,0,0,0
201709,51,570,3,5,Colonial Heights (Independent ,6,6,1050000,0,0,0,0,0,0,0,0,0,6,6,1050000,0,0,0,0,0,0,0,0,0
201709,51,580,3,5,Covington (Independent City)  ,1,1,75000,0,0,0,0,0,0,0,0,0,1,1,75000,0,0,0,0,0,0,0,0,0
201709,51,600,3,5,Fairfax (Independent City)    ,30,30,4600000,0,0,0,0,0,0,1,30,3600000,30,30,4600000,0,0,0,0,0,0,1,30,3600000
201709,51,610,3,5,Falls Church (Independent City,15,15,7179250,0,0,0,0,0,0,0,0,0,15,15,7179250,0,0,0,0,0,0,0,0,0
201709,51,630,3,5,Fredericksburg(Independent Cit,57,57,10643610,0,0,0,0,0,0,0,0,0,57,57,10643610,0,0,0,0,0,0,0,0,0
201709,51,650,3,5,Hampton (Independent City)    ,133,133,8332733,0,0,0,0,0,0,0,0,0,0,0,0,0,0,0,0,0,0,0,0,0
201709,51,660,3,5,Harrisonburg (Independent City,41,41,7312022,0,0,0,0,0,0,0,0,0,30,30,5350300,0,0,0,0,0,0,0,0,0
201709,51,670,3,5,Hopewell (Independent City)   ,34,34,2999684,0,0,0,0,0,0,0,0,0,29,29,2546500,0,0,0,0,0,0,0,0,0
201709,51,680,3,5,Lynchburg (Independent City)  ,90,90,13615221,0,0,0,0,0,0,2,48,3176000,90,90,13615221,0,0,0,0,0,0,2,48,3176000
201709,51,683,3,5,Manassas (Independent City)   ,5,5,912492,0,0,0,0,0,0,4,199,12318340,5,5,912492,0,0,0,0,0,0,4,199,12318340
201709,51,685,3,5,Manassas Park (Independent Cit,0,0,0,0,0,0,0,0,0,0,0,0,0,0,0,0,0,0,0,0,0,0,0,0
201709,51,700,3,5,Newport News (Independent City,76,76,14425243,1,2,300000,0,0,0,10,339,26592619,66,66,13537094,1,2,300000,0,0,0,9,316,25710660
201709,51,710,3,5,Norfolk (Independent City)    ,340,340,42245099,1,2,90000,0,0,0,9,174,14673779,340,340,42245099,1,2,90000,0,0,0,9,174,14673779
201709,51,730,3,5,Petersburg (Independent City) ,2,2,118750,0,0,0,0,0,0,0,0,0,2,2,118750,0,0,0,0,0,0,0,0,0
201709,51,735,3,5,Poquoson (Independent City)   ,26,26,7693890,0,0,0,3,11,1822800,1,6,655588,26,26,7693890,0,0,0,3,11,1822800,1,6,655588
201709,51,740,3,5,Portsmouth (Independent City) ,129,129,16234000,0,0,0,0,0,0,0,0,0,129,129,16234000,0,0,0,0,0,0,0,0,0
201709,51,760,3,5,Richmond (Independent City)   ,273,273,55792761,1,2,230406,1,4,550000,8,772,44461548,273,273,55792761,1,2,230406,1,4,550000,8,772,44461548
201709,51,800,3,5,Suffolk (Independent City)    ,387,387,81670261,0,0,0,0,0,0,3,78,1737501,269,269,61839124,0,0,0,0,0,0,0,0,0
201709,51,810,3,5,Virginia Beach (Independent Ci,511,511,110139154,0,0,0,0,0,0,11,596,32499125,511,511,110139154,0,0,0,0,0,0,11,596,32499125
201709,51,830,3,5,Williamsburg (Independent City,27,27,4861185,0,0,0,0,0,0,0,0,0,27,27,4861185,0,0,0,0,0,0,0,0,0
201709,53,005,4,9,Benton County                 ,686,686,204164451,4,8,1390582,1,3,406674,8,179,16802428,334,334,94126592,2,4,859580,0,0,0,1,48,4531269
201709,53,011,4,9,Clark County                  ,1806,1806,511204865,15,30,3426649,2,8,1149156,50,1139,76045125,1160,1160,321005599,15,30,3426649,2,8,1149156,37,987,60137490
201709,53,021,4,9,Franklin County               ,400,400,102435103,12,24,4053535,0,0,0,0,0,0,3,3,465748,0,0,0,0,0,0,0,0,0
201709,53,031,4,9,Jefferson County              ,138,138,28322953,0,0,0,0,0,0,0,0,0,124,124,25856628,0,0,0,0,0,0,0,0,0
201709,53,033,4,9,King County                   ,3348,3348,1302375837,143,286,56886378,96,337,63343004,172,8557,1274023322,3166,3166,1221135081,142,284,56256878,96,337,63343004,164,8313,1246175839
201709,53,035,4,9,Kitsap County                 ,752,752,216781025,2,4,679261,1,3,552064,6,135,11963919,752,752,216781025,2,4,679261,1,3,552064,6,135,11963919
201709,53,053,4,9,Pierce County                 ,2280,2280,680602591,20,40,5972713,5,19,3276602,64,1621,205611634,2270,2270,677350497,20,40,5972713,5,19,3276602,64,1621,205611634
201709,53,055,4,9,San Juan County               ,97,97,20571346,0,0,0,1,3,500000,0,0,0,73,73,14956740,0,0,0,1,3,500000,0,0,0
201709,53,059,4,9,Skamania County               ,40,40,9885263,0,0,0,0,0,0,0,0,0,36,36,9037841,0,0,0,0,0,0,0,0,0
201709,53,061,4,9,Snohomish County              ,2124,2124,621918405,17,34,7178832,29,109,21321381,45,580,74894856,2070,2070,606386503,17,34,7178832,29,109,21321381,45,580,74894856
201709,54,011,3,5,Cabell County                 ,51,51,8704873,2,4,487000,1,4,320000,1,8,722000,51,51,8704873,1,2,287000,1,4,320000,1,8,722000
201709,54,015,3,5,Clay County                   ,0,0,0,0,0,0,0,0,0,0,0,0,0,0,0,0,0,0,0,0,0,0,0,0
201709,54,019,3,5,Fayette County                ,18,18,1810550,0,0,0,0,0,0,0,0,0,10,10,974000,0,0,0,0,0,0,0,0,0
201709,54,037,3,5,Jefferson County              ,204,204,52937088,0,0,0,0,0,0,0,0,0,203,203,52787088,0,0,0,0,0,0,0,0,0
201709,54,081,3,5,Raleigh County                ,50,50,10195052,0,0,0,0,0,0,0,0,0,49,49,10051890,0,0,0,0,0,0,0,0,0
201709,55,025,2,3,Dane County                   ,1090,1090,343717939,26,52,7929561,7,22,2831030,40,1817,250155680,946,946,299338835,18,36,5740327,0,0,0,25,1557,226161460
201709,55,031,2,3,Douglas County                ,68,68,13474372,1,2,350000,0,0,0,0,0,0,68,68,13474372,1,2,350000,0,0,0,0,0,0
201709,55,037,2,3,Florence County               ,22,22,2984416,0,0,0,0,0,0,0,0,0,22,22,2984416,0,0,0,0,0,0,0,0,0
201709,55,049,2,3,Iowa County                   ,61,61,14925604,0,0,0,0,0,0,0,0,0,58,58,14335848,0,0,0,0,0,0,0,0,0
201709,55,059,2,3,Kenosha County                ,138,138,39398780,3,6,895724,0,0,0,2,29,1033552,129,129,37420869,3,6,895724,0,0,0,0,0,0
201709,55,079,2,3,Milwaukee County              ,85,85,26082682,6,12,2395000,0,0,0,18,1138,99496315,77,77,24220019,6,12,2395000,0,0,0,17,1057,88845397
201709,55,089,2,3,Ozaukee County                ,158,158,57741450,2,4,406360,0,0,0,6,39,2946666,92,92,27919868,2,4,406360,0,0,0,0,0,0
201709,55,093,2,3,Pierce County                 ,103,103,24002383,2,4,480000,0,0,0,0,0,0,102,102,23797383,2,4,480000,0,0,0,0,0,0
201709,55,109,2,3,St. Croix County              ,347,347,90508398,21,42,5327837,1,3,330000,1,5,875000,323,323,85914933,18,36,4601500,1,3,330000,1,5,875000
201709,55,131,2,3,Washington County             ,284,284,85713933,19,38,5195000,1,3,371250,3,22,1938334,222,222,62539107,19,38,5195000,0,0,0,1,12,1230000
201709,56,029,4,8,Park County                   ,85,85,19689832,3,6,603000,0,0,0,0,0,0,85,85,19689832,3,6,603000,0,0,0,0,0,0
201709,56,039,4,8,Teton County                  ,123,123,163001693,13,26,5516596,3,11,427163,2,10,1890398,106,106,154398649,8,16,2400000,0,0,0,1,5,850000
