Survey,FIPS,FIPS,Region,Division,County,,1-unit,,,2-units,,,3-4 units,,,5+ units,,,1-unit rep,,,2-units rep,,,3-4 units rep,,, 5+units rep
Date,State,County,Code,Code,Name,Bldgs,Units,Value,Bldgs,Units,Value,Bldgs,Units,Value,Bldgs,Units,Value,Bldgs,Units,Value,Bldgs,Units,Value,Bldgs,Units,Value,Bldgs,Units,Value
 
201703,01,001,3,6,Autauga County                ,62,62,15913393,0,0,0,0,0,0,0,0,0,62,62,15913393,0,0,0,0,0,0,0,0,0
201703,01,007,3,6,Bibb County                   ,2,2,647726,0,0,0,0,0,0,0,0,0,0,0,0,0,0,0,0,0,0,0,0,0
201703,01,009,3,6,Blount County                 ,2,2,1081000,0,0,0,0,0,0,0,0,0,2,2,1081000,0,0,0,0,0,0,0,0,0
201703,01,021,3,6,Chilton County                ,11,11,1383000,0,0,0,0,0,0,0,0,0,11,11,1383000,0,0,0,0,0,0,0,0,0
201703,01,073,3,6,Jefferson County              ,371,371,98448046,0,0,0,1,4,875000,5,68,6534217,349,349,94648371,0,0,0,1,4,875000,1,6,650080
201703,01,081,3,6,Lee County                    ,256,256,73831656,9,18,1806258,0,0,0,1,14,1892000,256,256,73831656,9,18,1806258,0,0,0,1,14,1892000
201703,01,083,3,6,Limestone County              ,31,31,6874525,0,0,0,0,0,0,0,0,0,30,30,6747096,0,0,0,0,0,0,0,0,0
201703,01,089,3,6,Madison County                ,690,690,99362969,0,0,0,0,0,0,1,36,1589076,689,689,99236654,0,0,0,0,0,0,1,36,1589076
201703,01,113,3,6,Russell County                ,33,33,4795912,0,0,0,0,0,0,0,0,0,33,33,4795912,0,0,0,0,0,0,0,0,0
201703,01,115,3,6,St. Clair County              ,53,53,10142022,0,0,0,0,0,0,0,0,0,46,46,8663060,0,0,0,0,0,0,0,0,0
201703,01,117,3,6,Shelby County                 ,259,259,59529807,0,0,0,0,0,0,3,28,476000,122,122,25705588,0,0,0,0,0,0,0,0,0
201703,01,127,3,6,Walker County                 ,2,2,400000,0,0,0,0,0,0,0,0,0,2,2,400000,0,0,0,0,0,0,0,0,0
201703,02,013,4,9,Aleutians East Borough        ,0,0,0,0,0,0,0,0,0,0,0,0,0,0,0,0,0,0,0,0,0,0,0,0
201703,02,016,4,9,Aleutians West Census Area    ,0,0,0,0,0,0,0,0,0,0,0,0,0,0,0,0,0,0,0,0,0,0,0,0
201703,02,020,4,9,Anchorage Municipality        ,174,174,54454822,0,0,0,3,10,1742273,4,31,4900963,0,0,0,0,0,0,0,0,0,0,0,0
201703,02,050,4,9,Bethel Census Area            ,1,1,350000,0,0,0,0,0,0,0,0,0,1,1,350000,0,0,0,0,0,0,0,0,0
201703,02,060,4,9,Bristol Bay Borough           ,0,0,0,0,0,0,0,0,0,0,0,0,0,0,0,0,0,0,0,0,0,0,0,0
201703,02,070,4,9,Dillingham Census Area        ,0,0,0,0,0,0,0,0,0,0,0,0,0,0,0,0,0,0,0,0,0,0,0,0
201703,02,090,4,9,Fairbanks North Star Borough  ,0,0,0,0,0,0,0,0,0,0,0,0,0,0,0,0,0,0,0,0,0,0,0,0
201703,02,100,4,9,Haines Borough                ,1,1,277264,0,0,0,0,0,0,0,0,0,0,0,0,0,0,0,0,0,0,0,0,0
201703,02,105,4,9,Hoonah-Angoon Census Area     ,0,0,0,0,0,0,0,0,0,0,0,0,0,0,0,0,0,0,0,0,0,0,0,0
201703,02,110,4,9,Juneau City and Borough       ,6,6,1543395,1,2,391732,0,0,0,0,0,0,6,6,1543395,1,2,391732,0,0,0,0,0,0
201703,02,122,4,9,Kenai Peninsula Borough       ,8,8,1829714,0,0,0,0,0,0,0,0,0,6,6,1428178,0,0,0,0,0,0,0,0,0
201703,02,130,4,9,Ketchikan Gateway Borough     ,5,5,1438567,0,0,0,0,0,0,0,0,0,5,5,1438567,0,0,0,0,0,0,0,0,0
201703,02,150,4,9,Kodiak Island Borough         ,1,1,300052,0,0,0,0,0,0,0,0,0,1,1,300052,0,0,0,0,0,0,0,0,0
201703,02,158,4,9,Kusilvak Census Area          ,0,0,0,0,0,0,0,0,0,0,0,0,0,0,0,0,0,0,0,0,0,0,0,0
201703,02,170,4,9,Matanuska-Susitna Borough     ,7,7,2018501,2,4,564320,0,0,0,0,0,0,7,7,2018501,2,4,564320,0,0,0,0,0,0
201703,02,180,4,9,Nome Census Area              ,1,1,116399,0,0,0,0,0,0,0,0,0,0,0,0,0,0,0,0,0,0,0,0,0
201703,02,185,4,9,North Slope Borough           ,0,0,0,0,0,0,0,0,0,0,0,0,0,0,0,0,0,0,0,0,0,0,0,0
201703,02,188,4,9,Northwest Arctic Borough      ,0,0,0,0,0,0,0,0,0,0,0,0,0,0,0,0,0,0,0,0,0,0,0,0
201703,02,195,4,9,Petersburg Borough            ,2,2,435000,0,0,0,0,0,0,0,0,0,2,2,435000,0,0,0,0,0,0,0,0,0
201703,02,198,4,9,Prince of Wales-Hyder Census A,1,1,273532,1,2,358195,0,0,0,0,0,0,1,1,273532,1,2,358195,0,0,0,0,0,0
201703,02,220,4,9,Sitka City and Borough        ,5,5,1657808,0,0,0,0,0,0,0,0,0,0,0,0,0,0,0,0,0,0,0,0,0
201703,02,230,4,9,Skagway Municipality          ,1,1,280000,0,0,0,0,0,0,0,0,0,0,0,0,0,0,0,0,0,0,0,0,0
201703,02,261,4,9,Valdez-Cordova Census Area    ,1,1,300000,0,0,0,0,0,0,0,0,0,1,1,300000,0,0,0,0,0,0,0,0,0
201703,02,275,4,9,Wrangell City and Borough     ,0,0,0,0,0,0,0,0,0,0,0,0,0,0,0,0,0,0,0,0,0,0,0,0
201703,02,282,4,9,Yakutat City and Borough      ,0,0,0,0,0,0,0,0,0,0,0,0,0,0,0,0,0,0,0,0,0,0,0,0
201703,02,290,4,9,Yukon-Koyukuk Census Area     ,0,0,0,0,0,0,0,0,0,0,0,0,0,0,0,0,0,0,0,0,0,0,0,0
201703,04,013,4,8,Maricopa County               ,4194,4194,1158629232,7,14,3775892,16,63,15053391,71,1717,290233537,4194,4194,1158629232,7,14,3775892,16,63,15053391,71,1717,290233537
201703,04,019,4,8,Pima County                   ,588,588,169191760,3,6,1038990,0,0,0,7,73,11892651,379,379,106122055,0,0,0,0,0,0,4,32,4653344
201703,04,021,4,8,Pinal County                  ,623,623,120391553,13,26,1670268,1,4,420000,0,0,0,473,473,97102712,10,20,1222024,1,4,420000,0,0,0
201703,05,013,3,7,Calhoun County                ,0,0,0,0,0,0,0,0,0,0,0,0,0,0,0,0,0,0,0,0,0,0,0,0
201703,05,035,3,7,Crittenden County             ,7,7,1640000,0,0,0,0,0,0,0,0,0,7,7,1640000,0,0,0,0,0,0,0,0,0
201703,05,045,3,7,Faulkner County               ,43,43,10598362,0,0,0,0,0,0,0,0,0,42,42,10386687,0,0,0,0,0,0,0,0,0
201703,05,053,3,7,Grant County                  ,3,3,364977,0,0,0,0,0,0,0,0,0,0,0,0,0,0,0,0,0,0,0,0,0
201703,05,085,3,7,Lonoke County                 ,91,91,8666892,2,4,202000,4,12,606100,0,0,0,28,28,3368900,2,4,202000,4,12,606100,0,0,0
201703,05,087,3,7,Madison County                ,1,1,60000,0,0,0,0,0,0,0,0,0,1,1,60000,0,0,0,0,0,0,0,0,0
201703,05,091,3,7,Miller County                 ,12,12,1731242,1,2,95000,0,0,0,0,0,0,0,0,0,0,0,0,0,0,0,0,0,0
201703,05,105,3,7,Perry County                  ,0,0,0,0,0,0,0,0,0,0,0,0,0,0,0,0,0,0,0,0,0,0,0,0
201703,05,119,3,7,Pulaski County                ,207,207,47441817,21,42,3980600,0,0,0,1,16,1500000,207,207,47441817,21,42,3980600,0,0,0,1,16,1500000
201703,05,129,3,7,Searcy County                 ,0,0,0,0,0,0,0,0,0,0,0,0,0,0,0,0,0,0,0,0,0,0,0,0
201703,05,143,3,7,Washington County             ,371,371,85326523,1,2,357000,0,0,0,0,0,0,351,351,82681209,1,2,357000,0,0,0,0,0,0
201703,06,001,4,9,Alameda County                ,539,539,162257080,1,2,878660,2,7,2097014,46,1125,157182586,486,486,144610359,1,2,878660,2,7,2097014,42,1084,149070567
201703,06,013,4,9,Contra Costa County           ,260,260,83969053,3,6,1012500,5,15,3996565,5,128,20755420,238,238,75584584,3,6,1012500,5,15,3996565,1,80,14300000
201703,06,017,4,9,El Dorado County              ,185,185,75143590,1,2,150000,0,0,0,0,0,0,183,183,74770567,1,2,150000,0,0,0,0,0,0
201703,06,019,4,9,Fresno County                 ,315,315,88414275,0,0,0,0,0,0,3,35,2546153,199,199,58773150,0,0,0,0,0,0,1,16,1038641
201703,06,037,4,9,Los Angeles County            ,1368,1368,571737208,103,206,40901341,8,27,5749099,78,2849,543323600,1255,1255,526106539,101,202,40059919,7,24,5184099,64,2687,517934708
201703,06,041,4,9,Marin County                  ,23,23,13693167,0,0,0,0,0,0,0,0,0,16,16,8898534,0,0,0,0,0,0,0,0,0
201703,06,059,4,9,Orange County                 ,1081,1081,350772701,18,36,10303982,32,101,20211161,26,1122,182325722,971,971,305537521,13,26,6970589,32,101,20211161,20,1011,170465477
201703,06,061,4,9,Placer County                 ,527,527,161948394,4,8,1086600,0,0,0,0,0,0,524,524,160967682,4,8,1086600,0,0,0,0,0,0
201703,06,063,4,9,Plumas County                 ,3,3,971998,0,0,0,0,0,0,0,0,0,3,3,971998,0,0,0,0,0,0,0,0,0
201703,06,067,4,9,Sacramento County             ,752,752,206228752,6,12,1756973,0,0,0,16,367,40831933,746,746,204816652,6,12,1756973,0,0,0,16,367,40831933
201703,06,069,4,9,San Benito County             ,110,110,28254460,1,2,323509,0,0,0,0,0,0,99,99,25280053,1,2,323509,0,0,0,0,0,0
201703,06,071,4,9,San Bernardino County         ,973,973,246335540,4,8,1420000,2,8,1169499,28,426,57876020,933,933,237087334,4,8,1420000,2,8,1169499,26,416,56879035
201703,06,073,4,9,San Diego County              ,638,638,223235932,5,10,1684635,23,84,13979795,39,640,125625990,605,605,215687982,5,10,1684635,23,84,13979795,38,634,124425990
201703,06,075,4,9,San Francisco County          ,12,12,3282384,5,10,2282779,0,0,0,8,526,397705000,12,12,3282384,5,10,2282779,0,0,0,8,526,397705000
201703,06,081,4,9,San Mateo County              ,128,128,86615524,3,6,1062060,0,0,0,10,135,27901528,66,66,55195237,3,6,1062060,0,0,0,1,62,15959000
201703,06,085,4,9,Santa Clara County            ,349,349,123110934,0,0,0,1,3,720227,30,889,251497665,346,346,119518098,0,0,0,1,3,720227,30,889,251497665
201703,06,091,4,9,Sierra County                 ,1,1,156280,0,0,0,0,0,0,0,0,0,1,1,156280,0,0,0,0,0,0,0,0,0
201703,06,113,4,9,Yolo County                   ,129,129,38584640,5,10,1679204,0,0,0,1,55,6400000,129,129,38584640,5,10,1679204,0,0,0,1,55,6400000
201703,08,001,4,8,Adams County                  ,452,452,142204779,0,0,0,8,31,3114903,2,47,6089980,397,397,124888165,0,0,0,7,28,2816028,0,0,0
201703,08,005,4,8,Arapahoe County               ,541,541,127513242,12,24,2228901,4,13,1650200,5,123,16495019,534,534,123633915,12,24,2228901,4,13,1650200,5,123,16495019
201703,08,014,4,8,Broomfield County             ,142,142,43805094,0,0,0,0,0,0,0,0,0,142,142,43805094,0,0,0,0,0,0,0,0,0
201703,08,015,4,8,Chaffee County                ,25,25,6629607,2,4,647924,1,3,549700,0,0,0,0,0,0,0,0,0,0,0,0,0,0,0
201703,08,019,4,8,Clear Creek County            ,2,2,1319580,0,0,0,0,0,0,1,10,1454170,2,2,1319580,0,0,0,0,0,0,1,10,1454170
201703,08,031,4,8,Denver County                 ,410,410,100428021,20,40,7910600,0,0,0,16,2390,312881622,410,410,100428021,20,40,7910600,0,0,0,16,2390,312881622
201703,08,035,4,8,Douglas County                ,525,525,164886310,0,0,0,0,0,0,17,225,30188872,506,506,157218777,0,0,0,0,0,0,17,225,30188872
201703,08,039,4,8,Elbert County                 ,43,43,13709046,0,0,0,0,0,0,0,0,0,43,43,13709046,0,0,0,0,0,0,0,0,0
201703,08,041,4,8,El Paso County                ,868,868,351404234,0,0,0,0,0,0,14,280,38744020,867,867,351269234,0,0,0,0,0,0,14,280,38744020
201703,08,047,4,8,Gilpin County                 ,7,7,1914724,0,0,0,0,0,0,0,0,0,7,7,1914724,0,0,0,0,0,0,0,0,0
201703,08,069,4,8,Larimer County                ,594,594,135205665,1,2,174514,1,4,997798,3,18,2733606,594,594,135205665,1,2,174514,1,4,997798,3,18,2733606
201703,08,077,4,8,Mesa County                   ,121,121,29246795,2,4,655073,1,4,555397,0,0,0,121,121,29246795,2,4,655073,1,4,555397,0,0,0
201703,08,093,4,8,Park County                   ,22,22,4705714,0,0,0,0,0,0,0,0,0,21,21,4500368,0,0,0,0,0,0,0,0,0
201703,08,101,4,8,Pueblo County                 ,88,88,15269472,2,4,571129,0,0,0,1,5,706613,71,71,12296606,1,2,319017,0,0,0,0,0,0
201703,08,119,4,8,Teller County                 ,17,17,4757308,0,0,0,0,0,0,0,0,0,17,17,4757308,0,0,0,0,0,0,0,0,0
201703,09,001,1,1,Fairfield County              ,166,166,92612920,5,10,1984850,0,0,0,5,195,32095693,108,108,46226867,5,10,1984850,0,0,0,2,176,29165521
201703,09,003,1,1,Hartford County               ,84,84,19324079,2,4,428580,1,4,320002,5,31,1854293,72,72,16837787,2,4,428580,1,4,320002,2,16,1124000
201703,09,007,1,1,Middlesex County              ,34,34,9660705,0,0,0,0,0,0,1,21,1326650,31,31,9021291,0,0,0,0,0,0,1,21,1326650
201703,09,013,1,1,Tolland County                ,34,34,7473092,2,4,412000,0,0,0,3,27,2550030,23,23,4922779,2,4,412000,0,0,0,1,16,1200000
201703,10,001,3,5,Kent County                   ,254,254,40486823,2,4,420635,0,0,0,5,59,3486537,250,250,39914514,2,4,420635,0,0,0,5,59,3486537
201703,10,003,3,5,New Castle County             ,347,347,32034224,1,2,85000,1,3,552330,8,99,6727227,20,20,3471581,1,2,85000,1,3,552330,1,20,1060000
201703,10,005,3,5,Sussex County                 ,586,586,83620274,24,48,4391916,4,13,2048425,10,52,4365036,586,586,83620274,24,48,4391916,4,13,2048425,10,52,4365036
201703,11,001,3,5,Washington  DC                ,110,110,25064248,8,16,1708402,0,0,0,12,551,55294998,110,110,25064248,8,16,1708402,0,0,0,12,551,55294998
201703,12,003,3,5,Baker County                  ,14,14,2613606,0,0,0,0,0,0,0,0,0,14,14,2613606,0,0,0,0,0,0,0,0,0
201703,12,019,3,5,Clay County                   ,223,223,43218736,0,0,0,1,3,530000,0,0,0,222,222,43118736,0,0,0,1,3,530000,0,0,0
201703,12,029,3,5,Dixie County                  ,7,7,884264,0,0,0,0,0,0,0,0,0,0,0,0,0,0,0,0,0,0,0,0,0
201703,12,031,3,5,Duval County                  ,757,757,178941954,4,8,854201,0,0,0,17,601,60312693,712,712,164614965,4,8,854201,0,0,0,17,601,60312693
201703,12,033,3,5,Escambia County               ,253,253,57460388,0,0,0,0,0,0,1,5,910000,253,253,57460388,0,0,0,0,0,0,1,5,910000
201703,12,053,3,5,Hernando County               ,161,161,32725779,0,0,0,0,0,0,3,104,8196395,159,159,32007163,0,0,0,0,0,0,3,104,8196395
201703,12,057,3,5,Hillsborough County           ,1794,1794,566126646,1,2,280273,0,0,0,3,1120,112632000,1794,1794,566126646,1,2,280273,0,0,0,3,1120,112632000
201703,12,067,3,5,Lafayette County              ,1,1,180000,0,0,0,0,0,0,0,0,0,1,1,180000,0,0,0,0,0,0,0,0,0
201703,12,071,3,5,Lee County                    ,1083,1083,264198989,46,92,11484590,9,36,6519775,28,602,64891532,1083,1083,264198989,46,92,11484590,9,36,6519775,28,602,64891532
201703,12,073,3,5,Leon County                   ,159,159,31163094,1,2,340000,1,3,525000,3,29,2474408,0,0,0,0,0,0,0,0,0,0,0,0
201703,12,081,3,5,Manatee County                ,739,739,158408310,0,0,0,3,12,1530080,7,170,16133072,732,732,155783298,0,0,0,3,12,1530080,7,170,16133072
201703,12,086,3,5,Miami-Dade County             ,586,586,191846519,25,50,10848971,2,6,735962,40,1879,415513047,541,541,161639905,25,50,10848971,2,6,735962,35,1854,387791882
201703,12,089,3,5,Nassau County                 ,296,296,79744819,0,0,0,0,0,0,0,0,0,291,291,78827263,0,0,0,0,0,0,0,0,0
201703,12,091,3,5,Okaloosa County               ,190,190,56484488,0,0,0,0,0,0,5,288,31811710,183,183,55465827,0,0,0,0,0,0,5,288,31811710
201703,12,095,3,5,Orange County                 ,1595,1595,424760395,16,32,4897021,5,15,2759875,1,80,18095000,1506,1506,385423764,16,32,4897021,5,15,2759875,1,80,18095000
201703,12,097,3,5,Osceola County                ,988,988,267140860,0,0,0,0,0,0,1,27,4725228,902,902,243090089,0,0,0,0,0,0,1,27,4725228
201703,12,101,3,5,Pasco County                  ,902,902,185139138,5,10,1103859,0,0,0,5,29,1300780,902,902,185139138,3,6,543859,0,0,0,4,24,869530
201703,12,103,3,5,Pinellas County               ,239,239,59026618,5,10,840227,0,0,0,11,433,32358540,216,216,52402851,5,10,840227,0,0,0,7,337,23806000
201703,12,109,3,5,St. Johns County              ,1027,1027,266622251,0,0,0,3,12,2256497,0,0,0,1017,1017,264029959,0,0,0,3,12,2256497,0,0,0
201703,12,113,3,5,Santa Rosa County             ,368,368,58886285,0,0,0,0,0,0,0,0,0,368,368,58886285,0,0,0,0,0,0,0,0,0
201703,12,115,3,5,Sarasota County               ,760,760,218612765,6,12,2438975,5,20,5062235,18,451,61450508,760,760,218612765,6,12,2438975,5,20,5062235,18,451,61450508
201703,12,117,3,5,Seminole County               ,250,250,79914179,13,26,1495678,0,0,0,17,336,47176175,249,249,79790846,13,26,1495678,0,0,0,17,336,47176175
201703,12,119,3,5,Sumter County                 ,340,340,86338393,0,0,0,0,0,0,0,0,0,340,340,86338393,0,0,0,0,0,0,0,0,0
201703,12,129,3,5,Wakulla County                ,69,69,10097758,0,0,0,0,0,0,0,0,0,69,69,10097758,0,0,0,0,0,0,0,0,0
201703,12,131,3,5,Walton County                 ,279,279,120885159,0,0,0,25,75,13364100,0,0,0,279,279,120885159,0,0,0,25,75,13364100,0,0,0
201703,12,133,3,5,Washington County             ,9,9,1123605,0,0,0,0,0,0,0,0,0,6,6,634167,0,0,0,0,0,0,0,0,0
201703,13,007,3,5,Baker County                  ,0,0,0,0,0,0,0,0,0,0,0,0,0,0,0,0,0,0,0,0,0,0,0,0
201703,13,013,3,5,Barrow County                 ,115,115,16042634,0,0,0,0,0,0,0,0,0,64,64,9279902,0,0,0,0,0,0,0,0,0
201703,13,015,3,5,Bartow County                 ,125,125,18245048,1,2,144000,0,0,0,0,0,0,86,86,9384806,1,2,144000,0,0,0,0,0,0
201703,13,021,3,5,Bibb County                   ,17,17,3176582,0,0,0,0,0,0,0,0,0,17,17,3176582,0,0,0,0,0,0,0,0,0
201703,13,029,3,5,Bryan County                  ,128,128,26402587,0,0,0,0,0,0,0,0,0,113,113,24167703,0,0,0,0,0,0,0,0,0
201703,13,033,3,5,Burke County                  ,12,12,2086416,0,0,0,0,0,0,0,0,0,0,0,0,0,0,0,0,0,0,0,0,0
201703,13,035,3,5,Butts County                  ,21,21,3365000,0,0,0,0,0,0,0,0,0,21,21,3365000,0,0,0,0,0,0,0,0,0
201703,13,045,3,5,Carroll County                ,57,57,12661328,0,0,0,0,0,0,0,0,0,57,57,12661328,0,0,0,0,0,0,0,0,0
201703,13,051,3,5,Chatham County                ,241,241,55779721,0,0,0,0,0,0,0,0,0,240,240,55554053,0,0,0,0,0,0,0,0,0
201703,13,057,3,5,Cherokee County               ,596,596,165919958,0,0,0,0,0,0,0,0,0,596,596,165919958,0,0,0,0,0,0,0,0,0
201703,13,059,3,5,Clarke County                 ,57,57,9747930,0,0,0,0,0,0,0,0,0,57,57,9747930,0,0,0,0,0,0,0,0,0
201703,13,063,3,5,Clayton County                ,140,140,31899951,0,0,0,0,0,0,0,0,0,140,140,31899951,0,0,0,0,0,0,0,0,0
201703,13,067,3,5,Cobb County                   ,415,415,113820274,4,8,1401806,6,22,5150800,37,225,22092359,415,415,113820274,4,8,1401806,6,22,5150800,37,225,22092359
201703,13,073,3,5,Columbia County               ,427,427,71747029,0,0,0,4,16,946400,5,26,1349600,47,47,7392509,0,0,0,4,16,946400,5,26,1349600
201703,13,077,3,5,Coweta County                 ,213,213,70894805,2,4,1066814,0,0,0,3,23,2181168,137,137,48924982,2,4,1066814,0,0,0,0,0,0
201703,13,085,3,5,Dawson County                 ,86,86,18564202,0,0,0,0,0,0,0,0,0,82,82,18176969,0,0,0,0,0,0,0,0,0
201703,13,095,3,5,Dougherty County              ,8,8,994256,0,0,0,0,0,0,0,0,0,8,8,994256,0,0,0,0,0,0,0,0,0
201703,13,097,3,5,Douglas County                ,97,97,18702911,0,0,0,0,0,0,0,0,0,97,97,18702911,0,0,0,0,0,0,0,0,0
201703,13,111,3,5,Fannin County                 ,78,78,15927210,0,0,0,0,0,0,0,0,0,78,78,15927210,0,0,0,0,0,0,0,0,0
201703,13,113,3,5,Fayette County                ,85,85,23985956,0,0,0,0,0,0,0,0,0,71,71,18955725,0,0,0,0,0,0,0,0,0
201703,13,115,3,5,Floyd County                  ,41,41,6731692,0,0,0,0,0,0,0,0,0,41,41,6731692,0,0,0,0,0,0,0,0,0
201703,13,117,3,5,Forsyth County                ,609,609,86116491,0,0,0,0,0,0,2,48,2253540,609,609,86116491,0,0,0,0,0,0,2,48,2253540
201703,13,121,3,5,Fulton County                 ,883,883,230513273,0,0,0,0,0,0,13,2685,369195837,785,785,208441465,0,0,0,0,0,0,12,2680,369173606
201703,13,127,3,5,Glynn County                  ,137,137,36137273,0,0,0,0,0,0,0,0,0,0,0,0,0,0,0,0,0,0,0,0,0
201703,13,135,3,5,Gwinnett County               ,914,914,204301195,0,0,0,0,0,0,1,6,858210,901,901,200538173,0,0,0,0,0,0,1,6,858210
201703,13,143,3,5,Haralson County               ,7,7,1579677,0,0,0,0,0,0,0,0,0,0,0,0,0,0,0,0,0,0,0,0,0
201703,13,145,3,5,Harris County                 ,42,42,10471785,0,0,0,0,0,0,0,0,0,42,42,10471785,0,0,0,0,0,0,0,0,0
201703,13,149,3,5,Heard County                  ,4,4,898571,0,0,0,0,0,0,0,0,0,4,4,898571,0,0,0,0,0,0,0,0,0
201703,13,151,3,5,Henry County                  ,409,409,72717947,0,0,0,0,0,0,0,0,0,409,409,72717947,0,0,0,0,0,0,0,0,0
201703,13,159,3,5,Jasper County                 ,16,16,2143584,0,0,0,0,0,0,0,0,0,0,0,0,0,0,0,0,0,0,0,0,0
201703,13,171,3,5,Lamar County                  ,6,6,657903,0,0,0,0,0,0,0,0,0,6,6,657903,0,0,0,0,0,0,0,0,0
201703,13,177,3,5,Lee County                    ,26,26,2863885,0,0,0,0,0,0,0,0,0,26,26,2863885,0,0,0,0,0,0,0,0,0
201703,13,179,3,5,Liberty County                ,83,83,20582378,1,2,109120,2,8,323600,7,52,2166680,83,83,20582378,1,2,109120,2,8,323600,7,52,2166680
201703,13,189,3,5,McDuffie County               ,7,7,1237541,0,0,0,0,0,0,0,0,0,0,0,0,0,0,0,0,0,0,0,0,0
201703,13,199,3,5,Meriwether County             ,6,6,1355178,0,0,0,0,0,0,0,0,0,3,3,683570,0,0,0,0,0,0,0,0,0
201703,13,201,3,5,Miller County                 ,3,3,115000,0,0,0,0,0,0,0,0,0,3,3,115000,0,0,0,0,0,0,0,0,0
201703,13,207,3,5,Monroe County                 ,34,34,7466500,0,0,0,0,0,0,0,0,0,34,34,7466500,0,0,0,0,0,0,0,0,0
201703,13,215,3,5,Muscogee County               ,86,86,17563601,0,0,0,0,0,0,3,65,6152947,0,0,0,0,0,0,0,0,0,0,0,0
201703,13,217,3,5,Newton County                 ,112,112,25091809,0,0,0,0,0,0,0,0,0,109,109,24624963,0,0,0,0,0,0,0,0,0
201703,13,227,3,5,Pickens County                ,25,25,4871250,0,0,0,0,0,0,0,0,0,23,23,4650000,0,0,0,0,0,0,0,0,0
201703,13,231,3,5,Pike County                   ,16,16,3317094,0,0,0,0,0,0,0,0,0,14,14,3020000,0,0,0,0,0,0,0,0,0
201703,13,235,3,5,Pulaski County                ,6,6,604000,0,0,0,0,0,0,0,0,0,6,6,604000,0,0,0,0,0,0,0,0,0
201703,13,245,3,5,Richmond County               ,123,123,23038508,1,2,180000,0,0,0,3,62,1810000,4,4,560000,0,0,0,0,0,0,0,0,0
201703,13,247,3,5,Rockdale County               ,62,62,14127121,0,0,0,0,0,0,0,0,0,62,62,14127121,0,0,0,0,0,0,0,0,0
201703,13,255,3,5,Spalding County               ,70,70,8594134,0,0,0,0,0,0,0,0,0,70,70,8594134,0,0,0,0,0,0,0,0,0
201703,13,275,3,5,Thomas County                 ,18,18,2784385,0,0,0,0,0,0,0,0,0,18,18,2784385,0,0,0,0,0,0,0,0,0
201703,13,291,3,5,Union County                  ,44,44,10654850,0,0,0,0,0,0,0,0,0,44,44,10654850,0,0,0,0,0,0,0,0,0
201703,15,001,4,9,Hawaii County                 ,179,179,70655532,3,6,460320,0,0,0,10,80,10260000,179,179,70655532,3,6,460320,0,0,0,10,80,10260000
201703,15,003,4,9,Honolulu County               ,265,265,79184796,0,0,0,0,0,0,0,0,0,265,265,79184796,0,0,0,0,0,0,0,0,0
201703,15,007,4,9,Kauai County                  ,47,47,27240104,2,4,1951277,0,0,0,0,0,0,47,47,27240104,2,4,1951277,0,0,0,0,0,0
201703,15,009,4,9,Maui County                   ,140,140,38834675,1,2,486000,0,0,0,4,32,5151000,140,140,38834675,1,2,486000,0,0,0,4,32,5151000
201703,16,001,4,8,Ada County                    ,907,907,235923718,3,6,1358302,31,124,10454668,5,30,2470000,861,861,225963639,3,6,1358302,31,124,10454668,5,30,2470000
201703,16,015,4,8,Boise County                  ,5,5,392113,0,0,0,0,0,0,0,0,0,5,5,392113,0,0,0,0,0,0,0,0,0
201703,16,027,4,8,Canyon County                 ,313,313,50849252,1,2,102253,5,20,1168000,0,0,0,311,311,50514092,1,2,102253,5,20,1168000,0,0,0
201703,16,045,4,8,Gem County                    ,8,8,1095800,0,0,0,0,0,0,0,0,0,8,8,1095800,0,0,0,0,0,0,0,0,0
201703,16,073,4,8,Owyhee County                 ,6,6,1073761,0,0,0,0,0,0,0,0,0,2,2,340099,0,0,0,0,0,0,0,0,0
201703,17,005,2,3,Bond County                   ,7,7,1190476,0,0,0,0,0,0,1,5,150000,1,1,305000,0,0,0,0,0,0,0,0,0
201703,17,013,2,3,Calhoun County                ,3,3,495000,0,0,0,0,0,0,0,0,0,3,3,495000,0,0,0,0,0,0,0,0,0
201703,17,031,2,3,Cook County                   ,293,293,107602467,10,20,3415924,44,150,30791429,44,1527,216193197,244,244,89403925,9,18,3024495,43,146,30045640,42,1512,214457421
201703,17,037,2,3,DeKalb County                 ,14,14,3090300,0,0,0,0,0,0,0,0,0,14,14,3090300,0,0,0,0,0,0,0,0,0
201703,17,039,2,3,De Witt County                ,2,2,400000,0,0,0,0,0,0,0,0,0,2,2,400000,0,0,0,0,0,0,0,0,0
201703,17,043,2,3,DuPage County                 ,221,221,81207005,5,10,1344858,2,8,1235304,5,27,3763316,210,210,78147411,5,10,1344858,2,8,1235304,5,27,3763316
201703,17,063,2,3,Grundy County                 ,12,12,2999647,0,0,0,0,0,0,4,27,1384614,9,9,2518000,0,0,0,0,0,0,0,0,0
201703,17,083,2,3,Jersey County                 ,8,8,1218058,0,0,0,0,0,0,0,0,0,5,5,751231,0,0,0,0,0,0,0,0,0
201703,17,093,2,3,Kendall County                ,47,47,9682823,0,0,0,0,0,0,0,0,0,39,39,8188810,0,0,0,0,0,0,0,0,0
201703,17,097,2,3,Lake County                   ,120,120,41697637,0,0,0,0,0,0,0,0,0,67,67,20505596,0,0,0,0,0,0,0,0,0
201703,17,111,2,3,McHenry County                ,65,65,14300663,0,0,0,6,21,2290000,0,0,0,56,56,13471435,0,0,0,6,21,2290000,0,0,0
201703,17,119,2,3,Madison County                ,106,106,25271184,0,0,0,0,0,0,0,0,0,94,94,22591830,0,0,0,0,0,0,0,0,0
201703,17,133,2,3,Monroe County                 ,39,39,9923774,0,0,0,0,0,0,0,0,0,33,33,8494573,0,0,0,0,0,0,0,0,0
201703,17,197,2,3,Will County                   ,234,234,58836835,0,0,0,1,4,140000,0,0,0,179,179,47036881,0,0,0,1,4,140000,0,0,0
201703,18,003,2,3,Allen County                  ,243,243,62716350,1,2,320000,0,0,0,1,120,18400000,243,243,62716350,1,2,320000,0,0,0,1,120,18400000
201703,18,011,2,3,Boone County                  ,92,92,37933317,3,6,1145500,0,0,0,7,68,10219000,92,92,37933317,3,6,1145500,0,0,0,7,68,10219000
201703,18,013,2,3,Brown County                  ,14,14,3281439,0,0,0,0,0,0,0,0,0,14,14,3281439,0,0,0,0,0,0,0,0,0
201703,18,019,2,3,Clark County                  ,124,124,25587776,0,0,0,0,0,0,0,0,0,116,116,24473491,0,0,0,0,0,0,0,0,0
201703,18,047,2,3,Franklin County               ,6,6,1288000,0,0,0,0,0,0,0,0,0,6,6,1288000,0,0,0,0,0,0,0,0,0
201703,18,057,2,3,Hamilton County               ,446,446,150714493,1,2,370000,0,0,0,7,45,2353100,446,446,150714493,1,2,370000,0,0,0,7,45,2353100
201703,18,059,2,3,Hancock County                ,101,101,21327486,0,0,0,0,0,0,0,0,0,101,101,21327486,0,0,0,0,0,0,0,0,0
201703,18,061,2,3,Harrison County               ,37,37,7332000,0,0,0,0,0,0,0,0,0,37,37,7332000,0,0,0,0,0,0,0,0,0
201703,18,063,2,3,Hendricks County              ,194,194,46561221,0,0,0,0,0,0,0,0,0,183,183,44364197,0,0,0,0,0,0,0,0,0
201703,18,069,2,3,Huntington County             ,8,8,1808338,0,0,0,0,0,0,1,6,150000,8,8,1808338,0,0,0,0,0,0,1,6,150000
201703,18,073,2,3,Jasper County                 ,16,16,3669947,0,0,0,0,0,0,0,0,0,16,16,3669947,0,0,0,0,0,0,0,0,0
201703,18,081,2,3,Johnson County                ,173,173,41485172,1,2,587000,0,0,0,0,0,0,147,147,37068547,1,2,587000,0,0,0,0,0,0
201703,18,087,2,3,Lagrange County               ,15,15,2531979,0,0,0,0,0,0,0,0,0,11,11,2041000,0,0,0,0,0,0,0,0,0
201703,18,089,2,3,Lake County                   ,246,246,56766006,3,6,514900,2,7,984428,0,0,0,237,237,54642883,3,6,514900,1,3,516000,0,0,0
201703,18,097,2,3,Marion County                 ,198,198,49645400,1,2,700000,1,3,650000,3,452,78000000,198,198,49645400,1,2,700000,1,3,650000,3,452,78000000
201703,18,105,2,3,Monroe County                 ,56,56,14083486,6,12,1390883,0,0,0,1,8,862608,41,41,10419552,6,12,1390883,0,0,0,0,0,0
201703,18,109,2,3,Morgan County                 ,23,23,5643542,0,0,0,0,0,0,0,0,0,23,23,5643542,0,0,0,0,0,0,0,0,0
201703,18,111,2,3,Newton County                 ,4,4,715715,0,0,0,0,0,0,0,0,0,0,0,0,0,0,0,0,0,0,0,0,0
201703,18,115,2,3,Ohio County                   ,0,0,0,0,0,0,0,0,0,0,0,0,0,0,0,0,0,0,0,0,0,0,0,0
201703,18,119,2,3,Owen County                   ,11,11,2353782,0,0,0,0,0,0,0,0,0,11,11,2353782,0,0,0,0,0,0,0,0,0
201703,18,127,2,3,Porter County                 ,94,94,25055964,1,2,195000,0,0,0,6,81,8687822,85,85,23716499,1,2,195000,0,0,0,6,81,8687822
201703,18,133,2,3,Putnam County                 ,24,24,5278625,1,2,230000,0,0,0,0,0,0,24,24,5278625,1,2,230000,0,0,0,0,0,0
201703,18,145,2,3,Shelby County                 ,11,11,1956554,0,0,0,0,0,0,0,0,0,11,11,1956554,0,0,0,0,0,0,0,0,0
201703,18,151,2,3,Steuben County                ,29,29,6716854,1,2,240000,0,0,0,0,0,0,29,29,6716854,1,2,240000,0,0,0,0,0,0
201703,18,157,2,3,Tippecanoe County             ,100,100,22707827,3,6,1080000,0,0,0,0,0,0,29,29,7194879,0,0,0,0,0,0,0,0,0
201703,18,163,2,3,Vanderburgh County            ,70,70,12548883,0,0,0,0,0,0,0,0,0,70,70,12548883,0,0,0,0,0,0,0,0,0
201703,18,167,2,3,Vigo County                   ,3,3,510000,7,14,796143,1,4,212250,1,5,552500,1,1,195000,6,12,632000,0,0,0,0,0,0
201703,18,175,2,3,Washington County             ,10,10,1397475,0,0,0,0,0,0,0,0,0,0,0,0,0,0,0,0,0,0,0,0,0
201703,18,183,2,3,Whitley County                ,30,30,7075000,0,0,0,0,0,0,0,0,0,30,30,7075000,0,0,0,0,0,0,0,0,0
201703,19,049,2,4,Dallas County                 ,166,166,43120658,0,0,0,0,0,0,12,297,42286717,165,165,42960658,0,0,0,0,0,0,9,282,40905139
201703,19,085,2,4,Harrison County               ,9,9,1960000,1,2,126000,1,3,500000,0,0,0,8,8,1950000,1,2,126000,0,0,0,0,0,0
201703,19,129,2,4,Mills County                  ,2,2,464000,0,0,0,0,0,0,0,0,0,0,0,0,0,0,0,0,0,0,0,0,0
201703,19,153,2,4,Polk County                   ,541,541,138657494,0,0,0,0,0,0,10,278,32583011,541,541,138657494,0,0,0,0,0,0,10,278,32583011
201703,19,181,2,4,Warren County                 ,82,82,20405357,1,2,241000,0,0,0,0,0,0,78,78,19390996,1,2,241000,0,0,0,0,0,0
201703,20,091,2,4,Johnson County                ,494,494,154275662,0,0,0,11,43,6568352,10,300,42573447,347,347,104319886,0,0,0,9,36,5525000,7,267,38928192
201703,20,103,2,4,Leavenworth County            ,61,61,11661218,0,0,0,0,0,0,0,0,0,61,61,11661218,0,0,0,0,0,0,0,0,0
201703,20,107,2,4,Linn County                   ,10,10,904188,0,0,0,0,0,0,0,0,0,9,9,767000,0,0,0,0,0,0,0,0,0
201703,20,121,2,4,Miami County                  ,25,25,5286730,0,0,0,0,0,0,0,0,0,12,12,1798190,0,0,0,0,0,0,0,0,0
201703,20,209,2,4,Wyandotte County              ,127,127,17117287,5,10,872500,0,0,0,0,0,0,127,127,17117287,5,10,872500,0,0,0,0,0,0
201703,21,005,3,6,Anderson County               ,11,11,2100334,0,0,0,0,0,0,0,0,0,11,11,2100334,0,0,0,0,0,0,0,0,0
201703,21,015,3,6,Boone County                  ,92,92,16103306,4,8,468000,0,0,0,3,44,2502367,92,92,16103306,4,8,468000,0,0,0,3,44,2502367
201703,21,017,3,6,Bourbon County                ,6,6,2653660,0,0,0,0,0,0,0,0,0,4,4,2054457,0,0,0,0,0,0,0,0,0
201703,21,021,3,6,Boyle County                  ,5,5,629000,2,4,350000,0,0,0,0,0,0,5,5,629000,2,4,350000,0,0,0,0,0,0
201703,21,029,3,6,Bullitt County                ,96,96,19540682,1,2,320000,0,0,0,0,0,0,96,96,19540682,1,2,320000,0,0,0,0,0,0
201703,21,035,3,6,Calloway County               ,5,5,1103755,0,0,0,2,7,289000,1,6,720000,5,5,1103755,0,0,0,2,7,289000,1,6,720000
201703,21,037,3,6,Campbell County               ,45,45,12358686,0,0,0,2,8,864000,2,20,1493421,42,42,10980686,0,0,0,2,8,864000,2,20,1493421
201703,21,045,3,6,Casey County                  ,0,0,0,0,0,0,0,0,0,0,0,0,0,0,0,0,0,0,0,0,0,0,0,0
201703,21,047,3,6,Christian County              ,14,14,1471900,0,0,0,0,0,0,2,14,500000,7,7,973500,0,0,0,0,0,0,2,14,500000
201703,21,049,3,6,Clark County                  ,6,6,1132931,0,0,0,0,0,0,0,0,0,1,1,242000,0,0,0,0,0,0,0,0,0
201703,21,067,3,6,Fayette County                ,185,185,28053321,2,4,409778,2,6,840000,6,142,8131848,0,0,0,0,0,0,0,0,0,0,0,0
201703,21,069,3,6,Fleming County                ,0,0,0,0,0,0,0,0,0,0,0,0,0,0,0,0,0,0,0,0,0,0,0,0
201703,21,077,3,6,Gallatin County               ,3,3,515500,0,0,0,0,0,0,0,0,0,3,3,515500,0,0,0,0,0,0,0,0,0
201703,21,081,3,6,Grant County                  ,14,14,2078594,0,0,0,0,0,0,0,0,0,10,10,1190000,0,0,0,0,0,0,0,0,0
201703,21,091,3,6,Hancock County                ,1,1,204195,0,0,0,0,0,0,0,0,0,1,1,204195,0,0,0,0,0,0,0,0,0
201703,21,099,3,6,Hart County                   ,12,12,1167000,0,0,0,0,0,0,3,15,1703214,0,0,0,0,0,0,0,0,0,0,0,0
201703,21,101,3,6,Henderson County              ,5,5,1017600,0,0,0,0,0,0,0,0,0,5,5,1017600,0,0,0,0,0,0,0,0,0
201703,21,103,3,6,Henry County                  ,5,5,820846,0,0,0,0,0,0,0,0,0,0,0,0,0,0,0,0,0,0,0,0,0
201703,21,111,3,6,Jefferson County              ,273,273,69392390,2,4,459173,2,7,194884,30,1119,101673669,166,166,46684832,1,2,250000,0,0,0,26,1050,96044500
201703,21,113,3,6,Jessamine County              ,45,45,13765836,0,0,0,1,4,500000,0,0,0,38,38,10823370,0,0,0,1,4,500000,0,0,0
201703,21,115,3,6,Johnson County                ,0,0,0,0,0,0,1,3,430780,0,0,0,0,0,0,0,0,0,1,3,430780,0,0,0
201703,21,117,3,6,Kenton County                 ,83,83,18279980,0,0,0,1,4,466682,4,28,3266776,82,82,18197202,0,0,0,1,4,466682,4,28,3266776
201703,21,121,3,6,Knox County                   ,0,0,0,0,0,0,0,0,0,0,0,0,0,0,0,0,0,0,0,0,0,0,0,0
201703,21,123,3,6,Larue County                  ,8,8,1822854,1,2,213550,0,0,0,0,0,0,8,8,1822854,1,2,213550,0,0,0,0,0,0
201703,21,137,3,6,Lincoln County                ,4,4,816780,0,0,0,0,0,0,0,0,0,4,4,816780,0,0,0,0,0,0,0,0,0
201703,21,145,3,6,McCracken County              ,19,19,5541983,0,0,0,0,0,0,1,8,755384,19,19,5541983,0,0,0,0,0,0,1,8,755384
201703,21,151,3,6,Madison County                ,43,43,3911652,4,8,451984,0,0,0,2,10,337144,10,10,1055000,0,0,0,0,0,0,0,0,0
201703,21,157,3,6,Marshall County               ,13,13,2471000,1,2,158000,0,0,0,0,0,0,13,13,2471000,1,2,158000,0,0,0,0,0,0
201703,21,161,3,6,Mason County                  ,5,5,860000,0,0,0,0,0,0,0,0,0,5,5,860000,0,0,0,0,0,0,0,0,0
201703,21,163,3,6,Meade County                  ,14,14,2488000,1,2,140000,0,0,0,0,0,0,14,14,2488000,1,2,140000,0,0,0,0,0,0
201703,21,167,3,6,Mercer County                 ,6,6,1134000,0,0,0,0,0,0,0,0,0,6,6,1134000,0,0,0,0,0,0,0,0,0
201703,21,175,3,6,Morgan County                 ,5,5,375000,0,0,0,0,0,0,0,0,0,0,0,0,0,0,0,0,0,0,0,0,0
201703,21,179,3,6,Nelson County                 ,32,32,4056643,4,8,840000,3,11,1285000,0,0,0,32,32,4056643,4,8,840000,3,11,1285000,0,0,0
201703,21,185,3,6,Oldham County                 ,88,88,23505806,0,0,0,0,0,0,0,0,0,0,0,0,0,0,0,0,0,0,0,0,0
201703,21,191,3,6,Pendleton County              ,0,0,0,0,0,0,0,0,0,0,0,0,0,0,0,0,0,0,0,0,0,0,0,0
201703,21,209,3,6,Scott County                  ,118,118,16742090,0,0,0,1,4,480000,0,0,0,118,118,16742090,0,0,0,1,4,480000,0,0,0
201703,21,211,3,6,Shelby County                 ,57,57,13085960,0,0,0,0,0,0,0,0,0,57,57,13085960,0,0,0,0,0,0,0,0,0
201703,21,213,3,6,Simpson County                ,13,13,2229764,1,2,142000,1,4,350000,3,48,4181400,9,9,1620150,0,0,0,0,0,0,3,48,4181400
201703,21,215,3,6,Spencer County                ,25,25,5696420,0,0,0,0,0,0,0,0,0,25,25,5696420,0,0,0,0,0,0,0,0,0
201703,21,221,3,6,Trigg County                  ,1,1,227857,0,0,0,0,0,0,0,0,0,1,1,227857,0,0,0,0,0,0,0,0,0
201703,21,225,3,6,Union County                  ,5,5,1077505,0,0,0,0,0,0,0,0,0,0,0,0,0,0,0,0,0,0,0,0,0
201703,21,239,3,6,Woodford County               ,30,30,4501015,0,0,0,0,0,0,0,0,0,30,30,4501015,0,0,0,0,0,0,0,0,0
201703,22,005,3,7,Ascension Parish              ,258,258,39804905,0,0,0,0,0,0,0,0,0,90,90,12735298,0,0,0,0,0,0,0,0,0
201703,22,015,3,7,Bossier Parish                ,190,190,31340836,0,0,0,0,0,0,0,0,0,190,190,31340836,0,0,0,0,0,0,0,0,0
201703,22,017,3,7,Caddo Parish                  ,69,69,17630655,0,0,0,0,0,0,1,5,381875,66,66,17025455,0,0,0,0,0,0,0,0,0
201703,22,031,3,7,De Soto Parish                ,30,30,7787755,0,0,0,0,0,0,0,0,0,30,30,7787755,0,0,0,0,0,0,0,0,0
201703,22,033,3,7,East Baton Rouge Parish       ,331,331,75189164,0,0,0,0,0,0,0,0,0,328,328,74769164,0,0,0,0,0,0,0,0,0
201703,22,037,3,7,East Feliciana Parish         ,10,10,2013593,0,0,0,0,0,0,0,0,0,1,1,204195,0,0,0,0,0,0,0,0,0
201703,22,047,3,7,Iberville Parish              ,33,33,7158258,0,0,0,0,0,0,0,0,0,10,10,3000645,0,0,0,0,0,0,0,0,0
201703,22,051,3,7,Jefferson Parish              ,120,120,27189689,0,0,0,0,0,0,0,0,0,75,75,18515443,0,0,0,0,0,0,0,0,0
201703,22,055,3,7,Lafayette Parish              ,444,444,94357009,0,0,0,0,0,0,1,26,1898898,191,191,46960990,0,0,0,0,0,0,0,0,0
201703,22,063,3,7,Livingston Parish             ,219,219,46487701,0,0,0,0,0,0,0,0,0,4,4,620000,0,0,0,0,0,0,0,0,0
201703,22,071,3,7,Orleans Parish                ,38,38,8216408,4,8,885456,0,0,0,3,67,8322798,0,0,0,0,0,0,0,0,0,0,0,0
201703,22,075,3,7,Plaquemines Parish            ,10,10,2653371,0,0,0,0,0,0,0,0,0,10,10,2653371,0,0,0,0,0,0,0,0,0
201703,22,077,3,7,Pointe Coupee Parish          ,11,11,3323542,0,0,0,0,0,0,0,0,0,11,11,3323542,0,0,0,0,0,0,0,0,0
201703,22,087,3,7,St. Bernard Parish            ,26,26,4388000,0,0,0,0,0,0,0,0,0,26,26,4388000,0,0,0,0,0,0,0,0,0
201703,22,089,3,7,St. Charles Parish            ,27,27,6072850,0,0,0,0,0,0,0,0,0,27,27,6072850,0,0,0,0,0,0,0,0,0
201703,22,091,3,7,St. Helena Parish             ,0,0,0,0,0,0,0,0,0,0,0,0,0,0,0,0,0,0,0,0,0,0,0,0
201703,22,095,3,7,St. John the Baptist Parish   ,10,10,1594829,0,0,0,0,0,0,0,0,0,0,0,0,0,0,0,0,0,0,0,0,0
201703,22,099,3,7,St. Martin Parish             ,46,46,9642558,0,0,0,0,0,0,0,0,0,28,28,5693980,0,0,0,0,0,0,0,0,0
201703,22,103,3,7,St. Tammany Parish            ,375,375,86750917,2,4,505000,0,0,0,0,0,0,366,366,83294412,1,2,350000,0,0,0,0,0,0
201703,22,109,3,7,Terrebonne Parish             ,39,39,10503348,0,0,0,0,0,0,0,0,0,39,39,10503348,0,0,0,0,0,0,0,0,0
201703,22,121,3,7,West Baton Rouge Parish       ,92,92,14550188,0,0,0,0,0,0,0,0,0,87,87,14094878,0,0,0,0,0,0,0,0,0
201703,22,125,3,7,West Feliciana Parish         ,8,8,3253034,0,0,0,0,0,0,0,0,0,8,8,3253034,0,0,0,0,0,0,0,0,0
201703,23,000,1,1,Maine Unorganized Territory   ,12,12,1593603,0,0,0,0,0,0,0,0,0,0,0,0,0,0,0,0,0,0,0,0,0
201703,24,003,3,5,Anne Arundel County           ,459,459,81347293,0,0,0,0,0,0,7,100,15666826,454,454,80487587,0,0,0,0,0,0,7,100,15666826
201703,24,005,3,5,Baltimore County              ,164,164,39512150,0,0,0,0,0,0,1,317,42000000,164,164,39512150,0,0,0,0,0,0,1,317,42000000
201703,24,009,3,5,Calvert County                ,74,74,16759505,0,0,0,0,0,0,0,0,0,36,36,8202844,0,0,0,0,0,0,0,0,0
201703,24,013,3,5,Carroll County                ,79,79,21043694,0,0,0,0,0,0,0,0,0,79,79,21043694,0,0,0,0,0,0,0,0,0
201703,24,015,3,5,Cecil County                  ,13,13,3463131,0,0,0,0,0,0,0,0,0,13,13,3463131,0,0,0,0,0,0,0,0,0
201703,24,017,3,5,Charles County                ,172,172,36070903,0,0,0,0,0,0,0,0,0,162,162,34156000,0,0,0,0,0,0,0,0,0
201703,24,021,3,5,Frederick County              ,445,445,105287955,3,6,469550,0,0,0,5,89,13477106,445,445,105287955,3,6,469550,0,0,0,5,89,13477106
201703,24,023,3,5,Garrett County                ,13,13,3783265,0,0,0,0,0,0,0,0,0,13,13,3783265,0,0,0,0,0,0,0,0,0
201703,24,025,3,5,Harford County                ,129,129,28808470,0,0,0,0,0,0,6,80,6300000,116,116,23765663,0,0,0,0,0,0,6,80,6300000
201703,24,027,3,5,Howard County                 ,245,245,56493777,0,0,0,0,0,0,0,0,0,245,245,56493777,0,0,0,0,0,0,0,0,0
201703,24,031,3,5,Montgomery County             ,311,311,69657756,0,0,0,0,0,0,1,11,1103893,311,311,69657756,0,0,0,0,0,0,1,11,1103893
201703,24,033,3,5,Prince George County          ,422,422,88782829,0,0,0,0,0,0,4,345,34622095,422,422,88782829,0,0,0,0,0,0,4,345,34622095
201703,24,035,3,5,Queen Anne County             ,34,34,8190950,0,0,0,0,0,0,0,0,0,34,34,8190950,0,0,0,0,0,0,0,0,0
201703,24,037,3,5,St. Marys County              ,263,263,47611850,0,0,0,0,0,0,0,0,0,263,263,47611850,0,0,0,0,0,0,0,0,0
201703,24,039,3,5,Somerset County               ,7,7,1021866,0,0,0,0,0,0,0,0,0,7,7,1021866,0,0,0,0,0,0,0,0,0
201703,24,045,3,5,Wicomico County               ,30,30,5332173,2,4,317000,0,0,0,0,0,0,30,30,5332173,2,4,317000,0,0,0,0,0,0
201703,24,510,3,5,Baltimore (Independent City)  ,37,37,5563000,0,0,0,0,0,0,2,64,13000000,37,37,5563000,0,0,0,0,0,0,2,64,13000000
201703,25,005,1,1,Bristol County                ,158,158,30817324,7,14,1881000,0,0,0,1,10,1150000,131,131,25415218,7,14,1881000,0,0,0,1,10,1150000
201703,25,009,1,1,Essex County                  ,118,118,41917415,7,14,2218970,0,0,0,2,50,9806327,81,81,26868218,6,12,1878320,0,0,0,1,40,8500000
201703,25,017,1,1,Middlesex County              ,264,264,79757052,16,32,4688111,0,0,0,15,505,84241088,172,172,55278894,10,20,2598483,0,0,0,3,356,57943691
201703,25,021,1,1,Norfolk County                ,157,157,65142207,1,2,208500,0,0,0,22,527,75205988,122,122,52575661,1,2,208500,0,0,0,11,453,69401798
201703,25,023,1,1,Plymouth County               ,287,287,58799285,3,6,853000,1,3,506700,2,12,1758892,238,238,46856522,2,4,500000,0,0,0,1,5,850000
201703,25,025,1,1,Suffolk County                ,32,32,8276131,12,24,4634954,8,25,5800000,29,814,275140183,31,31,8114421,11,22,4413950,8,25,5800000,22,764,267597700
201703,26,000,2,3,Michigan Balance of State     ,10,10,1911483,0,0,0,0,0,0,0,0,0,0,0,0,0,0,0,0,0,0,0,0,0
201703,26,019,2,3,Benzie County                 ,5,5,994764,0,0,0,0,0,0,0,0,0,5,5,994764,0,0,0,0,0,0,0,0,0
201703,26,029,2,3,Charlevoix County             ,3,3,853390,1,2,659319,0,0,0,0,0,0,0,0,0,0,0,0,0,0,0,0,0,0
201703,26,089,2,3,Leelanau County               ,14,14,3001800,0,0,0,0,0,0,0,0,0,14,14,3001800,0,0,0,0,0,0,0,0,0
201703,26,093,2,3,Livingston County             ,105,105,32067737,0,0,0,0,0,0,0,0,0,100,100,31557378,0,0,0,0,0,0,0,0,0
201703,26,095,2,3,Luce County                   ,0,0,0,0,0,0,0,0,0,0,0,0,0,0,0,0,0,0,0,0,0,0,0,0
201703,26,099,2,3,Macomb County                 ,449,449,92922066,3,6,1264395,0,0,0,3,26,3924447,435,435,90656683,3,6,1264395,0,0,0,3,26,3924447
201703,26,103,2,3,Marquette County              ,4,4,890000,3,6,532500,0,0,0,0,0,0,4,4,890000,3,6,532500,0,0,0,0,0,0
201703,26,137,2,3,Otsego County                 ,4,4,324000,0,0,0,0,0,0,0,0,0,0,0,0,0,0,0,0,0,0,0,0,0
201703,26,147,2,3,St. Clair County              ,30,30,5649136,0,0,0,0,0,0,0,0,0,28,28,5372941,0,0,0,0,0,0,0,0,0
201703,26,163,2,3,Wayne County                  ,268,268,72298163,0,0,0,0,0,0,3,32,6380320,257,257,69434787,0,0,0,0,0,0,2,24,4822600
201703,27,003,2,4,Anoka County                  ,172,172,45227219,0,0,0,0,0,0,0,0,0,145,145,37646567,0,0,0,0,0,0,0,0,0
201703,27,019,2,4,Carver County                 ,146,146,44739267,0,0,0,0,0,0,0,0,0,146,146,44739267,0,0,0,0,0,0,0,0,0
201703,27,025,2,4,Chisago County                ,34,34,5665717,0,0,0,0,0,0,0,0,0,34,34,5665717,0,0,0,0,0,0,0,0,0
201703,27,027,2,4,Clay County                   ,12,12,3538000,0,0,0,0,0,0,0,0,0,12,12,3538000,0,0,0,0,0,0,0,0,0
201703,27,037,2,4,Dakota County                 ,245,245,71421918,1,2,274100,2,8,1380000,4,502,66834000,231,231,66801264,1,2,274100,2,8,1380000,4,502,66834000
201703,27,053,2,4,Hennepin County               ,400,400,144652209,1,2,900000,3,12,2069820,9,1118,237689213,371,371,131167263,1,2,900000,3,12,2069820,8,1093,232828533
201703,27,059,2,4,Isanti County                 ,31,31,5317018,0,0,0,0,0,0,0,0,0,31,31,5317018,0,0,0,0,0,0,0,0,0
201703,27,123,2,4,Ramsey County                 ,47,47,17075841,0,0,0,0,0,0,2,136,3776800,47,47,17075841,0,0,0,0,0,0,2,136,3776800
201703,27,139,2,4,Scott County                  ,102,102,31262307,0,0,0,0,0,0,0,0,0,99,99,30289450,0,0,0,0,0,0,0,0,0
201703,27,141,2,4,Sherburne County              ,84,84,17645069,0,0,0,1,4,758680,0,0,0,83,83,17424772,0,0,0,1,4,758680,0,0,0
201703,27,163,2,4,Washington County             ,159,159,51987790,0,0,0,0,0,0,0,0,0,144,144,45413827,0,0,0,0,0,0,0,0,0
201703,27,171,2,4,Wright County                 ,140,140,37158238,0,0,0,0,0,0,0,0,0,138,138,36759694,0,0,0,0,0,0,0,0,0
201703,28,033,3,6,DeSoto County                 ,258,258,41499578,0,0,0,0,0,0,2,10,875800,199,199,28984398,0,0,0,0,0,0,2,10,875800
201703,28,041,3,6,Greene County                 ,0,0,0,0,0,0,0,0,0,0,0,0,0,0,0,0,0,0,0,0,0,0,0,0
201703,28,045,3,6,Hancock County                ,101,101,16421869,2,4,370358,3,11,1103974,3,30,2539881,11,11,2916920,0,0,0,0,0,0,0,0,0
201703,28,047,3,6,Harrison County               ,241,241,37645242,2,4,520000,0,0,0,0,0,0,210,210,34123611,1,2,275000,0,0,0,0,0,0
201703,28,067,3,6,Jones County                  ,8,8,1145524,0,0,0,0,0,0,0,0,0,0,0,0,0,0,0,0,0,0,0,0,0
201703,28,137,3,6,Tate County                   ,16,16,2672000,0,0,0,0,0,0,0,0,0,16,16,2672000,0,0,0,0,0,0,0,0,0
201703,28,143,3,6,Tunica County                 ,4,4,321280,0,0,0,0,0,0,0,0,0,0,0,0,0,0,0,0,0,0,0,0,0
201703,28,145,3,6,Union County                  ,6,6,781000,0,0,0,0,0,0,0,0,0,6,6,781000,0,0,0,0,0,0,0,0,0
201703,28,149,3,6,Warren County                 ,3,3,380000,0,0,0,0,0,0,0,0,0,3,3,380000,0,0,0,0,0,0,0,0,0
201703,29,013,2,4,Bates County                  ,0,0,0,0,0,0,0,0,0,0,0,0,0,0,0,0,0,0,0,0,0,0,0,0
201703,29,017,2,4,Bollinger County              ,0,0,0,0,0,0,0,0,0,0,0,0,0,0,0,0,0,0,0,0,0,0,0,0
201703,29,019,2,4,Boone County                  ,169,169,40332452,5,10,571216,0,0,0,2,146,22089240,169,169,40332452,5,10,571216,0,0,0,2,146,22089240
201703,29,049,2,4,Clinton County                ,12,12,2191000,0,0,0,0,0,0,0,0,0,12,12,2191000,0,0,0,0,0,0,0,0,0
201703,29,065,2,4,Dent County                   ,0,0,0,0,0,0,0,0,0,0,0,0,0,0,0,0,0,0,0,0,0,0,0,0
201703,29,071,2,4,Franklin County               ,93,93,18722970,1,2,220000,0,0,0,0,0,0,78,78,15291338,1,2,220000,0,0,0,0,0,0
201703,29,095,2,4,Jackson County                ,468,468,101993652,10,20,2193000,26,104,12343753,3,134,11635655,466,466,101550735,10,20,2193000,26,104,12343753,3,134,11635655
201703,29,099,2,4,Jefferson County              ,201,201,27614558,1,2,120000,0,0,0,0,0,0,182,182,24933412,1,2,120000,0,0,0,0,0,0
201703,29,105,2,4,Laclede County                ,3,3,315000,0,0,0,0,0,0,0,0,0,3,3,315000,0,0,0,0,0,0,0,0,0
201703,29,107,2,4,Lafayette County              ,8,8,1674916,0,0,0,0,0,0,0,0,0,3,3,525411,0,0,0,0,0,0,0,0,0
201703,29,113,2,4,Lincoln County                ,29,29,4585118,0,0,0,0,0,0,0,0,0,28,28,4340812,0,0,0,0,0,0,0,0,0
201703,29,165,2,4,Platte County                 ,83,83,22248267,0,0,0,0,0,0,3,23,1512037,76,76,20309692,0,0,0,0,0,0,0,0,0
201703,29,185,2,4,St. Clair County              ,1,1,60000,0,0,0,0,0,0,0,0,0,1,1,60000,0,0,0,0,0,0,0,0,0
201703,29,189,2,4,St. Louis County              ,264,264,108608831,0,0,0,0,0,0,9,131,14120140,130,130,47053359,0,0,0,0,0,0,0,0,0
201703,29,219,2,4,Warren County                 ,61,61,13276131,0,0,0,0,0,0,0,0,0,61,61,13276131,0,0,0,0,0,0,0,0,0
201703,29,221,2,4,Washington County             ,0,0,0,0,0,0,0,0,0,0,0,0,0,0,0,0,0,0,0,0,0,0,0,0
201703,29,510,2,4,St. Louis (Independent City)  ,19,19,3630170,0,0,0,2,7,910624,5,93,13607173,19,19,3630170,0,0,0,2,7,910624,5,93,13607173
201703,30,033,4,8,Garfield County               ,0,0,0,0,0,0,0,0,0,0,0,0,0,0,0,0,0,0,0,0,0,0,0,0
201703,30,063,4,8,Missoula County               ,79,79,17143352,7,14,1458055,1,4,401160,3,31,3305824,79,79,17143352,7,14,1458055,1,4,401160,3,31,3305824
201703,30,093,4,8,Silver Bow County             ,7,7,786044,0,0,0,0,0,0,0,0,0,7,7,786044,0,0,0,0,0,0,0,0,0
201703,31,001,2,4,Adams County                  ,23,23,4790028,0,0,0,0,0,0,0,0,0,19,19,3893731,0,0,0,0,0,0,0,0,0
201703,31,025,2,4,Cass County                   ,29,29,5788270,0,0,0,0,0,0,0,0,0,29,29,5788270,0,0,0,0,0,0,0,0,0
201703,31,033,2,4,Cheyenne County               ,0,0,0,0,0,0,0,0,0,0,0,0,0,0,0,0,0,0,0,0,0,0,0,0
201703,31,055,2,4,Douglas County                ,434,434,67516469,0,0,0,0,0,0,18,221,17146912,414,414,62769686,0,0,0,0,0,0,18,221,17146912
201703,31,105,2,4,Kimball County                ,0,0,0,0,0,0,0,0,0,0,0,0,0,0,0,0,0,0,0,0,0,0,0,0
201703,31,153,2,4,Sarpy County                  ,202,202,53556399,1,2,326229,0,0,0,1,24,1270000,115,115,32079865,0,0,0,0,0,0,1,24,1270000
201703,31,165,2,4,Sioux County                  ,0,0,0,0,0,0,0,0,0,0,0,0,0,0,0,0,0,0,0,0,0,0,0,0
201703,31,177,2,4,Washington County             ,20,20,6544334,0,0,0,0,0,0,0,0,0,18,18,6105600,0,0,0,0,0,0,0,0,0
201703,32,001,4,8,Churchill County              ,7,7,1568346,0,0,0,0,0,0,0,0,0,7,7,1568346,0,0,0,0,0,0,0,0,0
201703,32,003,4,8,Clark County                  ,2330,2330,421337323,1,2,395688,14,42,7696742,10,423,45521777,2145,2145,393449579,1,2,395688,14,42,7696742,7,378,43108989
201703,32,005,4,8,Douglas County                ,26,26,10373282,0,0,0,0,0,0,1,24,2273199,26,26,10373282,0,0,0,0,0,0,1,24,2273199
201703,32,007,4,8,Elko County                   ,22,22,3218737,0,0,0,0,0,0,0,0,0,22,22,3218737,0,0,0,0,0,0,0,0,0
201703,32,013,4,8,Humboldt County               ,2,2,325464,0,0,0,0,0,0,0,0,0,2,2,325464,0,0,0,0,0,0,0,0,0
201703,32,015,4,8,Lander County                 ,0,0,0,0,0,0,0,0,0,0,0,0,0,0,0,0,0,0,0,0,0,0,0,0
201703,32,017,4,8,Lincoln County                ,2,2,547064,0,0,0,0,0,0,0,0,0,2,2,547064,0,0,0,0,0,0,0,0,0
201703,32,019,4,8,Lyon County                   ,62,62,13452470,0,0,0,0,0,0,0,0,0,62,62,13452470,0,0,0,0,0,0,0,0,0
201703,32,021,4,8,Mineral County                ,0,0,0,0,0,0,0,0,0,0,0,0,0,0,0,0,0,0,0,0,0,0,0,0
201703,32,027,4,8,Pershing County               ,4,4,262682,0,0,0,0,0,0,0,0,0,4,4,262682,0,0,0,0,0,0,0,0,0
201703,32,029,4,8,Storey County                 ,1,1,175390,0,0,0,0,0,0,0,0,0,0,0,0,0,0,0,0,0,0,0,0,0
201703,32,031,4,8,Washoe County                 ,414,414,102944928,0,0,0,0,0,0,10,293,21991206,284,284,73573102,0,0,0,0,0,0,8,264,18848662
201703,32,033,4,8,White Pine County             ,0,0,0,0,0,0,0,0,0,0,0,0,0,0,0,0,0,0,0,0,0,0,0,0
201703,32,510,4,8,Carson City (Independent City),41,41,11179862,0,0,0,5,20,2545672,0,0,0,41,41,11179862,0,0,0,5,20,2545672,0,0,0
201703,33,015,1,1,Rockingham County             ,174,174,38944027,4,8,903723,4,16,1825000,4,24,2656088,109,109,27901879,2,4,463723,4,16,1825000,2,14,1596000
201703,33,017,1,1,Strafford County              ,56,56,10710972,5,10,1110479,1,3,323420,2,94,7969000,50,50,9489126,5,10,1110479,0,0,0,2,94,7969000
201703,34,001,1,2,Atlantic County               ,48,48,12478110,0,0,0,1,3,462300,8,118,12630466,38,38,11580600,0,0,0,1,3,462300,3,60,4060000
201703,34,003,1,2,Bergen County                 ,210,210,74480540,20,40,6960289,1,3,50000,10,102,7402190,128,128,43063768,16,32,6280900,1,3,50000,2,53,4300000
201703,34,005,1,2,Burlington County             ,130,130,20982302,4,8,570478,0,0,0,1,68,1106500,90,90,13646294,1,2,100000,0,0,0,1,68,1106500
201703,34,007,1,2,Camden County                 ,42,42,8289733,2,4,60000,0,0,0,43,233,7253102,27,27,6129037,2,4,60000,0,0,0,35,175,3548393
201703,34,009,1,2,Cape May County               ,164,164,44784116,27,54,10875050,1,3,387864,2,16,1367500,158,158,42911857,27,54,10875050,1,3,387864,1,11,1354500
201703,34,011,1,2,Cumberland County             ,37,37,3548348,0,0,0,0,0,0,1,5,666180,11,11,749670,0,0,0,0,0,0,0,0,0
201703,34,013,1,2,Essex County                  ,88,88,12838298,9,18,1672501,1,3,845701,14,507,116803546,15,15,5753106,8,16,1587800,0,0,0,2,263,100688325
201703,34,015,1,2,Gloucester County             ,103,103,15428930,0,0,0,0,0,0,0,0,0,73,73,12288702,0,0,0,0,0,0,0,0,0
201703,34,017,1,2,Hudson County                 ,34,34,11866202,19,38,6194992,4,13,1808830,19,879,154061536,31,31,11537650,18,36,5159100,3,10,884000,16,816,142138306
201703,34,019,1,2,Hunterdon County              ,25,25,5986132,0,0,0,0,0,0,5,29,1419317,22,22,5595900,0,0,0,0,0,0,0,0,0
201703,34,021,1,2,Mercer County                 ,38,38,11702511,0,0,0,0,0,0,4,34,665668,30,30,9095191,0,0,0,0,0,0,2,10,2650
201703,34,023,1,2,Middlesex County              ,154,154,27664199,3,6,495800,0,0,0,14,322,27649506,126,126,22027425,3,6,495800,0,0,0,7,269,24426739
201703,34,025,1,2,Monmouth County               ,218,218,62572357,4,8,1055670,2,7,1110266,12,133,17227822,188,188,55474979,2,4,698400,1,4,791580,9,118,16357541
201703,34,027,1,2,Morris County                 ,150,150,32297964,0,0,0,0,0,0,14,216,14019156,96,96,22214065,0,0,0,0,0,0,2,63,7895766
201703,34,029,1,2,Ocean County                  ,632,632,95561834,2,4,6185000,1,4,548000,0,0,0,629,629,95089833,2,4,6185000,1,4,548000,0,0,0
201703,34,031,1,2,Passaic County                ,44,44,8464628,2,4,231746,0,0,0,3,15,889223,34,34,6572928,1,2,71000,0,0,0,0,0,0
201703,34,033,1,2,Salem County                  ,7,7,975428,0,0,0,0,0,0,0,0,0,4,4,478338,0,0,0,0,0,0,0,0,0
201703,34,035,1,2,Somerset County               ,77,77,13806266,0,0,0,0,0,0,13,145,8207392,48,48,9451515,0,0,0,0,0,0,1,26,600000
201703,34,037,1,2,Sussex County                 ,21,21,3177147,0,0,0,0,0,0,0,0,0,19,19,2567421,0,0,0,0,0,0,0,0,0
201703,34,039,1,2,Union County                  ,63,63,14469458,13,26,2190000,3,9,820504,8,211,13543723,48,48,12265476,13,26,2190000,2,6,384250,4,185,12446061
201703,34,041,1,2,Warren County                 ,11,11,1748332,0,0,0,0,0,0,3,53,1615292,3,3,630356,0,0,0,0,0,0,2,48,1405760
201703,35,000,4,8,New Mexico Balance of State   ,69,69,18872164,0,0,0,0,0,0,0,0,0,0,0,0,0,0,0,0,0,0,0,0,0
201703,35,001,4,8,Bernalillo County             ,303,303,67168401,0,0,0,0,0,0,3,36,3311069,42,42,16035279,0,0,0,0,0,0,0,0,0
201703,35,005,4,8,Chaves County                 ,27,27,3537504,2,4,607352,0,0,0,0,0,0,27,27,3537504,2,4,607352,0,0,0,0,0,0
201703,35,007,4,8,Colfax County                 ,3,3,1061984,0,0,0,0,0,0,0,0,0,0,0,0,0,0,0,0,0,0,0,0,0
201703,35,009,4,8,Curry County                  ,5,5,1146842,1,2,285889,0,0,0,0,0,0,5,5,1146842,1,2,285889,0,0,0,0,0,0
201703,35,013,4,8,Dona Ana County               ,194,194,39377587,1,2,313896,1,4,511000,0,0,0,154,154,31803668,0,0,0,1,4,511000,0,0,0
201703,35,015,4,8,Eddy County                   ,35,35,6916328,0,0,0,0,0,0,0,0,0,35,35,6916328,0,0,0,0,0,0,0,0,0
201703,35,017,4,8,Grant County                  ,4,4,703787,0,0,0,0,0,0,0,0,0,0,0,0,0,0,0,0,0,0,0,0,0
201703,35,025,4,8,Lea County                    ,16,16,3555018,0,0,0,0,0,0,0,0,0,16,16,3555018,0,0,0,0,0,0,0,0,0
201703,35,027,4,8,Lincoln County                ,15,15,3773331,0,0,0,0,0,0,0,0,0,0,0,0,0,0,0,0,0,0,0,0,0
201703,35,028,4,8,Los Alamos County             ,4,4,1137410,0,0,0,0,0,0,0,0,0,4,4,1137410,0,0,0,0,0,0,0,0,0
201703,35,029,4,8,Luna County                   ,3,3,752165,0,0,0,0,0,0,0,0,0,3,3,752165,0,0,0,0,0,0,0,0,0
201703,35,031,4,8,McKinley County               ,1,1,160000,0,0,0,0,0,0,0,0,0,1,1,160000,0,0,0,0,0,0,0,0,0
201703,35,035,4,8,Otero County                  ,0,0,0,0,0,0,0,0,0,0,0,0,0,0,0,0,0,0,0,0,0,0,0,0
201703,35,041,4,8,Roosevelt County              ,7,7,1215000,0,0,0,0,0,0,0,0,0,7,7,1215000,0,0,0,0,0,0,0,0,0
201703,35,043,4,8,Sandoval County               ,171,171,38000367,0,0,0,0,0,0,3,15,624999,147,147,32517964,0,0,0,0,0,0,0,0,0
201703,35,045,4,8,San Juan County               ,25,25,6309694,0,0,0,0,0,0,0,0,0,25,25,6309694,0,0,0,0,0,0,0,0,0
201703,35,047,4,8,San Miguel County             ,0,0,0,0,0,0,0,0,0,0,0,0,0,0,0,0,0,0,0,0,0,0,0,0
201703,35,049,4,8,Santa Fe County               ,30,30,7261929,0,0,0,0,0,0,0,0,0,0,0,0,0,0,0,0,0,0,0,0,0
201703,35,051,4,8,Sierra County                 ,0,0,0,0,0,0,0,0,0,0,0,0,0,0,0,0,0,0,0,0,0,0,0,0
201703,35,053,4,8,Socorro County                ,1,1,252000,0,0,0,0,0,0,0,0,0,1,1,252000,0,0,0,0,0,0,0,0,0
201703,35,055,4,8,Taos County                   ,15,15,1644836,0,0,0,0,0,0,0,0,0,0,0,0,0,0,0,0,0,0,0,0,0
201703,35,061,4,8,Valencia County               ,24,24,2601888,0,0,0,0,0,0,0,0,0,0,0,0,0,0,0,0,0,0,0,0,0
201703,36,001,1,2,Albany County                 ,57,57,12743060,1,2,285000,0,0,0,6,92,10146721,50,50,11487185,1,2,285000,0,0,0,3,58,4569000
201703,36,005,1,2,Bronx County                  ,1,1,261756,4,8,1062893,0,0,0,16,1115,150443605,1,1,261756,4,8,1062893,0,0,0,16,1115,150443605
201703,36,029,1,2,Erie County                   ,127,127,34644218,0,0,0,0,0,0,9,135,14793334,113,113,32029945,0,0,0,0,0,0,8,130,14057205
201703,36,047,1,2,Kings County                  ,23,23,6020376,14,28,3720127,14,50,6464400,75,1996,269314292,23,23,6020376,14,28,3720127,14,50,6464400,75,1996,269314292
201703,36,051,1,2,Livingston County             ,3,3,587993,0,0,0,0,0,0,1,5,312500,1,1,215493,0,0,0,0,0,0,0,0,0
201703,36,055,1,2,Monroe County                 ,146,146,31413089,1,2,379800,1,3,390000,5,223,22112884,131,131,28722879,1,2,379800,1,3,390000,3,199,19349541
201703,36,059,1,2,Nassau County                 ,158,158,60044097,0,0,0,0,0,0,7,64,10269019,94,94,36751040,0,0,0,0,0,0,2,30,5500000
201703,36,061,1,2,New York County               ,0,0,0,1,2,265723,0,0,0,16,1484,200231668,0,0,0,1,2,265723,0,0,0,16,1484,200231668
201703,36,063,1,2,Niagara County                ,35,35,9273242,0,0,0,0,0,0,0,0,0,22,22,6099400,0,0,0,0,0,0,0,0,0
201703,36,069,1,2,Ontario County                ,65,65,16155292,0,0,0,0,0,0,0,0,0,56,56,13658580,0,0,0,0,0,0,0,0,0
201703,36,073,1,2,Orleans County                ,6,6,1018000,0,0,0,0,0,0,0,0,0,2,2,275000,0,0,0,0,0,0,0,0,0
201703,36,079,1,2,Putnam County                 ,8,8,2840639,0,0,0,2,6,1340898,0,0,0,4,4,1861500,0,0,0,0,0,0,0,0,0
201703,36,081,1,2,Queens County                 ,21,21,5496865,45,90,11957554,11,33,4266504,16,1290,174055830,21,21,5496865,45,90,11957554,11,33,4266504,16,1290,174055830
201703,36,083,1,2,Rensselaer County             ,17,17,3757500,1,2,550000,0,0,0,0,0,0,11,11,2643000,0,0,0,0,0,0,0,0,0
201703,36,085,1,2,Richmond County               ,86,86,22510974,58,116,15411957,0,0,0,0,0,0,86,86,22510974,58,116,15411957,0,0,0,0,0,0
201703,36,087,1,2,Rockland County               ,23,23,9166437,7,14,1931757,3,10,1097937,9,172,34550126,13,13,6683550,1,2,280000,0,0,0,4,140,30700000
201703,36,091,1,2,Saratoga County               ,111,111,31608358,1,2,314000,0,0,0,10,69,6008252,76,76,23096425,1,2,314000,0,0,0,4,34,2140000
201703,36,093,1,2,Schenectady County            ,7,7,1393376,0,0,0,0,0,0,1,5,650000,4,4,755000,0,0,0,0,0,0,0,0,0
201703,36,095,1,2,Schoharie County              ,2,2,310000,0,0,0,0,0,0,0,0,0,1,1,200000,0,0,0,0,0,0,0,0,0
201703,36,099,1,2,Seneca County                 ,3,3,454122,0,0,0,0,0,0,0,0,0,0,0,0,0,0,0,0,0,0,0,0,0
201703,36,117,1,2,Wayne County                  ,8,8,1705304,0,0,0,0,0,0,0,0,0,7,7,1473940,0,0,0,0,0,0,0,0,0
201703,36,119,1,2,Westchester County            ,62,62,33704326,2,4,804500,0,0,0,4,302,104414949,42,42,23181649,0,0,0,0,0,0,2,287,100000000
201703,37,007,3,5,Anson County                  ,11,11,1648515,0,0,0,0,0,0,0,0,0,0,0,0,0,0,0,0,0,0,0,0,0
201703,37,011,3,5,Avery County                  ,25,25,6420780,0,0,0,0,0,0,0,0,0,25,25,6420780,0,0,0,0,0,0,0,0,0
201703,37,015,3,5,Bertie County                 ,2,2,416917,0,0,0,0,0,0,0,0,0,0,0,0,0,0,0,0,0,0,0,0,0
201703,37,025,3,5,Cabarrus County               ,380,380,54608996,0,0,0,0,0,0,0,0,0,380,380,54608996,0,0,0,0,0,0,0,0,0
201703,37,033,3,5,Caswell County                ,8,8,1422906,0,0,0,0,0,0,0,0,0,8,8,1422906,0,0,0,0,0,0,0,0,0
201703,37,037,3,5,Chatham County                ,204,204,53260456,0,0,0,0,0,0,0,0,0,204,204,53260456,0,0,0,0,0,0,0,0,0
201703,37,051,3,5,Cumberland County             ,197,197,33437467,0,0,0,0,0,0,0,0,0,196,196,33125066,0,0,0,0,0,0,0,0,0
201703,37,053,3,5,Currituck County              ,84,84,21260208,0,0,0,0,0,0,0,0,0,84,84,21260208,0,0,0,0,0,0,0,0,0
201703,37,059,3,5,Davie County                  ,33,33,7616574,0,0,0,0,0,0,2,10,439638,10,10,2181701,0,0,0,0,0,0,0,0,0
201703,37,063,3,5,Durham County                 ,470,470,77826360,0,0,0,1,3,162150,12,288,18274507,0,0,0,0,0,0,0,0,0,0,0,0
201703,37,069,3,5,Franklin County               ,108,108,19265734,0,0,0,0,0,0,0,0,0,108,108,19265734,0,0,0,0,0,0,0,0,0
201703,37,071,3,5,Gaston County                 ,214,214,62357021,3,6,714018,0,0,0,4,23,3645268,214,214,62357021,3,6,714018,0,0,0,4,23,3645268
201703,37,081,3,5,Guilford County               ,327,327,80938082,0,0,0,0,0,0,12,258,34342601,295,295,73404164,0,0,0,0,0,0,11,248,33298567
201703,37,089,3,5,Henderson County              ,105,105,25972614,0,0,0,0,0,0,0,0,0,105,105,25972614,0,0,0,0,0,0,0,0,0
201703,37,093,3,5,Hoke County                   ,42,42,9569986,0,0,0,0,0,0,0,0,0,42,42,9569986,0,0,0,0,0,0,0,0,0
201703,37,097,3,5,Iredell County                ,359,359,103273929,1,2,178688,0,0,0,7,144,13124209,359,359,103273929,1,2,178688,0,0,0,7,144,13124209
201703,37,101,3,5,Johnston County               ,565,565,92204033,0,0,0,0,0,0,0,0,0,555,555,90779790,0,0,0,0,0,0,0,0,0
201703,37,105,3,5,Lee County                    ,41,41,7831190,0,0,0,0,0,0,0,0,0,41,41,7831190,0,0,0,0,0,0,0,0,0
201703,37,119,3,5,Mecklenburg County            ,1360,1360,309885243,5,10,499375,1,4,803800,21,1004,47163065,1360,1360,309885243,5,10,499375,1,4,803800,21,1004,47163065
201703,37,133,3,5,Onslow County                 ,253,253,35506693,2,4,250000,1,4,400000,0,0,0,251,251,35033202,2,4,250000,1,4,400000,0,0,0
201703,37,135,3,5,Orange County                 ,128,128,39770755,0,0,0,0,0,0,0,0,0,95,95,28686586,0,0,0,0,0,0,0,0,0
201703,37,145,3,5,Person County                 ,18,18,5253821,0,0,0,0,0,0,0,0,0,18,18,5253821,0,0,0,0,0,0,0,0,0
201703,37,151,3,5,Randolph County               ,94,94,19525855,0,0,0,0,0,0,0,0,0,94,94,19525855,0,0,0,0,0,0,0,0,0
201703,37,157,3,5,Rockingham County             ,51,51,12138330,0,0,0,0,0,0,8,154,19765244,50,50,12012547,0,0,0,0,0,0,6,144,18741410
201703,37,179,3,5,Union County                  ,420,420,93997302,0,0,0,0,0,0,0,0,0,420,420,93997302,0,0,0,0,0,0,0,0,0
201703,37,181,3,5,Vance County                  ,14,14,1820354,0,0,0,0,0,0,0,0,0,14,14,1820354,0,0,0,0,0,0,0,0,0
201703,37,183,3,5,Wake County                   ,1916,1916,456237723,0,0,0,0,0,0,36,1228,127440090,1840,1840,440934905,0,0,0,0,0,0,36,1228,127440090
201703,37,195,3,5,Wilson County                 ,40,40,6652709,1,2,115000,0,0,0,0,0,0,40,40,6652709,1,2,115000,0,0,0,0,0,0
201703,39,007,2,3,Ashtabula County              ,12,12,2196732,3,6,480900,0,0,0,0,0,0,0,0,0,0,0,0,0,0,0,0,0,0
201703,39,015,2,3,Brown County                  ,14,14,2230616,0,0,0,0,0,0,0,0,0,0,0,0,0,0,0,0,0,0,0,0,0
201703,39,017,2,3,Butler County                 ,197,197,40801960,2,4,700000,1,4,360000,6,72,5143246,191,191,39789972,2,4,700000,1,4,360000,6,72,5143246
201703,39,025,2,3,Clermont County               ,95,95,18051788,0,0,0,3,11,912700,6,65,3826000,95,95,18051788,0,0,0,3,11,912700,6,65,3826000
201703,39,041,2,3,Delaware County               ,270,270,70608493,2,4,463628,2,8,985961,14,149,17760296,261,261,67425231,2,4,463628,2,8,985961,13,144,17672796
201703,39,049,2,3,Franklin County               ,368,368,99220074,1,2,300000,1,4,180000,35,942,111006562,361,361,97834429,1,2,300000,1,4,180000,35,942,111006562
201703,39,055,2,3,Geauga County                 ,33,33,10752003,0,0,0,0,0,0,1,81,22700000,33,33,10752003,0,0,0,0,0,0,1,81,22700000
201703,39,085,2,3,Lake County                   ,93,93,17841432,0,0,0,0,0,0,0,0,0,87,87,16461282,0,0,0,0,0,0,0,0,0
201703,39,089,2,3,Licking County                ,65,65,16446575,0,0,0,0,0,0,0,0,0,0,0,0,0,0,0,0,0,0,0,0,0
201703,39,093,2,3,Lorain County                 ,173,173,42117251,1,2,236100,10,39,3393500,3,17,882945,126,126,33511730,0,0,0,9,36,3226000,2,12,663400
201703,39,097,2,3,Madison County                ,7,7,1778948,0,0,0,0,0,0,0,0,0,7,7,1778948,0,0,0,0,0,0,0,0,0
201703,39,103,2,3,Medina County                 ,123,123,31379423,1,2,140000,2,6,420000,0,0,0,123,123,31379423,1,2,140000,2,6,420000,0,0,0
201703,39,117,2,3,Morrow County                 ,12,12,2061265,0,0,0,0,0,0,0,0,0,7,7,1014135,0,0,0,0,0,0,0,0,0
201703,39,159,2,3,Union County                  ,88,88,22363916,0,0,0,0,0,0,0,0,0,88,88,22363916,0,0,0,0,0,0,0,0,0
201703,39,165,2,3,Warren County                 ,329,329,89130215,1,2,380913,1,4,920235,1,6,692397,310,310,84831517,1,2,380913,1,4,920235,1,6,692397
201703,40,001,3,7,Adair County                  ,3,3,577929,0,0,0,0,0,0,0,0,0,0,0,0,0,0,0,0,0,0,0,0,0
201703,40,017,3,7,Canadian County               ,52,52,13421454,4,8,505000,0,0,0,0,0,0,39,39,9898960,3,6,375000,0,0,0,0,0,0
201703,40,021,3,7,Cherokee County               ,15,15,1968574,1,2,130000,0,0,0,0,0,0,0,0,0,0,0,0,0,0,0,0,0,0
201703,40,027,3,7,Cleveland County              ,133,133,30641689,4,8,2158140,4,12,1050000,3,15,1500000,133,133,30641689,4,8,2158140,4,12,1050000,3,15,1500000
201703,40,029,3,7,Coal County                   ,0,0,0,0,0,0,0,0,0,0,0,0,0,0,0,0,0,0,0,0,0,0,0,0
201703,40,037,3,7,Creek County                  ,20,20,3891857,0,0,0,0,0,0,0,0,0,20,20,3891857,0,0,0,0,0,0,0,0,0
201703,40,051,3,7,Grady County                  ,26,26,5560901,0,0,0,0,0,0,0,0,0,9,9,2023000,0,0,0,0,0,0,0,0,0
201703,40,055,3,7,Greer County                  ,1,1,50000,0,0,0,0,0,0,0,0,0,1,1,50000,0,0,0,0,0,0,0,0,0
201703,40,081,3,7,Lincoln County                ,1,1,227857,0,0,0,0,0,0,0,0,0,1,1,227857,0,0,0,0,0,0,0,0,0
201703,40,083,3,7,Logan County                  ,4,4,718000,2,4,143000,0,0,0,0,0,0,4,4,718000,2,4,143000,0,0,0,0,0,0
201703,40,087,3,7,McClain County                ,99,99,19771258,0,0,0,0,0,0,0,0,0,58,58,11975531,0,0,0,0,0,0,0,0,0
201703,40,109,3,7,Oklahoma County               ,940,940,218483324,1,2,200000,0,0,0,0,0,0,901,901,212087682,1,2,200000,0,0,0,0,0,0
201703,40,111,3,7,Okmulgee County               ,1,1,236667,0,0,0,0,0,0,0,0,0,0,0,0,0,0,0,0,0,0,0,0,0
201703,40,113,3,7,Osage County                  ,47,47,7514672,4,8,600000,0,0,0,0,0,0,47,47,7514672,4,8,600000,0,0,0,0,0,0
201703,40,117,3,7,Pawnee County                 ,0,0,0,0,0,0,0,0,0,0,0,0,0,0,0,0,0,0,0,0,0,0,0,0
201703,40,131,3,7,Rogers County                 ,125,125,18359965,0,0,0,0,0,0,0,0,0,124,124,18256632,0,0,0,0,0,0,0,0,0
201703,40,143,3,7,Tulsa County                  ,577,577,137226172,1,2,208960,1,4,282975,1,6,724698,561,561,133516221,1,2,208960,1,4,282975,1,6,724698
201703,40,145,3,7,Wagoner County                ,103,103,19015291,0,0,0,0,0,0,8,43,2930670,103,103,19015291,0,0,0,0,0,0,8,43,2930670
201703,41,000,4,9,Oregon Balance of State       ,32,32,4686190,0,0,0,0,0,0,0,0,0,0,0,0,0,0,0,0,0,0,0,0,0
201703,41,005,4,9,Clackamas County              ,313,313,95228686,1,2,302827,0,0,0,0,0,0,301,301,91043801,1,2,302827,0,0,0,0,0,0
201703,41,019,4,9,Douglas County                ,53,53,13483031,0,0,0,0,0,0,0,0,0,53,53,13483031,0,0,0,0,0,0,0,0,0
201703,41,025,4,9,Harney County                 ,2,2,404186,0,0,0,0,0,0,0,0,0,0,0,0,0,0,0,0,0,0,0,0,0
201703,41,035,4,9,Klamath County                ,9,9,1874531,0,0,0,0,0,0,0,0,0,9,9,1874531,0,0,0,0,0,0,0,0,0
201703,41,051,4,9,Multnomah County              ,220,220,60193656,26,52,8460178,0,0,0,26,1184,223000369,219,219,60030918,26,52,8460178,0,0,0,26,1184,223000369
201703,41,067,4,9,Washington County             ,502,502,144919577,0,0,0,0,0,0,14,254,29857459,502,502,144919577,0,0,0,0,0,0,14,254,29857459
201703,41,071,4,9,Yamhill County                ,55,55,15243126,0,0,0,0,0,0,0,0,0,44,44,12527335,0,0,0,0,0,0,0,0,0
201703,42,001,1,2,Adams County                  ,59,59,12995854,0,0,0,0,0,0,0,0,0,59,59,12995854,0,0,0,0,0,0,0,0,0
201703,42,017,1,2,Bucks County                  ,220,220,44363513,0,0,0,2,6,966000,2,18,2022270,132,132,26646811,0,0,0,0,0,0,2,18,2022270
201703,42,029,1,2,Chester County                ,255,255,50184875,0,0,0,0,0,0,0,0,0,233,233,44847732,0,0,0,0,0,0,0,0,0
201703,42,037,1,2,Columbia County               ,21,21,6527852,0,0,0,0,0,0,1,5,782273,8,8,3345920,0,0,0,0,0,0,0,0,0
201703,42,041,1,2,Cumberland County             ,156,156,32503872,1,2,150000,1,3,532963,4,22,1078344,149,149,30971810,1,2,150000,0,0,0,3,16,777070
201703,42,043,1,2,Dauphin County                ,84,84,19350276,1,2,332040,0,0,0,2,13,1665480,47,47,10575926,1,2,332040,0,0,0,2,13,1665480
201703,42,045,1,2,Delaware County               ,84,84,21133299,1,2,300000,0,0,0,3,16,2158832,47,47,12729378,1,2,300000,0,0,0,3,16,2158832
201703,42,055,1,2,Franklin County               ,61,61,10869476,2,4,400000,1,4,320000,0,0,0,58,58,10424942,2,4,400000,1,4,320000,0,0,0
201703,42,065,1,2,Jefferson County              ,2,2,242800,0,0,0,0,0,0,0,0,0,2,2,242800,0,0,0,0,0,0,0,0,0
201703,42,091,1,2,Montgomery County             ,224,224,47007421,4,8,1110415,0,0,0,8,160,18194275,182,182,37583213,4,8,1110415,0,0,0,2,124,14099477
201703,42,093,1,2,Montour County                ,6,6,1527991,0,0,0,0,0,0,0,0,0,2,2,730500,0,0,0,0,0,0,0,0,0
201703,42,099,1,2,Perry County                  ,13,13,3123080,0,0,0,0,0,0,0,0,0,1,1,50000,0,0,0,0,0,0,0,0,0
201703,42,101,1,2,Philadelphia County           ,162,162,42404390,38,76,11187000,28,91,10741800,10,427,63761191,162,162,42404390,38,76,11187000,28,91,10741800,10,427,63761191
201703,42,103,1,2,Pike County                   ,13,13,3106303,0,0,0,0,0,0,0,0,0,7,7,1572500,0,0,0,0,0,0,0,0,0
201703,44,001,1,1,Bristol County                ,9,9,2342715,0,0,0,0,0,0,0,0,0,8,8,2145644,0,0,0,0,0,0,0,0,0
201703,44,003,1,1,Kent County                   ,32,32,4290327,2,4,800000,0,0,0,0,0,0,17,17,1898900,0,0,0,0,0,0,0,0,0
201703,44,005,1,1,Newport County                ,31,31,11071925,0,0,0,0,0,0,0,0,0,29,29,10570291,0,0,0,0,0,0,0,0,0
201703,44,007,1,1,Providence County             ,96,96,14172485,0,0,0,0,0,0,0,0,0,85,85,12919168,0,0,0,0,0,0,0,0,0
201703,44,009,1,1,Washington County             ,64,64,18102035,0,0,0,0,0,0,0,0,0,46,46,13226293,0,0,0,0,0,0,0,0,0
201703,45,003,3,5,Aiken County                  ,198,198,43805689,0,0,0,0,0,0,0,0,0,184,184,41359846,0,0,0,0,0,0,0,0,0
201703,45,009,3,5,Bamberg County                ,5,5,457000,0,0,0,0,0,0,0,0,0,5,5,457000,0,0,0,0,0,0,0,0,0
201703,45,015,3,5,Berkeley County               ,428,428,120239038,0,0,0,0,0,0,3,107,2524352,257,257,74318561,0,0,0,0,0,0,0,0,0
201703,45,017,3,5,Calhoun County                ,7,7,981000,0,0,0,0,0,0,0,0,0,7,7,981000,0,0,0,0,0,0,0,0,0
201703,45,019,3,5,Charleston County             ,681,681,184641124,0,0,0,0,0,0,23,704,105461290,433,433,147668409,0,0,0,0,0,0,18,587,98433202
201703,45,035,3,5,Dorchester County             ,157,157,44327000,0,0,0,0,0,0,0,0,0,157,157,44327000,0,0,0,0,0,0,0,0,0
201703,45,037,3,5,Edgefield County              ,26,26,4594672,0,0,0,0,0,0,0,0,0,26,26,4594672,0,0,0,0,0,0,0,0,0
201703,45,039,3,5,Fairfield County              ,10,10,2132917,0,0,0,0,0,0,0,0,0,0,0,0,0,0,0,0,0,0,0,0,0
201703,45,045,3,5,Greenville County             ,751,751,258984923,0,0,0,0,0,0,0,0,0,751,751,258984923,0,0,0,0,0,0,0,0,0
201703,45,051,3,5,Horry County                  ,1106,1106,191534545,34,68,5189970,0,0,0,5,38,3031365,730,730,129176755,28,56,3526994,0,0,0,1,18,1277075
201703,45,055,3,5,Kershaw County                ,71,71,10162647,0,0,0,0,0,0,0,0,0,71,71,10162647,0,0,0,0,0,0,0,0,0
201703,45,059,3,5,Laurens County                ,36,36,5569418,0,0,0,0,0,0,0,0,0,35,35,5511004,0,0,0,0,0,0,0,0,0
201703,45,063,3,5,Lexington County              ,476,476,122455979,0,0,0,0,0,0,1,13,892373,60,60,11971530,0,0,0,0,0,0,0,0,0
201703,45,077,3,5,Pickens County                ,129,129,39611147,0,0,0,0,0,0,4,44,4406076,96,96,33596887,0,0,0,0,0,0,1,5,594031
201703,45,079,3,5,Richland County               ,498,498,70517665,0,0,0,0,0,0,4,83,4684749,82,82,17627515,0,0,0,0,0,0,0,0,0
201703,45,081,3,5,Saluda County                 ,9,9,1810207,0,0,0,0,0,0,0,0,0,9,9,1810207,0,0,0,0,0,0,0,0,0
201703,45,085,3,5,Sumter County                 ,72,72,11212653,0,0,0,0,0,0,0,0,0,72,72,11212653,0,0,0,0,0,0,0,0,0
201703,45,091,3,5,York County                   ,621,621,189649101,0,0,0,0,0,0,7,190,18386974,196,196,60463028,0,0,0,0,0,0,1,89,8830982
201703,46,007,2,4,Bennett County                ,0,0,0,0,0,0,0,0,0,0,0,0,0,0,0,0,0,0,0,0,0,0,0,0
201703,46,055,2,4,Haakon County                 ,0,0,0,0,0,0,0,0,0,0,0,0,0,0,0,0,0,0,0,0,0,0,0,0
201703,46,071,2,4,Jackson County                ,0,0,0,0,0,0,0,0,0,0,0,0,0,0,0,0,0,0,0,0,0,0,0,0
201703,46,111,2,4,Sanborn County                ,0,0,0,0,0,0,0,0,0,0,0,0,0,0,0,0,0,0,0,0,0,0,0,0
201703,47,001,3,6,Anderson County               ,28,28,5730165,0,0,0,0,0,0,0,0,0,25,25,5181443,0,0,0,0,0,0,0,0,0
201703,47,015,3,6,Cannon County                 ,3,3,378570,0,0,0,0,0,0,0,0,0,0,0,0,0,0,0,0,0,0,0,0,0
201703,47,021,3,6,Cheatham County               ,43,43,6624871,0,0,0,0,0,0,0,0,0,41,41,6408300,0,0,0,0,0,0,0,0,0
201703,47,037,3,6,Davidson County               ,1105,1105,264220885,0,0,0,6,23,3010354,11,492,44729155,1103,1103,262287344,0,0,0,6,23,3010354,11,492,44729155
201703,47,043,3,6,Dickson County                ,76,76,13518215,0,0,0,0,0,0,0,0,0,61,61,10508243,0,0,0,0,0,0,0,0,0
201703,47,049,3,6,Fentress County               ,0,0,0,0,0,0,0,0,0,0,0,0,0,0,0,0,0,0,0,0,0,0,0,0
201703,47,081,3,6,Hickman County                ,19,19,2744806,0,0,0,0,0,0,0,0,0,10,10,1140675,0,0,0,0,0,0,0,0,0
201703,47,093,3,6,Knox County                   ,413,413,83420246,0,0,0,0,0,0,5,72,3450000,413,413,83420246,0,0,0,0,0,0,5,72,3450000
201703,47,105,3,6,Loudon County                 ,78,78,19765303,0,0,0,0,0,0,0,0,0,71,71,18732512,0,0,0,0,0,0,0,0,0
201703,47,125,3,6,Montgomery County             ,358,358,52784979,2,4,525000,2,8,595000,3,18,720000,358,358,52784979,2,4,525000,2,8,595000,3,18,720000
201703,47,139,3,6,Polk County                   ,46,46,8285707,0,0,0,0,0,0,0,0,0,0,0,0,0,0,0,0,0,0,0,0,0
201703,47,149,3,6,Rutherford County             ,591,591,147901486,8,16,2259569,7,27,3735946,7,133,10748836,404,404,117649971,5,10,1600000,6,23,3331492,1,5,550000
201703,47,153,3,6,Sequatchie County             ,2,2,235000,0,0,0,0,0,0,0,0,0,2,2,235000,0,0,0,0,0,0,0,0,0
201703,47,157,3,6,Shelby County                 ,239,239,62512916,0,0,0,0,0,0,1,25,13118109,239,239,62512916,0,0,0,0,0,0,1,25,13118109
201703,47,159,3,6,Smith County                  ,17,17,2508566,0,0,0,0,0,0,0,0,0,15,15,2291900,0,0,0,0,0,0,0,0,0
201703,47,161,3,6,Stewart County                ,0,0,0,0,0,0,0,0,0,0,0,0,0,0,0,0,0,0,0,0,0,0,0,0
201703,47,165,3,6,Sumner County                 ,321,321,77496990,0,0,0,0,0,0,17,650,28736850,312,312,75895058,0,0,0,0,0,0,17,650,28736850
201703,47,167,3,6,Tipton County                 ,30,30,5118543,0,0,0,0,0,0,0,0,0,14,14,2962200,0,0,0,0,0,0,0,0,0
201703,47,169,3,6,Trousdale County              ,16,16,2231000,0,0,0,0,0,0,0,0,0,16,16,2231000,0,0,0,0,0,0,0,0,0
201703,47,173,3,6,Union County                  ,10,10,1420000,0,0,0,0,0,0,0,0,0,10,10,1420000,0,0,0,0,0,0,0,0,0
201703,47,175,3,6,Van Buren County              ,0,0,0,0,0,0,0,0,0,0,0,0,0,0,0,0,0,0,0,0,0,0,0,0
201703,47,189,3,6,Wilson County                 ,306,306,76202438,3,6,680000,0,0,0,7,138,10648560,219,219,50880734,3,6,680000,0,0,0,4,76,3300000
201703,48,013,3,7,Atascosa County               ,10,10,1839884,0,0,0,0,0,0,0,0,0,8,8,1449550,0,0,0,0,0,0,0,0,0
201703,48,015,3,7,Austin County                 ,6,6,1132181,0,0,0,0,0,0,0,0,0,4,4,763365,0,0,0,0,0,0,0,0,0
201703,48,019,3,7,Bandera County                ,0,0,0,0,0,0,0,0,0,0,0,0,0,0,0,0,0,0,0,0,0,0,0,0
201703,48,021,3,7,Bastrop County                ,38,38,4884760,0,0,0,0,0,0,0,0,0,38,38,4884760,0,0,0,0,0,0,0,0,0
201703,48,025,3,7,Bee County                    ,3,3,219525,0,0,0,0,0,0,0,0,0,0,0,0,0,0,0,0,0,0,0,0,0
201703,48,027,3,7,Bell County                   ,434,434,77845104,21,42,3966040,0,0,0,0,0,0,414,414,73857960,21,42,3966040,0,0,0,0,0,0
201703,48,029,3,7,Bexar County                  ,953,953,219029825,5,10,1199640,9,35,3213321,59,296,31508678,833,833,203366125,5,10,1199640,8,32,3213321,56,280,28099091
201703,48,051,3,7,Burleson County               ,5,5,368000,0,0,0,0,0,0,0,0,0,5,5,368000,0,0,0,0,0,0,0,0,0
201703,48,055,3,7,Caldwell County               ,67,67,12327036,0,0,0,0,0,0,0,0,0,3,3,200000,0,0,0,0,0,0,0,0,0
201703,48,085,3,7,Collin County                 ,2340,2340,740817932,0,0,0,0,0,0,43,2123,251632240,2059,2059,637514456,0,0,0,0,0,0,37,2063,242633401
201703,48,091,3,7,Comal County                  ,672,672,149953365,39,78,7399391,0,0,0,2,147,11770037,667,667,148478538,39,78,7399391,0,0,0,2,147,11770037
201703,48,099,3,7,Coryell County                ,38,38,5497424,1,2,133257,0,0,0,2,10,1369170,13,13,1943717,0,0,0,0,0,0,0,0,0
201703,48,107,3,7,Crosby County                 ,2,2,134000,0,0,0,0,0,0,0,0,0,0,0,0,0,0,0,0,0,0,0,0,0
201703,48,113,3,7,Dallas County                 ,1434,1434,439245929,22,44,10648044,7,26,5583240,82,4696,435794964,1361,1361,417995904,22,44,10648044,7,26,5583240,82,4696,435794964
201703,48,119,3,7,Delta County                  ,2,2,455714,0,0,0,0,0,0,0,0,0,2,2,455714,0,0,0,0,0,0,0,0,0
201703,48,135,3,7,Ector County                  ,135,135,26931385,0,0,0,0,0,0,0,0,0,135,135,26931385,0,0,0,0,0,0,0,0,0
201703,48,139,3,7,Ellis County                  ,452,452,83642880,1,2,220874,0,0,0,0,0,0,369,369,67273495,0,0,0,0,0,0,0,0,0
201703,48,141,3,7,El Paso County                ,738,738,119451989,10,20,1623376,3,12,1199466,22,373,37450908,57,57,6244715,0,0,0,0,0,0,1,5,133960
201703,48,157,3,7,Fort Bend County              ,2540,2540,300061991,0,0,0,3,9,836935,3,25,1956462,319,319,94413460,0,0,0,3,9,836935,0,0,0
201703,48,167,3,7,Galveston County              ,714,714,154515343,0,0,0,0,0,0,3,16,880845,268,268,62609435,0,0,0,0,0,0,0,0,0
201703,48,185,3,7,Grimes County                 ,6,6,570498,0,0,0,0,0,0,0,0,0,0,0,0,0,0,0,0,0,0,0,0,0
201703,48,187,3,7,Guadalupe County              ,262,262,59633577,0,0,0,0,0,0,6,103,1562609,243,243,56078562,0,0,0,0,0,0,5,96,1190666
201703,48,193,3,7,Hamilton County               ,0,0,0,0,0,0,0,0,0,0,0,0,0,0,0,0,0,0,0,0,0,0,0,0
201703,48,195,3,7,Hansford County               ,0,0,0,0,0,0,0,0,0,0,0,0,0,0,0,0,0,0,0,0,0,0,0,0
201703,48,201,3,7,Harris County                 ,4303,4303,739478265,23,46,5012945,11,43,5434425,36,1180,129960859,4242,4242,708363410,23,46,5012945,11,43,5434425,36,1180,129960859
201703,48,211,3,7,Hemphill County               ,0,0,0,0,0,0,0,0,0,0,0,0,0,0,0,0,0,0,0,0,0,0,0,0
201703,48,215,3,7,Hidalgo County                ,681,681,123777114,31,62,3435437,11,42,1701646,8,166,12722779,539,539,102288577,22,44,2554698,11,42,1701646,4,130,10750000
201703,48,233,3,7,Hutchinson County             ,0,0,0,0,0,0,0,0,0,1,5,536458,0,0,0,0,0,0,0,0,0,0,0,0
201703,48,251,3,7,Johnson County                ,142,142,33151243,1,2,250000,0,0,0,0,0,0,133,133,31207673,1,2,250000,0,0,0,0,0,0
201703,48,257,3,7,Kaufman County                ,192,192,39862426,0,0,0,0,0,0,0,0,0,175,175,36880186,0,0,0,0,0,0,0,0,0
201703,48,259,3,7,Kendall County                ,68,68,18857794,0,0,0,0,0,0,0,0,0,46,46,12092630,0,0,0,0,0,0,0,0,0
201703,48,271,3,7,Kinney County                 ,0,0,0,0,0,0,0,0,0,0,0,0,0,0,0,0,0,0,0,0,0,0,0,0
201703,48,281,3,7,Lampasas County               ,6,6,842000,0,0,0,0,0,0,0,0,0,6,6,842000,0,0,0,0,0,0,0,0,0
201703,48,291,3,7,Liberty County                ,123,123,11238946,0,0,0,0,0,0,0,0,0,121,121,10929958,0,0,0,0,0,0,0,0,0
201703,48,303,3,7,Lubbock County                ,331,331,78514094,6,12,999500,0,0,0,29,293,40068307,145,145,30829740,0,0,0,0,0,0,22,194,33315000
201703,48,323,3,7,Maverick County               ,14,14,3289136,2,4,517231,0,0,0,0,0,0,14,14,3289136,2,4,517231,0,0,0,0,0,0
201703,48,325,3,7,Medina County                 ,4,4,770000,0,0,0,0,0,0,0,0,0,3,3,611000,0,0,0,0,0,0,0,0,0
201703,48,329,3,7,Midland County                ,232,232,50218665,0,0,0,0,0,0,0,0,0,232,232,50218665,0,0,0,0,0,0,0,0,0
201703,48,339,3,7,Montgomery County             ,1237,1237,278358449,2,4,150000,0,0,0,0,0,0,1216,1216,271931953,2,4,150000,0,0,0,0,0,0
201703,48,367,3,7,Parker County                 ,93,93,20198164,0,0,0,0,0,0,0,0,0,86,86,18618486,0,0,0,0,0,0,0,0,0
201703,48,375,3,7,Potter County                 ,112,112,28919432,1,2,248281,0,0,0,0,0,0,112,112,28919432,1,2,248281,0,0,0,0,0,0
201703,48,383,3,7,Reagan County                 ,0,0,0,0,0,0,0,0,0,0,0,0,0,0,0,0,0,0,0,0,0,0,0,0
201703,48,385,3,7,Real County                   ,0,0,0,0,0,0,0,0,0,0,0,0,0,0,0,0,0,0,0,0,0,0,0,0
201703,48,395,3,7,Robertson County              ,15,15,3417852,0,0,0,0,0,0,0,0,0,15,15,3417852,0,0,0,0,0,0,0,0,0
201703,48,397,3,7,Rockwall County               ,387,387,113725482,1,2,177000,0,0,0,0,0,0,294,294,90451375,1,2,177000,0,0,0,0,0,0
201703,48,407,3,7,San Jacinto County            ,110,110,22461450,0,0,0,0,0,0,0,0,0,110,110,22461450,0,0,0,0,0,0,0,0,0
201703,48,411,3,7,San Saba County               ,0,0,0,0,0,0,0,0,0,0,0,0,0,0,0,0,0,0,0,0,0,0,0,0
201703,48,451,3,7,Tom Green County              ,38,38,7936000,2,4,660000,0,0,0,0,0,0,38,38,7936000,2,4,660000,0,0,0,0,0,0
201703,48,453,3,7,Travis County                 ,2338,2338,482056873,3,6,940874,8,31,4870564,62,1896,105958307,2250,2250,458024778,3,6,940874,8,31,4870564,61,1891,105291640
201703,48,473,3,7,Waller County                 ,2,2,174976,0,0,0,1,3,450000,4,21,806237,1,1,12000,0,0,0,0,0,0,0,0,0
201703,48,491,3,7,Williamson County             ,1119,1119,298584794,2,4,307890,2,7,477270,15,330,31901881,1109,1109,297280911,2,4,307890,2,7,477270,15,330,31901881
201703,48,493,3,7,Wilson County                 ,10,10,1951306,0,0,0,0,0,0,1,5,468750,0,0,0,0,0,0,0,0,0,0,0,0
201703,48,497,3,7,Wise County                   ,20,20,4282968,0,0,0,0,0,0,0,0,0,15,15,3161502,0,0,0,0,0,0,0,0,0
201703,49,011,4,8,Davis County                  ,268,268,70821391,0,0,0,4,15,1963157,14,250,19408578,263,263,68490616,0,0,0,4,15,1963157,14,250,19408578
201703,49,023,4,8,Juab County                   ,6,6,1384983,0,0,0,0,0,0,0,0,0,6,6,1384983,0,0,0,0,0,0,0,0,0
201703,49,029,4,8,Morgan County                 ,19,19,6936923,0,0,0,0,0,0,0,0,0,0,0,0,0,0,0,0,0,0,0,0,0
201703,49,035,4,8,Salt Lake County              ,912,912,230033782,7,14,2279167,5,18,2396724,22,391,38520757,753,753,184496588,6,12,1753902,2,7,767000,15,198,18203613
201703,49,039,4,8,Sanpete County                ,9,9,1302714,0,0,0,0,0,0,0,0,0,9,9,1302714,0,0,0,0,0,0,0,0,0
201703,49,043,4,8,Summit County                 ,27,27,14986138,0,0,0,0,0,0,3,15,2562852,10,10,6252271,0,0,0,0,0,0,0,0,0
201703,49,057,4,8,Weber County                  ,206,206,43169709,2,4,500000,29,113,17419214,5,70,5856162,164,164,33367625,2,4,500000,26,104,16225550,4,65,5056559
201703,51,003,3,5,Albemarle County              ,129,129,38618439,0,0,0,0,0,0,3,15,1200000,0,0,0,0,0,0,0,0,0,0,0,0
201703,51,007,3,5,Amelia County                 ,15,15,2298450,0,0,0,0,0,0,0,0,0,15,15,2298450,0,0,0,0,0,0,0,0,0
201703,51,009,3,5,Amherst County                ,22,22,4222685,0,0,0,0,0,0,0,0,0,22,22,4222685,0,0,0,0,0,0,0,0,0
201703,51,013,3,5,Arlington County              ,51,51,21219169,0,0,0,0,0,0,2,893,8223559,51,51,21219169,0,0,0,0,0,0,2,893,8223559
201703,51,015,3,5,Augusta County                ,39,39,7292225,2,4,250000,0,0,0,0,0,0,39,39,7292225,2,4,250000,0,0,0,0,0,0
201703,51,019,3,5,Bedford County                ,76,76,19180289,0,0,0,0,0,0,0,0,0,76,76,19180289,0,0,0,0,0,0,0,0,0
201703,51,033,3,5,Caroline County               ,23,23,4034628,0,0,0,0,0,0,0,0,0,23,23,4034628,0,0,0,0,0,0,0,0,0
201703,51,036,3,5,Charles City County           ,4,4,769400,0,0,0,0,0,0,0,0,0,4,4,769400,0,0,0,0,0,0,0,0,0
201703,51,037,3,5,Charlotte County              ,2,2,652500,0,0,0,0,0,0,0,0,0,2,2,652500,0,0,0,0,0,0,0,0,0
201703,51,041,3,5,Chesterfield County           ,360,360,82028447,0,0,0,14,50,5967457,6,156,10534616,360,360,82028447,0,0,0,14,50,5967457,6,156,10534616
201703,51,043,3,5,Clarke County                 ,15,15,6428086,0,0,0,0,0,0,0,0,0,15,15,6428086,0,0,0,0,0,0,0,0,0
201703,51,049,3,5,Cumberland County             ,3,3,237000,0,0,0,0,0,0,0,0,0,3,3,237000,0,0,0,0,0,0,0,0,0
201703,51,051,3,5,Dickenson County              ,1,1,310000,0,0,0,0,0,0,0,0,0,1,1,310000,0,0,0,0,0,0,0,0,0
201703,51,053,3,5,Dinwiddie County              ,18,18,1882308,0,0,0,0,0,0,0,0,0,0,0,0,0,0,0,0,0,0,0,0,0
201703,51,059,3,5,Fairfax County                ,225,225,50903936,0,0,0,0,0,0,0,0,0,225,225,50903936,0,0,0,0,0,0,0,0,0
201703,51,061,3,5,Fauquier County               ,113,113,28759654,0,0,0,0,0,0,0,0,0,113,113,28759654,0,0,0,0,0,0,0,0,0
201703,51,069,3,5,Frederick County              ,132,132,24674501,0,0,0,0,0,0,1,16,1100000,132,132,24674501,0,0,0,0,0,0,1,16,1100000
201703,51,073,3,5,Gloucester County             ,35,35,7577105,0,0,0,0,0,0,0,0,0,35,35,7577105,0,0,0,0,0,0,0,0,0
201703,51,075,3,5,Goochland County              ,54,54,14267995,0,0,0,0,0,0,0,0,0,54,54,14267995,0,0,0,0,0,0,0,0,0
201703,51,085,3,5,Hanover County                ,172,172,33748973,0,0,0,0,0,0,0,0,0,172,172,33748973,0,0,0,0,0,0,0,0,0
201703,51,087,3,5,Henrico County                ,200,200,39189463,0,0,0,0,0,0,1,157,12493471,200,200,39189463,0,0,0,0,0,0,1,157,12493471
201703,51,093,3,5,Isle of Wight County          ,43,43,7876335,0,0,0,0,0,0,1,13,521500,29,29,4960034,0,0,0,0,0,0,0,0,0
201703,51,095,3,5,James City County             ,95,95,26181760,1,2,240000,5,16,1945290,4,30,3408270,95,95,26181760,1,2,240000,5,16,1945290,4,30,3408270
201703,51,097,3,5,King and Queen County         ,2,2,347615,0,0,0,0,0,0,0,0,0,0,0,0,0,0,0,0,0,0,0,0,0
201703,51,099,3,5,King George County            ,26,26,6063715,0,0,0,0,0,0,0,0,0,13,13,2820168,0,0,0,0,0,0,0,0,0
201703,51,107,3,5,Loudoun County                ,649,649,147879061,0,0,0,0,0,0,12,230,19936656,649,649,147879061,0,0,0,0,0,0,12,230,19936656
201703,51,109,3,5,Louisa County                 ,78,78,16034534,0,0,0,0,0,0,0,0,0,53,53,10694509,0,0,0,0,0,0,0,0,0
201703,51,115,3,5,Mathews County                ,9,9,2013276,0,0,0,0,0,0,0,0,0,9,9,2013276,0,0,0,0,0,0,0,0,0
201703,51,127,3,5,New Kent County               ,59,59,12028421,0,0,0,0,0,0,0,0,0,59,59,12028421,0,0,0,0,0,0,0,0,0
201703,51,139,3,5,Page County                   ,18,18,1644333,0,0,0,0,0,0,0,0,0,18,18,1644333,0,0,0,0,0,0,0,0,0
201703,51,145,3,5,Powhatan County               ,45,45,5059720,0,0,0,0,0,0,0,0,0,45,45,5059720,0,0,0,0,0,0,0,0,0
201703,51,149,3,5,Prince George County          ,21,21,2665970,0,0,0,0,0,0,0,0,0,21,21,2665970,0,0,0,0,0,0,0,0,0
201703,51,153,3,5,Prince William County         ,349,349,62604312,0,0,0,0,0,0,1,6,650000,349,349,62604312,0,0,0,0,0,0,1,6,650000
201703,51,165,3,5,Rockingham County             ,110,110,22878020,0,0,0,0,0,0,0,0,0,110,110,22878020,0,0,0,0,0,0,0,0,0
201703,51,175,3,5,Southampton County            ,10,10,1492330,0,0,0,0,0,0,0,0,0,6,6,898700,0,0,0,0,0,0,0,0,0
201703,51,177,3,5,Spotsylvania County           ,126,126,32808189,0,0,0,0,0,0,0,0,0,126,126,32808189,0,0,0,0,0,0,0,0,0
201703,51,179,3,5,Stafford County               ,222,222,57135265,0,0,0,0,0,0,0,0,0,222,222,57135265,0,0,0,0,0,0,0,0,0
201703,51,181,3,5,Surry County                  ,6,6,1137369,0,0,0,0,0,0,0,0,0,3,3,678000,0,0,0,0,0,0,0,0,0
201703,51,183,3,5,Sussex County                 ,6,6,892255,0,0,0,0,0,0,0,0,0,6,6,892255,0,0,0,0,0,0,0,0,0
201703,51,187,3,5,Warren County                 ,46,46,10292000,0,0,0,0,0,0,0,0,0,46,46,10292000,0,0,0,0,0,0,0,0,0
201703,51,199,3,5,York County                   ,13,13,4668000,2,4,650000,3,11,2002840,1,6,710000,13,13,4668000,2,4,650000,3,11,2002840,1,6,710000
201703,51,510,3,5,Alexandria (Independent City) ,33,33,6661000,0,0,0,0,0,0,0,0,0,33,33,6661000,0,0,0,0,0,0,0,0,0
201703,51,540,3,5,Charlottesville (Independent C,20,20,4361116,2,4,381500,0,0,0,3,27,3990535,0,0,0,0,0,0,0,0,0,0,0,0
201703,51,550,3,5,Chesapeake(Independent City)  ,298,298,67901326,5,10,1241100,0,0,0,0,0,0,298,298,67901326,5,10,1241100,0,0,0,0,0,0
201703,51,570,3,5,Colonial Heights (Independent ,4,4,911428,0,0,0,0,0,0,0,0,0,4,4,911428,0,0,0,0,0,0,0,0,0
201703,51,580,3,5,Covington (Independent City)  ,1,1,75000,0,0,0,0,0,0,0,0,0,1,1,75000,0,0,0,0,0,0,0,0,0
201703,51,600,3,5,Fairfax (Independent City)    ,10,10,1200000,0,0,0,0,0,0,1,30,3600000,10,10,1200000,0,0,0,0,0,0,1,30,3600000
201703,51,610,3,5,Falls Church (Independent City,7,7,4127250,0,0,0,0,0,0,0,0,0,7,7,4127250,0,0,0,0,0,0,0,0,0
201703,51,630,3,5,Fredericksburg(Independent Cit,28,28,5126565,0,0,0,0,0,0,0,0,0,28,28,5126565,0,0,0,0,0,0,0,0,0
201703,51,650,3,5,Hampton (Independent City)    ,48,48,3076605,0,0,0,0,0,0,0,0,0,0,0,0,0,0,0,0,0,0,0,0,0
201703,51,660,3,5,Harrisonburg (Independent City,11,11,2003201,0,0,0,0,0,0,0,0,0,4,4,887500,0,0,0,0,0,0,0,0,0
201703,51,670,3,5,Hopewell (Independent City)   ,12,12,1145772,0,0,0,0,0,0,0,0,0,7,7,720000,0,0,0,0,0,0,0,0,0
201703,51,680,3,5,Lynchburg (Independent City)  ,10,10,2134461,0,0,0,0,0,0,0,0,0,10,10,2134461,0,0,0,0,0,0,0,0,0
201703,51,683,3,5,Manassas (Independent City)   ,28,28,3946259,0,0,0,0,0,0,1,105,2192744,0,0,0,0,0,0,0,0,0,1,105,2192744
201703,51,685,3,5,Manassas Park (Independent Cit,1,1,186364,0,0,0,0,0,0,0,0,0,0,0,0,0,0,0,0,0,0,0,0,0
201703,51,700,3,5,Newport News (Independent City,24,24,3140058,0,0,0,0,0,0,7,232,18860619,14,14,2251909,0,0,0,0,0,0,6,209,17978660
201703,51,710,3,5,Norfolk (Independent City)    ,120,120,19427796,0,0,0,0,0,0,0,0,0,120,120,19427796,0,0,0,0,0,0,0,0,0
201703,51,730,3,5,Petersburg (Independent City) ,0,0,0,0,0,0,0,0,0,0,0,0,0,0,0,0,0,0,0,0,0,0,0,0
201703,51,735,3,5,Poquoson (Independent City)   ,14,14,4127923,0,0,0,1,4,678800,0,0,0,14,14,4127923,0,0,0,1,4,678800,0,0,0
201703,51,740,3,5,Portsmouth (Independent City) ,52,52,6533000,0,0,0,0,0,0,0,0,0,52,52,6533000,0,0,0,0,0,0,0,0,0
201703,51,760,3,5,Richmond (Independent City)   ,73,73,12665490,0,0,0,0,0,0,5,594,40365579,73,73,12665490,0,0,0,0,0,0,5,594,40365579
201703,51,800,3,5,Suffolk (Independent City)    ,108,108,24608534,0,0,0,0,0,0,0,0,0,108,108,24608534,0,0,0,0,0,0,0,0,0
201703,51,810,3,5,Virginia Beach (Independent Ci,229,229,49058622,0,0,0,0,0,0,2,112,8481640,229,229,49058622,0,0,0,0,0,0,2,112,8481640
201703,51,830,3,5,Williamsburg (Independent City,22,22,3061185,0,0,0,0,0,0,0,0,0,22,22,3061185,0,0,0,0,0,0,0,0,0
201703,53,005,4,9,Benton County                 ,179,179,56262734,0,0,0,0,0,0,0,0,0,96,96,28967557,0,0,0,0,0,0,0,0,0
201703,53,011,4,9,Clark County                  ,552,552,149412478,6,12,1598242,2,8,1149156,21,465,36685997,428,428,113936302,6,12,1598242,2,8,1149156,17,399,29893624
201703,53,021,4,9,Franklin County               ,106,106,28179168,0,0,0,0,0,0,0,0,0,0,0,0,0,0,0,0,0,0,0,0,0
201703,53,031,4,9,Jefferson County              ,45,45,9900433,0,0,0,0,0,0,0,0,0,45,45,9900433,0,0,0,0,0,0,0,0,0
201703,53,033,4,9,King County                   ,998,998,404405199,50,100,20565089,39,142,27114108,57,2339,300319663,926,926,363619262,49,98,20241982,39,142,27114108,54,2289,292547893
201703,53,035,4,9,Kitsap County                 ,237,237,69110035,0,0,0,0,0,0,1,18,3670119,237,237,69110035,0,0,0,0,0,0,1,18,3670119
201703,53,053,4,9,Pierce County                 ,589,589,178561535,7,14,2049280,1,3,561459,21,578,68081498,587,587,178034212,6,12,1740654,0,0,0,20,573,67186195
201703,53,055,4,9,San Juan County               ,23,23,5200967,0,0,0,0,0,0,0,0,0,11,11,2313668,0,0,0,0,0,0,0,0,0
201703,53,059,4,9,Skamania County               ,7,7,1819497,0,0,0,0,0,0,0,0,0,7,7,1819497,0,0,0,0,0,0,0,0,0
201703,53,061,4,9,Snohomish County              ,622,622,183446033,4,8,1447872,22,83,16754710,31,253,34379250,588,588,175181462,3,6,1031700,22,83,16754710,30,240,33779240
201703,54,011,3,5,Cabell County                 ,14,14,2974640,1,2,83333,0,0,0,0,0,0,1,1,509214,0,0,0,0,0,0,0,0,0
201703,54,015,3,5,Clay County                   ,1,1,45455,0,0,0,0,0,0,0,0,0,0,0,0,0,0,0,0,0,0,0,0,0
201703,54,019,3,5,Fayette County                ,6,6,661003,0,0,0,0,0,0,0,0,0,1,1,100000,0,0,0,0,0,0,0,0,0
201703,54,037,3,5,Jefferson County              ,53,53,12615653,0,0,0,0,0,0,0,0,0,52,52,12465653,0,0,0,0,0,0,0,0,0
201703,54,081,3,5,Raleigh County                ,15,15,2864360,0,0,0,0,0,0,0,0,0,14,14,2721198,0,0,0,0,0,0,0,0,0
201703,55,025,2,3,Dane County                   ,296,296,95200437,10,20,3176732,3,9,1159729,12,587,75683288,179,179,61605775,7,14,1979000,0,0,0,5,236,30620000
201703,55,031,2,3,Douglas County                ,9,9,1496135,0,0,0,0,0,0,0,0,0,9,9,1496135,0,0,0,0,0,0,0,0,0
201703,55,037,2,3,Florence County               ,3,3,509400,0,0,0,0,0,0,0,0,0,3,3,509400,0,0,0,0,0,0,0,0,0
201703,55,049,2,3,Iowa County                   ,15,15,4058000,0,0,0,0,0,0,0,0,0,15,15,4058000,0,0,0,0,0,0,0,0,0
201703,55,059,2,3,Kenosha County                ,32,32,9233941,0,0,0,0,0,0,0,0,0,32,32,9233941,0,0,0,0,0,0,0,0,0
201703,55,079,2,3,Milwaukee County              ,24,24,6316449,4,8,1800000,0,0,0,4,98,13277949,24,24,6316449,4,8,1800000,0,0,0,3,90,11787423
201703,55,089,2,3,Ozaukee County                ,42,42,14942355,0,0,0,0,0,0,0,0,0,26,26,7314929,0,0,0,0,0,0,0,0,0
201703,55,093,2,3,Pierce County                 ,21,21,4515000,0,0,0,0,0,0,0,0,0,21,21,4515000,0,0,0,0,0,0,0,0,0
201703,55,109,2,3,St. Croix County              ,70,70,18393059,3,6,756667,0,0,0,0,0,0,62,62,16492805,1,2,280000,0,0,0,0,0,0
201703,55,131,2,3,Washington County             ,72,72,21674292,7,14,1915000,0,0,0,1,5,354167,52,52,14769467,7,14,1915000,0,0,0,0,0,0
201703,56,029,4,8,Park County                   ,12,12,2758566,2,4,468000,0,0,0,0,0,0,12,12,2758566,2,4,468000,0,0,0,0,0,0
201703,56,039,4,8,Teton County                  ,35,35,46448531,3,6,1853262,3,11,427163,0,0,0,30,30,44640751,0,0,0,0,0,0,0,0,0
