Survey,FIPS,FIPS,Region,Division,County,,1-unit,,,2-units,,,3-4 units,,,5+ units,,,1-unit rep,,,2-units rep,,,3-4 units rep,,, 5+units rep
Date,State,County,Code,Code,Name,Bldgs,Units,Value,Bldgs,Units,Value,Bldgs,Units,Value,Bldgs,Units,Value,Bldgs,Units,Value,Bldgs,Units,Value,Bldgs,Units,Value,Bldgs,Units,Value
 
201711,01,001,3,6,Autauga County                ,177,177,48486021,0,0,0,0,0,0,0,0,0,177,177,48486021,0,0,0,0,0,0,0,0,0
201711,01,007,3,6,Bibb County                   ,9,9,2315696,0,0,0,0,0,0,0,0,0,2,2,490000,0,0,0,0,0,0,0,0,0
201711,01,009,3,6,Blount County                 ,14,14,3725412,0,0,0,0,0,0,0,0,0,14,14,3725412,0,0,0,0,0,0,0,0,0
201711,01,021,3,6,Chilton County                ,43,43,5567900,0,0,0,0,0,0,0,0,0,42,42,5474500,0,0,0,0,0,0,0,0,0
201711,01,073,3,6,Jefferson County              ,1336,1336,356659815,1,2,107950,1,4,875000,7,107,13578965,1274,1274,344998337,1,2,107950,1,4,875000,1,6,650080
201711,01,081,3,6,Lee County                    ,904,904,250004495,12,24,2594453,1,4,734668,3,360,94127413,848,848,234580307,11,22,2450203,1,4,734668,3,360,94127413
201711,01,083,3,6,Limestone County              ,145,145,29358329,0,0,0,0,0,0,0,0,0,143,143,29152233,0,0,0,0,0,0,0,0,0
201711,01,089,3,6,Madison County                ,2277,2277,346655711,1,2,217141,0,0,0,6,380,29062603,2275,2275,346403081,1,2,217141,0,0,0,6,380,29062603
201711,01,113,3,6,Russell County                ,131,131,18764758,0,0,0,0,0,0,9,84,10227774,131,131,18764758,0,0,0,0,0,0,9,84,10227774
201711,01,115,3,6,St. Clair County              ,157,157,29946705,0,0,0,0,0,0,0,0,0,125,125,23516160,0,0,0,0,0,0,0,0,0
201711,01,117,3,6,Shelby County                 ,996,996,225814685,0,0,0,0,0,0,11,70,6920900,432,432,87317171,0,0,0,0,0,0,0,0,0
201711,01,127,3,6,Walker County                 ,8,8,1370000,0,0,0,0,0,0,0,0,0,8,8,1370000,0,0,0,0,0,0,0,0,0
201711,02,013,4,9,Aleutians East Borough        ,0,0,0,0,0,0,0,0,0,0,0,0,0,0,0,0,0,0,0,0,0,0,0,0
201711,02,016,4,9,Aleutians West Census Area    ,6,6,588708,0,0,0,0,0,0,0,0,0,0,0,0,0,0,0,0,0,0,0,0,0
201711,02,020,4,9,Anchorage Municipality        ,735,735,230233233,0,0,0,13,43,7470857,17,157,24821003,0,0,0,0,0,0,0,0,0,0,0,0
201711,02,050,4,9,Bethel Census Area            ,15,15,3522104,0,0,0,0,0,0,0,0,0,15,15,3522104,0,0,0,0,0,0,0,0,0
201711,02,060,4,9,Bristol Bay Borough           ,0,0,0,0,0,0,0,0,0,0,0,0,0,0,0,0,0,0,0,0,0,0,0,0
201711,02,070,4,9,Dillingham Census Area        ,2,2,578766,1,2,301442,0,0,0,0,0,0,1,1,291052,1,2,301442,0,0,0,0,0,0
201711,02,090,4,9,Fairbanks North Star Borough  ,7,7,1850000,0,0,0,2,8,1100000,0,0,0,7,7,1850000,0,0,0,2,8,1100000,0,0,0
201711,02,100,4,9,Haines Borough                ,9,9,2505824,0,0,0,0,0,0,0,0,0,0,0,0,0,0,0,0,0,0,0,0,0
201711,02,105,4,9,Hoonah-Angoon Census Area     ,0,0,0,0,0,0,0,0,0,0,0,0,0,0,0,0,0,0,0,0,0,0,0,0
201711,02,110,4,9,Juneau City and Borough       ,45,45,10208246,5,10,1529677,0,0,0,1,8,2033161,45,45,10208246,5,10,1529677,0,0,0,1,8,2033161
201711,02,122,4,9,Kenai Peninsula Borough       ,85,85,17320380,4,8,1170500,1,3,300000,1,6,980000,72,72,14479147,3,6,1060500,1,3,300000,1,6,980000
201711,02,130,4,9,Ketchikan Gateway Borough     ,21,21,6095394,3,6,904326,0,0,0,0,0,0,21,21,6095394,3,6,904326,0,0,0,0,0,0
201711,02,150,4,9,Kodiak Island Borough         ,12,12,3154626,6,12,2292239,0,0,0,4,20,4139211,12,12,3154626,6,12,2292239,0,0,0,4,20,4139211
201711,02,158,4,9,Kusilvak Census Area          ,0,0,0,0,0,0,0,0,0,0,0,0,0,0,0,0,0,0,0,0,0,0,0,0
201711,02,170,4,9,Matanuska-Susitna Borough     ,50,50,13774957,17,34,4957358,2,8,962608,1,36,3708936,50,50,13774957,17,34,4957358,2,8,962608,1,36,3708936
201711,02,180,4,9,Nome Census Area              ,3,3,343435,1,2,172044,0,0,0,0,0,0,1,1,72797,0,0,0,0,0,0,0,0,0
201711,02,185,4,9,North Slope Borough           ,5,5,1370172,0,0,0,0,0,0,0,0,0,5,5,1370172,0,0,0,0,0,0,0,0,0
201711,02,188,4,9,Northwest Arctic Borough      ,7,7,2920406,0,0,0,0,0,0,0,0,0,5,5,2300000,0,0,0,0,0,0,0,0,0
201711,02,195,4,9,Petersburg Borough            ,14,14,2758751,1,2,160000,0,0,0,0,0,0,11,11,1712000,1,2,160000,0,0,0,0,0,0
201711,02,198,4,9,Prince of Wales-Hyder Census A,3,3,821600,6,12,2128245,0,0,0,0,0,0,3,3,821600,6,12,2128245,0,0,0,0,0,0
201711,02,220,4,9,Sitka City and Borough        ,13,13,3642664,2,4,1448540,1,3,478959,0,0,0,0,0,0,0,0,0,0,0,0,0,0,0
201711,02,230,4,9,Skagway Municipality          ,4,4,961500,1,2,225000,0,0,0,0,0,0,1,1,263500,1,2,225000,0,0,0,0,0,0
201711,02,261,4,9,Valdez-Cordova Census Area    ,22,22,9417980,0,0,0,0,0,0,0,0,0,22,22,9417980,0,0,0,0,0,0,0,0,0
201711,02,275,4,9,Wrangell City and Borough     ,2,2,352000,0,0,0,0,0,0,0,0,0,2,2,352000,0,0,0,0,0,0,0,0,0
201711,02,282,4,9,Yakutat City and Borough      ,2,2,30000,0,0,0,0,0,0,0,0,0,2,2,30000,0,0,0,0,0,0,0,0,0
201711,02,290,4,9,Yukon-Koyukuk Census Area     ,0,0,0,0,0,0,0,0,0,0,0,0,0,0,0,0,0,0,0,0,0,0,0,0
201711,04,013,4,8,Maricopa County               ,15913,15913,4190989225,90,180,24281064,53,197,36888630,275,7704,1086282290,15832,15832,4143720835,90,180,24281064,51,191,33793186,272,7689,1084013624
201711,04,019,4,8,Pima County                   ,2534,2534,711175408,4,8,1369461,0,0,0,36,340,47769765,1556,1556,438449337,0,0,0,0,0,0,26,264,37536096
201711,04,021,4,8,Pinal County                  ,3108,3108,626189971,47,94,5625502,1,4,420000,0,0,0,2942,2942,597558057,44,88,5177258,1,4,420000,0,0,0
201711,05,013,3,7,Calhoun County                ,0,0,0,0,0,0,0,0,0,0,0,0,0,0,0,0,0,0,0,0,0,0,0,0
201711,05,035,3,7,Crittenden County             ,51,51,9782366,0,0,0,0,0,0,0,0,0,43,43,8407746,0,0,0,0,0,0,0,0,0
201711,05,045,3,7,Faulkner County               ,247,247,53502503,6,12,907445,0,0,0,6,97,2562500,108,108,21695187,1,2,143000,0,0,0,1,72,1625000
201711,05,053,3,7,Grant County                  ,13,13,1884977,0,0,0,0,0,0,0,0,0,0,0,0,0,0,0,0,0,0,0,0,0
201711,05,085,3,7,Lonoke County                 ,329,329,34494293,2,4,202000,4,12,606100,0,0,0,117,117,15303688,2,4,202000,4,12,606100,0,0,0
201711,05,087,3,7,Madison County                ,3,3,319000,0,0,0,0,0,0,0,0,0,3,3,319000,0,0,0,0,0,0,0,0,0
201711,05,091,3,7,Miller County                 ,31,31,6263117,0,0,0,0,0,0,0,0,0,24,24,5219370,0,0,0,0,0,0,0,0,0
201711,05,105,3,7,Perry County                  ,7,7,1698000,0,0,0,0,0,0,0,0,0,7,7,1698000,0,0,0,0,0,0,0,0,0
201711,05,119,3,7,Pulaski County                ,1006,1006,192521534,10,20,1947100,1,4,425000,21,666,47008402,1006,1006,192521534,10,20,1947100,1,4,425000,21,666,47008402
201711,05,129,3,7,Searcy County                 ,0,0,0,0,0,0,0,0,0,0,0,0,0,0,0,0,0,0,0,0,0,0,0,0
201711,05,143,3,7,Washington County             ,1194,1194,290232208,18,36,7072000,0,0,0,0,0,0,1065,1065,274711325,18,36,7072000,0,0,0,0,0,0
201711,06,001,4,9,Alameda County                ,2109,2109,702071481,23,46,13049298,36,129,32283570,149,5039,738396834,2001,2001,668514281,23,46,13049298,34,123,30570148,126,4724,683048251
201711,06,013,4,9,Contra Costa County           ,1478,1478,473763722,4,8,1484675,14,45,7867943,11,266,61129506,1460,1460,469064254,4,8,1484675,8,24,6175465,7,234,57319765
201711,06,017,4,9,El Dorado County              ,761,761,291685614,2,4,500000,0,0,0,0,0,0,761,761,291685614,2,4,500000,0,0,0,0,0,0
201711,06,019,4,9,Fresno County                 ,1587,1587,443318846,7,14,2036320,6,18,745932,96,790,80116883,1519,1519,432233373,7,14,2036320,6,18,745932,96,790,80116883
201711,06,037,4,9,Los Angeles County            ,5217,5217,2131393309,451,902,171964987,64,219,41509663,321,13682,2742912266,4902,4902,2002260463,446,892,169879292,54,188,38243948,301,13461,2708531223
201711,06,041,4,9,Marin County                  ,77,77,62738689,0,0,0,0,0,0,0,0,0,66,66,50432306,0,0,0,0,0,0,0,0,0
201711,06,059,4,9,Orange County                 ,4412,4412,1399961776,126,252,61397727,95,315,68824467,140,3868,597034429,4078,4078,1255756304,106,212,48530834,95,315,68824467,131,3582,567355467
201711,06,061,4,9,Placer County                 ,2371,2371,712153619,16,32,4873070,0,0,0,38,755,87783110,2367,2367,710846003,16,32,4873070,0,0,0,38,755,87783110
201711,06,063,4,9,Plumas County                 ,41,41,8341769,0,0,0,0,0,0,0,0,0,41,41,8341769,0,0,0,0,0,0,0,0,0
201711,06,067,4,9,Sacramento County             ,2861,2861,771356978,21,42,5274098,0,0,0,53,1436,229714688,2845,2845,767584312,21,42,5274098,0,0,0,53,1436,229714688
201711,06,069,4,9,San Benito County             ,542,542,134194106,1,2,323509,0,0,0,0,0,0,466,466,115557241,1,2,323509,0,0,0,0,0,0
201711,06,071,4,9,San Bernardino County         ,4109,4109,944446790,64,128,22463783,13,50,6488747,83,1939,235147298,3928,3928,896697442,63,126,22131283,13,50,6488747,77,1890,230296161
201711,06,073,4,9,San Diego County              ,3467,3467,1180303541,60,120,24923404,137,464,75929608,177,4273,716683171,3457,3457,1178809774,60,120,24923404,136,461,75629608,171,4229,694830997
201711,06,075,4,9,San Francisco County          ,40,40,10955348,12,24,7182189,9,28,8130280,38,3514,1126669074,40,40,10955348,12,24,7182189,9,28,8130280,38,3514,1126669074
201711,06,081,4,9,San Mateo County              ,372,372,323509546,10,20,5025532,2,6,1685967,44,1355,246983297,240,240,259223346,6,12,2875532,1,3,925000,10,737,151148688
201711,06,085,4,9,Santa Clara County            ,1886,1886,669504435,5,10,1242718,17,58,15070993,147,5374,929888201,1843,1843,645780186,5,10,1242718,15,50,13102280,145,5333,922965947
201711,06,091,4,9,Sierra County                 ,7,7,1678722,0,0,0,0,0,0,0,0,0,7,7,1678722,0,0,0,0,0,0,0,0,0
201711,06,113,4,9,Yolo County                   ,340,340,97331534,5,10,1679204,0,0,0,23,218,34554511,340,340,97331534,5,10,1679204,0,0,0,23,218,34554511
201711,08,001,4,8,Adams County                  ,1713,1713,490577479,9,18,2932034,8,31,3114903,18,354,47719700,1627,1627,463739436,9,18,2932034,7,28,2816028,14,252,35677333
201711,08,005,4,8,Arapahoe County               ,2115,2115,506457944,12,24,2228901,11,34,4746352,9,361,47626080,2104,2104,502092633,12,24,2228901,11,34,4746352,9,361,47626080
201711,08,014,4,8,Broomfield County             ,354,354,108226593,0,0,0,0,0,0,0,0,0,354,354,108226593,0,0,0,0,0,0,0,0,0
201711,08,015,4,8,Chaffee County                ,125,125,33118435,5,10,1619810,4,12,2198800,0,0,0,0,0,0,0,0,0,0,0,0,0,0,0
201711,08,019,4,8,Clear Creek County            ,20,20,6421552,0,0,0,0,0,0,1,10,1454170,19,19,6148020,0,0,0,0,0,0,1,10,1454170
201711,08,031,4,8,Denver County                 ,2114,2114,490140685,95,190,38194085,2,8,972000,57,7928,956833147,2114,2114,490140685,95,190,38194085,2,8,972000,57,7928,956833147
201711,08,035,4,8,Douglas County                ,2194,2194,682832678,1,2,418365,0,0,0,63,1268,160315440,2167,2167,672086074,1,2,418365,0,0,0,63,1268,160315440
201711,08,039,4,8,Elbert County                 ,154,154,47098785,0,0,0,0,0,0,0,0,0,153,153,46938355,0,0,0,0,0,0,0,0,0
201711,08,041,4,8,El Paso County                ,3447,3447,1369298284,2,4,456375,1,3,200000,26,1041,133285078,3447,3447,1369298284,2,4,456375,1,3,200000,26,1041,133285078
201711,08,047,4,8,Gilpin County                 ,33,33,9215585,0,0,0,0,0,0,0,0,0,33,33,9215585,0,0,0,0,0,0,0,0,0
201711,08,069,4,8,Larimer County                ,1882,1882,469259718,10,20,2512929,2,8,1680900,42,839,130655704,1882,1882,469259718,10,20,2512929,2,8,1680900,42,839,130655704
201711,08,077,4,8,Mesa County                   ,620,620,132260465,7,14,1997617,1,4,555397,2,78,10600139,620,620,132260465,7,14,1997617,1,4,555397,2,78,10600139
201711,08,093,4,8,Park County                   ,140,140,29922261,0,0,0,1,4,700000,0,0,0,139,139,29716915,0,0,0,1,4,700000,0,0,0
201711,08,101,4,8,Pueblo County                 ,315,315,53886629,3,6,823241,0,0,0,2,10,1413226,217,217,37026683,1,2,319017,0,0,0,0,0,0
201711,08,119,4,8,Teller County                 ,100,100,28410100,0,0,0,0,0,0,0,0,0,100,100,28410100,0,0,0,0,0,0,0,0,0
201711,09,001,1,1,Fairfield County              ,716,716,430678376,21,42,7194997,11,35,6252869,30,900,170576724,638,638,363520156,18,36,6642097,10,32,6022869,25,867,166831545
201711,09,003,1,1,Hartford County               ,427,427,91599924,6,12,1727000,3,11,1073720,26,388,53796001,391,391,82044968,6,12,1727000,2,8,739232,15,333,51118260
201711,09,007,1,1,Middlesex County              ,145,145,40647116,2,4,897200,0,0,0,5,83,6366482,130,130,37750421,2,4,897200,0,0,0,5,83,6366482
201711,09,013,1,1,Tolland County                ,146,146,34463722,3,6,582000,1,3,405000,17,128,12078904,103,103,25303802,3,6,582000,1,3,405000,5,60,4480000
201711,10,001,3,5,Kent County                   ,1053,1053,162933184,7,14,2035424,4,16,1935900,22,266,20741662,1043,1043,161270082,7,14,2035424,4,16,1935900,21,261,20259577
201711,10,003,3,5,New Castle County             ,1281,1281,114141585,1,2,85000,1,3,552330,42,591,31540810,787,787,73092252,1,2,85000,1,3,552330,22,422,22308276
201711,10,005,3,5,Sussex County                 ,2474,2474,358311731,94,188,23058996,19,67,8232536,24,167,15327916,2474,2474,358311731,94,188,23058996,19,67,8232536,24,167,15327916
201711,11,001,3,5,Washington  DC                ,342,342,78713297,21,42,4531234,3,12,1464726,46,5549,593675069,342,342,78713297,21,42,4531234,3,12,1464726,46,5549,593675069
201711,12,003,3,5,Baker County                  ,117,117,19456206,2,4,100000,0,0,0,5,30,3670020,117,117,19456206,2,4,100000,0,0,0,5,30,3670020
201711,12,019,3,5,Clay County                   ,921,921,192832924,1,2,262000,1,3,530000,4,128,8664000,910,910,190333298,1,2,262000,1,3,530000,4,128,8664000
201711,12,029,3,5,Dixie County                  ,29,29,3663378,0,0,0,0,0,0,0,0,0,0,0,0,0,0,0,0,0,0,0,0,0
201711,12,031,3,5,Duval County                  ,2960,2960,708510258,27,54,5848441,0,0,0,63,2810,298264189,2816,2816,662792311,27,54,5848441,0,0,0,63,2810,298264189
201711,12,033,3,5,Escambia County               ,1000,1000,230481211,10,20,832000,0,0,0,1,5,910000,1000,1000,230481211,10,20,832000,0,0,0,1,5,910000
201711,12,053,3,5,Hernando County               ,715,715,139181077,0,0,0,0,0,0,3,104,8196395,715,715,139181077,0,0,0,0,0,0,3,104,8196395
201711,12,057,3,5,Hillsborough County           ,6874,6874,2182837957,6,12,1483339,1,4,183735,66,3967,416715578,6874,6874,2182837957,6,12,1483339,1,4,183735,66,3967,416715578
201711,12,067,3,5,Lafayette County              ,6,6,999324,0,0,0,0,0,0,0,0,0,5,5,820000,0,0,0,0,0,0,0,0,0
201711,12,071,3,5,Lee County                    ,4455,4455,1015511303,128,256,33472960,30,119,23382717,71,1666,175307088,4455,4455,1015511303,128,256,33472960,30,119,23382717,71,1666,175307088
201711,12,073,3,5,Leon County                   ,614,614,122055737,4,8,1210000,2,6,1275000,15,380,28083700,159,159,36762559,0,0,0,0,0,0,0,0,0
201711,12,081,3,5,Manatee County                ,2695,2695,590090270,3,6,1041749,18,72,9797339,34,766,65906564,2446,2446,528938525,2,4,476500,15,60,7464360,33,735,62344139
201711,12,086,3,5,Miami-Dade County             ,2217,2217,759612148,57,114,18652749,3,9,1017954,102,7338,1395970776,2094,2094,707582198,57,114,18652749,2,6,735962,86,7230,1299285915
201711,12,089,3,5,Nassau County                 ,992,992,286979657,0,0,0,0,0,0,4,25,5786077,918,918,265795921,0,0,0,0,0,0,3,20,4572467
201711,12,091,3,5,Okaloosa County               ,826,826,241349313,1,2,411880,0,0,0,6,296,32958750,790,790,236051124,1,2,411880,0,0,0,6,296,32958750
201711,12,095,3,5,Orange County                 ,5990,5990,1645619441,76,152,26819318,29,87,15539060,64,2018,267852662,5972,5972,1637383621,76,152,26819318,29,87,15539060,62,1974,261745753
201711,12,097,3,5,Osceola County                ,3661,3661,986539709,4,8,304127,7,28,4514639,16,518,33770457,3589,3589,969532148,4,8,304127,7,28,4514639,16,518,33770457
201711,12,101,3,5,Pasco County                  ,3550,3550,734112749,8,16,1863344,0,0,0,21,127,6511190,3540,3540,733165569,4,8,743344,0,0,0,17,107,4786190
201711,12,103,3,5,Pinellas County               ,851,851,230590791,14,28,3717361,5,17,3062561,17,513,58975703,836,836,223963457,14,28,3717361,5,17,3062561,14,498,52135703
201711,12,109,3,5,St. Johns County              ,4135,4135,1015315872,0,0,0,12,48,9194613,1,6,1143641,4125,4125,1012723580,0,0,0,12,48,9194613,1,6,1143641
201711,12,113,3,5,Santa Rosa County             ,1425,1425,225623028,0,0,0,0,0,0,0,0,0,1425,1425,225623028,0,0,0,0,0,0,0,0,0
201711,12,115,3,5,Sarasota County               ,2785,2785,794313640,11,22,4409439,28,112,23475735,32,828,183136734,2735,2735,772258745,11,22,4409439,28,112,23475735,29,798,165750352
201711,12,117,3,5,Seminole County               ,1014,1014,331110904,15,30,2109296,0,0,0,39,1070,111054741,995,995,325461703,15,30,2109296,0,0,0,34,917,101110253
201711,12,119,3,5,Sumter County                 ,1609,1609,448175018,0,0,0,0,0,0,0,0,0,1609,1609,448175018,0,0,0,0,0,0,0,0,0
201711,12,129,3,5,Wakulla County                ,231,231,35207938,0,0,0,0,0,0,0,0,0,231,231,35207938,0,0,0,0,0,0,0,0,0
201711,12,131,3,5,Walton County                 ,1077,1077,493671557,2,4,1399482,26,79,13898487,1,14,13164621,1077,1077,493671557,2,4,1399482,26,79,13898487,1,14,13164621
201711,12,133,3,5,Washington County             ,41,41,5688263,0,0,0,0,0,0,0,0,0,28,28,3753007,0,0,0,0,0,0,0,0,0
201711,13,007,3,5,Baker County                  ,0,0,0,0,0,0,0,0,0,0,0,0,0,0,0,0,0,0,0,0,0,0,0,0
201711,13,013,3,5,Barrow County                 ,435,435,60761300,0,0,0,0,0,0,0,0,0,264,264,38930582,0,0,0,0,0,0,0,0,0
201711,13,015,3,5,Bartow County                 ,517,517,50437772,1,2,144000,0,0,0,0,0,0,497,497,47186568,1,2,144000,0,0,0,0,0,0
201711,13,021,3,5,Bibb County                   ,96,96,15215262,0,0,0,0,0,0,0,0,0,89,89,14040332,0,0,0,0,0,0,0,0,0
201711,13,029,3,5,Bryan County                  ,426,426,90199992,0,0,0,0,0,0,1,84,9048405,411,411,87965108,0,0,0,0,0,0,1,84,9048405
201711,13,033,3,5,Burke County                  ,49,49,8709584,0,0,0,0,0,0,0,0,0,0,0,0,0,0,0,0,0,0,0,0,0
201711,13,035,3,5,Butts County                  ,52,52,9221000,0,0,0,0,0,0,0,0,0,52,52,9221000,0,0,0,0,0,0,0,0,0
201711,13,045,3,5,Carroll County                ,284,284,75262714,0,0,0,0,0,0,0,0,0,284,284,75262714,0,0,0,0,0,0,0,0,0
201711,13,051,3,5,Chatham County                ,767,767,168843476,4,8,816000,0,0,0,11,60,3300000,767,767,168843476,4,8,816000,0,0,0,11,60,3300000
201711,13,057,3,5,Cherokee County               ,2120,2120,596832903,0,0,0,0,0,0,0,0,0,2120,2120,596832903,0,0,0,0,0,0,0,0,0
201711,13,059,3,5,Clarke County                 ,184,184,31909958,0,0,0,0,0,0,12,176,17104164,184,184,31909958,0,0,0,0,0,0,12,176,17104164
201711,13,063,3,5,Clayton County                ,389,389,89134704,0,0,0,0,0,0,0,0,0,387,387,88936444,0,0,0,0,0,0,0,0,0
201711,13,067,3,5,Cobb County                   ,1465,1465,402889728,9,18,3252722,24,89,20881324,75,832,118406843,1460,1460,401935260,9,18,3252722,24,89,20881324,75,832,118406843
201711,13,073,3,5,Columbia County               ,1199,1199,217167472,0,0,0,8,32,1722400,6,32,1797600,1107,1107,199709392,0,0,0,8,32,1722400,6,32,1797600
201711,13,077,3,5,Coweta County                 ,783,783,255779132,2,4,1066814,0,0,0,0,0,0,693,693,230974174,2,4,1066814,0,0,0,0,0,0
201711,13,085,3,5,Dawson County                 ,298,298,60495211,0,0,0,0,0,0,0,0,0,294,294,60107978,0,0,0,0,0,0,0,0,0
201711,13,095,3,5,Dougherty County              ,35,35,4747934,0,0,0,0,0,0,0,0,0,35,35,4747934,0,0,0,0,0,0,0,0,0
201711,13,097,3,5,Douglas County                ,324,324,60876864,0,0,0,0,0,0,2,26,595050,324,324,60876864,0,0,0,0,0,0,2,26,595050
201711,13,111,3,5,Fannin County                 ,266,266,52611569,0,0,0,0,0,0,0,0,0,244,244,48168741,0,0,0,0,0,0,0,0,0
201711,13,113,3,5,Fayette County                ,525,525,134536443,0,0,0,1,4,756650,0,0,0,505,505,127100569,0,0,0,1,4,756650,0,0,0
201711,13,115,3,5,Floyd County                  ,148,148,25867720,0,0,0,0,0,0,0,0,0,148,148,25867720,0,0,0,0,0,0,0,0,0
201711,13,117,3,5,Forsyth County                ,2380,2380,338667834,0,0,0,0,0,0,18,434,19169380,2380,2380,338667834,0,0,0,0,0,0,18,434,19169380
201711,13,121,3,5,Fulton County                 ,3463,3463,930402821,3,6,1318000,0,0,0,43,5230,711131620,3297,3297,891066827,3,6,1318000,0,0,0,42,5225,711109389
201711,13,127,3,5,Glynn County                  ,502,502,146326393,0,0,0,0,0,0,0,0,0,0,0,0,0,0,0,0,0,0,0,0,0
201711,13,135,3,5,Gwinnett County               ,3460,3460,803776729,0,0,0,0,0,0,11,318,44076258,3391,3391,784591881,0,0,0,0,0,0,11,318,44076258
201711,13,143,3,5,Haralson County               ,47,47,10487774,0,0,0,0,0,0,0,0,0,15,15,3468689,0,0,0,0,0,0,0,0,0
201711,13,145,3,5,Harris County                 ,184,184,45484390,0,0,0,0,0,0,0,0,0,184,184,45484390,0,0,0,0,0,0,0,0,0
201711,13,149,3,5,Heard County                  ,26,26,6029737,0,0,0,0,0,0,0,0,0,26,26,6029737,0,0,0,0,0,0,0,0,0
201711,13,151,3,5,Henry County                  ,1471,1471,271939640,0,0,0,0,0,0,0,0,0,1414,1414,264190818,0,0,0,0,0,0,0,0,0
201711,13,159,3,5,Jasper County                 ,63,63,8440362,0,0,0,0,0,0,0,0,0,0,0,0,0,0,0,0,0,0,0,0,0
201711,13,171,3,5,Lamar County                  ,38,38,4820924,0,0,0,0,0,0,0,0,0,38,38,4820924,0,0,0,0,0,0,0,0,0
201711,13,177,3,5,Lee County                    ,336,336,27944517,0,0,0,0,0,0,0,0,0,336,336,27944517,0,0,0,0,0,0,0,0,0
201711,13,179,3,5,Liberty County                ,301,301,71665932,1,2,109120,2,8,323600,7,52,2166680,301,301,71665932,1,2,109120,2,8,323600,7,52,2166680
201711,13,189,3,5,McDuffie County               ,26,26,4758914,0,0,0,0,0,0,0,0,0,22,22,4189000,0,0,0,0,0,0,0,0,0
201711,13,199,3,5,Meriwether County             ,39,39,9008425,0,0,0,0,0,0,0,0,0,39,39,9008425,0,0,0,0,0,0,0,0,0
201711,13,201,3,5,Miller County                 ,6,6,455687,0,0,0,0,0,0,0,0,0,6,6,455687,0,0,0,0,0,0,0,0,0
201711,13,207,3,5,Monroe County                 ,117,117,25297868,0,0,0,0,0,0,0,0,0,58,58,12205500,0,0,0,0,0,0,0,0,0
201711,13,215,3,5,Muscogee County               ,291,291,56895288,1,2,162161,7,22,1354026,15,130,22334555,0,0,0,0,0,0,0,0,0,0,0,0
201711,13,217,3,5,Newton County                 ,535,535,122670495,0,0,0,0,0,0,0,0,0,535,535,122670495,0,0,0,0,0,0,0,0,0
201711,13,227,3,5,Pickens County                ,120,120,27818843,0,0,0,0,0,0,0,0,0,118,118,27437343,0,0,0,0,0,0,0,0,0
201711,13,231,3,5,Pike County                   ,83,83,16390000,0,0,0,0,0,0,0,0,0,83,83,16390000,0,0,0,0,0,0,0,0,0
201711,13,235,3,5,Pulaski County                ,10,10,1070000,0,0,0,0,0,0,0,0,0,10,10,1070000,0,0,0,0,0,0,0,0,0
201711,13,245,3,5,Richmond County               ,368,368,60550605,1,2,180000,0,0,0,11,230,13058760,15,15,2266000,0,0,0,0,0,0,0,0,0
201711,13,247,3,5,Rockdale County               ,249,249,57078503,0,0,0,1,4,722510,2,16,2890040,249,249,57078503,0,0,0,1,4,722510,2,16,2890040
201711,13,255,3,5,Spalding County               ,229,229,27220483,0,0,0,0,0,0,0,0,0,226,226,26985133,0,0,0,0,0,0,0,0,0
201711,13,275,3,5,Thomas County                 ,85,85,16518719,0,0,0,0,0,0,3,37,4152611,79,79,15360341,0,0,0,0,0,0,0,0,0
201711,13,291,3,5,Union County                  ,162,162,42501012,0,0,0,0,0,0,0,0,0,162,162,42501012,0,0,0,0,0,0,0,0,0
201711,15,001,4,9,Hawaii County                 ,757,757,247991380,5,10,2553320,1,3,300000,11,95,13489725,699,699,224921266,4,8,785320,1,3,300000,10,80,10260000
201711,15,003,4,9,Honolulu County               ,975,975,331209281,0,0,0,0,0,0,17,802,134582093,975,975,331209281,0,0,0,0,0,0,17,802,134582093
201711,15,007,4,9,Kauai County                  ,199,199,97655660,14,28,10704703,0,0,0,6,68,30409000,199,199,97655660,14,28,10704703,0,0,0,6,68,30409000
201711,15,009,4,9,Maui County                   ,467,467,144263692,20,40,9664502,3,12,2842857,30,284,42054736,467,467,144263692,20,40,9664502,3,12,2842857,30,284,42054736
201711,16,001,4,8,Ada County                    ,4058,4058,1075645089,6,12,2541096,51,201,17193989,94,1243,140725148,4058,4058,1075645089,6,12,2541096,51,201,17193989,94,1243,140725148
201711,16,015,4,8,Boise County                  ,70,70,15814128,0,0,0,0,0,0,0,0,0,70,70,15814128,0,0,0,0,0,0,0,0,0
201711,16,027,4,8,Canyon County                 ,1522,1522,246967083,6,12,839582,24,96,6450313,5,56,3960000,1435,1435,233433985,6,12,839582,24,96,6450313,5,56,3960000
201711,16,045,4,8,Gem County                    ,53,53,7587784,0,0,0,0,0,0,0,0,0,53,53,7587784,0,0,0,0,0,0,0,0,0
201711,16,073,4,8,Owyhee County                 ,32,32,6136566,1,2,363316,0,0,0,0,0,0,32,32,6136566,1,2,363316,0,0,0,0,0,0
201711,17,005,2,3,Bond County                   ,10,10,1688456,0,0,0,0,0,0,0,0,0,3,3,455000,0,0,0,0,0,0,0,0,0
201711,17,013,2,3,Calhoun County                ,16,16,1692500,0,0,0,0,0,0,0,0,0,16,16,1692500,0,0,0,0,0,0,0,0,0
201711,17,031,2,3,Cook County                   ,1601,1601,538177527,48,96,26639214,178,581,123005986,174,8175,1031149222,1484,1484,493366794,48,96,26639214,178,581,123005986,173,8170,1030444997
201711,17,037,2,3,DeKalb County                 ,86,86,18413800,0,0,0,3,12,1966000,0,0,0,85,85,18194300,0,0,0,3,12,1966000,0,0,0
201711,17,039,2,3,De Witt County                ,15,15,3269704,0,0,0,0,0,0,0,0,0,15,15,3269704,0,0,0,0,0,0,0,0,0
201711,17,043,2,3,DuPage County                 ,941,941,376404407,12,24,4804858,21,78,11548082,28,828,149584375,888,888,352965932,12,24,4804858,21,78,11548082,20,636,145030193
201711,17,063,2,3,Grundy County                 ,65,65,15931874,0,0,0,0,0,0,20,122,6256404,51,51,13579112,0,0,0,0,0,0,0,0,0
201711,17,083,2,3,Jersey County                 ,28,28,4510796,0,0,0,0,0,0,0,0,0,16,16,2643488,0,0,0,0,0,0,0,0,0
201711,17,093,2,3,Kendall County                ,222,222,48272790,0,0,0,0,0,0,1,51,9607940,175,175,37879849,0,0,0,0,0,0,1,51,9607940
201711,17,097,2,3,Lake County                   ,589,589,182629296,8,16,1327567,1,3,271117,21,742,104862087,471,471,132129655,1,2,744236,1,3,271117,12,680,90491728
201711,17,111,2,3,McHenry County                ,293,293,57672323,1,2,300000,6,21,2290000,1,130,18872944,259,259,52039372,1,2,300000,6,21,2290000,1,130,18872944
201711,17,119,2,3,Madison County                ,385,385,96540527,4,8,1476598,1,3,423500,4,38,4192500,377,377,94973714,4,8,1476598,1,3,423500,2,28,2844960
201711,17,133,2,3,Monroe County                 ,148,148,39857072,0,0,0,0,0,0,1,6,696449,145,145,39148295,0,0,0,0,0,0,1,6,696449
201711,17,197,2,3,Will County                   ,1120,1120,295273087,6,12,1632150,2,8,820000,10,174,18788745,975,975,264224567,6,12,1632150,2,8,820000,3,138,11476245
201711,18,003,2,3,Allen County                  ,993,993,231061375,33,66,6173416,0,0,0,16,410,41729000,993,993,231061375,33,66,6173416,0,0,0,16,410,41729000
201711,18,011,2,3,Boone County                  ,359,359,123182192,25,50,15962100,0,0,0,7,68,10219000,356,356,122796957,25,50,15962100,0,0,0,7,68,10219000
201711,18,013,2,3,Brown County                  ,75,75,19062396,0,0,0,0,0,0,0,0,0,75,75,19062396,0,0,0,0,0,0,0,0,0
201711,18,019,2,3,Clark County                  ,519,519,107743740,0,0,0,0,0,0,0,0,0,489,489,103550137,0,0,0,0,0,0,0,0,0
201711,18,047,2,3,Franklin County               ,45,45,10605000,0,0,0,0,0,0,0,0,0,45,45,10605000,0,0,0,0,0,0,0,0,0
201711,18,057,2,3,Hamilton County               ,1907,1907,644354107,2,4,737295,5,18,2624604,23,579,51826709,1906,1906,644056451,2,4,737295,5,18,2624604,23,579,51826709
201711,18,059,2,3,Hancock County                ,439,439,92794804,2,4,560000,0,0,0,0,0,0,439,439,92794804,2,4,560000,0,0,0,0,0,0
201711,18,061,2,3,Harrison County               ,116,116,23921673,0,0,0,0,0,0,0,0,0,116,116,23921673,0,0,0,0,0,0,0,0,0
201711,18,063,2,3,Hendricks County              ,1053,1053,241277777,11,22,1623638,0,0,0,2,41,3397666,937,937,215990981,5,10,800000,0,0,0,0,0,0
201711,18,069,2,3,Huntington County             ,57,57,12018140,0,0,0,0,0,0,1,6,150000,57,57,12018140,0,0,0,0,0,0,1,6,150000
201711,18,073,2,3,Jasper County                 ,75,75,17422972,1,2,200000,0,0,0,0,0,0,75,75,17422972,1,2,200000,0,0,0,0,0,0
201711,18,081,2,3,Johnson County                ,760,760,185222306,5,10,2185000,2,6,685270,0,0,0,645,645,164897268,5,10,2185000,2,6,685270,0,0,0
201711,18,087,2,3,Lagrange County               ,142,142,25739120,0,0,0,0,0,0,0,0,0,138,138,25248141,0,0,0,0,0,0,0,0,0
201711,18,089,2,3,Lake County                   ,1274,1274,295127041,18,36,4183182,6,19,3532428,3,24,3541000,1230,1230,287099942,18,36,4183182,5,15,3064000,3,24,3541000
201711,18,097,2,3,Marion County                 ,921,921,236376340,15,30,4503277,1,3,650000,6,507,84598322,901,901,232603970,15,30,4503277,1,3,650000,6,507,84598322
201711,18,105,2,3,Monroe County                 ,256,256,65556959,16,32,3809734,0,0,0,5,254,29396220,218,218,56210195,15,30,3571548,0,0,0,3,226,26232927
201711,18,109,2,3,Morgan County                 ,134,134,34818228,0,0,0,0,0,0,0,0,0,134,134,34818228,0,0,0,0,0,0,0,0,0
201711,18,111,2,3,Newton County                 ,18,18,3643040,0,0,0,0,0,0,0,0,0,12,12,2378000,0,0,0,0,0,0,0,0,0
201711,18,115,2,3,Ohio County                   ,19,19,2393000,0,0,0,0,0,0,0,0,0,19,19,2393000,0,0,0,0,0,0,0,0,0
201711,18,119,2,3,Owen County                   ,46,46,10263907,0,0,0,0,0,0,0,0,0,46,46,10263907,0,0,0,0,0,0,0,0,0
201711,18,127,2,3,Porter County                 ,461,461,124821412,5,10,1190000,1,4,517310,15,179,20525688,409,409,114083771,5,10,1190000,1,4,517310,15,179,20525688
201711,18,133,2,3,Putnam County                 ,79,79,17468755,6,12,1246888,0,0,0,0,0,0,74,74,16141026,6,12,1246888,0,0,0,0,0,0
201711,18,145,2,3,Shelby County                 ,69,69,13243360,0,0,0,0,0,0,15,120,5854892,69,69,13243360,0,0,0,0,0,0,15,120,5854892
201711,18,151,2,3,Steuben County                ,140,140,40047336,4,8,960000,0,0,0,0,0,0,140,140,40047336,4,8,960000,0,0,0,0,0,0
201711,18,157,2,3,Tippecanoe County             ,465,465,110638935,13,26,4680000,0,0,0,4,383,50851429,399,399,102437037,0,0,0,0,0,0,3,378,50457198
201711,18,163,2,3,Vanderburgh County            ,278,278,47475879,9,18,1535000,0,0,0,0,0,0,278,278,47475879,9,18,1535000,0,0,0,0,0,0
201711,18,167,2,3,Vigo County                   ,25,25,4115560,13,26,1936727,0,0,0,3,105,4825187,23,23,3849000,12,24,1764000,0,0,0,2,84,3500000
201711,18,175,2,3,Washington County             ,34,34,5334651,0,0,0,0,0,0,0,0,0,0,0,0,0,0,0,0,0,0,0,0,0
201711,18,183,2,3,Whitley County                ,112,112,25315364,0,0,0,0,0,0,1,18,450000,112,112,25315364,0,0,0,0,0,0,1,18,450000
201711,19,049,2,4,Dallas County                 ,721,721,184063326,4,8,1256704,0,0,0,18,327,45049873,720,720,183888326,4,8,1256704,0,0,0,9,282,40905139
201711,19,085,2,4,Harrison County               ,45,45,9228000,3,6,466000,1,3,500000,0,0,0,38,38,8193000,3,6,466000,0,0,0,0,0,0
201711,19,129,2,4,Mills County                  ,7,7,1922666,0,0,0,0,0,0,0,0,0,3,3,732000,0,0,0,0,0,0,0,0,0
201711,19,153,2,4,Polk County                   ,2377,2377,596964175,4,8,1501521,2,8,1327107,34,1507,177965553,2377,2377,596964175,4,8,1501521,2,8,1327107,34,1507,177965553
201711,19,181,2,4,Warren County                 ,335,335,89427006,10,20,2882475,1,3,375900,0,0,0,317,317,85069073,10,20,2882475,1,3,375900,0,0,0
201711,20,091,2,4,Johnson County                ,1803,1803,591639591,11,22,5402553,32,123,18940724,70,1199,163956589,1611,1611,523206326,10,20,5162553,29,113,17453124,59,972,133297027
201711,20,103,2,4,Leavenworth County            ,222,222,45122953,0,0,0,0,0,0,0,0,0,222,222,45122953,0,0,0,0,0,0,0,0,0
201711,20,107,2,4,Linn County                   ,46,46,4347258,0,0,0,0,0,0,0,0,0,36,36,3447800,0,0,0,0,0,0,0,0,0
201711,20,121,2,4,Miami County                  ,99,99,26674959,0,0,0,0,0,0,0,0,0,27,27,5145190,0,0,0,0,0,0,0,0,0
201711,20,209,2,4,Wyandotte County              ,283,283,48046732,13,26,2563778,0,0,0,0,0,0,283,283,48046732,13,26,2563778,0,0,0,0,0,0
201711,21,005,3,6,Anderson County               ,66,66,13803656,0,0,0,0,0,0,0,0,0,66,66,13803656,0,0,0,0,0,0,0,0,0
201711,21,015,3,6,Boone County                  ,397,397,68671224,4,8,468000,1,4,525975,22,190,18233685,397,397,68671224,4,8,468000,1,4,525975,22,190,18233685
201711,21,017,3,6,Bourbon County                ,44,44,9377983,5,10,785000,0,0,0,0,0,0,44,44,9377983,5,10,785000,0,0,0,0,0,0
201711,21,021,3,6,Boyle County                  ,26,26,5631849,2,4,350000,1,3,275000,0,0,0,24,24,5219678,2,4,350000,1,3,275000,0,0,0
201711,21,029,3,6,Bullitt County                ,412,412,91804191,2,4,620000,4,14,2735927,1,5,935000,412,412,91804191,2,4,620000,4,14,2735927,1,5,935000
201711,21,035,3,6,Calloway County               ,18,18,3662755,3,6,415000,14,50,2451000,3,18,1638095,18,18,3662755,3,6,415000,14,50,2451000,3,18,1638095
201711,21,037,3,6,Campbell County               ,162,162,38081545,0,0,0,4,16,1684000,8,83,7245641,160,160,37001545,0,0,0,4,16,1684000,8,83,7245641
201711,21,045,3,6,Casey County                  ,0,0,0,0,0,0,0,0,0,0,0,0,0,0,0,0,0,0,0,0,0,0,0,0
201711,21,047,3,6,Christian County              ,67,67,7558060,3,6,370800,1,4,220000,2,14,500000,44,44,5920460,3,6,370800,1,4,220000,2,14,500000
201711,21,049,3,6,Clark County                  ,42,42,8976703,0,0,0,0,0,0,8,43,2977750,1,1,242000,0,0,0,0,0,0,0,0,0
201711,21,067,3,6,Fayette County                ,692,692,111403035,4,8,819556,2,6,840000,17,551,40142722,0,0,0,0,0,0,0,0,0,0,0,0
201711,21,069,3,6,Fleming County                ,0,0,0,0,0,0,0,0,0,0,0,0,0,0,0,0,0,0,0,0,0,0,0,0
201711,21,077,3,6,Gallatin County               ,12,12,2114250,0,0,0,0,0,0,0,0,0,12,12,2114250,0,0,0,0,0,0,0,0,0
201711,21,081,3,6,Grant County                  ,48,48,7906996,0,0,0,0,0,0,0,0,0,46,46,7546000,0,0,0,0,0,0,0,0,0
201711,21,091,3,6,Hancock County                ,2,2,398421,0,0,0,0,0,0,0,0,0,2,2,398421,0,0,0,0,0,0,0,0,0
201711,21,099,3,6,Hart County                   ,50,50,4862500,0,0,0,0,0,0,11,56,6358666,0,0,0,0,0,0,0,0,0,0,0,0
201711,21,101,3,6,Henderson County              ,27,27,6741381,1,2,175000,0,0,0,0,0,0,25,25,6269368,1,2,175000,0,0,0,0,0,0
201711,21,103,3,6,Henry County                  ,29,29,4783476,0,0,0,0,0,0,0,0,0,13,13,2042000,0,0,0,0,0,0,0,0,0
201711,21,111,3,6,Jefferson County              ,1183,1183,308894997,9,18,2205258,8,31,3194884,77,1998,149069921,1076,1076,286187439,8,16,1996085,6,24,3000000,73,1929,143440752
201711,21,113,3,6,Jessamine County              ,230,230,61735865,0,0,0,4,16,2000000,0,0,0,215,215,57059163,0,0,0,4,16,2000000,0,0,0
201711,21,115,3,6,Johnson County                ,0,0,0,0,0,0,1,3,430780,0,0,0,0,0,0,0,0,0,1,3,430780,0,0,0
201711,21,117,3,6,Kenton County                 ,265,265,64972123,0,0,0,1,4,466682,4,28,3266776,264,264,64889345,0,0,0,1,4,466682,4,28,3266776
201711,21,121,3,6,Knox County                   ,0,0,0,0,0,0,0,0,0,0,0,0,0,0,0,0,0,0,0,0,0,0,0,0
201711,21,123,3,6,Larue County                  ,27,27,6216528,1,2,213550,0,0,0,0,0,0,27,27,6216528,1,2,213550,0,0,0,0,0,0
201711,21,137,3,6,Lincoln County                ,30,30,4988673,0,0,0,0,0,0,0,0,0,22,22,3370588,0,0,0,0,0,0,0,0,0
201711,21,145,3,6,McCracken County              ,103,103,23509428,1,2,216750,2,8,1129400,1,8,755384,103,103,23509428,1,2,216750,2,8,1129400,1,8,755384
201711,21,151,3,6,Madison County                ,157,157,15616737,12,24,1278960,0,0,0,9,46,1550862,46,46,6008000,2,4,149000,0,0,0,0,0,0
201711,21,157,3,6,Marshall County               ,64,64,18464700,2,4,333000,2,6,500000,0,0,0,64,64,18464700,2,4,333000,2,6,500000,0,0,0
201711,21,161,3,6,Mason County                  ,18,18,3816000,1,2,180000,0,0,0,0,0,0,18,18,3816000,1,2,180000,0,0,0,0,0,0
201711,21,163,3,6,Meade County                  ,73,73,10967632,5,10,900000,0,0,0,0,0,0,67,67,10095400,5,10,900000,0,0,0,0,0,0
201711,21,167,3,6,Mercer County                 ,42,42,7143141,0,0,0,0,0,0,0,0,0,40,40,6811200,0,0,0,0,0,0,0,0,0
201711,21,175,3,6,Morgan County                 ,20,20,1500000,0,0,0,0,0,0,0,0,0,0,0,0,0,0,0,0,0,0,0,0,0
201711,21,179,3,6,Nelson County                 ,161,161,27972204,8,16,1510000,6,22,2645000,0,0,0,161,161,27972204,8,16,1510000,6,22,2645000,0,0,0
201711,21,185,3,6,Oldham County                 ,327,327,98217714,5,10,494165,0,0,0,2,10,494166,0,0,0,0,0,0,0,0,0,0,0,0
201711,21,191,3,6,Pendleton County              ,0,0,0,0,0,0,0,0,0,0,0,0,0,0,0,0,0,0,0,0,0,0,0,0
201711,21,209,3,6,Scott County                  ,417,417,69079428,21,42,4590000,1,4,480000,0,0,0,417,417,69079428,21,42,4590000,1,4,480000,0,0,0
201711,21,211,3,6,Shelby County                 ,244,244,58618143,0,0,0,0,0,0,13,240,13109255,244,244,58618143,0,0,0,0,0,0,13,240,13109255
201711,21,213,3,6,Simpson County                ,58,58,8613837,2,4,219500,0,0,0,3,48,4181400,58,58,8613837,2,4,219500,0,0,0,3,48,4181400
201711,21,215,3,6,Spencer County                ,133,133,30670978,0,0,0,0,0,0,0,0,0,133,133,30670978,0,0,0,0,0,0,0,0,0
201711,21,221,3,6,Trigg County                  ,3,3,690349,0,0,0,0,0,0,0,0,0,3,3,690349,0,0,0,0,0,0,0,0,0
201711,21,225,3,6,Union County                  ,7,7,1435282,1,2,142084,0,0,0,0,0,0,2,2,388452,0,0,0,0,0,0,0,0,0
201711,21,239,3,6,Woodford County               ,104,104,19736869,1,2,400000,0,0,0,0,0,0,104,104,19736869,1,2,400000,0,0,0,0,0,0
201711,22,005,3,7,Ascension Parish              ,982,982,152497232,0,0,0,0,0,0,0,0,0,692,692,105355007,0,0,0,0,0,0,0,0,0
201711,22,015,3,7,Bossier Parish                ,626,626,111554756,0,0,0,0,0,0,0,0,0,626,626,111554756,0,0,0,0,0,0,0,0,0
201711,22,017,3,7,Caddo Parish                  ,295,295,75845724,0,0,0,0,0,0,0,0,0,291,291,75219228,0,0,0,0,0,0,0,0,0
201711,22,031,3,7,De Soto Parish                ,103,103,25499441,0,0,0,0,0,0,0,0,0,103,103,25499441,0,0,0,0,0,0,0,0,0
201711,22,033,3,7,East Baton Rouge Parish       ,1103,1103,260329413,0,0,0,0,0,0,0,0,0,1095,1095,259227268,0,0,0,0,0,0,0,0,0
201711,22,037,3,7,East Feliciana Parish         ,53,53,10366175,0,0,0,1,4,270628,0,0,0,45,45,8750142,0,0,0,1,4,270628,0,0,0
201711,22,047,3,7,Iberville Parish              ,112,112,24525275,0,0,0,0,0,0,0,0,0,89,89,19980969,0,0,0,0,0,0,0,0,0
201711,22,051,3,7,Jefferson Parish              ,425,425,94408380,10,20,1619714,2,6,322891,1,10,1005898,359,359,77764050,5,10,822100,1,3,182137,0,0,0
201711,22,055,3,7,Lafayette Parish              ,1162,1162,243061010,0,0,0,0,0,0,1,7,737633,940,940,213229830,0,0,0,0,0,0,0,0,0
201711,22,063,3,7,Livingston Parish             ,762,762,170848939,1,2,150000,3,9,696522,0,0,0,274,274,62401621,0,0,0,0,0,0,0,0,0
201711,22,071,3,7,Orleans Parish                ,425,425,95871559,53,106,11110374,1,3,490108,5,86,21168177,299,299,68543357,40,80,7956236,0,0,0,0,0,0
201711,22,075,3,7,Plaquemines Parish            ,41,41,11362474,0,0,0,0,0,0,0,0,0,32,32,8600050,0,0,0,0,0,0,0,0,0
201711,22,077,3,7,Pointe Coupee Parish          ,47,47,12619062,0,0,0,0,0,0,0,0,0,47,47,12619062,0,0,0,0,0,0,0,0,0
201711,22,087,3,7,St. Bernard Parish            ,102,102,18037300,0,0,0,0,0,0,0,0,0,102,102,18037300,0,0,0,0,0,0,0,0,0
201711,22,089,3,7,St. Charles Parish            ,123,123,26073159,0,0,0,0,0,0,0,0,0,123,123,26073159,0,0,0,0,0,0,0,0,0
201711,22,091,3,7,St. Helena Parish             ,0,0,0,0,0,0,0,0,0,0,0,0,0,0,0,0,0,0,0,0,0,0,0,0
201711,22,095,3,7,St. John the Baptist Parish   ,44,44,7221430,0,0,0,0,0,0,0,0,0,7,7,1313000,0,0,0,0,0,0,0,0,0
201711,22,099,3,7,St. Martin Parish             ,169,169,30369948,0,0,0,0,0,0,0,0,0,143,143,25122213,0,0,0,0,0,0,0,0,0
201711,22,103,3,7,St. Tammany Parish            ,1335,1335,309581827,2,4,700000,0,0,0,0,0,0,1294,1294,294827871,2,4,700000,0,0,0,0,0,0
201711,22,109,3,7,Terrebonne Parish             ,123,123,32962297,3,6,822500,0,0,0,0,0,0,123,123,32962297,3,6,822500,0,0,0,0,0,0
201711,22,121,3,7,West Baton Rouge Parish       ,252,252,38656569,0,0,0,0,0,0,0,0,0,237,237,37290639,0,0,0,0,0,0,0,0,0
201711,22,125,3,7,West Feliciana Parish         ,36,36,14851613,0,0,0,0,0,0,2,11,2074062,36,36,14851613,0,0,0,0,0,0,2,11,2074062
201711,23,000,1,1,Maine Unorganized Territory   ,91,91,12084822,0,0,0,0,0,0,0,0,0,0,0,0,0,0,0,0,0,0,0,0,0
201711,24,003,3,5,Anne Arundel County           ,1659,1659,286291583,4,8,576301,0,0,0,13,571,54665600,1656,1656,285773848,4,8,576301,0,0,0,13,571,54665600
201711,24,005,3,5,Baltimore County              ,842,842,203495223,1,2,500000,0,0,0,3,404,60200000,842,842,203495223,1,2,500000,0,0,0,3,404,60200000
201711,24,009,3,5,Calvert County                ,267,267,61224440,0,0,0,0,0,0,0,0,0,190,190,43814713,0,0,0,0,0,0,0,0,0
201711,24,013,3,5,Carroll County                ,280,280,76963667,2,4,778667,0,0,0,0,0,0,280,280,76963667,2,4,778667,0,0,0,0,0,0
201711,24,015,3,5,Cecil County                  ,92,92,21362940,0,0,0,0,0,0,0,0,0,92,92,21362940,0,0,0,0,0,0,0,0,0
201711,24,017,3,5,Charles County                ,654,654,148397054,0,0,0,0,0,0,0,0,0,647,647,147304501,0,0,0,0,0,0,0,0,0
201711,24,021,3,5,Frederick County              ,1481,1481,359691353,4,8,719550,1,4,63000,11,297,39107592,1481,1481,359691353,4,8,719550,1,4,63000,11,297,39107592
201711,24,023,3,5,Garrett County                ,65,65,22796765,0,0,0,0,0,0,0,0,0,65,65,22796765,0,0,0,0,0,0,0,0,0
201711,24,025,3,5,Harford County                ,614,614,121939631,0,0,0,0,0,0,7,192,19298438,611,611,120783146,0,0,0,0,0,0,6,178,18150000
201711,24,027,3,5,Howard County                 ,772,772,180170830,0,0,0,0,0,0,10,402,44357000,772,772,180170830,0,0,0,0,0,0,10,402,44357000
201711,24,031,3,5,Montgomery County             ,1018,1018,232095319,24,48,3200000,0,0,0,7,535,141404043,887,887,201716546,24,48,3200000,0,0,0,5,491,136600593
201711,24,033,3,5,Prince George County          ,1633,1633,359672802,0,0,0,0,0,0,15,877,127325000,1631,1631,359124247,0,0,0,0,0,0,15,877,127325000
201711,24,035,3,5,Queen Anne County             ,187,187,45259096,0,0,0,0,0,0,0,0,0,187,187,45259096,0,0,0,0,0,0,0,0,0
201711,24,037,3,5,St. Marys County              ,1078,1078,195704088,0,0,0,0,0,0,0,0,0,1078,1078,195704088,0,0,0,0,0,0,0,0,0
201711,24,039,3,5,Somerset County               ,16,16,2384335,0,0,0,0,0,0,0,0,0,14,14,2029842,0,0,0,0,0,0,0,0,0
201711,24,045,3,5,Wicomico County               ,116,116,19780387,2,4,317000,0,0,0,0,0,0,116,116,19780387,2,4,317000,0,0,0,0,0,0
201711,24,510,3,5,Baltimore (Independent City)  ,173,173,28182571,0,0,0,0,0,0,8,318,50402197,151,151,24346000,0,0,0,0,0,0,6,269,40341023
201711,25,005,1,1,Bristol County                ,688,688,140770029,21,42,5579150,1,3,240000,6,67,6737522,588,588,120978529,21,42,5579150,1,3,240000,3,46,5364199
201711,25,009,1,1,Essex County                  ,561,561,180698054,49,98,17227065,4,14,2989336,11,225,46732332,404,404,131256403,32,64,10453148,2,8,1764000,5,181,40027311
201711,25,017,1,1,Middlesex County              ,1381,1381,454395767,85,170,26438001,15,53,9761700,88,1627,236295714,1084,1084,379736907,47,94,15248531,11,40,8184929,48,1207,172601830
201711,25,021,1,1,Norfolk County                ,654,654,284124452,5,10,2190168,9,31,8991500,60,1077,137325444,506,506,232856513,4,8,1841650,9,31,8991500,21,701,97428293
201711,25,023,1,1,Plymouth County               ,965,965,218249871,13,26,3478212,3,9,1414800,11,287,46770872,814,814,185028087,12,24,3228212,3,9,1414800,8,267,45186265
201711,25,025,1,1,Suffolk County                ,61,61,15332956,51,102,19512242,38,120,25008223,103,3852,851025973,54,54,14139008,50,100,19306039,38,120,25008223,86,3742,830185812
201711,26,000,2,3,Michigan Balance of State     ,65,65,12209447,0,0,0,0,0,0,0,0,0,0,0,0,0,0,0,0,0,0,0,0,0
201711,26,019,2,3,Benzie County                 ,75,75,17333226,0,0,0,0,0,0,0,0,0,75,75,17333226,0,0,0,0,0,0,0,0,0
201711,26,029,2,3,Charlevoix County             ,59,59,12258545,1,2,659319,0,0,0,0,0,0,0,0,0,0,0,0,0,0,0,0,0,0
201711,26,089,2,3,Leelanau County               ,141,141,31565049,0,0,0,0,0,0,0,0,0,141,141,31565049,0,0,0,0,0,0,0,0,0
201711,26,093,2,3,Livingston County             ,635,635,181671719,0,0,0,1,3,300000,6,84,9554273,611,611,179222000,0,0,0,1,3,300000,6,84,9554273
201711,26,095,2,3,Luce County                   ,7,7,1335200,0,0,0,0,0,0,0,0,0,7,7,1335200,0,0,0,0,0,0,0,0,0
201711,26,099,2,3,Macomb County                 ,1794,1794,469198213,26,52,6984905,2,7,833052,28,609,73376881,1776,1776,465985753,14,28,4367765,1,4,638052,28,609,73376881
201711,26,103,2,3,Marquette County              ,72,72,14809959,3,6,532500,0,0,0,1,32,2610000,72,72,14809959,3,6,532500,0,0,0,1,32,2610000
201711,26,137,2,3,Otsego County                 ,17,17,1377000,0,0,0,0,0,0,0,0,0,0,0,0,0,0,0,0,0,0,0,0,0
201711,26,147,2,3,St. Clair County              ,208,208,40144036,0,0,0,0,0,0,4,96,7296700,189,189,37364177,0,0,0,0,0,0,4,96,7296700
201711,26,163,2,3,Wayne County                  ,1086,1086,312140635,4,8,767832,39,142,16867076,34,924,112346842,1039,1039,301839838,4,8,767832,39,142,16867076,34,924,112346842
201711,27,003,2,4,Anoka County                  ,1006,1006,263884516,2,4,604528,4,16,2833319,0,0,0,952,952,249817237,2,4,604528,4,16,2833319,0,0,0
201711,27,019,2,4,Carver County                 ,577,577,170400292,3,6,1131654,3,12,2269720,0,0,0,565,565,166915781,3,6,1131654,3,12,2269720,0,0,0
201711,27,025,2,4,Chisago County                ,236,236,41459592,1,2,408000,0,0,0,0,0,0,225,225,39717418,1,2,408000,0,0,0,0,0,0
201711,27,027,2,4,Clay County                   ,162,162,35468405,0,0,0,0,0,0,1,45,4800000,162,162,35468405,0,0,0,0,0,0,1,45,4800000
201711,27,037,2,4,Dakota County                 ,1094,1094,319565988,5,10,1984100,6,23,4240000,9,816,111350000,996,996,285894180,5,10,1984100,6,23,4240000,9,816,111350000
201711,27,053,2,4,Hennepin County               ,1759,1759,640005175,8,16,6076629,6,22,4613634,27,3024,507731896,1696,1696,598933651,8,16,6076629,6,22,4613634,26,3019,506759760
201711,27,059,2,4,Isanti County                 ,257,257,47480651,0,0,0,0,0,0,0,0,0,251,251,45562151,0,0,0,0,0,0,0,0,0
201711,27,123,2,4,Ramsey County                 ,217,217,73050591,0,0,0,0,0,0,7,425,49269853,207,207,70502020,0,0,0,0,0,0,6,372,44504524
201711,27,139,2,4,Scott County                  ,512,512,157493774,1,2,361132,0,0,0,6,344,50769512,495,495,152423033,1,2,361132,0,0,0,6,344,50769512
201711,27,141,2,4,Sherburne County              ,430,430,95186102,0,0,0,1,4,758680,0,0,0,398,398,88318834,0,0,0,1,4,758680,0,0,0
201711,27,163,2,4,Washington County             ,729,729,244862060,0,0,0,1,4,618000,11,602,84551916,667,667,216964756,0,0,0,1,4,618000,8,587,82676916
201711,27,171,2,4,Wright County                 ,679,679,179738351,0,0,0,1,4,729422,0,0,0,673,673,178470761,0,0,0,1,4,729422,0,0,0
201711,28,033,3,6,DeSoto County                 ,1240,1240,201518213,0,0,0,1,4,351300,5,25,2151900,1181,1181,189377349,0,0,0,1,4,351300,5,25,2151900
201711,28,041,3,6,Greene County                 ,0,0,0,0,0,0,0,0,0,0,0,0,0,0,0,0,0,0,0,0,0,0,0,0
201711,28,045,3,6,Hancock County                ,404,404,67396372,4,8,740716,8,28,2810116,11,86,7280992,117,117,23944797,0,0,0,0,0,0,0,0,0
201711,28,047,3,6,Harrison County               ,898,898,148157691,2,4,520000,0,0,0,1,5,278124,783,783,135093576,1,2,275000,0,0,0,1,5,278124
201711,28,067,3,6,Jones County                  ,20,20,3088269,0,0,0,0,0,0,0,0,0,4,4,768468,0,0,0,0,0,0,0,0,0
201711,28,137,3,6,Tate County                   ,95,95,16070864,0,0,0,0,0,0,0,0,0,93,93,15674500,0,0,0,0,0,0,0,0,0
201711,28,143,3,6,Tunica County                 ,9,9,997600,0,0,0,0,0,0,0,0,0,9,9,997600,0,0,0,0,0,0,0,0,0
201711,28,145,3,6,Union County                  ,11,11,1519000,1,2,80000,0,0,0,0,0,0,11,11,1519000,1,2,80000,0,0,0,0,0,0
201711,28,149,3,6,Warren County                 ,5,5,490000,0,0,0,0,0,0,0,0,0,5,5,490000,0,0,0,0,0,0,0,0,0
201711,29,013,2,4,Bates County                  ,1,1,290000,0,0,0,0,0,0,0,0,0,1,1,290000,0,0,0,0,0,0,0,0,0
201711,29,017,2,4,Bollinger County              ,0,0,0,0,0,0,0,0,0,0,0,0,0,0,0,0,0,0,0,0,0,0,0,0
201711,29,019,2,4,Boone County                  ,723,723,163654382,7,14,1277654,0,0,0,27,851,114145735,723,723,163654382,7,14,1277654,0,0,0,27,851,114145735
201711,29,049,2,4,Clinton County                ,51,51,8703600,1,2,160000,1,4,525000,0,0,0,51,51,8703600,1,2,160000,1,4,525000,0,0,0
201711,29,065,2,4,Dent County                   ,0,0,0,0,0,0,0,0,0,0,0,0,0,0,0,0,0,0,0,0,0,0,0,0
201711,29,071,2,4,Franklin County               ,366,366,69946662,5,10,904592,0,0,0,7,42,3923200,351,351,66738097,5,10,904592,0,0,0,7,42,3923200
201711,29,095,2,4,Jackson County                ,1712,1712,388901256,60,120,12554034,37,147,17517793,51,1781,161175126,1698,1698,385114501,60,120,12554034,37,147,17517793,51,1781,161175126
201711,29,099,2,4,Jefferson County              ,692,692,115737649,5,10,1122660,0,0,0,0,0,0,667,667,113114708,5,10,1122660,0,0,0,0,0,0
201711,29,105,2,4,Laclede County                ,55,55,7028950,2,4,522000,0,0,0,2,20,2139000,55,55,7028950,2,4,522000,0,0,0,2,20,2139000
201711,29,107,2,4,Lafayette County              ,35,35,7205258,0,0,0,0,0,0,0,0,0,11,11,1630279,0,0,0,0,0,0,0,0,0
201711,29,113,2,4,Lincoln County                ,128,128,23406815,0,0,0,2,6,718576,0,0,0,104,104,17322413,0,0,0,0,0,0,0,0,0
201711,29,165,2,4,Platte County                 ,310,310,84083544,0,0,0,0,0,0,7,50,3287037,281,281,76185414,0,0,0,0,0,0,0,0,0
201711,29,185,2,4,St. Clair County              ,1,1,60000,0,0,0,0,0,0,0,0,0,1,1,60000,0,0,0,0,0,0,0,0,0
201711,29,189,2,4,St. Louis County              ,1101,1101,409642728,0,0,0,0,0,0,13,297,37719187,537,537,208292630,0,0,0,0,0,0,2,92,13506000
201711,29,219,2,4,Warren County                 ,262,262,56692977,0,0,0,0,0,0,0,0,0,262,262,56692977,0,0,0,0,0,0,0,0,0
201711,29,221,2,4,Washington County             ,0,0,0,0,0,0,0,0,0,0,0,0,0,0,0,0,0,0,0,0,0,0,0,0
201711,29,510,2,4,St. Louis (Independent City)  ,86,86,16262170,0,0,0,8,28,3191110,14,662,58442222,86,86,16262170,0,0,0,8,28,3191110,14,662,58442222
201711,30,033,4,8,Garfield County               ,0,0,0,0,0,0,0,0,0,0,0,0,0,0,0,0,0,0,0,0,0,0,0,0
201711,30,063,4,8,Missoula County               ,388,388,74672368,20,40,4118214,5,16,1080616,25,515,57400569,388,388,74672368,20,40,4118214,5,16,1080616,25,515,57400569
201711,30,093,4,8,Silver Bow County             ,68,68,7407388,0,0,0,0,0,0,0,0,0,68,68,7407388,0,0,0,0,0,0,0,0,0
201711,31,001,2,4,Adams County                  ,61,61,15337741,0,0,0,0,0,0,0,0,0,57,57,14521722,0,0,0,0,0,0,0,0,0
201711,31,025,2,4,Cass County                   ,130,130,22264339,1,2,143961,0,0,0,0,0,0,130,130,22264339,1,2,143961,0,0,0,0,0,0
201711,31,033,2,4,Cheyenne County               ,2,2,428704,0,0,0,0,0,0,0,0,0,2,2,428704,0,0,0,0,0,0,0,0,0
201711,31,055,2,4,Douglas County                ,1592,1592,256246139,0,0,0,1,3,561131,39,1396,121063551,1551,1551,246840014,0,0,0,1,3,561131,39,1396,121063551
201711,31,105,2,4,Kimball County                ,2,2,543700,0,0,0,0,0,0,0,0,0,2,2,543700,0,0,0,0,0,0,0,0,0
201711,31,153,2,4,Sarpy County                  ,904,904,241223484,0,0,0,0,0,0,3,78,4075000,762,762,206095650,0,0,0,0,0,0,3,78,4075000
201711,31,165,2,4,Sioux County                  ,2,2,300000,0,0,0,0,0,0,0,0,0,2,2,300000,0,0,0,0,0,0,0,0,0
201711,31,177,2,4,Washington County             ,78,78,22578864,0,0,0,0,0,0,0,0,0,77,77,22488664,0,0,0,0,0,0,0,0,0
201711,32,001,4,8,Churchill County              ,29,29,6267265,0,0,0,0,0,0,0,0,0,28,28,6019796,0,0,0,0,0,0,0,0,0
201711,32,003,4,8,Clark County                  ,9163,9163,1718250177,37,74,12391835,41,131,21952867,113,3477,348272658,9163,9163,1718250177,37,74,12391835,41,131,21952867,113,3477,348272658
201711,32,005,4,8,Douglas County                ,137,137,56070963,0,0,0,0,0,0,1,24,2273199,137,137,56070963,0,0,0,0,0,0,1,24,2273199
201711,32,007,4,8,Elko County                   ,148,148,22289546,0,0,0,0,0,0,0,0,0,144,144,22025546,0,0,0,0,0,0,0,0,0
201711,32,013,4,8,Humboldt County               ,12,12,1757598,0,0,0,0,0,0,0,0,0,12,12,1757598,0,0,0,0,0,0,0,0,0
201711,32,015,4,8,Lander County                 ,0,0,0,0,0,0,0,0,0,0,0,0,0,0,0,0,0,0,0,0,0,0,0,0
201711,32,017,4,8,Lincoln County                ,8,8,2187733,0,0,0,0,0,0,0,0,0,7,7,1917236,0,0,0,0,0,0,0,0,0
201711,32,019,4,8,Lyon County                   ,316,316,74147851,0,0,0,0,0,0,0,0,0,316,316,74147851,0,0,0,0,0,0,0,0,0
201711,32,021,4,8,Mineral County                ,0,0,0,0,0,0,0,0,0,0,0,0,0,0,0,0,0,0,0,0,0,0,0,0
201711,32,027,4,8,Pershing County               ,4,4,262682,0,0,0,0,0,0,0,0,0,4,4,262682,0,0,0,0,0,0,0,0,0
201711,32,029,4,8,Storey County                 ,10,10,2019077,0,0,0,0,0,0,0,0,0,6,6,1483172,0,0,0,0,0,0,0,0,0
201711,32,031,4,8,Washoe County                 ,1922,1922,481318562,3,6,735150,2,7,1143403,133,2278,230919756,1922,1922,481318562,3,6,735150,2,7,1143403,133,2278,230919756
201711,32,033,4,8,White Pine County             ,3,3,1068116,0,0,0,0,0,0,0,0,0,1,1,234540,0,0,0,0,0,0,0,0,0
201711,32,510,4,8,Carson City (Independent City),113,113,31602364,0,0,0,5,20,2545672,0,0,0,113,113,31602364,0,0,0,5,20,2545672,0,0,0
201711,33,015,1,1,Rockingham County             ,701,701,174646818,20,40,5401871,6,23,2706500,12,262,29159024,525,525,140496253,20,40,5401871,5,20,2225000,6,224,25127784
201711,33,017,1,1,Strafford County              ,329,329,54843597,17,34,4322437,3,11,1295708,4,138,11357000,294,294,49788457,17,34,4322437,2,8,972288,4,138,11357000
201711,34,001,1,2,Atlantic County               ,264,264,63029802,1,2,289712,0,0,333805,32,741,79121389,236,236,60323158,0,0,0,0,0,333805,18,573,59152101
201711,34,003,1,2,Bergen County                 ,809,809,273382574,84,168,32627921,8,27,4769850,66,1834,206920164,552,552,182636360,65,130,27352173,8,27,4769850,21,1512,187400983
201711,34,005,1,2,Burlington County             ,741,741,95736692,3,6,540818,0,0,0,23,369,33010719,545,545,67590070,1,2,100000,0,0,0,16,332,29778833
201711,34,007,1,2,Camden County                 ,179,179,36051368,5,10,361200,0,0,0,127,867,35505106,114,114,26265405,5,10,361200,0,0,0,101,696,24477319
201711,34,009,1,2,Cape May County               ,511,511,175653110,78,156,29097300,1,3,387864,8,78,9766185,484,484,167910852,78,156,29097300,1,3,387864,7,73,9753185
201711,34,011,1,2,Cumberland County             ,96,96,9179551,0,0,0,0,0,0,1,5,666180,25,25,2014370,0,0,0,0,0,0,0,0,0
201711,34,013,1,2,Essex County                  ,327,327,64827568,28,56,6269539,20,63,7516484,61,1710,235198867,94,94,40278586,25,50,5955838,16,50,4840938,20,846,174684915
201711,34,015,1,2,Gloucester County             ,397,397,58325351,3,6,260364,0,0,0,18,354,32307128,289,289,47136812,3,6,260364,0,0,0,16,343,31846961
201711,34,017,1,2,Hudson County                 ,242,242,41134452,67,134,14510700,23,85,8741602,67,4231,588971044,229,229,37417545,67,134,14510700,23,85,8741602,63,4132,578766612
201711,34,019,1,2,Hunterdon County              ,130,130,29974794,3,6,699600,1,3,450000,19,108,5566625,109,109,26404484,0,0,0,1,3,450000,0,0,0
201711,34,021,1,2,Mercer County                 ,135,135,49097563,0,0,0,46,162,4933156,13,249,22871568,135,135,49097563,0,0,0,46,162,4933156,12,236,22241742
201711,34,023,1,2,Middlesex County              ,746,746,139636114,3,6,495800,6,22,9046500,77,1588,133989100,612,612,115321720,3,6,495800,6,22,9046500,56,1435,125699177
201711,34,025,1,2,Monmouth County               ,835,835,253089633,5,10,1599236,3,10,1140266,38,493,39778265,781,781,239240736,1,2,130400,2,7,821580,34,473,38784184
201711,34,027,1,2,Morris County                 ,595,595,138372716,2,4,206098,34,119,4832400,48,929,71999666,477,477,111606222,2,4,206098,34,119,4832400,13,503,36617316
201711,34,029,1,2,Ocean County                  ,2283,2283,409256426,23,46,9349321,31,109,4756000,37,423,27113431,2211,2211,397669989,22,44,9090750,31,109,4756000,36,411,26656301
201711,34,031,1,2,Passaic County                ,151,151,28695938,6,12,748892,2,8,453611,26,373,33227976,107,107,20304141,4,8,427400,2,8,453611,14,311,28010630
201711,34,033,1,2,Salem County                  ,37,37,6146721,0,0,0,0,0,0,0,0,0,29,29,5293691,0,0,0,0,0,0,0,0,0
201711,34,035,1,2,Somerset County               ,341,341,81793521,1,2,205500,0,0,0,42,443,32202700,264,264,67695695,1,2,205500,0,0,0,9,179,15095350
201711,34,037,1,2,Sussex County                 ,73,73,15453605,2,4,377700,1,4,866000,1,8,323432,64,64,13015566,0,0,0,1,4,866000,1,8,323432
201711,34,039,1,2,Union County                  ,308,308,71859270,47,94,8859269,3,9,970504,37,705,43764346,237,237,60485295,33,66,6677605,2,6,534250,12,475,33455160
201711,34,041,1,2,Warren County                 ,48,48,8469051,0,0,0,0,0,0,7,92,3322005,34,34,6446692,0,0,0,0,0,0,2,48,1405760
201711,35,000,4,8,New Mexico Balance of State   ,363,363,98438110,0,0,0,0,0,0,0,0,0,0,0,0,0,0,0,0,0,0,0,0,0
201711,35,001,4,8,Bernalillo County             ,1056,1056,235648134,2,4,440214,0,0,0,12,182,17955888,412,412,108544209,1,2,178114,0,0,0,0,0,0
201711,35,005,4,8,Chaves County                 ,62,62,10158124,2,4,607352,0,0,0,0,0,0,59,59,9601489,2,4,607352,0,0,0,0,0,0
201711,35,007,4,8,Colfax County                 ,17,17,7711335,0,0,0,0,0,0,0,0,0,12,12,5453000,0,0,0,0,0,0,0,0,0
201711,35,009,4,8,Curry County                  ,49,49,12426178,1,2,285889,0,0,0,4,24,2212500,32,32,8238388,1,2,285889,0,0,0,0,0,0
201711,35,013,4,8,Dona Ana County               ,739,739,150770758,0,0,0,2,7,668300,28,308,22782747,693,693,142377328,0,0,0,2,7,668300,28,308,22782747
201711,35,015,4,8,Eddy County                   ,142,142,27353488,0,0,0,0,0,0,0,0,0,142,142,27353488,0,0,0,0,0,0,0,0,0
201711,35,017,4,8,Grant County                  ,11,11,1787576,0,0,0,0,0,0,0,0,0,0,0,0,0,0,0,0,0,0,0,0,0
201711,35,025,4,8,Lea County                    ,78,78,16877736,0,0,0,0,0,0,1,10,1744904,60,60,13414533,0,0,0,0,0,0,0,0,0
201711,35,027,4,8,Lincoln County                ,74,74,18684418,0,0,0,0,0,0,0,0,0,0,0,0,0,0,0,0,0,0,0,0,0
201711,35,028,4,8,Los Alamos County             ,15,15,4177412,0,0,0,0,0,0,0,0,0,15,15,4177412,0,0,0,0,0,0,0,0,0
201711,35,029,4,8,Luna County                   ,17,17,3154745,0,0,0,0,0,0,0,0,0,8,8,1583786,0,0,0,0,0,0,0,0,0
201711,35,031,4,8,McKinley County               ,11,11,2125200,0,0,0,0,0,0,0,0,0,10,10,1940000,0,0,0,0,0,0,0,0,0
201711,35,035,4,8,Otero County                  ,3,3,648881,0,0,0,0,0,0,0,0,0,3,3,648881,0,0,0,0,0,0,0,0,0
201711,35,041,4,8,Roosevelt County              ,17,17,2555194,0,0,0,0,0,0,0,0,0,15,15,2228900,0,0,0,0,0,0,0,0,0
201711,35,043,4,8,Sandoval County               ,596,596,131039306,1,2,283271,1,3,251560,11,63,2624996,362,362,81931860,0,0,0,0,0,0,0,0,0
201711,35,045,4,8,San Juan County               ,87,87,20340622,0,0,0,0,0,0,0,0,0,78,78,18119817,0,0,0,0,0,0,0,0,0
201711,35,047,4,8,San Miguel County             ,1,1,140000,0,0,0,0,0,0,0,0,0,0,0,0,0,0,0,0,0,0,0,0,0
201711,35,049,4,8,Santa Fe County               ,211,211,48305821,0,0,0,0,0,0,0,0,0,167,167,37325347,0,0,0,0,0,0,0,0,0
201711,35,051,4,8,Sierra County                 ,1,1,95000,0,0,0,0,0,0,0,0,0,1,1,95000,0,0,0,0,0,0,0,0,0
201711,35,053,4,8,Socorro County                ,3,3,538000,0,0,0,0,0,0,0,0,0,3,3,538000,0,0,0,0,0,0,0,0,0
201711,35,055,4,8,Taos County                   ,86,86,9679305,0,0,0,0,0,0,0,0,0,1,1,358563,0,0,0,0,0,0,0,0,0
201711,35,061,4,8,Valencia County               ,101,101,10949612,0,0,0,0,0,0,0,0,0,0,0,0,0,0,0,0,0,0,0,0,0
201711,36,001,1,2,Albany County                 ,271,271,62402352,3,6,853000,6,23,3168312,29,438,48449479,226,226,53889591,3,6,853000,5,20,2900000,17,329,31429000
201711,36,005,1,2,Bronx County                  ,9,9,2404457,29,58,7814732,17,51,6198336,72,4018,532232830,9,9,2404457,29,58,7814732,17,51,6198336,72,4018,532232830
201711,36,029,1,2,Erie County                   ,750,750,217888184,2,4,380000,5,19,3225000,38,572,85959051,696,696,207960340,2,4,380000,5,19,3225000,29,376,42154857
201711,36,047,1,2,Kings County                  ,69,69,18340900,73,146,19654471,61,203,25059408,240,5222,693582992,69,69,18340900,73,146,19654471,61,203,25059408,240,5222,693582992
201711,36,051,1,2,Livingston County             ,27,27,4152233,0,0,0,0,0,0,16,110,9615456,12,12,1949210,0,0,0,0,0,0,6,60,6963670
201711,36,055,1,2,Monroe County                 ,650,650,140031264,6,12,1951800,11,35,5363867,9,341,36077971,606,606,130773944,6,12,1951800,9,29,4841867,9,341,36077971
201711,36,059,1,2,Nassau County                 ,836,836,312744574,4,8,1148680,0,0,0,19,288,87149640,661,661,249959932,4,8,1148680,0,0,0,10,236,80189683
201711,36,061,1,2,New York County               ,4,4,1071350,4,8,1075944,3,11,1336896,60,4224,560583881,4,4,1071350,4,8,1075944,3,11,1336896,60,4224,560583881
201711,36,063,1,2,Niagara County                ,187,187,46638794,0,0,0,0,0,0,1,36,3000000,168,168,42008397,0,0,0,0,0,0,1,36,3000000
201711,36,069,1,2,Ontario County                ,266,266,73015770,0,0,0,5,18,1197000,15,111,9786429,232,232,65311139,0,0,0,0,0,0,12,96,8400000
201711,36,073,1,2,Orleans County                ,24,24,3938750,0,0,0,0,0,0,0,0,0,13,13,2000000,0,0,0,0,0,0,0,0,0
201711,36,079,1,2,Putnam County                 ,34,34,12727778,0,0,0,3,10,2312556,1,8,1052123,25,25,10764465,0,0,0,1,4,971658,1,8,1052123
201711,36,081,1,2,Queens County                 ,103,103,27459540,192,384,51658371,71,216,26507592,78,3880,514680733,103,103,27459540,192,384,51658371,71,216,26507592,78,3880,514680733
201711,36,083,1,2,Rensselaer County             ,107,107,27235808,2,4,800000,13,52,5302049,1,5,500000,67,67,16677654,1,2,250000,13,52,5302049,0,0,0
201711,36,085,1,2,Richmond County               ,262,262,69650375,187,374,50251451,2,6,729216,1,8,1052123,262,262,69650375,187,374,50251451,2,6,729216,1,8,1052123
201711,36,087,1,2,Rockland County               ,103,103,36535726,26,52,7418575,18,61,7016956,18,231,41301312,68,68,27655389,1,2,280000,2,6,700000,6,157,32620608
201711,36,091,1,2,Saratoga County               ,644,644,179097615,26,52,7388477,11,37,3720043,43,409,45305252,456,456,124518011,22,44,5990890,5,17,2393824,10,200,23580000
201711,36,093,1,2,Schenectady County            ,67,67,12130046,1,2,125000,9,36,3862361,8,134,11117702,55,55,10103782,1,2,125000,9,36,3862361,6,124,9817702
201711,36,095,1,2,Schoharie County              ,22,22,3357819,1,2,160000,0,0,0,0,0,0,17,17,2672768,1,2,160000,0,0,0,0,0,0
201711,36,099,1,2,Seneca County                 ,24,24,4250025,1,2,200000,0,0,0,0,0,0,24,24,4250025,1,2,200000,0,0,0,0,0,0
201711,36,117,1,2,Wayne County                  ,72,72,13877008,0,0,0,0,0,0,1,6,600000,60,60,11671821,0,0,0,0,0,0,1,6,600000
201711,36,119,1,2,Westchester County            ,333,333,167630490,9,18,2446664,1,3,120000,29,1037,180696127,265,265,140075827,0,0,0,0,0,0,8,811,140350000
201711,37,007,3,5,Anson County                  ,40,40,5994600,0,0,0,0,0,0,0,0,0,0,0,0,0,0,0,0,0,0,0,0,0
201711,37,011,3,5,Avery County                  ,87,87,39423391,0,0,0,0,0,0,0,0,0,87,87,39423391,0,0,0,0,0,0,0,0,0
201711,37,015,3,5,Bertie County                 ,12,12,1571947,0,0,0,0,0,0,0,0,0,10,10,1155030,0,0,0,0,0,0,0,0,0
201711,37,025,3,5,Cabarrus County               ,1463,1463,237461850,1,2,100000,1,4,320000,6,89,4960000,1463,1463,237461850,1,2,100000,1,4,320000,6,89,4960000
201711,37,033,3,5,Caswell County                ,36,36,6576523,0,0,0,0,0,0,0,0,0,36,36,6576523,0,0,0,0,0,0,0,0,0
201711,37,037,3,5,Chatham County                ,710,710,190915696,0,0,0,0,0,0,0,0,0,710,710,190915696,0,0,0,0,0,0,0,0,0
201711,37,051,3,5,Cumberland County             ,625,625,105248613,0,0,0,0,0,0,0,0,0,625,625,105248613,0,0,0,0,0,0,0,0,0
201711,37,053,3,5,Currituck County              ,298,298,77661837,0,0,0,0,0,0,0,0,0,298,298,77661837,0,0,0,0,0,0,0,0,0
201711,37,059,3,5,Davie County                  ,121,121,24199212,0,0,0,0,0,0,0,0,0,40,40,7852390,0,0,0,0,0,0,0,0,0
201711,37,063,3,5,Durham County                 ,1772,1772,342092592,4,8,679588,0,0,0,37,1091,86406976,441,441,91958853,0,0,0,0,0,0,7,288,17254697
201711,37,069,3,5,Franklin County               ,554,554,93083953,1,2,156000,0,0,0,0,0,0,554,554,93083953,1,2,156000,0,0,0,0,0,0
201711,37,071,3,5,Gaston County                 ,1024,1024,294664095,6,12,1491932,4,14,3082870,4,23,3645268,1024,1024,294664095,6,12,1491932,4,14,3082870,4,23,3645268
201711,37,081,3,5,Guilford County               ,1332,1332,310963330,9,18,3664192,0,0,0,18,732,103218807,1320,1320,309487674,9,18,3664192,0,0,0,17,727,102936708
201711,37,089,3,5,Henderson County              ,476,476,127150393,0,0,0,0,0,0,4,84,5366400,476,476,127150393,0,0,0,0,0,0,4,84,5366400
201711,37,093,3,5,Hoke County                   ,207,207,47725561,0,0,0,0,0,0,0,0,0,207,207,47725561,0,0,0,0,0,0,0,0,0
201711,37,097,3,5,Iredell County                ,1211,1211,343665344,1,2,178688,0,0,0,19,360,31287095,1211,1211,343665344,1,2,178688,0,0,0,19,360,31287095
201711,37,101,3,5,Johnston County               ,2124,2124,365173802,0,0,0,1,4,220000,0,0,0,1810,1810,309469560,0,0,0,1,4,220000,0,0,0
201711,37,119,3,5,Mecklenburg County            ,4944,4944,1138670572,22,44,7177662,7,24,2371705,104,5777,439479853,4944,4944,1138670572,22,44,7177662,7,24,2371705,104,5777,439479853
201711,37,133,3,5,Onslow County                 ,840,840,120439979,9,18,1115480,1,4,400000,1,6,360000,838,838,119966488,9,18,1115480,1,4,400000,1,6,360000
201711,37,135,3,5,Orange County                 ,489,489,154620646,4,8,969577,0,0,0,11,400,30982565,489,489,154620646,4,8,969577,0,0,0,11,400,30982565
201711,37,145,3,5,Person County                 ,84,84,18346724,0,0,0,0,0,0,0,0,0,84,84,18346724,0,0,0,0,0,0,0,0,0
201711,37,151,3,5,Randolph County               ,305,305,67947648,2,4,170000,0,0,0,0,0,0,284,284,63146582,2,4,170000,0,0,0,0,0,0
201711,37,157,3,5,Rockingham County             ,164,164,39474253,0,0,0,0,0,0,7,149,19253327,162,162,39134810,0,0,0,0,0,0,6,144,18741410
201711,37,179,3,5,Union County                  ,1441,1441,326449619,0,0,0,0,0,0,0,0,0,1441,1441,326449619,0,0,0,0,0,0,0,0,0
201711,37,181,3,5,Vance County                  ,58,58,8979046,0,0,0,0,0,0,0,0,0,58,58,8979046,0,0,0,0,0,0,0,0,0
201711,37,183,3,5,Wake County                   ,7434,7434,1706711803,2,4,706826,6,22,2708339,88,3046,300986581,7434,7434,1706711803,2,4,706826,6,22,2708339,88,3046,300986581
201711,37,195,3,5,Wilson County                 ,182,182,30196274,1,2,115000,0,0,0,8,140,19643818,182,182,30196274,1,2,115000,0,0,0,8,140,19643818
201711,39,007,2,3,Ashtabula County              ,76,76,13938705,10,20,1608208,0,0,0,0,0,0,0,0,0,0,0,0,0,0,0,0,0,0
201711,39,015,2,3,Brown County                  ,64,64,16557070,0,0,0,0,0,0,0,0,0,64,64,16557070,0,0,0,0,0,0,0,0,0
201711,39,017,2,3,Butler County                 ,695,695,149930143,2,4,700000,1,4,360000,6,72,5143246,687,687,148512363,2,4,700000,1,4,360000,6,72,5143246
201711,39,025,2,3,Clermont County               ,419,419,89410473,2,4,270000,13,48,3358996,12,400,25597598,419,419,89410473,2,4,270000,13,48,3358996,12,400,25597598
201711,39,041,2,3,Delaware County               ,1090,1090,291807884,6,12,1793628,2,8,985961,17,174,20993449,1050,1050,283978210,6,12,1793628,2,8,985961,15,155,19557524
201711,39,049,2,3,Franklin County               ,1616,1616,468292752,9,18,2739114,27,96,11819000,172,4072,544707993,1590,1590,462703509,8,16,2516000,27,96,11819000,168,4033,542844993
201711,39,055,2,3,Geauga County                 ,157,157,46747466,3,6,1200000,0,0,0,1,81,22700000,157,157,46747466,3,6,1200000,0,0,0,1,81,22700000
201711,39,085,2,3,Lake County                   ,386,386,81490343,0,0,0,0,0,0,2,82,7500000,386,386,81490343,0,0,0,0,0,0,2,82,7500000
201711,39,089,2,3,Licking County                ,258,258,63653112,0,0,0,0,0,0,0,0,0,96,96,23185610,0,0,0,0,0,0,0,0,0
201711,39,093,2,3,Lorain County                 ,720,720,168719853,4,8,972100,21,82,8029579,14,114,5135529,634,634,149924686,4,8,972100,21,82,8029579,12,92,3933500
201711,39,097,2,3,Madison County                ,56,56,12858156,0,0,0,0,0,0,0,0,0,41,41,10390596,0,0,0,0,0,0,0,0,0
201711,39,103,2,3,Medina County                 ,629,629,164471943,3,6,420000,2,6,420000,0,0,0,629,629,164471943,3,6,420000,2,6,420000,0,0,0
201711,39,117,2,3,Morrow County                 ,64,64,10287171,0,0,0,0,0,0,0,0,0,53,53,8082655,0,0,0,0,0,0,0,0,0
201711,39,159,2,3,Union County                  ,395,395,105862468,4,8,1207000,0,0,0,0,0,0,395,395,105862468,4,8,1207000,0,0,0,0,0,0
201711,39,165,2,3,Warren County                 ,1219,1219,328003760,1,2,380913,5,19,4297536,12,220,28884845,1207,1207,325050984,1,2,380913,5,19,4297536,12,220,28884845
201711,40,001,3,7,Adair County                  ,12,12,2113789,0,0,0,0,0,0,0,0,0,3,3,380000,0,0,0,0,0,0,0,0,0
201711,40,017,3,7,Canadian County               ,240,240,52821173,8,16,1025000,0,0,0,0,0,0,178,178,37543953,8,16,1025000,0,0,0,0,0,0
201711,40,021,3,7,Cherokee County               ,55,55,7218102,4,8,520000,0,0,0,3,15,732144,0,0,0,0,0,0,0,0,0,0,0,0
201711,40,027,3,7,Cleveland County              ,573,573,136324326,21,42,6565200,5,15,2100000,10,54,5229994,573,573,136324326,21,42,6565200,5,15,2100000,10,54,5229994
201711,40,029,3,7,Coal County                   ,0,0,0,0,0,0,0,0,0,0,0,0,0,0,0,0,0,0,0,0,0,0,0,0
201711,40,037,3,7,Creek County                  ,83,83,16395677,0,0,0,0,0,0,0,0,0,75,75,14682437,0,0,0,0,0,0,0,0,0
201711,40,051,3,7,Grady County                  ,84,84,16442554,0,0,0,0,0,0,0,0,0,23,23,3314000,0,0,0,0,0,0,0,0,0
201711,40,055,3,7,Greer County                  ,3,3,750000,0,0,0,0,0,0,0,0,0,3,3,750000,0,0,0,0,0,0,0,0,0
201711,40,081,3,7,Lincoln County                ,6,6,819103,0,0,0,0,0,0,0,0,0,6,6,819103,0,0,0,0,0,0,0,0,0
201711,40,083,3,7,Logan County                  ,14,14,2657400,2,4,143000,0,0,0,0,0,0,14,14,2657400,2,4,143000,0,0,0,0,0,0
201711,40,087,3,7,McClain County                ,349,349,70237942,0,0,0,0,0,0,0,0,0,263,263,52277250,0,0,0,0,0,0,0,0,0
201711,40,109,3,7,Oklahoma County               ,3524,3524,800020430,60,120,16877466,1,4,250000,0,0,0,3365,3365,774177928,60,120,16877466,1,4,250000,0,0,0
201711,40,111,3,7,Okmulgee County               ,3,3,699667,0,0,0,0,0,0,0,0,0,1,1,400000,0,0,0,0,0,0,0,0,0
201711,40,113,3,7,Osage County                  ,136,136,23883559,4,8,600000,0,0,0,0,0,0,136,136,23883559,4,8,600000,0,0,0,0,0,0
201711,40,117,3,7,Pawnee County                 ,2,2,455000,0,0,0,0,0,0,0,0,0,2,2,455000,0,0,0,0,0,0,0,0,0
201711,40,131,3,7,Rogers County                 ,394,394,69357958,11,22,1318110,0,0,0,0,0,0,388,388,68737960,11,22,1318110,0,0,0,0,0,0
201711,40,143,3,7,Tulsa County                  ,1927,1927,448697112,6,12,1338610,1,4,282975,8,384,44526558,1924,1924,448508112,6,12,1338610,1,4,282975,8,384,44526558
201711,40,145,3,7,Wagoner County                ,434,434,79323561,1,2,220500,0,0,0,8,43,2930670,434,434,79323561,1,2,220500,0,0,0,8,43,2930670
201711,41,000,4,9,Oregon Balance of State       ,161,161,23792618,0,0,0,0,0,0,0,0,0,0,0,0,0,0,0,0,0,0,0,0,0
201711,41,005,4,9,Clackamas County              ,1183,1183,382607963,7,14,1941954,4,14,1407445,19,420,52556531,1127,1127,356164282,6,12,1590154,4,14,1407445,15,344,41504839
201711,41,019,4,9,Douglas County                ,220,220,53331202,3,6,756087,0,0,0,0,0,0,220,220,53331202,3,6,756087,0,0,0,0,0,0
201711,41,025,4,9,Harney County                 ,11,11,2627888,0,0,0,0,0,0,0,0,0,0,0,0,0,0,0,0,0,0,0,0,0
201711,41,035,4,9,Klamath County                ,91,91,22018546,0,0,0,9,35,3713506,0,0,0,91,91,22018546,0,0,0,9,35,3713506,0,0,0
201711,41,051,4,9,Multnomah County              ,929,929,253969016,98,196,36517731,8,28,4520841,114,5624,825092143,928,928,253770944,98,196,36517731,8,28,4520841,113,5619,824332143
201711,41,067,4,9,Washington County             ,1405,1405,423018560,2,4,728237,1,3,551698,32,1151,156984262,1402,1402,422099923,1,2,409043,1,3,551698,32,1151,156984262
201711,41,071,4,9,Yamhill County                ,314,314,102853700,1,2,80000,0,0,0,1,16,1251757,252,252,86787869,1,2,80000,0,0,0,1,16,1251757
201711,42,001,1,2,Adams County                  ,225,225,45882267,0,0,0,0,0,0,0,0,0,225,225,45882267,0,0,0,0,0,0,0,0,0
201711,42,017,1,2,Bucks County                  ,878,878,199509976,1,2,425000,0,0,0,4,36,3745270,649,649,145288983,1,2,425000,0,0,0,4,36,3745270
201711,42,029,1,2,Chester County                ,1090,1090,220475843,0,0,0,5,16,2297626,4,20,2218700,1001,1001,198110735,0,0,0,3,10,1651820,3,15,1968700
201711,42,037,1,2,Columbia County               ,69,69,16742525,0,0,0,2,6,774448,1,5,782273,39,39,9530870,0,0,0,0,0,0,0,0,0
201711,42,041,1,2,Cumberland County             ,752,752,162610690,3,6,765000,5,20,3480392,9,83,8488303,690,690,148530405,3,6,765000,5,20,3480392,5,48,3737877
201711,42,043,1,2,Dauphin County                ,340,340,70984565,7,14,2413075,4,16,2450525,9,110,9338860,285,285,57948886,7,14,2413075,4,16,2450525,9,110,9338860
201711,42,045,1,2,Delaware County               ,364,364,95085781,2,4,450000,3,12,900000,0,0,0,196,196,54602826,2,4,450000,3,12,900000,0,0,0
201711,42,055,1,2,Franklin County               ,299,299,50995140,3,6,570000,1,4,320000,9,50,4289242,245,245,43350722,3,6,570000,1,4,320000,1,8,194000
201711,42,065,1,2,Jefferson County              ,48,48,6953972,0,0,0,0,0,0,0,0,0,48,48,6953972,0,0,0,0,0,0,0,0,0
201711,42,091,1,2,Montgomery County             ,1014,1014,209194997,24,48,5510722,3,12,1557820,24,906,104916759,849,849,168925664,24,48,5510722,3,12,1557820,16,677,91428623
201711,42,093,1,2,Montour County                ,25,25,6243615,0,0,0,0,0,0,1,5,674635,14,14,3724931,0,0,0,0,0,0,0,0,0
201711,42,099,1,2,Perry County                  ,95,95,23677917,0,0,0,0,0,0,0,0,0,8,8,1258800,0,0,0,0,0,0,0,0,0
201711,42,101,1,2,Philadelphia County           ,717,717,190483919,115,230,38039571,101,346,44227555,72,1748,237631806,631,631,168020177,105,210,34350003,86,294,38684380,62,1574,214576931
201711,42,103,1,2,Pike County                   ,82,82,20004539,0,0,0,0,0,0,0,0,0,69,69,16556450,0,0,0,0,0,0,0,0,0
201711,44,001,1,1,Bristol County                ,41,41,11361970,0,0,0,0,0,0,0,0,0,36,36,9915081,0,0,0,0,0,0,0,0,0
201711,44,003,1,1,Kent County                   ,177,177,25505422,1,2,247000,0,0,0,0,0,0,138,138,19331038,1,2,247000,0,0,0,0,0,0
201711,44,005,1,1,Newport County                ,125,125,43265152,4,8,935120,1,3,430000,0,0,0,125,125,43265152,4,8,935120,1,3,430000,0,0,0
201711,44,007,1,1,Providence County             ,335,335,57322870,11,22,2107490,0,0,0,1,5,324000,293,293,52633455,11,22,2107490,0,0,0,1,5,324000
201711,44,009,1,1,Washington County             ,260,260,85206536,2,4,1000000,4,12,2229150,2,90,6000000,222,222,71095569,2,4,1000000,3,9,1800000,2,90,6000000
201711,45,003,3,5,Aiken County                  ,762,762,157854706,1,2,75000,7,21,2946826,6,320,35711772,739,739,154316890,0,0,0,7,21,2946826,5,315,35461772
201711,45,009,3,5,Bamberg County                ,10,10,1398000,0,0,0,0,0,0,0,0,0,10,10,1398000,0,0,0,0,0,0,0,0,0
201711,45,015,3,5,Berkeley County               ,1289,1289,353568275,0,0,0,0,0,0,15,384,12532998,1109,1109,309048400,0,0,0,0,0,0,5,48,4606059
201711,45,017,3,5,Calhoun County                ,23,23,3459832,0,0,0,0,0,0,0,0,0,23,23,3459832,0,0,0,0,0,0,0,0,0
201711,45,019,3,5,Charleston County             ,2517,2517,720702710,5,10,2041858,0,0,0,74,2093,247048278,1718,1718,575534755,4,8,1701672,0,0,0,55,1704,223761028
201711,45,035,3,5,Dorchester County             ,588,588,159030577,0,0,0,0,0,0,1,42,5982000,586,586,158815577,0,0,0,0,0,0,1,42,5982000
201711,45,037,3,5,Edgefield County              ,97,97,18441274,0,0,0,0,0,0,0,0,0,97,97,18441274,0,0,0,0,0,0,0,0,0
201711,45,039,3,5,Fairfield County              ,48,48,11017785,0,0,0,0,0,0,0,0,0,41,41,9545618,0,0,0,0,0,0,0,0,0
201711,45,045,3,5,Greenville County             ,2707,2707,1260824952,1,2,500000,5,18,1282626,12,440,31013670,2697,2697,1259242630,1,2,500000,5,18,1282626,12,440,31013670
201711,45,051,3,5,Horry County                  ,4307,4307,710481664,39,78,6884148,0,0,0,38,511,42517820,4089,4089,654977272,37,74,5747188,0,0,0,32,481,39979607
201711,45,055,3,5,Kershaw County                ,242,242,36374823,0,0,0,0,0,0,0,0,0,242,242,36374823,0,0,0,0,0,0,0,0,0
201711,45,059,3,5,Laurens County                ,127,127,19902439,0,0,0,0,0,0,0,0,0,123,123,19522197,0,0,0,0,0,0,0,0,0
201711,45,063,3,5,Lexington County              ,1682,1682,420728870,0,0,0,0,0,0,8,272,25096609,1138,1138,279511466,0,0,0,0,0,0,3,200,18050176
201711,45,077,3,5,Pickens County                ,503,503,128270770,0,0,0,1,4,538719,12,297,37693922,398,398,110373494,0,0,0,1,4,538719,1,5,594031
201711,45,079,3,5,Richland County               ,1872,1872,266541218,4,8,1068468,0,0,0,16,325,18343896,318,318,67472955,4,8,1068468,0,0,0,0,0,0
201711,45,081,3,5,Saluda County                 ,31,31,7703460,0,0,0,0,0,0,0,0,0,31,31,7703460,0,0,0,0,0,0,0,0,0
201711,45,085,3,5,Sumter County                 ,229,229,32364100,0,0,0,0,0,0,1,5,533333,187,187,26222434,0,0,0,0,0,0,0,0,0
201711,45,091,3,5,York County                   ,2209,2209,705698570,0,0,0,0,0,0,29,672,72071934,869,869,270925815,0,0,0,0,0,0,10,350,38771166
201711,46,007,2,4,Bennett County                ,1,1,120000,0,0,0,0,0,0,0,0,0,1,1,120000,0,0,0,0,0,0,0,0,0
201711,46,055,2,4,Haakon County                 ,0,0,0,0,0,0,0,0,0,0,0,0,0,0,0,0,0,0,0,0,0,0,0,0
201711,46,071,2,4,Jackson County                ,1,1,211632,0,0,0,0,0,0,0,0,0,1,1,211632,0,0,0,0,0,0,0,0,0
201711,46,111,2,4,Sanborn County                ,7,7,1475000,0,0,0,0,0,0,0,0,0,7,7,1475000,0,0,0,0,0,0,0,0,0
201711,47,001,3,6,Anderson County               ,136,136,28236437,0,0,0,0,0,0,0,0,0,124,124,25829004,0,0,0,0,0,0,0,0,0
201711,47,015,3,6,Cannon County                 ,14,14,1766660,0,0,0,0,0,0,0,0,0,0,0,0,0,0,0,0,0,0,0,0,0
201711,47,021,3,6,Cheatham County               ,208,208,33491460,0,0,0,0,0,0,0,0,0,206,206,33052222,0,0,0,0,0,0,0,0,0
201711,47,037,3,6,Davidson County               ,3765,3765,916434745,3,6,1863638,11,40,5601074,41,2299,189850050,3763,3763,914543589,3,6,1863638,11,40,5601074,41,2299,189850050
201711,47,043,3,6,Dickson County                ,299,299,57879576,0,0,0,0,0,0,0,0,0,272,272,52597347,0,0,0,0,0,0,0,0,0
201711,47,049,3,6,Fentress County               ,0,0,0,0,0,0,0,0,0,0,0,0,0,0,0,0,0,0,0,0,0,0,0,0
201711,47,081,3,6,Hickman County                ,57,57,9219373,0,0,0,0,0,0,0,0,0,33,33,4918758,0,0,0,0,0,0,0,0,0
201711,47,093,3,6,Knox County                   ,1556,1556,337379083,2,4,500000,0,0,0,31,723,90316271,1272,1272,280352393,2,4,500000,0,0,0,31,723,90316271
201711,47,105,3,6,Loudon County                 ,326,326,80881688,0,0,0,0,0,0,0,0,0,308,308,77785134,0,0,0,0,0,0,0,0,0
201711,47,125,3,6,Montgomery County             ,1375,1375,201339938,22,44,2095000,10,39,2455000,22,146,8013000,1375,1375,201339938,22,44,2095000,10,39,2455000,22,146,8013000
201711,47,139,3,6,Polk County                   ,171,171,30801215,0,0,0,0,0,0,0,0,0,0,0,0,0,0,0,0,0,0,0,0,0
201711,47,149,3,6,Rutherford County             ,2192,2192,532492475,8,16,2465766,8,31,4215946,45,1018,102110100,1963,1963,493402062,7,14,2137445,7,27,3811492,40,942,94532963
201711,47,153,3,6,Sequatchie County             ,6,6,665000,0,0,0,0,0,0,0,0,0,6,6,665000,0,0,0,0,0,0,0,0,0
201711,47,157,3,6,Shelby County                 ,967,967,254242316,23,46,4758449,10,40,3371000,9,346,36384951,967,967,254242316,23,46,4758449,10,40,3371000,9,346,36384951
201711,47,159,3,6,Smith County                  ,63,63,11434333,0,0,0,0,0,0,0,0,0,56,56,10078382,0,0,0,0,0,0,0,0,0
201711,47,161,3,6,Stewart County                ,4,4,846000,0,0,0,0,0,0,0,0,0,2,2,620000,0,0,0,0,0,0,0,0,0
201711,47,165,3,6,Sumner County                 ,1223,1223,280698580,1,2,188000,0,0,0,35,1072,57439348,1185,1185,273821113,1,2,188000,0,0,0,35,1072,57439348
201711,47,167,3,6,Tipton County                 ,151,151,25064114,0,0,0,0,0,0,0,0,0,88,88,16699042,0,0,0,0,0,0,0,0,0
201711,47,169,3,6,Trousdale County              ,66,66,9041000,0,0,0,5,19,676000,0,0,0,66,66,9041000,0,0,0,5,19,676000,0,0,0
201711,47,173,3,6,Union County                  ,90,90,11705000,0,0,0,0,0,0,0,0,0,90,90,11705000,0,0,0,0,0,0,0,0,0
201711,47,175,3,6,Van Buren County              ,2,2,376500,0,0,0,0,0,0,0,0,0,2,2,376500,0,0,0,0,0,0,0,0,0
201711,47,189,3,6,Wilson County                 ,1224,1224,317391711,14,28,3081484,0,0,0,43,630,32384852,1223,1223,317248603,14,28,3081484,0,0,0,43,630,32384852
201711,48,013,3,7,Atascosa County               ,34,34,6078521,0,0,0,0,0,0,0,0,0,21,21,3837440,0,0,0,0,0,0,0,0,0
201711,48,015,3,7,Austin County                 ,26,26,5088604,0,0,0,0,0,0,0,0,0,14,14,2759047,0,0,0,0,0,0,0,0,0
201711,48,019,3,7,Bandera County                ,1,1,210000,0,0,0,0,0,0,0,0,0,0,0,0,0,0,0,0,0,0,0,0,0
201711,48,021,3,7,Bastrop County                ,146,146,18548346,6,12,1574000,0,0,0,0,0,0,140,140,17717812,5,10,1400000,0,0,0,0,0,0
201711,48,025,3,7,Bee County                    ,8,8,793345,0,0,0,0,0,0,0,0,0,0,0,0,0,0,0,0,0,0,0,0,0
201711,48,027,3,7,Bell County                   ,1533,1533,276311126,117,234,19655321,0,0,0,12,208,12627589,1457,1457,262861861,115,230,19470934,0,0,0,10,188,10984798
201711,48,029,3,7,Bexar County                  ,3457,3457,778108773,21,42,4017736,23,90,8367709,161,1519,152199768,3002,3002,715614662,21,42,4017736,21,84,8367709,151,1462,140053114
201711,48,051,3,7,Burleson County               ,13,13,1490390,0,0,0,0,0,0,0,0,0,11,11,1082000,0,0,0,0,0,0,0,0,0
201711,48,055,3,7,Caldwell County               ,244,244,46965829,2,4,360000,0,0,0,0,0,0,43,43,5274166,2,4,360000,0,0,0,0,0,0
201711,48,085,3,7,Collin County                 ,8439,8439,2680818906,7,14,2174689,0,0,0,101,5497,693585775,7863,7863,2505342511,6,12,1930899,0,0,0,100,5492,692835872
201711,48,091,3,7,Comal County                  ,2222,2222,490833622,106,212,20498830,3,9,1953592,27,729,86428845,2203,2203,485199361,106,212,20498830,3,9,1953592,27,729,86428845
201711,48,099,3,7,Coryell County                ,142,142,19389869,8,16,1200715,0,0,0,0,0,0,104,104,13960008,8,16,1200715,0,0,0,0,0,0
201711,48,107,3,7,Crosby County                 ,10,10,670000,0,0,0,0,0,0,0,0,0,0,0,0,0,0,0,0,0,0,0,0,0
201711,48,113,3,7,Dallas County                 ,4694,4694,1401623309,75,150,34699804,26,94,20012679,261,13421,1765241663,4487,4487,1339292143,75,150,34699804,24,88,16380965,259,13357,1758684084
201711,48,119,3,7,Delta County                  ,5,5,1149452,0,0,0,0,0,0,0,0,0,5,5,1149452,0,0,0,0,0,0,0,0,0
201711,48,135,3,7,Ector County                  ,472,472,87208267,0,0,0,0,0,0,0,0,0,394,394,72294446,0,0,0,0,0,0,0,0,0
201711,48,139,3,7,Ellis County                  ,1831,1831,369416055,3,6,551968,2,7,654242,13,304,39837619,1783,1783,359607547,3,6,551968,2,7,654242,13,304,39837619
201711,48,141,3,7,El Paso County                ,2271,2271,494856319,22,44,4421398,10,36,5442601,38,477,72907493,1798,1798,383731860,15,30,3159269,8,28,4718111,26,364,56841962
201711,48,157,3,7,Fort Bend County              ,7068,7068,1447320957,24,48,4995711,3,9,836935,3,27,2112979,4850,4850,1220128657,24,48,4995711,3,9,836935,0,0,0
201711,48,167,3,7,Galveston County              ,2376,2376,521551399,1,2,240000,0,0,0,8,52,3615447,1170,1170,266865593,1,2,240000,0,0,0,1,16,1633546
201711,48,185,3,7,Grimes County                 ,47,47,5042268,0,0,0,0,0,0,0,0,0,47,47,5042268,0,0,0,0,0,0,0,0,0
201711,48,187,3,7,Guadalupe County              ,922,922,216302533,3,6,735581,0,0,0,6,232,18504666,922,922,216302533,3,6,735581,0,0,0,6,232,18504666
201711,48,193,3,7,Hamilton County               ,5,5,400000,0,0,0,0,0,0,0,0,0,0,0,0,0,0,0,0,0,0,0,0,0
201711,48,195,3,7,Hansford County               ,0,0,0,0,0,0,0,0,0,0,0,0,0,0,0,0,0,0,0,0,0,0,0,0
201711,48,201,3,7,Harris County                 ,15844,15844,2895598506,67,134,18770995,15,59,7684425,105,4917,658962985,15776,15776,2829912297,67,134,18770995,15,59,7684425,105,4917,658962985
201711,48,211,3,7,Hemphill County               ,0,0,0,0,0,0,0,0,0,0,0,0,0,0,0,0,0,0,0,0,0,0,0,0
201711,48,215,3,7,Hidalgo County                ,2770,2770,498720906,71,142,8197141,81,317,16411267,33,629,45540655,2384,2384,427969433,63,126,7246660,60,236,11632446,29,461,32393779
201711,48,233,3,7,Hutchinson County             ,2,2,408390,0,0,0,0,0,0,3,16,1409352,0,0,0,0,0,0,0,0,0,0,0,0
201711,48,251,3,7,Johnson County                ,581,581,126160815,3,6,625000,0,0,0,0,0,0,571,571,123769287,3,6,625000,0,0,0,0,0,0
201711,48,257,3,7,Kaufman County                ,760,760,166963826,3,6,420000,0,0,0,8,337,30000000,721,721,160504583,2,4,340000,0,0,0,8,337,30000000
201711,48,259,3,7,Kendall County                ,285,285,78099233,0,0,0,0,0,0,0,0,0,285,285,78099233,0,0,0,0,0,0,0,0,0
201711,48,271,3,7,Kinney County                 ,1,1,205977,0,0,0,0,0,0,0,0,0,1,1,205977,0,0,0,0,0,0,0,0,0
201711,48,281,3,7,Lampasas County               ,32,32,4680000,0,0,0,0,0,0,0,0,0,32,32,4680000,0,0,0,0,0,0,0,0,0
201711,48,291,3,7,Liberty County                ,466,466,47962820,1,2,132500,0,0,0,0,0,0,372,372,34368832,1,2,132500,0,0,0,0,0,0
201711,48,303,3,7,Lubbock County                ,1505,1505,324606298,15,30,3679093,3,10,1338750,38,449,62498408,1154,1154,244377792,0,0,0,0,0,0,22,194,33315000
201711,48,323,3,7,Maverick County               ,61,61,14189748,4,8,863683,0,0,0,0,0,0,61,61,14189748,4,8,863683,0,0,0,0,0,0
201711,48,325,3,7,Medina County                 ,29,29,5654645,0,0,0,0,0,0,0,0,0,28,28,5448087,0,0,0,0,0,0,0,0,0
201711,48,329,3,7,Midland County                ,724,724,152535616,0,0,0,0,0,0,0,0,0,724,724,152535616,0,0,0,0,0,0,0,0,0
201711,48,339,3,7,Montgomery County             ,4921,4921,1122107577,2,4,150000,0,0,0,0,0,0,4874,4874,1112654501,2,4,150000,0,0,0,0,0,0
201711,48,367,3,7,Parker County                 ,426,426,90823915,0,0,0,0,0,0,0,0,0,425,425,90780733,0,0,0,0,0,0,0,0,0
201711,48,375,3,7,Potter County                 ,438,438,113144067,3,6,879651,0,0,0,0,0,0,438,438,113144067,3,6,879651,0,0,0,0,0,0
201711,48,383,3,7,Reagan County                 ,0,0,0,0,0,0,0,0,0,0,0,0,0,0,0,0,0,0,0,0,0,0,0,0
201711,48,385,3,7,Real County                   ,0,0,0,0,0,0,0,0,0,0,0,0,0,0,0,0,0,0,0,0,0,0,0,0
201711,48,395,3,7,Robertson County              ,78,78,17492605,0,0,0,0,0,0,0,0,0,78,78,17492605,0,0,0,0,0,0,0,0,0
201711,48,397,3,7,Rockwall County               ,1390,1390,424215981,1,2,177000,0,0,0,0,0,0,1265,1265,381930112,1,2,177000,0,0,0,0,0,0
201711,48,407,3,7,San Jacinto County            ,312,312,62908345,0,0,0,0,0,0,0,0,0,162,162,32561207,0,0,0,0,0,0,0,0,0
201711,48,411,3,7,San Saba County               ,0,0,0,1,2,80000,0,0,0,0,0,0,0,0,0,1,2,80000,0,0,0,0,0,0
201711,48,451,3,7,Tom Green County              ,181,181,39666200,2,4,660000,0,0,0,0,0,0,181,181,39666200,2,4,660000,0,0,0,0,0,0
201711,48,453,3,7,Travis County                 ,7960,7960,1796542611,14,28,3820807,19,72,9896707,192,7713,470021310,7599,7599,1684538130,12,24,3536639,19,72,9896707,191,7708,469354643
201711,48,473,3,7,Waller County                 ,21,21,2494255,0,0,0,1,3,450000,13,69,1870903,18,18,1736795,0,0,0,0,0,0,0,0,0
201711,48,491,3,7,Williamson County             ,3862,3862,1037168196,6,12,1161511,9,31,2292678,49,1821,157617961,3738,3738,1012963668,6,12,1161511,9,31,2292678,49,1821,157617961
201711,48,493,3,7,Wilson County                 ,48,48,9680809,0,0,0,0,0,0,0,0,0,3,3,582678,0,0,0,0,0,0,0,0,0
201711,48,497,3,7,Wise County                   ,74,74,13800838,1,2,125000,0,0,0,0,0,0,65,65,11807399,1,2,125000,0,0,0,0,0,0
201711,49,011,4,8,Davis County                  ,1149,1149,301777049,4,8,1141671,21,74,10895216,18,284,22733789,1132,1132,295379420,4,8,1141671,20,71,10565216,17,279,21858789
201711,49,023,4,8,Juab County                   ,57,57,15934590,0,0,0,0,0,0,0,0,0,53,53,14840462,0,0,0,0,0,0,0,0,0
201711,49,029,4,8,Morgan County                 ,69,69,27110194,0,0,0,0,0,0,0,0,0,58,58,24023918,0,0,0,0,0,0,0,0,0
201711,49,035,4,8,Salt Lake County              ,3953,3953,948213636,25,50,8988621,45,155,21834336,100,2823,369185325,3210,3210,750942391,18,36,6179215,25,88,11231004,69,2032,266938620
201711,49,039,4,8,Sanpete County                ,51,51,7756735,0,0,0,0,0,0,0,0,0,51,51,7756735,0,0,0,0,0,0,0,0,0
201711,49,043,4,8,Summit County                 ,189,189,98311545,2,4,1184342,2,6,1683060,13,88,14365620,92,92,50719042,2,4,1184342,0,0,0,1,23,3259928
201711,49,057,4,8,Weber County                  ,921,921,216147409,7,14,1830269,51,196,29037211,26,349,33161699,812,812,187827122,7,14,1830269,40,158,23478599,22,329,29963287
201711,51,003,3,5,Albemarle County              ,558,558,172577038,0,0,0,0,0,0,11,198,22364872,214,214,61636166,0,0,0,0,0,0,3,89,11141369
201711,51,007,3,5,Amelia County                 ,49,49,8554216,0,0,0,0,0,0,0,0,0,49,49,8554216,0,0,0,0,0,0,0,0,0
201711,51,009,3,5,Amherst County                ,63,63,10410949,0,0,0,0,0,0,0,0,0,60,60,9855584,0,0,0,0,0,0,0,0,0
201711,51,013,3,5,Arlington County              ,167,167,66569694,0,0,0,0,0,0,11,2700,169800679,167,167,66569694,0,0,0,0,0,0,11,2700,169800679
201711,51,015,3,5,Augusta County                ,199,199,35131794,3,6,430000,5,20,1580000,0,0,0,199,199,35131794,3,6,430000,5,20,1580000,0,0,0
201711,51,019,3,5,Bedford County                ,146,146,37880092,1,2,400000,3,9,1890000,0,0,0,122,122,31679399,1,2,400000,3,9,1890000,0,0,0
201711,51,033,3,5,Caroline County               ,84,84,16443678,0,0,0,0,0,0,0,0,0,84,84,16443678,0,0,0,0,0,0,0,0,0
201711,51,036,3,5,Charles City County           ,22,22,3752334,0,0,0,0,0,0,0,0,0,15,15,2466600,0,0,0,0,0,0,0,0,0
201711,51,037,3,5,Charlotte County              ,10,10,2142500,0,0,0,0,0,0,0,0,0,10,10,2142500,0,0,0,0,0,0,0,0,0
201711,51,041,3,5,Chesterfield County           ,1324,1324,304949502,2,4,600000,44,161,19530986,24,646,37219416,1324,1324,304949502,2,4,600000,44,161,19530986,24,646,37219416
201711,51,043,3,5,Clarke County                 ,51,51,18714506,0,0,0,0,0,0,0,0,0,51,51,18714506,0,0,0,0,0,0,0,0,0
201711,51,049,3,5,Cumberland County             ,24,24,4395363,0,0,0,0,0,0,0,0,0,24,24,4395363,0,0,0,0,0,0,0,0,0
201711,51,051,3,5,Dickenson County              ,5,5,1024500,0,0,0,0,0,0,0,0,0,5,5,1024500,0,0,0,0,0,0,0,0,0
201711,51,053,3,5,Dinwiddie County              ,65,65,2778627,0,0,0,0,0,0,0,0,0,0,0,0,0,0,0,0,0,0,0,0,0
201711,51,059,3,5,Fairfax County                ,954,954,219612726,0,0,0,0,0,0,4,510,13360000,954,954,219612726,0,0,0,0,0,0,4,510,13360000
201711,51,061,3,5,Fauquier County               ,353,353,109075815,0,0,0,0,0,0,0,0,0,353,353,109075815,0,0,0,0,0,0,0,0,0
201711,51,069,3,5,Frederick County              ,519,519,113729095,2,4,400000,9,36,4967310,3,48,3500000,519,519,113729095,2,4,400000,9,36,4967310,3,48,3500000
201711,51,073,3,5,Gloucester County             ,156,156,28322487,0,0,0,6,18,1366362,0,0,0,143,143,25696608,0,0,0,6,18,1366362,0,0,0
201711,51,075,3,5,Goochland County              ,186,186,52361778,0,0,0,0,0,0,0,0,0,186,186,52361778,0,0,0,0,0,0,0,0,0
201711,51,085,3,5,Hanover County                ,565,565,133096451,0,0,0,0,0,0,0,0,0,565,565,133096451,0,0,0,0,0,0,0,0,0
201711,51,087,3,5,Henrico County                ,899,899,166738703,0,0,0,0,0,0,86,639,26907341,899,899,166738703,0,0,0,0,0,0,86,639,26907341
201711,51,093,3,5,Isle of Wight County          ,171,171,33186330,0,0,0,0,0,0,1,13,521500,29,29,4960034,0,0,0,0,0,0,0,0,0
201711,51,095,3,5,James City County             ,313,313,79761323,2,4,431000,21,76,9323639,11,75,9780810,313,313,79761323,2,4,431000,21,76,9323639,11,75,9780810
201711,51,097,3,5,King and Queen County         ,18,18,2671532,0,0,0,0,0,0,0,0,0,18,18,2671532,0,0,0,0,0,0,0,0,0
201711,51,099,3,5,King George County            ,85,85,19062655,0,0,0,0,0,0,0,0,0,85,85,19062655,0,0,0,0,0,0,0,0,0
201711,51,107,3,5,Loudoun County                ,2403,2403,522213071,4,8,800000,0,0,0,36,1034,83174093,2403,2403,522213071,4,8,800000,0,0,0,36,1034,83174093
201711,51,109,3,5,Louisa County                 ,265,265,55404339,0,0,0,0,0,0,0,0,0,244,244,51423086,0,0,0,0,0,0,0,0,0
201711,51,115,3,5,Mathews County                ,17,17,3593526,0,0,0,0,0,0,0,0,0,17,17,3593526,0,0,0,0,0,0,0,0,0
201711,51,127,3,5,New Kent County               ,265,265,51453845,0,0,0,0,0,0,0,0,0,265,265,51453845,0,0,0,0,0,0,0,0,0
201711,51,139,3,5,Page County                   ,61,61,8550868,0,0,0,0,0,0,0,0,0,61,61,8550868,0,0,0,0,0,0,0,0,0
201711,51,145,3,5,Powhatan County               ,202,202,39170346,0,0,0,0,0,0,0,0,0,202,202,39170346,0,0,0,0,0,0,0,0,0
201711,51,149,3,5,Prince George County          ,83,83,12589037,0,0,0,0,0,0,0,0,0,83,83,12589037,0,0,0,0,0,0,0,0,0
201711,51,153,3,5,Prince William County         ,1366,1366,250156531,0,0,0,0,0,0,10,155,15467540,1136,1136,208287280,0,0,0,0,0,0,4,40,4296315
201711,51,165,3,5,Rockingham County             ,350,350,70725270,0,0,0,0,0,0,0,0,0,350,350,70725270,0,0,0,0,0,0,0,0,0
201711,51,175,3,5,Southampton County            ,42,42,6178741,0,0,0,0,0,0,0,0,0,34,34,5000369,0,0,0,0,0,0,0,0,0
201711,51,177,3,5,Spotsylvania County           ,641,641,172461694,0,0,0,0,0,0,5,270,22689000,641,641,172461694,0,0,0,0,0,0,5,270,22689000
201711,51,179,3,5,Stafford County               ,1116,1116,237538002,0,0,0,0,0,0,0,0,0,1116,1116,237538002,0,0,0,0,0,0,0,0,0
201711,51,181,3,5,Surry County                  ,28,28,4745964,0,0,0,0,0,0,0,0,0,24,24,4148428,0,0,0,0,0,0,0,0,0
201711,51,183,3,5,Sussex County                 ,31,31,4070190,0,0,0,0,0,0,0,0,0,31,31,4070190,0,0,0,0,0,0,0,0,0
201711,51,187,3,5,Warren County                 ,162,162,36096559,0,0,0,0,0,0,0,0,0,162,162,36096559,0,0,0,0,0,0,0,0,0
201711,51,199,3,5,York County                   ,94,94,24467198,6,12,1845400,13,45,8243100,4,21,2060000,94,94,24467198,6,12,1845400,13,45,8243100,4,21,2060000
201711,51,510,3,5,Alexandria (Independent City) ,141,141,30921995,0,0,0,0,0,0,0,0,0,141,141,30921995,0,0,0,0,0,0,0,0,0
201711,51,540,3,5,Charlottesville (Independent C,82,82,18282572,3,6,572250,0,0,0,12,92,13601163,0,0,0,0,0,0,0,0,0,0,0,0
201711,51,550,3,5,Chesapeake(Independent City)  ,994,994,315723122,0,0,0,0,0,0,0,0,0,994,994,315723122,0,0,0,0,0,0,0,0,0
201711,51,570,3,5,Colonial Heights (Independent ,6,6,1050000,0,0,0,0,0,0,0,0,0,6,6,1050000,0,0,0,0,0,0,0,0,0
201711,51,580,3,5,Covington (Independent City)  ,2,2,275000,0,0,0,0,0,0,0,0,0,2,2,275000,0,0,0,0,0,0,0,0,0
201711,51,600,3,5,Fairfax (Independent City)    ,31,31,4950000,0,0,0,0,0,0,1,30,3600000,31,31,4950000,0,0,0,0,0,0,1,30,3600000
201711,51,610,3,5,Falls Church (Independent City,21,21,9839250,0,0,0,0,0,0,0,0,0,21,21,9839250,0,0,0,0,0,0,0,0,0
201711,51,630,3,5,Fredericksburg(Independent Cit,61,61,11427410,0,0,0,0,0,0,0,0,0,61,61,11427410,0,0,0,0,0,0,0,0,0
201711,51,650,3,5,Hampton (Independent City)    ,159,159,9940490,0,0,0,0,0,0,0,0,0,0,0,0,0,0,0,0,0,0,0,0,0
201711,51,660,3,5,Harrisonburg (Independent City,54,54,9445994,0,0,0,0,0,0,1,6,1114284,33,33,5700889,0,0,0,0,0,0,1,6,1114284
201711,51,670,3,5,Hopewell (Independent City)   ,43,43,3815415,0,0,0,0,0,0,0,0,0,29,29,2546500,0,0,0,0,0,0,0,0,0
201711,51,680,3,5,Lynchburg (Independent City)  ,96,96,15798897,0,0,0,0,0,0,2,48,3176000,96,96,15798897,0,0,0,0,0,0,2,48,3176000
201711,51,683,3,5,Manassas (Independent City)   ,21,21,4612426,0,0,0,0,0,0,4,199,12318340,21,21,4612426,0,0,0,0,0,0,4,199,12318340
201711,51,685,3,5,Manassas Park (Independent Cit,0,0,0,0,0,0,0,0,0,0,0,0,0,0,0,0,0,0,0,0,0,0,0,0
201711,51,700,3,5,Newport News (Independent City,95,95,17290045,1,2,300000,0,0,0,10,339,26592619,85,85,16401896,1,2,300000,0,0,0,9,316,25710660
201711,51,710,3,5,Norfolk (Independent City)    ,403,403,56813591,5,10,372000,0,0,0,9,174,14673779,403,403,56813591,5,10,372000,0,0,0,9,174,14673779
201711,51,730,3,5,Petersburg (Independent City) ,3,3,193750,0,0,0,0,0,0,0,0,0,3,3,193750,0,0,0,0,0,0,0,0,0
201711,51,735,3,5,Poquoson (Independent City)   ,29,29,8170360,0,0,0,3,11,1822800,1,6,655588,29,29,8170360,0,0,0,3,11,1822800,1,6,655588
201711,51,740,3,5,Portsmouth (Independent City) ,148,148,18485200,0,0,0,0,0,0,0,0,0,148,148,18485200,0,0,0,0,0,0,0,0,0
201711,51,760,3,5,Richmond (Independent City)   ,315,315,65505089,1,2,230406,1,4,550000,14,963,54849163,315,315,65505089,1,2,230406,1,4,550000,14,963,54849163
201711,51,800,3,5,Suffolk (Independent City)    ,465,465,99707442,0,0,0,0,0,0,3,78,1737501,347,347,79876305,0,0,0,0,0,0,0,0,0
201711,51,810,3,5,Virginia Beach (Independent Ci,596,596,130105062,0,0,0,0,0,0,32,877,59992471,596,596,130105062,0,0,0,0,0,0,32,877,59992471
201711,51,830,3,5,Williamsburg (Independent City,37,37,6784944,0,0,0,0,0,0,0,0,0,37,37,6784944,0,0,0,0,0,0,0,0,0
201711,53,005,4,9,Benton County                 ,837,837,253992234,8,16,2542544,2,6,813348,13,338,32961849,540,540,158052173,4,8,1480540,0,0,0,5,166,16763815
201711,53,011,4,9,Clark County                  ,2180,2180,609732787,17,34,3805140,4,16,2073960,82,1613,120305016,1640,1640,455756047,17,34,3805140,4,16,2073960,67,1466,104847709
201711,53,021,4,9,Franklin County               ,492,492,125769124,15,30,5066919,0,0,0,0,0,0,13,13,3623764,0,0,0,0,0,0,0,0,0
201711,53,031,4,9,Jefferson County              ,162,162,35112358,0,0,0,0,0,0,0,0,0,162,162,35112358,0,0,0,0,0,0,0,0,0
201711,53,033,4,9,King County                   ,3943,3943,1529912566,180,360,71843303,118,410,79151605,245,12526,1929468549,3638,3638,1391786067,178,356,70584303,117,407,77951605,231,12098,1878340025
201711,53,035,4,9,Kitsap County                 ,878,878,255434327,2,4,679261,1,3,552064,6,135,11963919,878,878,255434327,2,4,679261,1,3,552064,6,135,11963919
201711,53,053,4,9,Pierce County                 ,2783,2783,829121506,23,46,7186399,6,23,4022844,71,1834,239328260,2751,2751,818869859,22,44,6882605,6,23,4022844,71,1834,239328260
201711,53,055,4,9,San Juan County               ,105,105,22285124,0,0,0,1,3,500000,0,0,0,97,97,20413588,0,0,0,1,3,500000,0,0,0
201711,53,059,4,9,Skamania County               ,52,52,12507471,0,0,0,0,0,0,0,0,0,48,48,11660049,0,0,0,0,0,0,0,0,0
201711,53,061,4,9,Snohomish County              ,2485,2485,740160877,30,60,14275866,31,115,22453561,54,685,87170392,2437,2437,725150931,30,60,14275866,31,115,22453561,54,685,87170392
201711,54,011,3,5,Cabell County                 ,58,58,9475873,3,6,887000,2,8,585000,1,8,722000,58,58,9475873,2,4,687000,2,8,585000,1,8,722000
201711,54,015,3,5,Clay County                   ,0,0,0,0,0,0,0,0,0,0,0,0,0,0,0,0,0,0,0,0,0,0,0,0
201711,54,019,3,5,Fayette County                ,25,25,2838483,0,0,0,0,0,0,0,0,0,12,12,1409000,0,0,0,0,0,0,0,0,0
201711,54,037,3,5,Jefferson County              ,234,234,60628384,0,0,0,0,0,0,0,0,0,223,223,57497053,0,0,0,0,0,0,0,0,0
201711,54,081,3,5,Raleigh County                ,55,55,11120052,0,0,0,0,0,0,0,0,0,54,54,10976890,0,0,0,0,0,0,0,0,0
201711,55,025,2,3,Dane County                   ,1304,1304,414466053,32,64,9906596,11,37,5047741,69,2592,336495960,1180,1180,375247180,22,44,7160073,2,8,1266441,54,2184,292858236
201711,55,031,2,3,Douglas County                ,78,78,15555635,2,4,700000,0,0,0,0,0,0,78,78,15555635,2,4,700000,0,0,0,0,0,0
201711,55,037,2,3,Florence County               ,23,23,3384416,0,0,0,0,0,0,0,0,0,23,23,3384416,0,0,0,0,0,0,0,0,0
201711,55,049,2,3,Iowa County                   ,69,69,17758348,0,0,0,0,0,0,0,0,0,69,69,17758348,0,0,0,0,0,0,0,0,0
201711,55,059,2,3,Kenosha County                ,175,175,51605443,3,6,895724,0,0,0,0,0,0,166,166,49536363,3,6,895724,0,0,0,0,0,0
201711,55,079,2,3,Milwaukee County              ,91,91,28395101,11,22,4350000,0,0,0,27,1446,115986315,84,84,26788419,11,22,4350000,0,0,0,26,1365,105335397
201711,55,089,2,3,Ozaukee County                ,193,193,70390285,2,4,406360,0,0,0,8,52,3928888,113,113,34221817,2,4,406360,0,0,0,0,0,0
201711,55,093,2,3,Pierce County                 ,131,131,29630849,2,4,480000,0,0,0,0,0,0,129,129,29212383,2,4,480000,0,0,0,0,0,0
201711,55,109,2,3,St. Croix County              ,430,430,116404756,25,50,6008642,1,3,330000,1,5,875000,400,400,110856454,22,44,5235500,1,3,330000,1,5,875000
201711,55,131,2,3,Washington County             ,340,340,109542520,24,48,6395000,0,0,0,8,96,8230000,270,270,83140270,24,48,6395000,0,0,0,8,96,8230000
201711,56,029,4,8,Park County                   ,120,120,28667124,3,6,603000,0,0,0,0,0,0,120,120,28667124,3,6,603000,0,0,0,0,0,0
201711,56,039,4,8,Teton County                  ,134,134,173631394,13,26,5516596,3,11,427163,2,10,1890398,114,114,163329534,8,16,2400000,0,0,0,1,5,850000
