Survey,FIPS,FIPS,Region,Division,County,,1-unit,,,2-units,,,3-4 units,,,5+ units,,,1-unit rep,,,2-units rep,,,3-4 units rep,,, 5+units rep
Date,State,County,Code,Code,Name,Bldgs,Units,Value,Bldgs,Units,Value,Bldgs,Units,Value,Bldgs,Units,Value,Bldgs,Units,Value,Bldgs,Units,Value,Bldgs,Units,Value,Bldgs,Units,Value
 
201809,01,001,3,6,Autauga County                ,156,156,47365716,0,0,0,0,0,0,0,0,0,156,156,47365716,0,0,0,0,0,0,0,0,0
201809,01,007,3,6,Bibb County                   ,7,7,1746833,0,0,0,0,0,0,0,0,0,0,0,0,0,0,0,0,0,0,0,0,0
201809,01,009,3,6,Blount County                 ,10,10,1885065,0,0,0,1,4,223080,0,0,0,6,6,905871,0,0,0,1,4,223080,0,0,0
201809,01,021,3,6,Chilton County                ,32,32,3626676,0,0,0,0,0,0,5,56,5676300,32,32,3626676,0,0,0,0,0,0,5,56,5676300
201809,01,073,3,6,Jefferson County              ,1144,1144,337044359,1,2,107950,0,0,0,17,222,20418529,918,918,281163115,0,0,0,0,0,0,17,222,20418529
201809,01,081,3,6,Lee County                    ,788,788,219226349,0,0,0,4,13,1759832,8,47,5392500,771,771,215181177,0,0,0,4,13,1759832,8,47,5392500
201809,01,083,3,6,Limestone County              ,132,132,26095644,0,0,0,0,0,0,0,0,0,132,132,26095644,0,0,0,0,0,0,0,0,0
201809,01,089,3,6,Madison County                ,2115,2115,325346620,0,0,0,9,36,14207782,6,35,2510594,2111,2111,324455668,0,0,0,9,36,14207782,6,35,2510594
201809,01,113,3,6,Russell County                ,139,139,20140388,0,0,0,0,0,0,7,82,12571056,139,139,20140388,0,0,0,0,0,0,7,82,12571056
201809,01,115,3,6,St. Clair County              ,150,150,29591127,0,0,0,0,0,0,0,0,0,143,143,28045079,0,0,0,0,0,0,0,0,0
201809,01,117,3,6,Shelby County                 ,777,777,181017480,0,0,0,0,0,0,3,17,2608650,355,355,74926249,0,0,0,0,0,0,0,0,0
201809,01,127,3,6,Walker County                 ,5,5,1038890,0,0,0,0,0,0,0,0,0,0,0,0,0,0,0,0,0,0,0,0,0
201809,02,013,4,9,Aleutians East Borough        ,0,0,0,1,2,200000,0,0,0,0,0,0,0,0,0,1,2,200000,0,0,0,0,0,0
201809,02,016,4,9,Aleutians West Census Area    ,5,5,490590,0,0,0,0,0,0,0,0,0,0,0,0,0,0,0,0,0,0,0,0,0
201809,02,020,4,9,Anchorage Municipality        ,680,680,213027149,0,0,0,10,36,6252735,13,121,19129563,0,0,0,0,0,0,0,0,0,0,0,0
201809,02,050,4,9,Bethel Census Area            ,1,1,269793,0,0,0,0,0,0,0,0,0,1,1,269793,0,0,0,0,0,0,0,0,0
201809,02,060,4,9,Bristol Bay Borough           ,2,2,310000,0,0,0,0,0,0,0,0,0,2,2,310000,0,0,0,0,0,0,0,0,0
201809,02,070,4,9,Dillingham Census Area        ,1,1,291052,1,2,301442,0,0,0,0,0,0,0,0,0,0,0,0,0,0,0,0,0,0
201809,02,090,4,9,Fairbanks North Star Borough  ,13,13,3483405,0,0,0,0,0,0,0,0,0,13,13,3483405,0,0,0,0,0,0,0,0,0
201809,02,100,4,9,Haines Borough                ,10,10,2784685,0,0,0,0,0,0,0,0,0,0,0,0,0,0,0,0,0,0,0,0,0
201809,02,105,4,9,Hoonah-Angoon Census Area     ,1,1,285178,0,0,0,0,0,0,0,0,0,1,1,285178,0,0,0,0,0,0,0,0,0
201809,02,110,4,9,Juneau City and Borough       ,43,43,8683427,1,2,216321,1,3,577672,2,12,2243015,43,43,8683427,1,2,216321,1,3,577672,2,12,2243015
201809,02,122,4,9,Kenai Peninsula Borough       ,80,80,17509390,2,4,750000,1,3,322000,2,18,2000000,48,48,10529000,2,4,750000,1,3,322000,2,18,2000000
201809,02,130,4,9,Ketchikan Gateway Borough     ,28,28,7757190,5,10,1680495,0,0,0,0,0,0,28,28,7757190,5,10,1680495,0,0,0,0,0,0
201809,02,150,4,9,Kodiak Island Borough         ,9,9,2348458,2,4,765463,1,4,499861,4,30,6421649,9,9,2348458,2,4,765463,1,4,499861,4,30,6421649
201809,02,158,4,9,Kusilvak Census Area          ,0,0,0,0,0,0,0,0,0,0,0,0,0,0,0,0,0,0,0,0,0,0,0,0
201809,02,170,4,9,Matanuska-Susitna Borough     ,59,59,15221125,8,16,2625177,0,0,0,1,42,6000000,55,55,14249599,7,14,2326701,0,0,0,1,42,6000000
201809,02,180,4,9,Nome Census Area              ,1,1,30000,0,0,0,0,0,0,0,0,0,1,1,30000,0,0,0,0,0,0,0,0,0
201809,02,185,4,9,North Slope Borough           ,2,2,548068,1,2,354010,0,0,0,0,0,0,1,1,274034,1,2,354010,0,0,0,0,0,0
201809,02,188,4,9,Northwest Arctic Borough      ,12,12,6000712,0,0,0,0,0,0,0,0,0,10,10,5080712,0,0,0,0,0,0,0,0,0
201809,02,195,4,9,Petersburg Borough            ,7,7,1383236,1,2,300000,0,0,0,0,0,0,6,6,1227600,1,2,300000,0,0,0,0,0,0
201809,02,198,4,9,Prince of Wales-Hyder Census A,0,0,0,1,2,344763,0,0,0,0,0,0,0,0,0,1,2,344763,0,0,0,0,0,0
201809,02,220,4,9,Sitka City and Borough        ,11,11,2455633,3,6,2172810,0,0,0,0,0,0,0,0,0,0,0,0,0,0,0,0,0,0
201809,02,230,4,9,Skagway Municipality          ,5,5,1142670,1,2,258333,1,3,50000,0,0,0,2,2,575000,0,0,0,1,3,50000,0,0,0
201809,02,261,4,9,Valdez-Cordova Census Area    ,15,15,5380992,1,2,45000,0,0,0,0,0,0,9,9,2460000,1,2,45000,0,0,0,0,0,0
201809,02,275,4,9,Wrangell City and Borough     ,4,4,505000,1,2,325000,0,0,0,0,0,0,4,4,505000,1,2,325000,0,0,0,0,0,0
201809,02,282,4,9,Yakutat City and Borough      ,14,14,2185000,0,0,0,0,0,0,0,0,0,13,13,2170000,0,0,0,0,0,0,0,0,0
201809,02,290,4,9,Yukon-Koyukuk Census Area     ,0,0,0,0,0,0,0,0,0,0,0,0,0,0,0,0,0,0,0,0,0,0,0,0
201809,04,013,4,8,Maricopa County               ,14375,14375,3958219630,128,256,31206726,51,174,33305380,195,6830,954273146,13751,13751,3774208250,127,254,30966012,51,174,33305380,181,6644,926970894
201809,04,019,4,8,Pima County                   ,2674,2674,733363066,16,32,4078150,5,20,2482744,54,565,79268142,1833,1833,512376301,2,4,551368,5,20,2482744,0,0,0
201809,04,021,4,8,Pinal County                  ,3369,3369,659618290,70,140,8752921,0,0,0,0,0,0,3295,3295,643574985,70,140,8752921,0,0,0,0,0,0
201809,05,013,3,7,Calhoun County                ,0,0,0,0,0,0,0,0,0,0,0,0,0,0,0,0,0,0,0,0,0,0,0,0
201809,05,035,3,7,Crittenden County             ,35,35,8062441,0,0,0,0,0,0,0,0,0,33,33,7607521,0,0,0,0,0,0,0,0,0
201809,05,043,3,7,Drew County                   ,0,0,0,0,0,0,0,0,0,0,0,0,0,0,0,0,0,0,0,0,0,0,0,0
201809,05,045,3,7,Faulkner County               ,226,226,49070578,8,16,1214872,0,0,0,9,68,1962630,56,56,9631825,0,0,0,0,0,0,0,0,0
201809,05,053,3,7,Grant County                  ,13,13,1961556,1,2,100000,0,0,0,0,0,0,0,0,0,0,0,0,0,0,0,0,0,0
201809,05,085,3,7,Lonoke County                 ,319,319,41165238,0,0,0,0,0,0,0,0,0,196,196,30165997,0,0,0,0,0,0,0,0,0
201809,05,087,3,7,Madison County                ,4,4,635000,0,0,0,0,0,0,0,0,0,4,4,635000,0,0,0,0,0,0,0,0,0
201809,05,091,3,7,Miller County                 ,23,23,4871253,0,0,0,0,0,0,0,0,0,3,3,620000,0,0,0,0,0,0,0,0,0
201809,05,105,3,7,Perry County                  ,2,2,73000,0,0,0,0,0,0,0,0,0,2,2,73000,0,0,0,0,0,0,0,0,0
201809,05,119,3,7,Pulaski County                ,578,578,139899172,6,12,1807000,1,3,450000,6,196,22738426,578,578,139899172,6,12,1807000,1,3,450000,6,196,22738426
201809,05,129,3,7,Searcy County                 ,0,0,0,0,0,0,0,0,0,0,0,0,0,0,0,0,0,0,0,0,0,0,0,0
201809,05,143,3,7,Washington County             ,1221,1221,289118738,9,18,1871716,5,16,1907799,0,0,0,1114,1114,274517386,2,4,798000,2,7,1365000,0,0,0
201809,06,001,4,9,Alameda County                ,1497,1497,518475528,26,52,13671014,52,176,50949565,90,5336,1174549546,1228,1228,432306307,24,48,12487944,47,161,46666010,69,5176,1136258680
201809,06,013,4,9,Contra Costa County           ,1355,1355,492110305,4,8,1303212,4,12,2693069,15,1190,173364880,1339,1339,488037021,4,8,1303212,4,12,2693069,11,1168,168794038
201809,06,017,4,9,El Dorado County              ,423,423,137692888,0,0,0,0,0,0,0,0,0,423,423,137692888,0,0,0,0,0,0,0,0,0
201809,06,019,4,9,Fresno County                 ,1802,1802,503263346,18,36,7525502,8,29,2842484,47,498,43890897,1418,1418,397903018,0,0,0,6,23,2593840,13,259,20231920
201809,06,037,4,9,Los Angeles County            ,4553,4553,1784109952,434,868,161994609,47,150,35676084,315,11522,2497526926,4210,4210,1594872640,429,858,159674070,37,119,31386333,292,11389,2475451725
201809,06,041,4,9,Marin County                  ,82,82,65046772,4,8,6125000,0,0,0,1,48,6600000,61,61,47735344,4,8,6125000,0,0,0,1,48,6600000
201809,06,059,4,9,Orange County                 ,3426,3426,1069791519,127,254,65119991,84,281,60178025,84,2227,383381761,3023,3023,895959286,108,216,53452569,84,281,60178025,67,1830,310781861
201809,06,061,4,9,Placer County                 ,1503,1503,511831339,3,6,883380,0,0,0,0,0,0,1503,1503,511831339,3,6,883380,0,0,0,0,0,0
201809,06,063,4,9,Plumas County                 ,29,29,6110890,0,0,0,0,0,0,0,0,0,29,29,6110890,0,0,0,0,0,0,0,0,0
201809,06,067,4,9,Sacramento County             ,2805,2805,727474715,11,22,3955832,1,3,350000,32,774,90674994,2796,2796,725323517,11,22,3955832,1,3,350000,32,774,90674994
201809,06,069,4,9,San Benito County             ,446,446,146757234,1,2,631259,0,0,0,0,0,0,307,307,112111269,1,2,631259,0,0,0,0,0,0
201809,06,071,4,9,San Bernardino County         ,3243,3243,762348919,49,98,9645121,25,96,12589351,118,1257,188447995,3092,3092,726780948,49,98,9645121,25,96,12589351,112,1223,186572134
201809,06,073,4,9,San Diego County              ,2872,2872,951057117,58,116,22169914,131,445,82884434,232,4959,838532927,2813,2813,916562134,58,116,22169914,128,436,82527860,221,4855,811416961
201809,06,075,4,9,San Francisco County          ,17,17,4624651,3,6,2086494,4,13,2355938,27,2001,510533511,17,17,4624651,3,6,2086494,4,13,2355938,27,2001,510533511
201809,06,081,4,9,San Mateo County              ,243,243,234097244,5,10,2659042,0,0,0,20,731,143447507,173,173,184299014,3,6,1312142,0,0,0,7,514,112544958
201809,06,085,4,9,Santa Clara County            ,1565,1565,587819149,9,18,4767644,5,17,4200028,69,3738,640983391,1515,1515,561349452,9,18,4767644,5,17,4200028,65,3635,626609566
201809,06,091,4,9,Sierra County                 ,5,5,1771988,0,0,0,0,0,0,0,0,0,5,5,1771988,0,0,0,0,0,0,0,0,0
201809,06,113,4,9,Yolo County                   ,283,283,88847326,0,0,0,0,0,0,6,268,36834252,283,283,88847326,0,0,0,0,0,0,6,268,36834252
201809,08,001,4,8,Adams County                  ,1897,1897,534016525,8,16,3269463,1,4,678781,10,190,21286687,1884,1884,530455972,8,16,3269463,1,4,678781,10,190,21286687
201809,08,005,4,8,Arapahoe County               ,1712,1712,485850424,6,12,1858752,15,46,8614004,22,795,102749511,1687,1687,481425778,6,12,1858752,15,46,8614004,22,795,102749511
201809,08,014,4,8,Broomfield County             ,445,445,124891905,0,0,0,0,0,0,4,198,27699012,445,445,124891905,0,0,0,0,0,0,4,198,27699012
201809,08,015,4,8,Chaffee County                ,115,115,30466917,2,4,647924,4,12,2198800,0,0,0,0,0,0,0,0,0,0,0,0,0,0,0
201809,08,019,4,8,Clear Creek County            ,12,12,4013411,0,0,0,0,0,0,2,10,1454170,3,3,978948,0,0,0,0,0,0,0,0,0
201809,08,031,4,8,Denver County                 ,1952,1952,528408404,1,2,150000,1,4,766600,69,3473,422003535,1952,1952,528408404,1,2,150000,1,4,766600,69,3473,422003535
201809,08,035,4,8,Douglas County                ,2109,2109,640954255,7,14,3052686,9,28,3269564,44,976,149447212,2051,2051,619926317,7,14,3052686,7,22,2231760,44,976,149447212
201809,08,039,4,8,Elbert County                 ,144,144,44454967,0,0,0,0,0,0,0,0,0,142,142,44134107,0,0,0,0,0,0,0,0,0
201809,08,041,4,8,El Paso County                ,3261,3261,1249888581,4,8,2068357,6,24,3162645,58,1442,208638184,3261,3261,1249888581,4,8,2068357,6,24,3162645,58,1442,208638184
201809,08,047,4,8,Gilpin County                 ,32,32,8675784,0,0,0,0,0,0,0,0,0,32,32,8675784,0,0,0,0,0,0,0,0,0
201809,08,059,4,8,Jefferson County              ,750,750,215200188,25,50,5471556,17,57,5751499,26,853,102046695,747,747,214471233,25,50,5471556,17,57,5751499,26,853,102046695
201809,08,069,4,8,Larimer County                ,1314,1314,339488154,23,46,7691103,2,6,1824389,33,635,84529294,1314,1314,339488154,23,46,7691103,2,6,1824389,33,635,84529294
201809,08,077,4,8,Mesa County                   ,642,642,100252000,4,8,937583,0,0,0,0,0,0,642,642,100252000,4,8,937583,0,0,0,0,0,0
201809,08,093,4,8,Park County                   ,150,150,39203132,0,0,0,0,0,0,0,0,0,150,150,39203132,0,0,0,0,0,0,0,0,0
201809,08,101,4,8,Pueblo County                 ,374,374,56970614,0,0,0,0,0,0,0,0,0,374,374,56970614,0,0,0,0,0,0,0,0,0
201809,08,119,4,8,Teller County                 ,116,116,34721518,0,0,0,0,0,0,0,0,0,115,115,34671518,0,0,0,0,0,0,0,0,0
201809,09,001,1,1,Fairfield County              ,551,551,341632391,10,20,5217540,8,24,3817923,12,127,18924263,492,492,289406965,10,20,5217540,8,24,3817923,9,112,16855850
201809,09,003,1,1,Hartford County               ,377,377,73451817,2,4,322000,2,8,512000,30,475,38408011,343,343,66488977,2,4,322000,2,8,512000,17,395,35239071
201809,09,007,1,1,Middlesex County              ,126,126,32277750,2,4,786045,0,0,0,0,0,0,115,115,29851963,2,4,786045,0,0,0,0,0,0
201809,09,013,1,1,Tolland County                ,105,105,24788870,2,4,346400,0,0,0,16,108,10565511,55,55,13566040,0,0,0,0,0,0,1,12,950000
201809,10,001,3,5,Kent County                   ,991,991,150805038,5,10,1407752,0,0,0,11,104,10637753,977,977,147816596,5,10,1407752,0,0,0,10,99,10150267
201809,10,003,3,5,New Castle County             ,982,982,90122462,0,0,0,0,0,0,14,133,3535228,835,835,75124476,0,0,0,0,0,0,1,28,311049
201809,10,005,3,5,Sussex County                 ,2088,2088,302875230,43,86,11592869,21,81,6710546,12,71,8077752,2088,2088,302875230,43,86,11592869,21,81,6710546,12,71,8077752
201809,11,001,3,5,Washington  DC                ,90,90,21101148,13,26,3132939,2,6,780064,35,2171,236336968,90,90,21101148,13,26,3132939,2,6,780064,35,2171,236336968
201809,12,003,3,5,Baker County                  ,98,98,17602913,1,2,130000,0,0,0,0,0,0,98,98,17602913,1,2,130000,0,0,0,0,0,0
201809,12,019,3,5,Clay County                   ,745,745,147225089,0,0,0,0,0,0,0,0,0,745,745,147225089,0,0,0,0,0,0,0,0,0
201809,12,029,3,5,Dixie County                  ,26,26,3284408,0,0,0,0,0,0,0,0,0,0,0,0,0,0,0,0,0,0,0,0,0
201809,12,031,3,5,Duval County                  ,3016,3016,725173330,8,16,1840495,2,7,854423,48,1376,149364134,2952,2952,702145687,8,16,1840495,2,7,854423,48,1376,149364134
201809,12,033,3,5,Escambia County               ,915,915,214115454,0,0,0,0,0,0,6,36,360000,915,915,214115454,0,0,0,0,0,0,6,36,360000
201809,12,053,3,5,Hernando County               ,797,797,150392413,3,6,500000,0,0,0,5,186,22903515,797,797,150392413,3,6,500000,0,0,0,5,186,22903515
201809,12,057,3,5,Hillsborough County           ,6661,6661,2264191295,9,18,2777143,4,15,4457840,47,730,113842978,6638,6638,2261159514,9,18,2777143,4,15,4457840,47,730,113842978
201809,12,067,3,5,Lafayette County              ,11,11,1227513,0,0,0,0,0,0,0,0,0,10,10,1056084,0,0,0,0,0,0,0,0,0
201809,12,071,3,5,Lee County                    ,4370,4370,986787715,229,458,56072682,29,116,26127695,88,2248,349236694,4370,4370,986787715,229,458,56072682,29,116,26127695,88,2248,349236694
201809,12,073,3,5,Leon County                   ,539,539,105303920,5,10,1108000,0,0,0,29,768,94256364,213,213,47199467,0,0,0,0,0,0,0,0,0
201809,12,081,3,5,Manatee County                ,2440,2440,534549644,6,12,1013668,14,52,7820658,30,721,67445074,892,892,195490102,5,10,938668,1,4,400000,14,433,43196838
201809,12,086,3,5,Miami-Dade County             ,1932,1932,699863932,72,144,23793240,78,290,20784506,115,7252,1146481504,1734,1734,635769020,72,144,23793240,77,287,20784506,99,6739,1055233666
201809,12,089,3,5,Nassau County                 ,833,833,231365640,0,0,0,0,0,0,12,232,28526798,643,643,176371316,0,0,0,0,0,0,10,222,26160686
201809,12,091,3,5,Okaloosa County               ,637,637,212176298,2,4,612000,4,16,1699540,0,0,0,595,595,204485927,2,4,612000,4,16,1699540,0,0,0
201809,12,095,3,5,Orange County                 ,5710,5710,1513999797,63,126,17115887,3,11,1383455,108,3808,419596777,5705,5705,1511225677,63,126,17115887,3,11,1383455,107,3803,418902810
201809,12,097,3,5,Osceola County                ,3529,3529,692022062,8,16,1875585,7,28,2553609,108,3900,268501326,3529,3529,692022062,8,16,1875585,7,28,2553609,108,3900,268501326
201809,12,101,3,5,Pasco County                  ,2798,2798,582865098,5,10,1095000,13,40,1670806,9,52,2397875,2784,2784,581241533,2,4,255000,13,40,1670806,6,37,1104125
201809,12,103,3,5,Pinellas County               ,690,690,203165694,9,18,3131696,3,10,2299305,25,1220,112525432,674,674,196187156,9,18,3131696,3,10,2299305,21,1200,103405432
201809,12,109,3,5,St. Johns County              ,3603,3603,967713305,0,0,0,13,52,10126899,33,1153,87832444,3603,3603,967713305,0,0,0,13,52,10126899,33,1153,87832444
201809,12,113,3,5,Santa Rosa County             ,1167,1167,202550524,0,0,0,0,0,0,0,0,0,1167,1167,202550524,0,0,0,0,0,0,0,0,0
201809,12,115,3,5,Sarasota County               ,2395,2395,586547457,11,22,4287287,12,40,9259574,77,1932,255503320,1763,1763,427641763,11,22,4287287,6,22,4948699,76,1905,246288760
201809,12,117,3,5,Seminole County               ,1062,1062,337999787,1,2,487307,3,12,1951500,11,528,50085620,1058,1058,336196755,1,2,487307,3,12,1951500,6,404,39578981
201809,12,119,3,5,Sumter County                 ,1489,1489,394201188,0,0,0,0,0,0,0,0,0,1489,1489,394201188,0,0,0,0,0,0,0,0,0
201809,12,129,3,5,Wakulla County                ,175,175,30021386,0,0,0,0,0,0,0,0,0,175,175,30021386,0,0,0,0,0,0,0,0,0
201809,12,131,3,5,Walton County                 ,1003,1003,424856508,0,0,0,45,140,24557567,6,38,5912844,1003,1003,424856508,0,0,0,45,140,24557567,6,38,5912844
201809,12,133,3,5,Washington County             ,34,34,4251393,0,0,0,0,0,0,0,0,0,27,27,3256852,0,0,0,0,0,0,0,0,0
201809,13,007,3,5,Baker County                  ,0,0,0,0,0,0,0,0,0,0,0,0,0,0,0,0,0,0,0,0,0,0,0,0
201809,13,013,3,5,Barrow County                 ,590,590,73467250,0,0,0,0,0,0,6,72,5148686,413,413,51740643,0,0,0,0,0,0,0,0,0
201809,13,015,3,5,Bartow County                 ,489,489,85136065,0,0,0,0,0,0,16,264,27381627,453,453,82349273,0,0,0,0,0,0,16,264,27381627
201809,13,021,3,5,Bibb County                   ,83,83,13434330,0,0,0,0,0,0,0,0,0,0,0,0,0,0,0,0,0,0,0,0,0
201809,13,029,3,5,Bryan County                  ,357,357,77790178,0,0,0,0,0,0,7,84,9048405,357,357,77790178,0,0,0,0,0,0,7,84,9048405
201809,13,033,3,5,Burke County                  ,41,41,7306560,0,0,0,0,0,0,0,0,0,41,41,7306560,0,0,0,0,0,0,0,0,0
201809,13,035,3,5,Butts County                  ,50,50,11318680,0,0,0,0,0,0,0,0,0,50,50,11318680,0,0,0,0,0,0,0,0,0
201809,13,045,3,5,Carroll County                ,431,431,110011274,0,0,0,0,0,0,2,102,8196000,431,431,110011274,0,0,0,0,0,0,2,102,8196000
201809,13,051,3,5,Chatham County                ,808,808,164050119,0,0,0,0,0,0,27,660,92297249,764,764,153958281,0,0,0,0,0,0,27,660,92297249
201809,13,057,3,5,Cherokee County               ,1819,1819,466669168,3,6,936120,0,0,0,41,938,91290829,1819,1819,466669168,3,6,936120,0,0,0,41,938,91290829
201809,13,059,3,5,Clarke County                 ,264,264,47357942,0,0,0,0,0,0,5,141,8299650,250,250,44908321,0,0,0,0,0,0,4,124,6647543
201809,13,063,3,5,Clayton County                ,426,426,98521974,0,0,0,0,0,0,0,0,0,426,426,98521974,0,0,0,0,0,0,0,0,0
201809,13,067,3,5,Cobb County                   ,1279,1279,339289668,12,24,4321362,21,75,16166724,38,319,51495121,1235,1235,331026741,12,24,4321362,21,75,16166724,38,319,51495121
201809,13,073,3,5,Columbia County               ,976,976,182150893,0,0,0,3,12,660000,6,48,2296000,789,789,147235107,0,0,0,3,12,660000,6,48,2296000
201809,13,077,3,5,Coweta County                 ,617,617,204387036,2,4,1066814,0,0,0,21,458,40763879,536,536,183005011,0,0,0,0,0,0,21,458,40763879
201809,13,085,3,5,Dawson County                 ,365,365,62450213,0,0,0,0,0,0,0,0,0,365,365,62450213,0,0,0,0,0,0,0,0,0
201809,13,095,3,5,Dougherty County              ,21,21,3817233,0,0,0,1,3,135000,3,15,1510902,3,3,1268000,0,0,0,0,0,0,0,0,0
201809,13,097,3,5,Douglas County                ,323,323,54493851,0,0,0,0,0,0,0,0,0,323,323,54493851,0,0,0,0,0,0,0,0,0
201809,13,111,3,5,Fannin County                 ,203,203,39563211,1,2,156766,0,0,0,3,24,2060395,203,203,39563211,1,2,156766,0,0,0,3,24,2060395
201809,13,113,3,5,Fayette County                ,414,414,125158924,3,6,1042983,0,0,0,0,0,0,373,373,109249995,3,6,1042983,0,0,0,0,0,0
201809,13,115,3,5,Floyd County                  ,150,150,24750456,0,0,0,3,12,1152000,0,0,0,150,150,24750456,0,0,0,3,12,1152000,0,0,0
201809,13,117,3,5,Forsyth County                ,2009,2009,291201772,0,0,0,0,0,0,16,1203,58124360,2009,2009,291201772,0,0,0,0,0,0,16,1203,58124360
201809,13,121,3,5,Fulton County                 ,3424,3424,896429261,4,8,1440000,0,0,0,32,3143,425450958,3374,3374,884984062,4,8,1440000,0,0,0,32,3143,425450958
201809,13,127,3,5,Glynn County                  ,444,444,131074003,0,0,0,0,0,0,0,0,0,0,0,0,0,0,0,0,0,0,0,0,0
201809,13,135,3,5,Gwinnett County               ,2764,2764,658505389,16,32,3200000,0,0,0,7,430,47036497,2708,2708,641380206,16,32,3200000,0,0,0,7,430,47036497
201809,13,143,3,5,Haralson County               ,40,40,8865141,1,2,175000,0,0,0,0,0,0,4,4,640000,1,2,175000,0,0,0,0,0,0
201809,13,145,3,5,Harris County                 ,173,173,42340769,0,0,0,0,0,0,0,0,0,173,173,42340769,0,0,0,0,0,0,0,0,0
201809,13,149,3,5,Heard County                  ,13,13,3057808,0,0,0,0,0,0,0,0,0,13,13,3057808,0,0,0,0,0,0,0,0,0
201809,13,151,3,5,Henry County                  ,1460,1460,294582895,0,0,0,0,0,0,0,0,0,1170,1170,255988154,0,0,0,0,0,0,0,0,0
201809,13,159,3,5,Jasper County                 ,56,56,7502544,0,0,0,0,0,0,0,0,0,0,0,0,0,0,0,0,0,0,0,0,0
201809,13,171,3,5,Lamar County                  ,47,47,5882381,0,0,0,0,0,0,0,0,0,44,44,5485331,0,0,0,0,0,0,0,0,0
201809,13,177,3,5,Lee County                    ,85,85,9688651,0,0,0,0,0,0,0,0,0,72,72,8079745,0,0,0,0,0,0,0,0,0
201809,13,179,3,5,Liberty County                ,203,203,45671417,0,0,0,1,3,121350,1,6,250002,169,169,39310758,0,0,0,0,0,0,0,0,0
201809,13,189,3,5,McDuffie County               ,25,25,4528667,0,0,0,0,0,0,0,0,0,20,20,3608000,0,0,0,0,0,0,0,0,0
201809,13,199,3,5,Meriwether County             ,43,43,9630491,0,0,0,0,0,0,0,0,0,41,41,9477491,0,0,0,0,0,0,0,0,0
201809,13,201,3,5,Miller County                 ,2,2,308000,0,0,0,0,0,0,0,0,0,2,2,308000,0,0,0,0,0,0,0,0,0
201809,13,207,3,5,Monroe County                 ,104,104,23334032,0,0,0,0,0,0,0,0,0,0,0,0,0,0,0,0,0,0,0,0,0
201809,13,215,3,5,Muscogee County               ,253,253,49146319,0,0,0,9,29,1784852,14,99,19115324,0,0,0,0,0,0,0,0,0,0,0,0
201809,13,217,3,5,Newton County                 ,538,538,95123694,0,0,0,0,0,0,0,0,0,538,538,95123694,0,0,0,0,0,0,0,0,0
201809,13,227,3,5,Pickens County                ,106,106,29016942,0,0,0,0,0,0,0,0,0,104,104,28722942,0,0,0,0,0,0,0,0,0
201809,13,231,3,5,Pike County                   ,68,68,12693662,0,0,0,0,0,0,0,0,0,0,0,0,0,0,0,0,0,0,0,0,0
201809,13,235,3,5,Pulaski County                ,9,9,1410000,0,0,0,0,0,0,0,0,0,9,9,1410000,0,0,0,0,0,0,0,0,0
201809,13,245,3,5,Richmond County               ,273,273,43376060,0,0,0,0,0,0,5,107,6755133,109,109,17431834,0,0,0,0,0,0,0,0,0
201809,13,247,3,5,Rockdale County               ,200,200,44768620,0,0,0,1,4,488242,0,0,0,200,200,44768620,0,0,0,1,4,488242,0,0,0
201809,13,255,3,5,Spalding County               ,211,211,26417233,0,0,0,0,0,0,0,0,0,210,210,26338783,0,0,0,0,0,0,0,0,0
201809,13,275,3,5,Thomas County                 ,78,78,17903094,1,2,797000,0,0,0,0,0,0,73,73,16975431,1,2,797000,0,0,0,0,0,0
201809,13,291,3,5,Union County                  ,170,170,43645415,0,0,0,0,0,0,0,0,0,170,170,43645415,0,0,0,0,0,0,0,0,0
201809,15,001,4,9,Hawaii County                 ,814,814,262254546,1,2,700000,0,0,0,0,0,0,814,814,262254546,1,2,700000,0,0,0,0,0,0
201809,15,003,4,9,Honolulu County               ,748,748,267300773,0,0,0,0,0,0,6,855,189535868,460,460,162983075,0,0,0,0,0,0,2,639,136200000
201809,15,007,4,9,Kauai County                  ,165,165,88074484,7,14,5189285,3,12,3006800,22,133,26013338,143,143,77466354,6,12,4424663,3,12,3006800,21,126,22883000
201809,15,009,4,9,Maui County                   ,279,279,102061599,13,26,9227290,7,28,7256159,32,328,68881615,279,279,102061599,13,26,9227290,7,28,7256159,32,328,68881615
201809,16,001,4,8,Ada County                    ,3686,3686,974167802,5,10,1988211,19,70,4175795,82,1181,114141203,3070,3070,807958105,1,2,434261,10,36,1925048,73,968,87521110
201809,16,015,4,8,Boise County                  ,76,76,19738996,1,2,200000,0,0,0,0,0,0,76,76,19738996,1,2,200000,0,0,0,0,0,0
201809,16,027,4,8,Canyon County                 ,1460,1460,232866974,11,22,1662490,20,80,5020589,3,108,12530000,1341,1341,214367474,11,22,1662490,20,80,5020589,3,108,12530000
201809,16,045,4,8,Gem County                    ,68,68,10552403,3,6,409613,0,0,0,0,0,0,68,68,10552403,3,6,409613,0,0,0,0,0,0
201809,16,073,4,8,Owyhee County                 ,30,30,5210042,0,0,0,0,0,0,0,0,0,25,25,4241185,0,0,0,0,0,0,0,0,0
201809,17,005,2,3,Bond County                   ,8,8,1318456,0,0,0,0,0,0,0,0,0,1,1,85000,0,0,0,0,0,0,0,0,0
201809,17,013,2,3,Calhoun County                ,10,10,1653700,0,0,0,0,0,0,0,0,0,10,10,1653700,0,0,0,0,0,0,0,0,0
201809,17,031,2,3,Cook County                   ,1199,1199,380100454,38,76,20493500,121,388,84977063,147,4134,403113041,1078,1078,350227574,37,74,20196260,118,379,83063273,142,4030,390678752
201809,17,037,2,3,DeKalb County                 ,82,82,17141652,0,0,0,3,9,837000,0,0,0,82,82,17141652,0,0,0,3,9,837000,0,0,0
201809,17,039,2,3,De Witt County                ,15,15,3618000,0,0,0,0,0,0,0,0,0,15,15,3618000,0,0,0,0,0,0,0,0,0
201809,17,043,2,3,DuPage County                 ,705,705,277975546,20,40,6947900,12,44,7128793,25,455,86854020,670,670,257954213,20,40,6947900,12,44,7128793,21,393,85383399
201809,17,063,2,3,Grundy County                 ,63,63,11304987,0,0,0,0,0,0,13,88,4512816,54,54,9769881,0,0,0,0,0,0,0,0,0
201809,17,083,2,3,Jersey County                 ,20,20,3066539,0,0,0,0,0,0,0,0,0,11,11,1666058,0,0,0,0,0,0,0,0,0
201809,17,093,2,3,Kendall County                ,277,277,51135976,0,0,0,0,0,0,1,5,814916,225,225,39943956,0,0,0,0,0,0,0,0,0
201809,17,097,2,3,Lake County                   ,485,485,173157171,8,16,1327567,0,0,0,11,73,16636698,359,359,125306240,0,0,0,0,0,0,0,0,0
201809,17,111,2,3,McHenry County                ,268,268,47691963,1,2,300000,0,0,0,1,80,1200000,222,222,41613122,0,0,0,0,0,0,1,80,1200000
201809,17,119,2,3,Madison County                ,288,288,77884333,2,4,838481,6,24,2623164,18,207,24870727,265,265,73312046,2,4,838481,6,24,2623164,13,182,22330582
201809,17,133,2,3,Monroe County                 ,100,100,24547067,2,4,520475,0,0,0,1,5,432000,97,97,23871863,2,4,520475,0,0,0,0,0,0
201809,17,197,2,3,Will County                   ,1049,1049,277007372,13,26,3629500,8,31,4742598,2,21,2641125,913,913,248487336,12,24,3374500,7,28,4232598,1,16,1625500
201809,18,003,2,3,Allen County                  ,893,893,230133503,17,34,3251000,1,4,608000,22,196,24660469,893,893,230133503,17,34,3251000,1,4,608000,22,196,24660469
201809,18,011,2,3,Boone County                  ,382,382,127109983,3,6,600000,0,0,0,0,0,0,379,379,126632072,3,6,600000,0,0,0,0,0,0
201809,18,013,2,3,Brown County                  ,68,68,17581571,0,0,0,0,0,0,0,0,0,68,68,17581571,0,0,0,0,0,0,0,0,0
201809,18,019,2,3,Clark County                  ,362,362,77708539,0,0,0,0,0,0,11,264,30225624,321,321,68961386,0,0,0,0,0,0,11,264,30225624
201809,18,047,2,3,Franklin County               ,38,38,9140700,0,0,0,0,0,0,1,22,3250000,38,38,9140700,0,0,0,0,0,0,1,22,3250000
201809,18,057,2,3,Hamilton County               ,2093,2093,729652876,7,14,2493943,0,0,0,1,208,24900000,2089,2089,728622145,7,14,2493943,0,0,0,1,208,24900000
201809,18,059,2,3,Hancock County                ,492,492,108343139,2,4,445000,0,0,0,4,24,3110000,492,492,108343139,2,4,445000,0,0,0,4,24,3110000
201809,18,061,2,3,Harrison County               ,76,76,17127457,0,0,0,0,0,0,0,0,0,76,76,17127457,0,0,0,0,0,0,0,0,0
201809,18,063,2,3,Hendricks County              ,685,685,172202639,5,10,783473,7,25,3991816,5,56,4007784,647,647,163779211,4,8,646200,7,25,3991816,5,56,4007784
201809,18,069,2,3,Huntington County             ,44,44,10949099,0,0,0,0,0,0,0,0,0,41,41,10252999,0,0,0,0,0,0,0,0,0
201809,18,073,2,3,Jasper County                 ,73,73,16345891,0,0,0,0,0,0,0,0,0,71,71,16045891,0,0,0,0,0,0,0,0,0
201809,18,081,2,3,Johnson County                ,621,621,159188305,1,2,623000,0,0,0,0,0,0,593,593,155783511,1,2,623000,0,0,0,0,0,0
201809,18,087,2,3,Lagrange County               ,111,111,35666203,0,0,0,0,0,0,0,0,0,111,111,35666203,0,0,0,0,0,0,0,0,0
201809,18,089,2,3,Lake County                   ,957,957,243382132,11,22,2767605,2,6,1260000,1,7,801437,916,916,234881592,11,22,2767605,2,6,1260000,1,7,801437
201809,18,097,2,3,Marion County                 ,946,946,240754306,25,50,6513169,3,9,847905,32,960,95026612,933,933,237448031,25,50,6513169,3,9,847905,32,960,95026612
201809,18,105,2,3,Monroe County                 ,153,153,39556913,25,50,6775064,0,0,0,4,61,7002958,153,153,39556913,25,50,6775064,0,0,0,4,61,7002958
201809,18,109,2,3,Morgan County                 ,117,117,27010244,5,10,1250000,0,0,0,0,0,0,103,103,23523574,5,10,1250000,0,0,0,0,0,0
201809,18,111,2,3,Newton County                 ,13,13,2660880,0,0,0,0,0,0,0,0,0,0,0,0,0,0,0,0,0,0,0,0,0
201809,18,115,2,3,Ohio County                   ,26,26,5479236,1,2,150000,0,0,0,0,0,0,26,26,5479236,1,2,150000,0,0,0,0,0,0
201809,18,119,2,3,Owen County                   ,38,38,9825410,0,0,0,0,0,0,0,0,0,38,38,9825410,0,0,0,0,0,0,0,0,0
201809,18,127,2,3,Porter County                 ,374,374,108470384,7,14,1982690,0,0,0,7,70,9599528,347,347,104599967,7,14,1982690,0,0,0,5,60,8889478
201809,18,133,2,3,Putnam County                 ,118,118,27317253,1,2,278179,0,0,0,0,0,0,116,116,26867771,1,2,278179,0,0,0,0,0,0
201809,18,145,2,3,Shelby County                 ,60,60,11423968,0,0,0,0,0,0,0,0,0,60,60,11423968,0,0,0,0,0,0,0,0,0
201809,18,151,2,3,Steuben County                ,99,99,30538680,5,10,1308000,0,0,0,0,0,0,99,99,30538680,5,10,1308000,0,0,0,0,0,0
201809,18,157,2,3,Tippecanoe County             ,319,319,74416432,1,2,278179,1,4,550000,17,1245,191987728,275,275,64984160,1,2,278179,1,4,550000,14,1212,188762164
201809,18,163,2,3,Vanderburgh County            ,191,191,32930786,3,6,470000,0,0,0,0,0,0,191,191,32930786,3,6,470000,0,0,0,0,0,0
201809,18,167,2,3,Vigo County                   ,16,16,1661980,7,14,952000,0,0,0,0,0,0,16,16,1661980,7,14,952000,0,0,0,0,0,0
201809,18,175,2,3,Washington County             ,32,32,8008862,0,0,0,0,0,0,0,0,0,0,0,0,0,0,0,0,0,0,0,0,0
201809,18,183,2,3,Whitley County                ,102,102,21830211,2,4,280000,0,0,0,2,47,3615000,102,102,21830211,2,4,280000,0,0,0,2,47,3615000
201809,19,049,2,4,Dallas County                 ,433,433,127815731,2,4,538468,0,0,0,4,39,4780771,432,432,127640731,2,4,538468,0,0,0,1,24,3399193
201809,19,085,2,4,Harrison County               ,25,25,6041730,1,2,400000,0,0,0,0,0,0,23,23,5566730,1,2,400000,0,0,0,0,0,0
201809,19,129,2,4,Mills County                  ,2,2,360000,0,0,0,0,0,0,0,0,0,2,2,360000,0,0,0,0,0,0,0,0,0
201809,19,153,2,4,Polk County                   ,1695,1695,446474976,1,2,495000,0,0,0,25,1291,135867820,1642,1642,439516512,1,2,495000,0,0,0,23,1273,134605243
201809,19,181,2,4,Warren County                 ,278,278,75404719,5,10,1403248,0,0,0,0,0,0,259,259,71091652,4,8,1115000,0,0,0,0,0,0
201809,20,061,2,4,Geary County                  ,10,10,2097000,0,0,0,0,0,0,0,0,0,10,10,2097000,0,0,0,0,0,0,0,0,0
201809,20,091,2,4,Johnson County                ,1487,1487,511820770,20,40,15668760,41,143,24014941,34,1509,225384288,1232,1232,419775871,20,40,15668760,33,116,19919944,26,1362,208570638
201809,20,103,2,4,Leavenworth County            ,224,224,43964070,0,0,0,0,0,0,0,0,0,224,224,43964070,0,0,0,0,0,0,0,0,0
201809,20,107,2,4,Linn County                   ,33,33,2910997,0,0,0,0,0,0,0,0,0,24,24,2034100,0,0,0,0,0,0,0,0,0
201809,20,121,2,4,Miami County                  ,63,63,18148816,0,0,0,1,4,460000,0,0,0,16,16,3741502,0,0,0,1,4,460000,0,0,0
201809,20,209,2,4,Wyandotte County              ,147,147,29401877,9,18,1731128,0,0,0,3,40,3466454,146,146,29126877,9,18,1731128,0,0,0,3,40,3466454
201809,21,005,3,6,Anderson County               ,63,63,11805744,1,2,115200,0,0,0,0,0,0,63,63,11805744,1,2,115200,0,0,0,0,0,0
201809,21,015,3,6,Boone County                  ,397,397,71064465,1,2,338746,0,0,0,17,196,15190651,397,397,71064465,1,2,338746,0,0,0,17,196,15190651
201809,21,017,3,6,Bourbon County                ,31,31,7114521,0,0,0,0,0,0,0,0,0,31,31,7114521,0,0,0,0,0,0,0,0,0
201809,21,021,3,6,Boyle County                  ,27,27,5309217,1,2,150000,0,0,0,0,0,0,25,25,4868030,1,2,150000,0,0,0,0,0,0
201809,21,029,3,6,Bullitt County                ,298,298,71194739,3,6,860000,5,18,2329000,0,0,0,298,298,71194739,3,6,860000,5,18,2329000,0,0,0
201809,21,035,3,6,Calloway County               ,14,14,2630050,4,8,848000,7,25,1006750,0,0,0,14,14,2630050,4,8,848000,7,25,1006750,0,0,0
201809,21,037,3,6,Campbell County               ,125,125,32124662,0,0,0,1,4,350000,5,37,2967242,123,123,31684662,0,0,0,1,4,350000,5,37,2967242
201809,21,045,3,6,Casey County                  ,0,0,0,0,0,0,0,0,0,0,0,0,0,0,0,0,0,0,0,0,0,0,0,0
201809,21,047,3,6,Christian County              ,45,45,5827000,3,6,537000,1,4,270000,0,0,0,25,25,4403000,3,6,537000,1,4,270000,0,0,0
201809,21,049,3,6,Clark County                  ,38,38,8756278,1,2,400000,0,0,0,7,39,2700750,6,6,1880000,0,0,0,0,0,0,0,0,0
201809,21,067,3,6,Fayette County                ,560,560,105985511,5,10,966889,1,4,260000,27,862,34634956,360,360,73741277,4,8,762000,1,4,260000,23,699,22700000
201809,21,069,3,6,Fleming County                ,0,0,0,0,0,0,0,0,0,0,0,0,0,0,0,0,0,0,0,0,0,0,0,0
201809,21,077,3,6,Gallatin County               ,17,17,4018919,0,0,0,0,0,0,0,0,0,17,17,4018919,0,0,0,0,0,0,0,0,0
201809,21,081,3,6,Grant County                  ,45,45,10356000,0,0,0,0,0,0,0,0,0,45,45,10356000,0,0,0,0,0,0,0,0,0
201809,21,091,3,6,Hancock County                ,8,8,1556667,1,2,173138,0,0,0,0,0,0,8,8,1556667,1,2,173138,0,0,0,0,0,0
201809,21,099,3,6,Hart County                   ,45,45,4376250,0,0,0,0,0,0,9,51,5790928,0,0,0,0,0,0,0,0,0,0,0,0
201809,21,101,3,6,Henderson County              ,23,23,4482704,0,0,0,1,4,250000,0,0,0,23,23,4482704,0,0,0,1,4,250000,0,0,0
201809,21,103,3,6,Henry County                  ,19,19,3329741,0,0,0,0,0,0,0,0,0,11,11,1987480,0,0,0,0,0,0,0,0,0
201809,21,111,3,6,Jefferson County              ,955,955,307011056,2,4,412500,3,12,96875,71,1686,255490826,955,955,307011056,2,4,412500,3,12,96875,71,1686,255490826
201809,21,113,3,6,Jessamine County              ,146,146,43446899,0,0,0,2,6,930000,0,0,0,136,136,42006752,0,0,0,2,6,930000,0,0,0
201809,21,115,3,6,Johnson County                ,2,2,501193,0,0,0,0,0,0,0,0,0,2,2,501193,0,0,0,0,0,0,0,0,0
201809,21,117,3,6,Kenton County                 ,208,208,54803215,0,0,0,0,0,0,3,20,1800000,208,208,54803215,0,0,0,0,0,0,3,20,1800000
201809,21,121,3,6,Knox County                   ,0,0,0,0,0,0,0,0,0,0,0,0,0,0,0,0,0,0,0,0,0,0,0,0
201809,21,123,3,6,Larue County                  ,35,35,8243277,1,2,242983,0,0,0,0,0,0,35,35,8243277,1,2,242983,0,0,0,0,0,0
201809,21,137,3,6,Lincoln County                ,42,42,4415006,0,0,0,0,0,0,0,0,0,33,33,3300000,0,0,0,0,0,0,0,0,0
201809,21,145,3,6,McCracken County              ,77,77,19090775,0,0,0,0,0,0,2,17,1925069,69,69,17349550,0,0,0,0,0,0,1,12,1452954
201809,21,151,3,6,Madison County                ,156,156,15204789,17,34,2044964,1,4,100000,10,54,1875862,48,48,5760000,8,16,1028000,1,4,100000,1,8,325000
201809,21,157,3,6,Marshall County               ,55,55,21568856,1,2,158000,0,0,0,0,0,0,55,55,21568856,1,2,158000,0,0,0,0,0,0
201809,21,161,3,6,Mason County                  ,15,15,2048000,0,0,0,0,0,0,0,0,0,15,15,2048000,0,0,0,0,0,0,0,0,0
201809,21,163,3,6,Meade County                  ,64,64,11466300,1,2,240000,0,0,0,0,0,0,64,64,11466300,1,2,240000,0,0,0,0,0,0
201809,21,167,3,6,Mercer County                 ,34,34,5766697,0,0,0,0,0,0,0,0,0,2,2,280000,0,0,0,0,0,0,0,0,0
201809,21,175,3,6,Morgan County                 ,16,16,1200000,0,0,0,0,0,0,0,0,0,0,0,0,0,0,0,0,0,0,0,0,0
201809,21,179,3,6,Nelson County                 ,145,145,25044105,5,10,768750,1,3,360682,0,0,0,132,132,22768564,4,8,580000,0,0,0,0,0,0
201809,21,185,3,6,Oldham County                 ,270,270,82440985,1,2,98833,0,0,0,0,0,0,0,0,0,0,0,0,0,0,0,0,0,0
201809,21,191,3,6,Pendleton County              ,0,0,0,0,0,0,0,0,0,0,0,0,0,0,0,0,0,0,0,0,0,0,0,0
201809,21,209,3,6,Scott County                  ,247,247,51558081,25,50,7380000,0,0,0,5,138,9222879,247,247,51558081,25,50,7380000,0,0,0,5,138,9222879
201809,21,211,3,6,Shelby County                 ,191,191,43581002,0,0,0,0,0,0,0,0,0,191,191,43581002,0,0,0,0,0,0,0,0,0
201809,21,213,3,6,Simpson County                ,52,52,6855903,0,0,0,0,0,0,6,60,3444800,52,52,6855903,0,0,0,0,0,0,6,60,3444800
201809,21,215,3,6,Spencer County                ,113,113,26615923,0,0,0,0,0,0,0,0,0,113,113,26615923,0,0,0,0,0,0,0,0,0
201809,21,221,3,6,Trigg County                  ,5,5,1053190,0,0,0,0,0,0,0,0,0,5,5,1053190,0,0,0,0,0,0,0,0,0
201809,21,239,3,6,Woodford County               ,45,45,8966180,0,0,0,0,0,0,2,54,3200000,45,45,8966180,0,0,0,0,0,0,2,54,3200000
201809,22,005,3,7,Ascension Parish              ,774,774,120443960,0,0,0,0,0,0,0,0,0,611,611,94330553,0,0,0,0,0,0,0,0,0
201809,22,015,3,7,Bossier Parish                ,502,502,97588291,0,0,0,0,0,0,0,0,0,502,502,97588291,0,0,0,0,0,0,0,0,0
201809,22,017,3,7,Caddo Parish                  ,246,246,61095529,0,0,0,0,0,0,0,0,0,241,241,60253567,0,0,0,0,0,0,0,0,0
201809,22,031,3,7,De Soto Parish                ,85,85,20628477,0,0,0,0,0,0,0,0,0,76,76,18864293,0,0,0,0,0,0,0,0,0
201809,22,033,3,7,East Baton Rouge Parish       ,1029,1029,249681029,6,12,1253248,0,0,0,1,48,5381000,1027,1027,249375031,5,10,1095248,0,0,0,1,48,5381000
201809,22,037,3,7,East Feliciana Parish         ,34,34,6621792,0,0,0,0,0,0,0,0,0,34,34,6621792,0,0,0,0,0,0,0,0,0
201809,22,047,3,7,Iberville Parish              ,89,89,22937658,0,0,0,0,0,0,0,0,0,32,32,9081032,0,0,0,0,0,0,0,0,0
201809,22,051,3,7,Jefferson Parish              ,420,420,98423857,8,16,1058160,0,0,0,0,0,0,391,391,92554392,8,16,1058160,0,0,0,0,0,0
201809,22,055,3,7,Lafayette Parish              ,945,945,208957227,0,0,0,0,0,0,0,0,0,475,475,122501393,0,0,0,0,0,0,0,0,0
201809,22,063,3,7,Livingston Parish             ,644,644,134961148,0,0,0,7,21,1625218,0,0,0,348,348,67791965,0,0,0,0,0,0,0,0,0
201809,22,071,3,7,Orleans Parish                ,421,421,94832402,62,124,12764193,5,19,4572516,7,584,119328596,301,301,67814108,47,94,9593233,5,19,4572516,4,556,112436632
201809,22,075,3,7,Plaquemines Parish            ,39,39,10589433,1,2,280000,0,0,0,0,0,0,8,8,1927701,0,0,0,0,0,0,0,0,0
201809,22,077,3,7,Pointe Coupee Parish          ,40,40,9586794,0,0,0,0,0,0,0,0,0,40,40,9586794,0,0,0,0,0,0,0,0,0
201809,22,087,3,7,St. Bernard Parish            ,134,134,22650054,0,0,0,0,0,0,0,0,0,134,134,22650054,0,0,0,0,0,0,0,0,0
201809,22,089,3,7,St. Charles Parish            ,140,140,25877465,0,0,0,1,3,570000,0,0,0,127,127,23107049,0,0,0,1,3,570000,0,0,0
201809,22,091,3,7,St. Helena Parish             ,22,22,3989068,1,2,75000,0,0,0,0,0,0,0,0,0,0,0,0,0,0,0,0,0,0
201809,22,095,3,7,St. John the Baptist Parish   ,36,36,5970348,0,0,0,0,0,0,0,0,0,1,1,236407,0,0,0,0,0,0,0,0,0
201809,22,099,3,7,St. Martin Parish             ,131,131,24848874,0,0,0,1,4,762445,0,0,0,22,22,4872596,0,0,0,1,4,762445,0,0,0
201809,22,103,3,7,St. Tammany Parish            ,1103,1103,269535571,4,8,1076000,0,0,0,0,0,0,1064,1064,255665338,4,8,1076000,0,0,0,0,0,0
201809,22,109,3,7,Terrebonne Parish             ,98,98,24238015,9,18,1400000,2,8,698000,0,0,0,98,98,24238015,9,18,1400000,2,8,698000,0,0,0
201809,22,121,3,7,West Baton Rouge Parish       ,170,170,26979050,0,0,0,0,0,0,8,348,33993197,156,156,25704182,0,0,0,0,0,0,8,348,33993197
201809,22,125,3,7,West Feliciana Parish         ,31,31,11709358,0,0,0,0,0,0,1,5,963433,31,31,11709358,0,0,0,0,0,0,1,5,963433
201809,23,000,1,1,Maine Unorganized Territory   ,60,60,7968014,0,0,0,0,0,0,0,0,0,0,0,0,0,0,0,0,0,0,0,0,0
201809,24,003,3,5,Anne Arundel County           ,1666,1666,281647484,0,0,0,0,0,0,0,0,0,1666,1666,281647484,0,0,0,0,0,0,0,0,0
201809,24,005,3,5,Baltimore County              ,863,863,191414383,2,4,440000,0,0,0,17,692,105290000,863,863,191414383,2,4,440000,0,0,0,17,692,105290000
201809,24,009,3,5,Calvert County                ,130,130,30505814,0,0,0,0,0,0,0,0,0,130,130,30505814,0,0,0,0,0,0,0,0,0
201809,24,013,3,5,Carroll County                ,217,217,59355900,1,2,507010,0,0,0,1,109,18500000,217,217,59355900,1,2,507010,0,0,0,1,109,18500000
201809,24,015,3,5,Cecil County                  ,106,106,24213741,0,0,0,0,0,0,0,0,0,106,106,24213741,0,0,0,0,0,0,0,0,0
201809,24,017,3,5,Charles County                ,552,552,116980823,0,0,0,0,0,0,2,48,4167942,552,552,116980823,0,0,0,0,0,0,2,48,4167942
201809,24,021,3,5,Frederick County              ,1174,1174,303387012,11,22,4157175,9,32,23632699,4,321,53579142,1174,1174,303387012,11,22,4157175,9,32,23632699,4,321,53579142
201809,24,023,3,5,Garrett County                ,77,77,29699900,0,0,0,0,0,0,0,0,0,77,77,29699900,0,0,0,0,0,0,0,0,0
201809,24,025,3,5,Harford County                ,657,657,129728162,0,0,0,0,0,0,1,25,4750000,656,656,129384584,0,0,0,0,0,0,1,25,4750000
201809,24,027,3,5,Howard County                 ,631,631,153323627,0,0,0,0,0,0,8,784,96450000,631,631,153323627,0,0,0,0,0,0,8,784,96450000
201809,24,031,3,5,Montgomery County             ,799,799,186411200,5,10,750000,0,0,0,6,336,63240888,721,721,168445258,5,10,750000,0,0,0,5,300,55250000
201809,24,033,3,5,Prince George County          ,1625,1625,382454986,3,6,731511,0,0,0,3,96,21430168,1625,1625,382454986,3,6,731511,0,0,0,3,96,21430168
201809,24,035,3,5,Queen Anne County             ,158,158,34772378,0,0,0,0,0,0,10,70,9213854,158,158,34772378,0,0,0,0,0,0,10,70,9213854
201809,24,037,3,5,St. Marys County              ,764,764,156011335,0,0,0,0,0,0,6,60,1182554,764,764,156011335,0,0,0,0,0,0,6,60,1182554
201809,24,039,3,5,Somerset County               ,27,27,5265076,0,0,0,0,0,0,0,0,0,26,26,5070850,0,0,0,0,0,0,0,0,0
201809,24,045,3,5,Wicomico County               ,130,130,20660369,2,4,710695,0,0,0,0,0,0,114,114,17819283,2,4,710695,0,0,0,0,0,0
201809,24,510,3,5,Baltimore (Independent City)  ,83,83,13467722,0,0,0,0,0,0,8,1448,219429070,83,83,13467722,0,0,0,0,0,0,8,1448,219429070
201809,25,005,1,1,Bristol County                ,468,468,99835064,17,34,3722300,0,0,0,1,10,1000000,364,364,81969763,11,22,2051300,0,0,0,1,10,1000000
201809,25,009,1,1,Essex County                  ,445,445,145197631,40,80,13843017,5,15,2982000,18,183,31360297,344,344,112325060,22,44,7177000,5,15,2982000,1,48,6214000
201809,25,017,1,1,Middlesex County              ,1067,1067,334016609,74,148,19092003,15,52,10237432,48,1712,251715049,820,820,260647947,46,92,10745160,9,31,7305790,20,1408,201396610
201809,25,021,1,1,Norfolk County                ,531,531,258505776,12,24,4991720,5,19,4246179,43,764,106065009,434,434,217061883,12,24,4991720,5,19,4246179,22,607,92421593
201809,25,023,1,1,Plymouth County               ,784,784,188275039,1,2,306400,2,7,967015,16,436,84488041,591,591,148551994,0,0,0,1,4,576000,13,413,81701514
201809,25,025,1,1,Suffolk County                ,36,36,8873789,44,88,19305810,34,111,23337326,61,2360,613683173,28,28,7472193,37,74,17689500,34,111,23337326,48,2286,597442145
201809,26,000,2,3,Michigan Balance of State     ,50,50,9384802,0,0,0,0,0,0,0,0,0,0,0,0,0,0,0,0,0,0,0,0,0
201809,26,019,2,3,Benzie County                 ,48,48,15135488,0,0,0,0,0,0,0,0,0,41,41,13518059,0,0,0,0,0,0,0,0,0
201809,26,029,2,3,Charlevoix County             ,73,73,16438692,0,0,0,0,0,0,0,0,0,0,0,0,0,0,0,0,0,0,0,0,0
201809,26,089,2,3,Leelanau County               ,136,136,32298641,0,0,0,0,0,0,0,0,0,136,136,32298641,0,0,0,0,0,0,0,0,0
201809,26,093,2,3,Livingston County             ,525,525,145951699,1,2,280000,7,27,5515208,7,47,7583335,505,505,143910267,1,2,280000,7,27,5515208,7,47,7583335
201809,26,095,2,3,Luce County                   ,5,5,692229,0,0,0,0,0,0,0,0,0,2,2,120000,0,0,0,0,0,0,0,0,0
201809,26,099,2,3,Macomb County                 ,1230,1230,352143040,17,34,6115507,4,15,2584202,34,443,55044660,1197,1197,343758186,14,28,5565931,4,15,2584202,33,435,53934530
201809,26,103,2,3,Marquette County              ,64,64,16893573,0,0,0,0,0,0,0,0,0,64,64,16893573,0,0,0,0,0,0,0,0,0
201809,26,137,2,3,Otsego County                 ,13,13,1053000,0,0,0,0,0,0,0,0,0,0,0,0,0,0,0,0,0,0,0,0,0
201809,26,147,2,3,St. Clair County              ,209,209,40752714,0,0,0,0,0,0,0,0,0,192,192,37874331,0,0,0,0,0,0,0,0,0
201809,26,163,2,3,Wayne County                  ,832,832,239935839,2,4,978240,8,29,3683448,20,212,37778031,795,795,232088430,2,4,978240,8,29,3683448,16,177,35237869
201809,27,003,2,4,Anoka County                  ,734,734,203743458,3,6,966064,0,0,0,10,595,91602744,674,674,187621599,2,4,663800,0,0,0,4,494,78686900
201809,27,019,2,4,Carver County                 ,451,451,134799364,1,2,480350,0,0,0,3,385,58500000,443,443,133058157,1,2,480350,0,0,0,3,385,58500000
201809,27,025,2,4,Chisago County                ,205,205,37627402,0,0,0,0,0,0,0,0,0,204,204,37453298,0,0,0,0,0,0,0,0,0
201809,27,027,2,4,Clay County                   ,175,175,40138490,1,2,325000,2,8,1400000,5,177,18100000,175,175,40138490,1,2,325000,2,8,1400000,5,177,18100000
201809,27,037,2,4,Dakota County                 ,850,850,242367429,6,12,2627100,1,3,786000,27,481,69206661,736,736,206833597,6,12,2627100,1,3,786000,27,481,69206661
201809,27,053,2,4,Hennepin County               ,1424,1424,534867079,7,14,2055097,11,43,10661639,38,3700,690858555,1385,1385,520272616,7,14,2055097,11,43,10661639,37,3683,688421826
201809,27,059,2,4,Isanti County                 ,177,177,35642346,0,0,0,0,0,0,1,28,4170383,123,123,25127737,0,0,0,0,0,0,1,28,4170383
201809,27,123,2,4,Ramsey County                 ,136,136,43172692,1,2,207455,0,0,0,9,587,101249261,136,136,43172692,1,2,207455,0,0,0,9,587,101249261
201809,27,139,2,4,Scott County                  ,545,545,166611464,0,0,0,2,8,1236712,3,64,9042455,520,520,159456914,0,0,0,2,8,1236712,3,64,9042455
201809,27,141,2,4,Sherburne County              ,380,380,87321565,0,0,0,0,0,0,0,0,0,377,377,86895730,0,0,0,0,0,0,0,0,0
201809,27,163,2,4,Washington County             ,734,734,233929797,1,2,480000,5,19,2871313,8,682,87977022,691,691,215323529,1,2,480000,5,19,2871313,8,682,87977022
201809,27,171,2,4,Wright County                 ,683,683,184613529,3,6,1322500,0,0,0,2,16,1040000,663,663,179864968,3,6,1322500,0,0,0,2,16,1040000
201809,28,033,3,6,DeSoto County                 ,1064,1064,177905709,0,0,0,0,0,0,0,0,0,1046,1046,176212267,0,0,0,0,0,0,0,0,0
201809,28,041,3,6,Greene County                 ,1,1,150000,0,0,0,0,0,0,0,0,0,1,1,150000,0,0,0,0,0,0,0,0,0
201809,28,045,3,6,Hancock County                ,354,354,60043647,6,12,1903482,7,24,2408671,10,76,6434364,96,96,20376341,3,6,1347945,0,0,0,0,0,0
201809,28,047,3,6,Harrison County               ,812,812,145670221,3,6,735000,0,0,0,0,0,0,705,705,133164011,0,0,0,0,0,0,0,0,0
201809,28,067,3,6,Jones County                  ,14,14,2642266,0,0,0,0,0,0,0,0,0,7,7,1617750,0,0,0,0,0,0,0,0,0
201809,28,129,3,6,Smith County                  ,0,0,0,0,0,0,0,0,0,0,0,0,0,0,0,0,0,0,0,0,0,0,0,0
201809,28,137,3,6,Tate County                   ,110,110,20398712,0,0,0,0,0,0,0,0,0,109,109,20211250,0,0,0,0,0,0,0,0,0
201809,28,143,3,6,Tunica County                 ,109,109,25167178,0,0,0,0,0,0,0,0,0,107,107,24945490,0,0,0,0,0,0,0,0,0
201809,28,145,3,6,Union County                  ,7,7,1496000,0,0,0,0,0,0,0,0,0,7,7,1496000,0,0,0,0,0,0,0,0,0
201809,28,149,3,6,Warren County                 ,3,3,900000,0,0,0,0,0,0,0,0,0,3,3,900000,0,0,0,0,0,0,0,0,0
201809,29,013,2,4,Bates County                  ,0,0,0,0,0,0,0,0,0,0,0,0,0,0,0,0,0,0,0,0,0,0,0,0
201809,29,017,2,4,Bollinger County              ,0,0,0,0,0,0,0,0,0,0,0,0,0,0,0,0,0,0,0,0,0,0,0,0
201809,29,019,2,4,Boone County                  ,442,442,97425287,1,2,426406,0,0,0,0,0,0,442,442,97425287,1,2,426406,0,0,0,0,0,0
201809,29,049,2,4,Clinton County                ,52,52,10468210,0,0,0,0,0,0,0,0,0,52,52,10468210,0,0,0,0,0,0,0,0,0
201809,29,065,2,4,Dent County                   ,0,0,0,0,0,0,0,0,0,0,0,0,0,0,0,0,0,0,0,0,0,0,0,0
201809,29,071,2,4,Franklin County               ,379,379,72454879,2,4,675612,1,3,211000,0,0,0,379,379,72454879,2,4,675612,1,3,211000,0,0,0
201809,29,095,2,4,Jackson County                ,1473,1473,319941399,58,116,14480730,48,172,18661399,36,970,87960471,1450,1450,313641610,58,116,14480730,48,172,18661399,36,970,87960471
201809,29,099,2,4,Jefferson County              ,519,519,98732920,0,0,0,0,0,0,0,0,0,488,488,94910042,0,0,0,0,0,0,0,0,0
201809,29,105,2,4,Laclede County                ,10,10,1160200,1,2,259500,0,0,0,0,0,0,10,10,1160200,1,2,259500,0,0,0,0,0,0
201809,29,107,2,4,Lafayette County              ,44,44,6921760,0,0,0,0,0,0,0,0,0,40,40,6000000,0,0,0,0,0,0,0,0,0
201809,29,113,2,4,Lincoln County                ,107,107,20750537,0,0,0,2,6,718576,0,0,0,57,57,8128000,0,0,0,0,0,0,0,0,0
201809,29,165,2,4,Platte County                 ,263,263,69285360,0,0,0,0,0,0,0,0,0,258,258,67482106,0,0,0,0,0,0,0,0,0
201809,29,185,2,4,St. Clair County              ,0,0,0,0,0,0,0,0,0,0,0,0,0,0,0,0,0,0,0,0,0,0,0,0
201809,29,189,2,4,St. Louis County              ,787,787,299276072,0,0,0,0,0,0,6,79,9267819,531,531,213681057,0,0,0,0,0,0,0,0,0
201809,29,219,2,4,Warren County                 ,247,247,56170893,0,0,0,0,0,0,0,0,0,247,247,56170893,0,0,0,0,0,0,0,0,0
201809,29,221,2,4,Washington County             ,1,1,65000,0,0,0,0,0,0,0,0,0,1,1,65000,0,0,0,0,0,0,0,0,0
201809,29,510,2,4,St. Louis (Independent City)  ,142,142,26414373,0,0,0,0,0,0,4,496,31075312,142,142,26414373,0,0,0,0,0,0,4,496,31075312
201809,30,033,4,8,Garfield County               ,0,0,0,0,0,0,0,0,0,0,0,0,0,0,0,0,0,0,0,0,0,0,0,0
201809,30,063,4,8,Missoula County               ,350,350,79727763,12,24,3374252,8,31,2427879,4,103,9748845,350,350,79727763,12,24,3374252,8,31,2427879,4,103,9748845
201809,30,093,4,8,Silver Bow County             ,44,44,4897610,7,14,1225000,7,28,1750000,1,24,3136805,44,44,4897610,7,14,1225000,7,28,1750000,1,24,3136805
201809,31,001,2,4,Adams County                  ,33,33,8989480,0,0,0,0,0,0,0,0,0,24,24,6512165,0,0,0,0,0,0,0,0,0
201809,31,025,2,4,Cass County                   ,84,84,14645515,6,12,1253731,0,0,0,0,0,0,84,84,14645515,6,12,1253731,0,0,0,0,0,0
201809,31,033,2,4,Cheyenne County               ,1,1,230000,0,0,0,3,10,930000,0,0,0,1,1,230000,0,0,0,3,10,930000,0,0,0
201809,31,055,2,4,Douglas County                ,1138,1138,180181484,0,0,0,8,32,3147616,28,1172,71184953,1049,1049,159206729,0,0,0,8,32,3147616,28,1172,71184953
201809,31,105,2,4,Kimball County                ,0,0,0,0,0,0,0,0,0,0,0,0,0,0,0,0,0,0,0,0,0,0,0,0
201809,31,153,2,4,Sarpy County                  ,764,764,201455402,0,0,0,0,0,0,4,317,17428631,648,648,172047046,0,0,0,0,0,0,4,317,17428631
201809,31,165,2,4,Sioux County                  ,0,0,0,0,0,0,0,0,0,0,0,0,0,0,0,0,0,0,0,0,0,0,0,0
201809,31,177,2,4,Washington County             ,68,68,19178806,0,0,0,0,0,0,0,0,0,68,68,19178806,0,0,0,0,0,0,0,0,0
201809,32,001,4,8,Churchill County              ,56,56,11756149,0,0,0,0,0,0,0,0,0,56,56,11756149,0,0,0,0,0,0,0,0,0
201809,32,003,4,8,Clark County                  ,7740,7740,1910100530,27,54,3460221,8,30,1855875,65,1499,111171309,7740,7740,1910100530,27,54,3460221,8,30,1855875,65,1499,111171309
201809,32,005,4,8,Douglas County                ,176,176,73469195,0,0,0,0,0,0,0,0,0,158,158,66286484,0,0,0,0,0,0,0,0,0
201809,32,007,4,8,Elko County                   ,124,124,19309937,0,0,0,0,0,0,0,0,0,124,124,19309937,0,0,0,0,0,0,0,0,0
201809,32,013,4,8,Humboldt County               ,11,11,1562183,0,0,0,0,0,0,0,0,0,7,7,1158075,0,0,0,0,0,0,0,0,0
201809,32,015,4,8,Lander County                 ,2,2,331231,0,0,0,0,0,0,0,0,0,2,2,331231,0,0,0,0,0,0,0,0,0
201809,32,017,4,8,Lincoln County                ,8,8,2177175,0,0,0,0,0,0,0,0,0,0,0,0,0,0,0,0,0,0,0,0,0
201809,32,019,4,8,Lyon County                   ,256,256,62866194,0,0,0,0,0,0,0,0,0,256,256,62866194,0,0,0,0,0,0,0,0,0
201809,32,021,4,8,Mineral County                ,0,0,0,0,0,0,0,0,0,0,0,0,0,0,0,0,0,0,0,0,0,0,0,0
201809,32,027,4,8,Pershing County               ,2,2,131342,0,0,0,0,0,0,0,0,0,2,2,131342,0,0,0,0,0,0,0,0,0
201809,32,029,4,8,Storey County                 ,6,6,1090429,0,0,0,0,0,0,0,0,0,1,1,162625,0,0,0,0,0,0,0,0,0
201809,32,031,4,8,Washoe County                 ,1677,1677,452505620,9,18,2076430,5,20,2166023,61,1110,124784986,1648,1648,443410504,9,18,2076430,5,20,2166023,60,1105,123086820
201809,32,033,4,8,White Pine County             ,6,6,1705885,0,0,0,0,0,0,0,0,0,4,4,993807,0,0,0,0,0,0,0,0,0
201809,32,510,4,8,Carson City (Independent City),127,127,33244800,0,0,0,0,0,0,5,80,7965132,127,127,33244800,0,0,0,0,0,0,5,80,7965132
201809,33,015,1,1,Rockingham County             ,523,523,149874539,37,74,9399309,7,26,3305844,19,344,42040904,463,463,134370244,35,70,8465877,7,26,3305844,12,307,37614901
201809,33,017,1,1,Strafford County              ,247,247,48501883,4,8,1101850,0,0,0,6,83,7253980,220,220,43741609,3,6,746650,0,0,0,6,83,7253980
201809,34,001,1,2,Atlantic County               ,247,247,61400185,0,0,0,0,0,0,21,471,40242473,218,218,57142654,0,0,0,0,0,0,4,164,3761176
201809,34,003,1,2,Bergen County                 ,652,652,215363581,68,136,24350808,5,16,2641467,59,1004,85819719,470,470,163843777,51,102,18966169,4,13,2138000,12,649,55269570
201809,34,005,1,2,Burlington County             ,472,472,65358446,1,2,194429,5,16,515014,28,402,34075199,241,241,42061413,0,0,0,5,16,515014,17,345,28528420
201809,34,007,1,2,Camden County                 ,147,147,25542798,1,2,21475,0,0,0,14,237,14992882,106,106,17481007,1,2,21475,0,0,0,6,158,11950572
201809,34,009,1,2,Cape May County               ,310,310,124828549,48,96,15419511,2,6,20000,2,34,8746000,286,286,116023633,48,96,15419511,2,6,20000,2,34,8746000
201809,34,011,1,2,Cumberland County             ,67,67,6603604,0,0,0,0,0,0,0,0,0,43,43,4466340,0,0,0,0,0,0,0,0,0
201809,34,013,1,2,Essex County                  ,278,278,48309392,26,52,8323573,16,50,8849968,50,1320,123000501,158,158,36371530,23,46,7834573,10,32,6467971,28,905,92888266
201809,34,015,1,2,Gloucester County             ,408,408,58873858,3,6,163115,0,0,0,7,56,6181665,311,311,48545478,3,6,163115,0,0,0,0,0,0
201809,34,017,1,2,Hudson County                 ,278,278,33631798,75,150,15647150,73,259,56906340,45,2338,643048313,278,278,33631798,74,148,15434650,73,259,56906340,35,2008,575898192
201809,34,019,1,2,Hunterdon County              ,163,163,33504018,3,6,699600,0,0,0,18,109,5270966,131,131,27638826,0,0,0,0,0,0,1,12,199800
201809,34,021,1,2,Mercer County                 ,148,148,36103819,5,10,185138,23,81,3464617,18,263,15386373,135,135,28048189,3,6,11310,2,7,1096811,15,230,12611353
201809,34,023,1,2,Middlesex County              ,546,546,104925942,6,12,1466200,4,14,1790753,56,1389,193902673,461,461,90807272,3,6,808200,4,14,1790753,38,1159,178164823
201809,34,025,1,2,Monmouth County               ,632,632,185168015,2,4,104000,2,6,408686,38,900,72856324,559,559,157456474,2,4,104000,1,3,90000,35,884,72321557
201809,34,027,1,2,Morris County                 ,597,597,125404250,2,4,377000,1,3,510000,51,777,67115358,456,456,92179503,2,4,377000,1,3,510000,27,516,34856315
201809,34,029,1,2,Ocean County                  ,1492,1492,303257870,11,22,3874409,3,12,480914,8,213,14604251,1384,1384,289030537,9,18,3679570,0,0,0,5,197,13302500
201809,34,031,1,2,Passaic County                ,108,108,19480655,22,44,2086403,6,18,256701,22,267,17863394,81,81,13784811,21,42,1878053,6,18,256701,9,176,9607630
201809,34,033,1,2,Salem County                  ,48,48,7803497,0,0,0,0,0,0,0,0,0,45,45,7434578,0,0,0,0,0,0,0,0,0
201809,34,035,1,2,Somerset County               ,241,241,49735125,2,4,333000,18,63,13606015,27,627,25377965,172,172,38579797,0,0,0,18,63,13606015,5,482,16503000
201809,34,037,1,2,Sussex County                 ,68,68,13125718,0,0,0,0,0,0,2,44,1092000,60,60,10973478,0,0,0,0,0,0,2,44,1092000
201809,34,039,1,2,Union County                  ,227,227,42831983,55,110,9544810,6,20,5375846,32,1012,72496782,173,173,33436188,54,108,9321435,6,20,5375846,14,906,66608329
201809,34,041,1,2,Warren County                 ,46,46,8762237,0,0,0,0,0,0,3,15,541632,39,39,7152136,0,0,0,0,0,0,0,0,0
201809,35,000,4,8,New Mexico Balance of State   ,338,338,91603361,0,0,0,0,0,0,0,0,0,0,0,0,0,0,0,0,0,0,0,0,0
201809,35,001,4,8,Bernalillo County             ,1177,1177,260236873,1,2,167125,0,0,0,3,41,4045007,843,843,195797919,1,2,167125,0,0,0,0,0,0
201809,35,005,4,8,Chaves County                 ,46,46,7652806,0,0,0,0,0,0,0,0,0,36,36,6319636,0,0,0,0,0,0,0,0,0
201809,35,009,4,8,Curry County                  ,43,43,10811410,1,2,285889,0,0,0,7,37,3410940,0,0,0,0,0,0,0,0,0,0,0,0
201809,35,013,4,8,Dona Ana County               ,637,637,140351428,1,2,78720,0,0,0,8,67,5905429,588,588,130131831,1,2,78720,0,0,0,6,48,4500000
201809,35,015,4,8,Eddy County                   ,141,141,31046419,0,0,0,0,0,0,15,106,8000000,141,141,31046419,0,0,0,0,0,0,15,106,8000000
201809,35,017,4,8,Grant County                  ,7,7,1129869,0,0,0,0,0,0,0,0,0,0,0,0,0,0,0,0,0,0,0,0,0
201809,35,025,4,8,Lea County                    ,129,129,27384603,0,0,0,0,0,0,0,0,0,129,129,27384603,0,0,0,0,0,0,0,0,0
201809,35,027,4,8,Lincoln County                ,69,69,17426867,0,0,0,0,0,0,0,0,0,0,0,0,0,0,0,0,0,0,0,0,0
201809,35,028,4,8,Los Alamos County             ,7,7,2180053,0,0,0,1,3,809700,0,0,0,6,6,1823985,0,0,0,1,3,809700,0,0,0
201809,35,029,4,8,Luna County                   ,15,15,2642693,0,0,0,0,0,0,0,0,0,7,7,1186000,0,0,0,0,0,0,0,0,0
201809,35,031,4,8,McKinley County               ,6,6,1114500,0,0,0,0,0,0,0,0,0,3,3,532500,0,0,0,0,0,0,0,0,0
201809,35,035,4,8,Otero County                  ,0,0,0,0,0,0,0,0,0,0,0,0,0,0,0,0,0,0,0,0,0,0,0,0
201809,35,041,4,8,Roosevelt County              ,17,17,2627963,0,0,0,0,0,0,0,0,0,0,0,0,0,0,0,0,0,0,0,0,0
201809,35,043,4,8,Sandoval County               ,531,531,118315121,0,0,0,4,15,1837894,10,56,2829897,375,375,84444600,0,0,0,3,12,1586334,1,6,746566
201809,35,045,4,8,San Juan County               ,56,56,12960325,2,4,394000,0,0,0,0,0,0,52,52,12209113,2,4,394000,0,0,0,0,0,0
201809,35,047,4,8,San Miguel County             ,1,1,140000,0,0,0,0,0,0,0,0,0,0,0,0,0,0,0,0,0,0,0,0,0
201809,35,049,4,8,Santa Fe County               ,198,198,50886568,0,0,0,0,0,0,0,0,0,198,198,50886568,0,0,0,0,0,0,0,0,0
201809,35,051,4,8,Sierra County                 ,0,0,0,0,0,0,0,0,0,0,0,0,0,0,0,0,0,0,0,0,0,0,0,0
201809,35,055,4,8,Taos County                   ,90,90,10335105,0,0,0,0,0,0,0,0,0,9,9,1295817,0,0,0,0,0,0,0,0,0
201809,35,061,4,8,Valencia County               ,83,83,13949686,0,0,0,1,3,313750,0,0,0,83,83,13949686,0,0,0,1,3,313750,0,0,0
201809,36,001,1,2,Albany County                 ,183,183,43067423,3,6,561850,6,23,3000000,13,297,154501644,166,166,39611417,3,6,561850,5,20,3000000,4,225,142690000
201809,36,005,1,2,Bronx County                  ,6,6,1597939,18,36,5098609,4,12,1491692,60,3092,404016765,6,6,1597939,18,36,5098609,4,12,1491692,60,3092,404016765
201809,36,029,1,2,Erie County                   ,623,623,181941585,9,18,4212560,6,22,2200000,19,303,48717838,572,572,171686304,9,18,4212560,6,22,2200000,10,126,8979956
201809,36,047,1,2,Kings County                  ,39,39,10412953,37,74,10757309,55,175,21642965,217,5563,726303891,39,39,10412953,37,74,10757309,55,175,21642965,217,5563,726303891
201809,36,051,1,2,Livingston County             ,22,22,3448721,0,0,0,0,0,0,13,86,6494572,10,10,1688000,0,0,0,0,0,0,7,56,4816000
201809,36,055,1,2,Monroe County                 ,544,544,120772212,5,10,1125000,3,12,1474000,20,557,42717864,465,465,106963821,5,10,1125000,3,12,1474000,20,557,42717864
201809,36,059,1,2,Nassau County                 ,651,651,248968155,1,2,302667,0,0,0,12,172,66367345,568,568,214956077,0,0,0,0,0,0,9,152,63340044
201809,36,061,1,2,New York County               ,0,0,0,3,6,836587,0,0,0,42,2640,345405412,0,0,0,3,6,836587,0,0,0,42,2640,345405412
201809,36,063,1,2,Niagara County                ,126,126,33743800,0,0,0,0,0,0,2,32,3000000,120,120,32053576,0,0,0,0,0,0,2,32,3000000
201809,36,069,1,2,Ontario County                ,196,196,49776245,0,0,0,1,4,298400,25,213,22752080,160,160,41326435,0,0,0,0,0,0,24,208,22289937
201809,36,073,1,2,Orleans County                ,16,16,1917270,0,0,0,0,0,0,0,0,0,14,14,1590020,0,0,0,0,0,0,0,0,0
201809,36,079,1,2,Putnam County                 ,32,32,7629973,0,0,0,2,6,1168535,0,0,0,27,27,6270099,0,0,0,1,3,464775,0,0,0
201809,36,081,1,2,Queens County                 ,105,105,28019364,111,222,32087368,30,96,11808807,59,2571,335494515,105,105,28019364,111,222,32087368,30,96,11808807,59,2571,335494515
201809,36,083,1,2,Rensselaer County             ,88,88,21067790,3,6,790000,12,48,4579171,1,5,500000,58,58,12829954,2,4,240000,12,48,4579171,0,0,0
201809,36,085,1,2,Richmond County               ,186,186,49581554,138,276,39906657,0,0,0,1,8,1041226,186,186,49581554,138,276,39906657,0,0,0,1,8,1041226
201809,36,087,1,2,Rockland County               ,73,73,25863920,21,42,6376647,13,45,5714204,20,134,19790455,43,43,17504050,3,6,1321228,2,7,1544900,2,13,2278571
201809,36,091,1,2,Saratoga County               ,570,570,164030305,5,10,1343492,4,13,2165000,21,154,16800721,432,432,116252718,4,8,975074,3,10,1775000,5,44,5786677
201809,36,093,1,2,Schenectady County            ,55,55,9738743,0,0,0,2,8,900000,6,106,11300000,31,31,5924588,0,0,0,2,8,900000,6,106,11300000
201809,36,095,1,2,Schoharie County              ,23,23,5877833,0,0,0,0,0,0,0,0,0,18,18,5073478,0,0,0,0,0,0,0,0,0
201809,36,099,1,2,Seneca County                 ,38,38,5569030,0,0,0,0,0,0,0,0,0,36,36,5214861,0,0,0,0,0,0,0,0,0
201809,36,103,1,2,Suffolk County                ,601,601,435849286,7,14,1708387,11,44,5469534,6,159,18805536,557,557,411058914,2,4,592877,11,44,5469534,3,144,16668686
201809,36,117,1,2,Wayne County                  ,78,78,16012701,0,0,0,2,6,200000,1,8,240000,72,72,14897238,0,0,0,0,0,0,1,8,240000
201809,36,119,1,2,Westchester County            ,263,263,149364396,17,34,4171553,4,12,480000,18,423,37671641,200,200,119226659,13,26,3446905,0,0,0,2,236,11371425
201809,37,007,3,5,Anson County                  ,34,34,5095410,0,0,0,0,0,0,0,0,0,0,0,0,0,0,0,0,0,0,0,0,0
201809,37,011,3,5,Avery County                  ,74,74,38588520,1,2,85000,2,8,1200000,0,0,0,74,74,38588520,1,2,85000,2,8,1200000,0,0,0
201809,37,015,3,5,Bertie County                 ,10,10,2773550,0,0,0,0,0,0,0,0,0,6,6,2150512,0,0,0,0,0,0,0,0,0
201809,37,025,3,5,Cabarrus County               ,1477,1477,257314556,0,0,0,0,0,0,6,152,8776665,1477,1477,257314556,0,0,0,0,0,0,6,152,8776665
201809,37,033,3,5,Caswell County                ,51,51,10733858,0,0,0,0,0,0,0,0,0,51,51,10733858,0,0,0,0,0,0,0,0,0
201809,37,037,3,5,Chatham County                ,530,530,154756804,0,0,0,0,0,0,0,0,0,530,530,154756804,0,0,0,0,0,0,0,0,0
201809,37,051,3,5,Cumberland County             ,446,446,82059630,6,12,2059224,0,0,0,0,0,0,446,446,82059630,6,12,2059224,0,0,0,0,0,0
201809,37,053,3,5,Currituck County              ,318,318,80121223,0,0,0,0,0,0,0,0,0,318,318,80121223,0,0,0,0,0,0,0,0,0
201809,37,059,3,5,Davie County                  ,121,121,27129431,0,0,0,0,0,0,6,73,3441880,110,110,24494289,0,0,0,0,0,0,5,66,3126052
201809,37,063,3,5,Durham County                 ,1582,1582,302448889,6,12,1019382,0,0,0,34,966,78915516,0,0,0,0,0,0,0,0,0,0,0,0
201809,37,069,3,5,Franklin County               ,555,555,94579057,30,60,4634000,0,0,0,0,0,0,555,555,94579057,30,60,4634000,0,0,0,0,0,0
201809,37,071,3,5,Gaston County                 ,804,804,233523649,4,8,1078888,4,16,2725573,2,158,17549822,744,744,216483223,3,6,830233,4,16,2725573,2,158,17549822
201809,37,077,3,5,Granville County              ,193,193,38157911,1,2,127000,0,0,0,0,0,0,193,193,38157911,1,2,127000,0,0,0,0,0,0
201809,37,081,3,5,Guilford County               ,1152,1152,289044155,0,0,0,0,0,0,7,192,18440833,1152,1152,289044155,0,0,0,0,0,0,7,192,18440833
201809,37,089,3,5,Henderson County              ,406,406,98657451,0,0,0,0,0,0,13,300,24476740,406,406,98657451,0,0,0,0,0,0,13,300,24476740
201809,37,093,3,5,Hoke County                   ,199,199,46766280,0,0,0,0,0,0,0,0,0,199,199,46766280,0,0,0,0,0,0,0,0,0
201809,37,097,3,5,Iredell County                ,1065,1065,292941104,1,2,243514,0,0,0,20,578,79086160,1065,1065,292941104,1,2,243514,0,0,0,20,578,79086160
201809,37,101,3,5,Johnston County               ,2010,2010,334848056,2,4,500000,2,7,578000,0,0,0,2002,2002,333533613,2,4,500000,1,4,413000,0,0,0
201809,37,119,3,5,Mecklenburg County            ,4509,4509,1058098538,14,28,2546195,4,16,3127201,117,5557,449656540,4509,4509,1058098538,14,28,2546195,4,16,3127201,117,5557,449656540
201809,37,133,3,5,Onslow County                 ,758,758,116061528,7,14,1133480,0,0,0,0,0,0,758,758,116061528,7,14,1133480,0,0,0,0,0,0
201809,37,135,3,5,Orange County                 ,387,387,121309684,5,10,1699445,0,0,0,5,737,97159464,387,387,121309684,5,10,1699445,0,0,0,5,737,97159464
201809,37,145,3,5,Person County                 ,86,86,18982071,0,0,0,0,0,0,0,0,0,86,86,18982071,0,0,0,0,0,0,0,0,0
201809,37,151,3,5,Randolph County               ,262,262,51470699,11,22,925000,0,0,0,0,0,0,262,262,51470699,11,22,925000,0,0,0,0,0,0
201809,37,157,3,5,Rockingham County             ,163,163,37138502,0,0,0,1,4,414899,0,0,0,147,147,33226653,0,0,0,1,4,414899,0,0,0
201809,37,179,3,5,Union County                  ,1344,1344,304168906,0,0,0,0,0,0,0,0,0,1344,1344,304168906,0,0,0,0,0,0,0,0,0
201809,37,181,3,5,Vance County                  ,35,35,5933798,0,0,0,0,0,0,0,0,0,35,35,5933798,0,0,0,0,0,0,0,0,0
201809,37,183,3,5,Wake County                   ,6268,6268,1408441487,4,8,855641,0,0,0,111,4551,480228320,6159,6159,1385274874,4,8,855641,0,0,0,111,4551,480228320
201809,37,195,3,5,Wilson County                 ,179,179,27522587,0,0,0,0,0,0,0,0,0,179,179,27522587,0,0,0,0,0,0,0,0,0
201809,39,007,2,3,Ashtabula County              ,74,74,14976638,7,14,1760841,2,6,500000,0,0,0,63,63,12958975,6,12,1600000,2,6,500000,0,0,0
201809,39,015,2,3,Brown County                  ,61,61,15773125,2,4,556358,0,0,0,0,0,0,61,61,15773125,2,4,556358,0,0,0,0,0,0
201809,39,017,2,3,Butler County                 ,548,548,116794489,3,6,780000,1,3,225000,1,5,357170,545,545,116302338,3,6,780000,1,3,225000,0,0,0
201809,39,025,2,3,Clermont County               ,398,398,89333864,4,8,1160000,10,35,2136363,6,37,1493794,398,398,89333864,4,8,1160000,10,35,2136363,6,37,1493794
201809,39,041,2,3,Delaware County               ,1034,1034,240341425,3,6,1442296,2,8,1980000,38,359,38197305,957,957,218066822,3,6,1442296,2,8,1980000,29,272,28180129
201809,39,049,2,3,Franklin County               ,1115,1115,352521120,26,52,7475000,28,103,12013402,80,2134,198085249,1072,1072,342716341,26,52,7475000,28,103,12013402,79,2129,197860249
201809,39,055,2,3,Geauga County                 ,117,117,38302364,0,0,0,0,0,0,0,0,0,117,117,38302364,0,0,0,0,0,0,0,0,0
201809,39,085,2,3,Lake County                   ,284,284,66607030,0,0,0,0,0,0,1,6,548780,283,283,66348530,0,0,0,0,0,0,0,0,0
201809,39,089,2,3,Licking County                ,207,207,53964355,3,6,1006358,0,0,0,0,0,0,207,207,53964355,3,6,1006358,0,0,0,0,0,0
201809,39,093,2,3,Lorain County                 ,668,668,144234284,12,24,3216044,19,73,9059215,4,24,1199250,448,448,102981006,7,14,2013344,17,66,7594624,2,10,760000
201809,39,097,2,3,Madison County                ,122,122,37070377,0,0,0,0,0,0,0,0,0,118,118,36414377,0,0,0,0,0,0,0,0,0
201809,39,103,2,3,Medina County                 ,500,500,125710975,1,2,90000,0,0,0,3,38,2774000,493,493,124409221,1,2,90000,0,0,0,3,38,2774000
201809,39,117,2,3,Morrow County                 ,54,54,6882973,0,0,0,0,0,0,0,0,0,33,33,6567973,0,0,0,0,0,0,0,0,0
201809,39,159,2,3,Union County                  ,446,446,136915567,3,6,880000,1,3,120000,7,96,7684638,446,446,136915567,3,6,880000,1,3,120000,7,96,7684638
201809,39,165,2,3,Warren County                 ,928,928,261767395,1,2,360184,3,12,2808993,11,167,17103470,928,928,261767395,1,2,360184,3,12,2808993,11,167,17103470
201809,40,001,3,7,Adair County                  ,3,3,445287,0,0,0,0,0,0,0,0,0,1,1,60000,0,0,0,0,0,0,0,0,0
201809,40,017,3,7,Canadian County               ,261,261,59349211,39,78,6230406,4,16,1738940,0,0,0,213,213,48287282,36,72,5943156,4,16,1738940,0,0,0
201809,40,021,3,7,Cherokee County               ,51,51,6693149,4,8,520000,0,0,0,4,20,976192,0,0,0,0,0,0,0,0,0,0,0,0
201809,40,027,3,7,Cleveland County              ,494,494,121117125,4,8,1502220,3,10,865000,0,0,0,494,494,121117125,4,8,1502220,3,10,865000,0,0,0
201809,40,029,3,7,Coal County                   ,10,10,100000,0,0,0,0,0,0,0,0,0,10,10,100000,0,0,0,0,0,0,0,0,0
201809,40,037,3,7,Creek County                  ,52,52,10775806,0,0,0,0,0,0,5,156,12000000,43,43,8803987,0,0,0,0,0,0,5,156,12000000
201809,40,051,3,7,Grady County                  ,106,106,17892508,2,4,280000,0,0,0,0,0,0,52,52,6257407,2,4,280000,0,0,0,0,0,0
201809,40,055,3,7,Greer County                  ,0,0,0,0,0,0,0,0,0,0,0,0,0,0,0,0,0,0,0,0,0,0,0,0
201809,40,081,3,7,Lincoln County                ,5,5,863060,0,0,0,0,0,0,0,0,0,5,5,863060,0,0,0,0,0,0,0,0,0
201809,40,083,3,7,Logan County                  ,2,2,306000,1,2,100000,0,0,0,0,0,0,2,2,306000,1,2,100000,0,0,0,0,0,0
201809,40,087,3,7,McClain County                ,284,284,55862944,4,8,1000000,0,0,0,0,0,0,235,235,44769780,4,8,1000000,0,0,0,0,0,0
201809,40,109,3,7,Oklahoma County               ,3083,3083,713148300,55,110,12366979,4,13,1615000,3,31,2188790,2446,2446,587731937,47,94,10753833,4,13,1615000,0,0,0
201809,40,111,3,7,Okmulgee County               ,7,7,910000,0,0,0,0,0,0,0,0,0,7,7,910000,0,0,0,0,0,0,0,0,0
201809,40,113,3,7,Osage County                  ,94,94,21349097,1,2,87500,0,0,0,1,7,452174,94,94,21349097,1,2,87500,0,0,0,1,7,452174
201809,40,117,3,7,Pawnee County                 ,2,2,585000,0,0,0,0,0,0,0,0,0,2,2,585000,0,0,0,0,0,0,0,0,0
201809,40,131,3,7,Rogers County                 ,355,355,65932218,2,4,295000,0,0,0,2,18,799800,346,346,65048887,2,4,295000,0,0,0,2,18,799800
201809,40,143,3,7,Tulsa County                  ,1422,1422,335847305,4,8,882394,2,8,624400,3,17,1732096,1310,1310,307440725,4,8,882394,2,8,624400,3,17,1732096
201809,40,145,3,7,Wagoner County                ,273,273,58306031,0,0,0,2,8,470000,1,5,340776,265,265,57204000,0,0,0,2,8,470000,0,0,0
201809,41,000,4,9,Oregon Balance of State       ,140,140,17275277,0,0,0,0,0,0,0,0,0,7,7,1443651,0,0,0,0,0,0,0,0,0
201809,41,005,4,9,Clackamas County              ,961,961,300639509,3,6,901495,3,9,1772828,15,225,37750216,863,863,250283585,3,6,901495,3,9,1772828,7,139,25244354
201809,41,017,4,9,Deschutes County              ,1295,1295,349215412,16,32,6627123,0,0,0,2,10,665000,1153,1153,314562084,15,30,6233437,0,0,0,0,0,0
201809,41,019,4,9,Douglas County                ,209,209,54787506,2,4,525267,0,0,0,0,0,0,209,209,54787506,2,4,525267,0,0,0,0,0,0
201809,41,025,4,9,Harney County                 ,6,6,1911864,0,0,0,0,0,0,0,0,0,6,6,1911864,0,0,0,0,0,0,0,0,0
201809,41,035,4,9,Klamath County                ,106,106,26647749,0,0,0,0,0,0,0,0,0,106,106,26647749,0,0,0,0,0,0,0,0,0
201809,41,051,4,9,Multnomah County              ,968,968,263438016,93,186,33927259,5,17,2290741,67,3627,483700135,968,968,263438016,93,186,33927259,5,17,2290741,67,3627,483700135
201809,41,067,4,9,Washington County             ,957,957,286985582,5,10,1630355,1,4,715009,27,419,46632077,948,948,284825304,5,10,1630355,1,4,715009,27,419,46632077
201809,41,071,4,9,Yamhill County                ,299,299,84896170,4,8,1145126,3,10,1269424,3,16,2100919,233,233,69166275,4,8,1145126,3,10,1269424,3,16,2100919
201809,42,001,1,2,Adams County                  ,167,167,38701022,0,0,0,0,0,0,0,0,0,147,147,34610329,0,0,0,0,0,0,0,0,0
201809,42,017,1,2,Bucks County                  ,576,576,149595615,0,0,0,3,11,1017000,10,57,5766604,454,454,124046541,0,0,0,3,11,1017000,10,57,5766604
201809,42,029,1,2,Chester County                ,1024,1024,206536297,0,0,0,6,21,3068196,7,252,32507227,896,896,175368356,0,0,0,4,15,2060196,7,252,32507227
201809,42,037,1,2,Columbia County               ,55,55,12744933,0,0,0,1,3,387224,1,64,8434057,35,35,7167694,0,0,0,0,0,0,1,64,8434057
201809,42,041,1,2,Cumberland County             ,608,608,129417916,0,0,0,3,11,1275620,20,331,41997963,578,578,123736098,0,0,0,3,11,1275620,20,331,41997963
201809,42,043,1,2,Dauphin County                ,347,347,63811810,0,0,0,11,40,6540339,9,174,17448375,310,310,55072942,0,0,0,11,40,6540339,9,174,17448375
201809,42,045,1,2,Delaware County               ,247,247,66946763,0,0,0,5,20,980000,1,32,13158863,109,109,31479364,0,0,0,5,20,980000,1,32,13158863
201809,42,055,1,2,Franklin County               ,259,259,45120483,1,2,285000,0,0,0,13,81,7564393,208,208,38035709,1,2,285000,0,0,0,4,34,3347900
201809,42,091,1,2,Montgomery County             ,730,730,168850644,5,10,2491330,12,46,7407895,26,1233,193463998,568,568,131553562,5,10,2491330,12,46,7407895,21,1182,187202226
201809,42,093,1,2,Montour County                ,17,17,5366007,0,0,0,0,0,0,2,17,1274635,12,12,4144040,0,0,0,0,0,0,1,12,600000
201809,42,099,1,2,Perry County                  ,73,73,18609509,0,0,0,0,0,0,0,0,0,5,5,1316200,0,0,0,0,0,0,0,0,0
201809,42,101,1,2,Philadelphia County           ,484,484,128180665,87,174,31395439,96,323,36947063,83,1485,196016140,228,228,60739873,49,98,18100778,51,166,18948060,63,981,128438884
201809,42,103,1,2,Pike County                   ,70,70,18848768,0,0,0,0,0,0,0,0,0,57,57,15439767,0,0,0,0,0,0,0,0,0
201809,44,001,1,1,Bristol County                ,29,29,7627536,1,2,318000,0,0,0,1,100,9159410,27,27,6627012,1,2,318000,0,0,0,1,100,9159410
201809,44,003,1,1,Kent County                   ,108,108,18016130,15,30,3375475,2,6,576950,0,0,0,86,86,14068647,14,28,3128475,2,6,576950,0,0,0
201809,44,005,1,1,Newport County                ,101,101,35611061,1,2,167000,1,3,430000,0,0,0,98,98,35033923,1,2,167000,0,0,0,0,0,0
201809,44,007,1,1,Providence County             ,207,207,38776128,10,20,2380714,0,0,0,6,57,7125000,126,126,27113044,7,14,1840714,0,0,0,5,52,6750000
201809,44,009,1,1,Washington County             ,237,237,60283288,11,22,4380000,4,12,1321000,1,24,372000,183,183,43079615,11,22,4380000,4,12,1321000,1,24,372000
201809,45,003,3,5,Aiken County                  ,678,678,143895861,0,0,0,0,0,0,4,21,1687501,626,626,132499342,0,0,0,0,0,0,0,0,0
201809,45,009,3,5,Bamberg County                ,9,9,1753358,0,0,0,0,0,0,0,0,0,9,9,1753358,0,0,0,0,0,0,0,0,0
201809,45,015,3,5,Berkeley County               ,1327,1327,373738815,0,0,0,0,0,0,11,318,8298322,999,999,288469329,0,0,0,0,0,0,0,0,0
201809,45,017,3,5,Calhoun County                ,22,22,3818679,0,0,0,0,0,0,0,0,0,9,9,1897479,0,0,0,0,0,0,0,0,0
201809,45,019,3,5,Charleston County             ,1923,1923,565992820,0,0,0,0,0,0,34,906,64202303,1022,1022,420077851,0,0,0,0,0,0,7,280,21208799
201809,45,035,3,5,Dorchester County             ,540,540,153759982,0,0,0,0,0,0,0,0,0,539,539,153652482,0,0,0,0,0,0,0,0,0
201809,45,037,3,5,Edgefield County              ,80,80,18440334,0,0,0,0,0,0,0,0,0,80,80,18440334,0,0,0,0,0,0,0,0,0
201809,45,039,3,5,Fairfield County              ,38,38,8316293,0,0,0,0,0,0,0,0,0,38,38,8316293,0,0,0,0,0,0,0,0,0
201809,45,045,3,5,Greenville County             ,2731,2731,969069138,1,2,500000,0,0,0,27,988,108467053,2583,2583,964666515,1,2,500000,0,0,0,25,978,108114301
201809,45,051,3,5,Horry County                  ,3257,3257,596111377,4,8,1111096,1,4,634821,27,369,28185957,3012,3012,534137646,3,6,542616,1,4,634821,23,349,26493815
201809,45,055,3,5,Kershaw County                ,239,239,33436040,0,0,0,0,0,0,0,0,0,239,239,33436040,0,0,0,0,0,0,0,0,0
201809,45,059,3,5,Laurens County                ,138,138,21139692,0,0,0,0,0,0,0,0,0,135,135,20827636,0,0,0,0,0,0,0,0,0
201809,45,063,3,5,Lexington County              ,1434,1434,364853127,0,0,0,0,0,0,2,35,3425350,344,344,84298855,0,0,0,0,0,0,0,0,0
201809,45,077,3,5,Pickens County                ,350,350,94660365,0,0,0,1,3,390000,10,194,24592772,259,259,67551386,0,0,0,0,0,0,0,0,0
201809,45,079,3,5,Richland County               ,1743,1743,244916376,14,28,1365955,0,0,0,14,291,16424842,378,378,71598702,14,28,1365955,0,0,0,0,0,0
201809,45,081,3,5,Saluda County                 ,35,35,6991115,0,0,0,0,0,0,0,0,0,35,35,6991115,0,0,0,0,0,0,0,0,0
201809,45,085,3,5,Sumter County                 ,209,209,26808266,0,0,0,0,0,0,0,0,0,171,171,21655998,0,0,0,0,0,0,0,0,0
201809,45,091,3,5,York County                   ,1857,1857,618546072,0,0,0,0,0,0,13,209,22685012,848,848,269017131,0,0,0,0,0,0,0,0,0
201809,46,007,2,4,Bennett County                ,2,2,130000,0,0,0,0,0,0,0,0,0,2,2,130000,0,0,0,0,0,0,0,0,0
201809,46,055,2,4,Haakon County                 ,0,0,0,0,0,0,0,0,0,0,0,0,0,0,0,0,0,0,0,0,0,0,0,0
201809,46,071,2,4,Jackson County                ,0,0,0,0,0,0,0,0,0,0,0,0,0,0,0,0,0,0,0,0,0,0,0,0
201809,46,111,2,4,Sanborn County                ,3,3,500000,0,0,0,0,0,0,0,0,0,3,3,500000,0,0,0,0,0,0,0,0,0
201809,47,001,3,6,Anderson County               ,144,144,29727586,0,0,0,0,0,0,0,0,0,137,137,28224940,0,0,0,0,0,0,0,0,0
201809,47,015,3,6,Cannon County                 ,8,8,1009520,0,0,0,0,0,0,0,0,0,0,0,0,0,0,0,0,0,0,0,0,0
201809,47,021,3,6,Cheatham County               ,248,248,42891680,0,0,0,0,0,0,0,0,0,229,229,40302607,0,0,0,0,0,0,0,0,0
201809,47,037,3,6,Davidson County               ,2761,2761,685216217,1,2,400000,4,16,2154773,29,1890,148328481,2761,2761,685216217,1,2,400000,4,16,2154773,29,1890,148328481
201809,47,043,3,6,Dickson County                ,243,243,49378387,0,0,0,0,0,0,0,0,0,96,96,20799927,0,0,0,0,0,0,0,0,0
201809,47,049,3,6,Fentress County               ,0,0,0,0,0,0,0,0,0,0,0,0,0,0,0,0,0,0,0,0,0,0,0,0
201809,47,081,3,6,Hickman County                ,56,56,9602412,1,2,140000,0,0,0,0,0,0,25,25,4085044,1,2,140000,0,0,0,0,0,0
201809,47,093,3,6,Knox County                   ,1494,1494,298719886,0,0,0,11,44,6010281,13,459,53875664,1494,1494,298719886,0,0,0,11,44,6010281,13,459,53875664
201809,47,105,3,6,Loudon County                 ,308,308,74400138,0,0,0,0,0,0,0,0,0,285,285,70532378,0,0,0,0,0,0,0,0,0
201809,47,125,3,6,Montgomery County             ,1164,1164,186465791,6,12,745000,20,76,4114000,21,148,8929000,1164,1164,186465791,6,12,745000,20,76,4114000,21,148,8929000
201809,47,139,3,6,Polk County                   ,150,150,27018609,0,0,0,0,0,0,0,0,0,0,0,0,0,0,0,0,0,0,0,0,0
201809,47,149,3,6,Rutherford County             ,2096,2096,494125236,4,8,1051514,2,8,639707,40,980,107598611,2019,2019,481066883,3,6,597478,2,8,639707,38,969,106847635
201809,47,153,3,6,Sequatchie County             ,7,7,812000,0,0,0,0,0,0,0,0,0,7,7,812000,0,0,0,0,0,0,0,0,0
201809,47,157,3,6,Shelby County                 ,753,753,199165047,1,2,108119,0,0,0,9,1031,96977717,753,753,199165047,1,2,108119,0,0,0,9,1031,96977717
201809,47,159,3,6,Smith County                  ,67,67,11685957,0,0,0,0,0,0,0,0,0,62,62,10728569,0,0,0,0,0,0,0,0,0
201809,47,161,3,6,Stewart County                ,5,5,762000,0,0,0,0,0,0,0,0,0,0,0,0,0,0,0,0,0,0,0,0,0
201809,47,165,3,6,Sumner County                 ,1012,1012,251984029,0,0,0,0,0,0,21,466,11952690,997,997,248762167,0,0,0,0,0,0,21,466,11952690
201809,47,167,3,6,Tipton County                 ,146,146,27368397,0,0,0,0,0,0,0,0,0,83,83,18521239,0,0,0,0,0,0,0,0,0
201809,47,169,3,6,Trousdale County              ,64,64,10047000,0,0,0,10,40,1948000,2,10,574000,64,64,10047000,0,0,0,10,40,1948000,2,10,574000
201809,47,173,3,6,Union County                  ,84,84,13790333,0,0,0,0,0,0,0,0,0,82,82,13637000,0,0,0,0,0,0,0,0,0
201809,47,175,3,6,Van Buren County              ,2,2,200000,0,0,0,0,0,0,0,0,0,2,2,200000,0,0,0,0,0,0,0,0,0
201809,47,189,3,6,Wilson County                 ,1070,1070,312043706,1,2,650000,0,0,0,4,72,4704000,1022,1022,297660119,1,2,650000,0,0,0,4,72,4704000
201809,48,013,3,7,Atascosa County               ,27,27,4887507,0,0,0,0,0,0,0,0,0,19,19,3488680,0,0,0,0,0,0,0,0,0
201809,48,015,3,7,Austin County                 ,25,25,5016091,0,0,0,0,0,0,0,0,0,10,10,2150662,0,0,0,0,0,0,0,0,0
201809,48,019,3,7,Bandera County                ,0,0,0,0,0,0,0,0,0,0,0,0,0,0,0,0,0,0,0,0,0,0,0,0
201809,48,021,3,7,Bastrop County                ,132,132,17906925,3,6,280000,0,0,0,0,0,0,106,106,14112506,3,6,280000,0,0,0,0,0,0
201809,48,025,3,7,Bee County                    ,5,5,462268,0,0,0,0,0,0,0,0,0,1,1,50000,0,0,0,0,0,0,0,0,0
201809,48,027,3,7,Bell County                   ,1410,1410,261551362,95,190,14813594,0,0,0,1,5,208333,1373,1373,254173808,91,182,14039940,0,0,0,0,0,0
201809,48,029,3,7,Bexar County                  ,3434,3434,709150061,41,82,6547588,6,20,1270047,119,1407,127478423,3031,3031,655823737,41,82,6547588,4,14,1270047,109,1351,115544869
201809,48,051,3,7,Burleson County               ,5,5,881300,0,0,0,0,0,0,0,0,0,5,5,881300,0,0,0,0,0,0,0,0,0
201809,48,055,3,7,Caldwell County               ,205,205,40522163,11,22,1560000,0,0,0,6,140,7485600,27,27,3440622,10,20,1380000,0,0,0,6,140,7485600
201809,48,085,3,7,Collin County                 ,7969,7969,2333360189,3,6,918912,0,0,0,24,3154,436157025,7388,7388,2167387806,3,6,918912,0,0,0,24,3154,436157025
201809,48,091,3,7,Comal County                  ,1801,1801,376050168,4,8,692552,0,0,0,7,281,34000000,1790,1790,372884225,4,8,692552,0,0,0,7,281,34000000
201809,48,099,3,7,Coryell County                ,155,155,21789269,14,28,2067352,0,0,0,1,8,400000,132,132,18499291,12,24,1767174,0,0,0,1,8,400000
201809,48,107,3,7,Crosby County                 ,3,3,201000,0,0,0,0,0,0,0,0,0,0,0,0,0,0,0,0,0,0,0,0,0
201809,48,113,3,7,Dallas County                 ,3893,3893,1202273262,74,148,31966136,85,335,45394550,240,9644,968302618,3837,3837,1189409298,74,148,31966136,84,332,44862306,223,8906,905354297
201809,48,119,3,7,Delta County                  ,3,3,698899,0,0,0,0,0,0,0,0,0,3,3,698899,0,0,0,0,0,0,0,0,0
201809,48,135,3,7,Ector County                  ,532,532,104359373,10,20,1182270,0,0,0,0,0,0,452,452,89166088,10,20,1182270,0,0,0,0,0,0
201809,48,139,3,7,Ellis County                  ,1532,1532,344712760,8,16,1529556,1,3,390032,28,449,42096984,1065,1065,252444802,7,14,1312415,1,3,390032,22,388,31713265
201809,48,141,3,7,El Paso County                ,1724,1724,361550257,38,76,9115735,20,76,8785267,24,414,56238606,749,749,160811254,30,60,7673518,3,12,1717476,12,165,27434760
201809,48,157,3,7,Fort Bend County              ,7325,7325,656707449,8,16,2484227,0,0,0,9,57,4460731,1087,1087,327736204,3,6,1381905,0,0,0,0,0,0
201809,48,167,3,7,Galveston County              ,1666,1666,390869742,0,0,0,0,0,0,0,0,0,1480,1480,354872991,0,0,0,0,0,0,0,0,0
201809,48,185,3,7,Grimes County                 ,25,25,2755576,0,0,0,0,0,0,0,0,0,6,6,695463,0,0,0,0,0,0,0,0,0
201809,48,187,3,7,Guadalupe County              ,716,716,173816337,5,10,1113145,0,0,0,0,0,0,716,716,173816337,5,10,1113145,0,0,0,0,0,0
201809,48,193,3,7,Hamilton County               ,6,6,480000,0,0,0,0,0,0,0,0,0,0,0,0,0,0,0,0,0,0,0,0,0
201809,48,195,3,7,Hansford County               ,0,0,0,0,0,0,0,0,0,0,0,0,0,0,0,0,0,0,0,0,0,0,0,0
201809,48,201,3,7,Harris County                 ,14047,14047,2888064045,71,142,17152024,20,80,11171299,225,9748,1243265899,13902,13902,2839459432,71,142,17152024,20,80,11171299,223,9727,1241650514
201809,48,211,3,7,Hemphill County               ,0,0,0,0,0,0,0,0,0,0,0,0,0,0,0,0,0,0,0,0,0,0,0,0
201809,48,215,3,7,Hidalgo County                ,2409,2409,375506167,94,188,13878774,128,509,45992219,15,513,46302614,1947,1947,292160538,84,168,12569641,74,294,22514208,9,338,28866251
201809,48,233,3,7,Hutchinson County             ,0,0,0,0,0,0,0,0,0,1,5,396770,0,0,0,0,0,0,0,0,0,0,0,0
201809,48,251,3,7,Johnson County                ,586,586,117080305,2,4,675000,0,0,0,0,0,0,565,565,113000988,2,4,675000,0,0,0,0,0,0
201809,48,257,3,7,Kaufman County                ,693,693,141683435,0,0,0,2,8,360000,25,332,25800000,675,675,137513227,0,0,0,2,8,360000,25,332,25800000
201809,48,259,3,7,Kendall County                ,267,267,68454909,0,0,0,0,0,0,0,0,0,242,242,61777750,0,0,0,0,0,0,0,0,0
201809,48,271,3,7,Kinney County                 ,1,1,195179,0,0,0,0,0,0,0,0,0,1,1,195179,0,0,0,0,0,0,0,0,0
201809,48,281,3,7,Lampasas County               ,36,36,5675438,1,2,150000,0,0,0,0,0,0,36,36,5675438,1,2,150000,0,0,0,0,0,0
201809,48,291,3,7,Liberty County                ,572,572,72001917,1,2,132500,0,0,0,0,0,0,556,556,69732965,1,2,132500,0,0,0,0,0,0
201809,48,303,3,7,Lubbock County                ,1177,1177,248170530,8,16,2082624,3,11,1187125,38,376,41208127,650,650,131050670,3,6,858900,1,4,250000,5,69,7048839
201809,48,323,3,7,Maverick County               ,52,52,13445926,2,4,221962,0,0,0,0,0,0,52,52,13445926,2,4,221962,0,0,0,0,0,0
201809,48,325,3,7,Medina County                 ,24,24,4927820,0,0,0,0,0,0,0,0,0,20,20,4075760,0,0,0,0,0,0,0,0,0
201809,48,329,3,7,Midland County                ,889,889,179988947,0,0,0,0,0,0,0,0,0,889,889,179988947,0,0,0,0,0,0,0,0,0
201809,48,339,3,7,Montgomery County             ,5284,5284,1117903213,15,30,2000000,6,23,1580940,0,0,0,5229,5229,1108201983,15,30,2000000,6,23,1580940,0,0,0
201809,48,367,3,7,Parker County                 ,325,325,72549313,0,0,0,0,0,0,12,288,25072065,210,210,48514785,0,0,0,0,0,0,12,288,25072065
201809,48,375,3,7,Potter County                 ,440,440,110832408,0,0,0,0,0,0,1,101,11428192,440,440,110832408,0,0,0,0,0,0,1,101,11428192
201809,48,383,3,7,Reagan County                 ,1,1,204195,0,0,0,0,0,0,0,0,0,0,0,0,0,0,0,0,0,0,0,0,0
201809,48,385,3,7,Real County                   ,0,0,0,0,0,0,0,0,0,0,0,0,0,0,0,0,0,0,0,0,0,0,0,0
201809,48,395,3,7,Robertson County              ,73,73,14333751,0,0,0,0,0,0,0,0,0,72,72,14102505,0,0,0,0,0,0,0,0,0
201809,48,397,3,7,Rockwall County               ,1236,1236,375057885,0,0,0,0,0,0,0,0,0,1236,1236,375057885,0,0,0,0,0,0,0,0,0
201809,48,407,3,7,San Jacinto County            ,286,286,63338074,0,0,0,0,0,0,0,0,0,71,71,16418459,0,0,0,0,0,0,0,0,0
201809,48,411,3,7,San Saba County               ,2,2,315000,0,0,0,0,0,0,0,0,0,2,2,315000,0,0,0,0,0,0,0,0,0
201809,48,451,3,7,Tom Green County              ,200,200,42799196,0,0,0,0,0,0,0,0,0,200,200,42799196,0,0,0,0,0,0,0,0,0
201809,48,453,3,7,Travis County                 ,6994,6994,1651852470,9,18,2386366,5,17,6730400,242,8662,699274848,6775,6775,1580884795,8,16,2244282,5,17,6730400,241,8657,698608181
201809,48,473,3,7,Waller County                 ,68,68,8758070,0,0,0,1,3,450000,10,51,1131210,68,68,8758070,0,0,0,0,0,0,0,0,0
201809,48,491,3,7,Williamson County             ,3800,3800,1028569884,18,36,3820940,3,12,1264515,65,1701,148439730,3601,3601,983414538,18,36,3820940,3,12,1264515,65,1701,148439730
201809,48,493,3,7,Wilson County                 ,45,45,9100702,0,0,0,0,0,0,0,0,0,2,2,389405,0,0,0,0,0,0,0,0,0
201809,48,497,3,7,Wise County                   ,63,63,11931973,1,2,218000,0,0,0,0,0,0,59,59,11254127,1,2,218000,0,0,0,0,0,0
201809,49,011,4,8,Davis County                  ,1190,1190,296362226,3,6,880000,20,74,10082922,13,183,17445072,1182,1182,292986964,3,6,880000,17,64,8235786,13,183,17445072
201809,49,023,4,8,Juab County                   ,58,58,16643424,0,0,0,2,8,600930,0,0,0,55,55,15889492,0,0,0,2,8,600930,0,0,0
201809,49,029,4,8,Morgan County                 ,51,51,22933238,0,0,0,0,0,0,0,0,0,42,42,20188814,0,0,0,0,0,0,0,0,0
201809,49,035,4,8,Salt Lake County              ,3609,3609,932504882,25,50,8457523,35,126,19662259,118,2007,268972503,2850,2850,746908617,22,44,7339978,29,107,16765261,102,1677,222674431
201809,49,039,4,8,Sanpete County                ,54,54,10476773,0,0,0,0,0,0,0,0,0,54,54,10476773,0,0,0,0,0,0,0,0,0
201809,49,043,4,8,Summit County                 ,215,215,104426351,0,0,0,3,9,2524590,11,64,14032927,123,123,58656346,0,0,0,0,0,0,1,10,4806660
201809,49,057,4,8,Weber County                  ,731,731,185219020,2,4,536694,28,106,13807066,10,66,7253238,679,679,172265745,1,2,280000,26,100,13101146,10,66,7253238
201809,51,003,3,5,Albemarle County              ,457,457,144569253,1,2,225000,0,0,0,12,202,15491684,134,134,42560451,1,2,225000,0,0,0,4,96,4000000
201809,51,007,3,5,Amelia County                 ,39,39,6997860,0,0,0,0,0,0,0,0,0,39,39,6997860,0,0,0,0,0,0,0,0,0
201809,51,009,3,5,Amherst County                ,46,46,10021797,0,0,0,0,0,0,0,0,0,37,37,8355702,0,0,0,0,0,0,0,0,0
201809,51,013,3,5,Arlington County              ,174,174,74753488,0,0,0,0,0,0,8,2293,256930400,174,174,74753488,0,0,0,0,0,0,8,2293,256930400
201809,51,015,3,5,Augusta County                ,133,133,29220214,0,0,0,0,0,0,0,0,0,133,133,29220214,0,0,0,0,0,0,0,0,0
201809,51,019,3,5,Bedford County                ,6,6,1493000,0,0,0,2,6,1000000,5,45,2900000,6,6,1493000,0,0,0,2,6,1000000,5,45,2900000
201809,51,033,3,5,Caroline County               ,82,82,17881546,0,0,0,0,0,0,0,0,0,82,82,17881546,0,0,0,0,0,0,0,0,0
201809,51,036,3,5,Charles City County           ,17,17,2844297,0,0,0,0,0,0,0,0,0,4,4,732500,0,0,0,0,0,0,0,0,0
201809,51,037,3,5,Charlotte County              ,18,18,3357690,0,0,0,0,0,0,0,0,0,18,18,3357690,0,0,0,0,0,0,0,0,0
201809,51,041,3,5,Chesterfield County           ,1207,1207,248023117,2,4,643000,25,94,11010207,20,562,43189336,1207,1207,248023117,2,4,643000,25,94,11010207,20,562,43189336
201809,51,043,3,5,Clarke County                 ,31,31,10703503,0,0,0,0,0,0,0,0,0,26,26,8846730,0,0,0,0,0,0,0,0,0
201809,51,049,3,5,Cumberland County             ,21,21,2850685,0,0,0,0,0,0,0,0,0,21,21,2850685,0,0,0,0,0,0,0,0,0
201809,51,051,3,5,Dickenson County              ,1,1,200000,0,0,0,0,0,0,0,0,0,1,1,200000,0,0,0,0,0,0,0,0,0
201809,51,053,3,5,Dinwiddie County              ,59,59,6491950,0,0,0,0,0,0,0,0,0,0,0,0,0,0,0,0,0,0,0,0,0
201809,51,059,3,5,Fairfax County                ,796,796,187328611,0,0,0,0,0,0,11,489,62865041,796,796,187328611,0,0,0,0,0,0,11,489,62865041
201809,51,061,3,5,Fauquier County               ,246,246,96715126,0,0,0,0,0,0,0,0,0,246,246,96715126,0,0,0,0,0,0,0,0,0
201809,51,069,3,5,Frederick County              ,413,413,98086112,2,4,800000,7,25,2759000,22,126,16752885,413,413,98086112,2,4,800000,7,25,2759000,22,126,16752885
201809,51,073,3,5,Gloucester County             ,135,135,35534033,0,0,0,0,0,0,0,0,0,135,135,35534033,0,0,0,0,0,0,0,0,0
201809,51,075,3,5,Goochland County              ,152,152,43739784,0,0,0,0,0,0,0,0,0,152,152,43739784,0,0,0,0,0,0,0,0,0
201809,51,085,3,5,Hanover County                ,383,383,76845897,0,0,0,0,0,0,0,0,0,383,383,76845897,0,0,0,0,0,0,0,0,0
201809,51,087,3,5,Henrico County                ,827,827,136530216,110,220,9583353,0,0,0,1,148,9384923,827,827,136530216,110,220,9583353,0,0,0,1,148,9384923
201809,51,093,3,5,Isle of Wight County          ,136,136,28187214,0,0,0,0,0,0,0,0,0,86,86,18470672,0,0,0,0,0,0,0,0,0
201809,51,095,3,5,James City County             ,302,302,74927537,9,18,2128000,5,18,2681052,3,30,2464000,302,302,74927537,9,18,2128000,5,18,2681052,3,30,2464000
201809,51,097,3,5,King and Queen County         ,11,11,1784006,0,0,0,0,0,0,0,0,0,11,11,1784006,0,0,0,0,0,0,0,0,0
201809,51,099,3,5,King George County            ,111,111,21645811,0,0,0,0,0,0,0,0,0,111,111,21645811,0,0,0,0,0,0,0,0,0
201809,51,107,3,5,Loudoun County                ,1967,1967,402961402,0,0,0,0,0,0,20,734,69756017,1967,1967,402961402,0,0,0,0,0,0,20,734,69756017
201809,51,109,3,5,Louisa County                 ,218,218,45588513,0,0,0,0,0,0,0,0,0,218,218,45588513,0,0,0,0,0,0,0,0,0
201809,51,115,3,5,Mathews County                ,19,19,3872197,0,0,0,0,0,0,0,0,0,19,19,3872197,0,0,0,0,0,0,0,0,0
201809,51,127,3,5,New Kent County               ,212,212,52400924,0,0,0,0,0,0,0,0,0,212,212,52400924,0,0,0,0,0,0,0,0,0
201809,51,139,3,5,Page County                   ,47,47,5959892,0,0,0,0,0,0,0,0,0,47,47,5959892,0,0,0,0,0,0,0,0,0
201809,51,145,3,5,Powhatan County               ,159,159,38380782,0,0,0,0,0,0,0,0,0,159,159,38380782,0,0,0,0,0,0,0,0,0
201809,51,149,3,5,Prince George County          ,70,70,11642747,0,0,0,0,0,0,0,0,0,70,70,11642747,0,0,0,0,0,0,0,0,0
201809,51,153,3,5,Prince William County         ,931,931,196528436,0,0,0,0,0,0,7,86,9463692,931,931,196528436,0,0,0,0,0,0,7,86,9463692
201809,51,165,3,5,Rockingham County             ,302,302,85694180,0,0,0,0,0,0,0,0,0,302,302,85694180,0,0,0,0,0,0,0,0,0
201809,51,175,3,5,Southampton County            ,38,38,6309049,0,0,0,0,0,0,0,0,0,24,24,4201966,0,0,0,0,0,0,0,0,0
201809,51,177,3,5,Spotsylvania County           ,501,501,130670402,0,0,0,0,0,0,17,428,47602103,501,501,130670402,0,0,0,0,0,0,17,428,47602103
201809,51,179,3,5,Stafford County               ,833,833,196135873,0,0,0,0,0,0,0,0,0,833,833,196135873,0,0,0,0,0,0,0,0,0
201809,51,181,3,5,Surry County                  ,22,22,5034273,0,0,0,0,0,0,0,0,0,20,20,4695667,0,0,0,0,0,0,0,0,0
201809,51,183,3,5,Sussex County                 ,26,26,3333224,0,0,0,0,0,0,0,0,0,26,26,3333224,0,0,0,0,0,0,0,0,0
201809,51,187,3,5,Warren County                 ,126,126,28656664,0,0,0,0,0,0,0,0,0,126,126,28656664,0,0,0,0,0,0,0,0,0
201809,51,199,3,5,York County                   ,120,120,24189037,3,6,900000,7,26,4483091,16,472,33119939,120,120,24189037,3,6,900000,7,26,4483091,16,472,33119939
201809,51,510,3,5,Alexandria (Independent City) ,46,46,15439300,0,0,0,0,0,0,0,0,0,46,46,15439300,0,0,0,0,0,0,0,0,0
201809,51,540,3,5,Charlottesville (Independent C,73,73,20149707,0,0,0,0,0,0,9,85,24904824,0,0,0,0,0,0,0,0,0,0,0,0
201809,51,550,3,5,Chesapeake(Independent City)  ,741,741,226154833,0,0,0,0,0,0,4,110,15260378,741,741,226154833,0,0,0,0,0,0,4,110,15260378
201809,51,570,3,5,Colonial Heights (Independent ,11,11,1521330,0,0,0,0,0,0,0,0,0,11,11,1521330,0,0,0,0,0,0,0,0,0
201809,51,580,3,5,Covington (Independent City)  ,1,1,99999,0,0,0,0,0,0,0,0,0,1,1,99999,0,0,0,0,0,0,0,0,0
201809,51,600,3,5,Fairfax (Independent City)    ,10,10,2332810,0,0,0,0,0,0,0,0,0,10,10,2332810,0,0,0,0,0,0,0,0,0
201809,51,610,3,5,Falls Church (Independent City,35,35,17289796,0,0,0,0,0,0,0,0,0,29,29,14470000,0,0,0,0,0,0,0,0,0
201809,51,630,3,5,Fredericksburg(Independent Cit,35,35,6033400,0,0,0,0,0,0,6,369,31053135,35,35,6033400,0,0,0,0,0,0,6,369,31053135
201809,51,650,3,5,Hampton (Independent City)    ,140,140,8719024,0,0,0,0,0,0,0,0,0,0,0,0,0,0,0,0,0,0,0,0,0
201809,51,660,3,5,Harrisonburg (Independent City,38,38,6011632,0,0,0,0,0,0,1,33,3300000,34,34,5272440,0,0,0,0,0,0,1,33,3300000
201809,51,670,3,5,Hopewell (Independent City)   ,40,40,4149156,0,0,0,0,0,0,1,68,5860172,23,23,2594000,0,0,0,0,0,0,1,68,5860172
201809,51,680,3,5,Lynchburg (Independent City)  ,44,44,9922031,0,0,0,0,0,0,3,80,5793529,44,44,9922031,0,0,0,0,0,0,3,80,5793529
201809,51,683,3,5,Manassas (Independent City)   ,69,69,16133805,6,12,1457899,0,0,0,1,18,1114222,66,66,15458348,6,12,1457899,0,0,0,0,0,0
201809,51,685,3,5,Manassas Park (Independent Cit,0,0,0,0,0,0,0,0,0,0,0,0,0,0,0,0,0,0,0,0,0,0,0,0
201809,51,700,3,5,Newport News (Independent City,105,105,18499934,0,0,0,0,0,0,1,12,472173,93,93,17380495,0,0,0,0,0,0,0,0,0
201809,51,710,3,5,Norfolk (Independent City)    ,245,245,36797422,1,2,65000,0,0,0,1,5,780000,245,245,36797422,1,2,65000,0,0,0,1,5,780000
201809,51,730,3,5,Petersburg (Independent City) ,2,2,179518,0,0,0,0,0,0,0,0,0,2,2,179518,0,0,0,0,0,0,0,0,0
201809,51,735,3,5,Poquoson (Independent City)   ,22,22,5387620,0,0,0,1,4,671000,1,6,655588,22,22,5387620,0,0,0,1,4,671000,1,6,655588
201809,51,740,3,5,Portsmouth (Independent City) ,114,114,14204347,0,0,0,0,0,0,0,0,0,114,114,14204347,0,0,0,0,0,0,0,0,0
201809,51,760,3,5,Richmond (Independent City)   ,215,215,46240145,10,20,2382800,0,0,0,2,270,20102991,215,215,46240145,10,20,2382800,0,0,0,2,270,20102991
201809,51,800,3,5,Suffolk (Independent City)    ,417,417,97890107,0,0,0,0,0,0,5,90,9844848,417,417,97890107,0,0,0,0,0,0,5,90,9844848
201809,51,810,3,5,Virginia Beach (Independent Ci,423,423,79850370,0,0,0,0,0,0,18,245,13810005,423,423,79850370,0,0,0,0,0,0,18,245,13810005
201809,51,830,3,5,Williamsburg (Independent City,17,17,2886785,0,0,0,0,0,0,0,0,0,17,17,2886785,0,0,0,0,0,0,0,0,0
201809,53,005,4,9,Benton County                 ,704,704,211606462,11,22,3573957,3,9,1509516,12,129,12123585,449,449,133637694,9,18,2903356,3,9,1509516,3,32,2825614
201809,53,011,4,9,Clark County                  ,2002,2002,580456621,15,30,3526829,8,26,3650505,46,755,65378179,827,827,196224141,11,22,2108149,4,14,1476696,35,609,50384522
201809,53,021,4,9,Franklin County               ,485,485,132956037,18,36,3946292,0,0,0,5,25,2997760,96,96,34888444,0,0,0,0,0,0,0,0,0
201809,53,031,4,9,Jefferson County              ,117,117,27294822,0,0,0,0,0,0,0,0,0,77,77,17754502,0,0,0,0,0,0,0,0,0
201809,53,033,4,9,King County                   ,3465,3465,1347643130,137,274,57936565,111,375,71477115,156,7946,972796431,2911,2911,1098598862,137,274,57936565,109,369,70522807,145,7777,954660194
201809,53,035,4,9,Kitsap County                 ,727,727,231230674,9,18,2857999,3,9,3146562,13,215,34685596,704,704,225512818,9,18,2857999,3,9,3146562,13,215,34685596
201809,53,053,4,9,Pierce County                 ,1959,1959,592498149,54,108,19577771,13,51,8602058,63,2102,256916826,1953,1953,590102800,54,108,19577771,13,51,8602058,63,2102,256916826
201809,53,055,4,9,San Juan County               ,122,122,21460272,2,4,566000,0,0,0,0,0,0,111,111,18990919,2,4,566000,0,0,0,0,0,0
201809,53,059,4,9,Skamania County               ,46,46,10543810,1,2,300000,0,0,0,0,0,0,42,42,9643949,1,2,300000,0,0,0,0,0,0
201809,53,061,4,9,Snohomish County              ,1561,1561,509206246,45,90,19705770,57,198,41086415,65,1076,117964417,1496,1496,489138819,45,90,19705770,57,198,41086415,65,1076,117964417
201809,54,011,3,5,Cabell County                 ,51,51,10661680,4,8,1064000,4,15,602750,1,6,177000,12,12,3576198,1,2,231000,3,12,404000,1,6,177000
201809,54,015,3,5,Clay County                   ,16,16,400000,0,0,0,0,0,0,0,0,0,16,16,400000,0,0,0,0,0,0,0,0,0
201809,54,019,3,5,Fayette County                ,22,22,2375280,0,0,0,0,0,0,0,0,0,11,11,1184000,0,0,0,0,0,0,0,0,0
201809,54,037,3,5,Jefferson County              ,152,152,42074264,2,4,821000,0,0,0,1,6,1200000,148,148,41098748,2,4,821000,0,0,0,1,6,1200000
201809,54,081,3,5,Raleigh County                ,51,51,9075789,0,0,0,0,0,0,0,0,0,50,50,8947088,0,0,0,0,0,0,0,0,0
201809,55,025,2,3,Dane County                   ,1023,1023,355426140,42,84,14789824,16,57,7127219,40,1573,209724417,939,939,327701507,38,76,13682985,10,39,4695000,29,1350,189424300
201809,55,031,2,3,Douglas County                ,75,75,16195646,0,0,0,0,0,0,0,0,0,75,75,16195646,0,0,0,0,0,0,0,0,0
201809,55,037,2,3,Florence County               ,15,15,3802974,0,0,0,0,0,0,0,0,0,15,15,3802974,0,0,0,0,0,0,0,0,0
201809,55,049,2,3,Iowa County                   ,57,57,15061500,0,0,0,0,0,0,0,0,0,57,57,15061500,0,0,0,0,0,0,0,0,0
201809,55,059,2,3,Kenosha County                ,156,156,48175332,2,4,590000,0,0,0,0,0,0,142,142,44177502,2,4,590000,0,0,0,0,0,0
201809,55,079,2,3,Milwaukee County              ,101,101,33557393,10,20,4012000,0,0,0,13,569,43277398,96,96,32367247,10,20,4012000,0,0,0,12,542,40200000
201809,55,089,2,3,Ozaukee County                ,173,173,60641412,10,20,4304220,1,3,980000,9,67,8392761,90,90,25500010,10,20,4304220,1,3,980000,0,0,0
201809,55,093,2,3,Pierce County                 ,119,119,29637462,0,0,0,0,0,0,0,0,0,119,119,29637462,0,0,0,0,0,0,0,0,0
201809,55,109,2,3,St. Croix County              ,324,324,84804913,27,54,6923604,1,3,330000,1,36,5300000,285,285,75119463,18,36,4778000,0,0,0,1,36,5300000
201809,55,131,2,3,Washington County             ,287,287,86681519,19,38,4889000,0,0,0,0,0,0,201,201,55820174,19,38,4889000,0,0,0,0,0,0
201809,56,029,4,8,Park County                   ,91,91,22887836,1,2,344763,0,0,0,0,0,0,89,89,22594229,1,2,344763,0,0,0,0,0,0
201809,56,039,4,8,Teton County                  ,133,133,208433046,3,6,1869957,1,3,116499,1,5,1040398,114,114,198405008,0,0,0,0,0,0,0,0,0
