Survey,FIPS,FIPS,Region,Division,County,,1-unit,,,2-units,,,3-4 units,,,5+ units,,,1-unit rep,,,2-units rep,,,3-4 units rep,,, 5+units rep
Date,State,County,Code,Code,Name,Bldgs,Units,Value,Bldgs,Units,Value,Bldgs,Units,Value,Bldgs,Units,Value,Bldgs,Units,Value,Bldgs,Units,Value,Bldgs,Units,Value,Bldgs,Units,Value
 
201804,01,001,3,6,Autauga County                ,70,70,23040065,0,0,0,0,0,0,0,0,0,70,70,23040065,0,0,0,0,0,0,0,0,0
201804,01,007,3,6,Bibb County                   ,3,3,726317,0,0,0,0,0,0,0,0,0,0,0,0,0,0,0,0,0,0,0,0,0
201804,01,009,3,6,Blount County                 ,3,3,562191,0,0,0,0,0,0,0,0,0,3,3,562191,0,0,0,0,0,0,0,0,0
201804,01,021,3,6,Chilton County                ,14,14,1508000,0,0,0,0,0,0,5,56,5676300,14,14,1508000,0,0,0,0,0,0,5,56,5676300
201804,01,073,3,6,Jefferson County              ,452,452,139598077,0,0,0,0,0,0,12,142,12015230,386,386,129284355,0,0,0,0,0,0,12,142,12015230
201804,01,081,3,6,Lee County                    ,350,350,97852626,4,8,643419,0,0,0,1,41,10720066,112,112,30812938,0,0,0,0,0,0,0,0,0
201804,01,083,3,6,Limestone County              ,45,45,10459047,0,0,0,0,0,0,0,0,0,45,45,10459047,0,0,0,0,0,0,0,0,0
201804,01,089,3,6,Madison County                ,849,849,130635381,0,0,0,9,36,14207782,0,0,0,849,849,130635381,0,0,0,9,36,14207782,0,0,0
201804,01,113,3,6,Russell County                ,65,65,9257205,0,0,0,0,0,0,0,0,0,65,65,9257205,0,0,0,0,0,0,0,0,0
201804,01,115,3,6,St. Clair County              ,51,51,9746157,0,0,0,0,0,0,0,0,0,45,45,8544315,0,0,0,0,0,0,0,0,0
201804,01,117,3,6,Shelby County                 ,349,349,82129585,0,0,0,0,0,0,3,17,2608650,166,166,35490832,0,0,0,0,0,0,0,0,0
201804,01,127,3,6,Walker County                 ,1,1,207778,0,0,0,0,0,0,0,0,0,0,0,0,0,0,0,0,0,0,0,0,0
201804,02,013,4,9,Aleutians East Borough        ,0,0,0,0,0,0,0,0,0,0,0,0,0,0,0,0,0,0,0,0,0,0,0,0
201804,02,016,4,9,Aleutians West Census Area    ,1,1,98118,0,0,0,0,0,0,0,0,0,0,0,0,0,0,0,0,0,0,0,0,0
201804,02,020,4,9,Anchorage Municipality        ,294,294,92112781,0,0,0,4,15,2604441,5,60,9485734,0,0,0,0,0,0,0,0,0,0,0,0
201804,02,050,4,9,Bethel Census Area            ,1,1,269793,0,0,0,0,0,0,0,0,0,1,1,269793,0,0,0,0,0,0,0,0,0
201804,02,060,4,9,Bristol Bay Borough           ,2,2,310000,0,0,0,0,0,0,0,0,0,2,2,310000,0,0,0,0,0,0,0,0,0
201804,02,070,4,9,Dillingham Census Area        ,0,0,0,0,0,0,0,0,0,0,0,0,0,0,0,0,0,0,0,0,0,0,0,0
201804,02,090,4,9,Fairbanks North Star Borough  ,0,0,0,0,0,0,0,0,0,0,0,0,0,0,0,0,0,0,0,0,0,0,0,0
201804,02,100,4,9,Haines Borough                ,4,4,1114135,0,0,0,0,0,0,0,0,0,0,0,0,0,0,0,0,0,0,0,0,0
201804,02,105,4,9,Hoonah-Angoon Census Area     ,0,0,0,0,0,0,0,0,0,0,0,0,0,0,0,0,0,0,0,0,0,0,0,0
201804,02,110,4,9,Juneau City and Borough       ,13,13,2887526,0,0,0,1,3,577672,0,0,0,13,13,2887526,0,0,0,1,3,577672,0,0,0
201804,02,122,4,9,Kenai Peninsula Borough       ,27,27,6883378,0,0,0,0,0,0,0,0,0,14,14,4034000,0,0,0,0,0,0,0,0,0
201804,02,130,4,9,Ketchikan Gateway Borough     ,10,10,2623982,1,2,301442,0,0,0,0,0,0,10,10,2623982,1,2,301442,0,0,0,0,0,0
201804,02,150,4,9,Kodiak Island Borough         ,0,0,0,1,2,407185,0,0,0,0,0,0,0,0,0,1,2,407185,0,0,0,0,0,0
201804,02,158,4,9,Kusilvak Census Area          ,0,0,0,0,0,0,0,0,0,0,0,0,0,0,0,0,0,0,0,0,0,0,0,0
201804,02,170,4,9,Matanuska-Susitna Borough     ,22,22,5810422,5,10,1637174,0,0,0,0,0,0,21,21,5710427,5,10,1637174,0,0,0,0,0,0
201804,02,180,4,9,Nome Census Area              ,0,0,0,0,0,0,0,0,0,0,0,0,0,0,0,0,0,0,0,0,0,0,0,0
201804,02,185,4,9,North Slope Borough           ,1,1,274034,1,2,354010,0,0,0,0,0,0,1,1,274034,1,2,354010,0,0,0,0,0,0
201804,02,188,4,9,Northwest Arctic Borough      ,1,1,525000,0,0,0,0,0,0,0,0,0,0,0,0,0,0,0,0,0,0,0,0,0
201804,02,195,4,9,Petersburg Borough            ,1,1,155636,0,0,0,0,0,0,0,0,0,0,0,0,0,0,0,0,0,0,0,0,0
201804,02,198,4,9,Prince of Wales-Hyder Census A,0,0,0,0,0,0,0,0,0,0,0,0,0,0,0,0,0,0,0,0,0,0,0,0
201804,02,220,4,9,Sitka City and Borough        ,4,4,958235,3,6,2172810,0,0,0,0,0,0,0,0,0,0,0,0,0,0,0,0,0,0
201804,02,230,4,9,Skagway Municipality          ,2,2,418000,0,0,0,0,0,0,0,0,0,0,0,0,0,0,0,0,0,0,0,0,0
201804,02,261,4,9,Valdez-Cordova Census Area    ,3,3,950000,0,0,0,0,0,0,0,0,0,3,3,950000,0,0,0,0,0,0,0,0,0
201804,02,275,4,9,Wrangell City and Borough     ,2,2,325000,0,0,0,0,0,0,0,0,0,2,2,325000,0,0,0,0,0,0,0,0,0
201804,02,282,4,9,Yakutat City and Borough      ,0,0,0,0,0,0,0,0,0,0,0,0,0,0,0,0,0,0,0,0,0,0,0,0
201804,02,290,4,9,Yukon-Koyukuk Census Area     ,0,0,0,0,0,0,0,0,0,0,0,0,0,0,0,0,0,0,0,0,0,0,0,0
201804,04,013,4,8,Maricopa County               ,6102,6102,1671881165,39,78,11533136,20,65,10347271,58,3464,547892071,5880,5880,1606169484,39,78,11533136,20,65,10347271,54,3411,540350882
201804,04,019,4,8,Pima County                   ,1132,1132,311343154,4,8,1138582,1,4,286000,11,113,15178779,593,593,164794414,0,0,0,1,4,286000,0,0,0
201804,04,021,4,8,Pinal County                  ,1419,1419,284744929,20,40,2686393,0,0,0,0,0,0,1402,1402,279067914,20,40,2686393,0,0,0,0,0,0
201804,05,013,3,7,Calhoun County                ,0,0,0,0,0,0,0,0,0,0,0,0,0,0,0,0,0,0,0,0,0,0,0,0
201804,05,035,3,7,Crittenden County             ,23,23,4203401,0,0,0,0,0,0,0,0,0,18,18,3399214,0,0,0,0,0,0,0,0,0
201804,05,045,3,7,Faulkner County               ,97,97,21127368,4,8,609908,0,0,0,4,26,853093,19,19,3169000,0,0,0,0,0,0,0,0,0
201804,05,053,3,7,Grant County                  ,5,5,757111,0,0,0,0,0,0,0,0,0,0,0,0,0,0,0,0,0,0,0,0,0
201804,05,085,3,7,Lonoke County                 ,123,123,15054759,0,0,0,0,0,0,0,0,0,51,51,8618160,0,0,0,0,0,0,0,0,0
201804,05,087,3,7,Madison County                ,0,0,0,0,0,0,0,0,0,0,0,0,0,0,0,0,0,0,0,0,0,0,0,0
201804,05,091,3,7,Miller County                 ,10,10,1901707,0,0,0,0,0,0,0,0,0,3,3,620000,0,0,0,0,0,0,0,0,0
201804,05,105,3,7,Perry County                  ,0,0,0,0,0,0,0,0,0,0,0,0,0,0,0,0,0,0,0,0,0,0,0,0
201804,05,119,3,7,Pulaski County                ,262,262,60553493,2,4,618000,0,0,0,3,178,22483426,262,262,60553493,2,4,618000,0,0,0,3,178,22483426
201804,05,129,3,7,Searcy County                 ,0,0,0,0,0,0,0,0,0,0,0,0,0,0,0,0,0,0,0,0,0,0,0,0
201804,05,143,3,7,Washington County             ,593,593,129195774,2,4,798000,2,7,1365000,0,0,0,589,589,128040640,2,4,798000,2,7,1365000,0,0,0
201804,06,001,4,9,Alameda County                ,614,614,209396442,1,2,591535,29,98,32790041,49,2912,612229281,482,482,166069444,0,0,0,26,89,30219908,29,2430,519013272
201804,06,013,4,9,Contra Costa County           ,582,582,204867174,1,2,100000,3,10,729616,10,804,133416669,536,536,194329538,1,2,100000,1,3,400000,7,768,128148563
201804,06,017,4,9,El Dorado County              ,178,178,70232365,0,0,0,0,0,0,0,0,0,178,178,70232365,0,0,0,0,0,0,0,0,0
201804,06,019,4,9,Fresno County                 ,830,830,231110719,6,12,2354738,8,30,3748425,17,271,18696595,615,615,172300584,0,0,0,6,23,2593840,9,195,11731728
201804,06,037,4,9,Los Angeles County            ,1954,1954,752982233,198,396,74126648,18,58,12191791,146,4186,851637982,1766,1766,652340166,195,390,72801370,15,48,10501583,137,4092,832796816
201804,06,041,4,9,Marin County                  ,33,33,25244958,0,0,0,0,0,0,1,48,6600000,21,21,12923450,0,0,0,0,0,0,1,48,6600000
201804,06,059,4,9,Orange County                 ,1557,1557,476497623,86,172,42155564,40,133,29430304,39,865,138331225,1251,1251,355723404,75,150,35818906,40,133,29430304,26,525,84299130
201804,06,061,4,9,Placer County                 ,665,665,209715201,0,0,0,0,0,0,0,0,0,662,662,208487931,0,0,0,0,0,0,0,0,0
201804,06,063,4,9,Plumas County                 ,11,11,2651257,0,0,0,0,0,0,0,0,0,11,11,2651257,0,0,0,0,0,0,0,0,0
201804,06,067,4,9,Sacramento County             ,1121,1121,307074036,4,8,1568964,1,3,350000,12,260,26262298,1079,1079,299108395,4,8,1568964,1,3,350000,12,260,26262298
201804,06,069,4,9,San Benito County             ,194,194,71414420,1,2,631259,0,0,0,0,0,0,118,118,52867257,1,2,631259,0,0,0,0,0,0
201804,06,071,4,9,San Bernardino County         ,1482,1482,326944840,39,78,8387028,22,87,11117600,66,458,77316661,1401,1401,305417052,39,78,8387028,22,87,11117600,65,452,76985627
201804,06,073,4,9,San Diego County              ,1202,1202,419012573,21,42,10370990,63,217,41561341,91,2266,399347303,1173,1173,396363852,21,42,10370990,63,217,41561341,86,2220,382247636
201804,06,075,4,9,San Francisco County          ,14,14,3815273,2,4,1452000,2,7,1278075,6,399,107463684,14,14,3815273,2,4,1452000,2,7,1278075,6,399,107463684
201804,06,081,4,9,San Mateo County              ,118,118,92302303,5,10,2462142,0,0,0,18,542,114091710,66,66,59528053,3,6,1312142,0,0,0,5,351,83696799
201804,06,085,4,9,Santa Clara County            ,755,755,258676502,5,10,2575348,5,17,4279530,23,1722,303776148,732,732,248076260,5,10,2575348,4,14,3352028,21,1629,290141071
201804,06,091,4,9,Sierra County                 ,1,1,120000,0,0,0,0,0,0,0,0,0,1,1,120000,0,0,0,0,0,0,0,0,0
201804,06,113,4,9,Yolo County                   ,62,62,19143933,0,0,0,0,0,0,3,39,4491131,62,62,19143933,0,0,0,0,0,0,3,39,4491131
201804,08,001,4,8,Adams County                  ,872,872,231804499,2,4,674896,0,0,0,5,152,15208189,872,872,231804499,2,4,674896,0,0,0,5,152,15208189
201804,08,005,4,8,Arapahoe County               ,833,833,235790951,3,6,1116752,7,22,3381226,20,730,91955304,826,826,234982887,3,6,1116752,6,19,3035881,20,730,91955304
201804,08,014,4,8,Broomfield County             ,213,213,69861785,0,0,0,0,0,0,4,198,27699012,213,213,69861785,0,0,0,0,0,0,4,198,27699012
201804,08,015,4,8,Chaffee County                ,42,42,11125980,1,2,323962,1,3,549700,0,0,0,0,0,0,0,0,0,0,0,0,0,0,0
201804,08,019,4,8,Clear Creek County            ,4,4,1113369,0,0,0,0,0,0,0,0,0,2,2,439044,0,0,0,0,0,0,0,0,0
201804,08,031,4,8,Denver County                 ,846,846,230017692,1,2,150000,0,0,0,49,2047,302834323,846,846,230017692,1,2,150000,0,0,0,49,2047,302834323
201804,08,035,4,8,Douglas County                ,929,929,283230375,2,4,807436,2,6,1037804,12,353,52805043,901,901,272428641,2,4,807436,0,0,0,12,353,52805043
201804,08,039,4,8,Elbert County                 ,76,76,24522355,0,0,0,0,0,0,0,0,0,76,76,24522355,0,0,0,0,0,0,0,0,0
201804,08,041,4,8,El Paso County                ,1404,1404,536313770,1,2,351651,3,12,1307577,21,675,99517417,1404,1404,536313770,1,2,351651,3,12,1307577,21,675,99517417
201804,08,047,4,8,Gilpin County                 ,12,12,3279930,0,0,0,0,0,0,0,0,0,12,12,3279930,0,0,0,0,0,0,0,0,0
201804,08,059,4,8,Jefferson County              ,354,354,98197894,5,10,2147076,6,18,1377511,23,723,93842707,349,349,96855531,5,10,2147076,6,18,1377511,23,723,93842707
201804,08,069,4,8,Larimer County                ,532,532,139901534,7,14,2847986,2,7,1530484,10,184,25651879,532,532,139901534,7,14,2847986,2,7,1530484,10,184,25651879
201804,08,077,4,8,Mesa County                   ,289,289,45522947,0,0,0,0,0,0,0,0,0,289,289,45522947,0,0,0,0,0,0,0,0,0
201804,08,093,4,8,Park County                   ,47,47,11652469,0,0,0,0,0,0,0,0,0,47,47,11652469,0,0,0,0,0,0,0,0,0
201804,08,101,4,8,Pueblo County                 ,182,182,25643398,0,0,0,0,0,0,0,0,0,182,182,25643398,0,0,0,0,0,0,0,0,0
201804,08,119,4,8,Teller County                 ,54,54,16683332,0,0,0,0,0,0,0,0,0,45,45,14478004,0,0,0,0,0,0,0,0,0
201804,09,001,1,1,Fairfield County              ,222,222,134592959,5,10,2457240,2,6,1551923,5,52,5970755,176,176,94054452,5,10,2457240,2,6,1551923,3,41,5273165
201804,09,003,1,1,Hartford County               ,145,145,29184393,0,0,0,2,8,512000,10,255,20266866,137,137,27395590,0,0,0,2,8,512000,6,235,19293142
201804,09,007,1,1,Middlesex County              ,32,32,11068533,1,2,195000,0,0,0,0,0,0,23,23,9281668,1,2,195000,0,0,0,0,0,0
201804,09,013,1,1,Tolland County                ,29,29,7262821,1,2,152400,0,0,0,7,47,4572873,12,12,3352595,0,0,0,0,0,0,1,12,950000
201804,10,001,3,5,Kent County                   ,450,450,66998707,0,0,0,0,0,0,3,18,1716383,442,442,65800184,0,0,0,0,0,0,1,8,612772
201804,10,003,3,5,New Castle County             ,433,433,39443850,0,0,0,0,0,0,7,63,2363136,294,294,26442833,0,0,0,0,0,0,0,0,0
201804,10,005,3,5,Sussex County                 ,868,868,125143955,24,48,7180013,8,32,4130923,7,44,4609823,868,868,125143955,24,48,7180013,8,32,4130923,7,44,4609823
201804,11,001,3,5,Washington  DC                ,45,45,10462837,6,12,1432057,0,0,0,16,727,78381847,45,45,10462837,6,12,1432057,0,0,0,16,727,78381847
201804,12,003,3,5,Baker County                  ,61,61,10332924,0,0,0,0,0,0,0,0,0,45,45,7439393,0,0,0,0,0,0,0,0,0
201804,12,019,3,5,Clay County                   ,371,371,70729486,0,0,0,0,0,0,0,0,0,316,316,58035774,0,0,0,0,0,0,0,0,0
201804,12,029,3,5,Dixie County                  ,11,11,1389557,0,0,0,0,0,0,0,0,0,0,0,0,0,0,0,0,0,0,0,0,0
201804,12,031,3,5,Duval County                  ,1201,1201,286584736,6,12,1354529,2,7,854423,29,691,74433900,1153,1153,270320154,6,12,1354529,2,7,854423,29,691,74433900
201804,12,033,3,5,Escambia County               ,399,399,92129491,0,0,0,0,0,0,0,0,0,399,399,92129491,0,0,0,0,0,0,0,0,0
201804,12,053,3,5,Hernando County               ,283,283,54930543,1,2,200000,0,0,0,0,0,0,283,283,54930543,1,2,200000,0,0,0,0,0,0
201804,12,057,3,5,Hillsborough County           ,2749,2749,934818302,6,12,1996293,2,8,1557840,23,519,86113633,2749,2749,934818302,6,12,1996293,2,8,1557840,23,519,86113633
201804,12,067,3,5,Lafayette County              ,6,6,579190,0,0,0,0,0,0,0,0,0,6,6,579190,0,0,0,0,0,0,0,0,0
201804,12,071,3,5,Lee County                    ,1789,1789,421443956,71,142,16242773,11,44,9444425,21,476,74264607,1789,1789,421443956,71,142,16242773,11,44,9444425,21,476,74264607
201804,12,073,3,5,Leon County                   ,260,260,47739495,1,2,221600,0,0,0,8,251,25954968,127,127,24783427,0,0,0,0,0,0,0,0,0
201804,12,081,3,5,Manatee County                ,1061,1061,232088754,3,6,450000,4,15,2916224,14,354,33286816,781,781,168815423,3,6,450000,0,0,0,12,313,28575222
201804,12,086,3,5,Miami-Dade County             ,825,825,361459021,29,58,10712798,21,80,7646174,57,2677,466194422,719,719,330603198,29,58,10712798,21,80,7646174,51,2560,433119210
201804,12,089,3,5,Nassau County                 ,354,354,90209051,0,0,0,0,0,0,10,221,26014863,277,277,67997957,0,0,0,0,0,0,9,216,24801253
201804,12,091,3,5,Okaloosa County               ,278,278,95937383,0,0,0,4,16,1699540,0,0,0,264,264,93496292,0,0,0,4,16,1699540,0,0,0
201804,12,095,3,5,Orange County                 ,2357,2357,627862316,30,60,8665533,3,11,1383455,88,2625,312888774,2314,2314,613473087,30,60,8665533,3,11,1383455,88,2625,312888774
201804,12,097,3,5,Osceola County                ,1685,1685,296794769,5,10,1041585,3,12,936942,36,1664,57184529,1422,1422,222805283,5,10,1041585,3,12,936942,35,1626,53479107
201804,12,101,3,5,Pasco County                  ,1096,1096,257587318,1,2,280000,10,31,1289806,5,35,1314305,1091,1091,257113728,0,0,0,10,31,1289806,4,30,883055
201804,12,103,3,5,Pinellas County               ,315,315,95505506,7,14,2059888,1,3,505157,12,656,58550947,300,300,89583658,6,12,1826786,0,0,0,8,576,50675510
201804,12,109,3,5,St. Johns County              ,1536,1536,400273379,0,0,0,5,20,4055222,18,775,46490895,1536,1536,400273379,0,0,0,5,20,4055222,18,775,46490895
201804,12,113,3,5,Santa Rosa County             ,542,542,89778544,0,0,0,0,0,0,0,0,0,542,542,89778544,0,0,0,0,0,0,0,0,0
201804,12,115,3,5,Sarasota County               ,1065,1065,260845751,4,8,952771,5,18,3993227,36,935,157628345,934,934,225646034,4,8,952771,2,8,1907767,34,925,149585194
201804,12,117,3,5,Seminole County               ,485,485,150761437,0,0,0,0,0,0,7,266,20740620,459,459,142649134,0,0,0,0,0,0,1,124,11530800
201804,12,119,3,5,Sumter County                 ,602,602,164653668,0,0,0,0,0,0,0,0,0,602,602,164653668,0,0,0,0,0,0,0,0,0
201804,12,129,3,5,Wakulla County                ,86,86,14509493,0,0,0,0,0,0,0,0,0,86,86,14509493,0,0,0,0,0,0,0,0,0
201804,12,131,3,5,Walton County                 ,466,466,181799101,0,0,0,40,120,21382560,0,0,0,466,466,181799101,0,0,0,40,120,21382560,0,0,0
201804,12,133,3,5,Washington County             ,18,18,2281543,0,0,0,0,0,0,0,0,0,10,10,1148264,0,0,0,0,0,0,0,0,0
201804,13,007,3,5,Baker County                  ,0,0,0,0,0,0,0,0,0,0,0,0,0,0,0,0,0,0,0,0,0,0,0,0
201804,13,013,3,5,Barrow County                 ,262,262,31970878,0,0,0,0,0,0,1,15,1072643,207,207,24356826,0,0,0,0,0,0,0,0,0
201804,13,015,3,5,Bartow County                 ,237,237,36128585,0,0,0,0,0,0,0,0,0,227,227,33874349,0,0,0,0,0,0,0,0,0
201804,13,021,3,5,Bibb County                   ,36,36,5955309,0,0,0,0,0,0,0,0,0,0,0,0,0,0,0,0,0,0,0,0,0
201804,13,029,3,5,Bryan County                  ,186,186,40092103,0,0,0,0,0,0,7,84,9048405,186,186,40092103,0,0,0,0,0,0,7,84,9048405
201804,13,033,3,5,Burke County                  ,18,18,3216267,0,0,0,0,0,0,0,0,0,0,0,0,0,0,0,0,0,0,0,0,0
201804,13,035,3,5,Butts County                  ,24,24,5591220,0,0,0,0,0,0,0,0,0,24,24,5591220,0,0,0,0,0,0,0,0,0
201804,13,045,3,5,Carroll County                ,187,187,42555721,0,0,0,0,0,0,0,0,0,187,187,42555721,0,0,0,0,0,0,0,0,0
201804,13,051,3,5,Chatham County                ,382,382,73772078,0,0,0,0,0,0,0,0,0,322,322,60265652,0,0,0,0,0,0,0,0,0
201804,13,057,3,5,Cherokee County               ,851,851,227050665,1,2,295284,0,0,0,19,320,18895983,851,851,227050665,1,2,295284,0,0,0,19,320,18895983
201804,13,059,3,5,Clarke County                 ,133,133,23224692,0,0,0,0,0,0,4,124,6647543,133,133,23224692,0,0,0,0,0,0,4,124,6647543
201804,13,063,3,5,Clayton County                ,205,205,46276047,0,0,0,0,0,0,0,0,0,205,205,46276047,0,0,0,0,0,0,0,0,0
201804,13,067,3,5,Cobb County                   ,566,566,152360373,3,6,1450742,4,14,3492943,15,96,20815727,550,550,149355672,3,6,1450742,4,14,3492943,15,96,20815727
201804,13,073,3,5,Columbia County               ,547,547,95678256,0,0,0,0,0,0,4,32,1512000,445,445,76322559,0,0,0,0,0,0,4,32,1512000
201804,13,077,3,5,Coweta County                 ,252,252,83435059,1,2,533407,0,0,0,21,458,40763879,209,209,71877598,0,0,0,0,0,0,21,458,40763879
201804,13,085,3,5,Dawson County                 ,138,138,25751551,0,0,0,0,0,0,0,0,0,120,120,20787436,0,0,0,0,0,0,0,0,0
201804,13,095,3,5,Dougherty County              ,9,9,1635880,0,0,0,1,3,135000,3,15,1510902,1,1,450000,0,0,0,0,0,0,0,0,0
201804,13,097,3,5,Douglas County                ,125,125,18343124,0,0,0,0,0,0,0,0,0,125,125,18343124,0,0,0,0,0,0,0,0,0
201804,13,111,3,5,Fannin County                 ,93,93,18093521,1,2,156766,0,0,0,1,6,509173,93,93,18093521,1,2,156766,0,0,0,1,6,509173
201804,13,113,3,5,Fayette County                ,159,159,49970672,2,4,800000,0,0,0,0,0,0,143,143,43746854,2,4,800000,0,0,0,0,0,0
201804,13,115,3,5,Floyd County                  ,50,50,8578968,0,0,0,1,4,288000,0,0,0,50,50,8578968,0,0,0,1,4,288000,0,0,0
201804,13,117,3,5,Forsyth County                ,1016,1016,145299522,0,0,0,0,0,0,8,729,36657640,1016,1016,145299522,0,0,0,0,0,0,8,729,36657640
201804,13,121,3,5,Fulton County                 ,1468,1468,388844327,1,2,490000,0,0,0,13,1045,153160348,1404,1404,372128888,1,2,490000,0,0,0,13,1045,153160348
201804,13,127,3,5,Glynn County                  ,191,191,57147189,0,0,0,0,0,0,0,0,0,0,0,0,0,0,0,0,0,0,0,0,0
201804,13,135,3,5,Gwinnett County               ,1255,1255,299030334,16,32,3200000,0,0,0,0,0,0,1235,1235,293333690,16,32,3200000,0,0,0,0,0,0
201804,13,143,3,5,Haralson County               ,20,20,4288330,1,2,175000,0,0,0,0,0,0,4,4,640000,1,2,175000,0,0,0,0,0,0
201804,13,145,3,5,Harris County                 ,80,80,20003685,0,0,0,0,0,0,0,0,0,80,80,20003685,0,0,0,0,0,0,0,0,0
201804,13,149,3,5,Heard County                  ,3,3,693738,0,0,0,0,0,0,0,0,0,3,3,693738,0,0,0,0,0,0,0,0,0
201804,13,151,3,5,Henry County                  ,601,601,121529186,0,0,0,0,0,0,0,0,0,472,472,104157371,0,0,0,0,0,0,0,0,0
201804,13,159,3,5,Jasper County                 ,24,24,3215376,0,0,0,0,0,0,0,0,0,0,0,0,0,0,0,0,0,0,0,0,0
201804,13,171,3,5,Lamar County                  ,14,14,1813952,0,0,0,0,0,0,0,0,0,11,11,1416902,0,0,0,0,0,0,0,0,0
201804,13,177,3,5,Lee County                    ,66,66,6475309,0,0,0,0,0,0,0,0,0,19,19,2017505,0,0,0,0,0,0,0,0,0
201804,13,179,3,5,Liberty County                ,111,111,25191113,0,0,0,1,3,121350,1,7,291668,74,74,18263337,0,0,0,0,0,0,0,0,0
201804,13,189,3,5,McDuffie County               ,11,11,2057000,0,0,0,0,0,0,0,0,0,11,11,2057000,0,0,0,0,0,0,0,0,0
201804,13,199,3,5,Meriwether County             ,21,21,4429537,0,0,0,0,0,0,0,0,0,19,19,4276537,0,0,0,0,0,0,0,0,0
201804,13,201,3,5,Miller County                 ,2,2,308000,0,0,0,0,0,0,0,0,0,2,2,308000,0,0,0,0,0,0,0,0,0
201804,13,207,3,5,Monroe County                 ,44,44,9809381,0,0,0,0,0,0,0,0,0,0,0,0,0,0,0,0,0,0,0,0,0
201804,13,215,3,5,Muscogee County               ,107,107,20635228,0,0,0,4,12,738560,6,39,8602863,0,0,0,0,0,0,0,0,0,0,0,0
201804,13,217,3,5,Newton County                 ,212,212,48797587,0,0,0,0,0,0,0,0,0,212,212,48797587,0,0,0,0,0,0,0,0,0
201804,13,227,3,5,Pickens County                ,42,42,11848500,0,0,0,0,0,0,0,0,0,42,42,11848500,0,0,0,0,0,0,0,0,0
201804,13,231,3,5,Pike County                   ,30,30,5238955,0,0,0,0,0,0,0,0,0,0,0,0,0,0,0,0,0,0,0,0,0
201804,13,235,3,5,Pulaski County                ,2,2,220000,0,0,0,0,0,0,0,0,0,2,2,220000,0,0,0,0,0,0,0,0,0
201804,13,245,3,5,Richmond County               ,133,133,21129221,0,0,0,0,0,0,4,92,5893543,7,7,1430000,0,0,0,0,0,0,0,0,0
201804,13,247,3,5,Rockdale County               ,94,94,19903942,0,0,0,1,4,488242,0,0,0,94,94,19903942,0,0,0,1,4,488242,0,0,0
201804,13,255,3,5,Spalding County               ,81,81,9952304,0,0,0,0,0,0,0,0,0,80,80,9873854,0,0,0,0,0,0,0,0,0
201804,13,275,3,5,Thomas County                 ,39,39,9555033,1,2,797000,0,0,0,0,0,0,39,39,9555033,1,2,797000,0,0,0,0,0,0
201804,13,291,3,5,Union County                  ,74,74,16894096,0,0,0,0,0,0,0,0,0,74,74,16894096,0,0,0,0,0,0,0,0,0
201804,15,001,4,9,Hawaii County                 ,359,359,114429334,0,0,0,0,0,0,0,0,0,359,359,114429334,0,0,0,0,0,0,0,0,0
201804,15,003,4,9,Honolulu County               ,312,312,109301270,0,0,0,0,0,0,4,644,149192592,115,115,35982355,0,0,0,0,0,0,1,485,105200000
201804,15,007,4,9,Kauai County                  ,84,84,43211639,2,4,1542820,0,0,0,0,0,0,84,84,43211639,2,4,1542820,0,0,0,0,0,0
201804,15,009,4,9,Maui County                   ,100,100,33524510,10,20,6823680,1,4,947619,3,18,33459931,100,100,33524510,10,20,6823680,1,4,947619,3,18,33459931
201804,16,001,4,8,Ada County                    ,1514,1514,393438245,3,6,1130434,15,55,3200870,9,349,37031598,1295,1295,333287002,0,0,0,10,36,1925048,4,212,20511189
201804,16,015,4,8,Boise County                  ,24,24,6991462,0,0,0,0,0,0,0,0,0,24,24,6991462,0,0,0,0,0,0,0,0,0
201804,16,027,4,8,Canyon County                 ,625,625,98385828,5,10,903846,3,12,627480,0,0,0,576,576,91756550,5,10,903846,3,12,627480,0,0,0
201804,16,045,4,8,Gem County                    ,23,23,3617123,2,4,298075,0,0,0,0,0,0,23,23,3617123,2,4,298075,0,0,0,0,0,0
201804,16,073,4,8,Owyhee County                 ,12,12,2071916,0,0,0,0,0,0,0,0,0,7,7,1218721,0,0,0,0,0,0,0,0,0
201804,17,005,2,3,Bond County                   ,4,4,704832,0,0,0,0,0,0,0,0,0,0,0,0,0,0,0,0,0,0,0,0,0
201804,17,013,2,3,Calhoun County                ,3,3,435000,0,0,0,0,0,0,0,0,0,3,3,435000,0,0,0,0,0,0,0,0,0
201804,17,031,2,3,Cook County                   ,460,460,150119683,16,32,8587240,41,129,25320522,55,1353,146618390,393,393,129266969,16,32,8587240,40,126,24872980,53,1343,144854161
201804,17,037,2,3,DeKalb County                 ,18,18,4089000,0,0,0,0,0,0,0,0,0,18,18,4089000,0,0,0,0,0,0,0,0,0
201804,17,039,2,3,De Witt County                ,7,7,1685000,0,0,0,0,0,0,0,0,0,7,7,1685000,0,0,0,0,0,0,0,0,0
201804,17,043,2,3,DuPage County                 ,264,264,107218169,7,14,2490000,2,8,1000000,9,251,48364895,245,245,98380913,7,14,2490000,2,8,1000000,5,187,46846834
201804,17,063,2,3,Grundy County                 ,16,16,3264088,0,0,0,0,0,0,5,30,1538460,13,13,2782441,0,0,0,0,0,0,0,0,0
201804,17,083,2,3,Jersey County                 ,6,6,837981,0,0,0,0,0,0,0,0,0,3,3,371154,0,0,0,0,0,0,0,0,0
201804,17,093,2,3,Kendall County                ,106,106,18411474,0,0,0,0,0,0,0,0,0,88,88,14311518,0,0,0,0,0,0,0,0,0
201804,17,097,2,3,Lake County                   ,190,190,64237783,3,6,249999,1,3,271117,8,55,13752189,128,128,40105860,0,0,0,0,0,0,0,0,0
201804,17,111,2,3,McHenry County                ,98,98,20102906,0,0,0,0,0,0,1,80,1200000,81,81,18126468,0,0,0,0,0,0,1,80,1200000
201804,17,119,2,3,Madison County                ,121,121,32601608,0,0,0,0,0,0,5,25,2108029,106,106,29489718,0,0,0,0,0,0,4,20,1600000
201804,17,133,2,3,Monroe County                 ,48,48,11908232,1,2,242296,0,0,0,1,5,432000,44,44,11007960,1,2,242296,0,0,0,0,0,0
201804,17,197,2,3,Will County                   ,426,426,106046754,10,20,2627500,6,24,3584598,1,5,1015625,380,380,96504116,9,18,2372500,6,24,3584598,0,0,0
201804,18,003,2,3,Allen County                  ,325,325,83298004,14,28,2750000,0,0,0,2,10,1160749,325,325,83298004,14,28,2750000,0,0,0,2,10,1160749
201804,18,011,2,3,Boone County                  ,167,167,54899675,1,2,200000,0,0,0,0,0,0,167,167,54899675,1,2,200000,0,0,0,0,0,0
201804,18,013,2,3,Brown County                  ,26,26,6724017,0,0,0,0,0,0,0,0,0,26,26,6724017,0,0,0,0,0,0,0,0,0
201804,18,019,2,3,Clark County                  ,129,129,32277775,0,0,0,0,0,0,0,0,0,111,111,28941324,0,0,0,0,0,0,0,0,0
201804,18,047,2,3,Franklin County               ,11,11,3044700,0,0,0,0,0,0,0,0,0,11,11,3044700,0,0,0,0,0,0,0,0,0
201804,18,057,2,3,Hamilton County               ,948,948,330809810,4,8,1379293,0,0,0,0,0,0,948,948,330809810,4,8,1379293,0,0,0,0,0,0
201804,18,059,2,3,Hancock County                ,163,163,34322908,1,2,325000,0,0,0,4,24,3110000,163,163,34322908,1,2,325000,0,0,0,4,24,3110000
201804,18,061,2,3,Harrison County               ,32,32,7017244,0,0,0,0,0,0,0,0,0,32,32,7017244,0,0,0,0,0,0,0,0,0
201804,18,063,2,3,Hendricks County              ,284,284,66864697,1,2,137273,4,14,2100000,6,69,5085093,251,251,59590716,0,0,0,4,14,2100000,5,56,4007784
201804,18,069,2,3,Huntington County             ,16,16,2972365,0,0,0,0,0,0,0,0,0,13,13,2276265,0,0,0,0,0,0,0,0,0
201804,18,073,2,3,Jasper County                 ,25,25,5702684,0,0,0,0,0,0,0,0,0,25,25,5702684,0,0,0,0,0,0,0,0,0
201804,18,081,2,3,Johnson County                ,207,207,54972744,1,2,623000,0,0,0,0,0,0,197,197,53817054,1,2,623000,0,0,0,0,0,0
201804,18,087,2,3,Lagrange County               ,40,40,9293378,0,0,0,0,0,0,0,0,0,40,40,9293378,0,0,0,0,0,0,0,0,0
201804,18,089,2,3,Lake County                   ,373,373,92005627,3,6,893008,1,3,630000,0,0,0,347,347,86735251,3,6,893008,1,3,630000,0,0,0
201804,18,097,2,3,Marion County                 ,383,383,97886188,11,22,2779911,1,3,577905,6,271,32145339,376,376,96105886,11,22,2779911,1,3,577905,6,271,32145339
201804,18,105,2,3,Monroe County                 ,74,74,18846107,8,16,1927970,0,0,0,3,46,5325917,23,23,5950197,5,10,1211481,0,0,0,1,12,1392899
201804,18,109,2,3,Morgan County                 ,38,38,8581927,0,0,0,0,0,0,0,0,0,24,24,5095257,0,0,0,0,0,0,0,0,0
201804,18,111,2,3,Newton County                 ,5,5,1038192,0,0,0,0,0,0,0,0,0,0,0,0,0,0,0,0,0,0,0,0,0
201804,18,115,2,3,Ohio County                   ,11,11,2291240,1,2,150000,0,0,0,0,0,0,11,11,2291240,1,2,150000,0,0,0,0,0,0
201804,18,119,2,3,Owen County                   ,15,15,3879608,0,0,0,0,0,0,0,0,0,15,15,3879608,0,0,0,0,0,0,0,0,0
201804,18,127,2,3,Porter County                 ,140,140,42120724,4,8,1239978,0,0,0,2,10,710050,109,109,37143064,4,8,1239978,0,0,0,0,0,0
201804,18,133,2,3,Putnam County                 ,43,43,10133965,1,2,278179,0,0,0,0,0,0,42,42,9909224,1,2,278179,0,0,0,0,0,0
201804,18,145,2,3,Shelby County                 ,25,25,4840612,0,0,0,0,0,0,0,0,0,25,25,4840612,0,0,0,0,0,0,0,0,0
201804,18,151,2,3,Steuben County                ,37,37,9533021,3,6,788000,0,0,0,0,0,0,37,37,9533021,3,6,788000,0,0,0,0,0,0
201804,18,157,2,3,Tippecanoe County             ,144,144,32430762,4,8,1440000,0,0,0,12,1144,177762164,123,123,29824216,0,0,0,0,0,0,12,1144,177762164
201804,18,163,2,3,Vanderburgh County            ,71,71,11277092,2,4,310000,0,0,0,0,0,0,71,71,11277092,2,4,310000,0,0,0,0,0,0
201804,18,167,2,3,Vigo County                   ,12,12,941060,1,2,137636,0,0,0,1,13,899516,9,9,381980,0,0,0,0,0,0,0,0,0
201804,18,175,2,3,Washington County             ,10,10,2072934,0,0,0,0,0,0,0,0,0,0,0,0,0,0,0,0,0,0,0,0,0
201804,18,183,2,3,Whitley County                ,49,49,7529678,1,2,100000,0,0,0,2,47,3615000,49,49,7529678,1,2,100000,0,0,0,2,47,3615000
201804,19,049,2,4,Dallas County                 ,180,180,53454720,2,4,538468,0,0,0,3,15,1381578,177,177,52741449,2,4,538468,0,0,0,0,0,0
201804,19,085,2,4,Harrison County               ,6,6,1598704,0,0,0,0,0,0,0,0,0,4,4,1093704,0,0,0,0,0,0,0,0,0
201804,19,129,2,4,Mills County                  ,1,1,180000,0,0,0,0,0,0,0,0,0,1,1,180000,0,0,0,0,0,0,0,0,0
201804,19,153,2,4,Polk County                   ,660,660,167973682,0,0,0,0,0,0,6,212,20857697,638,638,165333719,0,0,0,0,0,0,5,202,20156265
201804,19,181,2,4,Warren County                 ,95,95,26213580,2,4,526600,0,0,0,0,0,0,90,90,25013230,2,4,526600,0,0,0,0,0,0
201804,20,061,2,4,Geary County                  ,4,4,695000,0,0,0,0,0,0,0,0,0,4,4,695000,0,0,0,0,0,0,0,0,0
201804,20,091,2,4,Johnson County                ,616,616,204955761,10,20,4461000,28,95,15699737,7,248,22763748,477,477,156553816,8,16,3661000,24,81,13583494,1,157,12271317
201804,20,103,2,4,Leavenworth County            ,83,83,15533845,0,0,0,0,0,0,0,0,0,83,83,15533845,0,0,0,0,0,0,0,0,0
201804,20,107,2,4,Linn County                   ,17,17,1361482,0,0,0,0,0,0,0,0,0,3,3,203000,0,0,0,0,0,0,0,0,0
201804,20,121,2,4,Miami County                  ,30,30,7880012,0,0,0,0,0,0,0,0,0,4,4,675300,0,0,0,0,0,0,0,0,0
201804,20,209,2,4,Wyandotte County              ,68,68,12713251,0,0,0,0,0,0,3,40,3466454,68,68,12713251,0,0,0,0,0,0,3,40,3466454
201804,21,005,3,6,Anderson County               ,17,17,3403247,0,0,0,0,0,0,0,0,0,17,17,3403247,0,0,0,0,0,0,0,0,0
201804,21,015,3,6,Boone County                  ,158,158,30561158,1,2,338746,0,0,0,11,116,9888965,158,158,30561158,1,2,338746,0,0,0,11,116,9888965
201804,21,017,3,6,Bourbon County                ,14,14,4220013,0,0,0,0,0,0,0,0,0,14,14,4220013,0,0,0,0,0,0,0,0,0
201804,21,021,3,6,Boyle County                  ,11,11,2351130,0,0,0,0,0,0,0,0,0,11,11,2351130,0,0,0,0,0,0,0,0,0
201804,21,029,3,6,Bullitt County                ,134,134,33137891,0,0,0,2,7,850000,0,0,0,134,134,33137891,0,0,0,2,7,850000,0,0,0
201804,21,035,3,6,Calloway County               ,5,5,965000,2,4,480000,4,14,573750,0,0,0,5,5,965000,2,4,480000,4,14,573750,0,0,0
201804,21,037,3,6,Campbell County               ,43,43,10225780,0,0,0,0,0,0,0,0,0,43,43,10225780,0,0,0,0,0,0,0,0,0
201804,21,045,3,6,Casey County                  ,0,0,0,0,0,0,0,0,0,0,0,0,0,0,0,0,0,0,0,0,0,0,0,0
201804,21,047,3,6,Christian County              ,18,18,2499600,3,6,537000,1,4,270000,0,0,0,10,10,1930000,3,6,537000,1,4,270000,0,0,0
201804,21,049,3,6,Clark County                  ,19,19,4113112,1,2,400000,0,0,0,4,24,1662000,0,0,0,0,0,0,0,0,0,0,0,0
201804,21,067,3,6,Fayette County                ,265,265,43333535,2,4,409778,0,0,0,6,222,17031995,0,0,0,0,0,0,0,0,0,0,0,0
201804,21,069,3,6,Fleming County                ,0,0,0,0,0,0,0,0,0,0,0,0,0,0,0,0,0,0,0,0,0,0,0,0
201804,21,077,3,6,Gallatin County               ,7,7,1654849,0,0,0,0,0,0,0,0,0,7,7,1654849,0,0,0,0,0,0,0,0,0
201804,21,081,3,6,Grant County                  ,20,20,6656000,0,0,0,0,0,0,0,0,0,20,20,6656000,0,0,0,0,0,0,0,0,0
201804,21,091,3,6,Hancock County                ,5,5,971130,0,0,0,0,0,0,0,0,0,5,5,971130,0,0,0,0,0,0,0,0,0
201804,21,099,3,6,Hart County                   ,18,18,1750500,0,0,0,0,0,0,4,20,2270952,0,0,0,0,0,0,0,0,0,0,0,0
201804,21,101,3,6,Henderson County              ,8,8,1223750,0,0,0,0,0,0,0,0,0,8,8,1223750,0,0,0,0,0,0,0,0,0
201804,21,103,3,6,Henry County                  ,5,5,822480,0,0,0,0,0,0,0,0,0,5,5,822480,0,0,0,0,0,0,0,0,0
201804,21,111,3,6,Jefferson County              ,423,423,137188767,1,2,337500,0,0,0,37,851,134007760,423,423,137188767,1,2,337500,0,0,0,37,851,134007760
201804,21,113,3,6,Jessamine County              ,71,71,20137039,0,0,0,1,3,630000,0,0,0,71,71,20137039,0,0,0,1,3,630000,0,0,0
201804,21,115,3,6,Johnson County                ,0,0,0,0,0,0,0,0,0,0,0,0,0,0,0,0,0,0,0,0,0,0,0,0
201804,21,117,3,6,Kenton County                 ,101,101,24321474,0,0,0,0,0,0,0,0,0,101,101,24321474,0,0,0,0,0,0,0,0,0
201804,21,121,3,6,Knox County                   ,0,0,0,0,0,0,0,0,0,0,0,0,0,0,0,0,0,0,0,0,0,0,0,0
201804,21,123,3,6,Larue County                  ,9,9,2078309,0,0,0,0,0,0,0,0,0,6,6,1387476,0,0,0,0,0,0,0,0,0
201804,21,137,3,6,Lincoln County                ,10,10,1709121,0,0,0,0,0,0,0,0,0,0,0,0,0,0,0,0,0,0,0,0,0
201804,21,145,3,6,McCracken County              ,34,34,8181325,0,0,0,0,0,0,0,0,0,34,34,8181325,0,0,0,0,0,0,0,0,0
201804,21,151,3,6,Madison County                ,75,75,7717525,6,12,711984,0,0,0,5,29,1033002,29,29,3720000,2,4,260000,0,0,0,1,8,325000
201804,21,157,3,6,Marshall County               ,18,18,3717856,1,2,158000,0,0,0,0,0,0,18,18,3717856,1,2,158000,0,0,0,0,0,0
201804,21,161,3,6,Mason County                  ,10,10,1325000,0,0,0,0,0,0,0,0,0,10,10,1325000,0,0,0,0,0,0,0,0,0
201804,21,163,3,6,Meade County                  ,21,21,3938500,0,0,0,0,0,0,0,0,0,21,21,3938500,0,0,0,0,0,0,0,0,0
201804,21,167,3,6,Mercer County                 ,11,11,1805099,0,0,0,0,0,0,0,0,0,2,2,280000,0,0,0,0,0,0,0,0,0
201804,21,175,3,6,Morgan County                 ,6,6,450000,0,0,0,0,0,0,0,0,0,0,0,0,0,0,0,0,0,0,0,0,0
201804,21,179,3,6,Nelson County                 ,62,62,10706300,1,2,170000,0,0,0,0,0,0,62,62,10706300,1,2,170000,0,0,0,0,0,0
201804,21,185,3,6,Oldham County                 ,123,123,38099387,1,2,98833,0,0,0,0,0,0,0,0,0,0,0,0,0,0,0,0,0,0
201804,21,191,3,6,Pendleton County              ,0,0,0,0,0,0,0,0,0,0,0,0,0,0,0,0,0,0,0,0,0,0,0,0
201804,21,209,3,6,Scott County                  ,122,122,24300440,23,46,6900000,0,0,0,4,108,7405596,122,122,24300440,23,46,6900000,0,0,0,4,108,7405596
201804,21,211,3,6,Shelby County                 ,82,82,19069156,0,0,0,0,0,0,0,0,0,82,82,19069156,0,0,0,0,0,0,0,0,0
201804,21,213,3,6,Simpson County                ,17,17,1921579,0,0,0,0,0,0,0,0,0,17,17,1921579,0,0,0,0,0,0,0,0,0
201804,21,215,3,6,Spencer County                ,37,37,8648997,0,0,0,0,0,0,0,0,0,37,37,8648997,0,0,0,0,0,0,0,0,0
201804,21,221,3,6,Trigg County                  ,2,2,467653,0,0,0,0,0,0,0,0,0,2,2,467653,0,0,0,0,0,0,0,0,0
201804,21,239,3,6,Woodford County               ,15,15,3802500,0,0,0,0,0,0,1,30,1700000,15,15,3802500,0,0,0,0,0,0,1,30,1700000
201804,22,005,3,7,Ascension Parish              ,352,352,57036272,0,0,0,0,0,0,0,0,0,21,21,3824450,0,0,0,0,0,0,0,0,0
201804,22,015,3,7,Bossier Parish                ,219,219,42443215,0,0,0,0,0,0,0,0,0,219,219,42443215,0,0,0,0,0,0,0,0,0
201804,22,017,3,7,Caddo Parish                  ,107,107,30862374,0,0,0,0,0,0,0,0,0,73,73,22519693,0,0,0,0,0,0,0,0,0
201804,22,031,3,7,De Soto Parish                ,39,39,9846750,0,0,0,0,0,0,0,0,0,39,39,9846750,0,0,0,0,0,0,0,0,0
201804,22,033,3,7,East Baton Rouge Parish       ,477,477,115454837,5,10,1095248,0,0,0,1,48,5381000,475,475,115148839,5,10,1095248,0,0,0,1,48,5381000
201804,22,037,3,7,East Feliciana Parish         ,19,19,3694107,0,0,0,0,0,0,0,0,0,19,19,3694107,0,0,0,0,0,0,0,0,0
201804,22,047,3,7,Iberville Parish              ,42,42,10394848,0,0,0,0,0,0,0,0,0,22,22,5895032,0,0,0,0,0,0,0,0,0
201804,22,051,3,7,Jefferson Parish              ,178,178,38927120,0,0,0,0,0,0,0,0,0,140,140,31000560,0,0,0,0,0,0,0,0,0
201804,22,055,3,7,Lafayette Parish              ,397,397,82720209,0,0,0,1,3,750000,0,0,0,137,137,36041560,0,0,0,0,0,0,0,0,0
201804,22,063,3,7,Livingston Parish             ,285,285,64114904,0,0,0,4,12,928696,0,0,0,10,10,1658000,0,0,0,0,0,0,0,0,0
201804,22,071,3,7,Orleans Parish                ,124,124,27257947,17,34,3937271,1,3,490108,4,65,15999204,0,0,0,0,0,0,0,0,0,0,0,0
201804,22,075,3,7,Plaquemines Parish            ,19,19,5618463,1,2,280000,0,0,0,0,0,0,0,0,0,0,0,0,0,0,0,0,0,0
201804,22,077,3,7,Pointe Coupee Parish          ,13,13,2959390,0,0,0,0,0,0,0,0,0,13,13,2959390,0,0,0,0,0,0,0,0,0
201804,22,087,3,7,St. Bernard Parish            ,67,67,11034340,0,0,0,0,0,0,0,0,0,67,67,11034340,0,0,0,0,0,0,0,0,0
201804,22,089,3,7,St. Charles Parish            ,58,58,10282959,0,0,0,1,3,570000,0,0,0,58,58,10282959,0,0,0,1,3,570000,0,0,0
201804,22,091,3,7,St. Helena Parish             ,3,3,636727,1,2,75000,0,0,0,0,0,0,0,0,0,0,0,0,0,0,0,0,0,0
201804,22,095,3,7,St. John the Baptist Parish   ,13,13,2103259,0,0,0,0,0,0,0,0,0,0,0,0,0,0,0,0,0,0,0,0,0
201804,22,099,3,7,St. Martin Parish             ,55,55,10870662,0,0,0,0,0,0,0,0,0,11,11,2508938,0,0,0,0,0,0,0,0,0
201804,22,103,3,7,St. Tammany Parish            ,477,477,117691446,3,6,956000,0,0,0,0,0,0,460,460,111376386,2,4,576000,0,0,0,0,0,0
201804,22,109,3,7,Terrebonne Parish             ,40,40,11371000,7,14,760000,0,0,0,0,0,0,40,40,11371000,7,14,760000,0,0,0,0,0,0
201804,22,121,3,7,West Baton Rouge Parish       ,79,79,12021442,0,0,0,0,0,0,0,0,0,72,72,11271237,0,0,0,0,0,0,0,0,0
201804,22,125,3,7,West Feliciana Parish         ,9,9,4796115,0,0,0,0,0,0,0,0,0,9,9,4796115,0,0,0,0,0,0,0,0,0
201804,23,000,1,1,Maine Unorganized Territory   ,17,17,2257604,0,0,0,0,0,0,0,0,0,0,0,0,0,0,0,0,0,0,0,0,0
201804,24,003,3,5,Anne Arundel County           ,671,671,115754911,0,0,0,0,0,0,0,0,0,654,654,112394127,0,0,0,0,0,0,0,0,0
201804,24,005,3,5,Baltimore County              ,353,353,72016633,2,4,440000,0,0,0,7,529,96545000,353,353,72016633,2,4,440000,0,0,0,7,529,96545000
201804,24,009,3,5,Calvert County                ,64,64,14902958,0,0,0,0,0,0,0,0,0,64,64,14902958,0,0,0,0,0,0,0,0,0
201804,24,013,3,5,Carroll County                ,111,111,30026453,1,2,507010,0,0,0,0,0,0,111,111,30026453,1,2,507010,0,0,0,0,0,0
201804,24,015,3,5,Cecil County                  ,37,37,9428995,0,0,0,0,0,0,0,0,0,37,37,9428995,0,0,0,0,0,0,0,0,0
201804,24,017,3,5,Charles County                ,230,230,48923632,0,0,0,0,0,0,2,48,4167942,222,222,47675000,0,0,0,0,0,0,2,48,4167942
201804,24,021,3,5,Frederick County              ,450,450,112157856,12,24,4516457,0,0,0,5,64,1200000,450,450,112157856,12,24,4516457,0,0,0,5,64,1200000
201804,24,023,3,5,Garrett County                ,24,24,9733502,0,0,0,0,0,0,0,0,0,24,24,9733502,0,0,0,0,0,0,0,0,0
201804,24,025,3,5,Harford County                ,250,250,47911040,0,0,0,0,0,0,0,0,0,248,248,47658826,0,0,0,0,0,0,0,0,0
201804,24,027,3,5,Howard County                 ,315,315,75285009,0,0,0,0,0,0,3,338,13950000,315,315,75285009,0,0,0,0,0,0,3,338,13950000
201804,24,031,3,5,Montgomery County             ,316,316,73421282,5,10,750000,0,0,0,5,300,55250000,316,316,73421282,5,10,750000,0,0,0,5,300,55250000
201804,24,033,3,5,Prince George County          ,758,758,177494325,0,0,0,0,0,0,1,84,20750368,753,753,176097643,0,0,0,0,0,0,1,84,20750368
201804,24,035,3,5,Queen Anne County             ,59,59,13183235,0,0,0,0,0,0,0,0,0,59,59,13183235,0,0,0,0,0,0,0,0,0
201804,24,037,3,5,St. Marys County              ,325,325,67120814,0,0,0,0,0,0,0,0,0,325,325,67120814,0,0,0,0,0,0,0,0,0
201804,24,039,3,5,Somerset County               ,9,9,1288695,0,0,0,0,0,0,0,0,0,8,8,1131000,0,0,0,0,0,0,0,0,0
201804,24,045,3,5,Wicomico County               ,33,33,5951928,0,0,0,0,0,0,0,0,0,31,31,5675288,0,0,0,0,0,0,0,0,0
201804,24,510,3,5,Baltimore (Independent City)  ,29,29,4725000,0,0,0,0,0,0,2,288,27690320,29,29,4725000,0,0,0,0,0,0,2,288,27690320
201804,25,005,1,1,Bristol County                ,187,187,41204329,8,16,1649800,0,0,0,2,15,1458333,148,148,34413316,7,14,1371300,0,0,0,1,10,1000000
201804,25,009,1,1,Essex County                  ,164,164,48946743,20,40,6185572,1,3,542000,8,94,13995860,109,109,31756340,10,20,2762000,1,3,542000,1,48,6214000
201804,25,017,1,1,Middlesex County              ,412,412,130155595,40,80,11988412,7,24,4223174,26,767,107030461,279,279,93259019,17,34,5414780,2,7,2011990,6,549,74198805
201804,25,021,1,1,Norfolk County                ,230,230,137755759,6,12,2765720,1,4,1200000,22,467,74629431,187,187,121245654,6,12,2765720,1,4,1200000,13,404,69105418
201804,25,023,1,1,Plymouth County               ,316,316,76251335,1,2,250000,0,0,0,7,155,33660873,235,235,57441540,0,0,0,0,0,0,5,142,32177030
201804,25,025,1,1,Suffolk County                ,21,21,5239342,14,28,4301882,7,24,6565000,25,909,199735277,17,17,4545970,11,22,3663500,7,24,6565000,22,891,195574012
201804,26,000,2,3,Michigan Balance of State     ,15,15,2811412,0,0,0,0,0,0,0,0,0,0,0,0,0,0,0,0,0,0,0,0,0
201804,26,019,2,3,Benzie County                 ,10,10,2199301,0,0,0,0,0,0,0,0,0,3,3,581872,0,0,0,0,0,0,0,0,0
201804,26,029,2,3,Charlevoix County             ,19,19,4094071,0,0,0,0,0,0,0,0,0,0,0,0,0,0,0,0,0,0,0,0,0
201804,26,089,2,3,Leelanau County               ,43,43,9296512,0,0,0,0,0,0,0,0,0,30,30,6396103,0,0,0,0,0,0,0,0,0
201804,26,093,2,3,Livingston County             ,182,182,51535284,0,0,0,4,16,3315184,2,15,2532327,174,174,50718711,0,0,0,4,16,3315184,2,15,2532327
201804,26,095,2,3,Luce County                   ,0,0,0,0,0,0,0,0,0,0,0,0,0,0,0,0,0,0,0,0,0,0,0,0
201804,26,099,2,3,Macomb County                 ,539,539,151422409,7,14,2034341,0,0,0,11,213,22257059,538,538,151311298,6,12,1851149,0,0,0,11,213,22257059
201804,26,103,2,3,Marquette County              ,4,4,1277500,0,0,0,0,0,0,0,0,0,4,4,1277500,0,0,0,0,0,0,0,0,0
201804,26,137,2,3,Otsego County                 ,4,4,324000,0,0,0,0,0,0,0,0,0,0,0,0,0,0,0,0,0,0,0,0,0
201804,26,147,2,3,St. Clair County              ,63,63,11608781,0,0,0,0,0,0,0,0,0,55,55,10103319,0,0,0,0,0,0,0,0,0
201804,26,163,2,3,Wayne County                  ,337,337,95104025,0,0,0,4,16,1926896,11,153,30318853,323,323,91351620,0,0,0,4,16,1926896,10,136,29085060
201804,27,003,2,4,Anoka County                  ,287,287,80389487,3,6,966064,0,0,0,1,17,2173954,234,234,66033482,2,4,663800,0,0,0,0,0,0
201804,27,019,2,4,Carver County                 ,185,185,54916040,1,2,480350,0,0,0,0,0,0,176,176,52907252,1,2,480350,0,0,0,0,0,0
201804,27,025,2,4,Chisago County                ,61,61,11015744,0,0,0,0,0,0,0,0,0,61,61,11015744,0,0,0,0,0,0,0,0,0
201804,27,027,2,4,Clay County                   ,37,37,8740500,0,0,0,0,0,0,1,12,1000000,37,37,8740500,0,0,0,0,0,0,1,12,1000000
201804,27,037,2,4,Dakota County                 ,356,356,99057238,4,8,1750000,1,3,786000,1,32,2429000,292,292,77774331,4,8,1750000,1,3,786000,1,32,2429000
201804,27,053,2,4,Hennepin County               ,566,566,209902500,1,2,198376,5,20,5044607,17,1874,357691506,540,540,201907318,1,2,198376,5,20,5044607,16,1867,355873321
201804,27,059,2,4,Isanti County                 ,50,50,9447818,0,0,0,0,0,0,0,0,0,27,27,5615559,0,0,0,0,0,0,0,0,0
201804,27,123,2,4,Ramsey County                 ,45,45,15846018,0,0,0,0,0,0,2,85,11642585,40,40,14566740,0,0,0,0,0,0,1,51,8585581
201804,27,139,2,4,Scott County                  ,204,204,67589263,0,0,0,0,0,0,0,0,0,188,188,62724292,0,0,0,0,0,0,0,0,0
201804,27,141,2,4,Sherburne County              ,123,123,28371720,0,0,0,0,0,0,0,0,0,117,117,27234256,0,0,0,0,0,0,0,0,0
201804,27,163,2,4,Washington County             ,246,246,78715691,0,0,0,4,15,2289313,4,422,54202022,228,228,70554826,0,0,0,4,15,2289313,4,422,54202022
201804,27,171,2,4,Wright County                 ,238,238,65857681,2,4,1000000,0,0,0,0,0,0,230,230,64070871,2,4,1000000,0,0,0,0,0,0
201804,28,033,3,6,DeSoto County                 ,397,397,67354847,0,0,0,0,0,0,0,0,0,352,352,56960539,0,0,0,0,0,0,0,0,0
201804,28,041,3,6,Greene County                 ,0,0,0,0,0,0,0,0,0,0,0,0,0,0,0,0,0,0,0,0,0,0,0,0
201804,28,045,3,6,Hancock County                ,153,153,25949577,2,4,458444,3,10,1003613,4,35,2963194,36,36,7689620,1,2,273265,0,0,0,0,0,0
201804,28,047,3,6,Harrison County               ,308,308,59757988,2,4,490000,0,0,0,0,0,0,251,251,52857944,0,0,0,0,0,0,0,0,0
201804,28,067,3,6,Jones County                  ,5,5,732931,0,0,0,0,0,0,0,0,0,0,0,0,0,0,0,0,0,0,0,0,0
201804,28,129,3,6,Smith County                  ,0,0,0,0,0,0,0,0,0,0,0,0,0,0,0,0,0,0,0,0,0,0,0,0
201804,28,137,3,6,Tate County                   ,37,37,6886490,0,0,0,0,0,0,0,0,0,37,37,6886490,0,0,0,0,0,0,0,0,0
201804,28,143,3,6,Tunica County                 ,55,55,12915145,0,0,0,0,0,0,0,0,0,55,55,12915145,0,0,0,0,0,0,0,0,0
201804,28,145,3,6,Union County                  ,5,5,781000,0,0,0,0,0,0,0,0,0,5,5,781000,0,0,0,0,0,0,0,0,0
201804,28,149,3,6,Warren County                 ,0,0,425000,0,0,0,0,0,0,0,0,0,0,0,425000,0,0,0,0,0,0,0,0,0
201804,29,013,2,4,Bates County                  ,0,0,0,0,0,0,0,0,0,0,0,0,0,0,0,0,0,0,0,0,0,0,0,0
201804,29,017,2,4,Bollinger County              ,0,0,0,0,0,0,0,0,0,0,0,0,0,0,0,0,0,0,0,0,0,0,0,0
201804,29,019,2,4,Boone County                  ,188,188,44117628,1,2,426406,0,0,0,0,0,0,188,188,44117628,1,2,426406,0,0,0,0,0,0
201804,29,049,2,4,Clinton County                ,19,19,3454727,0,0,0,0,0,0,0,0,0,13,13,2366210,0,0,0,0,0,0,0,0,0
201804,29,065,2,4,Dent County                   ,0,0,0,0,0,0,0,0,0,0,0,0,0,0,0,0,0,0,0,0,0,0,0,0
201804,29,071,2,4,Franklin County               ,183,183,31900948,2,4,675612,0,0,0,0,0,0,183,183,31900948,2,4,675612,0,0,0,0,0,0
201804,29,095,2,4,Jackson County                ,682,682,147401680,34,68,8785256,10,40,3400000,9,248,19889669,670,670,144365555,34,68,8785256,10,40,3400000,9,248,19889669
201804,29,099,2,4,Jefferson County              ,205,205,36413830,0,0,0,0,0,0,0,0,0,193,193,34970762,0,0,0,0,0,0,0,0,0
201804,29,105,2,4,Laclede County                ,6,6,873867,0,0,0,0,0,0,0,0,0,0,0,0,0,0,0,0,0,0,0,0,0
201804,29,107,2,4,Lafayette County              ,12,12,2615393,0,0,0,0,0,0,0,0,0,2,2,310000,0,0,0,0,0,0,0,0,0
201804,29,113,2,4,Lincoln County                ,48,48,9675806,0,0,0,1,3,359288,0,0,0,24,24,3600000,0,0,0,0,0,0,0,0,0
201804,29,165,2,4,Platte County                 ,131,131,33456618,0,0,0,0,0,0,1,7,460185,125,125,31333663,0,0,0,0,0,0,0,0,0
201804,29,185,2,4,St. Clair County              ,0,0,0,0,0,0,0,0,0,0,0,0,0,0,0,0,0,0,0,0,0,0,0,0
201804,29,189,2,4,St. Louis County              ,328,328,126290775,0,0,0,0,0,0,6,62,7301104,118,118,54377627,0,0,0,0,0,0,0,0,0
201804,29,219,2,4,Warren County                 ,104,104,22870562,0,0,0,0,0,0,0,0,0,104,104,22870562,0,0,0,0,0,0,0,0,0
201804,29,221,2,4,Washington County             ,0,0,0,0,0,0,0,0,0,0,0,0,0,0,0,0,0,0,0,0,0,0,0,0
201804,29,510,2,4,St. Louis (Independent City)  ,56,56,9747240,0,0,0,0,0,0,4,496,31075312,56,56,9747240,0,0,0,0,0,0,4,496,31075312
201804,30,033,4,8,Garfield County               ,0,0,0,0,0,0,0,0,0,0,0,0,0,0,0,0,0,0,0,0,0,0,0,0
201804,30,063,4,8,Missoula County               ,132,132,29672296,7,14,1626657,1,4,600000,1,35,3184822,132,132,29672296,7,14,1626657,1,4,600000,1,35,3184822
201804,30,093,4,8,Silver Bow County             ,12,12,1416643,7,14,1225000,7,28,1750000,0,0,0,12,12,1416643,7,14,1225000,7,28,1750000,0,0,0
201804,31,001,2,4,Adams County                  ,11,11,2674016,0,0,0,0,0,0,0,0,0,5,5,1171930,0,0,0,0,0,0,0,0,0
201804,31,025,2,4,Cass County                   ,32,32,5467581,2,4,383724,0,0,0,0,0,0,32,32,5467581,2,4,383724,0,0,0,0,0,0
201804,31,033,2,4,Cheyenne County               ,0,0,0,0,0,0,0,0,0,0,0,0,0,0,0,0,0,0,0,0,0,0,0,0
201804,31,055,2,4,Douglas County                ,462,462,73662756,0,0,0,0,0,0,21,791,46683243,435,435,67328773,0,0,0,0,0,0,21,791,46683243
201804,31,105,2,4,Kimball County                ,0,0,0,0,0,0,0,0,0,0,0,0,0,0,0,0,0,0,0,0,0,0,0,0
201804,31,153,2,4,Sarpy County                  ,327,327,88127547,0,0,0,0,0,0,1,227,13381465,247,247,68446572,0,0,0,0,0,0,1,227,13381465
201804,31,165,2,4,Sioux County                  ,0,0,0,0,0,0,0,0,0,0,0,0,0,0,0,0,0,0,0,0,0,0,0,0
201804,31,177,2,4,Washington County             ,23,23,6966997,0,0,0,0,0,0,0,0,0,23,23,6966997,0,0,0,0,0,0,0,0,0
201804,32,001,4,8,Churchill County              ,26,26,5850344,0,0,0,0,0,0,0,0,0,26,26,5850344,0,0,0,0,0,0,0,0,0
201804,32,003,4,8,Clark County                  ,3615,3615,904523415,12,24,2227296,8,30,1855875,30,740,44107160,3615,3615,904523415,12,24,2227296,8,30,1855875,30,740,44107160
201804,32,005,4,8,Douglas County                ,63,63,26217183,0,0,0,0,0,0,0,0,0,63,63,26217183,0,0,0,0,0,0,0,0,0
201804,32,007,4,8,Elko County                   ,52,52,7957659,0,0,0,0,0,0,0,0,0,52,52,7957659,0,0,0,0,0,0,0,0,0
201804,32,013,4,8,Humboldt County               ,3,3,508114,0,0,0,0,0,0,0,0,0,2,2,338786,0,0,0,0,0,0,0,0,0
201804,32,015,4,8,Lander County                 ,2,2,331231,0,0,0,0,0,0,0,0,0,2,2,331231,0,0,0,0,0,0,0,0,0
201804,32,017,4,8,Lincoln County                ,3,3,811490,0,0,0,0,0,0,0,0,0,0,0,0,0,0,0,0,0,0,0,0,0
201804,32,019,4,8,Lyon County                   ,107,107,25139687,0,0,0,0,0,0,0,0,0,107,107,25139687,0,0,0,0,0,0,0,0,0
201804,32,021,4,8,Mineral County                ,0,0,0,0,0,0,0,0,0,0,0,0,0,0,0,0,0,0,0,0,0,0,0,0
201804,32,027,4,8,Pershing County               ,0,0,0,0,0,0,0,0,0,0,0,0,0,0,0,0,0,0,0,0,0,0,0,0
201804,32,029,4,8,Storey County                 ,2,2,322080,0,0,0,0,0,0,0,0,0,0,0,0,0,0,0,0,0,0,0,0,0
201804,32,031,4,8,Washoe County                 ,683,683,177847269,5,10,1054435,1,4,393008,23,383,41268877,648,648,166870405,5,10,1054435,1,4,393008,23,383,41268877
201804,32,033,4,8,White Pine County             ,1,1,356039,0,0,0,0,0,0,0,0,0,0,0,0,0,0,0,0,0,0,0,0,0
201804,32,510,4,8,Carson City (Independent City),64,64,15611521,0,0,0,0,0,0,1,8,681830,64,64,15611521,0,0,0,0,0,0,1,8,681830
201804,33,015,1,1,Rockingham County             ,204,204,54685376,17,34,3414716,2,7,658400,7,193,18301466,167,167,46541893,16,32,2948000,1,4,440000,4,176,16378616
201804,33,017,1,1,Strafford County              ,90,90,16401268,0,0,0,0,0,0,0,0,0,78,78,14813205,0,0,0,0,0,0,0,0,0
201804,34,001,1,2,Atlantic County               ,74,74,21991924,0,0,0,0,0,0,8,124,10670655,62,62,20290907,0,0,0,0,0,0,1,32,732226
201804,34,003,1,2,Bergen County                 ,228,228,78125182,34,68,12054926,3,10,1551000,24,528,45889627,152,152,56000500,25,50,9371849,3,10,1551000,4,340,33311500
201804,34,005,1,2,Burlington County             ,181,181,28050192,1,2,194429,5,16,515014,16,291,23202087,106,106,18056699,0,0,0,5,16,515014,9,256,20295390
201804,34,007,1,2,Camden County                 ,57,57,11548305,1,2,21475,0,0,0,9,100,7058391,31,31,7146210,1,2,21475,0,0,0,3,60,4587347
201804,34,009,1,2,Cape May County               ,118,118,46925177,21,42,7663466,2,6,20000,1,22,6631000,104,104,42413977,21,42,7663466,2,6,20000,1,22,6631000
201804,34,011,1,2,Cumberland County             ,37,37,3654920,0,0,0,0,0,0,0,0,0,15,15,1615027,0,0,0,0,0,0,0,0,0
201804,34,013,1,2,Essex County                  ,108,108,19055438,7,14,3725060,4,13,1095464,18,453,27124498,53,53,12810939,6,12,3610560,2,7,395058,8,291,16478110
201804,34,015,1,2,Gloucester County             ,144,144,23714790,2,4,21200,0,0,0,1,5,590971,101,101,19142953,2,4,21200,0,0,0,0,0,0
201804,34,017,1,2,Hudson County                 ,114,114,8364259,38,76,6218000,57,202,40728884,18,444,71100797,112,112,7587452,37,74,6005500,56,199,40475300,13,300,53722590
201804,34,019,1,2,Hunterdon County              ,73,73,14526542,1,2,233200,0,0,0,7,39,2113184,64,64,12700980,0,0,0,0,0,0,0,0,0
201804,34,021,1,2,Mercer County                 ,57,57,11023764,1,2,86914,3,11,1449534,6,87,2675130,55,55,10577799,0,0,0,2,7,1096811,4,68,1357546
201804,34,023,1,2,Middlesex County              ,238,238,46911291,3,6,808200,3,11,1790752,23,541,138839910,205,205,41549215,3,6,808200,3,11,1790752,18,483,135890862
201804,34,025,1,2,Monmouth County               ,277,277,78343712,2,4,104000,0,0,0,17,574,28302054,247,247,69873882,2,4,104000,0,0,0,14,463,23404998
201804,34,027,1,2,Morris County                 ,214,214,51713860,0,0,0,0,0,0,25,236,24093592,159,159,35934277,0,0,0,0,0,0,11,112,6907370
201804,34,029,1,2,Ocean County                  ,654,654,130281505,3,6,1348000,0,0,0,4,129,8895330,636,636,126923073,3,6,1348000,0,0,0,3,124,8385000
201804,34,031,1,2,Passaic County                ,22,22,5236473,6,12,772150,0,0,0,6,94,7607278,8,8,2374475,5,10,563800,0,0,0,2,72,4758500
201804,34,033,1,2,Salem County                  ,11,11,1917650,0,0,0,0,0,0,0,0,0,10,10,1809600,0,0,0,0,0,0,0,0,0
201804,34,035,1,2,Somerset County               ,77,77,16420725,2,4,333000,14,49,14,10,82,3804826,60,60,14387371,0,0,0,14,49,14,1,24,360000
201804,34,037,1,2,Sussex County                 ,36,36,7007662,0,0,0,0,0,0,2,44,1092000,33,33,6249757,0,0,0,0,0,0,2,44,1092000
201804,34,039,1,2,Union County                  ,96,96,19402927,30,60,5288510,0,0,0,11,383,35564186,69,69,14803808,29,58,5065135,0,0,0,3,341,33853649
201804,34,041,1,2,Warren County                 ,10,10,2788702,0,0,0,0,0,0,1,5,180544,7,7,1985335,0,0,0,0,0,0,0,0,0
201804,35,000,4,8,New Mexico Balance of State   ,122,122,33034785,0,0,0,0,0,0,0,0,0,0,0,0,0,0,0,0,0,0,0,0,0
201804,35,001,4,8,Bernalillo County             ,624,624,136333402,0,0,0,0,0,0,0,0,0,624,624,136333402,0,0,0,0,0,0,0,0,0
201804,35,005,4,8,Chaves County                 ,26,26,4576129,0,0,0,0,0,0,0,0,0,16,16,2845507,0,0,0,0,0,0,0,0,0
201804,35,007,4,8,Colfax County                 ,4,4,1810334,0,0,0,0,0,0,0,0,0,0,0,0,0,0,0,0,0,0,0,0,0
201804,35,009,4,8,Curry County                  ,15,15,3722454,0,0,0,0,0,0,4,22,2028126,0,0,0,0,0,0,0,0,0,0,0,0
201804,35,013,4,8,Dona Ana County               ,316,316,67875186,1,2,78720,0,0,0,6,48,4500000,316,316,67875186,1,2,78720,0,0,0,6,48,4500000
201804,35,015,4,8,Eddy County                   ,69,69,14370808,0,0,0,0,0,0,15,106,8000000,69,69,14370808,0,0,0,0,0,0,15,106,8000000
201804,35,017,4,8,Grant County                  ,2,2,317334,0,0,0,0,0,0,0,0,0,0,0,0,0,0,0,0,0,0,0,0,0
201804,35,025,4,8,Lea County                    ,36,36,7553975,0,0,0,0,0,0,0,0,0,36,36,7553975,0,0,0,0,0,0,0,0,0
201804,35,027,4,8,Lincoln County                ,25,25,6316676,0,0,0,0,0,0,0,0,0,0,0,0,0,0,0,0,0,0,0,0,0
201804,35,028,4,8,Los Alamos County             ,3,3,937994,0,0,0,0,0,0,0,0,0,0,0,0,0,0,0,0,0,0,0,0,0
201804,35,029,4,8,Luna County                   ,5,5,890261,0,0,0,0,0,0,0,0,0,1,1,180000,0,0,0,0,0,0,0,0,0
201804,35,031,4,8,McKinley County               ,0,0,0,0,0,0,0,0,0,0,0,0,0,0,0,0,0,0,0,0,0,0,0,0
201804,35,035,4,8,Otero County                  ,0,0,0,0,0,0,0,0,0,0,0,0,0,0,0,0,0,0,0,0,0,0,0,0
201804,35,041,4,8,Roosevelt County              ,6,6,966754,0,0,0,0,0,0,0,0,0,0,0,0,0,0,0,0,0,0,0,0,0
201804,35,043,4,8,Sandoval County               ,242,242,52658751,0,0,0,1,3,251560,4,23,958332,140,140,31341676,0,0,0,0,0,0,0,0,0
201804,35,045,4,8,San Juan County               ,31,31,7401302,2,4,394000,0,0,0,0,0,0,31,31,7401302,2,4,394000,0,0,0,0,0,0
201804,35,047,4,8,San Miguel County             ,1,1,140000,0,0,0,0,0,0,0,0,0,0,0,0,0,0,0,0,0,0,0,0,0
201804,35,049,4,8,Santa Fe County               ,76,76,20022409,0,0,0,0,0,0,0,0,0,76,76,20022409,0,0,0,0,0,0,0,0,0
201804,35,051,4,8,Sierra County                 ,0,0,0,0,0,0,0,0,0,0,0,0,0,0,0,0,0,0,0,0,0,0,0,0
201804,35,053,4,8,Socorro County                ,0,0,0,0,0,0,0,0,0,0,0,0,0,0,0,0,0,0,0,0,0,0,0,0
201804,35,055,4,8,Taos County                   ,30,30,3293786,0,0,0,0,0,0,0,0,0,1,1,113768,0,0,0,0,0,0,0,0,0
201804,35,061,4,8,Valencia County               ,47,47,5464984,0,0,0,0,0,0,0,0,0,18,18,2321036,0,0,0,0,0,0,0,0,0
201804,36,001,1,2,Albany County                 ,60,60,13498969,1,2,100000,3,11,1200000,4,28,4593417,54,54,12342399,1,2,100000,2,8,1200000,0,0,0
201804,36,005,1,2,Bronx County                  ,1,1,267838,9,18,2430662,0,0,0,30,1417,186009993,1,1,267838,9,18,2430662,0,0,0,30,1417,186009993
201804,36,029,1,2,Erie County                   ,244,244,75391313,8,16,3912560,0,0,0,6,120,20751936,212,212,65761882,8,16,3912560,0,0,0,2,41,2950000
201804,36,047,1,2,Kings County                  ,24,24,6422648,18,36,5124975,18,59,7223284,95,1953,256450490,24,24,6422648,18,36,5124975,18,59,7223284,95,1953,256450490
201804,36,051,1,2,Livingston County             ,8,8,1120960,0,0,0,0,0,0,12,81,6155286,1,1,160000,0,0,0,0,0,0,7,56,4816000
201804,36,055,1,2,Monroe County                 ,206,206,44914560,4,8,603900,2,8,1040000,5,80,3525126,166,166,38754615,3,6,225000,2,8,1040000,3,67,2694396
201804,36,059,1,2,Nassau County                 ,298,298,110233088,0,0,0,0,0,0,6,55,29964718,198,198,80507255,0,0,0,0,0,0,4,45,27885260
201804,36,061,1,2,New York County               ,0,0,0,2,4,540148,0,0,0,19,1360,178809192,0,0,0,2,4,540148,0,0,0,19,1360,178809192
201804,36,063,1,2,Niagara County                ,34,34,9782943,0,0,0,0,0,0,1,16,1500000,24,24,7516893,0,0,0,0,0,0,1,16,1500000
201804,36,069,1,2,Ontario County                ,74,74,18324284,0,0,0,2,8,402400,26,218,22856080,63,63,16316764,0,0,0,0,0,0,24,208,22289937
201804,36,073,1,2,Orleans County                ,3,3,278750,0,0,0,0,0,0,0,0,0,2,2,120000,0,0,0,0,0,0,0,0,0
201804,36,079,1,2,Putnam County                 ,15,15,3867686,0,0,0,0,0,0,0,0,0,13,13,3397086,0,0,0,0,0,0,0,0,0
201804,36,081,1,2,Queens County                 ,58,58,15516404,42,84,11633106,17,57,6960811,27,913,119700348,58,58,15516404,42,84,11633106,17,57,6960811,27,913,119700348
201804,36,083,1,2,Rensselaer County             ,27,27,6755882,0,0,0,5,20,1898221,0,0,0,13,13,2940260,0,0,0,3,12,1120683,0,0,0
201804,36,085,1,2,Richmond County               ,75,75,20053289,46,92,12634306,0,0,0,0,0,0,75,75,20053289,46,92,12634306,0,0,0,0,0,0
201804,36,087,1,2,Rockland County               ,28,28,8768511,10,20,3231586,6,20,2604105,6,37,5142344,21,21,6825750,3,6,1321228,1,3,750000,1,5,1178571
201804,36,091,1,2,Saratoga County               ,209,209,58111801,3,6,863492,2,7,1010000,14,104,11667097,154,154,40600901,2,4,495074,1,4,620000,5,44,5786677
201804,36,093,1,2,Schenectady County            ,8,8,1117326,0,0,0,0,0,0,0,0,0,1,1,75000,0,0,0,0,0,0,0,0,0
201804,36,095,1,2,Schoharie County              ,6,6,954355,0,0,0,0,0,0,0,0,0,2,2,417838,0,0,0,0,0,0,0,0,0
201804,36,099,1,2,Seneca County                 ,11,11,2305161,0,0,0,0,0,0,0,0,0,11,11,2305161,0,0,0,0,0,0,0,0,0
201804,36,117,1,2,Wayne County                  ,29,29,5161742,0,0,0,1,3,179143,0,0,0,23,23,4043779,0,0,0,0,0,0,0,0,0
201804,36,119,1,2,Westchester County            ,115,115,52770389,9,18,1852148,2,6,240000,6,133,15675330,91,91,42335471,6,12,1365000,0,0,0,1,76,8371425
201804,37,007,3,5,Anson County                  ,14,14,2098110,0,0,0,0,0,0,0,0,0,0,0,0,0,0,0,0,0,0,0,0,0
201804,37,011,3,5,Avery County                  ,23,23,13013167,0,0,0,2,8,1200000,0,0,0,23,23,13013167,0,0,0,2,8,1200000,0,0,0
201804,37,015,3,5,Bertie County                 ,5,5,645938,0,0,0,0,0,0,0,0,0,1,1,22900,0,0,0,0,0,0,0,0,0
201804,37,025,3,5,Cabarrus County               ,661,661,120960810,0,0,0,0,0,0,0,0,0,661,661,120960810,0,0,0,0,0,0,0,0,0
201804,37,033,3,5,Caswell County                ,23,23,4698204,0,0,0,0,0,0,0,0,0,23,23,4698204,0,0,0,0,0,0,0,0,0
201804,37,037,3,5,Chatham County                ,217,217,60911108,0,0,0,0,0,0,0,0,0,217,217,60911108,0,0,0,0,0,0,0,0,0
201804,37,051,3,5,Cumberland County             ,187,187,35131869,3,6,1029612,0,0,0,0,0,0,187,187,35131869,3,6,1029612,0,0,0,0,0,0
201804,37,053,3,5,Currituck County              ,145,145,34639084,0,0,0,0,0,0,0,0,0,145,145,34639084,0,0,0,0,0,0,0,0,0
201804,37,059,3,5,Davie County                  ,49,49,10417259,0,0,0,0,0,0,1,10,451183,0,0,0,0,0,0,0,0,0,0,0,0
201804,37,063,3,5,Durham County                 ,693,693,131193453,3,6,509691,0,0,0,16,438,36854315,0,0,0,0,0,0,0,0,0,0,0,0
201804,37,069,3,5,Franklin County               ,230,230,38722102,12,24,1945000,0,0,0,0,0,0,230,230,38722102,12,24,1945000,0,0,0,0,0,0
201804,37,071,3,5,Gaston County                 ,417,417,115469104,3,6,830233,0,0,0,1,100,9965916,417,417,115469104,3,6,830233,0,0,0,1,100,9965916
201804,37,081,3,5,Guilford County               ,575,575,124577495,0,0,0,0,0,0,3,99,9972826,575,575,124577495,0,0,0,0,0,0,3,99,9972826
201804,37,089,3,5,Henderson County              ,186,186,45685046,0,0,0,0,0,0,7,162,15506740,186,186,45685046,0,0,0,0,0,0,7,162,15506740
201804,37,093,3,5,Hoke County                   ,85,85,19815893,0,0,0,0,0,0,0,0,0,85,85,19815893,0,0,0,0,0,0,0,0,0
201804,37,097,3,5,Iredell County                ,471,471,127527713,1,2,243514,0,0,0,7,150,16357152,471,471,127527713,1,2,243514,0,0,0,7,150,16357152
201804,37,101,3,5,Johnston County               ,872,872,146744848,2,4,500000,1,4,413000,0,0,0,867,867,145875617,2,4,500000,1,4,413000,0,0,0
201804,37,105,3,5,Lee County                    ,42,42,9140715,0,0,0,0,0,0,0,0,0,42,42,9140715,0,0,0,0,0,0,0,0,0
201804,37,119,3,5,Mecklenburg County            ,2074,2074,482447721,12,24,1997879,0,0,0,55,3141,221423997,2074,2074,482447721,12,24,1997879,0,0,0,55,3141,221423997
201804,37,133,3,5,Onslow County                 ,348,348,53281425,4,8,748480,0,0,0,0,0,0,348,348,53281425,4,8,748480,0,0,0,0,0,0
201804,37,135,3,5,Orange County                 ,166,166,50804268,3,6,1051596,0,0,0,2,316,54450000,166,166,50804268,3,6,1051596,0,0,0,2,316,54450000
201804,37,145,3,5,Person County                 ,34,34,6800524,0,0,0,0,0,0,0,0,0,34,34,6800524,0,0,0,0,0,0,0,0,0
201804,37,151,3,5,Randolph County               ,106,106,22191712,10,20,800000,0,0,0,0,0,0,106,106,22191712,10,20,800000,0,0,0,0,0,0
201804,37,157,3,5,Rockingham County             ,71,71,18531931,0,0,0,0,0,0,0,0,0,70,70,18318271,0,0,0,0,0,0,0,0,0
201804,37,179,3,5,Union County                  ,658,658,144243311,0,0,0,0,0,0,0,0,0,658,658,144243311,0,0,0,0,0,0,0,0,0
201804,37,181,3,5,Vance County                  ,10,10,1480374,0,0,0,0,0,0,0,0,0,10,10,1480374,0,0,0,0,0,0,0,0,0
201804,37,183,3,5,Wake County                   ,2738,2738,602442526,2,4,491524,0,0,0,56,1955,208989640,2676,2676,589265186,2,4,491524,0,0,0,56,1955,208989640
201804,37,195,3,5,Wilson County                 ,61,61,10265502,0,0,0,0,0,0,0,0,0,61,61,10265502,0,0,0,0,0,0,0,0,0
201804,39,007,2,3,Ashtabula County              ,19,19,3485471,2,4,321885,0,0,0,0,0,0,0,0,0,0,0,0,0,0,0,0,0,0
201804,39,015,2,3,Brown County                  ,24,24,6208137,0,0,0,0,0,0,0,0,0,24,24,6208137,0,0,0,0,0,0,0,0,0
201804,39,017,2,3,Butler County                 ,219,219,47497998,1,2,220000,0,0,0,1,24,2642319,100,100,20015062,1,2,220000,0,0,0,0,0,0
201804,39,025,2,3,Clermont County               ,157,157,35623876,1,2,280000,7,24,1254963,5,32,1168794,157,157,35623876,1,2,280000,7,24,1254963,5,32,1168794
201804,39,041,2,3,Delaware County               ,416,416,105100434,1,2,242296,0,0,0,7,46,3475783,372,372,95284961,1,2,242296,0,0,0,4,20,945000
201804,39,049,2,3,Franklin County               ,415,415,134779967,17,34,5880000,20,71,8919402,24,908,98036834,403,403,130973485,17,34,5880000,20,71,8919402,24,908,98036834
201804,39,055,2,3,Geauga County                 ,36,36,11392506,0,0,0,0,0,0,0,0,0,36,36,11392506,0,0,0,0,0,0,0,0,0
201804,39,085,2,3,Lake County                   ,111,111,24555290,0,0,0,0,0,0,0,0,0,109,109,24222782,0,0,0,0,0,0,0,0,0
201804,39,089,2,3,Licking County                ,90,90,22151823,0,0,0,0,0,0,0,0,0,38,38,8806441,0,0,0,0,0,0,0,0,0
201804,39,093,2,3,Lorain County                 ,269,269,65058135,3,6,802068,5,19,2357255,0,0,0,185,185,47532100,2,4,571468,5,19,2357255,0,0,0
201804,39,097,2,3,Madison County                ,58,58,15940692,0,0,0,0,0,0,0,0,0,53,53,15209692,0,0,0,0,0,0,0,0,0
201804,39,103,2,3,Medina County                 ,192,192,51518471,1,2,90000,0,0,0,0,0,0,192,192,51518471,1,2,90000,0,0,0,0,0,0
201804,39,117,2,3,Morrow County                 ,18,18,2894841,0,0,0,0,0,0,0,0,0,18,18,2894841,0,0,0,0,0,0,0,0,0
201804,39,159,2,3,Union County                  ,173,173,44746086,0,0,0,0,0,0,0,0,0,173,173,44746086,0,0,0,0,0,0,0,0,0
201804,39,165,2,3,Warren County                 ,372,372,104696028,1,2,360184,2,8,1888758,7,145,13456830,354,354,99966932,1,2,360184,2,8,1888758,7,145,13456830
201804,40,001,3,7,Adair County                  ,2,2,385287,0,0,0,0,0,0,0,0,0,0,0,0,0,0,0,0,0,0,0,0,0
201804,40,017,3,7,Canadian County               ,94,94,20481109,28,56,4522726,1,4,352000,0,0,0,59,59,12159312,27,54,4426976,1,4,352000,0,0,0
201804,40,021,3,7,Cherokee County               ,20,20,2624764,1,2,130000,0,0,0,1,5,244048,0,0,0,0,0,0,0,0,0,0,0,0
201804,40,027,3,7,Cleveland County              ,229,229,52850503,3,6,1380000,2,7,595000,0,0,0,229,229,52850503,3,6,1380000,2,7,595000,0,0,0
201804,40,029,3,7,Coal County                   ,10,10,100000,0,0,0,0,0,0,0,0,0,10,10,100000,0,0,0,0,0,0,0,0,0
201804,40,037,3,7,Creek County                  ,22,22,4061552,0,0,0,0,0,0,0,0,0,22,22,4061552,0,0,0,0,0,0,0,0,0
201804,40,051,3,7,Grady County                  ,68,68,10246329,0,0,0,0,0,0,0,0,0,41,41,4389000,0,0,0,0,0,0,0,0,0
201804,40,055,3,7,Greer County                  ,0,0,0,0,0,0,0,0,0,0,0,0,0,0,0,0,0,0,0,0,0,0,0,0
201804,40,081,3,7,Lincoln County                ,1,1,231246,0,0,0,0,0,0,0,0,0,1,1,231246,0,0,0,0,0,0,0,0,0
201804,40,083,3,7,Logan County                  ,2,2,306000,1,2,100000,0,0,0,0,0,0,2,2,306000,1,2,100000,0,0,0,0,0,0
201804,40,087,3,7,McClain County                ,118,118,22695658,4,8,1000000,0,0,0,0,0,0,97,97,17932780,4,8,1000000,0,0,0,0,0,0
201804,40,109,3,7,Oklahoma County               ,1411,1411,332438866,35,70,8618997,0,0,0,3,31,2188790,827,827,215999363,27,54,7005851,0,0,0,0,0,0
201804,40,111,3,7,Okmulgee County               ,4,4,520000,0,0,0,0,0,0,0,0,0,4,4,520000,0,0,0,0,0,0,0,0,0
201804,40,113,3,7,Osage County                  ,43,43,10347978,0,0,0,0,0,0,1,7,452174,43,43,10347978,0,0,0,0,0,0,1,7,452174
201804,40,117,3,7,Pawnee County                 ,1,1,165000,0,0,0,0,0,0,0,0,0,1,1,165000,0,0,0,0,0,0,0,0,0
201804,40,131,3,7,Rogers County                 ,150,150,29750199,1,2,145000,0,0,0,0,0,0,145,145,29256867,1,2,145000,0,0,0,0,0,0
201804,40,143,3,7,Tulsa County                  ,634,634,151238530,1,2,204082,1,4,282040,0,0,0,609,609,145434014,1,2,204082,1,4,282040,0,0,0
201804,40,145,3,7,Wagoner County                ,119,119,25065301,0,0,0,2,8,470000,0,0,0,119,119,25065301,0,0,0,2,8,470000,0,0,0
201804,41,000,4,9,Oregon Balance of State       ,50,50,7291869,0,0,0,0,0,0,0,0,0,7,7,1443651,0,0,0,0,0,0,0,0,0
201804,41,005,4,9,Clackamas County              ,411,411,131020533,1,2,240000,1,3,360000,8,143,20566082,370,370,110275090,1,2,240000,1,3,360000,4,83,11841062
201804,41,017,4,9,Deschutes County              ,575,575,147999891,4,8,1338502,0,0,0,0,0,0,462,462,122455178,3,6,944816,0,0,0,0,0,0
201804,41,019,4,9,Douglas County                ,80,80,20349618,1,2,193648,0,0,0,0,0,0,80,80,20349618,1,2,193648,0,0,0,0,0,0
201804,41,025,4,9,Harney County                 ,0,0,0,0,0,0,0,0,0,0,0,0,0,0,0,0,0,0,0,0,0,0,0,0
201804,41,035,4,9,Klamath County                ,41,41,10002003,0,0,0,0,0,0,0,0,0,41,41,10002003,0,0,0,0,0,0,0,0,0
201804,41,051,4,9,Multnomah County              ,389,389,106210535,45,90,15829362,1,4,285000,37,2426,322554239,389,389,106210535,45,90,15829362,1,4,285000,37,2426,322554239
201804,41,067,4,9,Washington County             ,401,401,122122217,2,4,737412,1,4,715009,19,298,33073640,392,392,119961939,2,4,737412,1,4,715009,19,298,33073640
201804,41,071,4,9,Yamhill County                ,119,119,31506500,2,4,670678,2,7,854099,0,0,0,91,91,24725107,2,4,670678,2,7,854099,0,0,0
201804,42,001,1,2,Adams County                  ,56,56,13089225,0,0,0,0,0,0,0,0,0,36,36,8998532,0,0,0,0,0,0,0,0,0
201804,42,017,1,2,Bucks County                  ,248,248,60144732,0,0,0,0,0,0,1,12,1439276,180,180,44757922,0,0,0,0,0,0,1,12,1439276
201804,42,029,1,2,Chester County                ,429,429,82425079,0,0,0,1,3,386888,5,241,31183552,378,378,70529146,0,0,0,0,0,0,5,241,31183552
201804,42,037,1,2,Columbia County               ,13,13,3522358,0,0,0,1,3,387224,1,64,8434057,7,7,1509215,0,0,0,0,0,0,1,64,8434057
201804,42,041,1,2,Cumberland County             ,235,235,50218358,0,0,0,1,4,486620,17,309,40550984,203,203,42723178,0,0,0,1,4,486620,17,309,40550984
201804,42,043,1,2,Dauphin County                ,148,148,23030395,0,0,0,5,19,3232286,7,161,15888375,121,121,17627155,0,0,0,5,19,3232286,7,161,15888375
201804,42,045,1,2,Delaware County               ,113,113,28822656,0,0,0,4,16,280000,1,5,1879838,45,45,10436456,0,0,0,4,16,280000,0,0,0
201804,42,055,1,2,Franklin County               ,125,125,21823504,1,2,285000,0,0,0,5,25,2620066,96,96,17588064,1,2,285000,0,0,0,1,5,669950
201804,42,065,1,2,Jefferson County              ,9,9,1689311,0,0,0,0,0,0,0,0,0,9,9,1689311,0,0,0,0,0,0,0,0,0
201804,42,091,1,2,Montgomery County             ,288,288,63726752,1,2,396810,7,26,3505710,12,576,96784687,233,233,49583571,1,2,396810,7,26,3505710,7,532,88977303
201804,42,093,1,2,Montour County                ,5,5,1310690,0,0,0,0,0,0,2,17,1274635,3,3,808882,0,0,0,0,0,0,1,12,600000
201804,42,099,1,2,Perry County                  ,26,26,6609842,0,0,0,0,0,0,0,0,0,0,0,0,0,0,0,0,0,0,0,0,0
201804,42,101,1,2,Philadelphia County           ,227,227,59869518,33,66,14799917,46,152,16495581,31,501,73780743,48,48,12856200,7,14,5497320,12,38,3915800,15,169,29515000
201804,42,103,1,2,Pike County                   ,27,27,7313349,0,0,0,0,0,0,0,0,0,21,21,5721215,0,0,0,0,0,0,0,0,0
201804,44,001,1,1,Bristol County                ,8,8,1553814,1,2,318000,0,0,0,0,0,0,6,6,1147730,1,2,318000,0,0,0,0,0,0
201804,44,003,1,1,Kent County                   ,50,50,8408024,6,12,1424660,1,3,426950,0,0,0,48,48,7871249,6,12,1424660,1,3,426950,0,0,0
201804,44,005,1,1,Newport County                ,48,48,13435124,0,0,0,0,0,0,0,0,0,43,43,12227222,0,0,0,0,0,0,0,0,0
201804,44,007,1,1,Providence County             ,80,80,14724148,2,4,519710,0,0,0,2,34,3600000,49,49,10221788,1,2,339710,0,0,0,2,34,3600000
201804,44,009,1,1,Washington County             ,92,92,25865223,0,0,0,1,3,429150,1,6,400000,68,68,16626985,0,0,0,0,0,0,0,0,0
201804,45,003,3,5,Aiken County                  ,290,290,60916496,0,0,0,0,0,0,0,0,0,290,290,60916496,0,0,0,0,0,0,0,0,0
201804,45,009,3,5,Bamberg County                ,4,4,743000,0,0,0,0,0,0,0,0,0,4,4,743000,0,0,0,0,0,0,0,0,0
201804,45,015,3,5,Berkeley County               ,592,592,168060792,0,0,0,0,0,0,4,155,3656771,388,388,117926321,0,0,0,0,0,0,0,0,0
201804,45,017,3,5,Calhoun County                ,9,9,1897479,0,0,0,0,0,0,0,0,0,9,9,1897479,0,0,0,0,0,0,0,0,0
201804,45,019,3,5,Charleston County             ,749,749,228994240,0,0,0,0,0,0,19,553,39417717,359,359,170661066,0,0,0,0,0,0,7,280,21208799
201804,45,035,3,5,Dorchester County             ,193,193,59531892,0,0,0,0,0,0,0,0,0,192,192,59424392,0,0,0,0,0,0,0,0,0
201804,45,037,3,5,Edgefield County              ,41,41,9358875,0,0,0,0,0,0,0,0,0,41,41,9358875,0,0,0,0,0,0,0,0,0
201804,45,039,3,5,Fairfield County              ,19,19,4086365,0,0,0,0,0,0,0,0,0,0,0,0,0,0,0,0,0,0,0,0,0
201804,45,045,3,5,Greenville County             ,1299,1299,634190963,1,2,500000,0,0,0,4,55,2684976,1291,1291,632917480,1,2,500000,0,0,0,3,50,2508600
201804,45,051,3,5,Horry County                  ,1448,1448,263312520,0,0,0,0,0,0,21,330,24719886,1342,1342,236438216,0,0,0,0,0,0,19,320,23873815
201804,45,055,3,5,Kershaw County                ,98,98,14227678,0,0,0,0,0,0,0,0,0,98,98,14227678,0,0,0,0,0,0,0,0,0
201804,45,059,3,5,Laurens County                ,44,44,7910693,0,0,0,0,0,0,0,0,0,42,42,7696141,0,0,0,0,0,0,0,0,0
201804,45,063,3,5,Lexington County              ,643,643,164348904,0,0,0,0,0,0,2,35,3425350,217,217,54110047,0,0,0,0,0,0,0,0,0
201804,45,077,3,5,Pickens County                ,149,149,39277255,0,0,0,0,0,0,4,116,15064653,99,99,29799792,0,0,0,0,0,0,0,0,0
201804,45,079,3,5,Richland County               ,739,739,104941702,14,28,1483072,0,0,0,7,132,7450444,87,87,17004879,13,26,1215955,0,0,0,0,0,0
201804,45,081,3,5,Saluda County                 ,16,16,3558611,0,0,0,0,0,0,0,0,0,0,0,0,0,0,0,0,0,0,0,0,0
201804,45,085,3,5,Sumter County                 ,94,94,12940992,0,0,0,0,0,0,0,0,0,25,25,3085283,0,0,0,0,0,0,0,0,0
201804,45,091,3,5,York County                   ,823,823,267033088,0,0,0,0,0,0,8,144,15136452,152,152,46709932,0,0,0,0,0,0,0,0,0
201804,46,007,2,4,Bennett County                ,2,2,130000,0,0,0,0,0,0,0,0,0,2,2,130000,0,0,0,0,0,0,0,0,0
201804,46,055,2,4,Haakon County                 ,0,0,0,0,0,0,0,0,0,0,0,0,0,0,0,0,0,0,0,0,0,0,0,0
201804,46,071,2,4,Jackson County                ,0,0,0,0,0,0,0,0,0,0,0,0,0,0,0,0,0,0,0,0,0,0,0,0
201804,46,111,2,4,Sanborn County                ,1,1,100000,0,0,0,0,0,0,0,0,0,1,1,100000,0,0,0,0,0,0,0,0,0
201804,47,001,3,6,Anderson County               ,53,53,10970763,0,0,0,0,0,0,0,0,0,52,52,10529096,0,0,0,0,0,0,0,0,0
201804,47,015,3,6,Cannon County                 ,5,5,630950,0,0,0,0,0,0,0,0,0,0,0,0,0,0,0,0,0,0,0,0,0
201804,47,021,3,6,Cheatham County               ,87,87,17109199,0,0,0,0,0,0,0,0,0,87,87,17109199,0,0,0,0,0,0,0,0,0
201804,47,037,3,6,Davidson County               ,1225,1225,297686683,0,0,0,1,4,488242,7,279,28562509,1224,1224,296471405,0,0,0,1,4,488242,7,279,28562509
201804,47,043,3,6,Dickson County                ,95,95,19073567,0,0,0,0,0,0,0,0,0,53,53,10940973,0,0,0,0,0,0,0,0,0
201804,47,049,3,6,Fentress County               ,0,0,0,0,0,0,0,0,0,0,0,0,0,0,0,0,0,0,0,0,0,0,0,0
201804,47,081,3,6,Hickman County                ,22,22,3902397,0,0,0,0,0,0,0,0,0,4,4,681522,0,0,0,0,0,0,0,0,0
201804,47,093,3,6,Knox County                   ,699,699,132585620,0,0,0,11,44,6010281,6,268,28210546,347,347,60268272,0,0,0,11,44,6010281,4,200,22739374
201804,47,105,3,6,Loudon County                 ,142,142,33570937,0,0,0,0,0,0,0,0,0,125,125,30661883,0,0,0,0,0,0,0,0,0
201804,47,125,3,6,Montgomery County             ,535,535,86211240,2,4,220000,8,30,1670000,0,0,0,535,535,86211240,2,4,220000,8,30,1670000,0,0,0
201804,47,139,3,6,Polk County                   ,65,65,11708064,0,0,0,0,0,0,0,0,0,0,0,0,0,0,0,0,0,0,0,0,0
201804,47,149,3,6,Rutherford County             ,986,986,234202446,2,4,319406,0,0,0,12,302,39614000,962,962,229950170,2,4,319406,0,0,0,12,302,39614000
201804,47,153,3,6,Sequatchie County             ,5,5,512000,0,0,0,0,0,0,0,0,0,5,5,512000,0,0,0,0,0,0,0,0,0
201804,47,157,3,6,Shelby County                 ,328,328,83185783,0,0,0,0,0,0,2,111,27263873,328,328,83185783,0,0,0,0,0,0,2,111,27263873
201804,47,159,3,6,Smith County                  ,28,28,4522081,0,0,0,0,0,0,0,0,0,23,23,3483534,0,0,0,0,0,0,0,0,0
201804,47,161,3,6,Stewart County                ,3,3,339000,0,0,0,0,0,0,0,0,0,0,0,0,0,0,0,0,0,0,0,0,0
201804,47,165,3,6,Sumner County                 ,421,421,107050819,0,0,0,0,0,0,4,22,826190,406,406,103828957,0,0,0,0,0,0,4,22,826190
201804,47,167,3,6,Tipton County                 ,49,49,8395601,0,0,0,0,0,0,0,0,0,22,22,4627294,0,0,0,0,0,0,0,0,0
201804,47,169,3,6,Trousdale County              ,17,17,3027000,0,0,0,4,16,924000,0,0,0,17,17,3027000,0,0,0,4,16,924000,0,0,0
201804,47,173,3,6,Union County                  ,33,33,5238333,0,0,0,0,0,0,0,0,0,31,31,5085000,0,0,0,0,0,0,0,0,0
201804,47,175,3,6,Van Buren County              ,1,1,100000,0,0,0,0,0,0,0,0,0,1,1,100000,0,0,0,0,0,0,0,0,0
201804,47,189,3,6,Wilson County                 ,432,432,117048381,1,2,650000,0,0,0,5,81,5685088,339,339,89641117,1,2,650000,0,0,0,4,72,4704000
201804,48,013,3,7,Atascosa County               ,15,15,2726370,0,0,0,0,0,0,0,0,0,10,10,1901540,0,0,0,0,0,0,0,0,0
201804,48,015,3,7,Austin County                 ,6,6,1185368,0,0,0,0,0,0,0,0,0,2,2,407662,0,0,0,0,0,0,0,0,0
201804,48,019,3,7,Bandera County                ,0,0,0,0,0,0,0,0,0,0,0,0,0,0,0,0,0,0,0,0,0,0,0,0
201804,48,021,3,7,Bastrop County                ,47,47,6666726,0,0,0,0,0,0,0,0,0,43,43,6225341,0,0,0,0,0,0,0,0,0
201804,48,025,3,7,Bee County                    ,3,3,263932,0,0,0,0,0,0,0,0,0,1,1,50000,0,0,0,0,0,0,0,0,0
201804,48,027,3,7,Bell County                   ,620,620,119914255,30,60,4449140,0,0,0,1,5,396770,607,607,117398882,30,60,4449140,0,0,0,0,0,0
201804,48,029,3,7,Bexar County                  ,1417,1417,297415401,16,32,1386540,4,13,978847,36,386,36945779,1246,1246,275153741,16,32,1386540,3,10,978847,31,357,30765903
201804,48,051,3,7,Burleson County               ,2,2,391300,0,0,0,0,0,0,0,0,0,2,2,391300,0,0,0,0,0,0,0,0,0
201804,48,055,3,7,Caldwell County               ,114,114,19642168,3,6,413280,0,0,0,0,0,0,8,8,823800,0,0,0,0,0,0,0,0,0
201804,48,085,3,7,Collin County                 ,3345,3345,954190678,3,6,918912,0,0,0,17,718,134582917,2896,2896,776549346,3,6,918912,0,0,0,14,703,132333208
201804,48,091,3,7,Comal County                  ,717,717,163682695,0,0,0,0,0,0,0,0,0,715,715,163066800,0,0,0,0,0,0,0,0,0
201804,48,099,3,7,Coryell County                ,62,62,8833052,3,6,434449,0,0,0,0,0,0,10,10,1366000,2,4,284360,0,0,0,0,0,0
201804,48,107,3,7,Crosby County                 ,3,3,201000,0,0,0,0,0,0,0,0,0,0,0,0,0,0,0,0,0,0,0,0,0
201804,48,113,3,7,Dallas County                 ,1571,1571,510362437,41,82,17543081,72,286,37135635,126,4840,532305172,1536,1536,494267119,41,82,17543081,71,283,35319778,119,4630,518336865
201804,48,119,3,7,Delta County                  ,3,3,698899,0,0,0,0,0,0,0,0,0,3,3,698899,0,0,0,0,0,0,0,0,0
201804,48,135,3,7,Ector County                  ,248,248,49128307,7,14,942270,0,0,0,0,0,0,206,206,41097788,7,14,942270,0,0,0,0,0,0
201804,48,139,3,7,Ellis County                  ,636,636,142299983,6,12,1185199,0,0,0,23,401,33926189,458,458,107834949,6,12,1185199,0,0,0,22,388,31713265
201804,48,141,3,7,El Paso County                ,847,847,181917471,16,32,2980666,10,40,4650652,21,282,43481748,361,361,71533587,9,18,1615840,3,12,1717476,11,151,26870707
201804,48,157,3,7,Fort Bend County              ,3554,3554,404457854,4,8,1566067,0,0,0,4,32,2504271,615,615,182401667,3,6,1381905,0,0,0,0,0,0
201804,48,167,3,7,Galveston County              ,722,722,178358041,0,0,0,0,0,0,0,0,0,668,668,166761429,0,0,0,0,0,0,0,0,0
201804,48,185,3,7,Grimes County                 ,4,4,380556,0,0,0,0,0,0,0,0,0,4,4,380556,0,0,0,0,0,0,0,0,0
201804,48,187,3,7,Guadalupe County              ,298,298,72466267,4,8,890516,0,0,0,0,0,0,298,298,72466267,4,8,890516,0,0,0,0,0,0
201804,48,193,3,7,Hamilton County               ,4,4,320000,0,0,0,0,0,0,0,0,0,0,0,0,0,0,0,0,0,0,0,0,0
201804,48,195,3,7,Hansford County               ,0,0,0,0,0,0,0,0,0,0,0,0,0,0,0,0,0,0,0,0,0,0,0,0
201804,48,201,3,7,Harris County                 ,6069,6069,1204299947,25,50,7947334,19,76,10901299,81,3127,344603753,6010,6010,1170718235,25,50,7947334,19,76,10901299,81,3127,344603753
201804,48,211,3,7,Hemphill County               ,0,0,0,0,0,0,0,0,0,0,0,0,0,0,0,0,0,0,0,0,0,0,0,0
201804,48,215,3,7,Hidalgo County                ,1035,1035,156643721,22,44,2887091,70,277,24671289,7,366,34489131,798,798,113792614,15,30,2060913,51,203,17674752,3,256,25231551
201804,48,233,3,7,Hutchinson County             ,0,0,0,0,0,0,0,0,0,1,5,396770,0,0,0,0,0,0,0,0,0,0,0,0
201804,48,251,3,7,Johnson County                ,245,245,53704322,2,4,675000,0,0,0,0,0,0,241,241,52991206,2,4,675000,0,0,0,0,0,0
201804,48,257,3,7,Kaufman County                ,317,317,64383898,1,2,80000,0,0,0,24,320,25000000,297,297,61234811,0,0,0,0,0,0,24,320,25000000
201804,48,259,3,7,Kendall County                ,125,125,31183605,0,0,0,0,0,0,0,0,0,125,125,31183605,0,0,0,0,0,0,0,0,0
201804,48,271,3,7,Kinney County                 ,0,0,0,0,0,0,0,0,0,0,0,0,0,0,0,0,0,0,0,0,0,0,0,0
201804,48,281,3,7,Lampasas County               ,17,17,2122438,0,0,0,0,0,0,0,0,0,17,17,2122438,0,0,0,0,0,0,0,0,0
201804,48,291,3,7,Liberty County                ,224,224,29673964,1,2,132500,0,0,0,0,0,0,172,172,24325824,1,2,132500,0,0,0,0,0,0
201804,48,303,3,7,Lubbock County                ,504,504,115158968,7,14,1837879,1,4,535500,7,137,15881950,378,378,86328916,3,6,858900,0,0,0,1,49,5798839
201804,48,323,3,7,Maverick County               ,19,19,4824396,2,4,221962,0,0,0,0,0,0,19,19,4824396,2,4,221962,0,0,0,0,0,0
201804,48,325,3,7,Medina County                 ,7,7,1383780,0,0,0,0,0,0,0,0,0,5,5,957750,0,0,0,0,0,0,0,0,0
201804,48,329,3,7,Midland County                ,352,352,70308330,0,0,0,0,0,0,0,0,0,352,352,70308330,0,0,0,0,0,0,0,0,0
201804,48,339,3,7,Montgomery County             ,2188,2188,484602099,0,0,0,4,16,1300940,0,0,0,2161,2161,479433083,0,0,0,4,16,1300940,0,0,0
201804,48,367,3,7,Parker County                 ,123,123,29184977,0,0,0,0,0,0,13,293,25598435,118,118,27901975,0,0,0,0,0,0,12,288,25072065
201804,48,375,3,7,Potter County                 ,199,199,49293354,0,0,0,0,0,0,1,101,11428192,199,199,49293354,0,0,0,0,0,0,1,101,11428192
201804,48,383,3,7,Reagan County                 ,1,1,204195,0,0,0,0,0,0,0,0,0,0,0,0,0,0,0,0,0,0,0,0,0
201804,48,385,3,7,Real County                   ,0,0,0,0,0,0,0,0,0,0,0,0,0,0,0,0,0,0,0,0,0,0,0,0
201804,48,395,3,7,Robertson County              ,31,31,6897419,0,0,0,0,0,0,0,0,0,31,31,6897419,0,0,0,0,0,0,0,0,0
201804,48,397,3,7,Rockwall County               ,444,444,136797837,0,0,0,0,0,0,0,0,0,364,364,119442278,0,0,0,0,0,0,0,0,0
201804,48,407,3,7,San Jacinto County            ,106,106,24056536,0,0,0,0,0,0,0,0,0,71,71,16418459,0,0,0,0,0,0,0,0,0
201804,48,411,3,7,San Saba County               ,0,0,0,0,0,0,0,0,0,0,0,0,0,0,0,0,0,0,0,0,0,0,0,0
201804,48,451,3,7,Tom Green County              ,86,86,16724125,0,0,0,0,0,0,0,0,0,86,86,16724125,0,0,0,0,0,0,0,0,0
201804,48,453,3,7,Travis County                 ,3122,3122,712889735,4,8,836366,1,3,828400,130,4044,375870110,3087,3087,696301153,3,6,694282,1,3,828400,130,4044,375870110
201804,48,473,3,7,Waller County                 ,22,22,2014890,0,0,0,0,0,0,5,26,576695,22,22,2014890,0,0,0,0,0,0,0,0,0
201804,48,491,3,7,Williamson County             ,1486,1486,397124445,18,36,3820940,1,4,304515,1,270,22912791,1416,1416,382420245,18,36,3820940,1,4,304515,1,270,22912791
201804,48,493,3,7,Wilson County                 ,20,20,4065468,0,0,0,0,0,0,0,0,0,1,1,194226,0,0,0,0,0,0,0,0,0
201804,48,497,3,7,Wise County                   ,31,31,6127285,0,0,0,0,0,0,0,0,0,25,25,4986947,0,0,0,0,0,0,0,0,0
201804,49,011,4,8,Davis County                  ,428,428,113427271,3,6,880000,12,44,5794081,9,85,8872075,409,409,107700601,3,6,880000,11,40,5055227,7,75,7763600
201804,49,023,4,8,Juab County                   ,22,22,6127092,0,0,0,0,0,0,0,0,0,21,21,5853560,0,0,0,0,0,0,0,0,0
201804,49,029,4,8,Morgan County                 ,14,14,5502269,0,0,0,0,0,0,0,0,0,10,10,4282525,0,0,0,0,0,0,0,0,0
201804,49,035,4,8,Salt Lake County              ,1651,1651,433049388,9,18,3241517,21,77,12502877,52,1293,176639947,1317,1317,350889830,7,14,2588000,18,66,11329776,44,1153,158785572
201804,49,039,4,8,Sanpete County                ,9,9,2068390,0,0,0,0,0,0,0,0,0,9,9,2068390,0,0,0,0,0,0,0,0,0
201804,49,043,4,8,Summit County                 ,66,66,28565749,0,0,0,1,3,841530,4,23,3929706,33,33,12591324,0,0,0,0,0,0,0,0,0
201804,49,057,4,8,Weber County                  ,308,308,76689097,1,2,280000,15,58,8598398,2,10,1598171,284,284,70056424,1,2,280000,10,40,5765328,1,5,798568
201804,51,003,3,5,Albemarle County              ,207,207,66029959,0,0,0,0,0,0,6,69,7331837,0,0,0,0,0,0,0,0,0,0,0,0
201804,51,007,3,5,Amelia County                 ,12,12,2093310,0,0,0,0,0,0,0,0,0,12,12,2093310,0,0,0,0,0,0,0,0,0
201804,51,009,3,5,Amherst County                ,22,22,4103223,0,0,0,0,0,0,0,0,0,6,6,1130373,0,0,0,0,0,0,0,0,0
201804,51,013,3,5,Arlington County              ,78,78,31237488,0,0,0,0,0,0,4,1029,202767400,78,78,31237488,0,0,0,0,0,0,4,1029,202767400
201804,51,015,3,5,Augusta County                ,52,52,10501101,0,0,0,0,0,0,0,0,0,52,52,10501101,0,0,0,0,0,0,0,0,0
201804,51,019,3,5,Bedford County                ,4,4,1068000,0,0,0,1,3,550000,3,15,1000000,4,4,1068000,0,0,0,1,3,550000,3,15,1000000
201804,51,033,3,5,Caroline County               ,39,39,9137187,0,0,0,0,0,0,0,0,0,39,39,9137187,0,0,0,0,0,0,0,0,0
201804,51,036,3,5,Charles City County           ,7,7,1219837,0,0,0,0,0,0,0,0,0,4,4,732500,0,0,0,0,0,0,0,0,0
201804,51,037,3,5,Charlotte County              ,7,7,1328190,0,0,0,0,0,0,0,0,0,7,7,1328190,0,0,0,0,0,0,0,0,0
201804,51,041,3,5,Chesterfield County           ,462,462,102614762,2,4,643000,10,36,3926830,5,37,3631830,462,462,102614762,2,4,643000,10,36,3926830,5,37,3631830
201804,51,043,3,5,Clarke County                 ,13,13,4486986,0,0,0,0,0,0,0,0,0,13,13,4486986,0,0,0,0,0,0,0,0,0
201804,51,049,3,5,Cumberland County             ,9,9,1157605,0,0,0,0,0,0,0,0,0,9,9,1157605,0,0,0,0,0,0,0,0,0
201804,51,051,3,5,Dickenson County              ,1,1,200000,0,0,0,0,0,0,0,0,0,1,1,200000,0,0,0,0,0,0,0,0,0
201804,51,053,3,5,Dinwiddie County              ,23,23,1312287,0,0,0,0,0,0,0,0,0,0,0,0,0,0,0,0,0,0,0,0,0
201804,51,059,3,5,Fairfax County                ,381,381,89174966,0,0,0,0,0,0,5,369,42030041,381,381,89174966,0,0,0,0,0,0,5,369,42030041
201804,51,061,3,5,Fauquier County               ,115,115,41976772,0,0,0,0,0,0,0,0,0,115,115,41976772,0,0,0,0,0,0,0,0,0
201804,51,069,3,5,Frederick County              ,167,167,40570221,1,2,400000,4,14,1540000,12,72,9663885,167,167,40570221,1,2,400000,4,14,1540000,12,72,9663885
201804,51,073,3,5,Gloucester County             ,64,64,12604804,2,4,520000,4,13,1059807,0,0,0,0,0,0,0,0,0,0,0,0,0,0,0
201804,51,075,3,5,Goochland County              ,64,64,17825206,0,0,0,0,0,0,0,0,0,64,64,17825206,0,0,0,0,0,0,0,0,0
201804,51,085,3,5,Hanover County                ,162,162,36314043,0,0,0,0,0,0,0,0,0,162,162,36314043,0,0,0,0,0,0,0,0,0
201804,51,087,3,5,Henrico County                ,361,361,64074103,30,60,2062500,0,0,0,1,148,9384923,361,361,64074103,30,60,2062500,0,0,0,1,148,9384923
201804,51,093,3,5,Isle of Wight County          ,66,66,12989203,0,0,0,0,0,0,0,0,0,0,0,0,0,0,0,0,0,0,0,0,0
201804,51,095,3,5,James City County             ,115,115,27790357,4,8,1026000,2,7,1072830,3,30,2464000,115,115,27790357,4,8,1026000,2,7,1072830,3,30,2464000
201804,51,097,3,5,King and Queen County         ,4,4,536356,0,0,0,0,0,0,0,0,0,4,4,536356,0,0,0,0,0,0,0,0,0
201804,51,099,3,5,King George County            ,44,44,8568818,0,0,0,0,0,0,0,0,0,44,44,8568818,0,0,0,0,0,0,0,0,0
201804,51,107,3,5,Loudoun County                ,976,976,198677229,0,0,0,0,0,0,5,237,15966000,976,976,198677229,0,0,0,0,0,0,5,237,15966000
201804,51,109,3,5,Louisa County                 ,92,92,18080785,0,0,0,0,0,0,0,0,0,19,19,3806835,0,0,0,0,0,0,0,0,0
201804,51,115,3,5,Mathews County                ,6,6,1103696,0,0,0,0,0,0,0,0,0,6,6,1103696,0,0,0,0,0,0,0,0,0
201804,51,127,3,5,New Kent County               ,92,92,17115952,0,0,0,0,0,0,0,0,0,92,92,17115952,0,0,0,0,0,0,0,0,0
201804,51,139,3,5,Page County                   ,20,20,2319178,0,0,0,0,0,0,0,0,0,20,20,2319178,0,0,0,0,0,0,0,0,0
201804,51,145,3,5,Powhatan County               ,81,81,19377791,0,0,0,0,0,0,0,0,0,81,81,19377791,0,0,0,0,0,0,0,0,0
201804,51,149,3,5,Prince George County          ,28,28,4575150,0,0,0,0,0,0,0,0,0,28,28,4575150,0,0,0,0,0,0,0,0,0
201804,51,153,3,5,Prince William County         ,493,493,103083518,0,0,0,0,0,0,4,45,4772584,349,349,76331790,0,0,0,0,0,0,3,32,3463692
201804,51,165,3,5,Rockingham County             ,149,149,39180460,0,0,0,0,0,0,0,0,0,149,149,39180460,0,0,0,0,0,0,0,0,0
201804,51,175,3,5,Southampton County            ,14,14,2107083,0,0,0,0,0,0,0,0,0,0,0,0,0,0,0,0,0,0,0,0,0
201804,51,177,3,5,Spotsylvania County           ,236,236,62809733,0,0,0,0,0,0,5,151,10875033,168,168,44320080,0,0,0,0,0,0,4,120,8270000
201804,51,179,3,5,Stafford County               ,420,420,99678665,0,0,0,0,0,0,0,0,0,420,420,99678665,0,0,0,0,0,0,0,0,0
201804,51,181,3,5,Surry County                  ,7,7,1885656,0,0,0,0,0,0,0,0,0,7,7,1885656,0,0,0,0,0,0,0,0,0
201804,51,183,3,5,Sussex County                 ,12,12,1484896,0,0,0,0,0,0,0,0,0,12,12,1484896,0,0,0,0,0,0,0,0,0
201804,51,187,3,5,Warren County                 ,64,64,15300455,0,0,0,0,0,0,0,0,0,64,64,15300455,0,0,0,0,0,0,0,0,0
201804,51,199,3,5,York County                   ,65,65,12592245,0,0,0,0,0,0,5,163,12900000,65,65,12592245,0,0,0,0,0,0,5,163,12900000
201804,51,510,3,5,Alexandria (Independent City) ,39,39,13495300,0,0,0,0,0,0,0,0,0,39,39,13495300,0,0,0,0,0,0,0,0,0
201804,51,540,3,5,Charlottesville (Independent C,31,31,7623960,0,0,0,0,0,0,4,39,8318875,0,0,0,0,0,0,0,0,0,0,0,0
201804,51,550,3,5,Chesapeake(Independent City)  ,375,375,116462468,0,0,0,0,0,0,4,110,15260378,375,375,116462468,0,0,0,0,0,0,4,110,15260378
201804,51,570,3,5,Colonial Heights (Independent ,9,9,1206330,0,0,0,0,0,0,0,0,0,9,9,1206330,0,0,0,0,0,0,0,0,0
201804,51,580,3,5,Covington (Independent City)  ,1,1,99999,0,0,0,0,0,0,0,0,0,1,1,99999,0,0,0,0,0,0,0,0,0
201804,51,600,3,5,Fairfax (Independent City)    ,3,3,956886,0,0,0,0,0,0,0,0,0,3,3,956886,0,0,0,0,0,0,0,0,0
201804,51,610,3,5,Falls Church (Independent City,23,23,11875000,0,0,0,0,0,0,0,0,0,23,23,11875000,0,0,0,0,0,0,0,0,0
201804,51,630,3,5,Fredericksburg(Independent Cit,17,17,3142400,0,0,0,0,0,0,0,0,0,17,17,3142400,0,0,0,0,0,0,0,0,0
201804,51,650,3,5,Hampton (Independent City)    ,60,60,3721051,0,0,0,0,0,0,0,0,0,0,0,0,0,0,0,0,0,0,0,0,0
201804,51,660,3,5,Harrisonburg (Independent City,18,18,3096990,0,0,0,0,0,0,0,0,0,13,13,2173000,0,0,0,0,0,0,0,0,0
201804,51,670,3,5,Hopewell (Independent City)   ,20,20,2424000,0,0,0,0,0,0,0,0,0,20,20,2424000,0,0,0,0,0,0,0,0,0
201804,51,680,3,5,Lynchburg (Independent City)  ,23,23,5909736,0,0,0,0,0,0,2,52,3771200,23,23,5909736,0,0,0,0,0,0,2,52,3771200
201804,51,683,3,5,Manassas (Independent City)   ,47,47,9489562,0,0,0,0,0,0,1,23,1423728,28,28,6474885,0,0,0,0,0,0,0,0,0
201804,51,685,3,5,Manassas Park (Independent Cit,0,0,0,0,0,0,0,0,0,0,0,0,0,0,0,0,0,0,0,0,0,0,0,0
201804,51,700,3,5,Newport News (Independent City,43,43,6174214,0,0,0,0,0,0,1,12,472173,31,31,5054775,0,0,0,0,0,0,0,0,0
201804,51,710,3,5,Norfolk (Independent City)    ,152,152,31287904,0,0,0,0,0,0,0,0,0,152,152,31287904,0,0,0,0,0,0,0,0,0
201804,51,730,3,5,Petersburg (Independent City) ,0,0,0,0,0,0,0,0,0,0,0,0,0,0,0,0,0,0,0,0,0,0,0,0
201804,51,735,3,5,Poquoson (Independent City)   ,5,5,1262620,0,0,0,1,4,671000,1,6,655588,5,5,1262620,0,0,0,1,4,671000,1,6,655588
201804,51,740,3,5,Portsmouth (Independent City) ,50,50,6136380,0,0,0,0,0,0,0,0,0,50,50,6136380,0,0,0,0,0,0,0,0,0
201804,51,760,3,5,Richmond (Independent City)   ,116,116,26917424,0,0,0,0,0,0,1,237,18171692,116,116,26917424,0,0,0,0,0,0,1,237,18171692
201804,51,800,3,5,Suffolk (Independent City)    ,192,192,44698553,0,0,0,0,0,0,0,0,0,192,192,44698553,0,0,0,0,0,0,0,0,0
201804,51,810,3,5,Virginia Beach (Independent Ci,193,193,39720704,0,0,0,0,0,0,0,0,0,193,193,39720704,0,0,0,0,0,0,0,0,0
201804,51,830,3,5,Williamsburg (Independent City,7,7,1341205,0,0,0,0,0,0,0,0,0,7,7,1341205,0,0,0,0,0,0,0,0,0
201804,53,005,4,9,Benton County                 ,324,324,101531259,3,6,1026014,0,0,0,4,69,6519756,216,216,67104923,2,4,760513,0,0,0,0,0,0
201804,53,011,4,9,Clark County                  ,863,863,239565416,8,16,1412506,2,6,959481,9,126,11166179,365,365,84440225,7,14,1057836,0,0,0,2,48,2982219
201804,53,021,4,9,Franklin County               ,204,204,55245320,7,14,2036253,0,0,0,1,5,599552,29,29,10212009,0,0,0,0,0,0,0,0,0
201804,53,031,4,9,Jefferson County              ,44,44,9565679,0,0,0,0,0,0,0,0,0,44,44,9565679,0,0,0,0,0,0,0,0,0
201804,53,033,4,9,King County                   ,1610,1610,609593036,67,134,29683295,51,173,32477295,72,3537,466221072,1302,1302,470466759,64,128,27794795,49,167,30776783,61,3284,435373330
201804,53,035,4,9,Kitsap County                 ,319,319,99933916,4,8,1098845,0,0,0,1,107,26606369,319,319,99933916,4,8,1098845,0,0,0,1,107,26606369
201804,53,053,4,9,Pierce County                 ,910,910,269355535,11,22,3699463,12,47,8054374,18,787,100731615,901,901,266269301,11,22,3699463,12,47,8054374,18,787,100731615
201804,53,055,4,9,San Juan County               ,47,47,9295400,1,2,216000,0,0,0,0,0,0,37,37,7050533,1,2,216000,0,0,0,0,0,0
201804,53,059,4,9,Skamania County               ,9,9,2587797,0,0,0,0,0,0,0,0,0,9,9,2587797,0,0,0,0,0,0,0,0,0
201804,53,061,4,9,Snohomish County              ,659,659,204934831,20,40,8362534,19,63,12705219,26,593,55835725,617,617,191587333,20,40,8362534,19,63,12705219,26,593,55835725
201804,54,011,3,5,Cabell County                 ,17,17,3216432,1,2,146000,0,0,0,0,0,0,3,3,225000,0,0,0,0,0,0,0,0,0
201804,54,015,3,5,Clay County                   ,11,11,275000,0,0,0,0,0,0,0,0,0,11,11,275000,0,0,0,0,0,0,0,0,0
201804,54,019,3,5,Fayette County                ,6,6,650280,0,0,0,0,0,0,0,0,0,0,0,0,0,0,0,0,0,0,0,0,0
201804,54,037,3,5,Jefferson County              ,52,52,13734505,0,0,0,0,0,0,0,0,0,52,52,13734505,0,0,0,0,0,0,0,0,0
201804,54,081,3,5,Raleigh County                ,17,17,2975810,0,0,0,0,0,0,0,0,0,17,17,2975810,0,0,0,0,0,0,0,0,0
201804,55,025,2,3,Dane County                   ,438,438,148580977,13,26,4539580,10,36,4117515,17,744,105873855,339,339,119940701,9,18,3197255,7,27,2895000,8,461,70996300
201804,55,031,2,3,Douglas County                ,13,13,2895132,0,0,0,0,0,0,0,0,0,13,13,2895132,0,0,0,0,0,0,0,0,0
201804,55,037,2,3,Florence County               ,5,5,633551,0,0,0,0,0,0,0,0,0,3,3,348600,0,0,0,0,0,0,0,0,0
201804,55,049,2,3,Iowa County                   ,15,15,3284000,0,0,0,0,0,0,0,0,0,15,15,3284000,0,0,0,0,0,0,0,0,0
201804,55,059,2,3,Kenosha County                ,63,63,17660778,0,0,0,0,0,0,0,0,0,54,54,15565541,0,0,0,0,0,0,0,0,0
201804,55,079,2,3,Milwaukee County              ,44,44,12602669,3,6,1089000,0,0,0,2,72,4110454,39,39,11412262,3,6,1089000,0,0,0,0,0,0
201804,55,089,2,3,Ozaukee County                ,57,57,19978649,2,4,753900,1,3,980000,4,24,2335771,29,29,7767094,2,4,753900,1,3,980000,0,0,0
201804,55,093,2,3,Pierce County                 ,30,30,9406137,0,0,0,0,0,0,0,0,0,30,30,9406137,0,0,0,0,0,0,0,0,0
201804,55,109,2,3,St. Croix County              ,116,116,30565586,6,12,1623801,0,0,0,1,36,5300000,102,102,26855925,4,8,1147000,0,0,0,1,36,5300000
201804,55,131,2,3,Washington County             ,104,104,30755192,10,20,2569000,0,0,0,0,0,0,70,70,18260307,10,20,2569000,0,0,0,0,0,0
201804,56,029,4,8,Park County                   ,33,33,7448204,1,2,201000,0,0,0,0,0,0,26,26,6204637,0,0,0,0,0,0,0,0,0
201804,56,039,4,8,Teton County                  ,58,58,104053188,0,0,0,0,0,0,1,5,1040398,52,52,100753040,0,0,0,0,0,0,0,0,0
