Survey,FIPS,FIPS,Region,Division,County,,1-unit,,,2-units,,,3-4 units,,,5+ units,,,1-unit rep,,,2-units rep,,,3-4 units rep,,, 5+units rep
Date,State,County,Code,Code,Name,Bldgs,Units,Value,Bldgs,Units,Value,Bldgs,Units,Value,Bldgs,Units,Value,Bldgs,Units,Value,Bldgs,Units,Value,Bldgs,Units,Value,Bldgs,Units,Value
 
201802,01,001,3,6,Autauga County                ,40,40,12755994,0,0,0,0,0,0,0,0,0,40,40,12755994,0,0,0,0,0,0,0,0,0
201802,01,007,3,6,Bibb County                   ,1,1,235594,0,0,0,0,0,0,0,0,0,0,0,0,0,0,0,0,0,0,0,0,0
201802,01,009,3,6,Blount County                 ,2,2,279000,0,0,0,0,0,0,0,0,0,2,2,279000,0,0,0,0,0,0,0,0,0
201802,01,021,3,6,Chilton County                ,6,6,733000,0,0,0,0,0,0,0,0,0,6,6,733000,0,0,0,0,0,0,0,0,0
201802,01,073,3,6,Jefferson County              ,209,209,58632942,0,0,0,0,0,0,12,142,12015230,186,186,55966339,0,0,0,0,0,0,12,142,12015230
201802,01,081,3,6,Lee County                    ,162,162,45354336,2,4,288500,0,0,0,0,0,0,54,54,14997029,0,0,0,0,0,0,0,0,0
201802,01,083,3,6,Limestone County              ,16,16,3665179,0,0,0,0,0,0,0,0,0,16,16,3665179,0,0,0,0,0,0,0,0,0
201802,01,089,3,6,Madison County                ,365,365,51931514,0,0,0,0,0,0,0,0,0,364,364,51805199,0,0,0,0,0,0,0,0,0
201802,01,113,3,6,Russell County                ,30,30,4166033,0,0,0,0,0,0,0,0,0,30,30,4166033,0,0,0,0,0,0,0,0,0
201802,01,115,3,6,St. Clair County              ,22,22,3968879,0,0,0,0,0,0,0,0,0,15,15,2610749,0,0,0,0,0,0,0,0,0
201802,01,117,3,6,Shelby County                 ,176,176,40513377,0,0,0,0,0,0,2,11,1687950,66,66,13633174,0,0,0,0,0,0,0,0,0
201802,01,127,3,6,Walker County                 ,0,0,0,0,0,0,0,0,0,0,0,0,0,0,0,0,0,0,0,0,0,0,0,0
201802,02,013,4,9,Aleutians East Borough        ,0,0,0,0,0,0,0,0,0,0,0,0,0,0,0,0,0,0,0,0,0,0,0,0
201802,02,016,4,9,Aleutians West Census Area    ,0,0,0,0,0,0,0,0,0,0,0,0,0,0,0,0,0,0,0,0,0,0,0,0
201802,02,020,4,9,Anchorage Municipality        ,133,133,41672957,0,0,0,2,7,1215154,2,28,4426676,0,0,0,0,0,0,0,0,0,0,0,0
201802,02,050,4,9,Bethel Census Area            ,0,0,0,0,0,0,0,0,0,0,0,0,0,0,0,0,0,0,0,0,0,0,0,0
201802,02,060,4,9,Bristol Bay Borough           ,0,0,0,0,0,0,0,0,0,0,0,0,0,0,0,0,0,0,0,0,0,0,0,0
201802,02,070,4,9,Dillingham Census Area        ,0,0,0,0,0,0,0,0,0,0,0,0,0,0,0,0,0,0,0,0,0,0,0,0
201802,02,090,4,9,Fairbanks North Star Borough  ,0,0,0,0,0,0,0,0,0,0,0,0,0,0,0,0,0,0,0,0,0,0,0,0
201802,02,100,4,9,Haines Borough                ,2,2,557140,0,0,0,0,0,0,0,0,0,0,0,0,0,0,0,0,0,0,0,0,0
201802,02,105,4,9,Hoonah-Angoon Census Area     ,0,0,0,0,0,0,0,0,0,0,0,0,0,0,0,0,0,0,0,0,0,0,0,0
201802,02,110,4,9,Juneau City and Borough       ,7,7,1353497,0,0,0,1,3,577672,0,0,0,7,7,1353497,0,0,0,1,3,577672,0,0,0
201802,02,122,4,9,Kenai Peninsula Borough       ,8,8,1955587,0,0,0,0,0,0,0,0,0,3,3,855000,0,0,0,0,0,0,0,0,0
201802,02,130,4,9,Ketchikan Gateway Borough     ,3,3,592494,1,2,301442,0,0,0,0,0,0,3,3,592494,1,2,301442,0,0,0,0,0,0
201802,02,150,4,9,Kodiak Island Borough         ,0,0,0,1,2,407185,0,0,0,0,0,0,0,0,0,1,2,407185,0,0,0,0,0,0
201802,02,158,4,9,Kusilvak Census Area          ,0,0,0,0,0,0,0,0,0,0,0,0,0,0,0,0,0,0,0,0,0,0,0,0
201802,02,170,4,9,Matanuska-Susitna Borough     ,13,13,3416901,1,2,301442,0,0,0,0,0,0,12,12,3316906,1,2,301442,0,0,0,0,0,0
201802,02,180,4,9,Nome Census Area              ,0,0,0,0,0,0,0,0,0,0,0,0,0,0,0,0,0,0,0,0,0,0,0,0
201802,02,185,4,9,North Slope Borough           ,0,0,0,0,0,0,0,0,0,0,0,0,0,0,0,0,0,0,0,0,0,0,0,0
201802,02,188,4,9,Northwest Arctic Borough      ,0,0,0,0,0,0,0,0,0,0,0,0,0,0,0,0,0,0,0,0,0,0,0,0
201802,02,195,4,9,Petersburg Borough            ,1,1,348917,0,0,0,0,0,0,0,0,0,0,0,0,0,0,0,0,0,0,0,0,0
201802,02,198,4,9,Prince of Wales-Hyder Census A,0,0,0,0,0,0,0,0,0,0,0,0,0,0,0,0,0,0,0,0,0,0,0,0
201802,02,220,4,9,Sitka City and Borough        ,2,2,496214,2,4,1448540,0,0,0,0,0,0,0,0,0,0,0,0,0,0,0,0,0,0
201802,02,230,4,9,Skagway Municipality          ,1,1,209000,0,0,0,0,0,0,0,0,0,0,0,0,0,0,0,0,0,0,0,0,0
201802,02,261,4,9,Valdez-Cordova Census Area    ,0,0,0,0,0,0,0,0,0,0,0,0,0,0,0,0,0,0,0,0,0,0,0,0
201802,02,275,4,9,Wrangell City and Borough     ,2,2,325000,0,0,0,0,0,0,0,0,0,2,2,325000,0,0,0,0,0,0,0,0,0
201802,02,282,4,9,Yakutat City and Borough      ,0,0,0,0,0,0,0,0,0,0,0,0,0,0,0,0,0,0,0,0,0,0,0,0
201802,02,290,4,9,Yukon-Koyukuk Census Area     ,0,0,0,0,0,0,0,0,0,0,0,0,0,0,0,0,0,0,0,0,0,0,0,0
201802,04,013,4,8,Maricopa County               ,2598,2598,703734976,24,48,6296869,11,38,6618795,30,1994,352117436,2585,2585,700394598,24,48,6296869,11,38,6618795,30,1994,352117436
201802,04,019,4,8,Pima County                   ,466,466,132016134,1,2,330471,1,4,286000,2,10,855532,66,66,18027132,0,0,0,1,4,286000,0,0,0
201802,04,021,4,8,Pinal County                  ,634,634,130161212,3,6,463594,0,0,0,0,0,0,617,617,124484197,3,6,463594,0,0,0,0,0,0
201802,05,013,3,7,Calhoun County                ,0,0,0,0,0,0,0,0,0,0,0,0,0,0,0,0,0,0,0,0,0,0,0,0
201802,05,035,3,7,Crittenden County             ,7,7,1040000,0,0,0,0,0,0,0,0,0,7,7,1040000,0,0,0,0,0,0,0,0,0
201802,05,045,3,7,Faulkner County               ,44,44,9624174,2,4,305778,0,0,0,2,10,375000,7,7,1148000,0,0,0,0,0,0,0,0,0
201802,05,053,3,7,Grant County                  ,2,2,304000,0,0,0,0,0,0,0,0,0,0,0,0,0,0,0,0,0,0,0,0,0
201802,05,085,3,7,Lonoke County                 ,61,61,7874012,0,0,0,0,0,0,0,0,0,16,16,3743659,0,0,0,0,0,0,0,0,0
201802,05,087,3,7,Madison County                ,0,0,0,0,0,0,0,0,0,0,0,0,0,0,0,0,0,0,0,0,0,0,0,0
201802,05,091,3,7,Miller County                 ,3,3,620000,0,0,0,0,0,0,0,0,0,3,3,620000,0,0,0,0,0,0,0,0,0
201802,05,105,3,7,Perry County                  ,0,0,0,0,0,0,0,0,0,0,0,0,0,0,0,0,0,0,0,0,0,0,0,0
201802,05,119,3,7,Pulaski County                ,121,121,28150558,0,0,0,0,0,0,0,0,0,80,80,21711701,0,0,0,0,0,0,0,0,0
201802,05,129,3,7,Searcy County                 ,0,0,0,0,0,0,0,0,0,0,0,0,0,0,0,0,0,0,0,0,0,0,0,0
201802,05,143,3,7,Washington County             ,214,214,47141079,2,4,798000,2,7,1365000,0,0,0,208,208,45771503,2,4,798000,2,7,1365000,0,0,0
201802,06,001,4,9,Alameda County                ,259,259,79971701,0,0,0,7,21,4222205,19,1005,154454601,124,124,35731661,0,0,0,4,12,1944224,12,904,134593328
201802,06,013,4,9,Contra Costa County           ,209,209,82407413,0,0,0,3,10,729616,4,70,6655702,192,192,78798337,0,0,0,1,3,400000,2,60,5093825
201802,06,017,4,9,El Dorado County              ,107,107,43262692,0,0,0,0,0,0,0,0,0,104,104,41623235,0,0,0,0,0,0,0,0,0
201802,06,019,4,9,Fresno County                 ,335,335,95444893,0,0,0,5,19,2556210,9,195,11731728,316,316,91996146,0,0,0,5,19,2556210,9,195,11731728
201802,06,037,4,9,Los Angeles County            ,901,901,341393976,92,184,34863702,8,26,4026452,62,1659,289941825,751,751,271647153,91,182,34063702,4,12,1969488,54,1511,266948026
201802,06,041,4,9,Marin County                  ,21,21,15527950,0,0,0,0,0,0,1,48,6600000,18,18,11110450,0,0,0,0,0,0,1,48,6600000
201802,06,059,4,9,Orange County                 ,686,686,213070884,59,118,27730948,16,55,12075588,16,538,88046521,614,614,175315245,54,108,24739234,16,55,12075588,13,442,70973540
201802,06,061,4,9,Placer County                 ,304,304,101799856,0,0,0,0,0,0,0,0,0,304,304,101799856,0,0,0,0,0,0,0,0,0
201802,06,063,4,9,Plumas County                 ,3,3,764190,0,0,0,0,0,0,0,0,0,3,3,764190,0,0,0,0,0,0,0,0,0
201802,06,067,4,9,Sacramento County             ,458,458,124036146,0,0,0,0,0,0,7,231,21188634,458,458,124036146,0,0,0,0,0,0,7,231,21188634
201802,06,069,4,9,San Benito County             ,81,81,21269233,1,2,631259,0,0,0,0,0,0,38,38,10100092,1,2,631259,0,0,0,0,0,0
201802,06,071,4,9,San Bernardino County         ,574,574,139890433,2,4,714000,0,0,0,8,75,9139593,486,486,113549211,2,4,714000,0,0,0,7,60,7207134
201802,06,073,4,9,San Diego County              ,631,631,220761449,20,40,10090789,26,91,16862355,25,1100,210823913,613,613,206429580,20,40,10090789,26,91,16862355,23,1086,203215217
201802,06,075,4,9,San Francisco County          ,8,8,2192276,0,0,0,1,3,630000,3,369,99713684,8,8,2192276,0,0,0,1,3,630000,3,369,99713684
201802,06,081,4,9,San Mateo County              ,65,65,39676632,3,6,1750000,0,0,0,10,365,86803304,40,40,24078902,1,2,600000,0,0,0,3,276,71808000
201802,06,085,4,9,Santa Clara County            ,424,424,144379078,3,6,1538979,0,0,0,9,906,162640191,421,421,141954731,3,6,1538979,0,0,0,9,906,162640191
201802,06,091,4,9,Sierra County                 ,1,1,120000,0,0,0,0,0,0,0,0,0,1,1,120000,0,0,0,0,0,0,0,0,0
201802,06,113,4,9,Yolo County                   ,21,21,6193460,0,0,0,1,4,500000,0,0,0,21,21,6193460,0,0,0,1,4,500000,0,0,0
201802,08,001,4,8,Adams County                  ,343,343,96250358,0,0,0,0,0,0,5,152,15208189,343,343,96250358,0,0,0,0,0,0,5,152,15208189
201802,08,005,4,8,Arapahoe County               ,361,361,99890770,0,0,0,2,6,865191,17,408,46316312,358,358,99512634,0,0,0,2,6,865191,17,408,46316312
201802,08,014,4,8,Broomfield County             ,100,100,34474179,0,0,0,0,0,0,4,198,27699012,100,100,34474179,0,0,0,0,0,0,4,198,27699012
201802,08,015,4,8,Chaffee County                ,18,18,4767989,0,0,0,0,0,0,0,0,0,0,0,0,0,0,0,0,0,0,0,0,0
201802,08,019,4,8,Clear Creek County            ,0,0,0,0,0,0,0,0,0,0,0,0,0,0,0,0,0,0,0,0,0,0,0,0
201802,08,031,4,8,Denver County                 ,418,418,114546421,1,2,150000,0,0,0,14,920,140422158,418,418,114546421,1,2,150000,0,0,0,14,920,140422158
201802,08,035,4,8,Douglas County                ,403,403,124257579,0,0,0,1,3,518902,11,256,33135631,240,240,74321999,0,0,0,0,0,0,8,184,26325304
201802,08,039,4,8,Elbert County                 ,39,39,12693345,0,0,0,0,0,0,0,0,0,39,39,12693345,0,0,0,0,0,0,0,0,0
201802,08,041,4,8,El Paso County                ,626,626,248336732,1,2,351651,0,0,0,10,200,26725110,626,626,248336732,1,2,351651,0,0,0,10,200,26725110
201802,08,047,4,8,Gilpin County                 ,4,4,1096138,0,0,0,0,0,0,0,0,0,4,4,1096138,0,0,0,0,0,0,0,0,0
201802,08,069,4,8,Larimer County                ,220,220,57282136,5,10,1809294,1,3,1049180,4,71,8632747,220,220,57282136,5,10,1809294,1,3,1049180,4,71,8632747
201802,08,077,4,8,Mesa County                   ,123,123,19984942,0,0,0,0,0,0,0,0,0,123,123,19984942,0,0,0,0,0,0,0,0,0
201802,08,093,4,8,Park County                   ,13,13,3331093,0,0,0,0,0,0,0,0,0,13,13,3331093,0,0,0,0,0,0,0,0,0
201802,08,101,4,8,Pueblo County                 ,70,70,10781953,0,0,0,0,0,0,0,0,0,46,46,6667263,0,0,0,0,0,0,0,0,0
201802,08,119,4,8,Teller County                 ,27,27,8356428,0,0,0,0,0,0,0,0,0,27,27,8356428,0,0,0,0,0,0,0,0,0
201802,09,001,1,1,Fairfield County              ,102,102,61532705,3,6,651240,1,3,1179000,2,16,955268,81,81,38521991,2,4,524040,1,3,1179000,1,11,550000
201802,09,003,1,1,Hartford County               ,52,52,9969560,0,0,0,1,4,112000,3,132,8486862,42,42,8381377,0,0,0,1,4,112000,1,122,8000000
201802,09,007,1,1,Middlesex County              ,15,15,7087830,1,2,350000,0,0,0,2,27,2699880,8,8,4828642,0,0,0,0,0,0,0,0,0
201802,09,013,1,1,Tolland County                ,12,12,3050652,0,0,0,0,0,0,4,24,2330560,4,4,1189162,0,0,0,0,0,0,0,0,0
201802,10,001,3,5,Kent County                   ,201,201,29326670,0,0,0,0,0,0,0,0,0,197,197,28751282,0,0,0,0,0,0,0,0,0
201802,10,003,3,5,New Castle County             ,215,215,20040758,0,0,0,0,0,0,4,28,632374,200,200,18755248,0,0,0,0,0,0,0,0,0
201802,10,005,3,5,Sussex County                 ,432,432,62761637,14,28,4544406,2,8,1068133,1,5,691190,432,432,62761637,14,28,4544406,2,8,1068133,1,5,691190
201802,11,001,3,5,Washington  DC                ,24,24,5549902,1,2,217141,0,0,0,7,336,36193618,24,24,5549902,1,2,217141,0,0,0,7,336,36193618
201802,12,003,3,5,Baker County                  ,36,36,6010641,0,0,0,0,0,0,0,0,0,30,30,4965892,0,0,0,0,0,0,0,0,0
201802,12,019,3,5,Clay County                   ,195,195,37368417,0,0,0,0,0,0,0,0,0,168,168,31232971,0,0,0,0,0,0,0,0,0
201802,12,029,3,5,Dixie County                  ,5,5,631617,0,0,0,0,0,0,0,0,0,0,0,0,0,0,0,0,0,0,0,0,0
201802,12,031,3,5,Duval County                  ,557,557,132830591,4,8,868563,2,7,854423,29,691,74433900,517,517,119911266,4,8,868563,2,7,854423,29,691,74433900
201802,12,033,3,5,Escambia County               ,227,227,51849417,0,0,0,0,0,0,0,0,0,227,227,51849417,0,0,0,0,0,0,0,0,0
201802,12,053,3,5,Hernando County               ,134,134,27680088,1,2,200000,0,0,0,0,0,0,134,134,27680088,1,2,200000,0,0,0,0,0,0
201802,12,057,3,5,Hillsborough County           ,1386,1386,447870699,1,2,600000,0,0,0,16,410,72643080,1386,1386,447870699,1,2,600000,0,0,0,16,410,72643080
201802,12,067,3,5,Lafayette County              ,1,1,179324,0,0,0,0,0,0,0,0,0,0,0,0,0,0,0,0,0,0,0,0,0
201802,12,071,3,5,Lee County                    ,880,880,201529130,31,62,6631475,8,32,6236255,6,62,8787308,880,880,201529130,31,62,6631475,8,32,6236255,6,62,8787308
201802,12,073,3,5,Leon County                   ,108,108,23890784,0,0,0,0,0,0,2,78,5660180,47,47,13455687,0,0,0,0,0,0,0,0,0
201802,12,081,3,5,Manatee County                ,539,539,115681446,1,2,100000,3,12,2332979,5,151,16781330,297,297,60937729,1,2,100000,0,0,0,4,121,13333822
201802,12,086,3,5,Miami-Dade County             ,400,400,199642926,16,32,6434740,22,84,8600790,37,1508,238850099,339,339,171227283,16,32,6434740,22,84,8600790,34,1492,221719400
201802,12,089,3,5,Nassau County                 ,209,209,61890094,0,0,0,0,0,0,1,5,1213610,132,132,39679000,0,0,0,0,0,0,0,0,0
201802,12,091,3,5,Okaloosa County               ,114,114,38873093,1,2,238000,1,4,276250,1,5,1203704,104,104,35959870,0,0,0,1,4,276250,0,0,0
201802,12,095,3,5,Orange County                 ,1086,1086,288078893,13,26,4005611,1,3,551507,60,1278,144832653,998,998,257293564,13,26,4005611,1,3,551507,56,1197,137047591
201802,12,097,3,5,Osceola County                ,623,623,166901030,4,8,815147,1,4,659132,14,345,31577578,395,395,102758054,3,6,616219,0,0,0,13,318,28944778
201802,12,101,3,5,Pasco County                  ,533,533,124835936,1,2,280000,0,0,0,2,16,823610,528,528,124035172,0,0,0,0,0,0,1,11,392360
201802,12,103,3,5,Pinellas County               ,150,150,41294304,4,8,1185530,0,0,0,5,293,26325510,148,148,40456978,4,8,1185530,0,0,0,5,293,26325510
201802,12,109,3,5,St. Johns County              ,677,677,182035097,0,0,0,3,12,2564831,14,517,24628756,677,677,182035097,0,0,0,3,12,2564831,14,517,24628756
201802,12,113,3,5,Santa Rosa County             ,235,235,39797394,0,0,0,0,0,0,0,0,0,235,235,39797394,0,0,0,0,0,0,0,0,0
201802,12,115,3,5,Sarasota County               ,512,512,138076693,2,4,726519,1,4,1010077,13,414,63996257,477,477,127006816,2,4,726519,1,4,1010077,13,414,63996257
201802,12,117,3,5,Seminole County               ,205,205,67064319,0,0,0,0,0,0,4,106,6894534,192,192,63145107,0,0,0,0,0,0,0,0,0
201802,12,119,3,5,Sumter County                 ,255,255,73690946,0,0,0,0,0,0,0,0,0,255,255,73690946,0,0,0,0,0,0,0,0,0
201802,12,129,3,5,Wakulla County                ,36,36,6290613,0,0,0,0,0,0,0,0,0,36,36,6290613,0,0,0,0,0,0,0,0,0
201802,12,131,3,5,Walton County                 ,210,210,80335419,0,0,0,6,18,3207384,0,0,0,210,210,80335419,0,0,0,6,18,3207384,0,0,0
201802,12,133,3,5,Washington County             ,8,8,1156654,0,0,0,0,0,0,0,0,0,0,0,0,0,0,0,0,0,0,0,0,0
201802,13,007,3,5,Baker County                  ,0,0,0,0,0,0,0,0,0,0,0,0,0,0,0,0,0,0,0,0,0,0,0,0
201802,13,013,3,5,Barrow County                 ,84,84,9948988,0,0,0,0,0,0,0,0,0,39,39,2930000,0,0,0,0,0,0,0,0,0
201802,13,015,3,5,Bartow County                 ,101,101,14048166,0,0,0,0,0,0,0,0,0,101,101,14048166,0,0,0,0,0,0,0,0,0
201802,13,021,3,5,Bibb County                   ,16,16,2685556,0,0,0,0,0,0,0,0,0,0,0,0,0,0,0,0,0,0,0,0,0
201802,13,029,3,5,Bryan County                  ,111,111,24278364,0,0,0,0,0,0,7,84,9048405,111,111,24278364,0,0,0,0,0,0,7,84,9048405
201802,13,033,3,5,Burke County                  ,8,8,1432036,0,0,0,0,0,0,0,0,0,0,0,0,0,0,0,0,0,0,0,0,0
201802,13,035,3,5,Butts County                  ,17,17,2801000,0,0,0,0,0,0,0,0,0,17,17,2801000,0,0,0,0,0,0,0,0,0
201802,13,045,3,5,Carroll County                ,104,104,22268636,0,0,0,0,0,0,0,0,0,104,104,22268636,0,0,0,0,0,0,0,0,0
201802,13,051,3,5,Chatham County                ,178,178,32737759,0,0,0,0,0,0,2,23,1833279,162,162,30650195,0,0,0,0,0,0,0,0,0
201802,13,057,3,5,Cherokee County               ,404,404,109251993,0,0,0,0,0,0,18,308,17759464,404,404,109251993,0,0,0,0,0,0,18,308,17759464
201802,13,059,3,5,Clarke County                 ,76,76,13251567,0,0,0,0,0,0,0,0,0,76,76,13251567,0,0,0,0,0,0,0,0,0
201802,13,063,3,5,Clayton County                ,82,82,18571896,0,0,0,0,0,0,0,0,0,82,82,18571896,0,0,0,0,0,0,0,0,0
201802,13,067,3,5,Cobb County                   ,240,240,65172964,2,4,1085870,2,6,1654563,5,26,6150383,235,235,64218496,2,4,1085870,2,6,1654563,5,26,6150383
201802,13,073,3,5,Columbia County               ,263,263,48131734,0,0,0,0,0,0,0,0,0,62,62,9989625,0,0,0,0,0,0,0,0,0
201802,13,077,3,5,Coweta County                 ,115,115,36904765,0,0,0,0,0,0,0,0,0,109,109,35460935,0,0,0,0,0,0,0,0,0
201802,13,085,3,5,Dawson County                 ,76,76,13145500,0,0,0,0,0,0,0,0,0,76,76,13145500,0,0,0,0,0,0,0,0,0
201802,13,095,3,5,Dougherty County              ,5,5,741175,0,0,0,1,3,135000,2,10,1007268,0,0,0,0,0,0,0,0,0,0,0,0
201802,13,097,3,5,Douglas County                ,57,57,8101433,0,0,0,0,0,0,0,0,0,57,57,8101433,0,0,0,0,0,0,0,0,0
201802,13,111,3,5,Fannin County                 ,39,39,7736952,0,0,0,0,0,0,0,0,0,18,18,3496070,0,0,0,0,0,0,0,0,0
201802,13,113,3,5,Fayette County                ,75,75,24797005,2,4,800000,0,0,0,0,0,0,68,68,22069044,2,4,800000,0,0,0,0,0,0
201802,13,115,3,5,Floyd County                  ,19,19,3062800,0,0,0,0,0,0,0,0,0,19,19,3062800,0,0,0,0,0,0,0,0,0
201802,13,117,3,5,Forsyth County                ,474,474,67395555,0,0,0,0,0,0,2,460,21740850,474,474,67395555,0,0,0,0,0,0,2,460,21740850
201802,13,121,3,5,Fulton County                 ,671,671,173787680,1,2,490000,0,0,0,3,591,83796253,660,660,172370163,1,2,490000,0,0,0,3,591,83796253
201802,13,127,3,5,Glynn County                  ,88,88,26566144,0,0,0,0,0,0,0,0,0,0,0,0,0,0,0,0,0,0,0,0,0
201802,13,135,3,5,Gwinnett County               ,557,557,133835713,16,32,3200000,0,0,0,0,0,0,548,548,131275404,16,32,3200000,0,0,0,0,0,0
201802,13,143,3,5,Haralson County               ,10,10,2134231,0,0,0,0,0,0,0,0,0,3,3,540000,0,0,0,0,0,0,0,0,0
201802,13,145,3,5,Harris County                 ,43,43,10886850,0,0,0,0,0,0,0,0,0,43,43,10886850,0,0,0,0,0,0,0,0,0
201802,13,149,3,5,Heard County                  ,2,2,462492,0,0,0,0,0,0,0,0,0,2,2,462492,0,0,0,0,0,0,0,0,0
201802,13,151,3,5,Henry County                  ,333,333,66688297,0,0,0,0,0,0,0,0,0,276,276,58939475,0,0,0,0,0,0,0,0,0
201802,13,159,3,5,Jasper County                 ,12,12,1607688,0,0,0,0,0,0,0,0,0,0,0,0,0,0,0,0,0,0,0,0,0
201802,13,171,3,5,Lamar County                  ,7,7,875535,0,0,0,0,0,0,0,0,0,7,7,875535,0,0,0,0,0,0,0,0,0
201802,13,177,3,5,Lee County                    ,19,19,2017505,0,0,0,0,0,0,0,0,0,19,19,2017505,0,0,0,0,0,0,0,0,0
201802,13,179,3,5,Liberty County                ,58,58,12930414,0,0,0,0,0,0,0,0,0,34,34,8460146,0,0,0,0,0,0,0,0,0
201802,13,189,3,5,McDuffie County               ,4,4,992000,0,0,0,0,0,0,0,0,0,4,4,992000,0,0,0,0,0,0,0,0,0
201802,13,199,3,5,Meriwether County             ,10,10,1997468,0,0,0,0,0,0,0,0,0,9,9,1912468,0,0,0,0,0,0,0,0,0
201802,13,201,3,5,Miller County                 ,2,2,308000,0,0,0,0,0,0,0,0,0,2,2,308000,0,0,0,0,0,0,0,0,0
201802,13,207,3,5,Monroe County                 ,20,20,4438090,0,0,0,0,0,0,0,0,0,0,0,0,0,0,0,0,0,0,0,0,0
201802,13,215,3,5,Muscogee County               ,48,48,9209370,0,0,0,2,6,369280,2,14,3485270,0,0,0,0,0,0,0,0,0,0,0,0
201802,13,217,3,5,Newton County                 ,132,132,30446967,0,0,0,0,0,0,0,0,0,132,132,30446967,0,0,0,0,0,0,0,0,0
201802,13,227,3,5,Pickens County                ,17,17,4825500,0,0,0,0,0,0,0,0,0,17,17,4825500,0,0,0,0,0,0,0,0,0
201802,13,231,3,5,Pike County                   ,13,13,2175350,0,0,0,0,0,0,0,0,0,0,0,0,0,0,0,0,0,0,0,0,0
201802,13,235,3,5,Pulaski County                ,2,2,220000,0,0,0,0,0,0,0,0,0,2,2,220000,0,0,0,0,0,0,0,0,0
201802,13,245,3,5,Richmond County               ,58,58,8881998,0,0,0,0,0,0,2,41,2745233,1,1,160000,0,0,0,0,0,0,0,0,0
201802,13,247,3,5,Rockdale County               ,48,48,10421830,0,0,0,1,4,488242,0,0,0,48,48,10421830,0,0,0,1,4,488242,0,0,0
201802,13,255,3,5,Spalding County               ,25,25,2964473,0,0,0,0,0,0,0,0,0,25,25,2964473,0,0,0,0,0,0,0,0,0
201802,13,275,3,5,Thomas County                 ,15,15,3232700,0,0,0,0,0,0,2,24,2693585,11,11,2460448,0,0,0,0,0,0,0,0,0
201802,13,291,3,5,Union County                  ,40,40,8374698,0,0,0,0,0,0,0,0,0,40,40,8374698,0,0,0,0,0,0,0,0,0
201802,15,001,4,9,Hawaii County                 ,204,204,66665265,0,0,0,0,0,0,0,0,0,204,204,66665265,0,0,0,0,0,0,0,0,0
201802,15,003,4,9,Honolulu County               ,115,115,35982355,0,0,0,0,0,0,1,485,105200000,115,115,35982355,0,0,0,0,0,0,1,485,105200000
201802,15,007,4,9,Kauai County                  ,46,46,20137474,1,2,789120,0,0,0,0,0,0,46,46,20137474,1,2,789120,0,0,0,0,0,0
201802,15,009,4,9,Maui County                   ,51,51,16858821,5,10,4036040,0,0,0,2,12,32066184,51,51,16858821,5,10,4036040,0,0,0,2,12,32066184
201802,16,001,4,8,Ada County                    ,651,651,161288050,1,2,353459,7,28,1335705,2,48,5681258,589,589,144225305,0,0,0,6,24,1062086,0,0,0
201802,16,015,4,8,Boise County                  ,4,4,999849,0,0,0,0,0,0,0,0,0,4,4,999849,0,0,0,0,0,0,0,0,0
201802,16,027,4,8,Canyon County                 ,327,327,49606240,2,4,294103,0,0,0,0,0,0,278,278,42976962,2,4,294103,0,0,0,0,0,0
201802,16,045,4,8,Gem County                    ,7,7,1074143,0,0,0,0,0,0,1,5,298436,5,5,837603,0,0,0,0,0,0,0,0,0
201802,16,073,4,8,Owyhee County                 ,2,2,317966,0,0,0,0,0,0,0,0,0,0,0,0,0,0,0,0,0,0,0,0,0
201802,17,005,2,3,Bond County                   ,2,2,352416,0,0,0,0,0,0,0,0,0,0,0,0,0,0,0,0,0,0,0,0,0
201802,17,013,2,3,Calhoun County                ,1,1,170000,0,0,0,0,0,0,0,0,0,1,1,170000,0,0,0,0,0,0,0,0,0
201802,17,031,2,3,Cook County                   ,163,163,55623354,8,16,4326000,14,45,6088000,21,334,80878800,139,139,46439185,8,16,4326000,14,45,6088000,21,334,80878800
201802,17,037,2,3,DeKalb County                 ,4,4,870000,0,0,0,0,0,0,0,0,0,4,4,870000,0,0,0,0,0,0,0,0,0
201802,17,039,2,3,De Witt County                ,0,0,0,0,0,0,0,0,0,0,0,0,0,0,0,0,0,0,0,0,0,0,0,0
201802,17,043,2,3,DuPage County                 ,106,106,44684068,1,2,390000,1,4,500000,4,190,44842426,98,98,40653745,1,2,390000,1,4,500000,2,170,44368032
201802,17,063,2,3,Grundy County                 ,5,5,917182,0,0,0,0,0,0,2,10,512820,5,5,917182,0,0,0,0,0,0,0,0,0
201802,17,083,2,3,Jersey County                 ,1,1,143820,0,0,0,0,0,0,0,0,0,1,1,143820,0,0,0,0,0,0,0,0,0
201802,17,093,2,3,Kendall County                ,47,47,7360492,0,0,0,0,0,0,0,0,0,40,40,5763248,0,0,0,0,0,0,0,0,0
201802,17,097,2,3,Lake County                   ,54,54,20881308,1,2,83333,0,0,0,4,20,5063144,32,32,11604631,0,0,0,0,0,0,0,0,0
201802,17,111,2,3,McHenry County                ,37,37,6764028,0,0,0,0,0,0,0,0,0,30,30,5888128,0,0,0,0,0,0,0,0,0
201802,17,119,2,3,Madison County                ,39,39,11077524,0,0,0,0,0,0,0,0,0,36,36,10433498,0,0,0,0,0,0,0,0,0
201802,17,133,2,3,Monroe County                 ,20,20,4982127,0,0,0,0,0,0,0,0,0,17,17,4273350,0,0,0,0,0,0,0,0,0
201802,17,197,2,3,Will County                   ,139,139,33734654,4,8,1194500,1,4,454000,0,0,0,125,125,30795578,4,8,1194500,1,4,454000,0,0,0
201802,18,003,2,3,Allen County                  ,123,123,31061147,10,20,2450000,0,0,0,2,10,1160749,123,123,31061147,10,20,2450000,0,0,0,2,10,1160749
201802,18,011,2,3,Boone County                  ,58,58,18733316,0,0,0,0,0,0,0,0,0,58,58,18733316,0,0,0,0,0,0,0,0,0
201802,18,013,2,3,Brown County                  ,8,8,2069634,0,0,0,0,0,0,0,0,0,8,8,2069634,0,0,0,0,0,0,0,0,0
201802,18,019,2,3,Clark County                  ,41,41,9598826,0,0,0,0,0,0,0,0,0,35,35,8759012,0,0,0,0,0,0,0,0,0
201802,18,047,2,3,Franklin County               ,3,3,1050000,0,0,0,0,0,0,0,0,0,3,3,1050000,0,0,0,0,0,0,0,0,0
201802,18,057,2,3,Hamilton County               ,370,370,129827656,2,4,738175,0,0,0,0,0,0,369,369,129530000,2,4,738175,0,0,0,0,0,0
201802,18,059,2,3,Hancock County                ,74,74,16158515,1,2,325000,0,0,0,0,0,0,74,74,16158515,1,2,325000,0,0,0,0,0,0
201802,18,061,2,3,Harrison County               ,16,16,3732225,0,0,0,0,0,0,0,0,0,16,16,3732225,0,0,0,0,0,0,0,0,0
201802,18,063,2,3,Hendricks County              ,127,127,26780532,1,2,137273,0,0,0,1,13,1077309,105,105,21954422,0,0,0,0,0,0,0,0,0
201802,18,069,2,3,Huntington County             ,7,7,1304556,0,0,0,0,0,0,0,0,0,7,7,1304556,0,0,0,0,0,0,0,0,0
201802,18,073,2,3,Jasper County                 ,7,7,1852225,0,0,0,0,0,0,0,0,0,7,7,1852225,0,0,0,0,0,0,0,0,0
201802,18,081,2,3,Johnson County                ,73,73,17589405,0,0,0,0,0,0,0,0,0,69,69,17127129,0,0,0,0,0,0,0,0,0
201802,18,087,2,3,Lagrange County               ,7,7,1436000,0,0,0,0,0,0,0,0,0,7,7,1436000,0,0,0,0,0,0,0,0,0
201802,18,089,2,3,Lake County                   ,137,137,31995318,1,2,468008,0,0,0,0,0,0,126,126,30141203,1,2,468008,0,0,0,0,0,0
201802,18,097,2,3,Marion County                 ,150,150,38122161,5,10,1211481,0,0,0,3,144,16714786,150,150,38122161,5,10,1211481,0,0,0,3,144,16714786
201802,18,105,2,3,Monroe County                 ,26,26,6528691,5,10,1211481,0,0,0,1,8,920274,9,9,2328338,5,10,1211481,0,0,0,0,0,0
201802,18,109,2,3,Morgan County                 ,13,13,2671957,0,0,0,0,0,0,0,0,0,13,13,2671957,0,0,0,0,0,0,0,0,0
201802,18,111,2,3,Newton County                 ,2,2,421680,0,0,0,0,0,0,0,0,0,0,0,0,0,0,0,0,0,0,0,0,0
201802,18,115,2,3,Ohio County                   ,1,1,140000,0,0,0,0,0,0,0,0,0,1,1,140000,0,0,0,0,0,0,0,0,0
201802,18,119,2,3,Owen County                   ,2,2,517408,0,0,0,0,0,0,0,0,0,2,2,517408,0,0,0,0,0,0,0,0,0
201802,18,127,2,3,Porter County                 ,49,49,13384050,1,2,376947,0,0,0,0,0,0,38,38,11516963,1,2,376947,0,0,0,0,0,0
201802,18,133,2,3,Putnam County                 ,17,17,4255563,0,0,0,0,0,0,0,0,0,17,17,4255563,0,0,0,0,0,0,0,0,0
201802,18,145,2,3,Shelby County                 ,7,7,1155293,1,2,221200,0,0,0,0,0,0,5,5,844436,0,0,0,0,0,0,0,0,0
201802,18,151,2,3,Steuben County                ,10,10,2972700,1,2,308000,0,0,0,0,0,0,10,10,2972700,1,2,308000,0,0,0,0,0,0
201802,18,157,2,3,Tippecanoe County             ,47,47,10489659,2,4,720000,0,0,0,6,136,15786186,39,39,9497239,0,0,0,0,0,0,6,136,15786186
201802,18,163,2,3,Vanderburgh County            ,28,28,4319398,1,2,230000,0,0,0,0,0,0,28,28,4319398,1,2,230000,0,0,0,0,0,0
201802,18,167,2,3,Vigo County                   ,1,1,133280,0,0,0,0,0,0,1,12,757250,0,0,0,0,0,0,0,0,0,0,0,0
201802,18,175,2,3,Washington County             ,3,3,494615,0,0,0,0,0,0,0,0,0,0,0,0,0,0,0,0,0,0,0,0,0
201802,18,183,2,3,Whitley County                ,6,6,1233416,0,0,0,0,0,0,0,0,0,6,6,1233416,0,0,0,0,0,0,0,0,0
201802,19,049,2,4,Dallas County                 ,50,50,13716026,2,4,538468,0,0,0,2,10,921052,49,49,13541026,2,4,538468,0,0,0,0,0,0
201802,19,085,2,4,Harrison County               ,4,4,1090000,0,0,0,0,0,0,0,0,0,3,3,835000,0,0,0,0,0,0,0,0,0
201802,19,129,2,4,Mills County                  ,0,0,0,0,0,0,0,0,0,0,0,0,0,0,0,0,0,0,0,0,0,0,0,0
201802,19,153,2,4,Polk County                   ,206,206,50656769,0,0,0,0,0,0,3,96,11168689,188,188,48266045,0,0,0,0,0,0,3,96,11168689
201802,19,181,2,4,Warren County                 ,26,26,6761072,0,0,0,0,0,0,0,0,0,24,24,6283418,0,0,0,0,0,0,0,0,0
201802,20,061,2,4,Geary County                  ,1,1,154066,0,0,0,0,0,0,0,0,0,0,0,0,0,0,0,0,0,0,0,0,0
201802,20,091,2,4,Johnson County                ,249,249,83950175,3,6,1003000,17,58,9259195,4,33,4311078,177,177,59227079,3,6,1003000,15,52,8366635,0,0,0
201802,20,103,2,4,Leavenworth County            ,42,42,7994464,0,0,0,0,0,0,0,0,0,42,42,7994464,0,0,0,0,0,0,0,0,0
201802,20,107,2,4,Linn County                   ,8,8,569815,0,0,0,0,0,0,0,0,0,3,3,203000,0,0,0,0,0,0,0,0,0
201802,20,121,2,4,Miami County                  ,10,10,2865996,0,0,0,0,0,0,0,0,0,2,2,345300,0,0,0,0,0,0,0,0,0
201802,20,209,2,4,Wyandotte County              ,22,22,4194549,0,0,0,0,0,0,0,0,0,22,22,4194549,0,0,0,0,0,0,0,0,0
201802,21,005,3,6,Anderson County               ,6,6,1042932,0,0,0,0,0,0,0,0,0,6,6,1042932,0,0,0,0,0,0,0,0,0
201802,21,015,3,6,Boone County                  ,61,61,12248422,1,2,338746,0,0,0,0,0,0,61,61,12248422,1,2,338746,0,0,0,0,0,0
201802,21,017,3,6,Bourbon County                ,6,6,1339500,0,0,0,0,0,0,0,0,0,6,6,1339500,0,0,0,0,0,0,0,0,0
201802,21,021,3,6,Boyle County                  ,3,3,582678,0,0,0,0,0,0,0,0,0,3,3,582678,0,0,0,0,0,0,0,0,0
201802,21,029,3,6,Bullitt County                ,52,52,14032683,0,0,0,0,0,0,0,0,0,52,52,14032683,0,0,0,0,0,0,0,0,0
201802,21,035,3,6,Calloway County               ,2,2,260000,2,4,480000,0,0,0,0,0,0,2,2,260000,2,4,480000,0,0,0,0,0,0
201802,21,037,3,6,Campbell County               ,14,14,3315679,0,0,0,0,0,0,0,0,0,14,14,3315679,0,0,0,0,0,0,0,0,0
201802,21,045,3,6,Casey County                  ,0,0,0,0,0,0,0,0,0,0,0,0,0,0,0,0,0,0,0,0,0,0,0,0
201802,21,047,3,6,Christian County              ,8,8,1159800,0,0,0,0,0,0,0,0,0,4,4,875000,0,0,0,0,0,0,0,0,0
201802,21,049,3,6,Clark County                  ,9,9,1960943,0,0,0,0,0,0,2,11,761750,0,0,0,0,0,0,0,0,0,0,0,0
201802,21,067,3,6,Fayette County                ,122,122,20056539,2,4,409778,0,0,0,3,99,7748354,0,0,0,0,0,0,0,0,0,0,0,0
201802,21,069,3,6,Fleming County                ,0,0,0,0,0,0,0,0,0,0,0,0,0,0,0,0,0,0,0,0,0,0,0,0
201802,21,077,3,6,Gallatin County               ,1,1,187321,0,0,0,0,0,0,0,0,0,0,0,0,0,0,0,0,0,0,0,0,0
201802,21,081,3,6,Grant County                  ,4,4,568000,0,0,0,0,0,0,0,0,0,4,4,568000,0,0,0,0,0,0,0,0,0
201802,21,091,3,6,Hancock County                ,1,1,194226,0,0,0,0,0,0,0,0,0,1,1,194226,0,0,0,0,0,0,0,0,0
201802,21,099,3,6,Hart County                   ,8,8,778000,0,0,0,0,0,0,2,10,1135476,0,0,0,0,0,0,0,0,0,0,0,0
201802,21,101,3,6,Henderson County              ,2,2,285000,0,0,0,0,0,0,0,0,0,2,2,285000,0,0,0,0,0,0,0,0,0
201802,21,103,3,6,Henry County                  ,3,3,475000,0,0,0,0,0,0,0,0,0,3,3,475000,0,0,0,0,0,0,0,0,0
201802,21,111,3,6,Jefferson County              ,188,188,51727032,1,2,337500,0,0,0,3,35,1582500,188,188,51727032,1,2,337500,0,0,0,3,35,1582500
201802,21,113,3,6,Jessamine County              ,17,17,4484830,0,0,0,1,3,630000,0,0,0,17,17,4484830,0,0,0,1,3,630000,0,0,0
201802,21,115,3,6,Johnson County                ,0,0,0,0,0,0,0,0,0,0,0,0,0,0,0,0,0,0,0,0,0,0,0,0
201802,21,117,3,6,Kenton County                 ,41,41,10561234,0,0,0,0,0,0,0,0,0,41,41,10561234,0,0,0,0,0,0,0,0,0
201802,21,121,3,6,Knox County                   ,0,0,0,0,0,0,0,0,0,0,0,0,0,0,0,0,0,0,0,0,0,0,0,0
201802,21,123,3,6,Larue County                  ,5,5,1156230,0,0,0,0,0,0,0,0,0,5,5,1156230,0,0,0,0,0,0,0,0,0
201802,21,137,3,6,Lincoln County                ,4,4,809042,0,0,0,0,0,0,0,0,0,0,0,0,0,0,0,0,0,0,0,0,0
201802,21,145,3,6,McCracken County              ,17,17,3243369,0,0,0,0,0,0,0,0,0,17,17,3243369,0,0,0,0,0,0,0,0,0
201802,21,151,3,6,Madison County                ,34,34,3462869,2,4,225992,0,0,0,3,18,662144,13,13,1645000,0,0,0,0,0,0,1,8,325000
201802,21,157,3,6,Marshall County               ,7,7,1358096,1,2,158000,0,0,0,0,0,0,7,7,1358096,1,2,158000,0,0,0,0,0,0
201802,21,161,3,6,Mason County                  ,0,0,0,0,0,0,0,0,0,0,0,0,0,0,0,0,0,0,0,0,0,0,0,0
201802,21,163,3,6,Meade County                  ,7,7,1017604,0,0,0,0,0,0,0,0,0,0,0,0,0,0,0,0,0,0,0,0,0
201802,21,167,3,6,Mercer County                 ,2,2,280000,0,0,0,0,0,0,0,0,0,2,2,280000,0,0,0,0,0,0,0,0,0
201802,21,175,3,6,Morgan County                 ,2,2,150000,0,0,0,0,0,0,0,0,0,0,0,0,0,0,0,0,0,0,0,0,0
201802,21,179,3,6,Nelson County                 ,17,17,2552000,1,2,170000,0,0,0,0,0,0,17,17,2552000,1,2,170000,0,0,0,0,0,0
201802,21,185,3,6,Oldham County                 ,58,58,18130924,0,0,0,0,0,0,0,0,0,0,0,0,0,0,0,0,0,0,0,0,0
201802,21,191,3,6,Pendleton County              ,0,0,0,0,0,0,0,0,0,0,0,0,0,0,0,0,0,0,0,0,0,0,0,0
201802,21,209,3,6,Scott County                  ,46,46,8235674,0,0,0,0,0,0,4,108,7405596,46,46,8235674,0,0,0,0,0,0,4,108,7405596
201802,21,211,3,6,Shelby County                 ,40,40,7379562,0,0,0,0,0,0,0,0,0,40,40,7379562,0,0,0,0,0,0,0,0,0
201802,21,213,3,6,Simpson County                ,4,4,528389,0,0,0,0,0,0,0,0,0,4,4,528389,0,0,0,0,0,0,0,0,0
201802,21,215,3,6,Spencer County                ,9,9,2081214,0,0,0,0,0,0,0,0,0,9,9,2081214,0,0,0,0,0,0,0,0,0
201802,21,221,3,6,Trigg County                  ,1,1,231246,0,0,0,0,0,0,0,0,0,1,1,231246,0,0,0,0,0,0,0,0,0
201802,21,225,3,6,Union County                  ,2,2,418732,0,0,0,0,0,0,0,0,0,0,0,0,0,0,0,0,0,0,0,0,0
201802,21,239,3,6,Woodford County               ,7,7,1824500,0,0,0,0,0,0,1,30,1700000,7,7,1824500,0,0,0,0,0,0,1,30,1700000
201802,22,005,3,7,Ascension Parish              ,157,157,25918806,0,0,0,0,0,0,0,0,0,12,12,2276950,0,0,0,0,0,0,0,0,0
201802,22,015,3,7,Bossier Parish                ,93,93,17980589,0,0,0,0,0,0,0,0,0,93,93,17980589,0,0,0,0,0,0,0,0,0
201802,22,017,3,7,Caddo Parish                  ,49,49,14180191,0,0,0,0,0,0,0,0,0,47,47,13866943,0,0,0,0,0,0,0,0,0
201802,22,031,3,7,De Soto Parish                ,19,19,4656859,0,0,0,0,0,0,0,0,0,16,16,3823035,0,0,0,0,0,0,0,0,0
201802,22,033,3,7,East Baton Rouge Parish       ,212,212,53938935,1,2,236000,0,0,0,0,0,0,212,212,53938935,1,2,236000,0,0,0,0,0,0
201802,22,037,3,7,East Feliciana Parish         ,13,13,2524939,0,0,0,0,0,0,0,0,0,13,13,2524939,0,0,0,0,0,0,0,0,0
201802,22,047,3,7,Iberville Parish              ,22,22,5406321,0,0,0,0,0,0,0,0,0,18,18,4595032,0,0,0,0,0,0,0,0,0
201802,22,051,3,7,Jefferson Parish              ,99,99,21022802,2,4,347614,0,0,0,1,9,905308,57,57,11323271,0,0,0,0,0,0,0,0,0
201802,22,055,3,7,Lafayette Parish              ,166,166,34403776,0,0,0,0,0,0,0,0,0,105,105,26154354,0,0,0,0,0,0,0,0,0
201802,22,063,3,7,Livingston Parish             ,129,129,29284879,0,0,0,2,6,464348,0,0,0,2,2,403000,0,0,0,0,0,0,0,0,0
201802,22,071,3,7,Orleans Parish                ,51,51,11061415,7,14,1698383,1,3,490108,2,34,8368814,0,0,0,0,0,0,0,0,0,0,0,0
201802,22,075,3,7,Plaquemines Parish            ,9,9,2762424,1,2,280000,0,0,0,0,0,0,0,0,0,0,0,0,0,0,0,0,0,0
201802,22,077,3,7,Pointe Coupee Parish          ,9,9,2013592,0,0,0,0,0,0,0,0,0,9,9,2013592,0,0,0,0,0,0,0,0,0
201802,22,087,3,7,St. Bernard Parish            ,34,34,5477760,0,0,0,0,0,0,0,0,0,34,34,5477760,0,0,0,0,0,0,0,0,0
201802,22,089,3,7,St. Charles Parish            ,22,22,4174452,0,0,0,1,3,570000,0,0,0,22,22,4174452,0,0,0,1,3,570000,0,0,0
201802,22,091,3,7,St. Helena Parish             ,0,0,0,0,0,0,0,0,0,0,0,0,0,0,0,0,0,0,0,0,0,0,0,0
201802,22,095,3,7,St. John the Baptist Parish   ,8,8,1278104,0,0,0,0,0,0,0,0,0,0,0,0,0,0,0,0,0,0,0,0,0
201802,22,099,3,7,St. Martin Parish             ,23,23,4752334,0,0,0,0,0,0,0,0,0,11,11,2508938,0,0,0,0,0,0,0,0,0
201802,22,103,3,7,St. Tammany Parish            ,212,212,54471746,2,4,576000,0,0,0,0,0,0,203,203,51425347,2,4,576000,0,0,0,0,0,0
201802,22,109,3,7,Terrebonne Parish             ,18,18,5710680,7,14,760000,0,0,0,0,0,0,18,18,5710680,7,14,760000,0,0,0,0,0,0
201802,22,121,3,7,West Baton Rouge Parish       ,57,57,8633408,0,0,0,0,0,0,0,0,0,55,55,8451284,0,0,0,0,0,0,0,0,0
201802,22,125,3,7,West Feliciana Parish         ,6,6,2859958,0,0,0,0,0,0,0,0,0,3,3,1640277,0,0,0,0,0,0,0,0,0
201802,23,000,1,1,Maine Unorganized Territory   ,6,6,796801,0,0,0,0,0,0,0,0,0,0,0,0,0,0,0,0,0,0,0,0,0
201802,24,003,3,5,Anne Arundel County           ,336,336,70093521,0,0,0,0,0,0,0,0,0,328,328,68712895,0,0,0,0,0,0,0,0,0
201802,24,005,3,5,Baltimore County              ,181,181,40102164,2,4,440000,0,0,0,2,55,5197011,181,181,40102164,2,4,440000,0,0,0,2,55,5197011
201802,24,009,3,5,Calvert County                ,30,30,6937377,0,0,0,0,0,0,0,0,0,30,30,6937377,0,0,0,0,0,0,0,0,0
201802,24,013,3,5,Carroll County                ,43,43,11388343,1,2,507010,0,0,0,0,0,0,43,43,11388343,1,2,507010,0,0,0,0,0,0
201802,24,015,3,5,Cecil County                  ,13,13,3204725,0,0,0,0,0,0,0,0,0,13,13,3204725,0,0,0,0,0,0,0,0,0
201802,24,017,3,5,Charles County                ,117,117,25007316,0,0,0,0,0,0,2,48,4167942,113,113,24383000,0,0,0,0,0,0,2,48,4167942
201802,24,021,3,5,Frederick County              ,225,225,58634113,10,20,4082175,0,0,0,0,0,0,225,225,58634113,10,20,4082175,0,0,0,0,0,0
201802,24,023,3,5,Garrett County                ,9,9,3738735,0,0,0,0,0,0,0,0,0,9,9,3738735,0,0,0,0,0,0,0,0,0
201802,24,025,3,5,Harford County                ,82,82,18386210,0,0,0,0,0,0,0,0,0,82,82,18386210,0,0,0,0,0,0,0,0,0
201802,24,027,3,5,Howard County                 ,180,180,41591758,0,0,0,0,0,0,1,258,4750000,180,180,41591758,0,0,0,0,0,0,1,258,4750000
201802,24,031,3,5,Montgomery County             ,160,160,36961826,5,10,750000,0,0,0,0,0,0,160,160,36961826,5,10,750000,0,0,0,0,0,0
201802,24,033,3,5,Prince George County          ,325,325,75834145,0,0,0,0,0,0,0,0,0,325,325,75834145,0,0,0,0,0,0,0,0,0
201802,24,035,3,5,Queen Anne County             ,19,19,4059867,0,0,0,0,0,0,0,0,0,19,19,4059867,0,0,0,0,0,0,0,0,0
201802,24,037,3,5,St. Marys County              ,145,145,29962000,0,0,0,0,0,0,0,0,0,145,145,29962000,0,0,0,0,0,0,0,0,0
201802,24,039,3,5,Somerset County               ,2,2,235418,0,0,0,0,0,0,0,0,0,1,1,62500,0,0,0,0,0,0,0,0,0
201802,24,045,3,5,Wicomico County               ,15,15,2434924,0,0,0,0,0,0,0,0,0,15,15,2434924,0,0,0,0,0,0,0,0,0
201802,24,510,3,5,Baltimore (Independent City)  ,41,41,6885350,0,0,0,0,0,0,1,41,8418533,17,17,2700000,0,0,0,0,0,0,0,0,0
201802,25,005,1,1,Bristol County                ,88,88,19856952,7,14,1371300,0,0,0,1,5,597199,57,57,13632262,7,14,1371300,0,0,0,0,0,0
201802,25,009,1,1,Essex County                  ,64,64,19248203,11,22,3376864,0,0,0,2,12,1620912,29,29,8085710,3,6,760000,0,0,0,0,0,0
201802,25,017,1,1,Middlesex County              ,161,161,50708660,18,36,5725982,5,18,3258903,14,189,27932022,92,92,32057727,4,8,1421040,2,8,1603134,2,68,10808680
201802,25,021,1,1,Norfolk County                ,103,103,76843699,3,6,1555720,2,7,5303134,13,353,52974645,78,78,65771524,3,6,1555720,1,4,1200000,9,326,50640318
201802,25,023,1,1,Plymouth County               ,142,142,35735528,1,2,250000,0,0,0,2,82,26028934,93,93,24855689,0,0,0,0,0,0,1,77,25600363
201802,25,025,1,1,Suffolk County                ,9,9,2312108,9,18,2696203,3,11,3315000,18,573,153620143,8,8,2142700,8,16,2490000,3,11,3315000,17,568,152464236
201802,26,000,2,3,Michigan Balance of State     ,5,5,936178,0,0,0,0,0,0,0,0,0,0,0,0,0,0,0,0,0,0,0,0,0
201802,26,019,2,3,Benzie County                 ,2,2,439576,0,0,0,0,0,0,0,0,0,2,2,439576,0,0,0,0,0,0,0,0,0
201802,26,029,2,3,Charlevoix County             ,5,5,1018317,0,0,0,0,0,0,0,0,0,0,0,0,0,0,0,0,0,0,0,0,0
201802,26,089,2,3,Leelanau County               ,21,21,4418758,0,0,0,0,0,0,0,0,0,21,21,4418758,0,0,0,0,0,0,0,0,0
201802,26,093,2,3,Livingston County             ,69,69,19686060,0,0,0,0,0,0,0,0,0,66,66,19379845,0,0,0,0,0,0,0,0,0
201802,26,095,2,3,Luce County                   ,0,0,0,0,0,0,0,0,0,0,0,0,0,0,0,0,0,0,0,0,0,0,0,0
201802,26,099,2,3,Macomb County                 ,146,146,43255995,5,10,1400000,0,0,0,2,91,9427991,146,146,43255995,5,10,1400000,0,0,0,2,91,9427991
201802,26,103,2,3,Marquette County              ,1,1,330000,0,0,0,0,0,0,0,0,0,1,1,330000,0,0,0,0,0,0,0,0,0
201802,26,137,2,3,Otsego County                 ,1,1,81000,0,0,0,0,0,0,0,0,0,0,0,0,0,0,0,0,0,0,0,0,0
201802,26,147,2,3,St. Clair County              ,17,17,3168173,0,0,0,0,0,0,0,0,0,16,16,3032927,0,0,0,0,0,0,0,0,0
201802,26,163,2,3,Wayne County                  ,142,142,42264697,0,0,0,0,0,0,1,5,1300000,135,135,41151821,0,0,0,0,0,0,1,5,1300000
201802,27,003,2,4,Anoka County                  ,111,111,30946039,2,4,663800,0,0,0,0,0,0,92,92,25860436,2,4,663800,0,0,0,0,0,0
201802,27,019,2,4,Carver County                 ,78,78,21831780,1,2,480350,0,0,0,0,0,0,76,76,21367563,1,2,480350,0,0,0,0,0,0
201802,27,025,2,4,Chisago County                ,16,16,3693582,0,0,0,0,0,0,0,0,0,16,16,3693582,0,0,0,0,0,0,0,0,0
201802,27,027,2,4,Clay County                   ,0,0,0,0,0,0,0,0,0,1,12,1000000,0,0,0,0,0,0,0,0,0,1,12,1000000
201802,27,037,2,4,Dakota County                 ,157,157,40196503,0,0,0,1,3,786000,1,32,2429000,137,137,33630606,0,0,0,1,3,786000,1,32,2429000
201802,27,053,2,4,Hennepin County               ,253,253,99944827,1,2,198376,2,8,1735650,9,1209,222842698,243,243,93173773,1,2,198376,2,8,1735650,8,1197,220723147
201802,27,059,2,4,Isanti County                 ,19,19,3823512,0,0,0,0,0,0,0,0,0,11,11,2501380,0,0,0,0,0,0,0,0,0
201802,27,123,2,4,Ramsey County                 ,22,22,7990113,0,0,0,0,0,0,1,34,3057004,17,17,6710835,0,0,0,0,0,0,0,0,0
201802,27,139,2,4,Scott County                  ,86,86,31951648,0,0,0,0,0,0,0,0,0,74,74,28156742,0,0,0,0,0,0,0,0,0
201802,27,141,2,4,Sherburne County              ,38,38,8449283,0,0,0,0,0,0,0,0,0,38,38,8449283,0,0,0,0,0,0,0,0,0
201802,27,163,2,4,Washington County             ,102,102,32937430,0,0,0,3,11,1602000,1,91,15123022,96,96,30215214,0,0,0,3,11,1602000,1,91,15123022
201802,27,171,2,4,Wright County                 ,93,93,26505518,1,2,500000,0,0,0,0,0,0,87,87,25223143,1,2,500000,0,0,0,0,0,0
201802,28,033,3,6,DeSoto County                 ,145,145,24822869,0,0,0,0,0,0,0,0,0,145,145,24822869,0,0,0,0,0,0,0,0,0
201802,28,041,3,6,Greene County                 ,0,0,0,0,0,0,0,0,0,0,0,0,0,0,0,0,0,0,0,0,0,0,0,0
201802,28,045,3,6,Hancock County                ,68,68,11112301,0,0,0,2,7,702529,2,14,1185278,15,15,2802860,0,0,0,0,0,0,0,0,0
201802,28,047,3,6,Harrison County               ,150,150,23755986,1,2,245000,0,0,0,0,0,0,122,122,20009730,0,0,0,0,0,0,0,0,0
201802,28,067,3,6,Jones County                  ,4,4,587138,0,0,0,0,0,0,0,0,0,0,0,0,0,0,0,0,0,0,0,0,0
201802,28,129,3,6,Smith County                  ,0,0,0,0,0,0,0,0,0,0,0,0,0,0,0,0,0,0,0,0,0,0,0,0
201802,28,137,3,6,Tate County                   ,16,16,3511000,0,0,0,0,0,0,0,0,0,16,16,3511000,0,0,0,0,0,0,0,0,0
201802,28,143,3,6,Tunica County                 ,3,3,660640,0,0,0,0,0,0,0,0,0,1,1,500000,0,0,0,0,0,0,0,0,0
201802,28,145,3,6,Union County                  ,2,2,426000,0,0,0,0,0,0,0,0,0,2,2,426000,0,0,0,0,0,0,0,0,0
201802,28,149,3,6,Warren County                 ,0,0,425000,0,0,0,0,0,0,0,0,0,0,0,425000,0,0,0,0,0,0,0,0,0
201802,29,013,2,4,Bates County                  ,0,0,0,0,0,0,0,0,0,0,0,0,0,0,0,0,0,0,0,0,0,0,0,0
201802,29,017,2,4,Bollinger County              ,0,0,0,0,0,0,0,0,0,0,0,0,0,0,0,0,0,0,0,0,0,0,0,0
201802,29,019,2,4,Boone County                  ,55,55,11847490,1,2,426406,0,0,0,0,0,0,55,55,11847490,1,2,426406,0,0,0,0,0,0
201802,29,049,2,4,Clinton County                ,9,9,1713210,0,0,0,0,0,0,0,0,0,9,9,1713210,0,0,0,0,0,0,0,0,0
201802,29,065,2,4,Dent County                   ,0,0,0,0,0,0,0,0,0,0,0,0,0,0,0,0,0,0,0,0,0,0,0,0
201802,29,071,2,4,Franklin County               ,78,78,11656166,1,2,260000,0,0,0,0,0,0,57,57,6916955,1,2,260000,0,0,0,0,0,0
201802,29,095,2,4,Jackson County                ,336,336,67652721,12,24,3224992,6,24,2040000,0,0,0,332,332,66336375,12,24,3224992,6,24,2040000,0,0,0
201802,29,099,2,4,Jefferson County              ,83,83,14217930,0,0,0,0,0,0,0,0,0,74,74,13104110,0,0,0,0,0,0,0,0,0
201802,29,105,2,4,Laclede County                ,0,0,0,0,0,0,0,0,0,0,0,0,0,0,0,0,0,0,0,0,0,0,0,0
201802,29,107,2,4,Lafayette County              ,4,4,922328,0,0,0,0,0,0,0,0,0,0,0,0,0,0,0,0,0,0,0,0,0
201802,29,113,2,4,Lincoln County                ,22,22,4347685,0,0,0,0,0,0,0,0,0,11,11,1559000,0,0,0,0,0,0,0,0,0
201802,29,165,2,4,Platte County                 ,45,45,12004304,0,0,0,0,0,0,0,0,0,45,45,12004304,0,0,0,0,0,0,0,0,0
201802,29,185,2,4,St. Clair County              ,0,0,0,0,0,0,0,0,0,0,0,0,0,0,0,0,0,0,0,0,0,0,0,0
201802,29,189,2,4,St. Louis County              ,131,131,54081687,0,0,0,0,0,0,2,15,1844081,59,59,28687357,0,0,0,0,0,0,0,0,0
201802,29,219,2,4,Warren County                 ,32,32,7436095,0,0,0,0,0,0,0,0,0,32,32,7436095,0,0,0,0,0,0,0,0,0
201802,29,221,2,4,Washington County             ,0,0,0,0,0,0,0,0,0,0,0,0,0,0,0,0,0,0,0,0,0,0,0,0
201802,29,510,2,4,St. Louis (Independent City)  ,39,39,6552100,0,0,0,0,0,0,1,28,375000,39,39,6552100,0,0,0,0,0,0,1,28,375000
201802,30,033,4,8,Garfield County               ,0,0,0,0,0,0,0,0,0,0,0,0,0,0,0,0,0,0,0,0,0,0,0,0
201802,30,063,4,8,Missoula County               ,42,42,9850986,4,8,1074174,0,0,0,1,35,3184822,42,42,9850986,4,8,1074174,0,0,0,1,35,3184822
201802,30,093,4,8,Silver Bow County             ,2,2,207931,0,0,0,0,0,0,0,0,0,2,2,207931,0,0,0,0,0,0,0,0,0
201802,31,001,2,4,Adams County                  ,1,1,369913,0,0,0,0,0,0,0,0,0,1,1,369913,0,0,0,0,0,0,0,0,0
201802,31,025,2,4,Cass County                   ,9,9,1699622,0,0,0,0,0,0,0,0,0,9,9,1699622,0,0,0,0,0,0,0,0,0
201802,31,033,2,4,Cheyenne County               ,0,0,0,0,0,0,0,0,0,0,0,0,0,0,0,0,0,0,0,0,0,0,0,0
201802,31,055,2,4,Douglas County                ,198,198,31380969,0,0,0,0,0,0,4,265,14190248,192,192,29982050,0,0,0,0,0,0,4,265,14190248
201802,31,105,2,4,Kimball County                ,0,0,0,0,0,0,0,0,0,0,0,0,0,0,0,0,0,0,0,0,0,0,0,0
201802,31,153,2,4,Sarpy County                  ,138,138,37106038,0,0,0,0,0,0,0,0,0,109,109,30059813,0,0,0,0,0,0,0,0,0
201802,31,165,2,4,Sioux County                  ,0,0,0,0,0,0,0,0,0,0,0,0,0,0,0,0,0,0,0,0,0,0,0,0
201802,31,177,2,4,Washington County             ,4,4,1696093,0,0,0,0,0,0,0,0,0,4,4,1696093,0,0,0,0,0,0,0,0,0
201802,32,001,4,8,Churchill County              ,15,15,3177446,0,0,0,0,0,0,0,0,0,15,15,3177446,0,0,0,0,0,0,0,0,0
201802,32,003,4,8,Clark County                  ,1639,1639,406051367,0,0,0,6,24,1132563,25,469,27073010,1639,1639,406051367,0,0,0,6,24,1132563,25,469,27073010
201802,32,005,4,8,Douglas County                ,16,16,5877098,0,0,0,0,0,0,0,0,0,16,16,5877098,0,0,0,0,0,0,0,0,0
201802,32,007,4,8,Elko County                   ,25,25,3533316,0,0,0,0,0,0,0,0,0,24,24,3467316,0,0,0,0,0,0,0,0,0
201802,32,013,4,8,Humboldt County               ,2,2,338786,0,0,0,0,0,0,0,0,0,2,2,338786,0,0,0,0,0,0,0,0,0
201802,32,015,4,8,Lander County                 ,1,1,184231,0,0,0,0,0,0,0,0,0,1,1,184231,0,0,0,0,0,0,0,0,0
201802,32,017,4,8,Lincoln County                ,1,1,270497,0,0,0,0,0,0,0,0,0,0,0,0,0,0,0,0,0,0,0,0,0
201802,32,019,4,8,Lyon County                   ,61,61,13591871,0,0,0,0,0,0,0,0,0,61,61,13591871,0,0,0,0,0,0,0,0,0
201802,32,021,4,8,Mineral County                ,0,0,0,0,0,0,0,0,0,0,0,0,0,0,0,0,0,0,0,0,0,0,0,0
201802,32,027,4,8,Pershing County               ,0,0,0,0,0,0,0,0,0,0,0,0,0,0,0,0,0,0,0,0,0,0,0,0
201802,32,029,4,8,Storey County                 ,3,3,360515,0,0,0,0,0,0,0,0,0,0,0,0,0,0,0,0,0,0,0,0,0
201802,32,031,4,8,Washoe County                 ,353,353,90555096,4,8,845576,1,4,393008,5,68,8182695,325,325,81026640,4,8,845576,1,4,393008,5,68,8182695
201802,32,033,4,8,White Pine County             ,0,0,0,0,0,0,0,0,0,0,0,0,0,0,0,0,0,0,0,0,0,0,0,0
201802,32,510,4,8,Carson City (Independent City),26,26,6178827,0,0,0,0,0,0,0,0,0,26,26,6178827,0,0,0,0,0,0,0,0,0
201802,33,015,1,1,Rockingham County             ,69,69,17986831,10,20,2000000,1,3,409000,6,188,17996807,52,52,14245401,8,16,1600000,0,0,0,4,176,16378616
201802,33,017,1,1,Strafford County              ,38,38,6806072,0,0,0,0,0,0,0,0,0,32,32,6035952,0,0,0,0,0,0,0,0,0
201802,34,001,1,2,Atlantic County               ,34,34,11878669,0,0,0,0,0,0,3,34,3615432,29,29,10950319,0,0,0,0,0,0,0,0,0
201802,34,003,1,2,Bergen County                 ,98,98,34429021,21,42,5991341,1,4,1000,12,67,4695982,67,67,25372367,16,32,4509799,1,4,1000,2,10,433500
201802,34,005,1,2,Burlington County             ,92,92,13894373,2,4,440818,5,16,515014,5,62,3344410,49,49,7342324,0,0,0,5,16,515014,3,52,2068235
201802,34,007,1,2,Camden County                 ,22,22,3989129,0,0,0,0,0,0,3,34,2730555,10,10,2074650,0,0,0,0,0,0,1,20,1983075
201802,34,009,1,2,Cape May County               ,66,66,24384155,13,26,5423266,2,6,20000,1,20,2670000,63,63,23600926,13,26,5423266,2,6,20000,1,20,2670000
201802,34,011,1,2,Cumberland County             ,15,15,1586468,0,0,0,0,0,0,0,0,0,1,1,140000,0,0,0,0,0,0,0,0,0
201802,34,013,1,2,Essex County                  ,42,42,6618803,2,4,693744,4,14,1379202,7,144,9480794,12,12,3517673,2,4,693744,2,7,395058,0,0,0
201802,34,015,1,2,Gloucester County             ,65,65,10826224,1,2,1200,0,0,0,0,0,0,44,44,8549257,1,2,1200,0,0,0,0,0,0
201802,34,017,1,2,Hudson County                 ,19,19,6408511,27,54,3941750,56,198,42639407,14,288,47403150,14,14,3395451,26,52,3729250,53,189,41984400,8,145,25951727
201802,34,019,1,2,Hunterdon County              ,23,23,5283865,0,0,0,0,0,0,4,20,1052982,18,18,4005866,0,0,0,0,0,0,0,0,0
201802,34,021,1,2,Mercer County                 ,30,30,5545388,3,6,260743,4,16,1548169,2,19,1317584,24,24,4177839,0,0,0,1,4,490000,0,0,0
201802,34,023,1,2,Middlesex County              ,116,116,25619150,1,2,192600,3,11,3443714,7,375,129763791,101,101,23069424,1,2,192600,3,11,3443714,4,359,129225174
201802,34,025,1,2,Monmouth County               ,160,160,41667484,2,4,104000,0,0,0,8,424,21636989,136,136,37810437,2,4,104000,0,0,0,6,318,16829058
201802,34,027,1,2,Morris County                 ,103,103,24720844,0,0,0,0,0,0,14,134,11882026,77,77,17004679,0,0,0,0,0,0,5,64,2725770
201802,34,029,1,2,Ocean County                  ,281,281,57851506,1,2,535000,0,0,0,2,48,3885000,275,275,56478909,1,2,535000,0,0,0,2,48,3885000
201802,34,031,1,2,Passaic County                ,12,12,3007556,4,8,387650,0,0,0,2,12,2009926,4,4,1250875,3,6,179300,0,0,0,0,0,0
201802,34,033,1,2,Salem County                  ,2,2,218000,0,0,0,0,0,0,0,0,0,2,2,218000,0,0,0,0,0,0,0,0,0
201802,34,035,1,2,Somerset County               ,43,43,8971072,1,2,166500,1,4,360000,4,27,1624226,37,37,8397764,0,0,0,1,4,360000,0,0,0
201802,34,037,1,2,Sussex County                 ,19,19,3651270,0,0,0,0,0,0,2,44,1092000,17,17,3146000,0,0,0,0,0,0,2,44,1092000
201802,34,039,1,2,Union County                  ,45,45,10408757,16,32,3099750,0,0,0,5,185,11330405,28,28,6852050,14,28,2653000,0,0,0,2,170,10374649
201802,34,041,1,2,Warren County                 ,6,6,1574676,0,0,0,0,0,0,1,8,350095,4,4,1282805,0,0,0,0,0,0,0,0,0
201802,35,000,4,8,New Mexico Balance of State   ,52,52,14072888,0,0,0,0,0,0,0,0,0,0,0,0,0,0,0,0,0,0,0,0,0
201802,35,001,4,8,Bernalillo County             ,325,325,73709807,0,0,0,0,0,0,0,0,0,325,325,73709807,0,0,0,0,0,0,0,0,0
201802,35,005,4,8,Chaves County                 ,8,8,1426885,0,0,0,0,0,0,1,10,680556,2,2,415834,0,0,0,0,0,0,0,0,0
201802,35,007,4,8,Colfax County                 ,1,1,451667,0,0,0,0,0,0,0,0,0,0,0,0,0,0,0,0,0,0,0,0,0
201802,35,009,4,8,Curry County                  ,7,7,1724384,0,0,0,0,0,0,2,10,921876,0,0,0,0,0,0,0,0,0,0,0,0
201802,35,013,4,8,Dona Ana County               ,151,151,32322282,0,0,0,0,0,0,0,0,0,136,136,29585294,0,0,0,0,0,0,0,0,0
201802,35,015,4,8,Eddy County                   ,19,19,3253798,0,0,0,0,0,0,0,0,0,19,19,3253798,0,0,0,0,0,0,0,0,0
201802,35,017,4,8,Grant County                  ,0,0,0,0,0,0,0,0,0,0,0,0,0,0,0,0,0,0,0,0,0,0,0,0
201802,35,025,4,8,Lea County                    ,20,20,4112110,0,0,0,0,0,0,0,0,0,20,20,4112110,0,0,0,0,0,0,0,0,0
201802,35,027,4,8,Lincoln County                ,11,11,2780034,0,0,0,0,0,0,0,0,0,0,0,0,0,0,0,0,0,0,0,0,0
201802,35,028,4,8,Los Alamos County             ,0,0,0,0,0,0,0,0,0,0,0,0,0,0,0,0,0,0,0,0,0,0,0,0
201802,35,029,4,8,Luna County                   ,3,3,529102,0,0,0,0,0,0,0,0,0,1,1,180000,0,0,0,0,0,0,0,0,0
201802,35,031,4,8,McKinley County               ,1,1,185200,0,0,0,0,0,0,0,0,0,0,0,0,0,0,0,0,0,0,0,0,0
201802,35,035,4,8,Otero County                  ,0,0,0,0,0,0,0,0,0,0,0,0,0,0,0,0,0,0,0,0,0,0,0,0
201802,35,041,4,8,Roosevelt County              ,3,3,489441,0,0,0,0,0,0,0,0,0,0,0,0,0,0,0,0,0,0,0,0,0
201802,35,043,4,8,Sandoval County               ,132,132,27337940,0,0,0,1,3,251560,2,10,416666,51,51,10808256,0,0,0,0,0,0,0,0,0
201802,35,045,4,8,San Juan County               ,9,9,2081375,0,0,0,0,0,0,0,0,0,9,9,2081375,0,0,0,0,0,0,0,0,0
201802,35,047,4,8,San Miguel County             ,1,1,140000,0,0,0,0,0,0,0,0,0,0,0,0,0,0,0,0,0,0,0,0,0
201802,35,049,4,8,Santa Fe County               ,22,22,5490238,0,0,0,0,0,0,0,0,0,0,0,0,0,0,0,0,0,0,0,0,0
201802,35,051,4,8,Sierra County                 ,0,0,0,0,0,0,0,0,0,0,0,0,0,0,0,0,0,0,0,0,0,0,0,0
201802,35,053,4,8,Socorro County                ,0,0,0,0,0,0,0,0,0,0,0,0,0,0,0,0,0,0,0,0,0,0,0,0
201802,35,055,4,8,Taos County                   ,12,12,1315870,0,0,0,0,0,0,0,0,0,0,0,0,0,0,0,0,0,0,0,0,0
201802,35,061,4,8,Valencia County               ,18,18,1951416,0,0,0,0,0,0,0,0,0,0,0,0,0,0,0,0,0,0,0,0,0
201802,36,001,1,2,Albany County                 ,28,28,6687866,0,0,0,2,8,1200000,2,14,2296708,26,26,6389350,0,0,0,2,8,1200000,0,0,0
201802,36,005,1,2,Bronx County                  ,1,1,267838,5,10,1350368,0,0,0,20,941,123755997,1,1,267838,5,10,1350368,0,0,0,20,941,123755997
201802,36,029,1,2,Erie County                   ,89,89,31041043,6,12,3450000,0,0,0,2,42,9470465,83,83,29950195,6,12,3450000,0,0,0,0,0,0
201802,36,047,1,2,Kings County                  ,14,14,3749725,3,6,810221,8,26,3159936,39,518,68124980,14,14,3749725,3,6,810221,8,26,3159936,39,518,68124980
201802,36,051,1,2,Livingston County             ,3,3,425230,0,0,0,0,0,0,1,5,250000,0,0,0,0,0,0,0,0,0,0,0,0
201802,36,055,1,2,Monroe County                 ,77,77,18161849,0,0,0,2,8,1040000,3,67,2694396,67,67,16841086,0,0,0,2,8,1040000,3,67,2694396
201802,36,059,1,2,Nassau County                 ,117,117,38402422,0,0,0,0,0,0,0,0,0,86,86,24164793,0,0,0,0,0,0,0,0,0
201802,36,061,1,2,New York County               ,0,0,0,1,2,270074,0,0,0,9,388,51027978,0,0,0,1,2,270074,0,0,0,9,388,51027978
201802,36,063,1,2,Niagara County                ,8,8,1831215,0,0,0,0,0,0,0,0,0,6,6,1485607,0,0,0,0,0,0,0,0,0
201802,36,069,1,2,Ontario County                ,23,23,5686779,0,0,0,1,4,298400,5,37,3140072,16,16,4181679,0,0,0,0,0,0,4,32,2677929
201802,36,073,1,2,Orleans County                ,0,0,0,0,0,0,0,0,0,0,0,0,0,0,0,0,0,0,0,0,0,0,0,0
201802,36,079,1,2,Putnam County                 ,5,5,1201192,0,0,0,0,0,0,0,0,0,1,1,322000,0,0,0,0,0,0,0,0,0
201802,36,081,1,2,Queens County                 ,39,39,10445662,22,44,5941619,7,22,2673792,8,369,48529185,39,39,10445662,22,44,5941619,7,22,2673792,8,369,48529185
201802,36,083,1,2,Rensselaer County             ,13,13,3324083,0,0,0,0,0,0,1,5,146970,5,5,1014160,0,0,0,0,0,0,0,0,0
201802,36,085,1,2,Richmond County               ,47,47,12588363,30,60,8102208,0,0,0,0,0,0,47,47,12588363,30,60,8102208,0,0,0,0,0,0
201802,36,087,1,2,Rockland County               ,11,11,3345622,5,10,1605982,3,10,1090409,3,17,2571371,7,7,2310000,1,2,471428,0,0,0,1,5,1178571
201802,36,091,1,2,Saratoga County               ,95,95,26448439,1,2,270074,1,4,620000,7,61,7031604,75,75,20081461,1,2,270074,1,4,620000,3,33,4340008
201802,36,093,1,2,Schenectady County            ,3,3,401169,0,0,0,0,0,0,0,0,0,0,0,0,0,0,0,0,0,0,0,0,0
201802,36,095,1,2,Schoharie County              ,3,3,562855,0,0,0,0,0,0,0,0,0,0,0,0,0,0,0,0,0,0,0,0,0
201802,36,099,1,2,Seneca County                 ,6,6,1031100,0,0,0,0,0,0,0,0,0,6,6,1031100,0,0,0,0,0,0,0,0,0
201802,36,117,1,2,Wayne County                  ,12,12,1890020,0,0,0,1,3,179143,0,0,0,9,9,1293779,0,0,0,0,0,0,0,0,0
201802,36,119,1,2,Westchester County            ,54,54,25933438,4,8,883574,1,3,120000,8,156,23002115,42,42,21124056,0,0,0,0,0,0,1,76,8371425
201802,37,007,3,5,Anson County                  ,6,6,899190,0,0,0,0,0,0,0,0,0,0,0,0,0,0,0,0,0,0,0,0,0
201802,37,011,3,5,Avery County                  ,8,8,2765382,0,0,0,0,0,0,0,0,0,8,8,2765382,0,0,0,0,0,0,0,0,0
201802,37,015,3,5,Bertie County                 ,4,4,623038,0,0,0,0,0,0,0,0,0,0,0,0,0,0,0,0,0,0,0,0,0
201802,37,025,3,5,Cabarrus County               ,295,295,54932654,0,0,0,0,0,0,0,0,0,295,295,54932654,0,0,0,0,0,0,0,0,0
201802,37,033,3,5,Caswell County                ,12,12,2444359,0,0,0,0,0,0,0,0,0,12,12,2444359,0,0,0,0,0,0,0,0,0
201802,37,037,3,5,Chatham County                ,106,106,32522902,0,0,0,0,0,0,0,0,0,106,106,32522902,0,0,0,0,0,0,0,0,0
201802,37,051,3,5,Cumberland County             ,87,87,15437754,0,0,0,0,0,0,0,0,0,87,87,15437754,0,0,0,0,0,0,0,0,0
201802,37,053,3,5,Currituck County              ,54,54,13058529,0,0,0,0,0,0,0,0,0,54,54,13058529,0,0,0,0,0,0,0,0,0
201802,37,059,3,5,Davie County                  ,22,22,4439878,0,0,0,0,0,0,0,0,0,0,0,0,0,0,0,0,0,0,0,0,0
201802,37,063,3,5,Durham County                 ,322,322,60573689,2,4,339794,0,0,0,7,196,16879012,0,0,0,0,0,0,0,0,0,0,0,0
201802,37,069,3,5,Franklin County               ,115,115,19699736,0,0,0,0,0,0,0,0,0,115,115,19699736,0,0,0,0,0,0,0,0,0
201802,37,071,3,5,Gaston County                 ,192,192,53386983,1,2,466500,0,0,0,0,0,0,192,192,53386983,1,2,466500,0,0,0,0,0,0
201802,37,081,3,5,Guilford County               ,263,263,49266704,0,0,0,0,0,0,1,33,4652687,263,263,49266704,0,0,0,0,0,0,1,33,4652687
201802,37,089,3,5,Henderson County              ,84,84,22695368,0,0,0,0,0,0,1,42,7306740,84,84,22695368,0,0,0,0,0,0,1,42,7306740
201802,37,093,3,5,Hoke County                   ,31,31,7168623,0,0,0,0,0,0,0,0,0,31,31,7168623,0,0,0,0,0,0,0,0,0
201802,37,097,3,5,Iredell County                ,208,208,54795990,0,0,0,0,0,0,0,0,0,208,208,54795990,0,0,0,0,0,0,0,0,0
201802,37,101,3,5,Johnston County               ,367,367,61485500,2,4,500000,1,4,413000,0,0,0,367,367,61485500,2,4,500000,1,4,413000,0,0,0
201802,37,105,3,5,Lee County                    ,17,17,3647170,0,0,0,0,0,0,0,0,0,17,17,3647170,0,0,0,0,0,0,0,0,0
201802,37,119,3,5,Mecklenburg County            ,1044,1044,241420727,10,20,1421879,0,0,0,49,2621,157310238,1044,1044,241420727,10,20,1421879,0,0,0,49,2621,157310238
201802,37,133,3,5,Onslow County                 ,167,167,25119070,2,4,318960,0,0,0,0,0,0,167,167,25119070,2,4,318960,0,0,0,0,0,0
201802,37,135,3,5,Orange County                 ,68,68,22232465,0,0,0,0,0,0,0,0,0,68,68,22232465,0,0,0,0,0,0,0,0,0
201802,37,145,3,5,Person County                 ,10,10,2068610,0,0,0,0,0,0,0,0,0,10,10,2068610,0,0,0,0,0,0,0,0,0
201802,37,151,3,5,Randolph County               ,49,49,10628255,0,0,0,0,0,0,0,0,0,49,49,10628255,0,0,0,0,0,0,0,0,0
201802,37,157,3,5,Rockingham County             ,38,38,10995913,0,0,0,0,0,0,0,0,0,38,38,10995913,0,0,0,0,0,0,0,0,0
201802,37,179,3,5,Union County                  ,319,319,69788016,0,0,0,0,0,0,0,0,0,319,319,69788016,0,0,0,0,0,0,0,0,0
201802,37,181,3,5,Vance County                  ,10,10,1480374,0,0,0,0,0,0,0,0,0,10,10,1480374,0,0,0,0,0,0,0,0,0
201802,37,183,3,5,Wake County                   ,1327,1327,277654925,0,0,0,0,0,0,31,1161,126652465,1202,1202,252659332,0,0,0,0,0,0,31,1161,126652465
201802,37,195,3,5,Wilson County                 ,42,42,6808098,0,0,0,0,0,0,0,0,0,42,42,6808098,0,0,0,0,0,0,0,0,0
201802,39,007,2,3,Ashtabula County              ,6,6,1100810,0,0,0,0,0,0,0,0,0,0,0,0,0,0,0,0,0,0,0,0,0
201802,39,015,2,3,Brown County                  ,7,7,1810929,0,0,0,0,0,0,0,0,0,7,7,1810929,0,0,0,0,0,0,0,0,0
201802,39,017,2,3,Butler County                 ,87,87,18537758,0,0,0,0,0,0,1,12,1321160,47,47,9200767,0,0,0,0,0,0,0,0,0
201802,39,025,2,3,Clermont County               ,77,77,18404775,0,0,0,0,0,0,0,0,0,77,77,18404775,0,0,0,0,0,0,0,0,0
201802,39,041,2,3,Delaware County               ,215,215,53453708,1,2,242296,0,0,0,5,25,1322875,200,200,50517580,1,2,242296,0,0,0,4,20,945000
201802,39,049,2,3,Franklin County               ,183,183,55943399,17,34,5880000,18,63,8559402,18,544,54341834,183,183,55943399,17,34,5880000,18,63,8559402,18,544,54341834
201802,39,055,2,3,Geauga County                 ,15,15,5577000,0,0,0,0,0,0,0,0,0,15,15,5577000,0,0,0,0,0,0,0,0,0
201802,39,085,2,3,Lake County                   ,45,45,10805592,0,0,0,0,0,0,0,0,0,45,45,10805592,0,0,0,0,0,0,0,0,0
201802,39,089,2,3,Licking County                ,37,37,8547737,0,0,0,0,0,0,0,0,0,37,37,8547737,0,0,0,0,0,0,0,0,0
201802,39,093,2,3,Lorain County                 ,122,122,29474483,2,4,501950,3,11,1149255,0,0,0,93,93,23656094,1,2,271350,3,11,1149255,0,0,0
201802,39,097,2,3,Madison County                ,28,28,7568316,0,0,0,0,0,0,0,0,0,26,26,7240316,0,0,0,0,0,0,0,0,0
201802,39,103,2,3,Medina County                 ,66,66,17009247,0,0,0,0,0,0,0,0,0,66,66,17009247,0,0,0,0,0,0,0,0,0
201802,39,117,2,3,Morrow County                 ,4,4,598704,0,0,0,0,0,0,0,0,0,4,4,598704,0,0,0,0,0,0,0,0,0
201802,39,159,2,3,Union County                  ,75,75,19402815,0,0,0,0,0,0,0,0,0,75,75,19402815,0,0,0,0,0,0,0,0,0
201802,39,165,2,3,Warren County                 ,189,189,53175115,1,2,360184,0,0,0,4,122,10212539,180,180,50901025,1,2,360184,0,0,0,4,122,10212539
201802,40,001,3,7,Adair County                  ,2,2,385287,0,0,0,0,0,0,0,0,0,0,0,0,0,0,0,0,0,0,0,0,0
201802,40,017,3,7,Canadian County               ,46,46,9833080,24,48,4036976,1,4,352000,0,0,0,27,27,5095556,24,48,4036976,1,4,352000,0,0,0
201802,40,021,3,7,Cherokee County               ,9,9,1181144,0,0,0,0,0,0,1,5,244048,0,0,0,0,0,0,0,0,0,0,0,0
201802,40,027,3,7,Cleveland County              ,83,83,18683065,3,6,1380000,0,0,0,0,0,0,83,83,18683065,3,6,1380000,0,0,0,0,0,0
201802,40,029,3,7,Coal County                   ,10,10,100000,0,0,0,0,0,0,0,0,0,10,10,100000,0,0,0,0,0,0,0,0,0
201802,40,037,3,7,Creek County                  ,11,11,1649492,0,0,0,0,0,0,0,0,0,11,11,1649492,0,0,0,0,0,0,0,0,0
201802,40,051,3,7,Grady County                  ,15,15,3092602,0,0,0,0,0,0,0,0,0,2,2,259000,0,0,0,0,0,0,0,0,0
201802,40,055,3,7,Greer County                  ,0,0,0,0,0,0,0,0,0,0,0,0,0,0,0,0,0,0,0,0,0,0,0,0
201802,40,081,3,7,Lincoln County                ,0,0,0,0,0,0,0,0,0,0,0,0,0,0,0,0,0,0,0,0,0,0,0,0
201802,40,083,3,7,Logan County                  ,0,0,0,0,0,0,0,0,0,0,0,0,0,0,0,0,0,0,0,0,0,0,0,0
201802,40,087,3,7,McClain County                ,55,55,11216852,4,8,1000000,0,0,0,0,0,0,21,21,4432650,4,8,1000000,0,0,0,0,0,0
201802,40,109,3,7,Oklahoma County               ,698,698,162298438,10,20,2215906,1,4,215000,3,31,2188790,142,142,50581291,2,4,602760,0,0,0,0,0,0
201802,40,111,3,7,Okmulgee County               ,1,1,160000,0,0,0,0,0,0,0,0,0,1,1,160000,0,0,0,0,0,0,0,0,0
201802,40,113,3,7,Osage County                  ,14,14,4740978,0,0,0,0,0,0,1,7,452174,14,14,4740978,0,0,0,0,0,0,1,7,452174
201802,40,117,3,7,Pawnee County                 ,1,1,165000,0,0,0,0,0,0,0,0,0,1,1,165000,0,0,0,0,0,0,0,0,0
201802,40,131,3,7,Rogers County                 ,52,52,12344545,1,2,145000,0,0,0,0,0,0,50,50,12137879,1,2,145000,0,0,0,0,0,0
201802,40,143,3,7,Tulsa County                  ,265,265,64002835,1,2,204082,0,0,0,0,0,0,250,250,60570261,1,2,204082,0,0,0,0,0,0
201802,40,145,3,7,Wagoner County                ,61,61,11363758,0,0,0,0,0,0,0,0,0,61,61,11363758,0,0,0,0,0,0,0,0,0
201802,41,000,4,9,Oregon Balance of State       ,20,20,3369105,0,0,0,0,0,0,0,0,0,7,7,1443651,0,0,0,0,0,0,0,0,0
201802,41,005,4,9,Clackamas County              ,183,183,58089155,1,2,240000,1,3,360000,9,84,11228512,162,162,47745564,1,2,240000,1,3,360000,7,52,6575168
201802,41,017,4,9,Deschutes County              ,311,311,80024738,1,2,148727,0,0,0,0,0,0,260,260,68959311,1,2,148727,0,0,0,0,0,0
201802,41,019,4,9,Douglas County                ,29,29,7038418,1,2,193648,0,0,0,0,0,0,29,29,7038418,1,2,193648,0,0,0,0,0,0
201802,41,025,4,9,Harney County                 ,1,1,247078,0,0,0,0,0,0,0,0,0,0,0,0,0,0,0,0,0,0,0,0,0
201802,41,035,4,9,Klamath County                ,15,15,3759906,0,0,0,0,0,0,0,0,0,15,15,3759906,0,0,0,0,0,0,0,0,0
201802,41,051,4,9,Multnomah County              ,179,179,49736641,29,58,10054470,0,0,0,15,1209,179547758,179,179,49736641,29,58,10054470,0,0,0,15,1209,179547758
201802,41,067,4,9,Washington County             ,218,218,63904573,2,4,774274,0,0,0,8,142,15723645,205,205,60384584,1,2,455080,0,0,0,8,142,15723645
201802,41,071,4,9,Yamhill County                ,74,74,19057719,0,0,0,0,0,0,0,0,0,58,58,15301436,0,0,0,0,0,0,0,0,0
201802,42,001,1,2,Adams County                  ,20,20,5039844,0,0,0,0,0,0,0,0,0,20,20,5039844,0,0,0,0,0,0,0,0,0
201802,42,017,1,2,Bucks County                  ,106,106,24940650,0,0,0,0,0,0,0,0,0,72,72,17285558,0,0,0,0,0,0,0,0,0
201802,42,029,1,2,Chester County                ,195,195,34846905,0,0,0,0,0,0,0,0,0,164,164,28116123,0,0,0,0,0,0,0,0,0
201802,42,037,1,2,Columbia County               ,5,5,1114451,0,0,0,1,3,387224,0,0,0,1,1,200250,0,0,0,0,0,0,0,0,0
201802,42,041,1,2,Cumberland County             ,97,97,22816774,0,0,0,0,0,0,15,295,38667713,87,87,20123871,0,0,0,0,0,0,14,290,37878469
201802,42,043,1,2,Dauphin County                ,82,82,10077465,0,0,0,5,19,3232286,0,0,0,67,67,7018518,0,0,0,5,19,3232286,0,0,0
201802,42,045,1,2,Delaware County               ,57,57,14621978,0,0,0,0,0,0,1,5,1879838,28,28,7407991,0,0,0,0,0,0,0,0,0
201802,42,055,1,2,Franklin County               ,45,45,7798697,0,0,0,0,0,0,2,10,975058,35,35,6312473,0,0,0,0,0,0,0,0,0
201802,42,065,1,2,Jefferson County              ,5,5,783260,0,0,0,0,0,0,0,0,0,5,5,783260,0,0,0,0,0,0,0,0,0
201802,42,091,1,2,Montgomery County             ,144,144,29867380,0,0,0,5,18,2281140,6,293,46898012,117,117,23372936,0,0,0,5,18,2281140,4,280,44009123
201802,42,093,1,2,Montour County                ,2,2,492849,0,0,0,0,0,0,1,12,600000,2,2,492849,0,0,0,0,0,0,1,12,600000
201802,42,099,1,2,Perry County                  ,11,11,2812436,0,0,0,0,0,0,0,0,0,0,0,0,0,0,0,0,0,0,0,0,0
201802,42,101,1,2,Philadelphia County           ,116,116,30299930,18,36,6641221,27,92,9807156,10,241,31932327,0,0,0,0,0,0,0,0,0,0,0,0
201802,42,103,1,2,Pike County                   ,7,7,1640526,0,0,0,0,0,0,0,0,0,4,4,830015,0,0,0,0,0,0,0,0,0
201802,44,001,1,1,Bristol County                ,5,5,1466689,0,0,0,0,0,0,0,0,0,1,1,325000,0,0,0,0,0,0,0,0,0
201802,44,003,1,1,Kent County                   ,13,13,2192317,0,0,0,0,0,0,0,0,0,9,9,1447105,0,0,0,0,0,0,0,0,0
201802,44,005,1,1,Newport County                ,26,26,7555157,0,0,0,0,0,0,0,0,0,17,17,5457863,0,0,0,0,0,0,0,0,0
201802,44,007,1,1,Providence County             ,40,40,8267984,0,0,0,0,0,0,1,17,1800000,27,27,6130705,0,0,0,0,0,0,1,17,1800000
201802,44,009,1,1,Washington County             ,40,40,10654277,0,0,0,1,3,429150,0,0,0,31,31,6574300,0,0,0,0,0,0,0,0,0
201802,45,003,3,5,Aiken County                  ,140,140,28800764,0,0,0,0,0,0,0,0,0,140,140,28800764,0,0,0,0,0,0,0,0,0
201802,45,009,3,5,Bamberg County                ,3,3,528000,0,0,0,0,0,0,0,0,0,3,3,528000,0,0,0,0,0,0,0,0,0
201802,45,015,3,5,Berkeley County               ,247,247,68555102,0,0,0,0,0,0,2,76,1792997,111,111,33525702,0,0,0,0,0,0,0,0,0
201802,45,017,3,5,Calhoun County                ,3,3,1023000,0,0,0,0,0,0,0,0,0,3,3,1023000,0,0,0,0,0,0,0,0,0
201802,45,019,3,5,Charleston County             ,314,314,103296574,0,0,0,0,0,0,3,69,3815911,187,187,83125283,0,0,0,0,0,0,0,0,0
201802,45,035,3,5,Dorchester County             ,100,100,29578100,0,0,0,0,0,0,0,0,0,99,99,29470600,0,0,0,0,0,0,0,0,0
201802,45,037,3,5,Edgefield County              ,21,21,4942453,0,0,0,0,0,0,0,0,0,21,21,4942453,0,0,0,0,0,0,0,0,0
201802,45,039,3,5,Fairfield County              ,9,9,1892786,0,0,0,0,0,0,0,0,0,0,0,0,0,0,0,0,0,0,0,0,0
201802,45,045,3,5,Greenville County             ,604,604,291246032,0,0,0,0,0,0,0,0,0,600,600,290613104,0,0,0,0,0,0,0,0,0
201802,45,051,3,5,Horry County                  ,740,740,134744145,0,0,0,0,0,0,2,16,1200280,691,691,122301441,0,0,0,0,0,0,1,11,604209
201802,45,055,3,5,Kershaw County                ,42,42,5365216,0,0,0,0,0,0,0,0,0,42,42,5365216,0,0,0,0,0,0,0,0,0
201802,45,059,3,5,Laurens County                ,23,23,4347802,0,0,0,0,0,0,0,0,0,22,22,4240526,0,0,0,0,0,0,0,0,0
201802,45,063,3,5,Lexington County              ,310,310,79137536,0,0,0,0,0,0,1,15,1468007,174,174,44145368,0,0,0,0,0,0,0,0,0
201802,45,077,3,5,Pickens County                ,58,58,10489923,0,0,0,0,0,0,2,61,8025924,40,40,7576564,0,0,0,0,0,0,0,0,0
201802,45,079,3,5,Richland County               ,331,331,48337973,13,26,1215955,0,0,0,3,56,3160794,35,35,8712763,13,26,1215955,0,0,0,0,0,0
201802,45,081,3,5,Saluda County                 ,8,8,1717694,0,0,0,0,0,0,0,0,0,0,0,0,0,0,0,0,0,0,0,0,0
201802,45,085,3,5,Sumter County                 ,46,46,6156116,0,0,0,0,0,0,0,0,0,25,25,3085283,0,0,0,0,0,0,0,0,0
201802,45,091,3,5,York County                   ,377,377,122508751,0,0,0,0,0,0,4,68,7170870,52,52,14787137,0,0,0,0,0,0,0,0,0
201802,46,007,2,4,Bennett County                ,0,0,0,0,0,0,0,0,0,0,0,0,0,0,0,0,0,0,0,0,0,0,0,0
201802,46,055,2,4,Haakon County                 ,0,0,0,0,0,0,0,0,0,0,0,0,0,0,0,0,0,0,0,0,0,0,0,0
201802,46,071,2,4,Jackson County                ,0,0,0,0,0,0,0,0,0,0,0,0,0,0,0,0,0,0,0,0,0,0,0,0
201802,46,111,2,4,Sanborn County                ,1,1,100000,0,0,0,0,0,0,0,0,0,1,1,100000,0,0,0,0,0,0,0,0,0
201802,47,001,3,6,Anderson County               ,17,17,2712015,0,0,0,0,0,0,0,0,0,17,17,2712015,0,0,0,0,0,0,0,0,0
201802,47,015,3,6,Cannon County                 ,2,2,252380,0,0,0,0,0,0,0,0,0,0,0,0,0,0,0,0,0,0,0,0,0
201802,47,021,3,6,Cheatham County               ,51,51,8160546,0,0,0,0,0,0,0,0,0,51,51,8160546,0,0,0,0,0,0,0,0,0
201802,47,037,3,6,Davidson County               ,644,644,151681198,0,0,0,1,4,488242,3,38,2602206,644,644,151681198,0,0,0,1,4,488242,3,38,2602206
201802,47,043,3,6,Dickson County                ,37,37,8144579,0,0,0,0,0,0,0,0,0,35,35,7693783,0,0,0,0,0,0,0,0,0
201802,47,049,3,6,Fentress County               ,0,0,0,0,0,0,0,0,0,0,0,0,0,0,0,0,0,0,0,0,0,0,0,0
201802,47,081,3,6,Hickman County                ,8,8,1530350,0,0,0,0,0,0,0,0,0,3,3,631522,0,0,0,0,0,0,0,0,0
201802,47,093,3,6,Knox County                   ,331,331,56783267,0,0,0,0,0,0,0,0,0,230,230,36502648,0,0,0,0,0,0,0,0,0
201802,47,105,3,6,Loudon County                 ,71,71,17984810,0,0,0,0,0,0,0,0,0,63,63,16608564,0,0,0,0,0,0,0,0,0
201802,47,125,3,6,Montgomery County             ,216,216,35292710,2,4,220000,4,15,820000,0,0,0,216,216,35292710,2,4,220000,4,15,820000,0,0,0
201802,47,139,3,6,Polk County                   ,30,30,5403722,0,0,0,0,0,0,0,0,0,0,0,0,0,0,0,0,0,0,0,0,0
201802,47,149,3,6,Rutherford County             ,396,396,92822572,2,4,319406,0,0,0,13,307,40078943,352,352,86277746,2,4,319406,0,0,0,12,302,39614000
201802,47,153,3,6,Sequatchie County             ,1,1,120000,0,0,0,0,0,0,0,0,0,1,1,120000,0,0,0,0,0,0,0,0,0
201802,47,157,3,6,Shelby County                 ,151,151,38827688,0,0,0,0,0,0,1,25,2873000,151,151,38827688,0,0,0,0,0,0,1,25,2873000
201802,47,159,3,6,Smith County                  ,8,8,1147714,0,0,0,0,0,0,0,0,0,5,5,535000,0,0,0,0,0,0,0,0,0
201802,47,161,3,6,Stewart County                ,2,2,226000,0,0,0,0,0,0,0,0,0,0,0,0,0,0,0,0,0,0,0,0,0
201802,47,165,3,6,Sumner County                 ,199,199,51852036,0,0,0,0,0,0,4,22,826190,199,199,51852036,0,0,0,0,0,0,4,22,826190
201802,47,167,3,6,Tipton County                 ,19,19,3038757,0,0,0,0,0,0,0,0,0,6,6,1143976,0,0,0,0,0,0,0,0,0
201802,47,169,3,6,Trousdale County              ,7,7,1219000,0,0,0,0,0,0,0,0,0,7,7,1219000,0,0,0,0,0,0,0,0,0
201802,47,173,3,6,Union County                  ,10,10,1768333,0,0,0,0,0,0,0,0,0,8,8,1615000,0,0,0,0,0,0,0,0,0
201802,47,175,3,6,Van Buren County              ,0,0,0,0,0,0,0,0,0,0,0,0,0,0,0,0,0,0,0,0,0,0,0,0
201802,47,189,3,6,Wilson County                 ,218,218,55544966,1,2,650000,0,0,0,6,87,6339147,140,140,32988750,1,2,650000,0,0,0,4,72,4704000
201802,48,013,3,7,Atascosa County               ,8,8,1453638,0,0,0,0,0,0,0,0,0,6,6,1109140,0,0,0,0,0,0,0,0,0
201802,48,015,3,7,Austin County                 ,3,3,592070,0,0,0,0,0,0,0,0,0,2,2,407662,0,0,0,0,0,0,0,0,0
201802,48,019,3,7,Bandera County                ,0,0,0,0,0,0,0,0,0,0,0,0,0,0,0,0,0,0,0,0,0,0,0,0
201802,48,021,3,7,Bastrop County                ,26,26,2924151,2,4,348000,0,0,0,0,0,0,7,7,600225,0,0,0,0,0,0,0,0,0
201802,48,025,3,7,Bee County                    ,1,1,114764,0,0,0,0,0,0,0,0,0,0,0,0,0,0,0,0,0,0,0,0,0
201802,48,027,3,7,Bell County                   ,246,246,45420600,17,34,2535738,0,0,0,1,6,500000,228,228,41822497,15,30,2422600,0,0,0,0,0,0
201802,48,029,3,7,Bexar County                  ,660,660,150977724,3,6,521040,4,13,978847,30,153,17745583,581,581,140656930,3,6,521040,3,10,978847,28,141,15188393
201802,48,051,3,7,Burleson County               ,1,1,176300,0,0,0,0,0,0,0,0,0,1,1,176300,0,0,0,0,0,0,0,0,0
201802,48,055,3,7,Caldwell County               ,55,55,9274964,1,2,116640,0,0,0,0,0,0,3,3,370800,0,0,0,0,0,0,0,0,0
201802,48,085,3,7,Collin County                 ,1760,1760,474574361,3,6,918912,0,0,0,14,223,11077764,1581,1581,404247138,3,6,918912,0,0,0,12,213,9577958
201802,48,091,3,7,Comal County                  ,305,305,70410758,0,0,0,0,0,0,0,0,0,304,304,70113656,0,0,0,0,0,0,0,0,0
201802,48,099,3,7,Coryell County                ,34,34,4800168,0,0,0,0,0,0,0,0,0,8,8,1085000,0,0,0,0,0,0,0,0,0
201802,48,107,3,7,Crosby County                 ,2,2,134000,0,0,0,0,0,0,0,0,0,0,0,0,0,0,0,0,0,0,0,0,0
201802,48,113,3,7,Dallas County                 ,739,739,246966533,22,44,9887326,63,252,31224147,38,955,88519170,705,705,239033139,22,44,9887326,63,252,31224147,36,900,82885628
201802,48,119,3,7,Delta County                  ,0,0,0,0,0,0,0,0,0,0,0,0,0,0,0,0,0,0,0,0,0,0,0,0
201802,48,135,3,7,Ector County                  ,125,125,24331350,0,0,0,0,0,0,0,0,0,83,83,16300831,0,0,0,0,0,0,0,0,0
201802,48,139,3,7,Ellis County                  ,276,276,58981766,3,6,651423,0,0,0,12,152,11713265,197,197,44375183,3,6,651423,0,0,0,12,152,11713265
201802,48,141,3,7,El Paso County                ,386,386,76337549,9,18,1615840,3,12,1717476,11,151,26870707,361,361,71533587,9,18,1615840,3,12,1717476,11,151,26870707
201802,48,157,3,7,Fort Bend County              ,1703,1703,208006607,2,4,648532,0,0,0,2,17,1330394,241,241,72263645,1,2,464370,0,0,0,0,0,0
201802,48,167,3,7,Galveston County              ,325,325,83691997,0,0,0,0,0,0,0,0,0,245,245,59332785,0,0,0,0,0,0,0,0,0
201802,48,185,3,7,Grimes County                 ,3,3,306056,0,0,0,0,0,0,0,0,0,0,0,0,0,0,0,0,0,0,0,0,0
201802,48,187,3,7,Guadalupe County              ,136,136,32322538,0,0,0,0,0,0,0,0,0,136,136,32322538,0,0,0,0,0,0,0,0,0
201802,48,193,3,7,Hamilton County               ,2,2,160000,0,0,0,0,0,0,0,0,0,0,0,0,0,0,0,0,0,0,0,0,0
201802,48,195,3,7,Hansford County               ,0,0,0,0,0,0,0,0,0,0,0,0,0,0,0,0,0,0,0,0,0,0,0,0
201802,48,201,3,7,Harris County                 ,2786,2786,563741375,13,26,5252833,17,68,10404385,30,838,65036343,2748,2748,544029403,13,26,5252833,17,68,10404385,30,838,65036343
201802,48,211,3,7,Hemphill County               ,0,0,0,0,0,0,0,0,0,0,0,0,0,0,0,0,0,0,0,0,0,0,0,0
201802,48,215,3,7,Hidalgo County                ,441,441,77791538,9,18,1322649,29,116,12672852,2,152,15831551,395,395,73277223,8,16,1172649,29,116,12672852,2,152,15831551
201802,48,233,3,7,Hutchinson County             ,0,0,0,0,0,0,0,0,0,1,5,396770,0,0,0,0,0,0,0,0,0,0,0,0
201802,48,251,3,7,Johnson County                ,158,158,30858232,1,2,325000,0,0,0,0,0,0,158,158,30858232,1,2,325000,0,0,0,0,0,0
201802,48,257,3,7,Kaufman County                ,176,176,34326932,0,0,0,0,0,0,0,0,0,157,157,31091277,0,0,0,0,0,0,0,0,0
201802,48,259,3,7,Kendall County                ,54,54,13546107,0,0,0,0,0,0,0,0,0,54,54,13546107,0,0,0,0,0,0,0,0,0
201802,48,271,3,7,Kinney County                 ,0,0,0,0,0,0,0,0,0,0,0,0,0,0,0,0,0,0,0,0,0,0,0,0
201802,48,281,3,7,Lampasas County               ,8,8,1395582,0,0,0,0,0,0,0,0,0,4,4,855500,0,0,0,0,0,0,0,0,0
201802,48,291,3,7,Liberty County                ,102,102,15192607,1,2,132500,0,0,0,0,0,0,66,66,9892829,1,2,132500,0,0,0,0,0,0
201802,48,303,3,7,Lubbock County                ,280,280,63656966,3,6,858900,0,0,0,1,49,5798839,280,280,63656966,3,6,858900,0,0,0,1,49,5798839
201802,48,323,3,7,Maverick County               ,8,8,2133214,2,4,221962,0,0,0,0,0,0,8,8,2133214,2,4,221962,0,0,0,0,0,0
201802,48,325,3,7,Medina County                 ,5,5,1087416,0,0,0,0,0,0,0,0,0,3,3,674300,0,0,0,0,0,0,0,0,0
201802,48,329,3,7,Midland County                ,165,165,33712017,0,0,0,0,0,0,0,0,0,165,165,33712017,0,0,0,0,0,0,0,0,0
201802,48,339,3,7,Montgomery County             ,968,968,227461048,0,0,0,0,0,0,0,0,0,956,956,225092869,0,0,0,0,0,0,0,0,0
201802,48,367,3,7,Parker County                 ,73,73,17956026,0,0,0,0,0,0,0,0,0,55,55,14322788,0,0,0,0,0,0,0,0,0
201802,48,375,3,7,Potter County                 ,112,112,27272310,0,0,0,0,0,0,1,101,11428192,112,112,27272310,0,0,0,0,0,0,1,101,11428192
201802,48,383,3,7,Reagan County                 ,1,1,204195,0,0,0,0,0,0,0,0,0,0,0,0,0,0,0,0,0,0,0,0,0
201802,48,385,3,7,Real County                   ,0,0,0,0,0,0,0,0,0,0,0,0,0,0,0,0,0,0,0,0,0,0,0,0
201802,48,395,3,7,Robertson County              ,13,13,2693705,0,0,0,0,0,0,0,0,0,13,13,2693705,0,0,0,0,0,0,0,0,0
201802,48,397,3,7,Rockwall County               ,286,286,87873022,0,0,0,0,0,0,0,0,0,242,242,76812911,0,0,0,0,0,0,0,0,0
201802,48,407,3,7,San Jacinto County            ,40,40,9249836,0,0,0,0,0,0,0,0,0,40,40,9249836,0,0,0,0,0,0,0,0,0
201802,48,411,3,7,San Saba County               ,0,0,0,0,0,0,0,0,0,0,0,0,0,0,0,0,0,0,0,0,0,0,0,0
201802,48,451,3,7,Tom Green County              ,35,35,8673120,0,0,0,0,0,0,0,0,0,35,35,8673120,0,0,0,0,0,0,0,0,0
201802,48,453,3,7,Travis County                 ,1430,1430,323052204,13,26,4296156,1,3,828400,59,1728,180534912,1360,1360,299585570,12,24,4154072,1,3,828400,59,1728,180534912
201802,48,473,3,7,Waller County                 ,21,21,1789890,0,0,0,0,0,0,2,11,243986,21,21,1789890,0,0,0,0,0,0,0,0,0
201802,48,491,3,7,Williamson County             ,574,574,161056391,17,34,3548940,1,4,304515,1,38,3015452,480,480,140556396,17,34,3548940,1,4,304515,0,0,0
201802,48,493,3,7,Wilson County                 ,9,9,1837755,0,0,0,0,0,0,0,0,0,0,0,0,0,0,0,0,0,0,0,0,0
201802,48,497,3,7,Wise County                   ,20,20,4054416,0,0,0,0,0,0,0,0,0,18,18,3765750,0,0,0,0,0,0,0,0,0
201802,49,011,4,8,Davis County                  ,194,194,52473851,1,2,521060,1,4,530432,2,15,1800000,152,152,41105477,0,0,0,1,4,530432,2,15,1800000
201802,49,023,4,8,Juab County                   ,6,6,1639283,0,0,0,0,0,0,0,0,0,5,5,1365751,0,0,0,0,0,0,0,0,0
201802,49,029,4,8,Morgan County                 ,11,11,4072941,0,0,0,0,0,0,0,0,0,2,2,826275,0,0,0,0,0,0,0,0,0
201802,49,035,4,8,Salt Lake County              ,800,800,215419275,5,10,2048660,14,52,8355224,25,887,104785883,615,615,168939456,3,6,1190000,13,49,8182954,14,341,39892531
201802,49,039,4,8,Sanpete County                ,1,1,206065,0,0,0,0,0,0,0,0,0,1,1,206065,0,0,0,0,0,0,0,0,0
201802,49,043,4,8,Summit County                 ,22,22,9536090,0,0,0,1,3,841530,2,13,2221138,7,7,2680270,0,0,0,0,0,0,0,0,0
201802,49,057,4,8,Weber County                  ,115,115,27254615,0,0,0,7,27,3227432,0,0,0,104,104,24566024,0,0,0,6,24,2874472,0,0,0
201802,51,003,3,5,Albemarle County              ,94,94,30315238,0,0,0,0,0,0,2,30,3089038,0,0,0,0,0,0,0,0,0,0,0,0
201802,51,007,3,5,Amelia County                 ,4,4,709920,0,0,0,0,0,0,0,0,0,4,4,709920,0,0,0,0,0,0,0,0,0
201802,51,009,3,5,Amherst County                ,10,10,1870860,0,0,0,0,0,0,0,0,0,6,6,1130373,0,0,0,0,0,0,0,0,0
201802,51,013,3,5,Arlington County              ,43,43,18099000,0,0,0,0,0,0,2,695,115767400,43,43,18099000,0,0,0,0,0,0,2,695,115767400
201802,51,015,3,5,Augusta County                ,26,26,6198320,0,0,0,0,0,0,0,0,0,26,26,6198320,0,0,0,0,0,0,0,0,0
201802,51,019,3,5,Bedford County                ,0,0,0,0,0,0,1,3,550000,2,10,700000,0,0,0,0,0,0,1,3,550000,2,10,700000
201802,51,033,3,5,Caroline County               ,17,17,2832898,0,0,0,0,0,0,0,0,0,17,17,2832898,0,0,0,0,0,0,0,0,0
201802,51,036,3,5,Charles City County           ,4,4,625653,0,0,0,0,0,0,0,0,0,2,2,258300,0,0,0,0,0,0,0,0,0
201802,51,037,3,5,Charlotte County              ,2,2,220000,0,0,0,0,0,0,0,0,0,2,2,220000,0,0,0,0,0,0,0,0,0
201802,51,041,3,5,Chesterfield County           ,201,201,46480427,0,0,0,4,15,1739490,1,14,1680000,201,201,46480427,0,0,0,4,15,1739490,1,14,1680000
201802,51,043,3,5,Clarke County                 ,4,4,1485131,0,0,0,0,0,0,0,0,0,4,4,1485131,0,0,0,0,0,0,0,0,0
201802,51,049,3,5,Cumberland County             ,6,6,701095,0,0,0,0,0,0,0,0,0,6,6,701095,0,0,0,0,0,0,0,0,0
201802,51,051,3,5,Dickenson County              ,1,1,200000,0,0,0,0,0,0,0,0,0,1,1,200000,0,0,0,0,0,0,0,0,0
201802,51,053,3,5,Dinwiddie County              ,10,10,190706,0,0,0,0,0,0,0,0,0,0,0,0,0,0,0,0,0,0,0,0,0
201802,51,059,3,5,Fairfax County                ,159,159,36795853,0,0,0,0,0,0,2,304,32746607,159,159,36795853,0,0,0,0,0,0,2,304,32746607
201802,51,061,3,5,Fauquier County               ,44,44,15010905,0,0,0,0,0,0,0,0,0,44,44,15010905,0,0,0,0,0,0,0,0,0
201802,51,069,3,5,Frederick County              ,78,78,19116160,1,2,400000,4,14,1540000,6,42,4032000,78,78,19116160,1,2,400000,4,14,1540000,6,42,4032000
201802,51,073,3,5,Gloucester County             ,30,30,6059722,1,2,260000,2,7,580356,0,0,0,0,0,0,0,0,0,0,0,0,0,0,0
201802,51,075,3,5,Goochland County              ,30,30,8257194,0,0,0,0,0,0,0,0,0,30,30,8257194,0,0,0,0,0,0,0,0,0
201802,51,085,3,5,Hanover County                ,83,83,18234519,0,0,0,0,0,0,0,0,0,83,83,18234519,0,0,0,0,0,0,0,0,0
201802,51,087,3,5,Henrico County                ,174,174,33267277,16,32,1100000,0,0,0,1,148,9384923,174,174,33267277,16,32,1100000,0,0,0,1,148,9384923
201802,51,093,3,5,Isle of Wight County          ,31,31,6129764,0,0,0,0,0,0,0,0,0,0,0,0,0,0,0,0,0,0,0,0,0
201802,51,095,3,5,James City County             ,40,40,8586285,4,8,1026000,2,7,1072830,1,10,849000,40,40,8586285,4,8,1026000,2,7,1072830,1,10,849000
201802,51,097,3,5,King and Queen County         ,4,4,536356,0,0,0,0,0,0,0,0,0,4,4,536356,0,0,0,0,0,0,0,0,0
201802,51,099,3,5,King George County            ,16,16,3751020,0,0,0,0,0,0,0,0,0,8,8,1849967,0,0,0,0,0,0,0,0,0
201802,51,107,3,5,Loudoun County                ,388,388,89723412,0,0,0,0,0,0,6,180,3440000,388,388,89723412,0,0,0,0,0,0,6,180,3440000
201802,51,109,3,5,Louisa County                 ,40,40,7788088,0,0,0,0,0,0,0,0,0,19,19,3806835,0,0,0,0,0,0,0,0,0
201802,51,115,3,5,Mathews County                ,1,1,236000,0,0,0,0,0,0,0,0,0,1,1,236000,0,0,0,0,0,0,0,0,0
201802,51,127,3,5,New Kent County               ,41,41,7582304,0,0,0,0,0,0,0,0,0,41,41,7582304,0,0,0,0,0,0,0,0,0
201802,51,139,3,5,Page County                   ,6,6,797600,0,0,0,0,0,0,0,0,0,6,6,797600,0,0,0,0,0,0,0,0,0
201802,51,145,3,5,Powhatan County               ,39,39,9158639,0,0,0,0,0,0,0,0,0,39,39,9158639,0,0,0,0,0,0,0,0,0
201802,51,149,3,5,Prince George County          ,9,9,1187600,0,0,0,0,0,0,0,0,0,9,9,1187600,0,0,0,0,0,0,0,0,0
201802,51,153,3,5,Prince William County         ,240,240,45230984,0,0,0,0,0,0,2,43,4177067,131,131,25388600,0,0,0,0,0,0,0,0,0
201802,51,165,3,5,Rockingham County             ,76,76,16483280,0,0,0,0,0,0,0,0,0,76,76,16483280,0,0,0,0,0,0,0,0,0
201802,51,175,3,5,Southampton County            ,6,6,883778,0,0,0,0,0,0,0,0,0,0,0,0,0,0,0,0,0,0,0,0,0
201802,51,177,3,5,Spotsylvania County           ,103,103,26845795,0,0,0,0,0,0,4,120,8270000,103,103,26845795,0,0,0,0,0,0,4,120,8270000
201802,51,179,3,5,Stafford County               ,240,240,55103230,0,0,0,0,0,0,0,0,0,240,240,55103230,0,0,0,0,0,0,0,0,0
201802,51,181,3,5,Surry County                  ,4,4,1035000,0,0,0,0,0,0,0,0,0,4,4,1035000,0,0,0,0,0,0,0,0,0
201802,51,183,3,5,Sussex County                 ,5,5,636358,0,0,0,0,0,0,0,0,0,5,5,636358,0,0,0,0,0,0,0,0,0
201802,51,187,3,5,Warren County                 ,33,33,6927000,0,0,0,0,0,0,0,0,0,33,33,6927000,0,0,0,0,0,0,0,0,0
201802,51,199,3,5,York County                   ,18,18,3531848,0,0,0,0,0,0,5,163,12900000,18,18,3531848,0,0,0,0,0,0,5,163,12900000
201802,51,510,3,5,Alexandria (Independent City) ,27,27,8306538,0,0,0,0,0,0,0,0,0,27,27,8306538,0,0,0,0,0,0,0,0,0
201802,51,540,3,5,Charlottesville (Independent C,14,14,3143554,0,0,0,0,0,0,2,18,2661404,0,0,0,0,0,0,0,0,0,0,0,0
201802,51,550,3,5,Chesapeake(Independent City)  ,148,148,45058568,0,0,0,0,0,0,0,0,0,148,148,45058568,0,0,0,0,0,0,0,0,0
201802,51,570,3,5,Colonial Heights (Independent ,4,4,703000,0,0,0,0,0,0,0,0,0,4,4,703000,0,0,0,0,0,0,0,0,0
201802,51,580,3,5,Covington (Independent City)  ,0,0,0,0,0,0,0,0,0,0,0,0,0,0,0,0,0,0,0,0,0,0,0,0
201802,51,600,3,5,Fairfax (Independent City)    ,2,2,656886,0,0,0,0,0,0,0,0,0,2,2,656886,0,0,0,0,0,0,0,0,0
201802,51,610,3,5,Falls Church (Independent City,5,5,2380000,0,0,0,0,0,0,0,0,0,5,5,2380000,0,0,0,0,0,0,0,0,0
201802,51,630,3,5,Fredericksburg(Independent Cit,15,15,2522400,0,0,0,0,0,0,0,0,0,15,15,2522400,0,0,0,0,0,0,0,0,0
201802,51,650,3,5,Hampton (Independent City)    ,28,28,1731430,0,0,0,0,0,0,0,0,0,0,0,0,0,0,0,0,0,0,0,0,0
201802,51,660,3,5,Harrisonburg (Independent City,11,11,1961722,0,0,0,0,0,0,0,0,0,0,0,0,0,0,0,0,0,0,0,0,0
201802,51,670,3,5,Hopewell (Independent City)   ,21,21,2507547,0,0,0,0,0,0,0,0,0,17,17,2145000,0,0,0,0,0,0,0,0,0
201802,51,680,3,5,Lynchburg (Independent City)  ,8,8,1931875,0,0,0,0,0,0,0,0,0,8,8,1931875,0,0,0,0,0,0,0,0,0
201802,51,683,3,5,Manassas (Independent City)   ,27,27,3805320,0,0,0,0,0,0,0,0,0,0,0,0,0,0,0,0,0,0,0,0,0
201802,51,685,3,5,Manassas Park (Independent Cit,0,0,0,0,0,0,0,0,0,0,0,0,0,0,0,0,0,0,0,0,0,0,0,0
201802,51,700,3,5,Newport News (Independent City,25,25,3340774,0,0,0,0,0,0,1,12,472173,13,13,2221335,0,0,0,0,0,0,0,0,0
201802,51,710,3,5,Norfolk (Independent City)    ,66,66,11271731,0,0,0,0,0,0,0,0,0,66,66,11271731,0,0,0,0,0,0,0,0,0
201802,51,730,3,5,Petersburg (Independent City) ,0,0,0,0,0,0,0,0,0,0,0,0,0,0,0,0,0,0,0,0,0,0,0,0
201802,51,735,3,5,Poquoson (Independent City)   ,0,0,0,0,0,0,0,0,0,1,6,655588,0,0,0,0,0,0,0,0,0,1,6,655588
201802,51,740,3,5,Portsmouth (Independent City) ,26,26,3080000,0,0,0,0,0,0,0,0,0,26,26,3080000,0,0,0,0,0,0,0,0,0
201802,51,760,3,5,Richmond (Independent City)   ,83,83,19193411,0,0,0,0,0,0,0,0,0,83,83,19193411,0,0,0,0,0,0,0,0,0
201802,51,800,3,5,Suffolk (Independent City)    ,90,90,20812132,0,0,0,0,0,0,0,0,0,90,90,20812132,0,0,0,0,0,0,0,0,0
201802,51,810,3,5,Virginia Beach (Independent Ci,103,103,19825324,0,0,0,0,0,0,0,0,0,103,103,19825324,0,0,0,0,0,0,0,0,0
201802,51,830,3,5,Williamsburg (Independent City,2,2,203030,0,0,0,0,0,0,0,0,0,2,2,203030,0,0,0,0,0,0,0,0,0
201802,53,005,4,9,Benton County                 ,136,136,42820996,2,4,650501,0,0,0,3,43,3983793,55,55,18198426,1,2,385000,0,0,0,0,0,0
201802,53,011,4,9,Clark County                  ,376,376,104196721,4,8,616531,1,3,352317,4,50,4428454,207,207,53976651,4,8,616531,0,0,0,1,24,1670491
201802,53,021,4,9,Franklin County               ,90,90,24461462,3,6,1013384,0,0,0,0,0,0,19,19,7061035,0,0,0,0,0,0,0,0,0
201802,53,031,4,9,Jefferson County              ,26,26,5044812,1,2,302414,0,0,0,0,0,0,19,19,3966783,0,0,0,0,0,0,0,0,0
201802,53,033,4,9,King County                   ,727,727,280870808,32,64,14057421,23,82,16289189,37,928,126487254,595,595,222355041,30,60,12798421,22,79,15089189,32,813,111206782
201802,53,035,4,9,Kitsap County                 ,155,155,46671191,3,6,819720,0,0,0,1,107,26606369,155,155,46671191,3,6,819720,0,0,0,1,107,26606369
201802,53,053,4,9,Pierce County                 ,426,426,125326635,6,12,1897330,3,11,1896853,8,394,49583638,422,422,123979578,6,12,1897330,3,11,1896853,8,394,49583638
201802,53,055,4,9,San Juan County               ,20,20,3795120,1,2,216000,0,0,0,0,0,0,20,20,3795120,1,2,216000,0,0,0,0,0,0
201802,53,059,4,9,Skamania County               ,3,3,1019236,0,0,0,0,0,0,0,0,0,3,3,1019236,0,0,0,0,0,0,0,0,0
201802,53,061,4,9,Snohomish County              ,378,378,106297984,6,12,2577867,0,0,0,4,43,5298224,340,340,95571417,6,12,2577867,0,0,0,4,43,5298224
201802,54,011,3,5,Cabell County                 ,5,5,1065610,0,0,0,0,0,0,0,0,0,1,1,100000,0,0,0,0,0,0,0,0,0
201802,54,015,3,5,Clay County                   ,11,11,275000,0,0,0,0,0,0,0,0,0,11,11,275000,0,0,0,0,0,0,0,0,0
201802,54,019,3,5,Fayette County                ,0,0,0,0,0,0,0,0,0,0,0,0,0,0,0,0,0,0,0,0,0,0,0,0
201802,54,037,3,5,Jefferson County              ,24,24,6178169,0,0,0,0,0,0,0,0,0,13,13,2898705,0,0,0,0,0,0,0,0,0
201802,54,081,3,5,Raleigh County                ,6,6,1073880,0,0,0,0,0,0,0,0,0,6,6,1073880,0,0,0,0,0,0,0,0,0
201802,55,025,2,3,Dane County                   ,166,166,57243647,5,10,1894985,6,22,2426765,10,296,38753336,132,132,47360702,4,8,1636523,5,19,2105000,5,253,35172500
201802,55,031,2,3,Douglas County                ,2,2,659000,0,0,0,0,0,0,0,0,0,2,2,659000,0,0,0,0,0,0,0,0,0
201802,55,037,2,3,Florence County               ,0,0,0,0,0,0,0,0,0,0,0,0,0,0,0,0,0,0,0,0,0,0,0,0
201802,55,049,2,3,Iowa County                   ,2,2,730000,0,0,0,0,0,0,0,0,0,2,2,730000,0,0,0,0,0,0,0,0,0
201802,55,059,2,3,Kenosha County                ,23,23,7170344,0,0,0,0,0,0,1,13,463316,19,19,6388427,0,0,0,0,0,0,0,0,0
201802,55,079,2,3,Milwaukee County              ,30,30,8220721,2,4,687000,0,0,0,0,0,0,30,30,8220721,2,4,687000,0,0,0,0,0,0
201802,55,089,2,3,Ozaukee County                ,23,23,7896303,1,2,389900,1,3,980000,2,10,755556,13,13,3562450,1,2,389900,1,3,980000,0,0,0
201802,55,093,2,3,Pierce County                 ,9,9,2724610,0,0,0,0,0,0,0,0,0,9,9,2724610,0,0,0,0,0,0,0,0,0
201802,55,109,2,3,St. Croix County              ,39,39,11939679,1,2,290000,0,0,0,1,36,5300000,38,38,11600471,1,2,290000,0,0,0,1,36,5300000
201802,55,131,2,3,Washington County             ,44,44,12012890,1,2,344000,0,0,0,0,0,0,32,32,7745883,1,2,344000,0,0,0,0,0,0
201802,56,029,4,8,Park County                   ,14,14,2918310,0,0,0,0,0,0,0,0,0,14,14,2918310,0,0,0,0,0,0,0,0,0
201802,56,039,4,8,Teton County                  ,29,29,53790984,0,0,0,0,0,0,0,0,0,27,27,52658440,0,0,0,0,0,0,0,0,0
