Survey,FIPS,FIPS,Region,Division,County,,1-unit,,,2-units,,,3-4 units,,,5+ units,,,1-unit rep,,,2-units rep,,,3-4 units rep,,, 5+units rep
Date,State,County,Code,Code,Name,Bldgs,Units,Value,Bldgs,Units,Value,Bldgs,Units,Value,Bldgs,Units,Value,Bldgs,Units,Value,Bldgs,Units,Value,Bldgs,Units,Value,Bldgs,Units,Value
 
201805,01,001,3,6,Autauga County                ,91,91,28857020,0,0,0,0,0,0,0,0,0,91,91,28857020,0,0,0,0,0,0,0,0,0
201805,01,007,3,6,Bibb County                   ,4,4,981446,0,0,0,0,0,0,0,0,0,0,0,0,0,0,0,0,0,0,0,0,0
201805,01,009,3,6,Blount County                 ,4,4,688191,0,0,0,0,0,0,0,0,0,4,4,688191,0,0,0,0,0,0,0,0,0
201805,01,021,3,6,Chilton County                ,15,15,1687000,0,0,0,0,0,0,5,56,5676300,15,15,1687000,0,0,0,0,0,0,5,56,5676300
201805,01,073,3,6,Jefferson County              ,594,594,180621246,0,0,0,0,0,0,17,222,20418529,492,492,160736766,0,0,0,0,0,0,17,222,20418529
201805,01,081,3,6,Lee County                    ,482,482,132087701,1,2,210669,1,3,507600,9,75,12713521,408,408,111686518,0,0,0,1,3,507600,8,47,5392500
201805,01,083,3,6,Limestone County              ,61,61,14241557,0,0,0,0,0,0,0,0,0,61,61,14241557,0,0,0,0,0,0,0,0,0
201805,01,089,3,6,Madison County                ,1143,1143,180426825,0,0,0,9,36,14207782,2,14,1531421,1143,1143,180426825,0,0,0,9,36,14207782,2,14,1531421
201805,01,113,3,6,Russell County                ,77,77,11504165,0,0,0,0,0,0,0,0,0,77,77,11504165,0,0,0,0,0,0,0,0,0
201805,01,115,3,6,St. Clair County              ,80,80,16175351,0,0,0,0,0,0,0,0,0,73,73,14752645,0,0,0,0,0,0,0,0,0
201805,01,117,3,6,Shelby County                 ,444,444,103615984,0,0,0,0,0,0,3,17,2608650,199,199,42231411,0,0,0,0,0,0,0,0,0
201805,01,127,3,6,Walker County                 ,2,2,415556,0,0,0,0,0,0,0,0,0,0,0,0,0,0,0,0,0,0,0,0,0
201805,02,013,4,9,Aleutians East Borough        ,0,0,0,0,0,0,0,0,0,0,0,0,0,0,0,0,0,0,0,0,0,0,0,0
201805,02,016,4,9,Aleutians West Census Area    ,2,2,196236,0,0,0,0,0,0,0,0,0,0,0,0,0,0,0,0,0,0,0,0,0
201805,02,020,4,9,Anchorage Municipality        ,379,379,118739002,0,0,0,5,19,3299354,7,73,11540976,0,0,0,0,0,0,0,0,0,0,0,0
201805,02,050,4,9,Bethel Census Area            ,1,1,269793,0,0,0,0,0,0,0,0,0,1,1,269793,0,0,0,0,0,0,0,0,0
201805,02,060,4,9,Bristol Bay Borough           ,2,2,310000,0,0,0,0,0,0,0,0,0,2,2,310000,0,0,0,0,0,0,0,0,0
201805,02,070,4,9,Dillingham Census Area        ,0,0,0,1,2,301442,0,0,0,0,0,0,0,0,0,0,0,0,0,0,0,0,0,0
201805,02,090,4,9,Fairbanks North Star Borough  ,9,9,2460781,0,0,0,0,0,0,0,0,0,9,9,2460781,0,0,0,0,0,0,0,0,0
201805,02,100,4,9,Haines Borough                ,5,5,1392560,0,0,0,0,0,0,0,0,0,0,0,0,0,0,0,0,0,0,0,0,0
201805,02,105,4,9,Hoonah-Angoon Census Area     ,0,0,0,0,0,0,0,0,0,0,0,0,0,0,0,0,0,0,0,0,0,0,0,0
201805,02,110,4,9,Juneau City and Borough       ,16,16,3415567,0,0,0,1,3,577672,2,12,2243015,16,16,3415567,0,0,0,1,3,577672,2,12,2243015
201805,02,122,4,9,Kenai Peninsula Borough       ,40,40,9258062,0,0,0,1,3,322000,1,12,400000,22,22,5324000,0,0,0,1,3,322000,1,12,400000
201805,02,130,4,9,Ketchikan Gateway Borough     ,13,13,3479517,1,2,301442,0,0,0,0,0,0,13,13,3479517,1,2,301442,0,0,0,0,0,0
201805,02,150,4,9,Kodiak Island Borough         ,0,0,0,1,2,407185,0,0,0,0,0,0,0,0,0,1,2,407185,0,0,0,0,0,0
201805,02,158,4,9,Kusilvak Census Area          ,0,0,0,0,0,0,0,0,0,0,0,0,0,0,0,0,0,0,0,0,0,0,0,0
201805,02,170,4,9,Matanuska-Susitna Borough     ,34,34,9113307,5,10,1637174,0,0,0,0,0,0,33,33,9013312,5,10,1637174,0,0,0,0,0,0
201805,02,180,4,9,Nome Census Area              ,0,0,0,0,0,0,0,0,0,0,0,0,0,0,0,0,0,0,0,0,0,0,0,0
201805,02,185,4,9,North Slope Borough           ,2,2,548068,1,2,354010,0,0,0,0,0,0,1,1,274034,1,2,354010,0,0,0,0,0,0
201805,02,188,4,9,Northwest Arctic Borough      ,1,1,525000,0,0,0,0,0,0,0,0,0,0,0,0,0,0,0,0,0,0,0,0,0
201805,02,195,4,9,Petersburg Borough            ,2,2,311272,0,0,0,0,0,0,0,0,0,0,0,0,0,0,0,0,0,0,0,0,0
201805,02,198,4,9,Prince of Wales-Hyder Census A,0,0,0,0,0,0,0,0,0,0,0,0,0,0,0,0,0,0,0,0,0,0,0,0
201805,02,220,4,9,Sitka City and Borough        ,5,5,1172149,3,6,2172810,0,0,0,0,0,0,0,0,0,0,0,0,0,0,0,0,0,0
201805,02,230,4,9,Skagway Municipality          ,2,2,418000,0,0,0,0,0,0,0,0,0,0,0,0,0,0,0,0,0,0,0,0,0
201805,02,261,4,9,Valdez-Cordova Census Area    ,7,7,2120000,1,2,45000,0,0,0,0,0,0,7,7,2120000,1,2,45000,0,0,0,0,0,0
201805,02,275,4,9,Wrangell City and Borough     ,2,2,325000,1,2,325000,0,0,0,0,0,0,2,2,325000,1,2,325000,0,0,0,0,0,0
201805,02,282,4,9,Yakutat City and Borough      ,2,2,280000,0,0,0,0,0,0,0,0,0,2,2,280000,0,0,0,0,0,0,0,0,0
201805,02,290,4,9,Yukon-Koyukuk Census Area     ,0,0,0,0,0,0,0,0,0,0,0,0,0,0,0,0,0,0,0,0,0,0,0,0
201805,04,013,4,8,Maricopa County               ,7825,7825,2150549499,40,80,11784376,24,81,13485835,74,3986,610626879,7344,7344,2008337239,40,80,11784376,24,81,13485835,66,3875,594833068
201805,04,019,4,8,Pima County                   ,1444,1444,398303107,6,12,1616222,1,4,286000,21,232,32059695,664,664,185056058,0,0,0,1,4,286000,0,0,0
201805,04,021,4,8,Pinal County                  ,1808,1808,359910803,24,48,3161789,0,0,0,0,0,0,1778,1778,351855185,24,48,3161789,0,0,0,0,0,0
201805,05,013,3,7,Calhoun County                ,0,0,0,0,0,0,0,0,0,0,0,0,0,0,0,0,0,0,0,0,0,0,0,0
201805,05,035,3,7,Crittenden County             ,26,26,4950852,0,0,0,0,0,0,0,0,0,19,19,3757714,0,0,0,0,0,0,0,0,0
201805,05,045,3,7,Faulkner County               ,130,130,27764903,5,10,761149,0,0,0,5,33,1038016,33,33,5363000,0,0,0,0,0,0,0,0,0
201805,05,053,3,7,Grant County                  ,6,6,907667,0,0,0,0,0,0,0,0,0,0,0,0,0,0,0,0,0,0,0,0,0
201805,05,085,3,7,Lonoke County                 ,142,142,18430308,0,0,0,0,0,0,0,0,0,62,62,11322229,0,0,0,0,0,0,0,0,0
201805,05,087,3,7,Madison County                ,1,1,200000,0,0,0,0,0,0,0,0,0,1,1,200000,0,0,0,0,0,0,0,0,0
201805,05,091,3,7,Miller County                 ,13,13,2586987,0,0,0,0,0,0,0,0,0,3,3,620000,0,0,0,0,0,0,0,0,0
201805,05,105,3,7,Perry County                  ,1,1,15000,0,0,0,0,0,0,0,0,0,1,1,15000,0,0,0,0,0,0,0,0,0
201805,05,119,3,7,Pulaski County                ,338,338,79070723,2,4,618000,0,0,0,6,196,22738426,338,338,79070723,2,4,618000,0,0,0,6,196,22738426
201805,05,129,3,7,Searcy County                 ,0,0,0,0,0,0,0,0,0,0,0,0,0,0,0,0,0,0,0,0,0,0,0,0
201805,05,143,3,7,Washington County             ,691,691,152347185,3,6,951388,2,7,1365000,0,0,0,666,666,148485975,2,4,798000,2,7,1365000,0,0,0
201805,06,001,4,9,Alameda County                ,777,777,264731114,5,10,3098520,30,101,33621050,60,3080,669503191,610,610,211332926,4,8,2506985,27,92,31050917,35,2557,569276576
201805,06,013,4,9,Contra Costa County           ,736,736,256536879,3,6,827650,3,10,729616,11,876,138554151,689,689,245719038,3,6,827650,1,3,400000,8,839,133084458
201805,06,017,4,9,El Dorado County              ,229,229,84321999,0,0,0,0,0,0,0,0,0,229,229,84321999,0,0,0,0,0,0,0,0,0
201805,06,019,4,9,Fresno County                 ,1060,1060,296572018,3,6,1273909,7,26,2718162,20,311,25379480,936,936,266313779,0,0,0,6,23,2593840,13,259,20231920
201805,06,037,4,9,Los Angeles County            ,2661,2661,1029734901,232,464,87427326,28,87,20927838,186,5854,1304943428,2415,2415,899665470,227,454,85194770,23,72,19053439,170,5711,1274551090
201805,06,041,4,9,Marin County                  ,45,45,32380702,0,0,0,0,0,0,1,48,6600000,28,28,16114325,0,0,0,0,0,0,1,48,6600000
201805,06,059,4,9,Orange County                 ,2009,2009,617650297,97,194,46618198,47,155,34410932,49,1039,171626335,1718,1718,491400111,85,170,39614861,47,155,34410932,37,725,120868514
201805,06,061,4,9,Placer County                 ,857,857,274008703,3,6,883380,0,0,0,0,0,0,852,852,271634509,3,6,883380,0,0,0,0,0,0
201805,06,063,4,9,Plumas County                 ,13,13,2942874,0,0,0,0,0,0,0,0,0,13,13,2942874,0,0,0,0,0,0,0,0,0
201805,06,067,4,9,Sacramento County             ,1440,1440,394179245,4,8,1568964,1,3,350000,21,400,40982613,1436,1436,393223157,4,8,1568964,1,3,350000,21,400,40982613
201805,06,069,4,9,San Benito County             ,227,227,80392294,1,2,631259,0,0,0,0,0,0,145,145,60074796,1,2,631259,0,0,0,0,0,0
201805,06,071,4,9,San Bernardino County         ,1762,1762,392773153,40,80,8749311,24,93,12272843,73,503,83975080,1660,1660,367023063,39,78,8387028,24,93,12272843,70,487,82583400
201805,06,073,4,9,San Diego County              ,1709,1709,585361038,34,68,14568246,94,322,61143523,122,3120,523286213,1672,1672,560298835,34,68,14568246,93,319,61024665,117,3074,506186546
201805,06,075,4,9,San Francisco County          ,19,19,5164236,3,6,2086494,2,7,1278075,10,736,210455284,19,19,5164236,3,6,2086494,2,7,1278075,10,736,210455284
201805,06,081,4,9,San Mateo County              ,148,148,133625787,6,12,2962142,0,0,0,21,563,117414803,79,79,91173753,3,6,1312142,0,0,0,5,351,83696799
201805,06,085,4,9,Santa Clara County            ,980,980,344163141,5,10,2575348,5,17,4279530,36,2522,404470865,934,934,324968059,5,10,2575348,4,14,3352028,33,2432,391275629
201805,06,091,4,9,Sierra County                 ,1,1,120000,0,0,0,0,0,0,0,0,0,1,1,120000,0,0,0,0,0,0,0,0,0
201805,06,113,4,9,Yolo County                   ,80,80,25002463,0,0,0,0,0,0,3,39,4491131,80,80,25002463,0,0,0,0,0,0,3,39,4491131
201805,08,001,4,8,Adams County                  ,1159,1159,331198862,2,4,674896,0,0,0,7,171,16436324,1146,1146,327638309,2,4,674896,0,0,0,7,171,16436324
201805,08,005,4,8,Arapahoe County               ,1027,1027,285382381,6,12,1858752,7,22,3410881,20,730,91955304,1023,1023,285017416,6,12,1858752,7,22,3410881,20,730,91955304
201805,08,014,4,8,Broomfield County             ,267,267,82137947,0,0,0,0,0,0,4,198,27699012,267,267,82137947,0,0,0,0,0,0,4,198,27699012
201805,08,015,4,8,Chaffee County                ,56,56,14835201,1,2,323962,2,6,1099400,0,0,0,0,0,0,0,0,0,0,0,0,0,0,0
201805,08,019,4,8,Clear Creek County            ,5,5,1653273,0,0,0,0,0,0,1,5,727085,3,3,978948,0,0,0,0,0,0,0,0,0
201805,08,031,4,8,Denver County                 ,1039,1039,282087681,1,2,150000,0,0,0,50,2231,311845596,1039,1039,282087681,1,2,150000,0,0,0,50,2231,311845596
201805,08,035,4,8,Douglas County                ,1228,1228,375827172,2,4,807436,2,6,1037804,17,445,65817996,1193,1193,362639324,2,4,807436,0,0,0,17,445,65817996
201805,08,039,4,8,Elbert County                 ,96,96,30650737,0,0,0,0,0,0,0,0,0,95,95,30490307,0,0,0,0,0,0,0,0,0
201805,08,041,4,8,El Paso County                ,1882,1882,719002894,1,2,351651,3,12,1307577,44,1101,163156562,1882,1882,719002894,1,2,351651,3,12,1307577,44,1101,163156562
201805,08,047,4,8,Gilpin County                 ,15,15,4089308,0,0,0,0,0,0,0,0,0,15,15,4089308,0,0,0,0,0,0,0,0,0
201805,08,059,4,8,Jefferson County              ,436,436,123078263,16,32,2722104,6,18,1377511,23,723,93842707,425,425,120077372,16,32,2722104,6,18,1377511,23,723,93842707
201805,08,069,4,8,Larimer County                ,667,667,175285850,10,20,3449186,2,7,1530484,12,228,29081538,667,667,175285850,10,20,3449186,2,7,1530484,12,228,29081538
201805,08,077,4,8,Mesa County                   ,363,363,66626133,0,0,0,0,0,0,0,0,0,363,363,66626133,0,0,0,0,0,0,0,0,0
201805,08,093,4,8,Park County                   ,63,63,15242770,0,0,0,0,0,0,0,0,0,63,63,15242770,0,0,0,0,0,0,0,0,0
201805,08,101,4,8,Pueblo County                 ,223,223,32077092,0,0,0,0,0,0,0,0,0,223,223,32077092,0,0,0,0,0,0,0,0,0
201805,08,119,4,8,Teller County                 ,69,69,20574590,0,0,0,0,0,0,0,0,0,68,68,20524590,0,0,0,0,0,0,0,0,0
201805,09,001,1,1,Fairfield County              ,291,291,186871987,6,12,2607240,8,24,3817923,8,82,16807099,226,226,123403547,6,12,2607240,8,24,3817923,6,65,9262497
201805,09,003,1,1,Hartford County               ,190,190,38851989,0,0,0,2,8,512000,14,308,23527352,167,167,34837582,0,0,0,2,8,512000,8,271,21960142
201805,09,007,1,1,Middlesex County              ,51,51,16152755,1,2,195000,0,0,0,1,6,535365,38,38,13540168,1,2,195000,0,0,0,0,0,0
201805,09,013,1,1,Tolland County                ,44,44,10880364,1,2,152400,0,0,0,9,65,6268488,19,19,5233053,0,0,0,0,0,0,1,12,950000
201805,10,001,3,5,Kent County                   ,585,585,88648027,3,6,596672,0,0,0,5,60,6993263,575,575,87016677,3,6,596672,0,0,0,3,50,5889652
201805,10,003,3,5,New Castle County             ,521,521,47888537,0,0,0,0,0,0,8,58,1112374,484,484,43176009,0,0,0,0,0,0,0,0,0
201805,10,005,3,5,Sussex County                 ,1178,1178,170548374,31,62,9296549,15,60,4682137,9,54,6093183,1178,1178,170548374,31,62,9296549,15,60,4682137,9,54,6093183
201805,11,001,3,5,Washington  DC                ,49,49,11408465,6,12,1432057,1,3,390032,19,832,89867503,49,49,11408465,6,12,1432057,1,3,390032,19,832,89867503
201805,12,003,3,5,Baker County                  ,81,81,13752457,0,0,0,0,0,0,0,0,0,61,61,10054893,0,0,0,0,0,0,0,0,0
201805,12,019,3,5,Clay County                   ,434,434,84255695,0,0,0,0,0,0,0,0,0,366,366,68412298,0,0,0,0,0,0,0,0,0
201805,12,029,3,5,Dixie County                  ,15,15,1894851,0,0,0,0,0,0,0,0,0,0,0,0,0,0,0,0,0,0,0,0,0
201805,12,031,3,5,Duval County                  ,1586,1586,379597795,8,16,1840495,2,7,854423,29,691,74433900,1528,1528,359106299,8,16,1840495,2,7,854423,29,691,74433900
201805,12,033,3,5,Escambia County               ,475,475,110096416,0,0,0,0,0,0,0,0,0,475,475,110096416,0,0,0,0,0,0,0,0,0
201805,12,053,3,5,Hernando County               ,391,391,77573372,1,2,200000,0,0,0,5,186,22903515,391,391,77573372,1,2,200000,0,0,0,5,186,22903515
201805,12,057,3,5,Hillsborough County           ,3592,3592,1222054700,8,16,2636293,3,11,1632840,21,439,78113633,3592,3592,1222054700,8,16,2636293,3,11,1632840,21,439,78113633
201805,12,067,3,5,Lafayette County              ,8,8,938711,0,0,0,0,0,0,0,0,0,8,8,938711,0,0,0,0,0,0,0,0,0
201805,12,071,3,5,Lee County                    ,2390,2390,547829942,106,212,24135778,13,52,11626306,31,703,109077212,2390,2390,547829942,106,212,24135778,13,52,11626306,31,703,109077212
201805,12,073,3,5,Leon County                   ,321,321,59955552,2,4,443200,0,0,0,12,340,37712848,127,127,24783427,0,0,0,0,0,0,0,0,0
201805,12,081,3,5,Manatee County                ,1354,1354,295709472,3,6,450000,6,22,3871710,18,486,49608836,804,804,173679218,3,6,450000,0,0,0,13,403,41575222
201805,12,086,3,5,Miami-Dade County             ,1077,1077,435296695,35,70,11950366,21,80,7646174,71,4053,610564691,936,936,388368510,35,70,11950366,21,80,7646174,63,3866,567662083
201805,12,089,3,5,Nassau County                 ,457,457,120374744,0,0,0,0,0,0,10,221,26014863,364,364,93867404,0,0,0,0,0,0,9,216,24801253
201805,12,091,3,5,Okaloosa County               ,353,353,121076674,2,4,612000,4,16,1699540,0,0,0,336,336,118281802,2,4,612000,4,16,1699540,0,0,0
201805,12,095,3,5,Orange County                 ,3055,3055,818559267,37,74,10758526,3,11,1383455,98,3160,379535866,3004,3004,799987343,37,74,10758526,3,11,1383455,98,3160,379535866
201805,12,097,3,5,Osceola County                ,1991,1991,371735384,5,10,1041585,4,16,1581890,44,1741,64984146,1710,1710,298292390,5,10,1041585,3,12,936942,43,1698,61354986
201805,12,101,3,5,Pasco County                  ,1481,1481,321790528,3,6,687000,13,40,1670806,5,30,1151700,1475,1475,321222220,1,2,127000,13,40,1670806,4,25,720450
201805,12,103,3,5,Pinellas County               ,383,383,114615980,8,16,2292990,1,3,505157,14,747,65750768,364,364,107080966,6,12,1826786,0,0,0,9,641,55975510
201805,12,109,3,5,St. Johns County              ,1934,1934,508259954,0,0,0,7,28,5550876,19,781,47804048,1934,1934,508259954,0,0,0,7,28,5550876,19,781,47804048
201805,12,113,3,5,Santa Rosa County             ,667,667,112089395,0,0,0,0,0,0,0,0,0,667,667,112089395,0,0,0,0,0,0,0,0,0
201805,12,115,3,5,Sarasota County               ,1337,1337,326843033,4,8,952771,5,18,4549126,40,993,170360271,1099,1099,264496384,4,8,952771,3,11,3032767,38,983,162317120
201805,12,117,3,5,Seminole County               ,657,657,200987179,0,0,0,1,4,648525,9,299,23258518,623,623,190253989,0,0,0,1,4,648525,1,124,11530800
201805,12,119,3,5,Sumter County                 ,771,771,205194339,0,0,0,0,0,0,0,0,0,771,771,205194339,0,0,0,0,0,0,0,0,0
201805,12,129,3,5,Wakulla County                ,108,108,18185729,0,0,0,0,0,0,0,0,0,108,108,18185729,0,0,0,0,0,0,0,0,0
201805,12,131,3,5,Walton County                 ,579,579,241393567,0,0,0,40,120,21382560,0,0,0,579,579,241393567,0,0,0,40,120,21382560,0,0,0
201805,12,133,3,5,Washington County             ,26,26,3368594,0,0,0,0,0,0,0,0,0,17,17,2096576,0,0,0,0,0,0,0,0,0
201805,13,007,3,5,Baker County                  ,0,0,0,0,0,0,0,0,0,0,0,0,0,0,0,0,0,0,0,0,0,0,0,0
201805,13,013,3,5,Barrow County                 ,334,334,40700718,0,0,0,0,0,0,2,25,1787738,253,253,30076681,0,0,0,0,0,0,0,0,0
201805,13,015,3,5,Bartow County                 ,282,282,44698774,0,0,0,0,0,0,12,144,16824796,281,281,44529488,0,0,0,0,0,0,12,144,16824796
201805,13,021,3,5,Bibb County                   ,46,46,7546590,0,0,0,0,0,0,0,0,0,0,0,0,0,0,0,0,0,0,0,0,0
201805,13,029,3,5,Bryan County                  ,252,252,56100345,0,0,0,0,0,0,7,84,9048405,252,252,56100345,0,0,0,0,0,0,7,84,9048405
201805,13,033,3,5,Burke County                  ,24,24,4283316,0,0,0,0,0,0,0,0,0,0,0,0,0,0,0,0,0,0,0,0,0
201805,13,035,3,5,Butts County                  ,27,27,6236220,0,0,0,0,0,0,0,0,0,27,27,6236220,0,0,0,0,0,0,0,0,0
201805,13,045,3,5,Carroll County                ,235,235,53248649,0,0,0,0,0,0,0,0,0,235,235,53248649,0,0,0,0,0,0,0,0,0
201805,13,051,3,5,Chatham County                ,448,448,88440587,0,0,0,0,0,0,0,0,0,383,383,74118886,0,0,0,0,0,0,0,0,0
201805,13,057,3,5,Cherokee County               ,1043,1043,276213435,1,2,295284,0,0,0,19,320,18895983,1043,1043,276213435,1,2,295284,0,0,0,19,320,18895983
201805,13,059,3,5,Clarke County                 ,152,152,26549178,0,0,0,0,0,0,5,138,8008101,133,133,23224692,0,0,0,0,0,0,4,124,6647543
201805,13,063,3,5,Clayton County                ,216,216,48876523,0,0,0,0,0,0,0,0,0,216,216,48876523,0,0,0,0,0,0,0,0,0
201805,13,067,3,5,Cobb County                   ,751,751,201441150,8,16,3521362,11,37,8180111,19,120,25173256,719,719,195431748,8,16,3521362,11,37,8180111,19,120,25173256
201805,13,073,3,5,Columbia County               ,627,627,110090812,0,0,0,0,0,0,4,32,1512000,525,525,90735115,0,0,0,0,0,0,4,32,1512000
201805,13,077,3,5,Coweta County                 ,332,332,109814707,1,2,533407,0,0,0,21,458,40763879,255,255,89024466,0,0,0,0,0,0,21,458,40763879
201805,13,085,3,5,Dawson County                 ,184,184,32743876,0,0,0,0,0,0,0,0,0,184,184,32743876,0,0,0,0,0,0,0,0,0
201805,13,095,3,5,Dougherty County              ,10,10,1995880,0,0,0,1,3,135000,3,15,1510902,2,2,810000,0,0,0,0,0,0,0,0,0
201805,13,097,3,5,Douglas County                ,177,177,29772330,0,0,0,0,0,0,0,0,0,177,177,29772330,0,0,0,0,0,0,0,0,0
201805,13,111,3,5,Fannin County                 ,132,132,25705502,1,2,156766,0,0,0,1,6,509173,132,132,25705502,1,2,156766,0,0,0,1,6,509173
201805,13,113,3,5,Fayette County                ,201,201,62169619,2,4,800000,0,0,0,0,0,0,179,179,53621374,2,4,800000,0,0,0,0,0,0
201805,13,115,3,5,Floyd County                  ,69,69,12285968,0,0,0,3,12,1152000,0,0,0,69,69,12285968,0,0,0,3,12,1152000,0,0,0
201805,13,117,3,5,Forsyth County                ,1273,1273,183439799,0,0,0,0,0,0,8,729,36657640,1273,1273,183439799,0,0,0,0,0,0,8,729,36657640
201805,13,121,3,5,Fulton County                 ,1882,1882,494946259,1,2,490000,0,0,0,25,2455,347411534,1845,1845,490353463,1,2,490000,0,0,0,24,2450,347389303
201805,13,127,3,5,Glynn County                  ,245,245,72926035,0,0,0,0,0,0,0,0,0,0,0,0,0,0,0,0,0,0,0,0,0
201805,13,135,3,5,Gwinnett County               ,1564,1564,374665092,16,32,3200000,0,0,0,0,0,0,1537,1537,366650757,16,32,3200000,0,0,0,0,0,0
201805,13,143,3,5,Haralson County               ,24,24,5203692,1,2,175000,0,0,0,0,0,0,4,4,640000,1,2,175000,0,0,0,0,0,0
201805,13,145,3,5,Harris County                 ,90,90,21975525,0,0,0,0,0,0,0,0,0,90,90,21975525,0,0,0,0,0,0,0,0,0
201805,13,149,3,5,Heard County                  ,5,5,1166552,0,0,0,0,0,0,0,0,0,5,5,1166552,0,0,0,0,0,0,0,0,0
201805,13,151,3,5,Henry County                  ,782,782,155357025,0,0,0,0,0,0,0,0,0,612,612,132580614,0,0,0,0,0,0,0,0,0
201805,13,159,3,5,Jasper County                 ,31,31,4153194,0,0,0,0,0,0,0,0,0,0,0,0,0,0,0,0,0,0,0,0,0
201805,13,171,3,5,Lamar County                  ,23,23,2850912,0,0,0,0,0,0,0,0,0,23,23,2850912,0,0,0,0,0,0,0,0,0
201805,13,177,3,5,Lee County                    ,79,79,8048809,0,0,0,0,0,0,0,0,0,32,32,3591005,0,0,0,0,0,0,0,0,0
201805,13,179,3,5,Liberty County                ,126,126,28895348,0,0,0,0,0,0,0,0,0,102,102,24425080,0,0,0,0,0,0,0,0,0
201805,13,189,3,5,McDuffie County               ,14,14,2609400,0,0,0,0,0,0,0,0,0,11,11,2057000,0,0,0,0,0,0,0,0,0
201805,13,199,3,5,Meriwether County             ,26,26,5611572,0,0,0,0,0,0,0,0,0,24,24,5458572,0,0,0,0,0,0,0,0,0
201805,13,201,3,5,Miller County                 ,2,2,308000,0,0,0,0,0,0,0,0,0,2,2,308000,0,0,0,0,0,0,0,0,0
201805,13,207,3,5,Monroe County                 ,57,57,12739722,0,0,0,0,0,0,0,0,0,0,0,0,0,0,0,0,0,0,0,0,0
201805,13,215,3,5,Muscogee County               ,138,138,26688953,0,0,0,5,16,984746,7,49,10354940,0,0,0,0,0,0,0,0,0,0,0,0
201805,13,217,3,5,Newton County                 ,269,269,62058560,0,0,0,0,0,0,0,0,0,269,269,62058560,0,0,0,0,0,0,0,0,0
201805,13,227,3,5,Pickens County                ,57,57,15425500,0,0,0,0,0,0,0,0,0,57,57,15425500,0,0,0,0,0,0,0,0,0
201805,13,231,3,5,Pike County                   ,38,38,6808367,0,0,0,0,0,0,0,0,0,0,0,0,0,0,0,0,0,0,0,0,0
201805,13,235,3,5,Pulaski County                ,2,2,220000,0,0,0,0,0,0,0,0,0,2,2,220000,0,0,0,0,0,0,0,0,0
201805,13,245,3,5,Richmond County               ,174,174,27799226,0,0,0,0,0,0,5,107,6755133,10,10,1855000,0,0,0,0,0,0,0,0,0
201805,13,247,3,5,Rockdale County               ,115,115,24479980,0,0,0,1,4,488242,0,0,0,115,115,24479980,0,0,0,1,4,488242,0,0,0
201805,13,255,3,5,Spalding County               ,93,93,11532686,0,0,0,0,0,0,0,0,0,92,92,11454236,0,0,0,0,0,0,0,0,0
201805,13,275,3,5,Thomas County                 ,55,55,12968606,1,2,797000,0,0,0,0,0,0,52,52,12412008,1,2,797000,0,0,0,0,0,0
201805,13,291,3,5,Union County                  ,98,98,24047357,0,0,0,0,0,0,0,0,0,98,98,24047357,0,0,0,0,0,0,0,0,0
201805,15,001,4,9,Hawaii County                 ,450,450,141671212,0,0,0,0,0,0,0,0,0,450,450,141671212,0,0,0,0,0,0,0,0,0
201805,15,003,4,9,Honolulu County               ,451,451,151336754,0,0,0,0,0,0,4,641,148700840,245,245,74952025,0,0,0,0,0,0,1,485,105200000
201805,15,007,4,9,Kauai County                  ,101,101,51879905,3,6,2343676,0,0,0,0,0,0,101,101,51879905,3,6,2343676,0,0,0,0,0,0
201805,15,009,4,9,Maui County                   ,132,132,45577607,10,20,6823680,2,8,1895238,6,42,37307788,132,132,45577607,10,20,6823680,2,8,1895238,6,42,37307788
201805,16,001,4,8,Ada County                    ,1989,1989,528731442,4,8,1553950,16,59,3460850,13,395,40604305,1684,1684,445040204,0,0,0,10,36,1925048,7,236,21160303
201805,16,015,4,8,Boise County                  ,37,37,9814117,0,0,0,0,0,0,0,0,0,37,37,9814117,0,0,0,0,0,0,0,0,0
201805,16,027,4,8,Canyon County                 ,760,760,121493217,5,10,903846,3,12,627480,1,50,6400000,659,659,107047394,5,10,903846,3,12,627480,1,50,6400000
201805,16,045,4,8,Gem County                    ,33,33,5129731,2,4,298075,0,0,0,0,0,0,33,33,5129731,2,4,298075,0,0,0,0,0,0
201805,16,073,4,8,Owyhee County                 ,16,16,2782313,0,0,0,0,0,0,0,0,0,9,9,1538751,0,0,0,0,0,0,0,0,0
201805,17,005,2,3,Bond County                   ,5,5,881040,0,0,0,0,0,0,0,0,0,0,0,0,0,0,0,0,0,0,0,0,0
201805,17,013,2,3,Calhoun County                ,6,6,869700,0,0,0,0,0,0,0,0,0,6,6,869700,0,0,0,0,0,0,0,0,0
201805,17,031,2,3,Cook County                   ,650,650,211802904,18,36,9387240,56,178,36171436,79,2340,218877181,546,546,180212254,18,36,9387240,54,172,34995280,74,2261,207790861
201805,17,037,2,3,DeKalb County                 ,27,27,6209000,0,0,0,0,0,0,0,0,0,27,27,6209000,0,0,0,0,0,0,0,0,0
201805,17,039,2,3,De Witt County                ,11,11,2885000,0,0,0,0,0,0,0,0,0,11,11,2885000,0,0,0,0,0,0,0,0,0
201805,17,043,2,3,DuPage County                 ,341,341,134269113,9,18,3182000,7,24,3216093,14,299,52267757,320,320,122995953,9,18,3182000,7,24,3216093,9,210,50156704
201805,17,063,2,3,Grundy County                 ,31,31,5884752,0,0,0,0,0,0,7,45,2307690,26,26,4991842,0,0,0,0,0,0,0,0,0
201805,17,083,2,3,Jersey County                 ,11,11,1562096,0,0,0,0,0,0,0,0,0,6,6,784051,0,0,0,0,0,0,0,0,0
201805,17,093,2,3,Kendall County                ,138,138,24079078,0,0,0,0,0,0,0,0,0,120,120,19979122,0,0,0,0,0,0,0,0,0
201805,17,097,2,3,Lake County                   ,240,240,84240711,3,6,249999,1,3,271117,11,84,19481713,145,145,46052310,0,0,0,0,0,0,0,0,0
201805,17,111,2,3,McHenry County                ,131,131,26923394,0,0,0,0,0,0,1,80,1200000,102,102,22375128,0,0,0,0,0,0,1,80,1200000
201805,17,119,2,3,Madison County                ,161,161,43019596,1,2,260000,6,24,2623164,14,187,22838611,151,151,40988357,0,0,0,6,24,2623164,13,182,22330582
201805,17,133,2,3,Monroe County                 ,59,59,15501516,1,2,242296,0,0,0,0,0,0,59,59,15501516,1,2,242296,0,0,0,0,0,0
201805,17,197,2,3,Will County                   ,551,551,139647639,11,22,3067500,7,28,4264598,1,5,1015625,485,485,125999701,10,20,2812500,7,28,4264598,0,0,0
201805,18,003,2,3,Allen County                  ,440,440,113027022,14,28,2750000,1,4,608000,16,116,15538759,440,440,113027022,14,28,2750000,1,4,608000,16,116,15538759
201805,18,011,2,3,Boone County                  ,219,219,72003861,1,2,200000,0,0,0,0,0,0,219,219,72003861,1,2,200000,0,0,0,0,0,0
201805,18,013,2,3,Brown County                  ,33,33,8533609,0,0,0,0,0,0,0,0,0,33,33,8533609,0,0,0,0,0,0,0,0,0
201805,18,019,2,3,Clark County                  ,206,206,79456747,0,0,0,0,0,0,2,48,5495568,190,190,75959504,0,0,0,0,0,0,2,48,5495568
201805,18,047,2,3,Franklin County               ,16,16,4282700,0,0,0,0,0,0,0,0,0,16,16,4282700,0,0,0,0,0,0,0,0,0
201805,18,057,2,3,Hamilton County               ,1221,1221,424564010,4,8,1379293,0,0,0,1,208,24900000,1221,1221,424564010,4,8,1379293,0,0,0,1,208,24900000
201805,18,059,2,3,Hancock County                ,232,232,48549116,1,2,325000,0,0,0,4,24,3110000,232,232,48549116,1,2,325000,0,0,0,4,24,3110000
201805,18,061,2,3,Harrison County               ,43,43,9402457,0,0,0,0,0,0,0,0,0,43,43,9402457,0,0,0,0,0,0,0,0,0
201805,18,063,2,3,Hendricks County              ,377,377,89660814,1,2,137273,5,18,3004800,8,110,7925034,289,289,69334874,0,0,0,4,14,2100000,5,56,4007784
201805,18,069,2,3,Huntington County             ,21,21,4784214,0,0,0,0,0,0,0,0,0,18,18,4088114,0,0,0,0,0,0,0,0,0
201805,18,073,2,3,Jasper County                 ,39,39,8998816,0,0,0,0,0,0,0,0,0,38,38,8848816,0,0,0,0,0,0,0,0,0
201805,18,081,2,3,Johnson County                ,290,290,74116834,1,2,623000,0,0,0,0,0,0,276,276,72414437,1,2,623000,0,0,0,0,0,0
201805,18,087,2,3,Lagrange County               ,55,55,12438378,0,0,0,0,0,0,0,0,0,55,55,12438378,0,0,0,0,0,0,0,0,0
201805,18,089,2,3,Lake County                   ,507,507,126725255,6,12,1717605,1,3,630000,0,0,0,485,485,122575513,6,12,1717605,1,3,630000,0,0,0
201805,18,097,2,3,Marion County                 ,502,502,127820614,18,36,5044311,3,9,847905,20,554,55584765,495,495,126040312,18,36,5044311,3,9,847905,20,554,55584765
201805,18,105,2,3,Monroe County                 ,85,85,21978015,17,34,4549632,0,0,0,2,28,3224755,85,85,21978015,17,34,4549632,0,0,0,2,28,3224755
201805,18,109,2,3,Morgan County                 ,57,57,12599508,0,0,0,0,0,0,0,0,0,41,41,8597257,0,0,0,0,0,0,0,0,0
201805,18,111,2,3,Newton County                 ,7,7,1443864,0,0,0,0,0,0,0,0,0,0,0,0,0,0,0,0,0,0,0,0,0
201805,18,115,2,3,Ohio County                   ,13,13,2755236,1,2,150000,0,0,0,0,0,0,13,13,2755236,1,2,150000,0,0,0,0,0,0
201805,18,119,2,3,Owen County                   ,17,17,4396634,0,0,0,0,0,0,0,0,0,17,17,4396634,0,0,0,0,0,0,0,0,0
201805,18,127,2,3,Porter County                 ,191,191,56747103,7,14,1982690,0,0,0,2,10,710050,152,152,50555575,7,14,1982690,0,0,0,0,0,0
201805,18,133,2,3,Putnam County                 ,51,51,12000171,2,4,517401,0,0,0,0,0,0,44,44,10294224,1,2,278179,0,0,0,0,0,0
201805,18,145,2,3,Shelby County                 ,29,29,5683012,0,0,0,0,0,0,0,0,0,29,29,5683012,0,0,0,0,0,0,0,0,0
201805,18,151,2,3,Steuben County                ,51,51,14035021,3,6,788000,0,0,0,0,0,0,51,51,14035021,3,6,788000,0,0,0,0,0,0
201805,18,157,2,3,Tippecanoe County             ,191,191,43638271,5,10,1800000,0,0,0,13,1200,186162164,123,123,29824216,0,0,0,0,0,0,13,1200,186162164
201805,18,163,2,3,Vanderburgh County            ,97,97,15725055,2,4,310000,0,0,0,0,0,0,97,97,15725055,2,4,310000,0,0,0,0,0,0
201805,18,167,2,3,Vigo County                   ,12,12,984700,7,14,829636,0,0,0,1,18,1245484,10,10,611980,6,12,692000,0,0,0,0,0,0
201805,18,175,2,3,Washington County             ,16,16,3690342,0,0,0,0,0,0,0,0,0,0,0,0,0,0,0,0,0,0,0,0,0
201805,18,183,2,3,Whitley County                ,59,59,9326959,1,2,100000,0,0,0,2,47,3615000,59,59,9326959,1,2,100000,0,0,0,2,47,3615000
201805,19,049,2,4,Dallas County                 ,233,233,70024205,2,4,538468,0,0,0,4,39,4780771,229,229,69077594,2,4,538468,0,0,0,1,24,3399193
201805,19,085,2,4,Harrison County               ,12,12,3060730,0,0,0,0,0,0,0,0,0,11,11,2810730,0,0,0,0,0,0,0,0,0
201805,19,129,2,4,Mills County                  ,2,2,360000,0,0,0,0,0,0,0,0,0,2,2,360000,0,0,0,0,0,0,0,0,0
201805,19,153,2,4,Polk County                   ,888,888,229026113,0,0,0,0,0,0,9,418,44855794,843,843,223626189,0,0,0,0,0,0,7,400,43593217
201805,19,181,2,4,Warren County                 ,145,145,38876235,4,8,1115000,0,0,0,0,0,0,138,138,37192016,4,8,1115000,0,0,0,0,0,0
201805,20,061,2,4,Geary County                  ,4,4,695000,0,0,0,0,0,0,0,0,0,4,4,695000,0,0,0,0,0,0,0,0,0
201805,20,091,2,4,Johnson County                ,809,809,270270763,13,26,6500920,28,95,15953400,15,483,64229762,744,744,248258435,12,24,6155920,25,84,14273494,9,417,56042137
201805,20,103,2,4,Leavenworth County            ,114,114,21904973,0,0,0,0,0,0,0,0,0,114,114,21904973,0,0,0,0,0,0,0,0,0
201805,20,107,2,4,Linn County                   ,22,22,1859238,0,0,0,0,0,0,0,0,0,3,3,203000,0,0,0,0,0,0,0,0,0
201805,20,121,2,4,Miami County                  ,39,39,10240987,0,0,0,0,0,0,0,0,0,4,4,675300,0,0,0,0,0,0,0,0,0
201805,20,209,2,4,Wyandotte County              ,81,81,14993668,0,0,0,0,0,0,3,40,3466454,80,80,14782751,0,0,0,0,0,0,3,40,3466454
201805,21,005,3,6,Anderson County               ,33,33,6235477,0,0,0,0,0,0,0,0,0,33,33,6235477,0,0,0,0,0,0,0,0,0
201805,21,015,3,6,Boone County                  ,188,188,36450479,1,2,338746,0,0,0,11,116,9888965,188,188,36450479,1,2,338746,0,0,0,11,116,9888965
201805,21,017,3,6,Bourbon County                ,18,18,5117742,1,2,157000,0,0,0,0,0,0,14,14,4220013,0,0,0,0,0,0,0,0,0
201805,21,021,3,6,Boyle County                  ,16,16,3747309,0,0,0,0,0,0,0,0,0,16,16,3747309,0,0,0,0,0,0,0,0,0
201805,21,029,3,6,Bullitt County                ,187,187,45341042,1,2,300000,3,10,1349000,0,0,0,187,187,45341042,1,2,300000,3,10,1349000,0,0,0
201805,21,035,3,6,Calloway County               ,6,6,1125000,2,4,480000,4,14,573750,0,0,0,6,6,1125000,2,4,480000,4,14,573750,0,0,0
201805,21,037,3,6,Campbell County               ,71,71,17050194,0,0,0,0,0,0,2,20,1459242,71,71,17050194,0,0,0,0,0,0,2,20,1459242
201805,21,045,3,6,Casey County                  ,0,0,0,0,0,0,0,0,0,0,0,0,0,0,0,0,0,0,0,0,0,0,0,0
201805,21,047,3,6,Christian County              ,22,22,2848200,3,6,537000,1,4,270000,0,0,0,11,11,2065000,3,6,537000,1,4,270000,0,0,0
201805,21,049,3,6,Clark County                  ,24,24,5175868,1,2,400000,0,0,0,5,29,2008250,0,0,0,0,0,0,0,0,0,0,0,0
201805,21,067,3,6,Fayette County                ,339,339,55263902,2,4,409778,0,0,0,8,266,20253701,0,0,0,0,0,0,0,0,0,0,0,0
201805,21,069,3,6,Fleming County                ,0,0,0,0,0,0,0,0,0,0,0,0,0,0,0,0,0,0,0,0,0,0,0,0
201805,21,077,3,6,Gallatin County               ,9,9,2127663,0,0,0,0,0,0,0,0,0,9,9,2127663,0,0,0,0,0,0,0,0,0
201805,21,081,3,6,Grant County                  ,25,25,7479942,0,0,0,0,0,0,0,0,0,20,20,6656000,0,0,0,0,0,0,0,0,0
201805,21,091,3,6,Hancock County                ,5,5,971130,0,0,0,0,0,0,0,0,0,5,5,971130,0,0,0,0,0,0,0,0,0
201805,21,099,3,6,Hart County                   ,24,24,2334000,0,0,0,0,0,0,5,25,2838690,0,0,0,0,0,0,0,0,0,0,0,0
201805,21,101,3,6,Henderson County              ,9,9,1342750,0,0,0,0,0,0,0,0,0,9,9,1342750,0,0,0,0,0,0,0,0,0
201805,21,103,3,6,Henry County                  ,7,7,1162480,0,0,0,0,0,0,0,0,0,7,7,1162480,0,0,0,0,0,0,0,0,0
201805,21,111,3,6,Jefferson County              ,539,539,173144778,1,2,337500,0,0,0,37,851,134007760,539,539,173144778,1,2,337500,0,0,0,37,851,134007760
201805,21,113,3,6,Jessamine County              ,91,91,25460216,0,0,0,1,3,630000,0,0,0,79,79,23732039,0,0,0,1,3,630000,0,0,0
201805,21,115,3,6,Johnson County                ,1,1,294193,0,0,0,0,0,0,0,0,0,1,1,294193,0,0,0,0,0,0,0,0,0
201805,21,117,3,6,Kenton County                 ,126,126,32929136,0,0,0,0,0,0,0,0,0,126,126,32929136,0,0,0,0,0,0,0,0,0
201805,21,121,3,6,Knox County                   ,0,0,0,0,0,0,0,0,0,0,0,0,0,0,0,0,0,0,0,0,0,0,0,0
201805,21,123,3,6,Larue County                  ,15,15,3515138,1,2,242983,0,0,0,0,0,0,15,15,3515138,1,2,242983,0,0,0,0,0,0
201805,21,137,3,6,Lincoln County                ,22,22,2319448,0,0,0,0,0,0,0,0,0,17,17,1700000,0,0,0,0,0,0,0,0,0
201805,21,145,3,6,McCracken County              ,42,42,10242549,0,0,0,0,0,0,1,12,1452954,42,42,10242549,0,0,0,0,0,0,1,12,1452954
201805,21,151,3,6,Madison County                ,89,89,8947553,7,14,824980,0,0,0,6,34,1201574,29,29,3720000,2,4,260000,0,0,0,1,8,325000
201805,21,157,3,6,Marshall County               ,21,21,4692856,1,2,158000,0,0,0,0,0,0,21,21,4692856,1,2,158000,0,0,0,0,0,0
201805,21,161,3,6,Mason County                  ,13,13,1768000,0,0,0,0,0,0,0,0,0,13,13,1768000,0,0,0,0,0,0,0,0,0
201805,21,163,3,6,Meade County                  ,28,28,4986421,0,0,0,0,0,0,0,0,0,21,21,3938500,0,0,0,0,0,0,0,0,0
201805,21,167,3,6,Mercer County                 ,16,16,2666316,0,0,0,0,0,0,0,0,0,2,2,280000,0,0,0,0,0,0,0,0,0
201805,21,175,3,6,Morgan County                 ,8,8,600000,0,0,0,0,0,0,0,0,0,0,0,0,0,0,0,0,0,0,0,0,0
201805,21,179,3,6,Nelson County                 ,83,83,13910464,1,2,170000,0,0,0,0,0,0,83,83,13910464,1,2,170000,0,0,0,0,0,0
201805,21,185,3,6,Oldham County                 ,154,154,47450336,1,2,98833,0,0,0,0,0,0,0,0,0,0,0,0,0,0,0,0,0,0
201805,21,191,3,6,Pendleton County              ,0,0,0,0,0,0,0,0,0,0,0,0,0,0,0,0,0,0,0,0,0,0,0,0
201805,21,209,3,6,Scott County                  ,151,151,31250010,25,50,7380000,0,0,0,4,108,7405596,151,151,31250010,25,50,7380000,0,0,0,4,108,7405596
201805,21,211,3,6,Shelby County                 ,116,116,25695027,0,0,0,0,0,0,0,0,0,116,116,25695027,0,0,0,0,0,0,0,0,0
201805,21,213,3,6,Simpson County                ,24,24,2969242,0,0,0,0,0,0,0,0,0,17,17,1921579,0,0,0,0,0,0,0,0,0
201805,21,215,3,6,Spencer County                ,60,60,14086356,0,0,0,0,0,0,0,0,0,60,60,14086356,0,0,0,0,0,0,0,0,0
201805,21,221,3,6,Trigg County                  ,3,3,662832,0,0,0,0,0,0,0,0,0,3,3,662832,0,0,0,0,0,0,0,0,0
201805,21,239,3,6,Woodford County               ,18,18,4608045,0,0,0,0,0,0,1,30,1700000,18,18,4608045,0,0,0,0,0,0,1,30,1700000
201805,22,005,3,7,Ascension Parish              ,453,453,72576058,0,0,0,0,0,0,0,0,0,23,23,4111318,0,0,0,0,0,0,0,0,0
201805,22,015,3,7,Bossier Parish                ,279,279,51866864,0,0,0,0,0,0,0,0,0,279,279,51866864,0,0,0,0,0,0,0,0,0
201805,22,017,3,7,Caddo Parish                  ,147,147,41239481,0,0,0,0,0,0,0,0,0,112,112,32607719,0,0,0,0,0,0,0,0,0
201805,22,031,3,7,De Soto Parish                ,47,47,11563003,0,0,0,0,0,0,0,0,0,47,47,11563003,0,0,0,0,0,0,0,0,0
201805,22,033,3,7,East Baton Rouge Parish       ,605,605,144453266,5,10,1095248,0,0,0,1,48,5381000,603,603,144147268,5,10,1095248,0,0,0,1,48,5381000
201805,22,037,3,7,East Feliciana Parish         ,19,19,3694107,0,0,0,0,0,0,0,0,0,19,19,3694107,0,0,0,0,0,0,0,0,0
201805,22,047,3,7,Iberville Parish              ,51,51,12737191,0,0,0,0,0,0,0,0,0,23,23,6169032,0,0,0,0,0,0,0,0,0
201805,22,051,3,7,Jefferson Parish              ,228,228,53244633,6,12,780000,0,0,0,0,0,0,190,190,45318073,6,12,780000,0,0,0,0,0,0
201805,22,055,3,7,Lafayette Parish              ,496,496,111400129,0,0,0,0,0,0,0,0,0,254,254,72503087,0,0,0,0,0,0,0,0,0
201805,22,063,3,7,Livingston Parish             ,360,360,70598372,0,0,0,4,12,928696,0,0,0,345,345,67042965,0,0,0,0,0,0,0,0,0
201805,22,071,3,7,Orleans Parish                ,168,168,37164655,22,44,4994258,1,3,490108,5,71,17476054,0,0,0,0,0,0,0,0,0,0,0,0
201805,22,075,3,7,Plaquemines Parish            ,23,23,6531741,1,2,280000,0,0,0,0,0,0,8,8,1927701,0,0,0,0,0,0,0,0,0
201805,22,077,3,7,Pointe Coupee Parish          ,30,30,6989690,0,0,0,0,0,0,0,0,0,30,30,6989690,0,0,0,0,0,0,0,0,0
201805,22,087,3,7,St. Bernard Parish            ,78,78,12690080,0,0,0,0,0,0,0,0,0,78,78,12690080,0,0,0,0,0,0,0,0,0
201805,22,089,3,7,St. Charles Parish            ,81,81,15086135,0,0,0,1,3,570000,0,0,0,81,81,15086135,0,0,0,1,3,570000,0,0,0
201805,22,091,3,7,St. Helena Parish             ,8,8,1518922,1,2,75000,0,0,0,0,0,0,0,0,0,0,0,0,0,0,0,0,0,0
201805,22,095,3,7,St. John the Baptist Parish   ,18,18,2999790,0,0,0,0,0,0,0,0,0,1,1,236407,0,0,0,0,0,0,0,0,0
201805,22,099,3,7,St. Martin Parish             ,73,73,14180217,0,0,0,0,0,0,0,0,0,11,11,2508938,0,0,0,0,0,0,0,0,0
201805,22,103,3,7,St. Tammany Parish            ,615,615,151433683,3,6,956000,0,0,0,0,0,0,593,593,143637741,2,4,576000,0,0,0,0,0,0
201805,22,109,3,7,Terrebonne Parish             ,51,51,13324000,7,14,760000,2,8,698000,0,0,0,51,51,13324000,7,14,760000,2,8,698000,0,0,0
201805,22,121,3,7,West Baton Rouge Parish       ,110,110,17605283,0,0,0,0,0,0,0,0,0,102,102,16876787,0,0,0,0,0,0,0,0,0
201805,22,125,3,7,West Feliciana Parish         ,11,11,5592777,0,0,0,0,0,0,0,0,0,11,11,5592777,0,0,0,0,0,0,0,0,0
201805,23,000,1,1,Maine Unorganized Territory   ,26,26,3452806,0,0,0,0,0,0,0,0,0,0,0,0,0,0,0,0,0,0,0,0,0
201805,24,003,3,5,Anne Arundel County           ,925,925,154835816,0,0,0,0,0,0,0,0,0,904,904,150443156,0,0,0,0,0,0,0,0,0
201805,24,005,3,5,Baltimore County              ,457,457,116502338,2,4,440000,0,0,0,7,529,96545000,457,457,116502338,2,4,440000,0,0,0,7,529,96545000
201805,24,009,3,5,Calvert County                ,80,80,18685468,0,0,0,0,0,0,0,0,0,80,80,18685468,0,0,0,0,0,0,0,0,0
201805,24,013,3,5,Carroll County                ,124,124,33534866,1,2,507010,0,0,0,0,0,0,124,124,33534866,1,2,507010,0,0,0,0,0,0
201805,24,015,3,5,Cecil County                  ,51,51,12088944,0,0,0,0,0,0,0,0,0,51,51,12088944,0,0,0,0,0,0,0,0,0
201805,24,017,3,5,Charles County                ,313,313,66821823,0,0,0,0,0,0,2,48,4167942,313,313,66821823,0,0,0,0,0,0,2,48,4167942
201805,24,021,3,5,Frederick County              ,590,590,149417349,12,24,4516457,0,0,0,5,64,1200000,590,590,149417349,12,24,4516457,0,0,0,5,64,1200000
201805,24,023,3,5,Garrett County                ,33,33,12036393,0,0,0,0,0,0,0,0,0,33,33,12036393,0,0,0,0,0,0,0,0,0
201805,24,025,3,5,Harford County                ,337,337,66708963,0,0,0,0,0,0,0,0,0,333,333,66182320,0,0,0,0,0,0,0,0,0
201805,24,027,3,5,Howard County                 ,414,414,96390428,0,0,0,0,0,0,3,338,13950000,414,414,96390428,0,0,0,0,0,0,3,338,13950000
201805,24,031,3,5,Montgomery County             ,375,375,87150170,7,14,1016667,0,0,0,5,300,55250000,372,372,86660069,5,10,750000,0,0,0,5,300,55250000
201805,24,033,3,5,Prince George County          ,1002,1002,235139740,0,0,0,0,0,0,1,84,20750368,998,998,234017335,0,0,0,0,0,0,1,84,20750368
201805,24,035,3,5,Queen Anne County             ,91,91,19847623,0,0,0,0,0,0,0,0,0,91,91,19847623,0,0,0,0,0,0,0,0,0
201805,24,037,3,5,St. Marys County              ,487,487,97055814,0,0,0,0,0,0,0,0,0,487,487,97055814,0,0,0,0,0,0,0,0,0
201805,24,039,3,5,Somerset County               ,11,11,1576390,0,0,0,0,0,0,0,0,0,9,9,1261000,0,0,0,0,0,0,0,0,0
201805,24,045,3,5,Wicomico County               ,46,46,7415598,0,0,0,0,0,0,0,0,0,43,43,7019318,0,0,0,0,0,0,0,0,0
201805,24,510,3,5,Baltimore (Independent City)  ,34,34,5915000,0,0,0,0,0,0,2,288,27690320,34,34,5915000,0,0,0,0,0,0,2,288,27690320
201805,25,005,1,1,Bristol County                ,255,255,56690430,12,24,2183300,0,0,0,1,10,1000000,202,202,46041342,10,20,1626300,0,0,0,1,10,1000000
201805,25,009,1,1,Essex County                  ,239,239,75082389,23,46,7125461,1,3,542000,11,130,20569041,168,168,53049869,11,22,3082000,1,3,542000,1,48,6214000
201805,25,017,1,1,Middlesex County              ,569,569,181433942,44,88,13310724,8,27,4682885,39,1222,187516262,381,381,127057239,17,34,5414780,2,7,2011990,12,897,138753632
201805,25,021,1,1,Norfolk County                ,294,294,165140844,7,14,3065720,2,8,2080000,26,503,78086266,233,233,139776217,7,14,3065720,2,8,2080000,14,412,70155418
201805,25,023,1,1,Plymouth County               ,418,418,100931102,1,2,250000,1,3,381171,9,376,77715357,323,323,78628934,0,0,0,0,0,0,8,368,77081514
201805,25,025,1,1,Suffolk County                ,25,25,6214459,24,48,10733858,12,40,9525000,39,1733,503162430,20,20,5344031,20,40,9869500,12,40,9525000,34,1702,496140755
201805,26,000,2,3,Michigan Balance of State     ,23,23,4313901,0,0,0,0,0,0,0,0,0,0,0,0,0,0,0,0,0,0,0,0,0
201805,26,019,2,3,Benzie County                 ,19,19,4784678,0,0,0,0,0,0,0,0,0,12,12,3167249,0,0,0,0,0,0,0,0,0
201805,26,029,2,3,Charlevoix County             ,32,32,7065924,0,0,0,0,0,0,0,0,0,0,0,0,0,0,0,0,0,0,0,0,0
201805,26,089,2,3,Leelanau County               ,57,57,12638271,0,0,0,0,0,0,0,0,0,57,57,12638271,0,0,0,0,0,0,0,0,0
201805,26,093,2,3,Livingston County             ,266,266,73363047,0,0,0,4,16,3315184,2,15,2532327,255,255,72240259,0,0,0,4,16,3315184,2,15,2532327
201805,26,095,2,3,Luce County                   ,1,1,190743,0,0,0,0,0,0,0,0,0,0,0,0,0,0,0,0,0,0,0,0,0
201805,26,099,2,3,Macomb County                 ,709,709,204871742,9,18,2633235,0,0,0,11,213,22257059,703,703,203495260,7,14,2266851,0,0,0,11,213,22257059
201805,26,103,2,3,Marquette County              ,20,20,4741500,0,0,0,0,0,0,0,0,0,20,20,4741500,0,0,0,0,0,0,0,0,0
201805,26,137,2,3,Otsego County                 ,6,6,486000,0,0,0,0,0,0,0,0,0,0,0,0,0,0,0,0,0,0,0,0,0
201805,26,147,2,3,St. Clair County              ,100,100,18797233,0,0,0,0,0,0,0,0,0,93,93,17799687,0,0,0,0,0,0,0,0,0
201805,26,163,2,3,Wayne County                  ,432,432,122898818,2,4,978240,4,16,1926896,11,148,31319853,409,409,117856504,2,4,978240,4,16,1926896,11,148,31319853
201805,27,003,2,4,Anoka County                  ,391,391,110939967,3,6,966064,0,0,0,3,107,13987306,332,332,94346846,2,4,663800,0,0,0,1,68,9000000
201805,27,019,2,4,Carver County                 ,228,228,67477187,1,2,480350,0,0,0,1,134,20000000,211,211,63799783,1,2,480350,0,0,0,1,134,20000000
201805,27,025,2,4,Chisago County                ,94,94,16852040,0,0,0,0,0,0,0,0,0,93,93,16677936,0,0,0,0,0,0,0,0,0
201805,27,027,2,4,Clay County                   ,79,79,19904344,0,0,0,0,0,0,2,77,7500000,79,79,19904344,0,0,0,0,0,0,2,77,7500000
201805,27,037,2,4,Dakota County                 ,479,479,135690967,5,10,2250000,1,3,786000,2,90,18197000,392,392,107424607,5,10,2250000,1,3,786000,2,90,18197000
201805,27,053,2,4,Hennepin County               ,763,763,285983579,2,4,403376,9,36,8971399,19,2051,390548881,735,735,274074582,2,4,403376,9,36,8971399,18,2044,388730696
201805,27,059,2,4,Isanti County                 ,78,78,14575272,0,0,0,0,0,0,1,28,4170383,35,35,6942134,0,0,0,0,0,0,1,28,4170383
201805,27,123,2,4,Ramsey County                 ,61,61,21399628,0,0,0,0,0,0,3,157,20721627,61,61,21399628,0,0,0,0,0,0,3,157,20721627
201805,27,139,2,4,Scott County                  ,289,289,91637304,0,0,0,2,8,1236712,2,59,7416945,271,271,86284159,0,0,0,2,8,1236712,2,59,7416945
201805,27,141,2,4,Sherburne County              ,167,167,38146652,0,0,0,0,0,0,0,0,0,166,166,38004707,0,0,0,0,0,0,0,0,0
201805,27,163,2,4,Washington County             ,358,358,118176732,0,0,0,5,19,2871313,6,536,66832022,331,331,106450821,0,0,0,5,19,2871313,6,536,66832022
201805,27,171,2,4,Wright County                 ,343,343,93858783,2,4,1000000,0,0,0,0,0,0,333,333,91504341,2,4,1000000,0,0,0,0,0,0
201805,28,033,3,6,DeSoto County                 ,578,578,95226859,0,0,0,0,0,0,0,0,0,578,578,95226859,0,0,0,0,0,0,0,0,0
201805,28,041,3,6,Greene County                 ,0,0,0,0,0,0,0,0,0,0,0,0,0,0,0,0,0,0,0,0,0,0,0,0
201805,28,045,3,6,Hancock County                ,196,196,33503286,4,8,1533124,4,14,1405058,5,43,3640496,58,58,12480109,3,6,1347945,0,0,0,0,0,0
201805,28,047,3,6,Harrison County               ,416,416,78137659,2,4,490000,0,0,0,0,0,0,334,334,67937404,0,0,0,0,0,0,0,0,0
201805,28,067,3,6,Jones County                  ,7,7,1024516,0,0,0,0,0,0,0,0,0,0,0,0,0,0,0,0,0,0,0,0,0
201805,28,129,3,6,Smith County                  ,0,0,0,0,0,0,0,0,0,0,0,0,0,0,0,0,0,0,0,0,0,0,0,0
201805,28,137,3,6,Tate County                   ,52,52,9556490,0,0,0,0,0,0,0,0,0,52,52,9556490,0,0,0,0,0,0,0,0,0
201805,28,143,3,6,Tunica County                 ,55,55,12915145,0,0,0,0,0,0,0,0,0,55,55,12915145,0,0,0,0,0,0,0,0,0
201805,28,145,3,6,Union County                  ,6,6,971000,0,0,0,0,0,0,0,0,0,6,6,971000,0,0,0,0,0,0,0,0,0
201805,28,149,3,6,Warren County                 ,1,1,548333,0,0,0,0,0,0,0,0,0,0,0,425000,0,0,0,0,0,0,0,0,0
201805,29,013,2,4,Bates County                  ,0,0,0,0,0,0,0,0,0,0,0,0,0,0,0,0,0,0,0,0,0,0,0,0
201805,29,017,2,4,Bollinger County              ,0,0,0,0,0,0,0,0,0,0,0,0,0,0,0,0,0,0,0,0,0,0,0,0
201805,29,019,2,4,Boone County                  ,253,253,53237043,1,2,426406,0,0,0,0,0,0,253,253,53237043,1,2,426406,0,0,0,0,0,0
201805,29,049,2,4,Clinton County                ,23,23,4076860,0,0,0,0,0,0,0,0,0,14,14,2486210,0,0,0,0,0,0,0,0,0
201805,29,065,2,4,Dent County                   ,0,0,0,0,0,0,0,0,0,0,0,0,0,0,0,0,0,0,0,0,0,0,0,0
201805,29,071,2,4,Franklin County               ,226,226,42674839,2,4,675612,1,3,211000,0,0,0,226,226,42674839,2,4,675612,1,3,211000,0,0,0
201805,29,095,2,4,Jackson County                ,835,835,181177892,41,82,10220160,14,56,4920000,10,280,21788469,825,825,178464021,41,82,10220160,14,56,4920000,10,280,21788469
201805,29,099,2,4,Jefferson County              ,280,280,50444786,1,2,225000,0,0,0,0,0,0,263,263,48183015,0,0,0,0,0,0,0,0,0
201805,29,105,2,4,Laclede County                ,13,13,1764942,0,0,0,0,0,0,0,0,0,0,0,0,0,0,0,0,0,0,0,0,0
201805,29,107,2,4,Lafayette County              ,16,16,3476273,0,0,0,0,0,0,0,0,0,4,4,710000,0,0,0,0,0,0,0,0,0
201805,29,113,2,4,Lincoln County                ,62,62,12304590,0,0,0,1,3,359288,0,0,0,32,32,4718000,0,0,0,0,0,0,0,0,0
201805,29,165,2,4,Platte County                 ,175,175,43816830,0,0,0,0,0,0,1,7,460185,169,169,41693875,0,0,0,0,0,0,0,0,0
201805,29,185,2,4,St. Clair County              ,0,0,0,0,0,0,0,0,0,0,0,0,0,0,0,0,0,0,0,0,0,0,0,0
201805,29,189,2,4,St. Louis County              ,438,438,164873381,0,0,0,0,0,0,6,82,9792840,177,177,73195680,0,0,0,0,0,0,0,0,0
201805,29,219,2,4,Warren County                 ,134,134,29722728,0,0,0,0,0,0,0,0,0,134,134,29722728,0,0,0,0,0,0,0,0,0
201805,29,221,2,4,Washington County             ,0,0,0,0,0,0,0,0,0,0,0,0,0,0,0,0,0,0,0,0,0,0,0,0
201805,29,510,2,4,St. Louis (Independent City)  ,66,66,12183240,0,0,0,0,0,0,4,496,31075312,66,66,12183240,0,0,0,0,0,0,4,496,31075312
201805,30,033,4,8,Garfield County               ,0,0,0,0,0,0,0,0,0,0,0,0,0,0,0,0,0,0,0,0,0,0,0,0
201805,30,063,4,8,Missoula County               ,176,176,40624000,8,16,1877567,1,4,600000,1,35,3184822,176,176,40624000,8,16,1877567,1,4,600000,1,35,3184822
201805,30,093,4,8,Silver Bow County             ,21,21,2376199,7,14,1225000,7,28,1750000,0,0,0,21,21,2376199,7,14,1225000,7,28,1750000,0,0,0
201805,31,001,2,4,Adams County                  ,20,20,5060102,0,0,0,0,0,0,0,0,0,16,16,4007787,0,0,0,0,0,0,0,0,0
201805,31,025,2,4,Cass County                   ,38,38,6624533,4,8,781931,0,0,0,0,0,0,38,38,6624533,4,8,781931,0,0,0,0,0,0
201805,31,033,2,4,Cheyenne County               ,0,0,0,0,0,0,0,0,0,0,0,0,0,0,0,0,0,0,0,0,0,0,0,0
201805,31,055,2,4,Douglas County                ,602,602,96697809,0,0,0,8,32,3147616,22,801,46902493,561,561,87057845,0,0,0,8,32,3147616,22,801,46902493
201805,31,105,2,4,Kimball County                ,0,0,0,0,0,0,0,0,0,0,0,0,0,0,0,0,0,0,0,0,0,0,0,0
201805,31,153,2,4,Sarpy County                  ,431,431,115729400,0,0,0,0,0,0,1,227,13381465,318,318,87997685,0,0,0,0,0,0,1,227,13381465
201805,31,165,2,4,Sioux County                  ,0,0,0,0,0,0,0,0,0,0,0,0,0,0,0,0,0,0,0,0,0,0,0,0
201805,31,177,2,4,Washington County             ,37,37,10801783,0,0,0,0,0,0,0,0,0,37,37,10801783,0,0,0,0,0,0,0,0,0
201805,32,001,4,8,Churchill County              ,36,36,7691619,0,0,0,0,0,0,0,0,0,36,36,7691619,0,0,0,0,0,0,0,0,0
201805,32,003,4,8,Clark County                  ,4588,4588,1145080306,27,54,3460221,8,30,1855875,53,1283,80876727,4588,4588,1145080306,27,54,3460221,8,30,1855875,53,1283,80876727
201805,32,005,4,8,Douglas County                ,82,82,33798933,0,0,0,0,0,0,1,5,473583,63,63,26217183,0,0,0,0,0,0,0,0,0
201805,32,007,4,8,Elko County                   ,74,74,11769139,0,0,0,0,0,0,0,0,0,74,74,11769139,0,0,0,0,0,0,0,0,0
201805,32,013,4,8,Humboldt County               ,5,5,850436,0,0,0,0,0,0,0,0,0,5,5,850436,0,0,0,0,0,0,0,0,0
201805,32,015,4,8,Lander County                 ,2,2,331231,0,0,0,0,0,0,0,0,0,2,2,331231,0,0,0,0,0,0,0,0,0
201805,32,017,4,8,Lincoln County                ,4,4,1084627,0,0,0,0,0,0,0,0,0,0,0,0,0,0,0,0,0,0,0,0,0
201805,32,019,4,8,Lyon County                   ,139,139,33476308,0,0,0,0,0,0,0,0,0,139,139,33476308,0,0,0,0,0,0,0,0,0
201805,32,021,4,8,Mineral County                ,0,0,0,0,0,0,0,0,0,0,0,0,0,0,0,0,0,0,0,0,0,0,0,0
201805,32,027,4,8,Pershing County               ,0,0,0,0,0,0,0,0,0,0,0,0,0,0,0,0,0,0,0,0,0,0,0,0
201805,32,029,4,8,Storey County                 ,4,4,725895,0,0,0,0,0,0,0,0,0,0,0,0,0,0,0,0,0,0,0,0,0
201805,32,031,4,8,Washoe County                 ,881,881,231328257,9,18,2076430,1,4,393008,34,601,71207832,881,881,231328257,9,18,2076430,1,4,393008,34,601,71207832
201805,32,033,4,8,White Pine County             ,1,1,356039,0,0,0,0,0,0,0,0,0,0,0,0,0,0,0,0,0,0,0,0,0
201805,32,510,4,8,Carson City (Independent City),76,76,18720449,0,0,0,0,0,0,2,20,1951422,76,76,18720449,0,0,0,0,0,0,2,20,1951422
201805,33,015,1,1,Rockingham County             ,296,296,81367663,22,44,4839716,3,10,1162400,7,193,18288578,251,251,70764593,21,42,4373000,2,7,944000,4,176,16378616
201805,33,017,1,1,Strafford County              ,120,120,23407811,1,2,355200,0,0,0,1,7,651724,97,97,19551429,0,0,0,0,0,0,0,0,0
201805,34,001,1,2,Atlantic County               ,108,108,30746625,0,0,0,0,0,0,10,188,18717559,92,92,28619344,0,0,0,0,0,0,1,32,884876
201805,34,003,1,2,Bergen County                 ,302,302,103224159,40,80,14194415,4,13,2138000,35,675,60651983,197,197,71212266,30,60,11331149,4,13,2138000,8,361,35832300
201805,34,005,1,2,Burlington County             ,237,237,35831557,1,2,100000,5,16,515014,18,307,24576956,141,141,24832121,0,0,0,5,16,515014,9,256,20295390
201805,34,007,1,2,Camden County                 ,74,74,14710868,1,2,21475,0,0,0,12,138,8348963,41,41,8739410,1,2,21475,0,0,0,4,70,5141420
201805,34,009,1,2,Cape May County               ,146,146,60991606,23,46,9077466,2,6,20000,2,34,8746000,130,130,56101921,23,46,9077466,2,6,20000,2,34,8746000
201805,34,011,1,2,Cumberland County             ,42,42,4160532,0,0,0,0,0,0,0,0,0,20,20,2222328,0,0,0,0,0,0,0,0,0
201805,34,013,1,2,Essex County                  ,130,130,24777885,12,24,5928560,6,19,1619094,23,555,38502275,67,67,17192274,10,20,5699560,3,10,640058,10,317,19699110
201805,34,015,1,2,Gloucester County             ,194,194,29801918,2,4,21200,0,0,0,4,46,4645617,134,134,23428306,2,4,21200,0,0,0,0,0,0
201805,34,017,1,2,Hudson County                 ,139,139,11669194,45,90,7554051,58,207,41559087,25,1409,119531934,115,115,8288802,40,80,6841700,57,203,41276300,15,1046,71516642
201805,34,019,1,2,Hunterdon County              ,94,94,19675604,1,2,233200,0,0,0,9,54,2843089,80,80,17011530,0,0,0,0,0,0,0,0,0
201805,34,021,1,2,Mercer County                 ,79,79,15202247,1,2,86914,8,28,1938911,13,191,13785430,75,75,13248099,0,0,0,2,7,1096811,11,172,12467846
201805,34,023,1,2,Middlesex County              ,299,299,59610996,4,8,1122800,3,11,1790752,40,736,179772454,246,246,50559784,3,6,808200,3,11,1790752,32,619,172229862
201805,34,025,1,2,Monmouth County               ,352,352,103761151,2,4,104000,0,0,0,22,650,57870778,312,312,92278909,2,4,104000,0,0,0,18,616,55315080
201805,34,027,1,2,Morris County                 ,271,271,64841307,1,2,192000,0,0,0,30,357,35082803,187,187,42481518,1,2,192000,0,0,0,13,193,12463010
201805,34,029,1,2,Ocean County                  ,855,855,167845698,3,6,1348000,0,0,0,6,158,10665555,844,844,165231340,3,6,1348000,0,0,0,4,142,9032500
201805,34,031,1,2,Passaic County                ,61,61,7870705,7,14,918550,1,3,144000,8,114,9248163,43,43,4170678,6,12,710200,1,3,144000,2,72,4758500
201805,34,033,1,2,Salem County                  ,17,17,2729251,0,0,0,0,0,0,0,0,0,14,14,2405100,0,0,0,0,0,0,0,0,0
201805,34,035,1,2,Somerset County               ,115,115,23470757,2,4,333000,14,49,14,13,106,5507251,86,86,19545171,0,0,0,14,49,14,1,24,360000
201805,34,037,1,2,Sussex County                 ,39,39,8387479,0,0,0,0,0,0,2,44,1092000,35,35,7350707,0,0,0,0,0,0,2,44,1092000
201805,34,039,1,2,Union County                  ,124,124,25749980,37,74,6581010,3,10,23898000,14,403,36526012,83,83,18529308,36,72,6357635,3,10,23898000,4,346,33954149
201805,34,041,1,2,Warren County                 ,16,16,4244902,0,0,0,0,0,0,1,5,180544,13,13,3441535,0,0,0,0,0,0,0,0,0
201805,35,000,4,8,New Mexico Balance of State   ,164,164,44423119,0,0,0,0,0,0,0,0,0,0,0,0,0,0,0,0,0,0,0,0,0
201805,35,001,4,8,Bernalillo County             ,749,749,161383498,0,0,0,0,0,0,1,13,1282563,634,634,139196433,0,0,0,0,0,0,0,0,0
201805,35,005,4,8,Chaves County                 ,25,25,4324236,0,0,0,0,0,0,0,0,0,23,23,4057602,0,0,0,0,0,0,0,0,0
201805,35,007,4,8,Colfax County                 ,5,5,2265667,0,0,0,0,0,0,0,0,0,0,0,0,0,0,0,0,0,0,0,0,0
201805,35,009,4,8,Curry County                  ,20,20,4988339,0,0,0,0,0,0,4,22,2028126,0,0,0,0,0,0,0,0,0,0,0,0
201805,35,013,4,8,Dona Ana County               ,384,384,82471080,1,2,78720,0,0,0,6,48,4500000,384,384,82471080,1,2,78720,0,0,0,6,48,4500000
201805,35,015,4,8,Eddy County                   ,83,83,17930808,0,0,0,0,0,0,15,106,8000000,83,83,17930808,0,0,0,0,0,0,15,106,8000000
201805,35,017,4,8,Grant County                  ,3,3,479841,0,0,0,0,0,0,0,0,0,0,0,0,0,0,0,0,0,0,0,0,0
201805,35,025,4,8,Lea County                    ,53,53,10800535,0,0,0,0,0,0,0,0,0,53,53,10800535,0,0,0,0,0,0,0,0,0
201805,35,027,4,8,Lincoln County                ,34,34,8589215,0,0,0,0,0,0,0,0,0,0,0,0,0,0,0,0,0,0,0,0,0
201805,35,028,4,8,Los Alamos County             ,4,4,1287994,0,0,0,0,0,0,0,0,0,1,1,350000,0,0,0,0,0,0,0,0,0
201805,35,029,4,8,Luna County                   ,6,6,1076869,0,0,0,0,0,0,0,0,0,1,1,180000,0,0,0,0,0,0,0,0,0
201805,35,031,4,8,McKinley County               ,0,0,0,0,0,0,0,0,0,0,0,0,0,0,0,0,0,0,0,0,0,0,0,0
201805,35,035,4,8,Otero County                  ,0,0,0,0,0,0,0,0,0,0,0,0,0,0,0,0,0,0,0,0,0,0,0,0
201805,35,041,4,8,Roosevelt County              ,8,8,1268792,0,0,0,0,0,0,0,0,0,0,0,0,0,0,0,0,0,0,0,0,0
201805,35,043,4,8,Sandoval County               ,299,299,67444807,0,0,0,1,3,251560,5,29,1208332,188,188,44465533,0,0,0,0,0,0,0,0,0
201805,35,045,4,8,San Juan County               ,36,36,8348157,2,4,394000,0,0,0,0,0,0,36,36,8348157,2,4,394000,0,0,0,0,0,0
201805,35,047,4,8,San Miguel County             ,1,1,140000,0,0,0,0,0,0,0,0,0,0,0,0,0,0,0,0,0,0,0,0,0
201805,35,049,4,8,Santa Fe County               ,102,102,26702991,0,0,0,0,0,0,0,0,0,102,102,26702991,0,0,0,0,0,0,0,0,0
201805,35,051,4,8,Sierra County                 ,0,0,0,0,0,0,0,0,0,0,0,0,0,0,0,0,0,0,0,0,0,0,0,0
201805,35,053,4,8,Socorro County                ,0,0,0,0,0,0,0,0,0,0,0,0,0,0,0,0,0,0,0,0,0,0,0,0
201805,35,055,4,8,Taos County                   ,43,43,4624670,0,0,0,0,0,0,0,0,0,4,4,348094,0,0,0,0,0,0,0,0,0
201805,35,061,4,8,Valencia County               ,67,67,11202874,0,0,0,0,0,0,0,0,0,67,67,11202874,0,0,0,0,0,0,0,0,0
201805,36,001,1,2,Albany County                 ,89,89,20225386,2,4,150000,3,11,1200000,5,41,6726075,79,79,18209746,2,4,150000,2,8,1200000,0,0,0
201805,36,005,1,2,Bronx County                  ,1,1,267838,9,18,2430662,0,0,0,33,1689,221411690,1,1,267838,9,18,2430662,0,0,0,33,1689,221411690
201805,36,029,1,2,Erie County                   ,321,321,94640806,9,18,4212560,6,22,2200000,13,219,31049305,293,293,89228905,9,18,4212560,6,22,2200000,8,112,6979956
201805,36,047,1,2,Kings County                  ,27,27,7220709,24,48,6903607,28,91,11201127,129,2876,376581983,27,27,7220709,24,48,6903607,28,91,11201127,129,2876,376581983
201805,36,051,1,2,Livingston County             ,12,12,1709575,0,0,0,0,0,0,13,86,6467786,2,2,310000,0,0,0,0,0,0,7,56,4816000
201805,36,055,1,2,Monroe County                 ,267,267,58783353,3,6,225000,2,8,1040000,7,205,20411864,226,226,51666941,3,6,225000,2,8,1040000,7,205,20411864
201805,36,059,1,2,Nassau County                 ,411,411,148006712,0,0,0,0,0,0,10,126,48114999,348,348,122376511,0,0,0,0,0,0,7,86,42841844
201805,36,061,1,2,New York County               ,0,0,0,2,4,540148,0,0,0,26,1959,256771017,0,0,0,2,4,540148,0,0,0,26,1959,256771017
201805,36,063,1,2,Niagara County                ,56,56,15741888,0,0,0,0,0,0,2,32,3000000,49,49,13781449,0,0,0,0,0,0,2,32,3000000
201805,36,069,1,2,Ontario County                ,94,94,22880989,0,0,0,1,4,298400,25,213,22752080,77,77,19226764,0,0,0,0,0,0,24,208,22289937
201805,36,073,1,2,Orleans County                ,8,8,1096583,0,0,0,0,0,0,0,0,0,5,5,586000,0,0,0,0,0,0,0,0,0
201805,36,079,1,2,Putnam County                 ,19,19,4676193,0,0,0,1,3,703760,0,0,0,15,15,3523586,0,0,0,0,0,0,0,0,0
201805,36,081,1,2,Queens County                 ,69,69,18442628,56,112,15783246,21,69,8452502,33,1764,230460804,69,69,18442628,56,112,15783246,21,69,8452502,33,1764,230460804
201805,36,083,1,2,Rensselaer County             ,44,44,10715762,1,2,190000,11,44,4109171,0,0,0,28,28,6343153,1,2,190000,11,44,4109171,0,0,0
201805,36,085,1,2,Richmond County               ,101,101,26969820,61,122,17080885,0,0,0,0,0,0,101,101,26969820,61,122,17080885,0,0,0,0,0,0
201805,36,087,1,2,Rockland County               ,36,36,11171965,12,24,3848937,7,23,2931638,9,63,9080482,24,24,7905750,3,6,1321228,1,3,750000,1,5,1178571
201805,36,091,1,2,Saratoga County               ,321,321,88624128,4,8,1133566,2,7,1010000,14,111,12083247,252,252,65611681,2,4,495074,1,4,620000,5,44,5786677
201805,36,093,1,2,Schenectady County            ,19,19,3158197,0,0,0,0,0,0,0,0,0,7,7,1320000,0,0,0,0,0,0,0,0,0
201805,36,095,1,2,Schoharie County              ,7,7,1204355,0,0,0,0,0,0,0,0,0,3,3,667838,0,0,0,0,0,0,0,0,0
201805,36,099,1,2,Seneca County                 ,14,14,3018161,0,0,0,0,0,0,0,0,0,14,14,3018161,0,0,0,0,0,0,0,0,0
201805,36,117,1,2,Wayne County                  ,44,44,8679831,0,0,0,1,3,179143,0,0,0,39,39,7762118,0,0,0,0,0,0,0,0,0
201805,36,119,1,2,Westchester County            ,156,156,71492348,13,26,2602148,3,9,360000,9,313,23576241,123,123,57297361,10,20,2115000,0,0,0,2,236,11371425
201805,37,007,3,5,Anson County                  ,19,19,2847435,0,0,0,0,0,0,0,0,0,0,0,0,0,0,0,0,0,0,0,0,0
201805,37,011,3,5,Avery County                  ,33,33,17435395,0,0,0,2,8,1200000,0,0,0,23,23,13013167,0,0,0,2,8,1200000,0,0,0
201805,37,015,3,5,Bertie County                 ,5,5,645938,0,0,0,0,0,0,0,0,0,1,1,22900,0,0,0,0,0,0,0,0,0
201805,37,025,3,5,Cabarrus County               ,832,832,149677805,0,0,0,0,0,0,0,0,0,832,832,149677805,0,0,0,0,0,0,0,0,0
201805,37,033,3,5,Caswell County                ,32,32,6461110,0,0,0,0,0,0,0,0,0,32,32,6461110,0,0,0,0,0,0,0,0,0
201805,37,037,3,5,Chatham County                ,278,278,78227776,0,0,0,0,0,0,0,0,0,278,278,78227776,0,0,0,0,0,0,0,0,0
201805,37,051,3,5,Cumberland County             ,257,257,48016684,3,6,1029612,0,0,0,0,0,0,257,257,48016684,3,6,1029612,0,0,0,0,0,0
201805,37,053,3,5,Currituck County              ,178,178,42989149,0,0,0,0,0,0,0,0,0,178,178,42989149,0,0,0,0,0,0,0,0,0
201805,37,059,3,5,Davie County                  ,64,64,14010635,0,0,0,0,0,0,2,16,721893,0,0,0,0,0,0,0,0,0,0,0,0
201805,37,063,3,5,Durham County                 ,883,883,167862145,4,8,679588,0,0,0,20,529,44103499,0,0,0,0,0,0,0,0,0,0,0,0
201805,37,069,3,5,Franklin County               ,319,319,53645341,14,28,2294000,0,0,0,0,0,0,319,319,53645341,14,28,2294000,0,0,0,0,0,0
201805,37,071,3,5,Gaston County                 ,504,504,142468872,3,6,830233,0,0,0,1,100,9965916,504,504,142468872,3,6,830233,0,0,0,1,100,9965916
201805,37,081,3,5,Guilford County               ,695,695,157570181,0,0,0,0,0,0,3,99,9972826,695,695,157570181,0,0,0,0,0,0,3,99,9972826
201805,37,089,3,5,Henderson County              ,241,241,59739697,0,0,0,0,0,0,7,162,15506740,241,241,59739697,0,0,0,0,0,0,7,162,15506740
201805,37,093,3,5,Hoke County                   ,108,108,25253252,0,0,0,0,0,0,0,0,0,108,108,25253252,0,0,0,0,0,0,0,0,0
201805,37,097,3,5,Iredell County                ,602,602,163173730,1,2,243514,0,0,0,7,150,16357152,602,602,163173730,1,2,243514,0,0,0,7,150,16357152
201805,37,101,3,5,Johnston County               ,1108,1108,186698227,2,4,500000,1,4,413000,0,0,0,1108,1108,186698227,2,4,500000,1,4,413000,0,0,0
201805,37,105,3,5,Lee County                    ,52,52,11408265,0,0,0,0,0,0,0,0,0,52,52,11408265,0,0,0,0,0,0,0,0,0
201805,37,119,3,5,Mecklenburg County            ,2599,2599,606561347,12,24,1997879,3,12,2185200,74,3953,292198583,2599,2599,606561347,12,24,1997879,3,12,2185200,74,3953,292198583
201805,37,133,3,5,Onslow County                 ,466,466,69779693,5,10,858480,0,0,0,0,0,0,466,466,69779693,5,10,858480,0,0,0,0,0,0
201805,37,135,3,5,Orange County                 ,222,222,69223967,4,8,1428596,0,0,0,3,409,63359464,222,222,69223967,4,8,1428596,0,0,0,3,409,63359464
201805,37,145,3,5,Person County                 ,45,45,9749473,0,0,0,0,0,0,0,0,0,45,45,9749473,0,0,0,0,0,0,0,0,0
201805,37,151,3,5,Randolph County               ,146,146,29928230,10,20,800000,0,0,0,0,0,0,119,119,23269712,10,20,800000,0,0,0,0,0,0
201805,37,157,3,5,Rockingham County             ,90,90,23060322,0,0,0,0,0,0,0,0,0,73,73,18946953,0,0,0,0,0,0,0,0,0
201805,37,179,3,5,Union County                  ,849,849,199286207,0,0,0,0,0,0,0,0,0,849,849,199286207,0,0,0,0,0,0,0,0,0
201805,37,181,3,5,Vance County                  ,13,13,1840374,0,0,0,0,0,0,0,0,0,13,13,1840374,0,0,0,0,0,0,0,0,0
201805,37,183,3,5,Wake County                   ,3528,3528,783726777,3,6,730641,0,0,0,70,2577,265790122,3465,3465,770336900,3,6,730641,0,0,0,70,2577,265790122
201805,37,195,3,5,Wilson County                 ,97,97,14825330,0,0,0,0,0,0,0,0,0,97,97,14825330,0,0,0,0,0,0,0,0,0
201805,39,007,2,3,Ashtabula County              ,29,29,5319543,3,6,482726,0,0,0,0,0,0,0,0,0,0,0,0,0,0,0,0,0,0
201805,39,015,2,3,Brown County                  ,26,26,6725163,0,0,0,0,0,0,0,0,0,26,26,6725163,0,0,0,0,0,0,0,0,0
201805,39,017,2,3,Butler County                 ,280,280,60185879,1,2,220000,1,3,225000,0,0,0,279,279,59991431,1,2,220000,1,3,225000,0,0,0
201805,39,025,2,3,Clermont County               ,226,226,48618544,2,4,560000,7,24,1254963,5,32,1168794,226,226,48618544,2,4,560000,7,24,1254963,5,32,1168794
201805,39,041,2,3,Delaware County               ,544,544,139316468,1,2,242296,1,4,180000,21,160,16250836,495,495,127519377,1,2,242296,1,4,180000,17,117,11633681
201805,39,049,2,3,Franklin County               ,579,579,191743693,23,46,6930000,21,75,9719402,40,1159,119056834,564,564,186261290,23,46,6930000,21,75,9719402,40,1159,119056834
201805,39,055,2,3,Geauga County                 ,57,57,17179020,0,0,0,0,0,0,0,0,0,57,57,17179020,0,0,0,0,0,0,0,0,0
201805,39,085,2,3,Lake County                   ,153,153,34414098,0,0,0,0,0,0,0,0,0,151,151,34081590,0,0,0,0,0,0,0,0,0
201805,39,089,2,3,Licking County                ,117,117,29280685,0,0,0,0,0,0,0,0,0,38,38,8806441,0,0,0,0,0,0,0,0,0
201805,39,093,2,3,Lorain County                 ,341,341,81243777,4,8,1045093,8,30,4354624,0,0,0,228,228,57960977,2,4,571468,8,30,4354624,0,0,0
201805,39,097,2,3,Madison County                ,75,75,23873257,0,0,0,0,0,0,0,0,0,70,70,23142257,0,0,0,0,0,0,0,0,0
201805,39,103,2,3,Medina County                 ,252,252,68429722,1,2,90000,0,0,0,0,0,0,252,252,68429722,1,2,90000,0,0,0,0,0,0
201805,39,117,2,3,Morrow County                 ,29,29,4505381,0,0,0,0,0,0,0,0,0,24,24,4430381,0,0,0,0,0,0,0,0,0
201805,39,159,2,3,Union County                  ,224,224,57930259,0,0,0,0,0,0,0,0,0,224,224,57930259,0,0,0,0,0,0,0,0,0
201805,39,165,2,3,Warren County                 ,487,487,138060459,1,2,360184,4,16,3608993,7,145,13456830,486,486,137890459,1,2,360184,4,16,3608993,7,145,13456830
201805,40,001,3,7,Adair County                  ,3,3,562705,0,0,0,0,0,0,0,0,0,0,0,0,0,0,0,0,0,0,0,0,0
201805,40,017,3,7,Canadian County               ,131,131,30093989,31,62,4912726,1,4,352000,0,0,0,86,86,19572310,30,60,4816976,1,4,352000,0,0,0
201805,40,021,3,7,Cherokee County               ,27,27,3543432,2,4,260000,0,0,0,1,5,244048,0,0,0,0,0,0,0,0,0,0,0,0
201805,40,027,3,7,Cleveland County              ,290,290,67203008,3,6,1380000,2,7,595000,0,0,0,290,290,67203008,3,6,1380000,2,7,595000,0,0,0
201805,40,029,3,7,Coal County                   ,10,10,100000,0,0,0,0,0,0,0,0,0,10,10,100000,0,0,0,0,0,0,0,0,0
201805,40,037,3,7,Creek County                  ,30,30,6774887,0,0,0,0,0,0,5,156,12000000,30,30,6774887,0,0,0,0,0,0,5,156,12000000
201805,40,051,3,7,Grady County                  ,77,77,12008270,0,0,0,0,0,0,0,0,0,43,43,4653000,0,0,0,0,0,0,0,0,0
201805,40,055,3,7,Greer County                  ,0,0,0,0,0,0,0,0,0,0,0,0,0,0,0,0,0,0,0,0,0,0,0,0
201805,40,081,3,7,Lincoln County                ,1,1,231246,0,0,0,0,0,0,0,0,0,1,1,231246,0,0,0,0,0,0,0,0,0
201805,40,083,3,7,Logan County                  ,2,2,306000,1,2,100000,0,0,0,0,0,0,2,2,306000,1,2,100000,0,0,0,0,0,0
201805,40,087,3,7,McClain County                ,146,146,28069937,4,8,1000000,0,0,0,0,0,0,119,119,21950569,4,8,1000000,0,0,0,0,0,0
201805,40,109,3,7,Oklahoma County               ,1771,1771,419077793,43,86,10238979,3,9,765000,3,31,2188790,1184,1184,302229137,35,70,8625833,3,9,765000,0,0,0
201805,40,111,3,7,Okmulgee County               ,5,5,630000,0,0,0,0,0,0,0,0,0,5,5,630000,0,0,0,0,0,0,0,0,0
201805,40,113,3,7,Osage County                  ,53,53,12318978,1,2,87500,0,0,0,1,7,452174,53,53,12318978,1,2,87500,0,0,0,1,7,452174
201805,40,117,3,7,Pawnee County                 ,1,1,165000,0,0,0,0,0,0,0,0,0,1,1,165000,0,0,0,0,0,0,0,0,0
201805,40,131,3,7,Rogers County                 ,186,186,36712610,1,2,145000,0,0,0,0,0,0,180,180,36115945,1,2,145000,0,0,0,0,0,0
201805,40,143,3,7,Tulsa County                  ,820,820,199456072,1,2,204082,1,4,282040,2,12,1303876,773,773,187833819,1,2,204082,1,4,282040,2,12,1303876
201805,40,145,3,7,Wagoner County                ,143,143,29833374,0,0,0,2,8,470000,0,0,0,143,143,29833374,0,0,0,2,8,470000,0,0,0
201805,41,000,4,9,Oregon Balance of State       ,68,68,9288551,0,0,0,0,0,0,0,0,0,7,7,1443651,0,0,0,0,0,0,0,0,0
201805,41,005,4,9,Clackamas County              ,509,509,162916328,2,4,546741,1,3,360000,9,150,21584001,457,457,136369278,2,4,546741,1,3,360000,4,83,11841062
201805,41,017,4,9,Deschutes County              ,731,731,190006098,6,12,2612184,0,0,0,0,0,0,705,705,184364900,6,12,2612184,0,0,0,0,0,0
201805,41,019,4,9,Douglas County                ,113,113,28621132,2,4,525267,0,0,0,0,0,0,113,113,28621132,2,4,525267,0,0,0,0,0,0
201805,41,025,4,9,Harney County                 ,1,1,225138,0,0,0,0,0,0,0,0,0,0,0,0,0,0,0,0,0,0,0,0,0
201805,41,035,4,9,Klamath County                ,47,47,11548910,0,0,0,0,0,0,0,0,0,47,47,11548910,0,0,0,0,0,0,0,0,0
201805,41,051,4,9,Multnomah County              ,475,475,129686072,57,114,19740964,1,4,285000,44,2602,344458113,475,475,129686072,57,114,19740964,1,4,285000,44,2602,344458113
201805,41,067,4,9,Washington County             ,538,538,167343550,2,4,737412,1,4,715009,21,335,38043082,531,531,165660835,2,4,737412,1,4,715009,21,335,38043082
201805,41,071,4,9,Yamhill County                ,155,155,43130060,2,4,670678,2,7,854099,0,0,0,110,110,32355322,2,4,670678,2,7,854099,0,0,0
201805,42,001,1,2,Adams County                  ,68,68,15414700,0,0,0,0,0,0,0,0,0,48,48,11324007,0,0,0,0,0,0,0,0,0
201805,42,017,1,2,Bucks County                  ,338,338,85666728,0,0,0,0,0,0,1,12,1439276,236,236,63168800,0,0,0,0,0,0,1,12,1439276
201805,42,029,1,2,Chester County                ,570,570,115209926,0,0,0,1,3,504000,6,246,31741052,501,501,98609241,0,0,0,0,0,0,6,246,31741052
201805,42,037,1,2,Columbia County               ,24,24,5449221,0,0,0,1,3,387224,1,64,8434057,13,13,2781150,0,0,0,0,0,0,1,64,8434057
201805,42,041,1,2,Cumberland County             ,333,333,71423273,0,0,0,2,8,972620,17,309,40550984,270,270,56245889,0,0,0,2,8,972620,17,309,40550984
201805,42,043,1,2,Dauphin County                ,212,212,33716049,0,0,0,8,30,5055919,8,166,16648375,191,191,28814624,0,0,0,8,30,5055919,8,166,16648375
201805,42,045,1,2,Delaware County               ,148,148,37758068,0,0,0,5,20,455000,2,53,13969048,60,60,13631098,0,0,0,5,20,455000,1,32,13158863
201805,42,055,1,2,Franklin County               ,160,160,28057900,1,2,285000,0,0,0,6,32,3302606,123,123,22804166,1,2,285000,0,0,0,1,5,669950
201805,42,065,1,2,Jefferson County              ,10,10,1859311,0,0,0,0,0,0,0,0,0,10,10,1859311,0,0,0,0,0,0,0,0,0
201805,42,091,1,2,Montgomery County             ,369,369,84942833,2,4,798920,8,30,4279710,20,757,117864608,299,299,66977249,2,4,798920,8,30,4279710,13,661,103609633
201805,42,093,1,2,Montour County                ,7,7,1780690,0,0,0,0,0,0,2,17,1274635,5,5,1278882,0,0,0,0,0,0,1,12,600000
201805,42,099,1,2,Perry County                  ,36,36,9254138,0,0,0,0,0,0,0,0,0,1,1,351700,0,0,0,0,0,0,0,0,0
201805,42,101,1,2,Philadelphia County           ,254,254,67097967,36,72,15399366,60,201,22548796,46,858,119756004,138,138,36798037,18,36,8758145,33,109,12741640,36,617,87823677
201805,42,103,1,2,Pike County                   ,37,37,10082649,0,0,0,0,0,0,0,0,0,30,30,8197515,0,0,0,0,0,0,0,0,0
201805,44,001,1,1,Bristol County                ,12,12,2710160,1,2,318000,0,0,0,0,0,0,7,7,1397730,1,2,318000,0,0,0,0,0,0
201805,44,003,1,1,Kent County                   ,63,63,10229184,11,22,2498175,1,3,426950,0,0,0,57,57,9045014,11,22,2498175,1,3,426950,0,0,0
201805,44,005,1,1,Newport County                ,57,57,15292949,0,0,0,0,0,0,0,0,0,53,53,14523431,0,0,0,0,0,0,0,0,0
201805,44,007,1,1,Providence County             ,113,113,20667345,5,10,1047710,0,0,0,6,57,7125000,70,70,14396076,3,6,713710,0,0,0,5,52,6750000
201805,44,009,1,1,Washington County             ,136,136,34599527,1,2,398000,1,3,650000,1,8,533333,109,109,25029309,1,2,398000,1,3,650000,0,0,0
201805,45,003,3,5,Aiken County                  ,394,394,81265744,0,0,0,0,0,0,1,5,401786,383,383,78854942,0,0,0,0,0,0,0,0,0
201805,45,009,3,5,Bamberg County                ,6,6,1133358,0,0,0,0,0,0,0,0,0,6,6,1133358,0,0,0,0,0,0,0,0,0
201805,45,015,3,5,Berkeley County               ,798,798,227708868,0,0,0,0,0,0,5,182,4293757,583,583,173993972,0,0,0,0,0,0,0,0,0
201805,45,017,3,5,Calhoun County                ,12,12,2340833,0,0,0,0,0,0,0,0,0,9,9,1897479,0,0,0,0,0,0,0,0,0
201805,45,019,3,5,Charleston County             ,1012,1012,300728752,0,0,0,0,0,0,26,719,59079365,405,405,189585289,0,0,0,0,0,0,7,280,21208799
201805,45,035,3,5,Dorchester County             ,257,257,78046892,0,0,0,0,0,0,0,0,0,256,256,77939392,0,0,0,0,0,0,0,0,0
201805,45,037,3,5,Edgefield County              ,48,48,10914607,0,0,0,0,0,0,0,0,0,48,48,10914607,0,0,0,0,0,0,0,0,0
201805,45,039,3,5,Fairfield County              ,24,24,5228396,0,0,0,0,0,0,0,0,0,0,0,0,0,0,0,0,0,0,0,0,0
201805,45,045,3,5,Greenville County             ,1603,1603,716885236,1,2,500000,0,0,0,4,55,2684976,1601,1601,716561145,1,2,500000,0,0,0,3,50,2508600
201805,45,051,3,5,Horry County                  ,1899,1899,349426283,2,4,442616,0,0,0,21,330,24719886,1762,1762,314791394,2,4,442616,0,0,0,19,320,23873815
201805,45,055,3,5,Kershaw County                ,128,128,18875144,0,0,0,0,0,0,0,0,0,128,128,18875144,0,0,0,0,0,0,0,0,0
201805,45,059,3,5,Laurens County                ,53,53,9465255,0,0,0,0,0,0,0,0,0,51,51,9250703,0,0,0,0,0,0,0,0,0
201805,45,063,3,5,Lexington County              ,810,810,206160572,0,0,0,0,0,0,2,35,3425350,242,242,59514594,0,0,0,0,0,0,0,0,0
201805,45,077,3,5,Pickens County                ,188,188,47679264,0,0,0,0,0,0,5,130,16774828,133,133,36654218,0,0,0,0,0,0,0,0,0
201805,45,079,3,5,Richland County               ,974,974,136572023,13,26,1215955,0,0,0,9,161,9087284,182,182,32704422,13,26,1215955,0,0,0,0,0,0
201805,45,081,3,5,Saluda County                 ,19,19,4295163,0,0,0,0,0,0,0,0,0,0,0,0,0,0,0,0,0,0,0,0,0
201805,45,085,3,5,Sumter County                 ,116,116,15923884,0,0,0,0,0,0,0,0,0,25,25,3085283,0,0,0,0,0,0,0,0,0
201805,45,091,3,5,York County                   ,1051,1051,339885060,0,0,0,0,0,0,10,167,17558280,219,219,66466314,0,0,0,0,0,0,0,0,0
201805,46,007,2,4,Bennett County                ,2,2,130000,0,0,0,0,0,0,0,0,0,2,2,130000,0,0,0,0,0,0,0,0,0
201805,46,055,2,4,Haakon County                 ,0,0,0,0,0,0,0,0,0,0,0,0,0,0,0,0,0,0,0,0,0,0,0,0
201805,46,071,2,4,Jackson County                ,0,0,0,0,0,0,0,0,0,0,0,0,0,0,0,0,0,0,0,0,0,0,0,0
201805,46,111,2,4,Sanborn County                ,2,2,350000,0,0,0,0,0,0,0,0,0,2,2,350000,0,0,0,0,0,0,0,0,0
201805,47,001,3,6,Anderson County               ,69,69,14233627,0,0,0,0,0,0,0,0,0,65,65,13261470,0,0,0,0,0,0,0,0,0
201805,47,015,3,6,Cannon County                 ,6,6,757140,0,0,0,0,0,0,0,0,0,0,0,0,0,0,0,0,0,0,0,0,0
201805,47,021,3,6,Cheatham County               ,109,109,20579649,0,0,0,0,0,0,0,0,0,109,109,20579649,0,0,0,0,0,0,0,0,0
201805,47,037,3,6,Davidson County               ,1534,1534,374461904,0,0,0,2,8,1008284,12,391,40813876,1532,1532,372031348,0,0,0,2,8,1008284,12,391,40813876
201805,47,043,3,6,Dickson County                ,127,127,25392039,0,0,0,0,0,0,0,0,0,63,63,12976602,0,0,0,0,0,0,0,0,0
201805,47,049,3,6,Fentress County               ,0,0,0,0,0,0,0,0,0,0,0,0,0,0,0,0,0,0,0,0,0,0,0,0
201805,47,081,3,6,Hickman County                ,28,28,4968214,0,0,0,0,0,0,0,0,0,4,4,681522,0,0,0,0,0,0,0,0,0
201805,47,093,3,6,Knox County                   ,876,876,171374185,0,0,0,11,44,6010281,8,314,31911633,387,387,69886861,0,0,0,11,44,6010281,4,200,22739374
201805,47,105,3,6,Loudon County                 ,179,179,42181712,0,0,0,0,0,0,0,0,0,158,158,38600004,0,0,0,0,0,0,0,0,0
201805,47,125,3,6,Montgomery County             ,675,675,109061432,4,8,500000,9,34,1870000,4,24,1950000,675,675,109061432,4,8,500000,9,34,1870000,4,24,1950000
201805,47,139,3,6,Polk County                   ,84,84,15130421,0,0,0,0,0,0,0,0,0,0,0,0,0,0,0,0,0,0,0,0,0
201805,47,149,3,6,Rutherford County             ,1255,1255,293763687,2,4,319406,0,0,0,29,696,74718706,1199,1199,284579856,2,4,319406,0,0,0,28,686,74036000
201805,47,153,3,6,Sequatchie County             ,7,7,812000,0,0,0,0,0,0,0,0,0,7,7,812000,0,0,0,0,0,0,0,0,0
201805,47,157,3,6,Shelby County                 ,409,409,106546992,0,0,0,0,0,0,2,111,27263873,409,409,106546992,0,0,0,0,0,0,2,111,27263873
201805,47,159,3,6,Smith County                  ,34,34,5716517,0,0,0,0,0,0,0,0,0,27,27,4273534,0,0,0,0,0,0,0,0,0
201805,47,161,3,6,Stewart County                ,4,4,550500,0,0,0,0,0,0,0,0,0,0,0,0,0,0,0,0,0,0,0,0,0
201805,47,165,3,6,Sumner County                 ,551,551,137942743,0,0,0,0,0,0,7,105,5273453,485,485,122972762,0,0,0,0,0,0,4,22,826190
201805,47,167,3,6,Tipton County                 ,71,71,13198503,0,0,0,0,0,0,0,0,0,39,39,8785518,0,0,0,0,0,0,0,0,0
201805,47,169,3,6,Trousdale County              ,29,29,4549000,0,0,0,5,20,1145000,1,5,276000,29,29,4549000,0,0,0,5,20,1145000,1,5,276000
201805,47,173,3,6,Union County                  ,47,47,7537333,0,0,0,0,0,0,0,0,0,45,45,7384000,0,0,0,0,0,0,0,0,0
201805,47,175,3,6,Van Buren County              ,1,1,100000,0,0,0,0,0,0,0,0,0,1,1,100000,0,0,0,0,0,0,0,0,0
201805,47,189,3,6,Wilson County                 ,521,521,143600894,1,2,650000,0,0,0,5,81,5685088,378,378,101210727,1,2,650000,0,0,0,4,72,4704000
201805,48,013,3,7,Atascosa County               ,17,17,3034453,0,0,0,0,0,0,0,0,0,10,10,1901540,0,0,0,0,0,0,0,0,0
201805,48,015,3,7,Austin County                 ,10,10,1940225,0,0,0,0,0,0,0,0,0,4,4,785662,0,0,0,0,0,0,0,0,0
201805,48,019,3,7,Bandera County                ,0,0,0,0,0,0,0,0,0,0,0,0,0,0,0,0,0,0,0,0,0,0,0,0
201805,48,021,3,7,Bastrop County                ,66,66,9264764,3,6,280000,0,0,0,0,0,0,66,66,9264764,3,6,280000,0,0,0,0,0,0
201805,48,025,3,7,Bee County                    ,4,4,363100,0,0,0,0,0,0,0,0,0,1,1,50000,0,0,0,0,0,0,0,0,0
201805,48,027,3,7,Bell County                   ,818,818,151777761,44,88,6640353,0,0,0,2,10,605103,792,792,146567860,43,86,6446940,0,0,0,0,0,0
201805,48,029,3,7,Bexar County                  ,1855,1855,387845978,22,44,2425368,4,13,978847,71,561,52661705,1635,1635,358881638,22,44,2425368,3,10,978847,65,527,45416333
201805,48,051,3,7,Burleson County               ,2,2,391300,0,0,0,0,0,0,0,0,0,2,2,391300,0,0,0,0,0,0,0,0,0
201805,48,055,3,7,Caldwell County               ,138,138,24446406,3,6,413280,0,0,0,0,0,0,10,10,1189800,0,0,0,0,0,0,0,0,0
201805,48,085,3,7,Collin County                 ,4430,4430,1292748491,3,6,918912,0,0,0,14,703,132333208,4217,4217,1246983368,3,6,918912,0,0,0,14,703,132333208
201805,48,091,3,7,Comal County                  ,935,935,206457254,1,2,173138,0,0,0,0,0,0,931,931,205225464,1,2,173138,0,0,0,0,0,0
201805,48,099,3,7,Coryell County                ,82,82,11567570,7,14,1033853,0,0,0,0,0,0,58,58,8064752,6,12,883764,0,0,0,0,0,0
201805,48,107,3,7,Crosby County                 ,3,3,201000,0,0,0,0,0,0,0,0,0,0,0,0,0,0,0,0,0,0,0,0,0
201805,48,113,3,7,Dallas County                 ,2043,2043,649980434,47,94,20249309,76,303,40784824,170,5765,612186282,2026,2026,646990851,47,94,20249309,76,303,40784824,164,5537,593077829
201805,48,119,3,7,Delta County                  ,3,3,698899,0,0,0,0,0,0,0,0,0,3,3,698899,0,0,0,0,0,0,0,0,0
201805,48,135,3,7,Ector County                  ,297,297,58364505,7,14,942270,0,0,0,0,0,0,206,206,41097788,7,14,942270,0,0,0,0,0,0
201805,48,139,3,7,Ellis County                  ,816,816,183444900,7,14,1312415,0,0,0,24,410,35458213,575,575,136348064,7,14,1312415,0,0,0,22,388,31713265
201805,48,141,3,7,El Paso County                ,857,857,178596113,30,60,7673518,3,12,1717476,12,165,27434760,747,747,160311254,30,60,7673518,3,12,1717476,12,165,27434760
201805,48,157,3,7,Fort Bend County              ,4378,4378,468988105,4,8,1566067,0,0,0,5,37,2895563,822,822,254236574,3,6,1381905,0,0,0,0,0,0
201805,48,167,3,7,Galveston County              ,934,934,230404329,0,0,0,0,0,0,0,0,0,841,841,210342882,0,0,0,0,0,0,0,0,0
201805,48,185,3,7,Grimes County                 ,6,6,695463,0,0,0,0,0,0,0,0,0,6,6,695463,0,0,0,0,0,0,0,0,0
201805,48,187,3,7,Guadalupe County              ,390,390,94845320,5,10,1113145,0,0,0,0,0,0,387,387,94043425,5,10,1113145,0,0,0,0,0,0
201805,48,193,3,7,Hamilton County               ,5,5,400000,0,0,0,0,0,0,0,0,0,0,0,0,0,0,0,0,0,0,0,0,0
201805,48,195,3,7,Hansford County               ,0,0,0,0,0,0,0,0,0,0,0,0,0,0,0,0,0,0,0,0,0,0,0,0
201805,48,201,3,7,Harris County                 ,7778,7778,1568457962,33,66,9414176,19,76,10901299,124,4281,544963199,7710,7710,1533485217,33,66,9414176,19,76,10901299,122,4260,543347814
201805,48,211,3,7,Hemphill County               ,0,0,0,0,0,0,0,0,0,0,0,0,0,0,0,0,0,0,0,0,0,0,0,0
201805,48,215,3,7,Hidalgo County                ,1331,1331,188202102,51,102,7186931,70,277,26510228,8,389,36172583,1070,1070,143163357,43,86,6177489,43,171,15817457,4,271,25655103
201805,48,233,3,7,Hutchinson County             ,0,0,0,0,0,0,0,0,0,1,5,396770,0,0,0,0,0,0,0,0,0,0,0,0
201805,48,251,3,7,Johnson County                ,291,291,63174372,2,4,675000,0,0,0,0,0,0,283,283,61748140,2,4,675000,0,0,0,0,0,0
201805,48,257,3,7,Kaufman County                ,365,365,75083422,1,2,80000,2,8,360000,25,332,25800000,340,340,71074413,0,0,0,2,8,360000,25,332,25800000
201805,48,259,3,7,Kendall County                ,158,158,39997455,0,0,0,0,0,0,0,0,0,125,125,31183605,0,0,0,0,0,0,0,0,0
201805,48,271,3,7,Kinney County                 ,1,1,195179,0,0,0,0,0,0,0,0,0,1,1,195179,0,0,0,0,0,0,0,0,0
201805,48,281,3,7,Lampasas County               ,23,23,3441438,0,0,0,0,0,0,0,0,0,23,23,3441438,0,0,0,0,0,0,0,0,0
201805,48,291,3,7,Liberty County                ,292,292,37050686,1,2,132500,0,0,0,0,0,0,230,230,30352409,1,2,132500,0,0,0,0,0,0
201805,48,303,3,7,Lubbock County                ,663,663,133787891,7,14,1837879,1,4,535500,7,137,15881950,536,536,104784839,3,6,858900,0,0,0,1,49,5798839
201805,48,323,3,7,Maverick County               ,28,28,6832359,2,4,221962,0,0,0,0,0,0,28,28,6832359,2,4,221962,0,0,0,0,0,0
201805,48,325,3,7,Medina County                 ,12,12,2297110,0,0,0,0,0,0,0,0,0,8,8,1445050,0,0,0,0,0,0,0,0,0
201805,48,329,3,7,Midland County                ,443,443,87392650,0,0,0,0,0,0,0,0,0,443,443,87392650,0,0,0,0,0,0,0,0,0
201805,48,339,3,7,Montgomery County             ,2857,2857,632793805,0,0,0,4,16,1300940,0,0,0,2833,2833,627947399,0,0,0,4,16,1300940,0,0,0
201805,48,367,3,7,Parker County                 ,181,181,42041181,0,0,0,0,0,0,12,288,25072065,181,181,42041181,0,0,0,0,0,0,12,288,25072065
201805,48,375,3,7,Potter County                 ,267,267,67958556,0,0,0,0,0,0,1,101,11428192,267,267,67958556,0,0,0,0,0,0,1,101,11428192
201805,48,383,3,7,Reagan County                 ,1,1,204195,0,0,0,0,0,0,0,0,0,0,0,0,0,0,0,0,0,0,0,0,0
201805,48,385,3,7,Real County                   ,0,0,0,0,0,0,0,0,0,0,0,0,0,0,0,0,0,0,0,0,0,0,0,0
201805,48,395,3,7,Robertson County              ,47,47,9759746,0,0,0,0,0,0,0,0,0,47,47,9759746,0,0,0,0,0,0,0,0,0
201805,48,397,3,7,Rockwall County               ,542,542,166313119,0,0,0,0,0,0,0,0,0,453,453,146519217,0,0,0,0,0,0,0,0,0
201805,48,407,3,7,San Jacinto County            ,146,146,32785767,0,0,0,0,0,0,0,0,0,71,71,16418459,0,0,0,0,0,0,0,0,0
201805,48,411,3,7,San Saba County               ,0,0,0,0,0,0,0,0,0,0,0,0,0,0,0,0,0,0,0,0,0,0,0,0
201805,48,451,3,7,Tom Green County              ,125,125,22650696,0,0,0,0,0,0,0,0,0,125,125,22650696,0,0,0,0,0,0,0,0,0
201805,48,453,3,7,Travis County                 ,3802,3802,866512686,31,62,5390457,3,9,1265236,169,5752,470508884,3724,3724,837035744,30,60,5248373,3,9,1265236,168,5747,469842217
201805,48,473,3,7,Waller County                 ,27,27,2878877,0,0,0,0,0,0,6,31,687598,27,27,2878877,0,0,0,0,0,0,0,0,0
201805,48,491,3,7,Williamson County             ,1974,1974,530799567,18,36,3820940,1,4,304515,1,270,22912791,1876,1876,509495262,18,36,3820940,1,4,304515,1,270,22912791
201805,48,493,3,7,Wilson County                 ,25,25,5077980,0,0,0,0,0,0,0,0,0,1,1,194226,0,0,0,0,0,0,0,0,0
201805,48,497,3,7,Wise County                   ,41,41,7876655,0,0,0,0,0,0,0,0,0,37,37,7198809,0,0,0,0,0,0,0,0,0
201805,49,011,4,8,Davis County                  ,606,606,153284395,4,8,1432540,13,47,6139927,11,101,11096986,589,589,148394755,3,6,880000,12,44,5585786,10,96,10468511
201805,49,023,4,8,Juab County                   ,32,32,9050154,0,0,0,0,0,0,0,0,0,31,31,8776622,0,0,0,0,0,0,0,0,0
201805,49,029,4,8,Morgan County                 ,23,23,9698681,0,0,0,0,0,0,0,0,0,18,18,8174001,0,0,0,0,0,0,0,0,0
201805,49,035,4,8,Salt Lake County              ,2094,2094,544927431,13,26,3908667,25,92,13946039,66,1431,193964795,1759,1759,464445830,11,22,3291763,23,85,13085117,60,1288,174491237
201805,49,039,4,8,Sanpete County                ,19,19,3821280,0,0,0,0,0,0,0,0,0,19,19,3821280,0,0,0,0,0,0,0,0,0
201805,49,043,4,8,Summit County                 ,96,96,45978993,0,0,0,2,6,1683060,5,28,4783990,50,50,23766487,0,0,0,0,0,0,0,0,0
201805,49,057,4,8,Weber County                  ,395,395,98652296,1,2,280000,21,79,11433274,3,17,2158171,353,353,87270117,1,2,280000,12,47,6522519,2,12,1358568
201805,51,003,3,5,Albemarle County              ,266,266,84329543,0,0,0,0,0,0,7,86,9243118,0,0,0,0,0,0,0,0,0,0,0,0
201805,51,007,3,5,Amelia County                 ,19,19,3591630,0,0,0,0,0,0,0,0,0,19,19,3591630,0,0,0,0,0,0,0,0,0
201805,51,009,3,5,Amherst County                ,29,29,5409978,0,0,0,0,0,0,0,0,0,6,6,1130373,0,0,0,0,0,0,0,0,0
201805,51,013,3,5,Arlington County              ,97,97,38212488,0,0,0,0,0,0,4,1029,202767400,97,97,38212488,0,0,0,0,0,0,4,1029,202767400
201805,51,015,3,5,Augusta County                ,65,65,13387851,0,0,0,0,0,0,0,0,0,65,65,13387851,0,0,0,0,0,0,0,0,0
201805,51,019,3,5,Bedford County                ,4,4,1068000,0,0,0,1,3,550000,3,15,1000000,4,4,1068000,0,0,0,1,3,550000,3,15,1000000
201805,51,033,3,5,Caroline County               ,49,49,11100034,0,0,0,0,0,0,0,0,0,39,39,9137187,0,0,0,0,0,0,0,0,0
201805,51,036,3,5,Charles City County           ,9,9,1544729,0,0,0,0,0,0,0,0,0,4,4,732500,0,0,0,0,0,0,0,0,0
201805,51,037,3,5,Charlotte County              ,9,9,1628190,0,0,0,0,0,0,0,0,0,9,9,1628190,0,0,0,0,0,0,0,0,0
201805,51,041,3,5,Chesterfield County           ,635,635,136380729,2,4,643000,14,52,5784341,6,42,4526143,635,635,136380729,2,4,643000,14,52,5784341,6,42,4526143
201805,51,043,3,5,Clarke County                 ,15,15,5208976,0,0,0,0,0,0,0,0,0,15,15,5208976,0,0,0,0,0,0,0,0,0
201805,51,049,3,5,Cumberland County             ,13,13,1808666,0,0,0,0,0,0,0,0,0,13,13,1808666,0,0,0,0,0,0,0,0,0
201805,51,051,3,5,Dickenson County              ,1,1,200000,0,0,0,0,0,0,0,0,0,1,1,200000,0,0,0,0,0,0,0,0,0
201805,51,053,3,5,Dinwiddie County              ,31,31,2463323,0,0,0,0,0,0,0,0,0,0,0,0,0,0,0,0,0,0,0,0,0
201805,51,059,3,5,Fairfax County                ,489,489,114788098,0,0,0,0,0,0,7,406,47733041,489,489,114788098,0,0,0,0,0,0,7,406,47733041
201805,51,061,3,5,Fauquier County               ,149,149,52639761,0,0,0,0,0,0,0,0,0,149,149,52639761,0,0,0,0,0,0,0,0,0
201805,51,069,3,5,Frederick County              ,244,244,57446571,1,2,400000,4,14,1540000,12,72,9663885,244,244,57446571,1,2,400000,4,14,1540000,12,72,9663885
201805,51,073,3,5,Gloucester County             ,81,81,15716044,2,4,520000,5,16,1290534,0,0,0,0,0,0,0,0,0,0,0,0,0,0,0
201805,51,075,3,5,Goochland County              ,84,84,22794891,0,0,0,0,0,0,0,0,0,84,84,22794891,0,0,0,0,0,0,0,0,0
201805,51,085,3,5,Hanover County                ,213,213,47136599,0,0,0,0,0,0,0,0,0,213,213,47136599,0,0,0,0,0,0,0,0,0
201805,51,087,3,5,Henrico County                ,467,467,81940868,30,60,2062500,0,0,0,1,148,9384923,467,467,81940868,30,60,2062500,0,0,0,1,148,9384923
201805,51,093,3,5,Isle of Wight County          ,84,84,16487158,0,0,0,0,0,0,1,5,200577,0,0,0,0,0,0,0,0,0,0,0,0
201805,51,095,3,5,James City County             ,138,138,37840431,6,12,1457000,5,18,2681052,3,30,2464000,138,138,37840431,6,12,1457000,5,18,2681052,3,30,2464000
201805,51,097,3,5,King and Queen County         ,6,6,966356,0,0,0,0,0,0,0,0,0,6,6,966356,0,0,0,0,0,0,0,0,0
201805,51,099,3,5,King George County            ,55,55,10715787,0,0,0,0,0,0,0,0,0,55,55,10715787,0,0,0,0,0,0,0,0,0
201805,51,107,3,5,Loudoun County                ,1176,1176,245963540,0,0,0,0,0,0,8,290,21763522,1172,1172,245012982,0,0,0,0,0,0,8,290,21763522
201805,51,109,3,5,Louisa County                 ,122,122,24269470,0,0,0,0,0,0,0,0,0,19,19,3806835,0,0,0,0,0,0,0,0,0
201805,51,115,3,5,Mathews County                ,10,10,1825696,0,0,0,0,0,0,0,0,0,10,10,1825696,0,0,0,0,0,0,0,0,0
201805,51,127,3,5,New Kent County               ,124,124,23361680,0,0,0,0,0,0,0,0,0,124,124,23361680,0,0,0,0,0,0,0,0,0
201805,51,139,3,5,Page County                   ,27,27,2974242,0,0,0,0,0,0,0,0,0,27,27,2974242,0,0,0,0,0,0,0,0,0
201805,51,145,3,5,Powhatan County               ,95,95,22985918,0,0,0,0,0,0,0,0,0,95,95,22985918,0,0,0,0,0,0,0,0,0
201805,51,149,3,5,Prince George County          ,39,39,6324135,0,0,0,0,0,0,0,0,0,39,39,6324135,0,0,0,0,0,0,0,0,0
201805,51,153,3,5,Prince William County         ,580,580,124716536,0,0,0,0,0,0,5,59,6463692,580,580,124716536,0,0,0,0,0,0,5,59,6463692
201805,51,165,3,5,Rockingham County             ,204,204,55858220,0,0,0,0,0,0,0,0,0,204,204,55858220,0,0,0,0,0,0,0,0,0
201805,51,175,3,5,Southampton County            ,19,19,2725083,0,0,0,0,0,0,0,0,0,5,5,618000,0,0,0,0,0,0,0,0,0
201805,51,177,3,5,Spotsylvania County           ,257,257,68163219,0,0,0,0,0,0,15,352,33602103,257,257,68163219,0,0,0,0,0,0,15,352,33602103
201805,51,179,3,5,Stafford County               ,499,499,117208173,0,0,0,0,0,0,0,0,0,499,499,117208173,0,0,0,0,0,0,0,0,0
201805,51,181,3,5,Surry County                  ,11,11,2562868,0,0,0,0,0,0,0,0,0,7,7,1885656,0,0,0,0,0,0,0,0,0
201805,51,183,3,5,Sussex County                 ,15,15,1938249,0,0,0,0,0,0,0,0,0,15,15,1938249,0,0,0,0,0,0,0,0,0
201805,51,187,3,5,Warren County                 ,75,75,17640081,0,0,0,0,0,0,0,0,0,75,75,17640081,0,0,0,0,0,0,0,0,0
201805,51,199,3,5,York County                   ,90,90,17008782,0,0,0,0,0,0,5,163,12900000,90,90,17008782,0,0,0,0,0,0,5,163,12900000
201805,51,510,3,5,Alexandria (Independent City) ,39,39,13495300,0,0,0,0,0,0,0,0,0,39,39,13495300,0,0,0,0,0,0,0,0,0
201805,51,540,3,5,Charlottesville (Independent C,40,40,10308049,0,0,0,0,0,0,5,47,11203388,0,0,0,0,0,0,0,0,0,0,0,0
201805,51,550,3,5,Chesapeake(Independent City)  ,457,457,141626368,0,0,0,0,0,0,4,110,15260378,457,457,141626368,0,0,0,0,0,0,4,110,15260378
201805,51,570,3,5,Colonial Heights (Independent ,9,9,1206330,0,0,0,0,0,0,0,0,0,9,9,1206330,0,0,0,0,0,0,0,0,0
201805,51,580,3,5,Covington (Independent City)  ,1,1,99999,0,0,0,0,0,0,0,0,0,1,1,99999,0,0,0,0,0,0,0,0,0
201805,51,600,3,5,Fairfax (Independent City)    ,3,3,956886,0,0,0,0,0,0,0,0,0,3,3,956886,0,0,0,0,0,0,0,0,0
201805,51,610,3,5,Falls Church (Independent City,27,27,13620000,0,0,0,0,0,0,0,0,0,27,27,13620000,0,0,0,0,0,0,0,0,0
201805,51,630,3,5,Fredericksburg(Independent Cit,23,23,4092400,0,0,0,0,0,0,0,0,0,23,23,4092400,0,0,0,0,0,0,0,0,0
201805,51,650,3,5,Hampton (Independent City)    ,77,77,4783120,0,0,0,0,0,0,0,0,0,0,0,0,0,0,0,0,0,0,0,0,0
201805,51,660,3,5,Harrisonburg (Independent City,23,23,3546000,0,0,0,0,0,0,1,33,3300000,23,23,3546000,0,0,0,0,0,0,1,33,3300000
201805,51,670,3,5,Hopewell (Independent City)   ,25,25,2881399,0,0,0,0,0,0,0,0,0,20,20,2424000,0,0,0,0,0,0,0,0,0
201805,51,680,3,5,Lynchburg (Independent City)  ,26,26,6802736,0,0,0,0,0,0,2,52,3771200,26,26,6802736,0,0,0,0,0,0,2,52,3771200
201805,51,683,3,5,Manassas (Independent City)   ,44,44,10212378,0,0,0,0,0,0,1,15,928518,40,40,9311768,0,0,0,0,0,0,0,0,0
201805,51,685,3,5,Manassas Park (Independent Cit,0,0,0,0,0,0,0,0,0,0,0,0,0,0,0,0,0,0,0,0,0,0,0,0
201805,51,700,3,5,Newport News (Independent City,51,51,7958914,0,0,0,0,0,0,1,12,472173,39,39,6839475,0,0,0,0,0,0,0,0,0
201805,51,710,3,5,Norfolk (Independent City)    ,174,174,36488856,0,0,0,0,0,0,0,0,0,174,174,36488856,0,0,0,0,0,0,0,0,0
201805,51,730,3,5,Petersburg (Independent City) ,1,1,70000,0,0,0,0,0,0,0,0,0,1,1,70000,0,0,0,0,0,0,0,0,0
201805,51,735,3,5,Poquoson (Independent City)   ,6,6,1512620,0,0,0,1,4,671000,1,6,655588,6,6,1512620,0,0,0,1,4,671000,1,6,655588
201805,51,740,3,5,Portsmouth (Independent City) ,66,66,7816380,0,0,0,0,0,0,0,0,0,66,66,7816380,0,0,0,0,0,0,0,0,0
201805,51,760,3,5,Richmond (Independent City)   ,139,139,31406541,0,0,0,0,0,0,1,237,18171692,139,139,31406541,0,0,0,0,0,0,1,237,18171692
201805,51,800,3,5,Suffolk (Independent City)    ,245,245,57228119,0,0,0,0,0,0,0,0,0,245,245,57228119,0,0,0,0,0,0,0,0,0
201805,51,810,3,5,Virginia Beach (Independent Ci,252,252,50385704,0,0,0,0,0,0,0,0,0,252,252,50385704,0,0,0,0,0,0,0,0,0
201805,51,830,3,5,Williamsburg (Independent City,7,7,1341205,0,0,0,0,0,0,0,0,0,7,7,1341205,0,0,0,0,0,0,0,0,0
201805,53,005,4,9,Benton County                 ,403,403,124982776,5,10,1379186,2,6,1059516,6,88,8426152,243,243,75700074,4,8,1113685,2,6,1059516,0,0,0
201805,53,011,4,9,Clark County                  ,1122,1122,312528343,11,22,2455188,3,9,1566645,9,134,11912225,479,479,108248596,9,18,1745848,0,0,0,2,48,2982219
201805,53,021,4,9,Franklin County               ,264,264,71152704,9,18,2383533,0,0,0,2,10,1199104,52,52,18229027,0,0,0,0,0,0,0,0,0
201805,53,031,4,9,Jefferson County              ,59,59,12964283,0,0,0,0,0,0,0,0,0,46,46,9863679,0,0,0,0,0,0,0,0,0
201805,53,033,4,9,King County                   ,2035,2035,772706559,77,154,34261876,56,189,35871740,80,4078,537970593,1645,1645,596018275,74,148,32373376,53,180,33519891,69,3843,510426486
201805,53,035,4,9,Kitsap County                 ,406,406,125468452,4,8,1098845,0,0,0,1,107,26606369,385,385,118514827,4,8,1098845,0,0,0,1,107,26606369
201805,53,053,4,9,Pierce County                 ,1127,1127,335086262,14,28,4857581,13,51,8602058,22,883,111131052,1116,1116,331617728,14,28,4857581,13,51,8602058,22,883,111131052
201805,53,055,4,9,San Juan County               ,56,56,11071550,1,2,216000,0,0,0,0,0,0,56,56,11071550,1,2,216000,0,0,0,0,0,0
201805,53,059,4,9,Skamania County               ,17,17,4285665,0,0,0,0,0,0,0,0,0,17,17,4285665,0,0,0,0,0,0,0,0,0
201805,53,061,4,9,Snohomish County              ,848,848,262001323,21,42,8713229,20,66,13183131,32,682,66033129,805,805,248027345,21,42,8713229,20,66,13183131,32,682,66033129
201805,54,011,3,5,Cabell County                 ,23,23,4199004,1,2,146000,0,0,0,0,0,0,3,3,225000,0,0,0,0,0,0,0,0,0
201805,54,015,3,5,Clay County                   ,11,11,275000,0,0,0,0,0,0,0,0,0,11,11,275000,0,0,0,0,0,0,0,0,0
201805,54,019,3,5,Fayette County                ,11,11,1186280,0,0,0,0,0,0,0,0,0,5,5,536000,0,0,0,0,0,0,0,0,0
201805,54,037,3,5,Jefferson County              ,81,81,21165345,0,0,0,0,0,0,0,0,0,81,81,21165345,0,0,0,0,0,0,0,0,0
201805,54,081,3,5,Raleigh County                ,22,22,3989944,0,0,0,0,0,0,0,0,0,17,17,2975810,0,0,0,0,0,0,0,0,0
201805,55,025,2,3,Dane County                   ,559,559,187656226,19,38,7225105,11,39,4433219,22,864,121455013,490,490,168053471,17,34,6708181,7,27,2895000,12,665,101796300
201805,55,031,2,3,Douglas County                ,24,24,5011481,0,0,0,0,0,0,0,0,0,24,24,5011481,0,0,0,0,0,0,0,0,0
201805,55,037,2,3,Florence County               ,8,8,1060978,0,0,0,0,0,0,0,0,0,3,3,348600,0,0,0,0,0,0,0,0,0
201805,55,049,2,3,Iowa County                   ,24,24,7511000,0,0,0,0,0,0,0,0,0,24,24,7511000,0,0,0,0,0,0,0,0,0
201805,55,059,2,3,Kenosha County                ,83,83,23263112,2,4,590000,0,0,0,0,0,0,74,74,21076520,2,4,590000,0,0,0,0,0,0
201805,55,079,2,3,Milwaukee County              ,56,56,15419684,7,14,2697000,0,0,0,3,158,8532022,49,49,13689362,7,14,2697000,0,0,0,0,0,0
201805,55,089,2,3,Ozaukee County                ,90,90,30384521,3,6,1117900,1,3,980000,5,36,4026094,50,50,13191435,3,6,1117900,1,3,980000,0,0,0
201805,55,093,2,3,Pierce County                 ,43,43,12458137,0,0,0,0,0,0,0,0,0,43,43,12458137,0,0,0,0,0,0,0,0,0
201805,55,109,2,3,St. Croix County              ,161,161,42497640,15,30,3879801,0,0,0,1,36,5300000,147,147,38702093,13,26,3403000,0,0,0,1,36,5300000
201805,55,131,2,3,Washington County             ,142,142,43814114,12,24,3069000,0,0,0,1,10,833333,87,87,24431307,12,24,3069000,0,0,0,0,0,0
201805,56,029,4,8,Park County                   ,54,54,13380809,0,0,0,0,0,0,0,0,0,54,54,13380809,0,0,0,0,0,0,0,0,0
201805,56,039,4,8,Teton County                  ,75,75,133014529,1,2,623319,0,0,0,1,5,1040398,66,66,128161791,0,0,0,0,0,0,0,0,0
