Survey,FIPS,FIPS,Region,Division,County,,1-unit,,,2-units,,,3-4 units,,,5+ units,,,1-unit rep,,,2-units rep,,,3-4 units rep,,, 5+units rep
Date,State,County,Code,Code,Name,Bldgs,Units,Value,Bldgs,Units,Value,Bldgs,Units,Value,Bldgs,Units,Value,Bldgs,Units,Value,Bldgs,Units,Value,Bldgs,Units,Value,Bldgs,Units,Value
 
201908,01,001,3,6,Autauga County                ,176,176,51328365,0,0,0,0,0,0,0,0,0,176,176,51328365,0,0,0,0,0,0,0,0,0
201908,01,007,3,6,Bibb County                   ,8,8,2023387,0,0,0,1,3,280000,0,0,0,5,5,1258000,0,0,0,1,3,280000,0,0,0
201908,01,009,3,6,Blount County                 ,19,19,3324560,0,0,0,0,0,0,0,0,0,19,19,3324560,0,0,0,0,0,0,0,0,0
201908,01,021,3,6,Chilton County                ,22,22,3654232,0,0,0,0,0,0,0,0,0,22,22,3654232,0,0,0,0,0,0,0,0,0
201908,01,073,3,6,Jefferson County              ,1026,1026,300550885,4,8,989316,0,0,0,6,51,5332048,706,706,210646493,0,0,0,0,0,0,0,0,0
201908,01,081,3,6,Lee County                    ,792,792,213967842,32,64,8520381,15,51,6771890,5,380,65611404,775,775,209684762,32,64,8520381,15,51,6771890,5,380,65611404
201908,01,083,3,6,Limestone County              ,161,161,34613304,0,0,0,0,0,0,0,0,0,161,161,34613304,0,0,0,0,0,0,0,0,0
201908,01,089,3,6,Madison County                ,2126,2126,308894855,0,0,0,15,60,1050000,17,85,2190000,2126,2126,308894855,0,0,0,15,60,1050000,17,85,2190000
201908,01,113,3,6,Russell County                ,114,114,17128006,1,2,143676,0,0,0,0,0,0,106,106,16158087,1,2,143676,0,0,0,0,0,0
201908,01,115,3,6,St. Clair County              ,177,177,32591498,0,0,0,0,0,0,0,0,0,170,170,31071208,0,0,0,0,0,0,0,0,0
201908,01,117,3,6,Shelby County                 ,719,719,182050514,0,0,0,0,0,0,0,0,0,367,367,94076951,0,0,0,0,0,0,0,0,0
201908,01,127,3,6,Walker County                 ,18,18,3477942,0,0,0,0,0,0,0,0,0,17,17,3270164,0,0,0,0,0,0,0,0,0
201908,02,013,4,9,Aleutians East Borough        ,0,0,0,0,0,0,0,0,0,0,0,0,0,0,0,0,0,0,0,0,0,0,0,0
201908,02,016,4,9,Aleutians West Census Area    ,3,3,294354,0,0,0,0,0,0,0,0,0,0,0,0,0,0,0,0,0,0,0,0,0
201908,02,020,4,9,Anchorage Municipality        ,562,562,176050928,0,0,0,9,33,5732664,13,106,16758128,0,0,0,0,0,0,0,0,0,0,0,0
201908,02,050,4,9,Bethel Census Area            ,7,7,1984531,1,2,345783,0,0,0,0,0,0,7,7,1984531,1,2,345783,0,0,0,0,0,0
201908,02,060,4,9,Bristol Bay Borough           ,7,7,575000,0,0,0,0,0,0,0,0,0,7,7,575000,0,0,0,0,0,0,0,0,0
201908,02,070,4,9,Dillingham Census Area        ,2,2,565670,0,0,0,0,0,0,0,0,0,2,2,565670,0,0,0,0,0,0,0,0,0
201908,02,090,4,9,Fairbanks North Star Borough  ,6,6,2088721,0,0,0,4,16,2228168,0,0,0,6,6,2088721,0,0,0,4,16,2228168,0,0,0
201908,02,100,4,9,Haines Borough                ,7,7,1596226,0,0,0,0,0,0,0,0,0,0,0,0,0,0,0,0,0,0,0,0,0
201908,02,105,4,9,Hoonah-Angoon Census Area     ,3,3,666217,0,0,0,0,0,0,0,0,0,3,3,666217,0,0,0,0,0,0,0,0,0
201908,02,110,4,9,Juneau City and Borough       ,41,41,7516190,1,2,288784,1,4,456905,2,37,2373347,41,41,7516190,1,2,288784,1,4,456905,2,37,2373347
201908,02,122,4,9,Kenai Peninsula Borough       ,50,50,12711569,2,4,789200,1,4,800000,1,10,800000,38,38,10186000,2,4,789200,1,4,800000,1,10,800000
201908,02,130,4,9,Ketchikan Gateway Borough     ,27,27,7671691,2,4,690546,1,3,359024,0,0,0,27,27,7671691,2,4,690546,1,3,359024,0,0,0
201908,02,150,4,9,Kodiak Island Borough         ,7,7,3083957,0,0,0,0,0,0,1,20,4527884,7,7,3083957,0,0,0,0,0,0,1,20,4527884
201908,02,170,4,9,Matanuska-Susitna Borough     ,29,29,7932195,9,18,3087119,1,3,359024,2,52,6450000,21,21,5636225,3,6,1035309,0,0,0,2,52,6450000
201908,02,180,4,9,Nome Census Area              ,0,0,0,0,0,0,0,0,0,0,0,0,0,0,0,0,0,0,0,0,0,0,0,0
201908,02,185,4,9,North Slope Borough           ,0,0,0,0,0,0,0,0,0,0,0,0,0,0,0,0,0,0,0,0,0,0,0,0
201908,02,188,4,9,Northwest Arctic Borough      ,10,10,4385670,0,0,0,0,0,0,0,0,0,5,5,1485670,0,0,0,0,0,0,0,0,0
201908,02,195,4,9,Petersburg Borough            ,8,8,1641380,0,0,0,0,0,0,0,0,0,8,8,1641380,0,0,0,0,0,0,0,0,0
201908,02,198,4,9,Prince of Wales-Hyder Census A,3,3,850848,2,4,690546,0,0,0,0,0,0,3,3,850848,2,4,690546,0,0,0,0,0,0
201908,02,220,4,9,Sitka City and Borough        ,7,7,1650197,0,0,0,0,0,0,0,0,0,0,0,0,0,0,0,0,0,0,0,0,0
201908,02,230,4,9,Skagway Municipality          ,4,4,566470,5,10,1116666,0,0,0,0,0,0,1,1,50000,0,0,0,0,0,0,0,0,0
201908,02,261,4,9,Valdez-Cordova Census Area    ,13,13,2924142,0,0,0,0,0,0,0,0,0,11,11,2289000,0,0,0,0,0,0,0,0,0
201908,02,275,4,9,Wrangell City and Borough     ,3,3,234500,0,0,0,0,0,0,0,0,0,3,3,234500,0,0,0,0,0,0,0,0,0
201908,02,282,4,9,Yakutat City and Borough      ,1,1,166923,0,0,0,0,0,0,0,0,0,0,0,0,0,0,0,0,0,0,0,0,0
201908,02,290,4,9,Yukon-Koyukuk Census Area     ,0,0,0,0,0,0,0,0,0,0,0,0,0,0,0,0,0,0,0,0,0,0,0,0
201908,04,013,4,8,Maricopa County               ,13542,13542,3775220191,179,358,48079552,38,126,29554771,166,6131,821454901,13164,13164,3666844235,172,344,45978200,38,126,29554771,156,5476,710039609
201908,04,019,4,8,Pima County                   ,2163,2163,629608671,15,30,6482890,0,0,0,50,694,100797668,1588,1588,482479388,3,6,3497258,0,0,0,0,0,0
201908,04,021,4,8,Pinal County                  ,3242,3242,646605445,47,94,5792104,0,0,0,0,0,0,3154,3154,630098839,47,94,5792104,0,0,0,0,0,0
201908,05,013,3,7,Calhoun County                ,0,0,0,0,0,0,0,0,0,0,0,0,0,0,0,0,0,0,0,0,0,0,0,0
201908,05,035,3,7,Crittenden County             ,36,36,8016640,0,0,0,0,0,0,0,0,0,29,29,6509300,0,0,0,0,0,0,0,0,0
201908,05,043,3,7,Drew County                   ,3,3,150000,1,2,100000,1,4,200000,0,0,0,3,3,150000,1,2,100000,1,4,200000,0,0,0
201908,05,045,3,7,Faulkner County               ,191,191,41552961,5,10,757852,0,0,0,8,65,1751066,45,45,7699000,0,0,0,0,0,0,0,0,0
201908,05,053,3,7,Grant County                  ,17,17,2595865,0,0,0,0,0,0,0,0,0,0,0,0,0,0,0,0,0,0,0,0,0
201908,05,085,3,7,Lonoke County                 ,228,228,24321633,2,4,240000,0,0,0,0,0,0,120,120,15025913,2,4,240000,0,0,0,0,0,0
201908,05,087,3,7,Madison County                ,7,7,1339500,0,0,0,0,0,0,0,0,0,7,7,1339500,0,0,0,0,0,0,0,0,0
201908,05,091,3,7,Miller County                 ,20,20,4141146,0,0,0,0,0,0,0,0,0,2,2,135000,0,0,0,0,0,0,0,0,0
201908,05,105,3,7,Perry County                  ,0,0,0,0,0,0,0,0,0,0,0,0,0,0,0,0,0,0,0,0,0,0,0,0
201908,05,119,3,7,Pulaski County                ,568,568,135655580,2,4,389000,4,16,525000,6,268,19000000,568,568,135655580,2,4,389000,4,16,525000,6,268,19000000
201908,05,129,3,7,Searcy County                 ,0,0,0,0,0,0,0,0,0,0,0,0,0,0,0,0,0,0,0,0,0,0,0,0
201908,05,143,3,7,Washington County             ,989,989,263374574,18,36,7501091,1,3,150000,29,1097,58031307,978,978,261944574,18,36,7501091,1,3,150000,29,1097,58031307
201908,06,001,4,9,Alameda County                ,1235,1235,431786770,10,20,5204012,16,59,14149024,87,3010,543582990,1005,1005,355988111,8,16,4043826,12,46,10436610,66,2878,512466412
201908,06,013,4,9,Contra Costa County           ,1064,1064,332924711,6,12,3275131,0,0,0,17,595,117232870,1014,1014,315029539,6,12,3275131,0,0,0,17,595,117232870
201908,06,017,4,9,El Dorado County              ,371,371,131746101,0,0,0,0,0,0,0,0,0,371,371,131746101,0,0,0,0,0,0,0,0,0
201908,06,019,4,9,Fresno County                 ,1467,1467,442605709,12,24,4919659,69,208,12610760,34,284,30941981,1171,1171,359320533,0,0,0,66,198,11898348,15,120,14636190
201908,06,037,4,9,Los Angeles County            ,3852,3852,1256061948,521,1042,192258987,39,127,25792082,289,8521,2015371106,3460,3460,1055244356,512,1024,188171911,29,97,20418279,251,8160,1953256731
201908,06,041,4,9,Marin County                  ,87,87,50430515,2,4,2481250,0,0,0,1,49,10531745,80,80,44447508,1,2,950000,0,0,0,1,49,10531745
201908,06,059,4,9,Orange County                 ,2206,2206,682374116,88,176,43899345,24,81,16607259,68,1464,230528619,1961,1961,572508921,70,140,31899131,22,74,15066811,56,1241,186987033
201908,06,061,4,9,Placer County                 ,1274,1274,426307730,0,0,0,0,0,0,3,215,12200429,1274,1274,426307730,0,0,0,0,0,0,3,215,12200429
201908,06,063,4,9,Plumas County                 ,26,26,4664025,0,0,0,0,0,0,0,0,0,26,26,4664025,0,0,0,0,0,0,0,0,0
201908,06,067,4,9,Sacramento County             ,2559,2559,711519541,54,108,16687394,3,10,1274400,25,787,99508884,2546,2546,708492163,54,108,16687394,3,10,1274400,25,787,99508884
201908,06,069,4,9,San Benito County             ,413,413,132594907,1,2,250000,1,3,595698,0,0,0,294,294,98556897,1,2,250000,1,3,595698,0,0,0
201908,06,071,4,9,San Bernardino County         ,2410,2410,641175190,20,40,7099368,28,106,15400868,71,1006,120527478,2314,2314,616095837,20,40,7099368,28,106,15400868,59,922,114863772
201908,06,073,4,9,San Diego County              ,2087,2087,675741961,22,44,9375400,80,288,66739118,85,3023,404302581,2058,2058,663763097,21,42,8208733,79,285,66339816,82,2996,401333586
201908,06,075,4,9,San Francisco County          ,12,12,3294508,11,22,3797548,6,21,4439017,24,2453,746295418,12,12,3294508,11,22,3797548,6,21,4439017,24,2453,746295418
201908,06,081,4,9,San Mateo County              ,204,204,193376606,2,4,2546700,0,0,0,13,496,166752903,130,130,146708759,1,2,1806700,0,0,0,6,425,149476215
201908,06,085,4,9,Santa Clara County            ,1264,1264,471639268,5,10,2983031,8,29,7272671,74,2419,354668326,1168,1168,433650894,5,10,2983031,7,26,6515779,66,2140,303766211
201908,06,091,4,9,Sierra County                 ,4,4,1472835,0,0,0,0,0,0,0,0,0,4,4,1472835,0,0,0,0,0,0,0,0,0
201908,06,113,4,9,Yolo County                   ,474,474,148768230,5,10,1902853,0,0,0,2,92,14260242,474,474,148768230,5,10,1902853,0,0,0,2,92,14260242
201908,08,001,4,8,Adams County                  ,1544,1544,418912400,7,14,1452500,2,7,1163795,10,128,35307922,1544,1544,418912400,6,12,1030631,2,7,1163795,10,128,35307922
201908,08,005,4,8,Arapahoe County               ,1465,1465,440320581,3,6,839137,8,25,4356987,11,588,87141957,1443,1443,425686373,1,2,406062,5,16,3320952,11,588,87141957
201908,08,014,4,8,Broomfield County             ,227,227,78281773,0,0,0,0,0,0,0,0,0,227,227,78281773,0,0,0,0,0,0,0,0,0
201908,08,015,4,8,Chaffee County                ,94,94,24904277,1,2,323962,5,15,2748500,0,0,0,0,0,0,0,0,0,0,0,0,0,0,0
201908,08,019,4,8,Clear Creek County            ,15,15,4086701,0,0,0,0,0,0,5,62,11681255,0,0,0,0,0,0,0,0,0,2,47,9500000
201908,08,031,4,8,Denver County                 ,1720,1720,470199082,0,0,0,1,3,513240,41,3311,482081703,1720,1720,470199082,0,0,0,1,3,513240,41,3311,482081703
201908,08,035,4,8,Douglas County                ,1888,1888,575999297,4,8,713214,12,41,6482384,23,364,34920904,1758,1758,537930198,4,8,713214,12,41,6482384,21,330,30353243
201908,08,039,4,8,Elbert County                 ,151,151,45016108,0,0,0,0,0,0,0,0,0,151,151,45016108,0,0,0,0,0,0,0,0,0
201908,08,041,4,8,El Paso County                ,2598,2598,976881044,49,98,8320689,9,35,6042242,33,1000,130885001,2597,2597,976766044,49,98,8320689,9,35,6042242,33,1000,130885001
201908,08,047,4,8,Gilpin County                 ,24,24,6589017,0,0,0,0,0,0,0,0,0,24,24,6589017,0,0,0,0,0,0,0,0,0
201908,08,059,4,8,Jefferson County              ,444,444,145895202,16,32,5512505,1,4,765696,6,33,5444051,441,441,144877873,16,32,5512505,1,4,765696,6,33,5444051
201908,08,069,4,8,Larimer County                ,1043,1043,287294481,3,6,1052303,8,30,3572899,19,436,69037218,1016,1016,279867818,3,6,1052303,8,30,3572899,18,418,66690285
201908,08,077,4,8,Mesa County                   ,454,454,79644988,4,8,994475,0,0,0,2,84,7492101,454,454,79644988,4,8,994475,0,0,0,2,84,7492101
201908,08,093,4,8,Park County                   ,129,129,34154008,0,0,0,0,0,0,0,0,0,129,129,34154008,0,0,0,0,0,0,0,0,0
201908,08,101,4,8,Pueblo County                 ,320,320,51757443,0,0,0,0,0,0,0,0,0,320,320,51757443,0,0,0,0,0,0,0,0,0
201908,08,119,4,8,Teller County                 ,84,84,26791615,0,0,0,0,0,0,0,0,0,84,84,26791615,0,0,0,0,0,0,0,0,0
201908,09,001,1,1,Fairfield County              ,427,427,279497358,15,30,5622179,6,20,3861968,16,684,148503968,348,348,201392853,15,30,5622179,6,20,3861968,10,644,126684268
201908,09,003,1,1,Hartford County               ,462,462,82210847,6,12,1648080,5,18,2912400,27,199,14449244,405,405,70432934,6,12,1648080,5,18,2912400,5,75,6236516
201908,09,007,1,1,Middlesex County              ,89,89,22429681,0,0,0,2,6,410000,0,0,0,64,64,17040006,0,0,0,2,6,410000,0,0,0
201908,09,013,1,1,Tolland County                ,93,93,20096873,4,8,810400,0,0,0,18,114,11113893,49,49,10426695,1,2,270000,0,0,0,1,8,700000
201908,10,001,3,5,Kent County                   ,865,865,124499362,16,32,3331113,0,0,0,7,35,3066200,839,839,120184771,16,32,3331113,0,0,0,4,20,1611734
201908,10,003,3,5,New Castle County             ,888,888,84377914,2,4,235336,0,0,0,24,246,12490877,493,493,49381874,2,4,235336,0,0,0,18,204,9789556
201908,10,005,3,5,Sussex County                 ,2019,2019,287433498,35,70,8924124,15,55,5860421,25,145,20096642,2019,2019,287433498,35,70,8924124,15,55,5860421,25,145,20096642
201908,11,001,3,5,Washington  DC                ,123,123,29099045,25,50,5939474,1,4,520042,44,4300,474585939,123,123,29099045,25,50,5939474,1,4,520042,44,4300,474585939
201908,12,003,3,5,Baker County                  ,107,107,18442005,0,0,0,0,0,0,0,0,0,107,107,18442005,0,0,0,0,0,0,0,0,0
201908,12,019,3,5,Clay County                   ,800,800,167226784,0,0,0,0,0,0,0,0,0,790,790,165455084,0,0,0,0,0,0,0,0,0
201908,12,029,3,5,Dixie County                  ,23,23,2905439,0,0,0,0,0,0,0,0,0,0,0,0,0,0,0,0,0,0,0,0,0
201908,12,031,3,5,Duval County                  ,3017,3017,724487535,15,30,3509643,0,0,0,35,1938,213381289,2981,2981,712011141,15,30,3509643,0,0,0,35,1938,213381289
201908,12,033,3,5,Escambia County               ,828,828,196136011,17,34,7880000,5,17,1190000,4,397,43690442,828,828,196136011,17,34,7880000,5,17,1190000,4,397,43690442
201908,12,053,3,5,Hernando County               ,714,714,127565220,0,0,0,0,0,0,0,0,0,714,714,127565220,0,0,0,0,0,0,0,0,0
201908,12,057,3,5,Hillsborough County           ,6023,6023,1792774096,25,50,7069055,2,7,2675000,70,3589,440259857,6023,6023,1792774096,25,50,7069055,2,7,2675000,70,3589,440259857
201908,12,067,3,5,Lafayette County              ,7,7,1892946,0,0,0,0,0,0,0,0,0,7,7,1892946,0,0,0,0,0,0,0,0,0
201908,12,071,3,5,Lee County                    ,3504,3504,750895752,144,288,39254280,23,92,21200390,44,1368,169859756,3504,3504,750895752,144,288,39254280,23,92,21200390,44,1368,169859756
201908,12,073,3,5,Leon County                   ,454,454,90169946,5,10,1108000,0,0,0,31,851,110499132,0,0,0,0,0,0,0,0,0,0,0,0
201908,12,081,3,5,Manatee County                ,2127,2127,433376550,1,2,100000,18,72,9043340,33,1123,95118275,2124,2124,432933606,1,2,100000,18,72,9043340,33,1123,95118275
201908,12,086,3,5,Miami-Dade County             ,1677,1677,518690303,111,222,33880968,5,20,2563011,100,5962,1264206612,1527,1527,471076353,111,222,33880968,5,20,2563011,94,5683,1235774561
201908,12,089,3,5,Nassau County                 ,1137,1137,258664028,0,0,0,4,16,1771315,2,21,2374212,1048,1048,234980999,0,0,0,4,16,1771315,1,9,996365
201908,12,091,3,5,Okaloosa County               ,615,615,196151361,2,4,700000,1,4,500000,3,15,1153166,525,525,174979310,2,4,700000,1,4,500000,1,5,600000
201908,12,095,3,5,Orange County                 ,3729,3729,1133007799,72,144,26867845,1,3,332375,39,2023,299404808,3680,3680,1119626858,72,144,26867845,1,3,332375,38,2018,299154072
201908,12,097,3,5,Osceola County                ,3380,3380,851213454,1,2,219195,11,44,6045774,38,1990,171840689,3380,3380,851213454,1,2,219195,11,44,6045774,38,1990,171840689
201908,12,101,3,5,Pasco County                  ,2775,2775,562449422,24,48,5561207,14,53,3289804,40,320,21170368,2749,2749,556682567,19,38,4161207,14,53,3289804,36,300,19445368
201908,12,103,3,5,Pinellas County               ,614,614,191323958,2,4,513000,0,0,0,18,1385,164453307,587,587,181269252,2,4,513000,0,0,0,14,1365,156641085
201908,12,109,3,5,St. Johns County              ,3031,3031,732665378,7,14,2633606,6,24,4672137,26,642,60175422,3031,3031,732665378,7,14,2633606,6,24,4672137,26,642,60175422
201908,12,113,3,5,Santa Rosa County             ,978,978,174240150,0,0,0,0,0,0,0,0,0,978,978,174240150,0,0,0,0,0,0,0,0,0
201908,12,115,3,5,Sarasota County               ,2219,2219,654890723,6,12,3029417,16,56,34394619,25,469,87118806,2052,2052,604426711,6,12,3029417,16,56,34394619,22,398,77516536
201908,12,117,3,5,Seminole County               ,902,902,278497630,3,6,822696,0,0,0,24,1041,95265750,879,879,269702403,3,6,822696,0,0,0,19,915,84967238
201908,12,119,3,5,Sumter County                 ,1665,1665,406484435,0,0,0,0,0,0,7,265,45000000,1665,1665,406484435,0,0,0,0,0,0,7,265,45000000
201908,12,129,3,5,Wakulla County                ,188,188,37771854,0,0,0,0,0,0,0,0,0,188,188,37771854,0,0,0,0,0,0,0,0,0
201908,12,131,3,5,Walton County                 ,942,942,404066419,2,4,403206,18,70,6564525,29,584,68142793,942,942,404066419,2,4,403206,18,70,6564525,29,584,68142793
201908,12,133,3,5,Washington County             ,48,48,6960398,0,0,0,0,0,0,0,0,0,43,43,6319628,0,0,0,0,0,0,0,0,0
201908,13,007,3,5,Baker County                  ,0,0,0,0,0,0,0,0,0,0,0,0,0,0,0,0,0,0,0,0,0,0,0,0
201908,13,013,3,5,Barrow County                 ,486,486,67054481,0,0,0,0,0,0,0,0,0,480,480,66198315,0,0,0,0,0,0,0,0,0
201908,13,015,3,5,Bartow County                 ,400,400,75113515,4,8,414656,0,0,0,0,0,0,400,400,75113515,4,8,414656,0,0,0,0,0,0
201908,13,021,3,5,Bibb County                   ,84,84,15112145,0,0,0,0,0,0,0,0,0,20,20,4462018,0,0,0,0,0,0,0,0,0
201908,13,029,3,5,Bryan County                  ,389,389,85113440,0,0,0,0,0,0,1,9,969472,375,375,81826665,0,0,0,0,0,0,0,0,0
201908,13,033,3,5,Burke County                  ,34,34,6536892,0,0,0,0,0,0,0,0,0,29,29,5646500,0,0,0,0,0,0,0,0,0
201908,13,035,3,5,Butts County                  ,66,66,22531800,0,0,0,0,0,0,0,0,0,66,66,22531800,0,0,0,0,0,0,0,0,0
201908,13,045,3,5,Carroll County                ,548,548,133269976,0,0,0,0,0,0,1,8,815182,548,548,133269976,0,0,0,0,0,0,1,8,815182
201908,13,051,3,5,Chatham County                ,599,599,136984597,0,0,0,0,0,0,28,272,26596156,560,560,128403535,0,0,0,0,0,0,25,200,10000000
201908,13,057,3,5,Cherokee County               ,1511,1511,434070037,0,0,0,0,0,0,9,266,38126424,1511,1511,434070037,0,0,0,0,0,0,9,266,38126424
201908,13,059,3,5,Clarke County                 ,226,226,39132482,6,12,1449636,14,47,4100029,25,290,35463559,226,226,39132482,6,12,1449636,14,47,4100029,25,290,35463559
201908,13,063,3,5,Clayton County                ,587,587,134023470,0,0,0,0,0,0,9,70,4450474,563,563,130786895,0,0,0,0,0,0,9,70,4450474
201908,13,067,3,5,Cobb County                   ,1104,1104,292473893,12,24,4677662,15,51,11206073,35,1317,166460124,1067,1067,284191404,12,24,4677662,15,51,11206073,35,1317,166460124
201908,13,073,3,5,Columbia County               ,789,789,144037435,4,8,1255328,17,61,4770881,14,322,27767744,338,338,57474052,4,8,1255328,17,61,4770881,14,322,27767744
201908,13,077,3,5,Coweta County                 ,640,640,216938467,0,0,0,0,0,0,14,320,27275402,590,590,204081989,0,0,0,0,0,0,14,320,27275402
201908,13,085,3,5,Dawson County                 ,278,278,50310515,0,0,0,0,0,0,0,0,0,207,207,37341479,0,0,0,0,0,0,0,0,0
201908,13,095,3,5,Dougherty County              ,9,9,1796428,0,0,0,0,0,0,4,80,8806000,6,6,1387422,0,0,0,0,0,0,4,80,8806000
201908,13,097,3,5,Douglas County                ,293,293,63370940,0,0,0,0,0,0,0,0,0,293,293,63370940,0,0,0,0,0,0,0,0,0
201908,13,111,3,5,Fannin County                 ,183,183,36300873,0,0,0,0,0,0,0,0,0,183,183,36300873,0,0,0,0,0,0,0,0,0
201908,13,113,3,5,Fayette County                ,401,401,121530103,1,2,800000,0,0,0,0,0,0,291,291,91908538,1,2,800000,0,0,0,0,0,0
201908,13,115,3,5,Floyd County                  ,186,186,29005483,0,0,0,0,0,0,0,0,0,186,186,29005483,0,0,0,0,0,0,0,0,0
201908,13,117,3,5,Forsyth County                ,1305,1305,224334300,0,0,0,0,0,0,0,0,0,1305,1305,224334300,0,0,0,0,0,0,0,0,0
201908,13,121,3,5,Fulton County                 ,2750,2750,708823735,0,0,0,3,9,1208451,40,1553,218058402,2650,2650,693153179,0,0,0,3,9,1208451,40,1553,218058402
201908,13,127,3,5,Glynn County                  ,238,238,86322380,3,6,785000,0,0,0,0,0,0,185,185,70710996,3,6,785000,0,0,0,0,0,0
201908,13,135,3,5,Gwinnett County               ,2386,2386,578752719,0,0,0,0,0,0,9,532,64223956,2343,2343,566465833,0,0,0,0,0,0,8,483,58863983
201908,13,143,3,5,Haralson County               ,37,37,8557866,0,0,0,0,0,0,0,0,0,2,2,552000,0,0,0,0,0,0,0,0,0
201908,13,145,3,5,Harris County                 ,162,162,41373120,0,0,0,0,0,0,0,0,0,162,162,41373120,0,0,0,0,0,0,0,0,0
201908,13,149,3,5,Heard County                  ,17,17,3963809,0,0,0,0,0,0,0,0,0,17,17,3963809,0,0,0,0,0,0,0,0,0
201908,13,151,3,5,Henry County                  ,1094,1094,212409605,0,0,0,0,0,0,0,0,0,946,946,192917747,0,0,0,0,0,0,0,0,0
201908,13,159,3,5,Jasper County                 ,50,50,6698700,0,0,0,0,0,0,0,0,0,0,0,0,0,0,0,0,0,0,0,0,0
201908,13,171,3,5,Lamar County                  ,73,73,8658798,0,0,0,0,0,0,0,0,0,73,73,8658798,0,0,0,0,0,0,0,0,0
201908,13,177,3,5,Lee County                    ,78,78,8841057,0,0,0,0,0,0,0,0,0,69,69,7746826,0,0,0,0,0,0,0,0,0
201908,13,179,3,5,Liberty County                ,193,193,43354308,2,4,376864,0,0,0,15,392,40731176,187,187,42111433,2,4,376864,0,0,0,15,392,40731176
201908,13,189,3,5,McDuffie County               ,26,26,5201455,0,0,0,0,0,0,0,0,0,23,23,4633000,0,0,0,0,0,0,0,0,0
201908,13,199,3,5,Meriwether County             ,66,66,12924726,0,0,0,0,0,0,0,0,0,48,48,8886193,0,0,0,0,0,0,0,0,0
201908,13,201,3,5,Miller County                 ,8,8,1253016,0,0,0,0,0,0,0,0,0,8,8,1253016,0,0,0,0,0,0,0,0,0
201908,13,207,3,5,Monroe County                 ,101,101,15836786,0,0,0,0,0,0,0,0,0,16,16,4630000,0,0,0,0,0,0,0,0,0
201908,13,215,3,5,Muscogee County               ,227,227,44259532,0,0,0,7,26,1600212,13,104,18714602,0,0,0,0,0,0,0,0,0,0,0,0
201908,13,217,3,5,Newton County                 ,427,427,73810321,0,0,0,0,0,0,1,6,600000,427,427,73810321,0,0,0,0,0,0,1,6,600000
201908,13,227,3,5,Pickens County                ,120,120,30934447,0,0,0,0,0,0,0,0,0,120,120,30934447,0,0,0,0,0,0,0,0,0
201908,13,231,3,5,Pike County                   ,82,82,15480000,0,0,0,0,0,0,0,0,0,58,58,10680000,0,0,0,0,0,0,0,0,0
201908,13,235,3,5,Pulaski County                ,11,11,1726895,0,0,0,0,0,0,0,0,0,11,11,1726895,0,0,0,0,0,0,0,0,0
201908,13,245,3,5,Richmond County               ,227,227,35326091,0,0,0,0,0,0,3,73,4193069,129,129,19220552,0,0,0,0,0,0,0,0,0
201908,13,247,3,5,Rockdale County               ,161,161,40007492,0,0,0,0,0,0,0,0,0,161,161,40007492,0,0,0,0,0,0,0,0,0
201908,13,255,3,5,Spalding County               ,193,193,28438549,0,0,0,0,0,0,5,120,11853600,191,191,28281649,0,0,0,0,0,0,5,120,11853600
201908,13,275,3,5,Thomas County                 ,50,50,10216628,0,0,0,0,0,0,0,0,0,40,40,7952888,0,0,0,0,0,0,0,0,0
201908,13,291,3,5,Union County                  ,143,143,37837509,0,0,0,0,0,0,0,0,0,143,143,37837509,0,0,0,0,0,0,0,0,0
201908,15,001,4,9,Hawaii County                 ,642,642,202558065,0,0,0,0,0,0,1,24,2900000,340,340,108808054,0,0,0,0,0,0,1,24,2900000
201908,15,003,4,9,Honolulu County               ,640,640,251262458,0,0,0,8,24,15590983,41,907,172873406,640,640,251262458,0,0,0,8,24,15590983,41,907,172873406
201908,15,007,4,9,Kauai County                  ,115,115,78737068,2,4,1585175,0,0,0,0,0,0,115,115,78737068,2,4,1585175,0,0,0,0,0,0
201908,15,009,4,9,Maui County                   ,361,361,126194069,5,10,2161465,17,68,28225000,2,64,16429729,361,361,126194069,5,10,2161465,17,68,28225000,2,64,16429729
201908,16,001,4,8,Ada County                    ,3366,3366,890716980,10,20,3315620,14,53,6489111,95,1266,135366857,3203,3203,840691888,10,20,3315620,14,53,6489111,95,1266,135366857
201908,16,015,4,8,Boise County                  ,56,56,17207820,0,0,0,0,0,0,0,0,0,54,54,16902280,0,0,0,0,0,0,0,0,0
201908,16,027,4,8,Canyon County                 ,1686,1686,258833995,16,32,2434355,18,72,5205602,23,462,44174604,1685,1685,258701651,16,32,2434355,18,72,5205602,23,462,44174604
201908,16,045,4,8,Gem County                    ,90,90,14003026,1,2,140786,1,4,392897,0,0,0,88,88,13759379,0,0,0,1,4,392897,0,0,0
201908,16,073,4,8,Owyhee County                 ,24,24,4346449,1,2,160254,0,0,0,0,0,0,14,14,2476332,1,2,160254,0,0,0,0,0,0
201908,17,005,2,3,Bond County                   ,7,7,1752742,0,0,0,0,0,0,0,0,0,2,2,871702,0,0,0,0,0,0,0,0,0
201908,17,013,2,3,Calhoun County                ,5,5,589672,0,0,0,0,0,0,0,0,0,3,3,287000,0,0,0,0,0,0,0,0,0
201908,17,031,2,3,Cook County                   ,815,815,268733289,35,70,16155217,127,411,84041153,108,5042,618060346,727,727,233131829,32,64,14595217,125,405,83236763,104,5013,614663701
201908,17,037,2,3,DeKalb County                 ,59,59,14308005,0,0,0,2,8,1153500,0,0,0,56,56,13884827,0,0,0,2,8,1153500,0,0,0
201908,17,039,2,3,De Witt County                ,8,8,1714500,0,0,0,0,0,0,0,0,0,8,8,1714500,0,0,0,0,0,0,0,0,0
201908,17,043,2,3,DuPage County                 ,567,567,238965416,2,4,776550,5,17,3543343,11,181,22525116,510,510,214247030,1,2,440000,5,17,3543343,4,97,20532661
201908,17,063,2,3,Grundy County                 ,63,63,11309277,0,0,0,0,0,0,10,82,4205124,56,56,10185434,0,0,0,0,0,0,0,0,0
201908,17,083,2,3,Jersey County                 ,66,66,17840673,0,0,0,0,0,0,0,0,0,58,58,16595801,0,0,0,0,0,0,0,0,0
201908,17,093,2,3,Kendall County                ,208,208,36153142,7,14,1823419,0,0,0,5,63,4902111,162,162,27183361,0,0,0,0,0,0,1,5,324254
201908,17,097,2,3,Lake County                   ,377,377,131820643,6,12,1431740,0,0,0,4,46,13826078,303,303,104741902,3,6,1181741,0,0,0,1,31,11250000
201908,17,111,2,3,McHenry County                ,359,359,59927627,1,2,500000,1,4,529111,1,6,90000,346,346,57677215,1,2,500000,1,4,529111,0,0,0
201908,17,119,2,3,Madison County                ,230,230,60206027,8,16,1982222,10,39,3295536,0,0,0,215,215,57243738,8,16,1982222,9,36,2967640,0,0,0
201908,17,133,2,3,Monroe County                 ,67,67,18902748,0,0,0,0,0,0,2,25,2047550,65,65,18452612,0,0,0,0,0,0,1,20,1615550
201908,17,197,2,3,Will County                   ,788,788,202782414,8,16,3067400,4,14,2353000,6,164,11206000,658,658,175604205,7,14,2657400,2,8,1333000,6,164,11206000
201908,18,003,2,3,Allen County                  ,696,696,187646887,8,16,405000,8,24,960000,15,522,57714108,696,696,187646887,8,16,405000,8,24,960000,15,522,57714108
201908,18,011,2,3,Boone County                  ,348,348,99183762,10,20,5192000,0,0,0,3,218,17079710,348,348,99183762,10,20,5192000,0,0,0,3,218,17079710
201908,18,013,2,3,Brown County                  ,48,48,12673198,0,0,0,0,0,0,0,0,0,44,44,11655618,0,0,0,0,0,0,0,0,0
201908,18,019,2,3,Clark County                  ,388,388,84352307,5,10,1076118,4,14,2135661,4,240,24982272,354,354,77274504,5,10,1076118,4,14,2135661,4,240,24982272
201908,18,047,2,3,Franklin County               ,25,25,6958410,1,2,140000,0,0,0,0,0,0,25,25,6958410,1,2,140000,0,0,0,0,0,0
201908,18,057,2,3,Hamilton County               ,1643,1643,539283683,6,12,2400000,3,12,2510000,26,390,49352919,1643,1643,539283683,6,12,2400000,3,12,2510000,26,390,49352919
201908,18,059,2,3,Hancock County                ,399,399,112508023,0,0,0,0,0,0,0,0,0,392,392,110669712,0,0,0,0,0,0,0,0,0
201908,18,061,2,3,Harrison County               ,74,74,18414988,0,0,0,0,0,0,0,0,0,74,74,18414988,0,0,0,0,0,0,0,0,0
201908,18,063,2,3,Hendricks County              ,561,561,151016319,9,18,1442725,1,4,591816,6,36,2637875,490,490,134097439,6,12,968179,1,4,591816,6,36,2637875
201908,18,069,2,3,Huntington County             ,48,48,11532715,0,0,0,0,0,0,0,0,0,48,48,11532715,0,0,0,0,0,0,0,0,0
201908,18,073,2,3,Jasper County                 ,71,71,17401707,1,2,290559,0,0,0,0,0,0,64,64,16458375,1,2,290559,0,0,0,0,0,0
201908,18,081,2,3,Johnson County                ,568,568,159675229,0,0,0,0,0,0,0,0,0,547,547,157248280,0,0,0,0,0,0,0,0,0
201908,18,087,2,3,Lagrange County               ,114,114,21740533,0,0,0,0,0,0,0,0,0,108,108,20554501,0,0,0,0,0,0,0,0,0
201908,18,089,2,3,Lake County                   ,768,768,201845906,21,42,4777800,1,3,630000,1,32,4880297,729,729,193074621,21,42,4777800,1,3,630000,1,32,4880297
201908,18,097,2,3,Marion County                 ,862,862,225182666,9,18,2769487,6,24,4978824,28,1051,155385136,829,829,217787945,9,18,2769487,6,24,4978824,28,1051,155385136
201908,18,105,2,3,Monroe County                 ,151,151,39492566,9,18,2449378,0,0,0,4,203,23538466,121,121,31744419,5,10,1403276,0,0,0,2,175,20300024
201908,18,109,2,3,Morgan County                 ,176,176,40125763,1,2,210000,0,0,0,0,0,0,172,172,39083345,1,2,210000,0,0,0,0,0,0
201908,18,111,2,3,Newton County                 ,15,15,3074084,0,0,0,0,0,0,0,0,0,13,13,2667000,0,0,0,0,0,0,0,0,0
201908,18,115,2,3,Ohio County                   ,17,17,3118588,0,0,0,0,0,0,0,0,0,16,16,2978650,0,0,0,0,0,0,0,0,0
201908,18,119,2,3,Owen County                   ,19,19,5046158,0,0,0,0,0,0,0,0,0,19,19,5046158,0,0,0,0,0,0,0,0,0
201908,18,127,2,3,Porter County                 ,314,314,82635535,5,10,1505698,0,0,0,5,42,4971007,291,291,78181529,5,10,1505698,0,0,0,4,36,4220073
201908,18,133,2,3,Putnam County                 ,79,79,19292399,0,0,0,0,0,0,8,92,7000000,73,73,18423977,0,0,0,0,0,0,8,92,7000000
201908,18,145,2,3,Shelby County                 ,33,33,6131921,0,0,0,0,0,0,0,0,0,33,33,6131921,0,0,0,0,0,0,0,0,0
201908,18,151,2,3,Steuben County                ,87,87,23419656,3,6,950000,0,0,0,0,0,0,87,87,23419656,3,6,950000,0,0,0,0,0,0
201908,18,157,2,3,Tippecanoe County             ,255,255,64275464,0,0,0,0,0,0,29,558,42410435,244,244,62831477,0,0,0,0,0,0,27,544,40782547
201908,18,163,2,3,Vanderburgh County            ,214,214,47791713,12,24,1846250,0,0,0,0,0,0,184,184,42465380,12,24,1846250,0,0,0,0,0,0
201908,18,167,2,3,Vigo County                   ,9,9,2168000,11,22,2979000,0,0,0,0,0,0,9,9,2168000,11,22,2979000,0,0,0,0,0,0
201908,18,175,2,3,Washington County             ,36,36,9135576,0,0,0,0,0,0,0,0,0,0,0,0,0,0,0,0,0,0,0,0,0
201908,18,183,2,3,Whitley County                ,88,88,18605852,0,0,0,0,0,0,1,5,462857,88,88,18605852,0,0,0,0,0,0,0,0,0
201908,19,049,2,4,Dallas County                 ,379,379,107015341,2,4,610894,0,0,0,3,34,3517237,371,371,104763601,2,4,610894,0,0,0,1,24,2596185
201908,19,085,2,4,Harrison County               ,22,22,5750912,0,0,0,0,0,0,0,0,0,18,18,4895732,0,0,0,0,0,0,0,0,0
201908,19,129,2,4,Mills County                  ,4,4,1058513,2,4,450000,0,0,0,0,0,0,4,4,1058513,2,4,450000,0,0,0,0,0,0
201908,19,153,2,4,Polk County                   ,1656,1656,440897630,9,18,3919260,1,4,891226,14,650,77843251,1648,1648,439295307,9,18,3919260,1,4,891226,14,650,77843251
201908,19,181,2,4,Warren County                 ,276,276,69343763,0,0,0,0,0,0,0,0,0,267,267,67243395,0,0,0,0,0,0,0,0,0
201908,20,061,2,4,Geary County                  ,10,10,2618666,0,0,0,0,0,0,0,0,0,8,8,2110000,0,0,0,0,0,0,0,0,0
201908,20,091,2,4,Johnson County                ,1059,1059,372432266,15,30,6380470,14,48,9653330,20,1060,144502320,950,950,328419446,14,28,6043169,14,48,9653330,16,810,109267555
201908,20,103,2,4,Leavenworth County            ,168,168,38545779,0,0,0,0,0,0,0,0,0,168,168,38545779,0,0,0,0,0,0,0,0,0
201908,20,107,2,4,Linn County                   ,29,29,3136642,0,0,0,0,0,0,0,0,0,15,15,1819255,0,0,0,0,0,0,0,0,0
201908,20,121,2,4,Miami County                  ,56,56,15111395,0,0,0,2,8,848000,0,0,0,17,17,3099295,0,0,0,2,8,848000,0,0,0
201908,20,209,2,4,Wyandotte County              ,120,120,22382474,4,8,779124,0,0,0,0,0,0,25,25,5252799,0,0,0,0,0,0,0,0,0
201908,21,005,3,6,Anderson County               ,41,41,7738059,0,0,0,1,4,215100,0,0,0,41,41,7738059,0,0,0,1,4,215100,0,0,0
201908,21,015,3,6,Boone County                  ,310,310,58028965,0,0,0,1,4,650000,5,60,4149469,310,310,58028965,0,0,0,1,4,650000,5,60,4149469
201908,21,017,3,6,Bourbon County                ,30,30,7375412,0,0,0,0,0,0,0,0,0,26,26,6458535,0,0,0,0,0,0,0,0,0
201908,21,021,3,6,Boyle County                  ,8,8,1440368,5,10,889320,0,0,0,0,0,0,5,5,870000,5,10,889320,0,0,0,0,0,0
201908,21,029,3,6,Bullitt County                ,240,240,60841327,3,6,840000,3,12,780000,0,0,0,240,240,60841327,3,6,840000,3,12,780000,0,0,0
201908,21,035,3,6,Calloway County               ,6,6,1346700,1,2,184000,5,20,840965,0,0,0,6,6,1346700,1,2,184000,5,20,840965,0,0,0
201908,21,037,3,6,Campbell County               ,121,121,38369505,0,0,0,2,7,1274818,1,5,409345,101,101,33152278,0,0,0,1,4,959068,0,0,0
201908,21,045,3,6,Casey County                  ,0,0,0,0,0,0,0,0,0,0,0,0,0,0,0,0,0,0,0,0,0,0,0,0
201908,21,047,3,6,Christian County              ,36,36,4004100,1,2,155000,0,0,0,7,58,7942000,18,18,2722500,1,2,155000,0,0,0,7,58,7942000
201908,21,049,3,6,Clark County                  ,32,32,7200194,0,0,0,0,0,0,7,35,2423750,5,5,1252000,0,0,0,0,0,0,0,0,0
201908,21,067,3,6,Fayette County                ,531,531,89871237,2,4,398267,1,3,291429,18,560,33437786,0,0,0,0,0,0,0,0,0,0,0,0
201908,21,069,3,6,Fleming County                ,0,0,0,0,0,0,0,0,0,0,0,0,0,0,0,0,0,0,0,0,0,0,0,0
201908,21,077,3,6,Gallatin County               ,13,13,2553080,0,0,0,0,0,0,0,0,0,0,0,0,0,0,0,0,0,0,0,0,0
201908,21,081,3,6,Grant County                  ,48,48,8803209,0,0,0,0,0,0,0,0,0,42,42,7391050,0,0,0,0,0,0,0,0,0
201908,21,091,3,6,Hancock County                ,2,2,409796,0,0,0,0,0,0,0,0,0,2,2,409796,0,0,0,0,0,0,0,0,0
201908,21,099,3,6,Hart County                   ,14,14,1222500,0,0,0,0,0,0,2,13,1476119,4,4,250000,0,0,0,0,0,0,0,0,0
201908,21,101,3,6,Henderson County              ,22,22,4835878,11,22,1869876,0,0,0,2,55,5269675,22,22,4835878,11,22,1869876,0,0,0,2,55,5269675
201908,21,103,3,6,Henry County                  ,19,19,4224500,1,2,180000,0,0,0,0,0,0,19,19,4224500,1,2,180000,0,0,0,0,0,0
201908,21,111,3,6,Jefferson County              ,835,835,248515313,3,6,624511,1,3,333482,60,1430,111263093,393,393,113600794,2,4,375000,0,0,0,30,642,19993750
201908,21,113,3,6,Jessamine County              ,129,129,38034019,0,0,0,4,12,1627500,0,0,0,50,50,26326500,0,0,0,0,0,0,0,0,0
201908,21,115,3,6,Johnson County                ,0,0,0,0,0,0,0,0,0,0,0,0,0,0,0,0,0,0,0,0,0,0,0,0
201908,21,117,3,6,Kenton County                 ,222,222,52993918,0,0,0,0,0,0,0,0,0,222,222,52993918,0,0,0,0,0,0,0,0,0
201908,21,121,3,6,Knox County                   ,0,0,0,0,0,0,0,0,0,0,0,0,0,0,0,0,0,0,0,0,0,0,0,0
201908,21,123,3,6,Larue County                  ,32,32,7575519,0,0,0,0,0,0,0,0,0,32,32,7575519,0,0,0,0,0,0,0,0,0
201908,21,137,3,6,Lincoln County                ,33,33,2805746,0,0,0,0,0,0,0,0,0,23,23,1760000,0,0,0,0,0,0,0,0,0
201908,21,145,3,6,McCracken County              ,62,62,15113382,0,0,0,0,0,0,0,0,0,34,34,7705041,0,0,0,0,0,0,0,0,0
201908,21,151,3,6,Madison County                ,122,122,12867346,16,32,1829960,2,7,262000,9,55,2149718,33,33,5060000,6,12,700000,2,7,262000,1,12,700000
201908,21,157,3,6,Marshall County               ,52,52,13298550,4,8,1040000,0,0,0,0,0,0,52,52,13298550,4,8,1040000,0,0,0,0,0,0
201908,21,161,3,6,Mason County                  ,9,9,2269000,1,2,250000,0,0,0,0,0,0,9,9,2269000,1,2,250000,0,0,0,0,0,0
201908,21,163,3,6,Meade County                  ,76,76,17138500,1,2,380000,0,0,0,0,0,0,76,76,17138500,1,2,380000,0,0,0,0,0,0
201908,21,167,3,6,Mercer County                 ,33,33,5658155,0,0,0,0,0,0,0,0,0,0,0,0,0,0,0,0,0,0,0,0,0
201908,21,175,3,6,Morgan County                 ,16,16,1200000,0,0,0,0,0,0,0,0,0,0,0,0,0,0,0,0,0,0,0,0,0
201908,21,179,3,6,Nelson County                 ,173,173,29535548,26,52,4345000,2,7,460000,0,0,0,173,173,29535548,26,52,4345000,2,7,460000,0,0,0
201908,21,185,3,6,Oldham County                 ,208,208,65684300,0,0,0,0,0,0,0,0,0,0,0,0,0,0,0,0,0,0,0,0,0
201908,21,191,3,6,Pendleton County              ,0,0,0,0,0,0,0,0,0,0,0,0,0,0,0,0,0,0,0,0,0,0,0,0
201908,21,209,3,6,Scott County                  ,251,251,45061724,8,16,2186083,0,0,0,2,21,1403481,150,150,26460682,0,0,0,0,0,0,0,0,0
201908,21,211,3,6,Shelby County                 ,154,154,39234253,0,0,0,0,0,0,0,0,0,154,154,39234253,0,0,0,0,0,0,0,0,0
201908,21,213,3,6,Simpson County                ,63,63,10269870,3,6,502000,0,0,0,2,28,2169440,63,63,10269870,3,6,502000,0,0,0,2,28,2169440
201908,21,215,3,6,Spencer County                ,83,83,19649068,0,0,0,0,0,0,0,0,0,83,83,19649068,0,0,0,0,0,0,0,0,0
201908,21,221,3,6,Trigg County                  ,11,11,2176125,2,4,374290,0,0,0,0,0,0,11,11,2176125,2,4,374290,0,0,0,0,0,0
201908,21,239,3,6,Woodford County               ,64,64,11882947,3,6,820000,0,0,0,3,60,3555556,48,48,8833609,3,6,820000,0,0,0,2,54,3200000
201908,22,005,3,7,Ascension Parish              ,620,620,95807435,0,0,0,0,0,0,0,0,0,456,456,70841447,0,0,0,0,0,0,0,0,0
201908,22,015,3,7,Bossier Parish                ,452,452,93158728,0,0,0,0,0,0,0,0,0,420,420,86347267,0,0,0,0,0,0,0,0,0
201908,22,017,3,7,Caddo Parish                  ,207,207,45219858,0,0,0,0,0,0,0,0,0,207,207,45219858,0,0,0,0,0,0,0,0,0
201908,22,031,3,7,De Soto Parish                ,66,66,17821496,0,0,0,0,0,0,0,0,0,52,52,14096778,0,0,0,0,0,0,0,0,0
201908,22,033,3,7,East Baton Rouge Parish       ,902,902,220485665,3,6,811846,0,0,0,0,0,0,898,898,219845158,3,6,811846,0,0,0,0,0,0
201908,22,037,3,7,East Feliciana Parish         ,37,37,7377121,0,0,0,0,0,0,0,0,0,37,37,7377121,0,0,0,0,0,0,0,0,0
201908,22,047,3,7,Iberville Parish              ,64,64,15618995,0,0,0,0,0,0,0,0,0,20,20,5517264,0,0,0,0,0,0,0,0,0
201908,22,051,3,7,Jefferson Parish              ,390,390,85814053,0,0,0,0,0,0,0,0,0,372,372,81612179,0,0,0,0,0,0,0,0,0
201908,22,055,3,7,Lafayette Parish              ,755,755,169233028,0,0,0,0,0,0,1,24,3100000,356,356,74419658,0,0,0,0,0,0,1,24,3100000
201908,22,063,3,7,Livingston Parish             ,567,567,120816840,0,0,0,0,0,0,0,0,0,23,23,4239922,0,0,0,0,0,0,0,0,0
201908,22,071,3,7,Orleans Parish                ,387,387,83803958,80,160,17450470,0,0,0,8,303,51972735,290,290,61956169,64,128,14142154,0,0,0,6,183,27223605
201908,22,075,3,7,Plaquemines Parish            ,52,52,14554239,1,2,240000,1,3,373351,0,0,0,52,52,14554239,1,2,240000,1,3,373351,0,0,0
201908,22,077,3,7,Pointe Coupee Parish          ,39,39,10221628,0,0,0,0,0,0,0,0,0,39,39,10221628,0,0,0,0,0,0,0,0,0
201908,22,087,3,7,St. Bernard Parish            ,132,132,22216222,4,8,590000,0,0,0,0,0,0,132,132,22216222,4,8,590000,0,0,0,0,0,0
201908,22,089,3,7,St. Charles Parish            ,80,80,19479748,0,0,0,0,0,0,0,0,0,80,80,19479748,0,0,0,0,0,0,0,0,0
201908,22,091,3,7,St. Helena Parish             ,26,26,4615134,0,0,0,0,0,0,0,0,0,0,0,0,0,0,0,0,0,0,0,0,0
201908,22,095,3,7,St. John the Baptist Parish   ,34,34,5619140,0,0,0,0,0,0,0,0,0,0,0,0,0,0,0,0,0,0,0,0,0
201908,22,099,3,7,St. Martin Parish             ,117,117,21745090,0,0,0,0,0,0,0,0,0,6,6,1311761,0,0,0,0,0,0,0,0,0
201908,22,103,3,7,St. Tammany Parish            ,1111,1111,240465201,3,6,870000,0,0,0,0,0,0,1084,1084,229869796,3,6,870000,0,0,0,0,0,0
201908,22,109,3,7,Terrebonne Parish             ,100,100,27905308,3,6,466668,2,6,523500,0,0,0,66,66,19186305,0,0,0,0,0,0,0,0,0
201908,22,121,3,7,West Baton Rouge Parish       ,161,161,26619115,0,0,0,0,0,0,0,0,0,144,144,24534722,0,0,0,0,0,0,0,0,0
201908,22,125,3,7,West Feliciana Parish         ,28,28,10607056,0,0,0,0,0,0,2,10,1885510,4,4,1040299,0,0,0,0,0,0,0,0,0
201908,23,000,1,1,Maine Unorganized Territory   ,52,52,6905614,0,0,0,0,0,0,0,0,0,0,0,0,0,0,0,0,0,0,0,0,0
201908,24,003,3,5,Anne Arundel County           ,1291,1291,240512254,0,0,0,0,0,0,3,588,108130000,1278,1278,238277801,0,0,0,0,0,0,3,588,108130000
201908,24,005,3,5,Baltimore County              ,554,554,125149698,0,0,0,0,0,0,4,192,22800000,554,554,125149698,0,0,0,0,0,0,4,192,22800000
201908,24,009,3,5,Calvert County                ,133,133,31504057,0,0,0,0,0,0,5,240,25000000,133,133,31504057,0,0,0,0,0,0,5,240,25000000
201908,24,013,3,5,Carroll County                ,249,249,59097070,0,0,0,0,0,0,1,12,900000,249,249,59097070,0,0,0,0,0,0,1,12,900000
201908,24,015,3,5,Cecil County                  ,126,126,23581947,0,0,0,0,0,0,0,0,0,126,126,23581947,0,0,0,0,0,0,0,0,0
201908,24,017,3,5,Charles County                ,537,537,130289069,0,0,0,0,0,0,6,80,11036133,523,523,128010293,0,0,0,0,0,0,6,80,11036133
201908,24,021,3,5,Frederick County              ,1089,1089,262554390,14,28,3490000,9,31,3390244,29,720,75960632,1089,1089,262554390,14,28,3490000,9,31,3390244,29,720,75960632
201908,24,023,3,5,Garrett County                ,58,58,22842175,0,0,0,0,0,0,0,0,0,58,58,22842175,0,0,0,0,0,0,0,0,0
201908,24,025,3,5,Harford County                ,520,520,117571491,0,0,0,0,0,0,2,96,9670000,520,520,117571491,0,0,0,0,0,0,2,96,9670000
201908,24,027,3,5,Howard County                 ,509,509,120298349,1,2,300000,0,0,0,0,0,0,509,509,120298349,1,2,300000,0,0,0,0,0,0
201908,24,031,3,5,Montgomery County             ,506,506,118314674,8,16,1032700,9,36,1501100,21,1976,266488221,505,505,118076238,7,14,882700,9,36,1501100,21,1976,266488221
201908,24,033,3,5,Prince George County          ,1540,1540,365904677,1,2,391606,2,8,2290704,0,0,0,1537,1537,365121603,1,2,391606,2,8,2290704,0,0,0
201908,24,035,3,5,Queen Anne County             ,170,170,38787036,0,0,0,1,4,500000,5,80,12272000,170,170,38787036,0,0,0,1,4,500000,5,80,12272000
201908,24,037,3,5,St. Marys County              ,330,330,73305900,4,8,1300000,0,0,0,6,66,11825054,330,330,73305900,4,8,1300000,0,0,0,6,66,11825054
201908,24,039,3,5,Somerset County               ,20,20,3349141,0,0,0,0,0,0,0,0,0,17,17,2714655,0,0,0,0,0,0,0,0,0
201908,24,045,3,5,Wicomico County               ,146,146,20997901,0,0,0,0,0,0,6,40,3507568,137,137,19399790,0,0,0,0,0,0,6,40,3507568
201908,24,510,3,5,Baltimore (Independent City)  ,92,92,13278503,0,0,0,0,0,0,5,478,73799506,73,73,10285000,0,0,0,0,0,0,3,186,29550000
201908,25,005,1,1,Bristol County                ,402,402,86548089,22,44,5131026,2,6,400000,4,22,2892340,236,236,52924253,19,38,4604940,0,0,0,2,12,1670940
201908,25,009,1,1,Essex County                  ,375,375,117823588,31,62,11857635,3,12,3500000,13,211,28108556,322,322,99379352,9,18,3259257,3,12,3500000,2,152,14752386
201908,25,017,1,1,Middlesex County              ,788,788,259332310,38,76,14757372,31,105,21684133,407,3288,323276191,546,546,180948037,22,44,7507389,23,80,16878901,373,2715,226286644
201908,25,021,1,1,Norfolk County                ,442,442,192054285,12,24,4804084,5,17,2652661,37,1088,87017078,299,299,123616635,12,24,4804084,4,14,1495518,9,802,56676766
201908,25,023,1,1,Plymouth County               ,669,669,157049692,5,10,1436160,3,10,1500000,10,70,8947376,478,478,113385189,5,10,1436160,3,10,1500000,4,31,4103533
201908,25,025,1,1,Suffolk County                ,33,33,8202202,27,54,10781271,39,125,23774308,71,1654,353903572,27,27,7142822,21,42,9290549,39,125,23774308,54,1558,333439655
201908,26,000,2,3,Michigan Balance of State     ,42,42,7886383,0,0,0,0,0,0,0,0,0,0,0,0,0,0,0,0,0,0,0,0,0
201908,26,019,2,3,Benzie County                 ,49,49,10825170,0,0,0,0,0,0,0,0,0,36,36,7261638,0,0,0,0,0,0,0,0,0
201908,26,029,2,3,Charlevoix County             ,66,66,15886439,3,6,679170,0,0,0,0,0,0,0,0,0,0,0,0,0,0,0,0,0,0
201908,26,089,2,3,Leelanau County               ,91,91,22842898,0,0,0,0,0,0,0,0,0,73,73,18666085,0,0,0,0,0,0,0,0,0
201908,26,093,2,3,Livingston County             ,370,370,101413944,6,12,1450000,4,16,1500000,0,0,0,355,355,98537473,6,12,1450000,4,16,1500000,0,0,0
201908,26,095,2,3,Luce County                   ,2,2,289076,0,0,0,0,0,0,0,0,0,0,0,0,0,0,0,0,0,0,0,0,0
201908,26,099,2,3,Macomb County                 ,997,997,313552823,11,22,3744216,8,28,5221954,27,466,63227763,994,994,313061990,10,20,3604216,8,28,5221954,26,461,63102763
201908,26,103,2,3,Marquette County              ,45,45,9964925,5,10,1200000,0,0,0,0,0,0,45,45,9964925,5,10,1200000,0,0,0,0,0,0
201908,26,137,2,3,Otsego County                 ,14,14,1134000,0,0,0,0,0,0,0,0,0,0,0,0,0,0,0,0,0,0,0,0,0
201908,26,147,2,3,St. Clair County              ,155,155,31150242,0,0,0,0,0,0,3,114,7500000,131,131,26744047,0,0,0,0,0,0,3,114,7500000
201908,26,163,2,3,Wayne County                  ,580,580,175159419,1,2,278179,7,24,2780438,50,455,73076310,520,520,165279808,1,2,278179,7,24,2780438,46,389,66421849
201908,27,003,2,4,Anoka County                  ,638,638,180123063,0,0,0,0,0,0,7,223,23808710,603,603,171242178,0,0,0,0,0,0,2,148,14217736
201908,27,019,2,4,Carver County                 ,374,374,116544377,4,8,1938850,1,4,675000,0,0,0,352,352,110834135,4,8,1938850,1,4,675000,0,0,0
201908,27,025,2,4,Chisago County                ,152,152,28794346,1,2,350000,0,0,0,0,0,0,150,150,28375680,1,2,350000,0,0,0,0,0,0
201908,27,027,2,4,Clay County                   ,153,153,32668102,0,0,0,2,8,1440000,1,73,9641823,153,153,32668102,0,0,0,2,8,1440000,1,73,9641823
201908,27,037,2,4,Dakota County                 ,678,678,212977773,0,0,0,3,12,2412000,11,949,127152270,667,667,209191710,0,0,0,3,12,2412000,8,907,121192132
201908,27,053,2,4,Hennepin County               ,1258,1258,493539341,5,10,1926921,6,22,5952313,42,4970,817146284,1220,1220,478711869,5,10,1926921,6,22,5952313,42,4970,817146284
201908,27,059,2,4,Isanti County                 ,163,163,33673428,0,0,0,0,0,0,0,0,0,137,137,27610812,0,0,0,0,0,0,0,0,0
201908,27,123,2,4,Ramsey County                 ,121,121,45734737,1,2,780000,0,0,0,11,968,127382742,116,116,43972164,1,2,780000,0,0,0,10,963,126922586
201908,27,139,2,4,Scott County                  ,474,474,152315277,1,2,507968,0,0,0,4,494,92213351,458,458,148209223,1,2,507968,0,0,0,4,494,92213351
201908,27,141,2,4,Sherburne County              ,311,311,70602351,0,0,0,0,0,0,3,46,7763000,301,301,68835335,0,0,0,0,0,0,3,46,7763000
201908,27,163,2,4,Washington County             ,760,760,230812136,11,22,5383958,3,12,2534328,3,336,35243666,730,730,217483140,11,22,5383958,3,12,2534328,3,336,35243666
201908,27,171,2,4,Wright County                 ,618,618,172984952,0,0,0,1,4,787900,6,38,5358208,602,602,169307050,0,0,0,1,4,787900,3,21,3608480
201908,28,033,3,6,DeSoto County                 ,1004,1004,174027466,0,0,0,0,0,0,0,0,0,965,965,169595529,0,0,0,0,0,0,0,0,0
201908,28,041,3,6,Greene County                 ,0,0,0,0,0,0,0,0,0,0,0,0,0,0,0,0,0,0,0,0,0,0,0,0
201908,28,045,3,6,Hancock County                ,345,345,61272190,1,2,185179,5,16,1605781,9,69,5841726,119,119,26913889,0,0,0,0,0,0,0,0,0
201908,28,047,3,6,Harrison County               ,708,708,130463910,4,8,1114000,0,0,0,0,0,0,619,619,120353421,3,6,869000,0,0,0,0,0,0
201908,28,067,3,6,Jones County                  ,2,2,418520,0,0,0,0,0,0,0,0,0,2,2,418520,0,0,0,0,0,0,0,0,0
201908,28,129,3,6,Smith County                  ,0,0,0,0,0,0,0,0,0,0,0,0,0,0,0,0,0,0,0,0,0,0,0,0
201908,28,137,3,6,Tate County                   ,83,83,14613373,0,0,0,0,0,0,0,0,0,70,70,12160245,0,0,0,0,0,0,0,0,0
201908,28,143,3,6,Tunica County                 ,33,33,7107582,0,0,0,0,0,0,0,0,0,0,0,0,0,0,0,0,0,0,0,0,0
201908,28,145,3,6,Union County                  ,5,5,1126000,0,0,0,0,0,0,0,0,0,5,5,1126000,0,0,0,0,0,0,0,0,0
201908,28,149,3,6,Warren County                 ,1,1,520000,0,0,0,0,0,0,0,0,0,1,1,520000,0,0,0,0,0,0,0,0,0
201908,29,013,2,4,Bates County                  ,1,1,135000,0,0,0,0,0,0,0,0,0,1,1,135000,0,0,0,0,0,0,0,0,0
201908,29,017,2,4,Bollinger County              ,1,1,40000,0,0,0,0,0,0,0,0,0,1,1,40000,0,0,0,0,0,0,0,0,0
201908,29,019,2,4,Boone County                  ,391,391,108206438,0,0,0,0,0,0,1,12,3000000,391,391,108206438,0,0,0,0,0,0,1,12,3000000
201908,29,049,2,4,Clinton County                ,34,34,6794994,35,70,9760000,0,0,0,0,0,0,10,10,2232000,35,70,9760000,0,0,0,0,0,0
201908,29,065,2,4,Dent County                   ,0,0,0,0,0,0,0,0,0,0,0,0,0,0,0,0,0,0,0,0,0,0,0,0
201908,29,071,2,4,Franklin County               ,201,201,47261066,3,6,1170338,0,0,0,3,48,2775000,200,200,47093316,3,6,1170338,0,0,0,3,48,2775000
201908,29,095,2,4,Jackson County                ,939,939,222550095,57,114,9734167,13,49,8685101,17,953,96315101,905,905,213927736,57,114,9734167,13,49,8685101,17,953,96315101
201908,29,099,2,4,Jefferson County              ,465,465,113393297,1,2,300000,0,0,0,0,0,0,445,445,110993980,1,2,300000,0,0,0,0,0,0
201908,29,105,2,4,Laclede County                ,19,19,2582725,3,6,778500,0,0,0,1,5,534750,7,7,1113900,0,0,0,0,0,0,0,0,0
201908,29,107,2,4,Lafayette County              ,47,47,9019141,0,0,0,1,4,160000,0,0,0,40,40,7676982,0,0,0,1,4,160000,0,0,0
201908,29,113,2,4,Lincoln County                ,97,97,13934481,1,2,234292,0,0,0,7,50,5160000,97,97,13934481,1,2,234292,0,0,0,7,50,5160000
201908,29,165,2,4,Platte County                 ,137,137,43782120,0,0,0,0,0,0,0,0,0,137,137,43782120,0,0,0,0,0,0,0,0,0
201908,29,185,2,4,St. Clair County              ,2,2,150000,0,0,0,0,0,0,0,0,0,2,2,150000,0,0,0,0,0,0,0,0,0
201908,29,189,2,4,St. Louis County              ,619,619,253587616,0,0,0,0,0,0,10,186,26176956,320,320,142434841,0,0,0,0,0,0,4,116,17742677
201908,29,219,2,4,Warren County                 ,201,201,46987071,0,0,0,10,39,5172599,6,36,4398577,201,201,46987071,0,0,0,10,39,5172599,6,36,4398577
201908,29,221,2,4,Washington County             ,0,0,0,0,0,0,0,0,0,0,0,0,0,0,0,0,0,0,0,0,0,0,0,0
201908,29,510,2,4,St. Louis (Independent City)  ,80,80,15938507,0,0,0,3,9,1975000,6,168,14575562,52,52,10577603,0,0,0,2,6,1450000,4,80,9062200
201908,30,013,4,8,Cascade County                ,69,69,21742292,0,0,0,0,0,0,1,12,1002000,65,65,20887766,0,0,0,0,0,0,1,12,1002000
201908,30,033,4,8,Garfield County               ,0,0,0,0,0,0,0,0,0,0,0,0,0,0,0,0,0,0,0,0,0,0,0,0
201908,30,063,4,8,Missoula County               ,287,287,62964102,9,18,1325441,4,15,484647,9,119,9317705,287,287,62964102,9,18,1325441,4,15,484647,9,119,9317705
201908,30,093,4,8,Silver Bow County             ,37,37,3954196,1,2,370000,0,0,0,0,0,0,37,37,3954196,1,2,370000,0,0,0,0,0,0
201908,31,001,2,4,Adams County                  ,37,37,9918781,15,30,5386614,0,0,0,3,84,10220675,32,32,8517531,15,30,5386614,0,0,0,3,84,10220675
201908,31,025,2,4,Cass County                   ,77,77,13688442,0,0,0,0,0,0,0,0,0,22,22,4398529,0,0,0,0,0,0,0,0,0
201908,31,033,2,4,Cheyenne County               ,5,5,1107123,0,0,0,0,0,0,0,0,0,5,5,1107123,0,0,0,0,0,0,0,0,0
201908,31,055,2,4,Douglas County                ,847,847,137354576,1,2,192848,0,0,0,12,637,39598961,841,841,135871457,1,2,192848,0,0,0,12,637,39598961
201908,31,105,2,4,Kimball County                ,2,2,207600,0,0,0,0,0,0,0,0,0,2,2,207600,0,0,0,0,0,0,0,0,0
201908,31,153,2,4,Sarpy County                  ,569,569,147692342,0,0,0,0,0,0,10,446,32093465,502,502,130876112,0,0,0,0,0,0,10,446,32093465
201908,31,165,2,4,Sioux County                  ,1,1,164000,0,0,0,0,0,0,0,0,0,1,1,164000,0,0,0,0,0,0,0,0,0
201908,31,177,2,4,Washington County             ,29,29,8078111,0,0,0,0,0,0,0,0,0,29,29,8078111,0,0,0,0,0,0,0,0,0
201908,32,001,4,8,Churchill County              ,78,78,14206605,1,2,139828,0,0,0,0,0,0,78,78,14206605,1,2,139828,0,0,0,0,0,0
201908,32,003,4,8,Clark County                  ,6819,6819,1508614294,10,20,2841440,48,144,18682108,91,2637,261573116,6819,6819,1508614294,10,20,2841440,48,144,18682108,91,2637,261573116
201908,32,005,4,8,Douglas County                ,101,101,46191086,0,0,0,0,0,0,0,0,0,77,77,36225912,0,0,0,0,0,0,0,0,0
201908,32,007,4,8,Elko County                   ,89,89,14896121,0,0,0,0,0,0,0,0,0,89,89,14896121,0,0,0,0,0,0,0,0,0
201908,32,013,4,8,Humboldt County               ,6,6,989753,0,0,0,0,0,0,0,0,0,6,6,989753,0,0,0,0,0,0,0,0,0
201908,32,015,4,8,Lander County                 ,0,0,0,0,0,0,0,0,0,0,0,0,0,0,0,0,0,0,0,0,0,0,0,0
201908,32,017,4,8,Lincoln County                ,8,8,2233260,0,0,0,0,0,0,0,0,0,1,1,285178,0,0,0,0,0,0,0,0,0
201908,32,019,4,8,Lyon County                   ,252,252,68781841,0,0,0,0,0,0,0,0,0,188,188,53010860,0,0,0,0,0,0,0,0,0
201908,32,021,4,8,Mineral County                ,0,0,0,0,0,0,0,0,0,0,0,0,0,0,0,0,0,0,0,0,0,0,0,0
201908,32,027,4,8,Pershing County               ,2,2,131342,0,0,0,0,0,0,0,0,0,2,2,131342,0,0,0,0,0,0,0,0,0
201908,32,029,4,8,Storey County                 ,4,4,569647,0,0,0,0,0,0,0,0,0,4,4,569647,0,0,0,0,0,0,0,0,0
201908,32,031,4,8,Washoe County                 ,1335,1335,383961002,19,38,3677548,13,46,6202273,87,1753,240503688,951,951,276379994,17,34,3216120,11,38,5335863,69,1458,207944847
201908,32,033,4,8,White Pine County             ,2,2,537072,0,0,0,0,0,0,0,0,0,2,2,537072,0,0,0,0,0,0,0,0,0
201908,32,510,4,8,Carson City (Independent City),115,115,30643430,0,0,0,1,3,381851,3,34,3394715,44,44,11661299,0,0,0,0,0,0,0,0,0
201908,33,015,1,1,Rockingham County             ,427,427,124398434,23,46,8195265,0,0,0,14,483,63187904,373,373,109259944,20,40,6795117,0,0,0,6,437,58665211
201908,33,017,1,1,Strafford County              ,142,142,31932263,7,14,1459877,3,10,1000000,10,254,73070370,116,116,26532028,7,14,1459877,3,10,1000000,8,228,70495087
201908,34,001,1,2,Atlantic County               ,245,245,63072890,4,8,1088425,0,0,0,53,535,34351539,233,233,59661154,4,8,1088425,0,0,0,47,443,24878845
201908,34,003,1,2,Bergen County                 ,544,544,181630403,58,116,17578549,12,40,3579451,83,1928,254013975,389,389,132175584,55,110,16593171,12,40,3579451,37,1584,218332200
201908,34,005,1,2,Burlington County             ,441,441,70529313,1,2,12000,4,13,223426,108,1953,90493686,297,297,56553538,1,2,12000,3,10,19900,93,1863,81294133
201908,34,007,1,2,Camden County                 ,349,349,29612651,1,2,232,6,21,1938000,64,605,22318091,317,317,24220471,1,2,232,6,21,1938000,47,437,14242637
201908,34,009,1,2,Cape May County               ,318,318,135447763,56,112,14395877,7,23,2897717,10,53,2289820,308,308,129942003,56,112,14395877,7,23,2897717,10,53,2289820
201908,34,011,1,2,Cumberland County             ,87,87,7996884,0,0,0,0,0,0,0,0,0,76,76,7025869,0,0,0,0,0,0,0,0,0
201908,34,013,1,2,Essex County                  ,321,321,63141355,55,110,15402588,21,65,11165540,46,1355,203522743,205,205,52926836,51,102,14906838,16,50,4985802,23,937,174177759
201908,34,015,1,2,Gloucester County             ,312,312,43089626,5,10,278855,1,3,128055,16,116,13332102,218,218,32700447,5,10,278855,1,3,128055,3,24,2252265
201908,34,017,1,2,Hudson County                 ,1523,1523,47598476,27,54,6325898,47,156,22264595,46,2355,117041593,1517,1517,45701412,18,36,3932453,44,147,20952906,37,2154,90257763
201908,34,019,1,2,Hunterdon County              ,126,126,28133704,2,4,466400,3,9,1231000,37,291,17435899,109,109,25485302,0,0,0,3,9,1231000,22,207,12965352
201908,34,021,1,2,Mercer County                 ,104,104,19376922,2,4,118714,12,42,2669045,22,213,11351680,99,99,18001356,1,2,31800,11,39,2555272,18,193,11344662
201908,34,023,1,2,Middlesex County              ,460,460,96518907,13,26,1834261,48,165,5410367,52,1015,97430839,409,409,87832094,10,20,1108361,48,165,5410367,36,766,64958421
201908,34,025,1,2,Monmouth County               ,568,568,178355373,3,6,575400,3,9,50180,53,640,59902703,482,482,147923774,2,4,523400,3,9,50180,45,575,51955165
201908,34,027,1,2,Morris County                 ,592,592,109218600,1,2,5002,6,21,1155901,42,529,44206160,463,463,82841596,1,2,5002,3,9,668600,27,385,33018130
201908,34,029,1,2,Ocean County                  ,1222,1222,264588773,41,82,2743738,5,16,1195990,19,191,12590064,1093,1093,247193220,38,76,2218317,1,3,675000,13,154,9684525
201908,34,031,1,2,Passaic County                ,59,59,11770626,15,30,1525872,3,9,484209,22,302,12769656,39,39,7395513,12,24,1260408,0,0,0,9,195,6092900
201908,34,033,1,2,Salem County                  ,62,62,9106711,0,0,0,0,0,0,0,0,0,61,61,8937628,0,0,0,0,0,0,0,0,0
201908,34,035,1,2,Somerset County               ,228,228,40768537,0,0,0,1,3,399144,26,608,42853369,182,182,33542359,0,0,0,1,3,399144,8,327,21910066
201908,34,037,1,2,Sussex County                 ,80,80,15603487,23,46,4547000,1,4,600000,0,0,0,71,71,13053017,23,46,4547000,1,4,600000,0,0,0
201908,34,039,1,2,Union County                  ,153,153,37519934,66,132,9682315,2,6,765000,41,435,29905761,103,103,29629551,45,90,6626600,2,6,765000,18,221,17874222
201908,34,041,1,2,Warren County                 ,61,61,9854730,0,0,0,0,0,0,4,26,938827,44,44,6921779,0,0,0,0,0,0,0,0,0
201908,35,000,4,8,New Mexico Balance of State   ,239,239,64795770,0,0,0,0,0,0,0,0,0,0,0,0,0,0,0,0,0,0,0,0,0
201908,35,001,4,8,Bernalillo County             ,743,743,183223454,0,0,0,0,0,0,1,86,9800000,646,646,163853138,0,0,0,0,0,0,1,86,9800000
201908,35,005,4,8,Chaves County                 ,38,38,6621947,0,0,0,0,0,0,0,0,0,26,26,4793352,0,0,0,0,0,0,0,0,0
201908,35,009,4,8,Curry County                  ,37,37,9346064,0,0,0,0,0,0,5,25,2304690,0,0,0,0,0,0,0,0,0,0,0,0
201908,35,013,4,8,Dona Ana County               ,585,585,144381789,3,6,640340,0,0,0,4,96,9585000,555,555,136100383,3,6,640340,0,0,0,4,96,9585000
201908,35,015,4,8,Eddy County                   ,185,185,56356986,0,0,0,0,0,0,0,0,0,185,185,56356986,0,0,0,0,0,0,0,0,0
201908,35,017,4,8,Grant County                  ,7,7,1135843,0,0,0,0,0,0,0,0,0,0,0,0,0,0,0,0,0,0,0,0,0
201908,35,025,4,8,Lea County                    ,116,116,25780319,0,0,0,0,0,0,0,0,0,62,62,14383234,0,0,0,0,0,0,0,0,0
201908,35,027,4,8,Lincoln County                ,41,41,12392767,0,0,0,0,0,0,0,0,0,41,41,12392767,0,0,0,0,0,0,0,0,0
201908,35,028,4,8,Los Alamos County             ,24,24,5652571,0,0,0,0,0,0,0,0,0,24,24,5652571,0,0,0,0,0,0,0,0,0
201908,35,029,4,8,Luna County                   ,7,7,1477990,0,0,0,0,0,0,0,0,0,6,6,1294670,0,0,0,0,0,0,0,0,0
201908,35,031,4,8,McKinley County               ,1,1,265000,0,0,0,0,0,0,0,0,0,1,1,265000,0,0,0,0,0,0,0,0,0
201908,35,035,4,8,Otero County                  ,0,0,0,0,0,0,0,0,0,0,0,0,0,0,0,0,0,0,0,0,0,0,0,0
201908,35,041,4,8,Roosevelt County              ,15,15,2285498,0,0,0,0,0,0,0,0,0,0,0,0,0,0,0,0,0,0,0,0,0
201908,35,043,4,8,Sandoval County               ,457,457,101366566,1,2,283271,1,3,251560,8,46,1916665,0,0,0,0,0,0,0,0,0,0,0,0
201908,35,045,4,8,San Juan County               ,52,52,12063447,2,4,650880,1,3,179819,1,8,500000,49,49,11196607,2,4,650880,1,3,179819,1,8,500000
201908,35,047,4,8,San Miguel County             ,1,1,140000,0,0,0,0,0,0,0,0,0,0,0,0,0,0,0,0,0,0,0,0,0
201908,35,049,4,8,Santa Fe County               ,238,238,55059970,0,0,0,0,0,0,1,77,11802560,238,238,55059970,0,0,0,0,0,0,1,77,11802560
201908,35,051,4,8,Sierra County                 ,0,0,0,0,0,0,0,0,0,0,0,0,0,0,0,0,0,0,0,0,0,0,0,0
201908,35,055,4,8,Taos County                   ,70,70,8191838,0,0,0,0,0,0,0,0,0,0,0,0,0,0,0,0,0,0,0,0,0
201908,35,061,4,8,Valencia County               ,42,42,6919242,0,0,0,0,0,0,0,0,0,42,42,6919242,0,0,0,0,0,0,0,0,0
201908,36,001,1,2,Albany County                 ,158,158,39988813,2,4,530000,2,7,1050000,17,225,24655923,124,124,32369997,2,4,530000,1,4,600000,6,138,11540000
201908,36,005,1,2,Bronx County                  ,2,2,528429,17,34,5064767,15,45,5724948,51,2897,375678260,2,2,528429,17,34,5064767,15,45,5724948,51,2897,375678260
201908,36,029,1,2,Erie County                   ,519,519,162924737,3,6,1135031,8,31,6406424,22,302,46196822,459,459,149546433,3,6,1135031,8,31,6406424,13,146,11944235
201908,36,047,1,2,Kings County                  ,24,24,6359208,22,44,6559616,41,135,17236028,200,5386,698664791,24,24,6359208,22,44,6559616,41,135,17236028,200,5386,698664791
201908,36,051,1,2,Livingston County             ,41,41,9241068,0,0,0,0,0,0,2,12,852000,34,34,8214568,0,0,0,0,0,0,0,0,0
201908,36,055,1,2,Monroe County                 ,463,463,109672742,4,8,1417900,8,30,3594500,25,489,64682330,403,403,100500547,4,8,1417900,7,27,3354500,22,428,60538650
201908,36,059,1,2,Nassau County                 ,468,468,173689497,13,26,6212520,0,0,0,8,356,73690792,386,386,142214351,11,22,5732520,0,0,0,8,356,73690792
201908,36,061,1,2,New York County               ,1,1,266020,1,2,296439,1,4,532192,42,2861,371136128,1,1,266020,1,2,296439,1,4,532192,42,2861,371136128
201908,36,063,1,2,Niagara County                ,132,132,36057400,2,4,915000,0,0,0,0,0,0,98,98,26894730,2,4,915000,0,0,0,0,0,0
201908,36,069,1,2,Ontario County                ,179,179,64240342,3,6,114600,2,6,250000,0,0,0,154,154,58898723,3,6,114600,1,3,50000,0,0,0
201908,36,073,1,2,Orleans County                ,11,11,2630226,0,0,0,0,0,0,0,0,0,10,10,2375226,0,0,0,0,0,0,0,0,0
201908,36,079,1,2,Putnam County                 ,23,23,10579112,0,0,0,0,0,0,3,74,7956120,21,21,10145450,0,0,0,0,0,0,3,74,7956120
201908,36,081,1,2,Queens County                 ,60,60,15874544,100,200,29816822,22,66,8414072,66,3794,492095747,60,60,15874544,100,200,29816822,22,66,8414072,66,3794,492095747
201908,36,083,1,2,Rensselaer County             ,68,68,16880948,2,4,1100000,2,8,940000,3,22,1900000,41,41,9402890,0,0,0,2,8,940000,1,12,900000
201908,36,085,1,2,Richmond County               ,137,137,36300327,122,244,36330034,4,12,1570355,0,0,0,137,137,36300327,122,244,36330034,4,12,1570355,0,0,0
201908,36,087,1,2,Rockland County               ,67,67,22823635,22,44,6513985,18,61,8103769,21,146,22769359,44,44,15557900,1,2,300657,2,8,1800000,1,10,1290153
201908,36,091,1,2,Saratoga County               ,451,451,133348311,2,4,1000000,1,4,480000,16,113,6597766,376,376,110045315,2,4,1000000,1,4,480000,8,69,4814168
201908,36,093,1,2,Schenectady County            ,53,53,9650579,0,0,0,0,0,0,3,24,1800000,41,41,7204248,0,0,0,0,0,0,3,24,1800000
201908,36,095,1,2,Schoharie County              ,19,19,3989860,0,0,0,0,0,0,0,0,0,11,11,1994920,0,0,0,0,0,0,0,0,0
201908,36,099,1,2,Seneca County                 ,30,30,3684467,0,0,0,0,0,0,0,0,0,30,30,3684467,0,0,0,0,0,0,0,0,0
201908,36,103,1,2,Suffolk County                ,414,414,317584792,1,2,296439,1,4,532192,16,130,16653032,361,361,280670806,1,2,296439,1,4,532192,8,67,8663371
201908,36,117,1,2,Wayne County                  ,55,55,10908071,3,6,819200,2,6,325000,2,12,550000,46,46,9142459,3,6,819200,2,6,325000,2,12,550000
201908,36,119,1,2,Westchester County            ,244,244,96202418,9,18,2634166,3,9,360000,22,675,83561459,206,206,78093573,3,6,1125000,0,0,0,2,338,43773906
201908,37,007,3,5,Anson County                  ,32,32,4795680,0,0,0,0,0,0,0,0,0,0,0,0,0,0,0,0,0,0,0,0,0
201908,37,011,3,5,Avery County                  ,80,80,29496831,1,2,29000,3,12,1800000,0,0,0,80,80,29496831,1,2,29000,3,12,1800000,0,0,0
201908,37,015,3,5,Bertie County                 ,12,12,3003455,0,0,0,0,0,0,0,0,0,12,12,3003455,0,0,0,0,0,0,0,0,0
201908,37,025,3,5,Cabarrus County               ,1257,1257,212032682,3,6,364812,3,12,1512912,37,564,40516006,1257,1257,212032682,3,6,364812,3,12,1512912,37,564,40516006
201908,37,033,3,5,Caswell County                ,13,13,2765974,0,0,0,0,0,0,0,0,0,13,13,2765974,0,0,0,0,0,0,0,0,0
201908,37,037,3,5,Chatham County                ,409,409,126175061,0,0,0,0,0,0,0,0,0,399,399,125174587,0,0,0,0,0,0,0,0,0
201908,37,051,3,5,Cumberland County             ,468,468,82617329,5,10,1716020,0,0,0,0,0,0,468,468,82617329,4,8,1372816,0,0,0,0,0,0
201908,37,053,3,5,Currituck County              ,289,289,73619244,6,12,1152000,0,0,0,0,0,0,289,289,73619244,6,12,1152000,0,0,0,0,0,0
201908,37,059,3,5,Davie County                  ,110,110,25029634,0,0,0,0,0,0,2,32,1261909,96,96,22081296,0,0,0,0,0,0,0,0,0
201908,37,063,3,5,Durham County                 ,1429,1429,271548828,2,4,339794,7,28,6999699,25,1133,166946547,1054,1054,199740499,0,0,0,7,28,6999699,17,868,145442868
201908,37,069,3,5,Franklin County               ,731,731,141588512,2,4,255000,0,0,0,0,0,0,731,731,141588512,2,4,255000,0,0,0,0,0,0
201908,37,071,3,5,Gaston County                 ,921,921,308865858,1,2,298806,1,3,253052,0,0,0,921,921,308865858,1,2,298806,1,3,253052,0,0,0
201908,37,077,3,5,Granville County              ,253,253,44033713,0,0,0,0,0,0,0,0,0,253,253,44033713,0,0,0,0,0,0,0,0,0
201908,37,081,3,5,Guilford County               ,1014,1014,252341846,0,0,0,0,0,0,6,119,10636139,962,962,233777997,0,0,0,0,0,0,6,119,10636139
201908,37,089,3,5,Henderson County              ,354,354,95979694,0,0,0,0,0,0,6,78,8536008,354,354,95979694,0,0,0,0,0,0,6,78,8536008
201908,37,093,3,5,Hoke County                   ,140,140,33156806,1,2,223682,0,0,0,0,0,0,140,140,33156806,1,2,223682,0,0,0,0,0,0
201908,37,097,3,5,Iredell County                ,837,837,219608838,0,0,0,0,0,0,1,68,6520037,837,837,219608838,0,0,0,0,0,0,1,68,6520037
201908,37,101,3,5,Johnston County               ,1833,1833,309654876,2,4,398000,0,0,0,0,0,0,1784,1784,302707368,2,4,398000,0,0,0,0,0,0
201908,37,119,3,5,Mecklenburg County            ,3564,3564,843956743,11,22,3218268,9,29,4603828,97,4481,449983709,3564,3564,843956743,11,22,3218268,9,29,4603828,97,4481,449983709
201908,37,133,3,5,Onslow County                 ,904,904,127479752,7,14,1631640,1,4,288000,0,0,0,876,876,123175442,6,12,1508000,1,4,288000,0,0,0
201908,37,135,3,5,Orange County                 ,362,362,106712227,1,2,150000,0,0,0,0,0,0,362,362,106712227,1,2,150000,0,0,0,0,0,0
201908,37,145,3,5,Person County                 ,70,70,17667803,0,0,0,0,0,0,0,0,0,70,70,17667803,0,0,0,0,0,0,0,0,0
201908,37,151,3,5,Randolph County               ,192,192,41843005,3,6,285000,0,0,0,0,0,0,164,164,35445914,2,4,200000,0,0,0,0,0,0
201908,37,157,3,5,Rockingham County             ,109,109,29010608,2,4,756700,0,0,0,0,0,0,109,109,29010608,2,4,756700,0,0,0,0,0,0
201908,37,179,3,5,Union County                  ,1127,1127,244875060,0,0,0,0,0,0,0,0,0,1127,1127,244875060,0,0,0,0,0,0,0,0,0
201908,37,181,3,5,Vance County                  ,31,31,5967591,0,0,0,0,0,0,0,0,0,31,31,5967591,0,0,0,0,0,0,0,0,0
201908,37,183,3,5,Wake County                   ,5636,5636,1285691676,5,10,1732883,0,0,0,36,2184,263416120,5538,5538,1267732317,5,10,1732883,0,0,0,36,2184,263416120
201908,37,195,3,5,Wilson County                 ,105,105,14960668,1,2,85000,0,0,0,0,0,0,105,105,14960668,1,2,85000,0,0,0,0,0,0
201908,39,007,2,3,Ashtabula County              ,91,91,14493822,2,4,173000,1,3,130000,0,0,0,91,91,14493822,2,4,173000,1,3,130000,0,0,0
201908,39,015,2,3,Brown County                  ,62,62,16187014,0,0,0,0,0,0,0,0,0,54,54,14118561,0,0,0,0,0,0,0,0,0
201908,39,017,2,3,Butler County                 ,505,505,105761887,1,2,182000,0,0,0,0,0,0,428,428,91837300,1,2,182000,0,0,0,0,0,0
201908,39,025,2,3,Clermont County               ,331,331,77811531,0,0,0,4,14,1253220,11,83,5722460,331,331,77811531,0,0,0,4,14,1253220,11,83,5722460
201908,39,041,2,3,Delaware County               ,883,883,254559743,9,18,2772000,7,28,4612000,27,371,34412290,797,797,235144595,9,18,2772000,7,28,4612000,22,318,27907720
201908,39,049,2,3,Franklin County               ,863,863,285602280,8,16,2618354,7,28,5964804,67,1819,178705743,822,822,272286286,8,16,2618354,7,28,5964804,64,1804,177651078
201908,39,055,2,3,Geauga County                 ,116,116,44837689,0,0,0,0,0,0,0,0,0,116,116,44837689,0,0,0,0,0,0,0,0,0
201908,39,085,2,3,Lake County                   ,327,327,71756305,0,0,0,0,0,0,0,0,0,323,323,71207925,0,0,0,0,0,0,0,0,0
201908,39,089,2,3,Licking County                ,179,179,54394553,1,2,278179,1,3,443862,0,0,0,178,178,54135849,1,2,278179,0,0,0,0,0,0
201908,39,093,2,3,Lorain County                 ,651,651,149806057,6,12,1630949,7,28,2480000,6,45,4215622,514,514,122315919,4,8,1168509,7,28,2480000,6,45,4215622
201908,39,097,2,3,Madison County                ,81,81,22853641,0,0,0,0,0,0,0,0,0,56,56,14850731,0,0,0,0,0,0,0,0,0
201908,39,103,2,3,Medina County                 ,331,331,96693661,7,14,2376996,10,34,5097397,0,0,0,331,331,96693661,7,14,2376996,10,34,5097397,0,0,0
201908,39,117,2,3,Morrow County                 ,59,59,13488385,0,0,0,0,0,0,0,0,0,56,56,12784122,0,0,0,0,0,0,0,0,0
201908,39,159,2,3,Union County                  ,276,276,75402602,1,2,209000,0,0,0,7,176,8435838,276,276,75402602,1,2,209000,0,0,0,7,176,8435838
201908,39,165,2,3,Warren County                 ,808,808,206819616,3,6,1007505,3,12,3201627,7,179,22945357,793,793,202294181,3,6,1007505,3,12,3201627,7,179,22945357
201908,40,001,3,7,Adair County                  ,6,6,1042766,0,0,0,0,0,0,0,0,0,0,0,0,0,0,0,0,0,0,0,0,0
201908,40,017,3,7,Canadian County               ,264,264,60076848,12,24,2436629,4,14,1709485,0,0,0,206,206,48040327,11,22,2203590,3,11,1404000,0,0,0
201908,40,021,3,7,Cherokee County               ,43,43,5643245,4,8,520000,0,0,0,3,15,732144,0,0,0,0,0,0,0,0,0,0,0,0
201908,40,027,3,7,Cleveland County              ,471,471,111826426,12,24,4690444,6,23,2417750,4,250,34600000,397,397,90720060,11,22,4300000,6,23,2417750,4,250,34600000
201908,40,029,3,7,Coal County                   ,20,20,1040000,0,0,0,0,0,0,0,0,0,20,20,1040000,0,0,0,0,0,0,0,0,0
201908,40,037,3,7,Creek County                  ,43,43,9589207,0,0,0,0,0,0,3,39,3000000,10,10,1904957,0,0,0,0,0,0,0,0,0
201908,40,051,3,7,Grady County                  ,27,27,7795178,1,2,90000,0,0,0,0,0,0,27,27,7795178,1,2,90000,0,0,0,0,0,0
201908,40,055,3,7,Greer County                  ,0,0,0,0,0,0,0,0,0,0,0,0,0,0,0,0,0,0,0,0,0,0,0,0
201908,40,081,3,7,Lincoln County                ,6,6,1064771,0,0,0,0,0,0,0,0,0,6,6,1064771,0,0,0,0,0,0,0,0,0
201908,40,083,3,7,Logan County                  ,11,11,2277000,0,0,0,0,0,0,0,0,0,11,11,2277000,0,0,0,0,0,0,0,0,0
201908,40,087,3,7,McClain County                ,340,340,57724833,0,0,0,0,0,0,0,0,0,325,325,54008234,0,0,0,0,0,0,0,0,0
201908,40,109,3,7,Oklahoma County               ,2662,2662,628498496,64,128,10974808,1,3,337941,1,5,353031,2072,2072,508399409,53,106,8876800,0,0,0,0,0,0
201908,40,111,3,7,Okmulgee County               ,7,7,842000,0,0,0,0,0,0,0,0,0,7,7,842000,0,0,0,0,0,0,0,0,0
201908,40,113,3,7,Osage County                  ,86,86,18535476,0,0,0,0,0,0,1,8,500000,86,86,18535476,0,0,0,0,0,0,1,8,500000
201908,40,117,3,7,Pawnee County                 ,1,1,200000,0,0,0,0,0,0,0,0,0,1,1,200000,0,0,0,0,0,0,0,0,0
201908,40,131,3,7,Rogers County                 ,408,408,71274549,4,8,583934,0,0,0,0,0,0,407,407,71194549,4,8,583934,0,0,0,0,0,0
201908,40,143,3,7,Tulsa County                  ,1348,1348,323730002,1,2,265000,2,8,1200000,11,634,98523099,1346,1346,323605558,1,2,265000,2,8,1200000,11,634,98523099
201908,40,145,3,7,Wagoner County                ,343,343,61511048,0,0,0,0,0,0,1,5,340776,335,335,60409017,0,0,0,0,0,0,0,0,0
201908,41,000,4,9,Oregon Balance of State       ,136,136,14969482,0,0,0,0,0,0,0,0,0,39,39,3882300,0,0,0,0,0,0,0,0,0
201908,41,005,4,9,Clackamas County              ,931,931,291743060,1,2,511373,5,18,1924923,8,158,18188505,902,902,281283194,1,2,511373,5,18,1924923,7,150,17025169
201908,41,017,4,9,Deschutes County              ,937,937,252982165,31,62,8292652,2,8,862031,13,209,22834059,937,937,252982165,31,62,8292652,2,8,862031,13,209,22834059
201908,41,019,4,9,Douglas County                ,197,197,53433801,1,2,238795,0,0,0,0,0,0,196,196,53286037,1,2,238795,0,0,0,0,0,0
201908,41,025,4,9,Harney County                 ,2,2,749480,0,0,0,0,0,0,0,0,0,2,2,749480,0,0,0,0,0,0,0,0,0
201908,41,035,4,9,Klamath County                ,94,94,24036047,0,0,0,0,0,0,0,0,0,94,94,24036047,0,0,0,0,0,0,0,0,0
201908,41,051,4,9,Multnomah County              ,654,654,177883629,69,138,27575951,11,38,6954787,81,3031,387577438,654,654,177883629,69,138,27575951,11,38,6954787,81,3031,387577438
201908,41,067,4,9,Washington County             ,1357,1357,383586323,6,12,2728617,3,9,717637,18,919,127027350,1357,1357,383586323,6,12,2728617,3,9,717637,18,919,127027350
201908,41,071,4,9,Yamhill County                ,278,278,76896416,5,10,1277612,4,14,1369811,12,139,14479697,267,267,74343709,5,10,1277612,4,14,1369811,12,139,14479697
201908,42,001,1,2,Adams County                  ,151,151,50158087,0,0,0,0,0,0,0,0,0,136,136,47090067,0,0,0,0,0,0,0,0,0
201908,42,017,1,2,Bucks County                  ,496,496,119984320,0,0,0,2,7,1551664,4,20,1969012,329,329,81355670,0,0,0,2,7,1551664,3,15,1463500
201908,42,029,1,2,Chester County                ,789,789,169472328,13,26,5228113,3,12,1844688,17,547,59454166,674,674,143025630,13,26,5228113,3,12,1844688,15,537,58290687
201908,42,037,1,2,Columbia County               ,46,46,11513599,7,14,2000000,0,0,0,3,18,2372079,29,29,7136164,7,14,2000000,0,0,0,0,0,0
201908,42,041,1,2,Cumberland County             ,510,510,105471719,5,10,1259585,10,35,6490563,35,395,53098602,469,469,97708324,5,10,1259585,10,35,6490563,34,359,48347788
201908,42,043,1,2,Dauphin County                ,241,241,52643965,3,6,1066745,15,51,7227113,9,224,24765220,224,224,49510321,3,6,1066745,15,51,7227113,9,224,24765220
201908,42,045,1,2,Delaware County               ,185,185,45327710,2,4,601314,0,0,0,2,10,4112144,103,103,26347865,2,4,601314,0,0,0,0,0,0
201908,42,055,1,2,Franklin County               ,207,207,42083064,1,2,296439,0,0,0,7,35,3739179,164,164,33550320,1,2,296439,0,0,0,0,0,0
201908,42,091,1,2,Montgomery County             ,726,726,181922086,10,20,4037632,17,64,9699532,20,409,66940732,597,597,153037713,9,18,3799132,17,64,9699532,16,357,61090572
201908,42,093,1,2,Montour County                ,15,15,3811607,0,0,0,0,0,0,0,0,0,11,11,2845195,0,0,0,0,0,0,0,0,0
201908,42,099,1,2,Perry County                  ,60,60,15597156,0,0,0,0,0,0,0,0,0,6,6,1649405,0,0,0,0,0,0,0,0,0
201908,42,101,1,2,Philadelphia County           ,596,596,157652457,109,218,31604302,122,410,48903218,79,1554,188063004,596,596,157652457,109,218,31604302,122,410,48903218,79,1554,188063004
201908,42,103,1,2,Pike County                   ,85,85,24707280,0,0,0,0,0,0,0,0,0,76,76,22575563,0,0,0,0,0,0,0,0,0
201908,44,001,1,1,Bristol County                ,22,22,11689828,0,0,0,0,0,0,0,0,0,20,20,11175820,0,0,0,0,0,0,0,0,0
201908,44,003,1,1,Kent County                   ,76,76,12949845,8,16,1710199,2,7,628460,2,48,2800000,53,53,8397900,6,12,1268600,2,7,628460,2,48,2800000
201908,44,005,1,1,Newport County                ,105,105,36249441,3,6,1287000,0,0,0,0,0,0,105,105,36249441,3,6,1287000,0,0,0,0,0,0
201908,44,007,1,1,Providence County             ,210,210,39719025,2,4,580000,1,4,444120,2,11,1337240,168,168,34199151,1,2,400000,1,4,444120,1,6,962240
201908,44,009,1,1,Washington County             ,228,228,51278076,5,10,401000,0,0,0,2,13,2203125,202,202,43698120,4,8,176000,0,0,0,1,8,1375000
201908,45,003,3,5,Aiken County                  ,601,601,133275570,0,0,0,0,0,0,1,6,482143,562,562,125257954,0,0,0,0,0,0,0,0,0
201908,45,009,3,5,Bamberg County                ,5,5,1212000,0,0,0,0,0,0,0,0,0,5,5,1212000,0,0,0,0,0,0,0,0,0
201908,45,015,3,5,Berkeley County               ,1236,1236,335160202,0,0,0,0,0,0,19,566,30870164,1085,1085,288377791,0,0,0,0,0,0,11,297,20634414
201908,45,017,3,5,Calhoun County                ,18,18,2816650,0,0,0,0,0,0,0,0,0,0,0,0,0,0,0,0,0,0,0,0,0
201908,45,019,3,5,Charleston County             ,1777,1777,471227956,3,6,2440596,3,9,714375,33,802,56027145,862,862,335912058,3,6,2440596,0,0,0,0,0,0
201908,45,035,3,5,Dorchester County             ,437,437,124182830,0,0,0,0,0,0,0,0,0,435,435,123967830,0,0,0,0,0,0,0,0,0
201908,45,037,3,5,Edgefield County              ,95,95,21691868,0,0,0,0,0,0,0,0,0,87,87,20152546,0,0,0,0,0,0,0,0,0
201908,45,039,3,5,Fairfield County              ,35,35,8063178,0,0,0,0,0,0,0,0,0,25,25,5800718,0,0,0,0,0,0,0,0,0
201908,45,045,3,5,Greenville County             ,2502,2502,606584564,8,16,2600945,0,0,0,46,823,84011612,2486,2486,603432824,8,16,2600945,0,0,0,44,784,81305708
201908,45,051,3,5,Horry County                  ,3005,3005,512768271,17,34,6216170,1,4,602030,5,25,1250000,2819,2819,465781802,16,32,5647690,1,4,602030,0,0,0
201908,45,055,3,5,Kershaw County                ,207,207,29695835,0,0,0,0,0,0,0,0,0,204,204,29214100,0,0,0,0,0,0,0,0,0
201908,45,059,3,5,Laurens County                ,115,115,14997827,0,0,0,0,0,0,0,0,0,114,114,14900323,0,0,0,0,0,0,0,0,0
201908,45,063,3,5,Lexington County              ,1255,1255,316268292,0,0,0,0,0,0,5,71,6483976,171,171,40347929,0,0,0,0,0,0,0,0,0
201908,45,077,3,5,Pickens County                ,412,412,116635647,1,2,253268,1,3,390000,9,110,12999953,242,242,75423070,0,0,0,0,0,0,2,24,2494590
201908,45,079,3,5,Richland County               ,1127,1127,217798714,0,0,0,0,0,0,3,15,2529393,1008,1008,189631368,0,0,0,0,0,0,0,0,0
201908,45,081,3,5,Saluda County                 ,27,27,6267761,0,0,0,0,0,0,0,0,0,0,0,0,0,0,0,0,0,0,0,0,0
201908,45,085,3,5,Sumter County                 ,181,181,24960345,1,2,200000,0,0,0,2,48,2500000,181,181,24960345,1,2,200000,0,0,0,2,48,2500000
201908,45,091,3,5,York County                   ,1566,1566,535457656,0,0,0,2,6,1207732,17,234,30469374,701,701,229671592,0,0,0,2,6,1207732,7,84,13933601
201908,46,007,2,4,Bennett County                ,0,0,0,0,0,0,0,0,0,0,0,0,0,0,0,0,0,0,0,0,0,0,0,0
201908,46,055,2,4,Haakon County                 ,0,0,0,0,0,0,0,0,0,0,0,0,0,0,0,0,0,0,0,0,0,0,0,0
201908,46,071,2,4,Jackson County                ,0,0,0,0,0,0,0,0,0,0,0,0,0,0,0,0,0,0,0,0,0,0,0,0
201908,46,111,2,4,Sanborn County                ,7,7,1533000,0,0,0,0,0,0,0,0,0,7,7,1533000,0,0,0,0,0,0,0,0,0
201908,47,001,3,6,Anderson County               ,110,110,19362643,0,0,0,0,0,0,0,0,0,86,86,15982915,0,0,0,0,0,0,0,0,0
201908,47,015,3,6,Cannon County                 ,23,23,2711407,0,0,0,0,0,0,0,0,0,22,22,2475000,0,0,0,0,0,0,0,0,0
201908,47,021,3,6,Cheatham County               ,242,242,51359164,0,0,0,0,0,0,0,0,0,231,231,49797132,0,0,0,0,0,0,0,0,0
201908,47,037,3,6,Davidson County               ,2588,2588,667928556,0,0,0,6,19,2252529,72,3982,348383195,2586,2586,665228301,0,0,0,6,19,2252529,72,3982,348383195
201908,47,043,3,6,Dickson County                ,230,230,46456979,0,0,0,0,0,0,0,0,0,112,112,23004309,0,0,0,0,0,0,0,0,0
201908,47,049,3,6,Fentress County               ,0,0,0,0,0,0,0,0,0,0,0,0,0,0,0,0,0,0,0,0,0,0,0,0
201908,47,081,3,6,Hickman County                ,62,62,10317633,1,2,140000,0,0,0,0,0,0,33,33,5198692,1,2,140000,0,0,0,0,0,0
201908,47,093,3,6,Knox County                   ,1407,1407,278175839,2,4,900000,0,0,0,16,759,120565892,518,518,95520589,2,4,900000,0,0,0,7,528,101980000
201908,47,105,3,6,Loudon County                 ,267,267,69380169,0,0,0,0,0,0,0,0,0,259,259,67893539,0,0,0,0,0,0,0,0,0
201908,47,125,3,6,Montgomery County             ,1298,1298,189112443,7,14,1039204,15,56,3184245,19,118,6900560,1032,1032,153033181,3,6,600000,8,30,1680000,11,71,4100000
201908,47,139,3,6,Polk County                   ,135,135,24316748,0,0,0,0,0,0,0,0,0,0,0,0,0,0,0,0,0,0,0,0,0
201908,47,149,3,6,Rutherford County             ,1713,1713,392720461,9,18,2894000,1,4,353912,19,707,83288779,1659,1659,383152841,9,18,2894000,1,4,353912,19,707,83288779
201908,47,153,3,6,Sequatchie County             ,5,5,536000,0,0,0,0,0,0,0,0,0,5,5,536000,0,0,0,0,0,0,0,0,0
201908,47,157,3,6,Shelby County                 ,553,553,157310303,0,0,0,3,12,1611268,2,103,10050053,494,494,143434309,0,0,0,3,12,1611268,1,18,1450000
201908,47,159,3,6,Smith County                  ,59,59,12152410,0,0,0,0,0,0,0,0,0,52,52,10986537,0,0,0,0,0,0,0,0,0
201908,47,161,3,6,Stewart County                ,1,1,162250,0,0,0,1,3,400000,0,0,0,0,0,0,0,0,0,1,3,400000,0,0,0
201908,47,165,3,6,Sumner County                 ,919,919,254750006,0,0,0,0,0,0,1,24,1750000,919,919,254750006,0,0,0,0,0,0,1,24,1750000
201908,47,167,3,6,Tipton County                 ,112,112,19599129,0,0,0,0,0,0,0,0,0,58,58,12358180,0,0,0,0,0,0,0,0,0
201908,47,169,3,6,Trousdale County              ,64,64,8823692,0,0,0,0,0,0,0,0,0,57,57,7835576,0,0,0,0,0,0,0,0,0
201908,47,173,3,6,Union County                  ,67,67,9476828,0,0,0,0,0,0,0,0,0,52,52,7010000,0,0,0,0,0,0,0,0,0
201908,47,175,3,6,Van Buren County              ,0,0,0,0,0,0,0,0,0,0,0,0,0,0,0,0,0,0,0,0,0,0,0,0
201908,47,189,3,6,Wilson County                 ,985,985,263473323,3,6,765000,0,0,0,0,0,0,937,937,246912620,3,6,765000,0,0,0,0,0,0
201908,48,013,3,7,Atascosa County               ,27,27,4444757,0,0,0,0,0,0,0,0,0,19,19,3036837,0,0,0,0,0,0,0,0,0
201908,48,015,3,7,Austin County                 ,15,15,2755207,0,0,0,0,0,0,0,0,0,5,5,927372,0,0,0,0,0,0,0,0,0
201908,48,019,3,7,Bandera County                ,0,0,0,0,0,0,0,0,0,0,0,0,0,0,0,0,0,0,0,0,0,0,0,0
201908,48,021,3,7,Bastrop County                ,111,111,20291444,1,2,80000,0,0,0,1,10,500000,99,99,18382418,0,0,0,0,0,0,1,10,500000
201908,48,025,3,7,Bee County                    ,6,6,540808,1,2,150000,0,0,0,0,0,0,3,3,243304,0,0,0,0,0,0,0,0,0
201908,48,027,3,7,Bell County                   ,1413,1413,246679922,94,188,16256365,0,0,0,0,0,0,1308,1308,224878497,88,176,15126384,0,0,0,0,0,0
201908,48,029,3,7,Bexar County                  ,3368,3368,775102123,4,8,1935966,30,116,11598521,128,4113,443109741,2996,2996,724475132,4,8,1935966,28,110,11598521,122,4079,435864369
201908,48,051,3,7,Burleson County               ,6,6,1120000,0,0,0,0,0,0,4,72,7494300,6,6,1120000,0,0,0,0,0,0,4,72,7494300
201908,48,055,3,7,Caldwell County               ,191,191,38105580,4,8,706276,0,0,0,4,38,4156706,29,29,4331155,2,4,360000,0,0,0,0,0,0
201908,48,085,3,7,Collin County                 ,6238,6238,1889572201,2,4,861120,2,8,427336,40,3073,368942596,5091,5091,1502891414,2,4,861120,2,8,427336,40,3073,368942596
201908,48,091,3,7,Comal County                  ,1708,1708,404533876,0,0,0,0,0,0,5,196,21352060,1708,1708,404533876,0,0,0,0,0,0,5,196,21352060
201908,48,099,3,7,Coryell County                ,132,132,18251476,4,8,556960,0,0,0,0,0,0,102,102,13972319,3,6,411345,0,0,0,0,0,0
201908,48,107,3,7,Crosby County                 ,1,1,10000,0,0,0,0,0,0,0,0,0,1,1,10000,0,0,0,0,0,0,0,0,0
201908,48,113,3,7,Dallas County                 ,3669,3669,1055464903,56,112,14468034,34,128,21408892,151,7337,813227171,3522,3522,1004263480,56,112,14468034,34,128,21408892,130,6217,682332948
201908,48,119,3,7,Delta County                  ,5,5,764337,0,0,0,0,0,0,0,0,0,5,5,764337,0,0,0,0,0,0,0,0,0
201908,48,135,3,7,Ector County                  ,478,478,109702080,2,4,600000,0,0,0,19,349,46950960,478,478,109702080,2,4,600000,0,0,0,19,349,46950960
201908,48,139,3,7,Ellis County                  ,1324,1324,308405833,6,12,1432057,4,14,1270064,8,75,12766867,901,901,220129063,5,10,1214916,4,14,1270064,0,0,0
201908,48,141,3,7,El Paso County                ,1422,1422,325542141,40,80,9359059,57,228,29134209,13,190,30363698,950,950,219409245,18,36,3828587,54,216,27559920,1,60,7659969
201908,48,157,3,7,Fort Bend County              ,6137,6137,485256600,1,2,184162,0,0,0,9,48,3756403,1033,1033,290172643,0,0,0,0,0,0,0,0,0
201908,48,167,3,7,Galveston County              ,1516,1516,353913134,0,0,0,1,3,366181,4,170,12371831,1139,1139,276889543,0,0,0,0,0,0,4,170,12371831
201908,48,185,3,7,Grimes County                 ,70,70,7290995,0,0,0,0,0,0,0,0,0,70,70,7290995,0,0,0,0,0,0,0,0,0
201908,48,187,3,7,Guadalupe County              ,559,559,128032878,5,10,1115252,0,0,0,15,480,48059284,550,550,125550122,5,10,1115252,0,0,0,15,480,48059284
201908,48,193,3,7,Hamilton County               ,1,1,80000,0,0,0,0,0,0,0,0,0,0,0,0,0,0,0,0,0,0,0,0,0
201908,48,195,3,7,Hansford County               ,0,0,0,0,0,0,0,0,0,0,0,0,0,0,0,0,0,0,0,0,0,0,0,0
201908,48,201,3,7,Harris County                 ,12377,12377,2515915282,93,186,21223578,8,32,2000000,303,12659,1347614347,12349,12349,2482736315,93,186,21223578,8,32,2000000,303,12659,1347614347
201908,48,211,3,7,Hemphill County               ,0,0,0,0,0,0,0,0,0,0,0,0,0,0,0,0,0,0,0,0,0,0,0,0
201908,48,215,3,7,Hidalgo County                ,2343,2343,395203437,85,170,9715561,130,518,47194804,17,337,24183900,2165,2165,374784052,81,162,9115561,130,518,47194804,16,332,24029488
201908,48,233,3,7,Hutchinson County             ,0,0,0,0,0,0,0,0,0,0,0,0,0,0,0,0,0,0,0,0,0,0,0,0
201908,48,251,3,7,Johnson County                ,446,446,94758239,21,42,4642601,0,0,0,9,293,32887785,435,435,92561702,21,42,4642601,0,0,0,9,293,32887785
201908,48,257,3,7,Kaufman County                ,319,319,69745749,0,0,0,1,3,135000,0,0,0,299,299,66289337,0,0,0,0,0,0,0,0,0
201908,48,259,3,7,Kendall County                ,235,235,55497321,0,0,0,0,0,0,0,0,0,206,206,47953889,0,0,0,0,0,0,0,0,0
201908,48,271,3,7,Kinney County                 ,0,0,0,0,0,0,0,0,0,0,0,0,0,0,0,0,0,0,0,0,0,0,0,0
201908,48,281,3,7,Lampasas County               ,21,21,3534390,1,2,252000,0,0,0,0,0,0,21,21,3534390,1,2,252000,0,0,0,0,0,0
201908,48,291,3,7,Liberty County                ,515,515,61664301,1,2,132500,0,0,0,0,0,0,461,461,53166327,0,0,0,0,0,0,0,0,0
201908,48,303,3,7,Lubbock County                ,1050,1050,231741955,5,10,1480000,0,0,0,74,683,50620481,657,657,144043605,5,10,1480000,0,0,0,63,589,40523598
201908,48,323,3,7,Maverick County               ,52,52,12966031,0,0,0,1,4,452857,0,0,0,52,52,12966031,0,0,0,1,4,452857,0,0,0
201908,48,325,3,7,Medina County                 ,18,18,3239473,0,0,0,0,0,0,0,0,0,13,13,2188378,0,0,0,0,0,0,0,0,0
201908,48,329,3,7,Midland County                ,824,824,136330906,0,0,0,0,0,0,0,0,0,824,824,136330906,0,0,0,0,0,0,0,0,0
201908,48,339,3,7,Montgomery County             ,3868,3868,874945149,6,12,630000,0,0,0,26,973,78997865,3799,3799,861350470,6,12,630000,0,0,0,23,952,76700738
201908,48,367,3,7,Parker County                 ,294,294,56482074,0,0,0,0,0,0,3,77,6703295,181,181,34136736,0,0,0,0,0,0,0,0,0
201908,48,375,3,7,Potter County                 ,284,284,69680291,12,24,3190986,0,0,0,0,0,0,284,284,69680291,12,24,3190986,0,0,0,0,0,0
201908,48,383,3,7,Reagan County                 ,0,0,0,0,0,0,0,0,0,0,0,0,0,0,0,0,0,0,0,0,0,0,0,0
201908,48,385,3,7,Real County                   ,0,0,0,0,0,0,0,0,0,0,0,0,0,0,0,0,0,0,0,0,0,0,0,0
201908,48,395,3,7,Robertson County              ,47,47,9318847,0,0,0,0,0,0,0,0,0,32,32,6294321,0,0,0,0,0,0,0,0,0
201908,48,397,3,7,Rockwall County               ,838,838,280526366,0,0,0,0,0,0,13,288,47500000,825,825,273343756,0,0,0,0,0,0,13,288,47500000
201908,48,407,3,7,San Jacinto County            ,260,260,57000508,0,0,0,0,0,0,0,0,0,0,0,0,0,0,0,0,0,0,0,0,0
201908,48,411,3,7,San Saba County               ,1,1,80000,0,0,0,0,0,0,0,0,0,1,1,80000,0,0,0,0,0,0,0,0,0
201908,48,451,3,7,Tom Green County              ,191,191,42641400,0,0,0,0,0,0,0,0,0,191,191,42641400,0,0,0,0,0,0,0,0,0
201908,48,453,3,7,Travis County                 ,6647,6647,1572558198,55,110,13680370,6,23,1995547,170,7984,658381933,6439,6439,1510623409,51,102,12987818,6,23,1995547,170,7984,658381933
201908,48,473,3,7,Waller County                 ,16,16,1822087,0,0,0,0,0,0,10,52,1153391,16,16,1822087,0,0,0,0,0,0,0,0,0
201908,48,491,3,7,Williamson County             ,3534,3534,876570773,8,16,1603000,2,7,1074418,18,606,61064700,3340,3340,831091204,8,16,1603000,2,7,1074418,18,606,61064700
201908,48,493,3,7,Wilson County                 ,38,38,7715135,0,0,0,0,0,0,0,0,0,1,1,236407,0,0,0,0,0,0,0,0,0
201908,48,497,3,7,Wise County                   ,69,69,14563240,0,0,0,1,3,275000,27,150,13700000,64,64,13198591,0,0,0,1,3,275000,27,150,13700000
201908,49,011,4,8,Davis County                  ,1012,1012,258334616,3,6,802809,7,24,3352816,14,159,22682827,991,991,250691658,3,6,802809,6,21,2883769,10,138,20060933
201908,49,023,4,8,Juab County                   ,48,48,15187965,0,0,0,3,11,858765,0,0,0,47,47,14918172,0,0,0,3,11,858765,0,0,0
201908,49,029,4,8,Morgan County                 ,41,41,16201187,0,0,0,0,0,0,0,0,0,32,32,13810259,0,0,0,0,0,0,0,0,0
201908,49,035,4,8,Salt Lake County              ,2581,2581,673081438,76,152,18364398,32,116,20577867,88,3480,503040009,2118,2118,559282217,72,144,17206570,21,77,14741247,81,3419,493783950
201908,49,039,4,8,Sanpete County                ,41,41,7327251,0,0,0,0,0,0,0,0,0,37,37,6705290,0,0,0,0,0,0,0,0,0
201908,49,043,4,8,Summit County                 ,162,162,73171221,0,0,0,3,9,2524590,13,67,15443958,68,68,24018838,0,0,0,0,0,0,0,0,0
201908,49,057,4,8,Weber County                  ,681,681,175465083,1,2,300000,25,91,12663102,40,444,47218017,658,658,168425761,1,2,300000,23,84,11831392,39,439,46912754
201908,51,003,3,5,Albemarle County              ,440,440,131995281,0,0,0,0,0,0,10,218,21678382,0,0,0,0,0,0,0,0,0,0,0,0
201908,51,007,3,5,Amelia County                 ,39,39,7381995,0,0,0,0,0,0,0,0,0,30,30,5849590,0,0,0,0,0,0,0,0,0
201908,51,009,3,5,Amherst County                ,37,37,6750541,0,0,0,0,0,0,0,0,0,37,37,6750541,0,0,0,0,0,0,0,0,0
201908,51,013,3,5,Arlington County              ,107,107,49759404,0,0,0,0,0,0,1,249,64000000,107,107,49759404,0,0,0,0,0,0,1,249,64000000
201908,51,015,3,5,Augusta County                ,143,143,31800783,0,0,0,1,4,250000,5,204,22026000,126,126,28693630,0,0,0,1,4,250000,5,204,22026000
201908,51,019,3,5,Bedford County                ,41,41,9367816,2,4,400000,4,13,2615000,2,10,644444,9,9,1350000,2,4,400000,2,7,1355000,0,0,0
201908,51,033,3,5,Caroline County               ,69,69,13576816,0,0,0,0,0,0,0,0,0,69,69,13576816,0,0,0,0,0,0,0,0,0
201908,51,036,3,5,Charles City County           ,13,13,2304039,0,0,0,0,0,0,0,0,0,5,5,996900,0,0,0,0,0,0,0,0,0
201908,51,037,3,5,Charlotte County              ,11,11,2236248,0,0,0,0,0,0,0,0,0,8,8,1626500,0,0,0,0,0,0,0,0,0
201908,51,041,3,5,Chesterfield County           ,1093,1093,217587391,4,8,1499986,28,111,12800021,53,1405,105528784,1093,1093,217587391,4,8,1499986,28,111,12800021,53,1405,105528784
201908,51,043,3,5,Clarke County                 ,36,36,9553827,0,0,0,0,0,0,1,120,23017754,36,36,9553827,0,0,0,0,0,0,1,120,23017754
201908,51,049,3,5,Cumberland County             ,23,23,4183949,0,0,0,0,0,0,0,0,0,9,9,1727130,0,0,0,0,0,0,0,0,0
201908,51,051,3,5,Dickenson County              ,0,0,0,0,0,0,0,0,0,0,0,0,0,0,0,0,0,0,0,0,0,0,0,0
201908,51,053,3,5,Dinwiddie County              ,53,53,7829314,0,0,0,0,0,0,0,0,0,0,0,0,0,0,0,0,0,0,0,0,0
201908,51,059,3,5,Fairfax County                ,749,749,177854827,10,20,365000,0,0,0,7,410,20600000,749,749,177854827,10,20,365000,0,0,0,7,410,20600000
201908,51,061,3,5,Fauquier County               ,143,143,59487940,0,0,0,0,0,0,0,0,0,143,143,59487940,0,0,0,0,0,0,0,0,0
201908,51,069,3,5,Frederick County              ,428,428,95193093,0,0,0,21,73,9421810,2,96,1600000,428,428,95193093,0,0,0,21,73,9421810,2,96,1600000
201908,51,073,3,5,Gloucester County             ,72,72,16392046,0,0,0,0,0,0,0,0,0,72,72,16392046,0,0,0,0,0,0,0,0,0
201908,51,075,3,5,Goochland County              ,150,150,43101287,0,0,0,0,0,0,0,0,0,134,134,38563963,0,0,0,0,0,0,0,0,0
201908,51,085,3,5,Hanover County                ,381,381,79812311,1,2,458800,0,0,0,10,416,30653637,381,381,79812311,1,2,458800,0,0,0,10,416,30653637
201908,51,087,3,5,Henrico County                ,679,679,111769885,53,106,3850000,0,0,0,5,363,36516964,679,679,111769885,53,106,3850000,0,0,0,5,363,36516964
201908,51,093,3,5,Isle of Wight County          ,156,156,29455347,0,0,0,0,0,0,0,0,0,123,123,22716467,0,0,0,0,0,0,0,0,0
201908,51,095,3,5,James City County             ,176,176,47514200,2,4,431000,7,24,3808451,0,0,0,176,176,47514200,2,4,431000,7,24,3808451,0,0,0
201908,51,097,3,5,King and Queen County         ,21,21,3587050,0,0,0,0,0,0,0,0,0,21,21,3587050,0,0,0,0,0,0,0,0,0
201908,51,099,3,5,King George County            ,112,112,22443163,0,0,0,0,0,0,0,0,0,112,112,22443163,0,0,0,0,0,0,0,0,0
201908,51,107,3,5,Loudoun County                ,1617,1617,332788388,0,0,0,0,0,0,21,669,69767600,1617,1617,332788388,0,0,0,0,0,0,21,669,69767600
201908,51,109,3,5,Louisa County                 ,189,189,43191422,0,0,0,0,0,0,0,0,0,133,133,31067383,0,0,0,0,0,0,0,0,0
201908,51,115,3,5,Mathews County                ,7,7,1517820,0,0,0,0,0,0,0,0,0,7,7,1517820,0,0,0,0,0,0,0,0,0
201908,51,127,3,5,New Kent County               ,108,108,24564463,0,0,0,0,0,0,0,0,0,108,108,24564463,0,0,0,0,0,0,0,0,0
201908,51,139,3,5,Page County                   ,46,46,5340219,0,0,0,0,0,0,0,0,0,46,46,5340219,0,0,0,0,0,0,0,0,0
201908,51,145,3,5,Powhatan County               ,176,176,40597173,0,0,0,0,0,0,0,0,0,176,176,40597173,0,0,0,0,0,0,0,0,0
201908,51,149,3,5,Prince George County          ,56,56,7668285,0,0,0,0,0,0,0,0,0,56,56,7668285,0,0,0,0,0,0,0,0,0
201908,51,153,3,5,Prince William County         ,833,833,153697264,2,4,300000,0,0,0,5,221,24659520,833,833,153697264,2,4,300000,0,0,0,3,177,19663782
201908,51,165,3,5,Rockingham County             ,204,204,64858170,0,0,0,0,0,0,0,0,0,204,204,64858170,0,0,0,0,0,0,0,0,0
201908,51,175,3,5,Southampton County            ,44,44,7121335,0,0,0,0,0,0,0,0,0,39,39,6314949,0,0,0,0,0,0,0,0,0
201908,51,177,3,5,Spotsylvania County           ,461,461,120010184,0,0,0,0,0,0,10,287,33642080,285,285,73532230,0,0,0,0,0,0,2,36,4040820
201908,51,179,3,5,Stafford County               ,619,619,156449543,0,0,0,0,0,0,0,0,0,619,619,156449543,0,0,0,0,0,0,0,0,0
201908,51,181,3,5,Surry County                  ,21,21,3623747,0,0,0,0,0,0,0,0,0,21,21,3623747,0,0,0,0,0,0,0,0,0
201908,51,183,3,5,Sussex County                 ,27,27,2454859,0,0,0,0,0,0,0,0,0,27,27,2454859,0,0,0,0,0,0,0,0,0
201908,51,187,3,5,Warren County                 ,101,101,21688500,0,0,0,0,0,0,0,0,0,101,101,21688500,0,0,0,0,0,0,0,0,0
201908,51,199,3,5,York County                   ,157,157,34728206,2,4,600000,0,0,0,2,36,2831000,157,157,34728206,2,4,600000,0,0,0,2,36,2831000
201908,51,510,3,5,Alexandria (Independent City) ,38,38,11718460,0,0,0,0,0,0,0,0,0,38,38,11718460,0,0,0,0,0,0,0,0,0
201908,51,540,3,5,Charlottesville (Independent C,44,44,13001628,2,4,775000,0,0,0,4,41,10528699,19,19,4919346,2,4,775000,0,0,0,0,0,0
201908,51,550,3,5,Chesapeake(Independent City)  ,746,746,211346710,0,0,0,0,0,0,0,0,0,746,746,211346710,0,0,0,0,0,0,0,0,0
201908,51,570,3,5,Colonial Heights (Independent ,3,3,433500,0,0,0,0,0,0,0,0,0,3,3,433500,0,0,0,0,0,0,0,0,0
201908,51,580,3,5,Covington (Independent City)  ,4,4,766034,0,0,0,0,0,0,0,0,0,4,4,766034,0,0,0,0,0,0,0,0,0
201908,51,600,3,5,Fairfax (Independent City)    ,10,10,2675735,0,0,0,0,0,0,2,10,1200000,5,5,1775000,0,0,0,0,0,0,0,0,0
201908,51,610,3,5,Falls Church (Independent City,15,15,7224000,0,0,0,0,0,0,0,0,0,15,15,7224000,0,0,0,0,0,0,0,0,0
201908,51,630,3,5,Fredericksburg(Independent Cit,48,48,7915000,0,0,0,0,0,0,1,5,795000,48,48,7915000,0,0,0,0,0,0,1,5,795000
201908,51,650,3,5,Hampton (Independent City)    ,125,125,7801977,0,0,0,0,0,0,0,0,0,0,0,0,0,0,0,0,0,0,0,0,0
201908,51,660,3,5,Harrisonburg (Independent City,55,55,9250621,0,0,0,0,0,0,0,0,0,55,55,9250621,0,0,0,0,0,0,0,0,0
201908,51,670,3,5,Hopewell (Independent City)   ,28,28,2607503,0,0,0,0,0,0,3,18,1551222,4,4,265000,0,0,0,0,0,0,0,0,0
201908,51,680,3,5,Lynchburg (Independent City)  ,26,26,5966134,0,0,0,0,0,0,13,290,24847742,26,26,5966134,0,0,0,0,0,0,13,290,24847742
201908,51,683,3,5,Manassas (Independent City)   ,80,80,18950505,1,2,242983,0,0,0,0,0,0,73,73,17309144,0,0,0,0,0,0,0,0,0
201908,51,685,3,5,Manassas Park (Independent Cit,0,0,0,0,0,0,0,0,0,0,0,0,0,0,0,0,0,0,0,0,0,0,0,0
201908,51,700,3,5,Newport News (Independent City,83,83,15766172,0,0,0,0,0,0,0,0,0,83,83,15766172,0,0,0,0,0,0,0,0,0
201908,51,710,3,5,Norfolk (Independent City)    ,215,215,48566437,1,2,400000,2,8,1080000,11,366,33306073,185,185,43787767,1,2,400000,2,8,1080000,10,336,30657962
201908,51,730,3,5,Petersburg (Independent City) ,6,6,649000,0,0,0,0,0,0,0,0,0,6,6,649000,0,0,0,0,0,0,0,0,0
201908,51,735,3,5,Poquoson (Independent City)   ,18,18,3821000,0,0,0,0,0,0,0,0,0,18,18,3821000,0,0,0,0,0,0,0,0,0
201908,51,740,3,5,Portsmouth (Independent City) ,62,62,6396200,0,0,0,0,0,0,0,0,0,62,62,6396200,0,0,0,0,0,0,0,0,0
201908,51,760,3,5,Richmond (Independent City)   ,216,216,43256865,0,0,0,0,0,0,15,1064,55294512,216,216,43256865,0,0,0,0,0,0,15,1064,55294512
201908,51,800,3,5,Suffolk (Independent City)    ,312,312,73912225,0,0,0,0,0,0,12,144,13564677,312,312,73912225,0,0,0,0,0,0,12,144,13564677
201908,51,810,3,5,Virginia Beach (Independent Ci,501,501,82013471,0,0,0,0,0,0,17,647,35505051,501,501,82013471,0,0,0,0,0,0,17,647,35505051
201908,51,830,3,5,Williamsburg (Independent City,28,28,4638476,0,0,0,0,0,0,0,0,0,28,28,4638476,0,0,0,0,0,0,0,0,0
201908,53,005,4,9,Benton County                 ,724,724,202811858,14,28,4871825,5,20,3421697,22,658,78068861,724,724,202811858,14,28,4871825,5,20,3421697,22,658,78068861
201908,53,011,4,9,Clark County                  ,1875,1875,547895171,19,38,7969998,3,10,1165773,55,1186,117563976,1207,1207,343217234,19,38,7969998,3,10,1165773,53,1165,115441698
201908,53,021,4,9,Franklin County               ,394,394,109044505,11,22,1910038,0,0,0,1,5,599552,71,71,25477015,0,0,0,0,0,0,0,0,0
201908,53,031,4,9,Jefferson County              ,115,115,27102105,0,0,0,0,0,0,0,0,0,104,104,24294539,0,0,0,0,0,0,0,0,0
201908,53,033,4,9,King County                   ,2576,2576,1024649844,155,310,70710555,131,457,86164957,190,7782,1032281218,2060,2060,792556667,154,308,69960555,130,454,85664445,179,7133,978978582
201908,53,035,4,9,Kitsap County                 ,643,643,200287843,4,8,1928601,0,0,0,3,104,5799988,643,643,200287843,4,8,1928601,0,0,0,3,104,5799988
201908,53,053,4,9,Pierce County                 ,1655,1655,499778091,26,52,9539371,24,95,16714320,25,898,120567182,1643,1643,495936692,25,50,9235459,24,95,16714320,22,871,118083380
201908,53,055,4,9,San Juan County               ,72,72,15781013,9,18,2026900,0,0,0,0,0,0,46,46,10361065,9,18,2026900,0,0,0,0,0,0
201908,53,059,4,9,Skamania County               ,54,54,12593178,1,2,300000,1,3,300000,0,0,0,54,54,12593178,1,2,300000,1,3,300000,0,0,0
201908,53,061,4,9,Snohomish County              ,1606,1606,507903922,24,48,11397653,25,93,21290833,60,1285,156554367,1567,1567,496576105,24,48,11397653,25,93,21290833,56,1224,149907744
201908,54,011,3,5,Cabell County                 ,44,44,7191674,2,4,555334,2,7,1420000,2,52,6395850,6,6,789000,0,0,0,1,4,1000000,1,47,5944600
201908,54,015,3,5,Clay County                   ,21,21,525000,0,0,0,0,0,0,0,0,0,19,19,475000,0,0,0,0,0,0,0,0,0
201908,54,019,3,5,Fayette County                ,19,19,2709500,0,0,0,0,0,0,0,0,0,19,19,2709500,0,0,0,0,0,0,0,0,0
201908,54,037,3,5,Jefferson County              ,124,124,33412364,0,0,0,0,0,0,0,0,0,124,124,33412364,0,0,0,0,0,0,0,0,0
201908,54,081,3,5,Raleigh County                ,29,29,4320535,0,0,0,0,0,0,0,0,0,29,29,4320535,0,0,0,0,0,0,0,0,0
201908,55,025,2,3,Dane County                   ,822,822,283804843,35,70,13975047,12,40,7097508,38,1467,220326388,777,777,269064922,35,70,13975047,7,25,4862508,29,1254,201010411
201908,55,031,2,3,Douglas County                ,44,44,8487156,3,6,1090971,0,0,0,0,0,0,44,44,8487156,3,6,1090971,0,0,0,0,0,0
201908,55,037,2,3,Florence County               ,17,17,2478875,0,0,0,0,0,0,0,0,0,17,17,2478875,0,0,0,0,0,0,0,0,0
201908,55,049,2,3,Iowa County                   ,40,40,11204450,0,0,0,0,0,0,0,0,0,34,34,9652450,0,0,0,0,0,0,0,0,0
201908,55,059,2,3,Kenosha County                ,159,159,52656218,18,36,4518000,0,0,0,19,357,22677371,147,147,49086410,18,36,4518000,0,0,0,16,340,21317371
201908,55,079,2,3,Milwaukee County              ,130,130,43155713,3,6,976804,0,0,0,8,355,35811542,128,128,42684423,1,2,278179,0,0,0,7,333,33304033
201908,55,089,2,3,Ozaukee County                ,169,169,53900391,4,8,1398800,0,0,0,6,50,6389248,107,107,25944453,4,8,1398800,0,0,0,1,16,1600000
201908,55,093,2,3,Pierce County                 ,113,113,27589657,2,4,625000,0,0,0,6,110,10083000,112,112,27236157,2,4,625000,0,0,0,6,110,10083000
201908,55,109,2,3,St. Croix County              ,370,370,86810768,12,24,3015000,1,4,834246,0,0,0,364,364,84946179,12,24,3015000,1,4,834246,0,0,0
201908,55,131,2,3,Washington County             ,187,187,58871856,24,48,6712500,0,0,0,2,94,13800000,126,126,39152089,23,46,6270000,0,0,0,2,94,13800000
201908,56,029,4,8,Park County                   ,75,75,18796374,1,2,70000,0,0,0,1,12,2250000,73,73,18451958,1,2,70000,0,0,0,1,12,2250000
201908,56,039,4,8,Teton County                  ,97,97,160039254,4,8,2493276,3,9,349497,2,10,2080796,80,80,151173428,0,0,0,0,0,0,0,0,0
