Survey,FIPS,FIPS,Region,Division,County,,1-unit,,,2-units,,,3-4 units,,,5+ units,,,1-unit rep,,,2-units rep,,,3-4 units rep,,, 5+units rep
Date,State,County,Code,Code,Name,Bldgs,Units,Value,Bldgs,Units,Value,Bldgs,Units,Value,Bldgs,Units,Value,Bldgs,Units,Value,Bldgs,Units,Value,Bldgs,Units,Value,Bldgs,Units,Value
 
201905,01,001,3,6,Autauga County                ,111,111,32892171,0,0,0,0,0,0,0,0,0,111,111,32892171,0,0,0,0,0,0,0,0,0
201905,01,007,3,6,Bibb County                   ,7,7,1837387,0,0,0,0,0,0,0,0,0,4,4,1072000,0,0,0,0,0,0,0,0,0
201905,01,009,3,6,Blount County                 ,14,14,2292189,0,0,0,0,0,0,0,0,0,14,14,2292189,0,0,0,0,0,0,0,0,0
201905,01,021,3,6,Chilton County                ,15,15,2541661,0,0,0,0,0,0,0,0,0,14,14,2377232,0,0,0,0,0,0,0,0,0
201905,01,073,3,6,Jefferson County              ,608,608,171520582,0,0,0,0,0,0,0,0,0,435,435,128023209,0,0,0,0,0,0,0,0,0
201905,01,081,3,6,Lee County                    ,489,489,134340428,15,30,3446774,9,27,3418857,5,85,19036796,366,366,99640906,13,26,3025436,9,27,3418857,3,19,1780104
201905,01,083,3,6,Limestone County              ,108,108,22337597,0,0,0,0,0,0,0,0,0,108,108,22337597,0,0,0,0,0,0,0,0,0
201905,01,089,3,6,Madison County                ,1311,1311,181146638,0,0,0,15,60,1050000,0,0,0,1311,1311,181146638,0,0,0,15,60,1050000,0,0,0
201905,01,113,3,6,Russell County                ,68,68,9825800,1,2,143676,0,0,0,0,0,0,60,60,8855881,1,2,143676,0,0,0,0,0,0
201905,01,115,3,6,St. Clair County              ,74,74,14036561,0,0,0,0,0,0,0,0,0,60,60,11088132,0,0,0,0,0,0,0,0,0
201905,01,117,3,6,Shelby County                 ,464,464,107769783,0,0,0,0,0,0,0,0,0,188,188,40916504,0,0,0,0,0,0,0,0,0
201905,01,127,3,6,Walker County                 ,8,8,1722077,0,0,0,0,0,0,0,0,0,7,7,1514299,0,0,0,0,0,0,0,0,0
201905,02,013,4,9,Aleutians East Borough        ,0,0,0,0,0,0,0,0,0,0,0,0,0,0,0,0,0,0,0,0,0,0,0,0
201905,02,016,4,9,Aleutians West Census Area    ,1,1,98118,0,0,0,0,0,0,0,0,0,0,0,0,0,0,0,0,0,0,0,0,0
201905,02,020,4,9,Anchorage Municipality        ,331,331,103685637,0,0,0,6,21,3648294,7,66,10434306,0,0,0,0,0,0,0,0,0,0,0,0
201905,02,050,4,9,Bethel Census Area            ,2,2,570356,0,0,0,0,0,0,0,0,0,2,2,570356,0,0,0,0,0,0,0,0,0
201905,02,060,4,9,Bristol Bay Borough           ,1,1,75000,0,0,0,0,0,0,0,0,0,1,1,75000,0,0,0,0,0,0,0,0,0
201905,02,070,4,9,Dillingham Census Area        ,0,0,0,1,2,301442,0,0,0,0,0,0,0,0,0,0,0,0,0,0,0,0,0,0
201905,02,090,4,9,Fairbanks North Star Borough  ,1,1,384146,0,0,0,0,0,0,0,0,0,1,1,384146,0,0,0,0,0,0,0,0,0
201905,02,100,4,9,Haines Borough                ,4,4,1113700,0,0,0,0,0,0,0,0,0,0,0,0,0,0,0,0,0,0,0,0,0
201905,02,105,4,9,Hoonah-Angoon Census Area     ,2,2,383382,0,0,0,0,0,0,0,0,0,2,2,383382,0,0,0,0,0,0,0,0,0
201905,02,110,4,9,Juneau City and Borough       ,25,25,4465125,1,2,288784,1,4,456905,1,5,977483,25,25,4465125,1,2,288784,1,4,456905,1,5,977483
201905,02,122,4,9,Kenai Peninsula Borough       ,29,29,7565367,3,6,899200,1,4,800000,0,0,0,20,20,5621000,2,4,789200,1,4,800000,0,0,0
201905,02,130,4,9,Ketchikan Gateway Borough     ,15,15,4277672,1,2,344763,1,3,359024,0,0,0,15,15,4277672,1,2,344763,1,3,359024,0,0,0
201905,02,150,4,9,Kodiak Island Borough         ,3,3,1524937,0,0,0,0,0,0,0,0,0,3,3,1524937,0,0,0,0,0,0,0,0,0
201905,02,158,4,9,Kusilvak Census Area          ,0,0,0,0,0,0,0,0,0,0,0,0,0,0,0,0,0,0,0,0,0,0,0,0
201905,02,170,4,9,Matanuska-Susitna Borough     ,15,15,3970080,2,4,689526,0,0,0,2,52,6450000,14,14,3717800,2,4,689526,0,0,0,2,52,6450000
201905,02,180,4,9,Nome Census Area              ,0,0,0,0,0,0,0,0,0,0,0,0,0,0,0,0,0,0,0,0,0,0,0,0
201905,02,185,4,9,North Slope Borough           ,0,0,0,0,0,0,0,0,0,0,0,0,0,0,0,0,0,0,0,0,0,0,0,0
201905,02,188,4,9,Northwest Arctic Borough      ,2,2,920000,0,0,0,0,0,0,0,0,0,0,0,0,0,0,0,0,0,0,0,0,0
201905,02,195,4,9,Petersburg Borough            ,3,3,326136,0,0,0,0,0,0,0,0,0,2,2,170500,0,0,0,0,0,0,0,0,0
201905,02,198,4,9,Prince of Wales-Hyder Census A,1,1,285178,1,2,344763,0,0,0,0,0,0,1,1,285178,1,2,344763,0,0,0,0,0,0
201905,02,220,4,9,Sitka City and Borough        ,4,4,855656,0,0,0,0,0,0,0,0,0,0,0,0,0,0,0,0,0,0,0,0,0
201905,02,230,4,9,Skagway Municipality          ,2,2,199670,2,4,516666,0,0,0,0,0,0,1,1,50000,0,0,0,0,0,0,0,0,0
201905,02,261,4,9,Valdez-Cordova Census Area    ,9,9,1789000,0,0,0,0,0,0,0,0,0,9,9,1789000,0,0,0,0,0,0,0,0,0
201905,02,275,4,9,Wrangell City and Borough     ,1,1,4500,0,0,0,0,0,0,0,0,0,1,1,4500,0,0,0,0,0,0,0,0,0
201905,02,282,4,9,Yakutat City and Borough      ,0,0,0,0,0,0,0,0,0,0,0,0,0,0,0,0,0,0,0,0,0,0,0,0
201905,02,290,4,9,Yukon-Koyukuk Census Area     ,0,0,0,0,0,0,0,0,0,0,0,0,0,0,0,0,0,0,0,0,0,0,0,0
201905,04,013,4,8,Maricopa County               ,8404,8404,2315235141,87,174,22075086,12,39,15038271,90,3391,440624684,8112,8112,2227919280,81,162,20244554,12,39,15038271,80,3078,391523821
201905,04,019,4,8,Pima County                   ,1214,1214,342812319,13,26,5885458,0,0,0,41,491,69619196,702,702,202736187,3,6,3497258,0,0,0,0,0,0
201905,04,021,4,8,Pinal County                  ,1882,1882,371005911,27,54,3327395,0,0,0,0,0,0,1774,1774,341751087,27,54,3327395,0,0,0,0,0,0
201905,05,013,3,7,Calhoun County                ,0,0,0,0,0,0,0,0,0,0,0,0,0,0,0,0,0,0,0,0,0,0,0,0
201905,05,035,3,7,Crittenden County             ,21,21,4427170,0,0,0,0,0,0,0,0,0,16,16,3386800,0,0,0,0,0,0,0,0,0
201905,05,043,3,7,Drew County                   ,0,0,0,0,0,0,1,4,200000,0,0,0,0,0,0,0,0,0,1,4,200000,0,0,0
201905,05,045,3,7,Faulkner County               ,109,109,23877807,2,4,302482,0,0,0,5,45,1188789,19,19,3082000,0,0,0,0,0,0,0,0,0
201905,05,053,3,7,Grant County                  ,10,10,1505555,0,0,0,0,0,0,0,0,0,0,0,0,0,0,0,0,0,0,0,0,0
201905,05,085,3,7,Lonoke County                 ,148,148,14432112,0,0,0,0,0,0,0,0,0,51,51,6144184,0,0,0,0,0,0,0,0,0
201905,05,087,3,7,Madison County                ,7,7,1339500,0,0,0,0,0,0,0,0,0,7,7,1339500,0,0,0,0,0,0,0,0,0
201905,05,091,3,7,Miller County                 ,12,12,2419266,0,0,0,0,0,0,0,0,0,2,2,135000,0,0,0,0,0,0,0,0,0
201905,05,105,3,7,Perry County                  ,1,1,242571,0,0,0,0,0,0,0,0,0,0,0,0,0,0,0,0,0,0,0,0,0
201905,05,119,3,7,Pulaski County                ,345,345,76544779,2,4,389000,0,0,0,1,64,5000000,345,345,76544779,2,4,389000,0,0,0,1,64,5000000
201905,05,129,3,7,Searcy County                 ,0,0,0,0,0,0,0,0,0,0,0,0,0,0,0,0,0,0,0,0,0,0,0,0
201905,05,143,3,7,Washington County             ,640,640,172375516,18,36,6565200,5,15,904665,3,35,3337480,560,560,161893321,12,24,5644872,0,0,0,3,35,3337480
201905,06,001,4,9,Alameda County                ,883,883,317300449,4,8,2087052,14,52,12150032,55,1638,254739280,766,766,280632062,3,6,1495517,12,46,10436610,41,1522,231057939
201905,06,013,4,9,Contra Costa County           ,644,644,200894744,6,12,3275131,0,0,0,21,618,121869377,610,610,190679279,6,12,3275131,0,0,0,17,595,117232870
201905,06,017,4,9,El Dorado County              ,239,239,82711156,0,0,0,0,0,0,0,0,0,239,239,82711156,0,0,0,0,0,0,0,0,0
201905,06,019,4,9,Fresno County                 ,853,853,259554553,9,18,3645750,67,201,12022670,27,223,24832318,729,729,225659102,0,0,0,66,198,11898348,15,120,14636190
201905,06,037,4,9,Los Angeles County            ,2426,2426,803844742,334,668,123127807,19,61,11240584,212,5485,1179639627,2134,2134,648592674,328,656,119573036,7,25,4901000,180,5152,1119682809
201905,06,041,4,9,Marin County                  ,48,48,30050969,0,0,0,0,0,0,1,49,10531745,34,34,18675337,0,0,0,0,0,0,1,49,10531745
201905,06,059,4,9,Orange County                 ,1355,1355,430755645,55,110,25798150,12,40,7808218,46,1012,150528178,1186,1186,358391612,43,86,18141019,12,40,7808218,37,860,123234882
201905,06,061,4,9,Placer County                 ,747,747,250444871,0,0,0,0,0,0,2,65,3339909,747,747,250444871,0,0,0,0,0,0,2,65,3339909
201905,06,063,4,9,Plumas County                 ,15,15,2562004,0,0,0,0,0,0,0,0,0,15,15,2562004,0,0,0,0,0,0,0,0,0
201905,06,067,4,9,Sacramento County             ,1568,1568,432323747,25,50,6377511,2,7,850000,10,453,56665527,1561,1561,430650593,25,50,6377511,2,7,850000,10,453,56665527
201905,06,069,4,9,San Benito County             ,236,236,69012176,1,2,250000,0,0,0,0,0,0,131,131,43465185,1,2,250000,0,0,0,0,0,0
201905,06,071,4,9,San Bernardino County         ,1442,1442,378179835,2,4,98031,24,90,13599353,47,708,83618543,1256,1256,334264527,2,4,98031,24,90,13599353,40,608,77985548
201905,06,073,4,9,San Diego County              ,1243,1243,427674220,15,30,5372323,41,147,31468607,54,1872,270675299,1209,1209,415219237,13,26,4849751,41,147,31468607,51,1850,268359867
201905,06,075,4,9,San Francisco County          ,5,5,1348963,6,12,2098303,4,15,2597165,14,1465,462560418,5,5,1348963,6,12,2098303,4,15,2597165,14,1465,462560418
201905,06,081,4,9,San Mateo County              ,132,132,120179374,0,0,0,0,0,0,6,405,98187284,88,88,89335744,0,0,0,0,0,0,4,395,95346344
201905,06,085,4,9,Santa Clara County            ,790,790,300125538,3,6,1941767,6,23,6164931,55,1613,228360166,726,726,281278157,3,6,1941767,3,12,2764089,45,1107,153714310
201905,06,091,4,9,Sierra County                 ,1,1,773733,0,0,0,0,0,0,0,0,0,1,1,773733,0,0,0,0,0,0,0,0,0
201905,06,113,4,9,Yolo County                   ,264,264,81607355,2,4,844000,0,0,0,1,40,8116945,264,264,81607355,2,4,844000,0,0,0,1,40,8116945
201905,08,001,4,8,Adams County                  ,872,872,237615820,4,8,930631,0,0,0,4,98,30802165,872,872,237615820,4,8,930631,0,0,0,4,98,30802165
201905,08,005,4,8,Arapahoe County               ,777,777,211033230,2,4,591804,5,15,2187695,8,175,21091268,758,758,206663419,1,2,406062,2,6,1151660,8,175,21091268
201905,08,014,4,8,Broomfield County             ,133,133,43684246,0,0,0,0,0,0,0,0,0,133,133,43684246,0,0,0,0,0,0,0,0,0
201905,08,015,4,8,Chaffee County                ,52,52,13777105,1,2,323962,5,15,2748500,0,0,0,0,0,0,0,0,0,0,0,0,0,0,0
201905,08,019,4,8,Clear Creek County            ,9,9,2529350,0,0,0,0,0,0,1,5,727085,0,0,0,0,0,0,0,0,0,0,0,0
201905,08,031,4,8,Denver County                 ,964,964,260080151,0,0,0,0,0,0,27,2277,346294913,964,964,260080151,0,0,0,0,0,0,27,2277,346294913
201905,08,035,4,8,Douglas County                ,1121,1121,341430022,0,0,0,8,25,4518009,2,48,6499156,1095,1095,332567312,0,0,0,8,25,4518009,2,48,6499156
201905,08,039,4,8,Elbert County                 ,81,81,24452471,0,0,0,0,0,0,0,0,0,81,81,24452471,0,0,0,0,0,0,0,0,0
201905,08,041,4,8,El Paso County                ,1580,1580,596491694,3,6,1160318,9,35,6042242,32,989,129885001,1580,1580,596491694,3,6,1160318,9,35,6042242,32,989,129885001
201905,08,047,4,8,Gilpin County                 ,10,10,2697926,0,0,0,0,0,0,0,0,0,10,10,2697926,0,0,0,0,0,0,0,0,0
201905,08,059,4,8,Jefferson County              ,289,289,85465345,7,14,2495877,1,4,765696,1,8,1434769,288,288,85209745,7,14,2495877,1,4,765696,1,8,1434769
201905,08,069,4,8,Larimer County                ,605,605,174254265,0,0,0,3,10,1046738,16,368,51336633,578,578,166827602,0,0,0,3,10,1046738,15,350,48989700
201905,08,077,4,8,Mesa County                   ,302,302,56422890,0,0,0,0,0,0,2,84,7492101,302,302,56422890,0,0,0,0,0,0,2,84,7492101
201905,08,093,4,8,Park County                   ,57,57,14428674,0,0,0,0,0,0,0,0,0,57,57,14428674,0,0,0,0,0,0,0,0,0
201905,08,101,4,8,Pueblo County                 ,191,191,30918982,0,0,0,0,0,0,0,0,0,191,191,30918982,0,0,0,0,0,0,0,0,0
201905,08,119,4,8,Teller County                 ,49,49,16281384,0,0,0,0,0,0,0,0,0,49,49,16281384,0,0,0,0,0,0,0,0,0
201905,09,001,1,1,Fairfield County              ,275,275,191313397,9,18,3162579,2,7,1942200,12,528,114764512,200,200,111825317,7,14,2920179,2,7,1942200,7,489,90931178
201905,09,003,1,1,Hartford County               ,258,258,48878279,0,0,0,5,18,2912400,15,108,7434184,219,219,40584226,0,0,0,5,18,2912400,3,43,3560416
201905,09,007,1,1,Middlesex County              ,46,46,11876860,0,0,0,0,0,0,1,5,446138,32,32,8750432,0,0,0,0,0,0,0,0,0
201905,09,013,1,1,Tolland County                ,54,54,11506857,1,2,194000,0,0,0,11,67,6353809,31,31,6635695,0,0,0,0,0,0,1,8,700000
201905,10,001,3,5,Kent County                   ,507,507,73814478,8,16,1739925,0,0,0,6,30,2586706,498,498,71866757,8,16,1739925,0,0,0,4,20,1611734
201905,10,003,3,5,New Castle County             ,558,558,51597773,1,2,113952,0,0,0,16,92,6772959,426,426,38143344,1,2,113952,0,0,0,12,60,5012146
201905,10,005,3,5,Sussex County                 ,1166,1166,165590610,22,44,5488553,6,21,2852484,15,87,11202028,1166,1166,165590610,22,44,5488553,6,21,2852484,15,87,11202028
201905,11,001,3,5,Washington  DC                ,103,103,24349911,18,36,4373698,1,4,520042,27,2823,308800074,103,103,24349911,18,36,4373698,1,4,520042,27,2823,308800074
201905,12,003,3,5,Baker County                  ,49,49,8593964,0,0,0,0,0,0,0,0,0,49,49,8593964,0,0,0,0,0,0,0,0,0
201905,12,019,3,5,Clay County                   ,368,368,76068632,0,0,0,0,0,0,0,0,0,368,368,76068632,0,0,0,0,0,0,0,0,0
201905,12,029,3,5,Dixie County                  ,13,13,1642205,0,0,0,0,0,0,0,0,0,0,0,0,0,0,0,0,0,0,0,0,0
201905,12,031,3,5,Duval County                  ,1755,1755,422503931,8,16,1943866,0,0,0,33,1452,158830219,1734,1734,414825768,8,16,1943866,0,0,0,33,1452,158830219
201905,12,033,3,5,Escambia County               ,489,489,116013464,19,38,8125966,5,17,1190000,4,397,43690442,489,489,116013464,19,38,8125966,5,17,1190000,4,397,43690442
201905,12,053,3,5,Hernando County               ,407,407,73502121,0,0,0,0,0,0,0,0,0,407,407,73502121,0,0,0,0,0,0,0,0,0
201905,12,057,3,5,Hillsborough County           ,3672,3672,1027654532,23,46,6714055,1,3,1275000,58,2601,317518910,3672,3672,1027654532,23,46,6714055,1,3,1275000,58,2601,317518910
201905,12,067,3,5,Lafayette County              ,4,4,735329,0,0,0,0,0,0,0,0,0,3,3,563900,0,0,0,0,0,0,0,0,0
201905,12,071,3,5,Lee County                    ,2138,2138,465332709,100,200,26689180,11,44,10415452,22,595,75994240,2138,2138,465332709,100,200,26689180,11,44,10415452,22,595,75994240
201905,12,073,3,5,Leon County                   ,270,270,54020625,2,4,443200,0,0,0,21,553,73057393,0,0,0,0,0,0,0,0,0,0,0,0
201905,12,081,3,5,Manatee County                ,1262,1262,247437128,1,2,100000,7,28,3774120,11,324,34148075,1243,1243,244288754,1,2,100000,7,28,3774120,10,291,30736816
201905,12,086,3,5,Miami-Dade County             ,1085,1085,322433304,38,76,11756525,5,20,2563011,70,3794,942522062,1032,1032,297938594,38,76,11756525,5,20,2563011,62,3541,889626012
201905,12,089,3,5,Nassau County                 ,832,832,166142043,0,0,0,4,16,1771315,1,9,996365,759,759,146702807,0,0,0,4,16,1771315,1,9,996365
201905,12,091,3,5,Okaloosa County               ,360,360,115195917,0,0,0,1,4,500000,1,5,600000,312,312,105647889,0,0,0,1,4,500000,1,5,600000
201905,12,095,3,5,Orange County                 ,2374,2374,728772488,31,62,11051127,0,0,0,15,1231,174400308,2337,2337,717712203,31,62,11051127,0,0,0,15,1231,174400308
201905,12,097,3,5,Osceola County                ,2047,2047,461257050,1,2,219195,11,44,6832845,26,815,63482447,2047,2047,461257050,1,2,219195,11,44,6832845,26,815,63482447
201905,12,101,3,5,Pasco County                  ,1651,1651,328498742,12,24,2917259,7,28,1695022,18,112,4507400,1644,1644,327686959,9,18,2077259,7,28,1695022,16,102,3644900
201905,12,103,3,5,Pinellas County               ,379,379,127727343,1,2,250000,0,0,0,14,1139,123320531,362,362,121024885,1,2,250000,0,0,0,12,1129,118760531
201905,12,109,3,5,St. Johns County              ,1916,1916,463498212,7,14,2633606,3,12,2400386,11,278,30851598,1916,1916,463498212,7,14,2633606,3,12,2400386,11,278,30851598
201905,12,113,3,5,Santa Rosa County             ,679,679,115265246,0,0,0,0,0,0,0,0,0,679,679,115265246,0,0,0,0,0,0,0,0,0
201905,12,115,3,5,Sarasota County               ,1380,1380,400701723,2,4,1187725,6,24,5766955,18,228,70611755,1380,1380,400701723,2,4,1187725,6,24,5766955,18,228,70611755
201905,12,117,3,5,Seminole County               ,589,589,175486590,1,2,476518,0,0,0,23,778,71746242,578,578,171513429,1,2,476518,0,0,0,18,652,61447730
201905,12,119,3,5,Sumter County                 ,1012,1012,273711789,0,0,0,0,0,0,7,265,45000000,1012,1012,273711789,0,0,0,0,0,0,7,265,45000000
201905,12,129,3,5,Wakulla County                ,106,106,20200169,0,0,0,0,0,0,0,0,0,106,106,20200169,0,0,0,0,0,0,0,0,0
201905,12,131,3,5,Walton County                 ,586,586,249334590,2,4,403206,15,58,4878654,23,545,62423817,586,586,249334590,2,4,403206,15,58,4878654,23,545,62423817
201905,12,133,3,5,Washington County             ,28,28,4225308,0,0,0,0,0,0,0,0,0,24,24,3670356,0,0,0,0,0,0,0,0,0
201905,13,007,3,5,Baker County                  ,0,0,0,0,0,0,0,0,0,0,0,0,0,0,0,0,0,0,0,0,0,0,0,0
201905,13,013,3,5,Barrow County                 ,300,300,36781396,0,0,0,0,0,0,5,63,4505100,185,185,23551025,0,0,0,0,0,0,0,0,0
201905,13,015,3,5,Bartow County                 ,230,230,42750353,0,0,0,0,0,0,0,0,0,217,217,39988259,0,0,0,0,0,0,0,0,0
201905,13,021,3,5,Bibb County                   ,46,46,8599349,0,0,0,0,0,0,0,0,0,20,20,4462018,0,0,0,0,0,0,0,0,0
201905,13,029,3,5,Bryan County                  ,261,261,56095425,0,0,0,0,0,0,0,0,0,261,261,56095425,0,0,0,0,0,0,0,0,0
201905,13,033,3,5,Burke County                  ,20,20,3597500,0,0,0,0,0,0,0,0,0,20,20,3597500,0,0,0,0,0,0,0,0,0
201905,13,035,3,5,Butts County                  ,39,39,12360400,0,0,0,0,0,0,0,0,0,39,39,12360400,0,0,0,0,0,0,0,0,0
201905,13,045,3,5,Carroll County                ,344,344,80487732,0,0,0,0,0,0,0,0,0,344,344,80487732,0,0,0,0,0,0,0,0,0
201905,13,051,3,5,Chatham County                ,378,378,86165178,0,0,0,0,0,0,26,206,10330000,362,362,82563736,0,0,0,0,0,0,25,200,10000000
201905,13,057,3,5,Cherokee County               ,875,875,254295788,0,0,0,0,0,0,9,266,38126424,875,875,254295788,0,0,0,0,0,0,9,266,38126424
201905,13,059,3,5,Clarke County                 ,112,112,20017287,0,0,0,0,0,0,20,265,33089524,112,112,20017287,0,0,0,0,0,0,20,265,33089524
201905,13,063,3,5,Clayton County                ,441,441,106212948,0,0,0,0,0,0,0,0,0,440,440,106113818,0,0,0,0,0,0,0,0,0
201905,13,067,3,5,Cobb County                   ,676,676,181401391,8,16,3063511,8,26,5624577,21,703,77607071,660,660,178396690,8,16,3063511,8,26,5624577,21,703,77607071
201905,13,073,3,5,Columbia County               ,481,481,85060988,1,2,110000,11,40,2527225,3,24,1192000,193,193,32339744,1,2,110000,11,40,2527225,3,24,1192000
201905,13,077,3,5,Coweta County                 ,380,380,125286591,0,0,0,0,0,0,14,320,27275402,309,309,106077990,0,0,0,0,0,0,14,320,27275402
201905,13,085,3,5,Dawson County                 ,124,124,29695629,0,0,0,0,0,0,0,0,0,43,43,7357110,0,0,0,0,0,0,0,0,0
201905,13,095,3,5,Dougherty County              ,5,5,726428,0,0,0,4,15,9006000,0,0,0,2,2,317422,0,0,0,4,15,9006000,0,0,0
201905,13,097,3,5,Douglas County                ,136,136,25417095,0,0,0,0,0,0,0,0,0,136,136,25417095,0,0,0,0,0,0,0,0,0
201905,13,111,3,5,Fannin County                 ,123,123,24007017,0,0,0,0,0,0,0,0,0,123,123,24007017,0,0,0,0,0,0,0,0,0
201905,13,113,3,5,Fayette County                ,230,230,66409100,0,0,0,0,0,0,0,0,0,153,153,44934731,0,0,0,0,0,0,0,0,0
201905,13,115,3,5,Floyd County                  ,137,137,21442500,0,0,0,0,0,0,0,0,0,137,137,21442500,0,0,0,0,0,0,0,0,0
201905,13,117,3,5,Forsyth County                ,896,896,152975913,0,0,0,0,0,0,0,0,0,896,896,152975913,0,0,0,0,0,0,0,0,0
201905,13,121,3,5,Fulton County                 ,1780,1780,461963323,0,0,0,0,0,0,26,1459,207507372,1721,1721,450373120,0,0,0,0,0,0,26,1459,207507372
201905,13,127,3,5,Glynn County                  ,240,240,70128202,0,0,0,0,0,0,0,0,0,0,0,0,0,0,0,0,0,0,0,0,0
201905,13,135,3,5,Gwinnett County               ,1479,1479,356226665,0,0,0,0,0,0,0,0,0,1452,1452,348296086,0,0,0,0,0,0,0,0,0
201905,13,143,3,5,Haralson County               ,22,22,5034492,0,0,0,0,0,0,0,0,0,0,0,0,0,0,0,0,0,0,0,0,0
201905,13,145,3,5,Harris County                 ,94,94,24941820,0,0,0,0,0,0,0,0,0,94,94,24941820,0,0,0,0,0,0,0,0,0
201905,13,149,3,5,Heard County                  ,11,11,2539069,0,0,0,0,0,0,0,0,0,11,11,2539069,0,0,0,0,0,0,0,0,0
201905,13,151,3,5,Henry County                  ,656,656,123227405,0,0,0,0,0,0,0,0,0,549,549,109122727,0,0,0,0,0,0,0,0,0
201905,13,159,3,5,Jasper County                 ,31,31,4153194,0,0,0,0,0,0,0,0,0,0,0,0,0,0,0,0,0,0,0,0,0
201905,13,171,3,5,Lamar County                  ,39,39,4314217,0,0,0,0,0,0,0,0,0,39,39,4314217,0,0,0,0,0,0,0,0,0
201905,13,177,3,5,Lee County                    ,50,50,5679551,0,0,0,0,0,0,0,0,0,50,50,5679551,0,0,0,0,0,0,0,0,0
201905,13,179,3,5,Liberty County                ,137,137,30476772,2,4,376864,0,0,0,15,392,40731176,137,137,30476772,2,4,376864,0,0,0,15,392,40731176
201905,13,189,3,5,McDuffie County               ,15,15,2855400,0,0,0,0,0,0,0,0,0,12,12,2303000,0,0,0,0,0,0,0,0,0
201905,13,199,3,5,Meriwether County             ,52,52,9678850,0,0,0,0,0,0,0,0,0,44,44,7993745,0,0,0,0,0,0,0,0,0
201905,13,201,3,5,Miller County                 ,3,3,378800,0,0,0,0,0,0,0,0,0,3,3,378800,0,0,0,0,0,0,0,0,0
201905,13,207,3,5,Monroe County                 ,63,63,15224310,0,0,0,0,0,0,0,0,0,16,16,4630000,0,0,0,0,0,0,0,0,0
201905,13,215,3,5,Muscogee County               ,140,140,27339402,0,0,0,3,12,738558,7,65,11388497,0,0,0,0,0,0,0,0,0,0,0,0
201905,13,217,3,5,Newton County                 ,273,273,44995470,0,0,0,0,0,0,1,6,600000,273,273,44995470,0,0,0,0,0,0,1,6,600000
201905,13,227,3,5,Pickens County                ,55,55,14418607,0,0,0,0,0,0,0,0,0,55,55,14418607,0,0,0,0,0,0,0,0,0
201905,13,231,3,5,Pike County                   ,37,37,7258530,0,0,0,0,0,0,0,0,0,0,0,0,0,0,0,0,0,0,0,0,0
201905,13,235,3,5,Pulaski County                ,7,7,1201895,0,0,0,0,0,0,0,0,0,7,7,1201895,0,0,0,0,0,0,0,0,0
201905,13,245,3,5,Richmond County               ,136,136,21618510,0,0,0,0,0,0,3,73,4193069,38,38,5512971,0,0,0,0,0,0,0,0,0
201905,13,247,3,5,Rockdale County               ,117,117,28138598,0,0,0,0,0,0,0,0,0,117,117,28138598,0,0,0,0,0,0,0,0,0
201905,13,255,3,5,Spalding County               ,110,110,15400800,0,0,0,0,0,0,5,120,11853600,109,109,15322350,0,0,0,0,0,0,5,120,11853600
201905,13,275,3,5,Thomas County                 ,27,27,5907372,0,0,0,0,0,0,0,0,0,17,17,4052046,0,0,0,0,0,0,0,0,0
201905,13,291,3,5,Union County                  ,84,84,21325401,0,0,0,0,0,0,0,0,0,84,84,21325401,0,0,0,0,0,0,0,0,0
201905,15,001,4,9,Hawaii County                 ,341,341,108771481,1,2,222064,0,0,0,1,7,897750,261,261,82682903,0,0,0,0,0,0,0,0,0
201905,15,003,4,9,Honolulu County               ,361,361,144620554,0,0,0,0,0,0,29,831,157609246,361,361,144620554,0,0,0,0,0,0,29,831,157609246
201905,15,007,4,9,Kauai County                  ,77,77,54755583,2,4,1585175,0,0,0,0,0,0,77,77,54755583,2,4,1585175,0,0,0,0,0,0
201905,15,009,4,9,Maui County                   ,204,204,70780757,5,10,2161465,0,0,0,18,107,37154729,204,204,70780757,5,10,2161465,0,0,0,18,107,37154729
201905,16,001,4,8,Ada County                    ,2008,2008,512194356,5,10,1850192,5,18,2162549,44,411,44208783,1640,1640,421102764,5,10,1850192,3,10,1503981,37,341,37762257
201905,16,015,4,8,Boise County                  ,22,22,7099544,0,0,0,0,0,0,0,0,0,22,22,7099544,0,0,0,0,0,0,0,0,0
201905,16,027,4,8,Canyon County                 ,1051,1051,158031427,10,20,1160024,8,32,2246832,8,150,13366528,1049,1049,157574427,10,20,1160024,8,32,2246832,8,150,13366528
201905,16,045,4,8,Gem County                    ,42,42,6306434,0,0,0,0,0,0,0,0,0,42,42,6306434,0,0,0,0,0,0,0,0,0
201905,16,073,4,8,Owyhee County                 ,14,14,2451831,1,2,363316,0,0,0,0,0,0,6,6,904484,0,0,0,0,0,0,0,0,0
201905,17,005,2,3,Bond County                   ,5,5,1299118,0,0,0,0,0,0,0,0,0,2,2,871702,0,0,0,0,0,0,0,0,0
201905,17,013,2,3,Calhoun County                ,3,3,287000,0,0,0,0,0,0,0,0,0,3,3,287000,0,0,0,0,0,0,0,0,0
201905,17,031,2,3,Cook County                   ,502,502,155284804,15,30,6362517,78,250,50269596,73,3507,451909486,405,405,124848278,14,28,5832517,78,250,50269596,70,3450,444668805
201905,17,037,2,3,DeKalb County                 ,28,28,6379000,0,0,0,0,0,0,0,0,0,28,28,6379000,0,0,0,0,0,0,0,0,0
201905,17,039,2,3,De Witt County                ,4,4,944500,0,0,0,0,0,0,0,0,0,4,4,944500,0,0,0,0,0,0,0,0,0
201905,17,043,2,3,DuPage County                 ,340,340,139517212,3,6,1008169,4,13,2899516,5,74,1755257,313,313,128535304,1,2,440000,4,13,2899516,0,0,0
201905,17,063,2,3,Grundy County                 ,45,45,7602010,0,0,0,0,0,0,6,52,2666664,38,38,6068385,0,0,0,0,0,0,0,0,0
201905,17,083,2,3,Jersey County                 ,52,52,15409055,0,0,0,0,0,0,0,0,0,47,47,14631010,0,0,0,0,0,0,0,0,0
201905,17,093,2,3,Kendall County                ,121,121,20470046,0,0,0,0,0,0,1,5,324254,105,105,16838516,0,0,0,0,0,0,1,5,324254
201905,17,097,2,3,Lake County                   ,255,255,90315169,3,6,249999,0,0,0,4,46,16624456,205,205,70516877,0,0,0,0,0,0,1,31,11250000
201905,17,111,2,3,McHenry County                ,152,152,27007583,0,0,0,0,0,0,0,0,0,124,124,22084724,0,0,0,0,0,0,0,0,0
201905,17,119,2,3,Madison County                ,145,145,38360034,4,8,1047161,1,4,504000,0,0,0,140,140,37554184,4,8,1047161,1,4,504000,0,0,0
201905,17,133,2,3,Monroe County                 ,46,46,12943002,0,0,0,0,0,0,2,25,2047550,44,44,12492866,0,0,0,0,0,0,1,20,1615550
201905,17,197,2,3,Will County                   ,403,403,103967768,6,12,2523400,2,7,1043000,5,148,9580000,337,337,90056198,5,10,2113400,1,4,533000,5,148,9580000
201905,18,003,2,3,Allen County                  ,351,351,92851318,4,8,160000,8,24,960000,4,268,28211500,351,351,92851318,4,8,160000,8,24,960000,4,268,28211500
201905,18,011,2,3,Boone County                  ,216,216,62520803,3,6,600000,0,0,0,0,0,0,204,204,60609157,3,6,600000,0,0,0,0,0,0
201905,18,013,2,3,Brown County                  ,25,25,6446357,0,0,0,0,0,0,0,0,0,21,21,5428777,0,0,0,0,0,0,0,0,0
201905,18,019,2,3,Clark County                  ,211,211,44517469,3,6,495000,1,3,443862,2,192,21982272,191,191,39152724,3,6,495000,1,3,443862,2,192,21982272
201905,18,047,2,3,Franklin County               ,14,14,4368910,0,0,0,0,0,0,0,0,0,14,14,4368910,0,0,0,0,0,0,0,0,0
201905,18,057,2,3,Hamilton County               ,962,962,309448518,1,2,400000,0,0,0,2,117,19024895,962,962,309448518,1,2,400000,0,0,0,2,117,19024895
201905,18,059,2,3,Hancock County                ,220,220,68084837,0,0,0,0,0,0,0,0,0,213,213,66246526,0,0,0,0,0,0,0,0,0
201905,18,061,2,3,Harrison County               ,50,50,12549000,0,0,0,0,0,0,0,0,0,50,50,12549000,0,0,0,0,0,0,0,0,0
201905,18,063,2,3,Hendricks County              ,327,327,84690965,8,16,1305452,1,4,591816,1,27,1870205,246,246,68440011,6,12,968179,1,4,591816,0,0,0
201905,18,069,2,3,Huntington County             ,19,19,4594553,0,0,0,0,0,0,0,0,0,19,19,4594553,0,0,0,0,0,0,0,0,0
201905,18,073,2,3,Jasper County                 ,36,36,8759531,0,0,0,0,0,0,0,0,0,28,28,7127995,0,0,0,0,0,0,0,0,0
201905,18,081,2,3,Johnson County                ,354,354,96248935,0,0,0,0,0,0,0,0,0,342,342,94862107,0,0,0,0,0,0,0,0,0
201905,18,087,2,3,Lagrange County               ,75,75,14254427,0,0,0,0,0,0,0,0,0,69,69,13068395,0,0,0,0,0,0,0,0,0
201905,18,089,2,3,Lake County                   ,411,411,110991785,13,26,3008200,1,3,630000,0,0,0,363,363,99807814,13,26,3008200,1,3,630000,0,0,0
201905,18,097,2,3,Marion County                 ,478,478,122738297,3,6,908179,5,20,4250000,16,718,94685136,465,465,119432022,3,6,908179,5,20,4250000,16,718,94685136
201905,18,105,2,3,Monroe County                 ,95,95,24552596,5,10,1351868,0,0,0,2,32,3689054,83,83,21456596,4,8,1112717,0,0,0,1,16,1831856
201905,18,109,2,3,Morgan County                 ,97,97,23807193,0,0,0,0,0,0,0,0,0,91,91,22249194,0,0,0,0,0,0,0,0,0
201905,18,111,2,3,Newton County                 ,8,8,1566852,0,0,0,0,0,0,0,0,0,1,1,147000,0,0,0,0,0,0,0,0,0
201905,18,115,2,3,Ohio County                   ,12,12,1916438,0,0,0,0,0,0,0,0,0,11,11,1776500,0,0,0,0,0,0,0,0,0
201905,18,119,2,3,Owen County                   ,8,8,2068104,0,0,0,0,0,0,0,0,0,8,8,2068104,0,0,0,0,0,0,0,0,0
201905,18,127,2,3,Porter County                 ,174,174,46189689,3,6,930698,0,0,0,5,42,4971007,150,150,42113151,3,6,930698,0,0,0,4,36,4220073
201905,18,133,2,3,Putnam County                 ,48,48,11995066,0,0,0,0,0,0,0,0,0,48,48,11995066,0,0,0,0,0,0,0,0,0
201905,18,145,2,3,Shelby County                 ,25,25,4406582,0,0,0,0,0,0,0,0,0,25,25,4406582,0,0,0,0,0,0,0,0,0
201905,18,151,2,3,Steuben County                ,57,57,15156770,2,4,790000,0,0,0,0,0,0,57,57,15156770,2,4,790000,0,0,0,0,0,0
201905,18,157,2,3,Tippecanoe County             ,159,159,38156065,0,0,0,0,0,0,13,306,26999848,66,66,16835792,0,0,0,0,0,0,7,252,21630000
201905,18,163,2,3,Vanderburgh County            ,148,148,32784042,7,14,960000,0,0,0,0,0,0,118,118,27457709,7,14,960000,0,0,0,0,0,0
201905,18,167,2,3,Vigo County                   ,3,3,1236360,4,8,1029000,0,0,0,1,10,691935,2,2,1050000,4,8,1029000,0,0,0,0,0,0
201905,18,175,2,3,Washington County             ,17,17,4577224,0,0,0,0,0,0,0,0,0,0,0,0,0,0,0,0,0,0,0,0,0
201905,18,183,2,3,Whitley County                ,40,40,9708132,0,0,0,0,0,0,0,0,0,39,39,9528884,0,0,0,0,0,0,0,0,0
201905,19,049,2,4,Dallas County                 ,131,131,35741784,2,4,610894,0,0,0,0,0,0,130,130,35566784,2,4,610894,0,0,0,0,0,0
201905,19,085,2,4,Harrison County               ,12,12,2193334,0,0,0,0,0,0,0,0,0,9,9,1650000,0,0,0,0,0,0,0,0,0
201905,19,129,2,4,Mills County                  ,2,2,608513,0,0,0,0,0,0,0,0,0,2,2,608513,0,0,0,0,0,0,0,0,0
201905,19,153,2,4,Polk County                   ,881,881,230622698,6,12,2382940,0,0,0,4,123,17694330,870,870,227723579,6,12,2382940,0,0,0,3,117,17057580
201905,19,181,2,4,Warren County                 ,151,151,34548366,0,0,0,0,0,0,0,0,0,144,144,32672828,0,0,0,0,0,0,0,0,0
201905,20,061,2,4,Geary County                  ,4,4,524832,0,0,0,0,0,0,0,0,0,0,0,0,0,0,0,0,0,0,0,0,0
201905,20,091,2,4,Johnson County                ,603,603,205834085,1,2,538288,6,23,3876804,17,771,97865242,399,399,134324130,1,2,538288,2,8,1607330,13,671,88170122
201905,20,103,2,4,Leavenworth County            ,86,86,19497957,0,0,0,0,0,0,0,0,0,86,86,19497957,0,0,0,0,0,0,0,0,0
201905,20,107,2,4,Linn County                   ,15,15,1895513,0,0,0,0,0,0,0,0,0,9,9,1340513,0,0,0,0,0,0,0,0,0
201905,20,121,2,4,Miami County                  ,29,29,8319359,0,0,0,0,0,0,0,0,0,7,7,1655295,0,0,0,0,0,0,0,0,0
201905,20,209,2,4,Wyandotte County              ,76,76,13478600,2,4,394428,0,0,0,0,0,0,23,23,4632799,0,0,0,0,0,0,0,0,0
201905,21,005,3,6,Anderson County               ,27,27,4618608,0,0,0,1,4,215100,0,0,0,27,27,4618608,0,0,0,1,4,215100,0,0,0
201905,21,015,3,6,Boone County                  ,181,181,33629542,0,0,0,0,0,0,3,34,2417737,181,181,33629542,0,0,0,0,0,0,3,34,2417737
201905,21,017,3,6,Bourbon County                ,20,20,4911800,0,0,0,0,0,0,0,0,0,20,20,4911800,0,0,0,0,0,0,0,0,0
201905,21,021,3,6,Boyle County                  ,5,5,870000,5,10,889320,0,0,0,0,0,0,5,5,870000,5,10,889320,0,0,0,0,0,0
201905,21,029,3,6,Bullitt County                ,150,150,38781290,2,4,560000,3,12,780000,0,0,0,150,150,38781290,2,4,560000,3,12,780000,0,0,0
201905,21,035,3,6,Calloway County               ,3,3,457000,1,2,184000,1,4,202965,0,0,0,3,3,457000,1,2,184000,1,4,202965,0,0,0
201905,21,037,3,6,Campbell County               ,63,63,15753450,0,0,0,3,10,1590568,2,10,818690,29,29,7486253,0,0,0,1,4,959068,0,0,0
201905,21,045,3,6,Casey County                  ,0,0,0,0,0,0,0,0,0,0,0,0,0,0,0,0,0,0,0,0,0,0,0,0
201905,21,047,3,6,Christian County              ,24,24,3051200,1,2,155000,0,0,0,5,48,6542000,13,13,2268000,1,2,155000,0,0,0,5,48,6542000
201905,21,049,3,6,Clark County                  ,18,18,3825923,0,0,0,0,0,0,5,25,1731250,0,0,0,0,0,0,0,0,0,0,0,0
201905,21,067,3,6,Fayette County                ,332,332,53525429,1,2,204889,0,0,0,9,284,20794648,0,0,0,0,0,0,0,0,0,0,0,0
201905,21,069,3,6,Fleming County                ,0,0,0,0,0,0,0,0,0,0,0,0,0,0,0,0,0,0,0,0,0,0,0,0
201905,21,077,3,6,Gallatin County               ,7,7,1207649,0,0,0,0,0,0,0,0,0,0,0,0,0,0,0,0,0,0,0,0,0
201905,21,081,3,6,Grant County                  ,27,27,4063050,0,0,0,0,0,0,0,0,0,27,27,4063050,0,0,0,0,0,0,0,0,0
201905,21,091,3,6,Hancock County                ,0,0,0,0,0,0,0,0,0,0,0,0,0,0,0,0,0,0,0,0,0,0,0,0
201905,21,099,3,6,Hart County                   ,14,14,1222500,0,0,0,0,0,0,2,13,1476119,4,4,250000,0,0,0,0,0,0,0,0,0
201905,21,101,3,6,Henderson County              ,11,11,2427113,9,18,1569976,0,0,0,1,6,595000,11,11,2427113,9,18,1569976,0,0,0,1,6,595000
201905,21,103,3,6,Henry County                  ,14,14,3404500,1,2,180000,0,0,0,0,0,0,14,14,3404500,1,2,180000,0,0,0,0,0,0
201905,21,111,3,6,Jefferson County              ,512,512,145372114,3,6,624511,1,3,333482,38,876,37150445,389,389,112840674,2,4,375000,0,0,0,30,642,19993750
201905,21,113,3,6,Jessamine County              ,88,88,24623325,0,0,0,3,9,1125000,0,0,0,32,32,16558500,0,0,0,0,0,0,0,0,0
201905,21,115,3,6,Johnson County                ,0,0,0,0,0,0,0,0,0,0,0,0,0,0,0,0,0,0,0,0,0,0,0,0
201905,21,117,3,6,Kenton County                 ,135,135,31066740,0,0,0,0,0,0,0,0,0,135,135,31066740,0,0,0,0,0,0,0,0,0
201905,21,121,3,6,Knox County                   ,0,0,0,0,0,0,0,0,0,0,0,0,0,0,0,0,0,0,0,0,0,0,0,0
201905,21,123,3,6,Larue County                  ,22,22,5200952,0,0,0,0,0,0,0,0,0,22,22,5200952,0,0,0,0,0,0,0,0,0
201905,21,137,3,6,Lincoln County                ,21,21,1560000,0,0,0,0,0,0,0,0,0,21,21,1560000,0,0,0,0,0,0,0,0,0
201905,21,145,3,6,McCracken County              ,23,23,6578261,0,0,0,0,0,0,0,0,0,7,7,2246190,0,0,0,0,0,0,0,0,0
201905,21,151,3,6,Madison County                ,73,73,7830815,9,18,1124980,0,0,0,5,27,910288,22,22,3350000,4,8,560000,0,0,0,0,0,0
201905,21,157,3,6,Marshall County               ,33,33,9994950,0,0,0,0,0,0,0,0,0,33,33,9994950,0,0,0,0,0,0,0,0,0
201905,21,161,3,6,Mason County                  ,5,5,829000,0,0,0,0,0,0,0,0,0,5,5,829000,0,0,0,0,0,0,0,0,0
201905,21,163,3,6,Meade County                  ,42,42,8950000,0,0,0,0,0,0,0,0,0,42,42,8950000,0,0,0,0,0,0,0,0,0
201905,21,167,3,6,Mercer County                 ,20,20,3444869,0,0,0,0,0,0,0,0,0,0,0,0,0,0,0,0,0,0,0,0,0
201905,21,175,3,6,Morgan County                 ,10,10,750000,0,0,0,0,0,0,0,0,0,0,0,0,0,0,0,0,0,0,0,0,0
201905,21,179,3,6,Nelson County                 ,93,93,15189834,21,42,3445000,1,4,350000,0,0,0,93,93,15189834,21,42,3445000,1,4,350000,0,0,0
201905,21,185,3,6,Oldham County                 ,142,142,42833381,0,0,0,0,0,0,0,0,0,0,0,0,0,0,0,0,0,0,0,0,0
201905,21,191,3,6,Pendleton County              ,0,0,0,0,0,0,0,0,0,0,0,0,0,0,0,0,0,0,0,0,0,0,0,0
201905,21,209,3,6,Scott County                  ,150,150,23685370,2,4,434545,0,0,0,0,0,0,107,107,16574265,0,0,0,0,0,0,0,0,0
201905,21,211,3,6,Shelby County                 ,99,99,24020852,0,0,0,0,0,0,0,0,0,99,99,24020852,0,0,0,0,0,0,0,0,0
201905,21,213,3,6,Simpson County                ,40,40,6738145,0,0,0,0,0,0,0,0,0,40,40,6738145,0,0,0,0,0,0,0,0,0
201905,21,215,3,6,Spencer County                ,57,57,13475193,0,0,0,0,0,0,0,0,0,57,57,13475193,0,0,0,0,0,0,0,0,0
201905,21,221,3,6,Trigg County                  ,8,8,1561432,0,0,0,0,0,0,0,0,0,8,8,1561432,0,0,0,0,0,0,0,0,0
201905,21,239,3,6,Woodford County               ,41,41,6655795,3,6,820000,0,0,0,0,0,0,33,33,5137574,3,6,820000,0,0,0,0,0,0
201905,22,005,3,7,Ascension Parish              ,365,365,54823983,0,0,0,0,0,0,0,0,0,365,365,54823983,0,0,0,0,0,0,0,0,0
201905,22,015,3,7,Bossier Parish                ,298,298,63300749,0,0,0,0,0,0,0,0,0,298,298,63300749,0,0,0,0,0,0,0,0,0
201905,22,017,3,7,Caddo Parish                  ,133,133,29792207,0,0,0,0,0,0,0,0,0,133,133,29792207,0,0,0,0,0,0,0,0,0
201905,22,031,3,7,De Soto Parish                ,45,45,11916213,0,0,0,0,0,0,0,0,0,29,29,7732197,0,0,0,0,0,0,0,0,0
201905,22,033,3,7,East Baton Rouge Parish       ,556,556,141551573,0,0,0,0,0,0,0,0,0,553,553,141042866,0,0,0,0,0,0,0,0,0
201905,22,037,3,7,East Feliciana Parish         ,21,21,4098759,0,0,0,0,0,0,0,0,0,21,21,4098759,0,0,0,0,0,0,0,0,0
201905,22,047,3,7,Iberville Parish              ,40,40,9902775,0,0,0,0,0,0,0,0,0,4,4,850000,0,0,0,0,0,0,0,0,0
201905,22,051,3,7,Jefferson Parish              ,240,240,52253444,0,0,0,0,0,0,0,0,0,230,230,49617607,0,0,0,0,0,0,0,0,0
201905,22,055,3,7,Lafayette Parish              ,518,518,107927674,0,0,0,0,0,0,1,24,3100000,153,153,40150246,0,0,0,0,0,0,1,24,3100000
201905,22,063,3,7,Livingston Parish             ,347,347,78072207,0,0,0,0,0,0,0,0,0,13,13,2556922,0,0,0,0,0,0,0,0,0
201905,22,071,3,7,Orleans Parish                ,201,201,45255642,24,48,5073536,0,0,0,5,46,11322513,0,0,0,0,0,0,0,0,0,0,0,0
201905,22,075,3,7,Plaquemines Parish            ,22,22,7092363,0,0,0,1,3,373351,0,0,0,18,18,6077940,0,0,0,1,3,373351,0,0,0
201905,22,077,3,7,Pointe Coupee Parish          ,21,21,5506956,0,0,0,0,0,0,0,0,0,21,21,5506956,0,0,0,0,0,0,0,0,0
201905,22,087,3,7,St. Bernard Parish            ,78,78,12810222,0,0,0,0,0,0,0,0,0,78,78,12810222,0,0,0,0,0,0,0,0,0
201905,22,089,3,7,St. Charles Parish            ,36,36,8900529,0,0,0,0,0,0,0,0,0,36,36,8900529,0,0,0,0,0,0,0,0,0
201905,22,091,3,7,St. Helena Parish             ,18,18,3175902,0,0,0,0,0,0,0,0,0,0,0,0,0,0,0,0,0,0,0,0,0
201905,22,095,3,7,St. John the Baptist Parish   ,21,21,3465651,0,0,0,0,0,0,0,0,0,0,0,0,0,0,0,0,0,0,0,0,0
201905,22,099,3,7,St. Martin Parish             ,73,73,13525208,0,0,0,0,0,0,0,0,0,6,6,1311761,0,0,0,0,0,0,0,0,0
201905,22,103,3,7,St. Tammany Parish            ,681,681,149132996,2,4,560000,0,0,0,0,0,0,666,666,143245812,2,4,560000,0,0,0,0,0,0
201905,22,109,3,7,Terrebonne Parish             ,66,66,19186305,0,0,0,0,0,0,0,0,0,66,66,19186305,0,0,0,0,0,0,0,0,0
201905,22,121,3,7,West Baton Rouge Parish       ,99,99,16100341,0,0,0,0,0,0,0,0,0,78,78,13029847,0,0,0,0,0,0,0,0,0
201905,22,125,3,7,West Feliciana Parish         ,18,18,7345705,0,0,0,0,0,0,2,10,1885510,0,0,0,0,0,0,0,0,0,0,0,0
201905,23,000,1,1,Maine Unorganized Territory   ,29,29,3851208,0,0,0,0,0,0,0,0,0,0,0,0,0,0,0,0,0,0,0,0,0
201905,24,003,3,5,Anne Arundel County           ,767,767,142473185,0,0,0,0,0,0,20,1053,158995049,763,763,141441309,0,0,0,0,0,0,20,1053,158995049
201905,24,005,3,5,Baltimore County              ,326,326,74070500,0,0,0,0,0,0,4,192,22800000,326,326,74070500,0,0,0,0,0,0,4,192,22800000
201905,24,009,3,5,Calvert County                ,74,74,17494112,0,0,0,0,0,0,5,240,25000000,74,74,17494112,0,0,0,0,0,0,5,240,25000000
201905,24,013,3,5,Carroll County                ,151,151,36072927,0,0,0,0,0,0,1,12,900000,151,151,36072927,0,0,0,0,0,0,1,12,900000
201905,24,015,3,5,Cecil County                  ,78,78,15048967,0,0,0,0,0,0,0,0,0,78,78,15048967,0,0,0,0,0,0,0,0,0
201905,24,017,3,5,Charles County                ,294,294,71928603,0,0,0,0,0,0,0,0,0,294,294,71928603,0,0,0,0,0,0,0,0,0
201905,24,021,3,5,Frederick County              ,638,638,156744933,2,4,190000,9,31,3390244,19,365,39610632,638,638,156744933,2,4,190000,9,31,3390244,19,365,39610632
201905,24,023,3,5,Garrett County                ,32,32,11180175,0,0,0,0,0,0,0,0,0,32,32,11180175,0,0,0,0,0,0,0,0,0
201905,24,025,3,5,Harford County                ,333,333,75436464,0,0,0,0,0,0,2,96,9670000,330,330,74405730,0,0,0,0,0,0,2,96,9670000
201905,24,027,3,5,Howard County                 ,356,356,84480954,0,0,0,0,0,0,0,0,0,356,356,84480954,0,0,0,0,0,0,0,0,0
201905,24,031,3,5,Montgomery County             ,301,301,70890275,7,14,882700,8,32,1001100,17,1151,170188221,301,301,70890275,7,14,882700,8,32,1001100,17,1151,170188221
201905,24,033,3,5,Prince George County          ,1026,1026,243615711,1,2,391606,2,8,2290704,0,0,0,1019,1019,241651502,1,2,391606,2,8,2290704,0,0,0
201905,24,035,3,5,Queen Anne County             ,90,90,20659750,0,0,0,0,0,0,4,66,9072000,90,90,20659750,0,0,0,0,0,0,4,66,9072000
201905,24,037,3,5,St. Marys County              ,171,171,41475000,0,0,0,0,0,0,6,66,11825054,171,171,41475000,0,0,0,0,0,0,6,66,11825054
201905,24,039,3,5,Somerset County               ,11,11,1673025,0,0,0,0,0,0,0,0,0,6,6,884550,0,0,0,0,0,0,0,0,0
201905,24,045,3,5,Wicomico County               ,95,95,12597752,0,0,0,0,0,0,4,30,2627838,86,86,10999641,0,0,0,0,0,0,4,30,2627838
201905,24,510,3,5,Baltimore (Independent City)  ,73,73,10285000,0,0,0,0,0,0,1,70,9000000,73,73,10285000,0,0,0,0,0,0,1,70,9000000
201905,25,005,1,1,Bristol County                ,231,231,46447920,11,22,2788440,2,6,400000,3,15,1989233,126,126,26664693,9,18,2231440,0,0,0,1,5,767833
201905,25,009,1,1,Essex County                  ,222,222,69086343,17,34,6643634,3,12,3500000,12,208,25920649,177,177,54767324,4,8,1450000,3,12,3500000,2,152,14752386
201905,25,017,1,1,Middlesex County              ,458,458,146341755,28,56,8969964,26,90,17831807,385,2590,206193536,309,309,99199088,19,38,6007389,21,74,15588836,365,2338,159186784
201905,25,021,1,1,Norfolk County                ,269,269,113933279,7,14,3225770,2,8,697230,19,356,44923086,202,202,87476103,7,14,3225770,2,8,697230,5,253,35350766
201905,25,023,1,1,Plymouth County               ,388,388,91028813,5,10,1332800,4,13,1712030,7,47,6848680,300,300,71642101,3,6,720000,2,7,930000,3,25,3426533
201905,25,025,1,1,Suffolk County                ,19,19,4787495,15,30,5669001,25,82,16683420,40,567,126184300,16,16,4256327,11,22,4617049,25,82,16683420,29,510,114159959
201905,26,000,2,3,Michigan Balance of State     ,23,23,4319655,0,0,0,0,0,0,0,0,0,0,0,0,0,0,0,0,0,0,0,0,0
201905,26,019,2,3,Benzie County                 ,29,29,5930368,0,0,0,0,0,0,0,0,0,19,19,3619755,0,0,0,0,0,0,0,0,0
201905,26,029,2,3,Charlevoix County             ,35,35,8001143,0,0,0,0,0,0,0,0,0,0,0,0,0,0,0,0,0,0,0,0,0
201905,26,089,2,3,Leelanau County               ,44,44,10300200,0,0,0,0,0,0,0,0,0,44,44,10300200,0,0,0,0,0,0,0,0,0
201905,26,093,2,3,Livingston County             ,202,202,55475529,0,0,0,0,0,0,0,0,0,195,195,53665938,0,0,0,0,0,0,0,0,0
201905,26,095,2,3,Luce County                   ,1,1,190743,0,0,0,0,0,0,0,0,0,0,0,0,0,0,0,0,0,0,0,0,0
201905,26,099,2,3,Macomb County                 ,479,479,149887535,8,16,2651279,2,8,1489790,17,326,42109003,478,478,149776424,5,10,2101703,2,8,1489790,17,326,42109003
201905,26,103,2,3,Marquette County              ,12,12,2464852,0,0,0,0,0,0,0,0,0,12,12,2464852,0,0,0,0,0,0,0,0,0
201905,26,137,2,3,Otsego County                 ,8,8,648000,0,0,0,0,0,0,0,0,0,0,0,0,0,0,0,0,0,0,0,0,0
201905,26,147,2,3,St. Clair County              ,73,73,15880838,0,0,0,0,0,0,0,0,0,61,61,13889623,0,0,0,0,0,0,0,0,0
201905,26,163,2,3,Wayne County                  ,346,346,107522165,1,2,278179,5,17,2444438,12,187,26601956,315,315,101677483,1,2,278179,5,17,2444438,9,133,22682849
201905,27,003,2,4,Anoka County                  ,367,367,105249460,0,0,0,0,0,0,5,75,9590974,320,320,93061618,0,0,0,0,0,0,0,0,0
201905,27,019,2,4,Carver County                 ,209,209,65980670,1,2,581760,0,0,0,0,0,0,185,185,59912113,1,2,581760,0,0,0,0,0,0
201905,27,025,2,4,Chisago County                ,83,83,13832617,2,4,704000,0,0,0,0,0,0,83,83,13832617,1,2,350000,0,0,0,0,0,0
201905,27,027,2,4,Clay County                   ,75,75,16994602,0,0,0,0,0,0,0,0,0,75,75,16994602,0,0,0,0,0,0,0,0,0
201905,27,037,2,4,Dakota County                 ,437,437,134845334,0,0,0,2,8,1612000,5,454,55926455,379,379,115534099,0,0,0,2,8,1612000,5,454,55926455
201905,27,053,2,4,Hennepin County               ,744,744,286686925,3,6,1277471,4,14,4222313,30,3513,607270023,710,710,274695600,3,6,1277471,4,14,4222313,30,3513,607270023
201905,27,059,2,4,Isanti County                 ,82,82,16587243,0,0,0,0,0,0,0,0,0,37,37,7964133,0,0,0,0,0,0,0,0,0
201905,27,123,2,4,Ramsey County                 ,75,75,26275582,0,0,0,0,0,0,8,744,109732667,61,61,21834256,0,0,0,0,0,0,6,697,102288332
201905,27,139,2,4,Scott County                  ,252,252,81802410,0,0,0,0,0,0,4,494,92213351,251,251,81518553,0,0,0,0,0,0,4,494,92213351
201905,27,141,2,4,Sherburne County              ,137,137,31033908,0,0,0,0,0,0,1,8,685000,135,135,30750018,0,0,0,0,0,0,1,8,685000
201905,27,163,2,4,Washington County             ,418,418,130306675,0,0,0,0,0,0,3,336,35243666,401,401,122547681,0,0,0,0,0,0,3,336,35243666
201905,27,171,2,4,Wright County                 ,336,336,94940963,0,0,0,0,0,0,2,13,2182900,328,328,93071965,0,0,0,0,0,0,2,13,2182900
201905,28,033,3,6,DeSoto County                 ,600,600,103750309,0,0,0,0,0,0,0,0,0,554,554,98642769,0,0,0,0,0,0,0,0,0
201905,28,041,3,6,Greene County                 ,0,0,0,0,0,0,0,0,0,0,0,0,0,0,0,0,0,0,0,0,0,0,0,0
201905,28,045,3,6,Hancock County                ,213,213,38284392,0,0,0,2,6,602168,5,40,3386508,74,74,17138369,0,0,0,0,0,0,0,0,0
201905,28,047,3,6,Harrison County               ,447,447,76614030,3,6,869000,0,0,0,0,0,0,392,392,70365975,3,6,869000,0,0,0,0,0,0
201905,28,067,3,6,Jones County                  ,1,1,95000,0,0,0,0,0,0,0,0,0,1,1,95000,0,0,0,0,0,0,0,0,0
201905,28,129,3,6,Smith County                  ,0,0,0,0,0,0,0,0,0,0,0,0,0,0,0,0,0,0,0,0,0,0,0,0
201905,28,137,3,6,Tate County                   ,49,49,8450477,0,0,0,0,0,0,0,0,0,42,42,7138245,0,0,0,0,0,0,0,0,0
201905,28,143,3,6,Tunica County                 ,4,4,443376,0,0,0,0,0,0,0,0,0,0,0,0,0,0,0,0,0,0,0,0,0
201905,28,145,3,6,Union County                  ,2,2,546000,0,0,0,0,0,0,0,0,0,2,2,546000,0,0,0,0,0,0,0,0,0
201905,28,149,3,6,Warren County                 ,1,1,520000,0,0,0,0,0,0,0,0,0,1,1,520000,0,0,0,0,0,0,0,0,0
201905,29,013,2,4,Bates County                  ,0,0,0,0,0,0,0,0,0,0,0,0,0,0,0,0,0,0,0,0,0,0,0,0
201905,29,017,2,4,Bollinger County              ,0,0,0,0,0,0,0,0,0,0,0,0,0,0,0,0,0,0,0,0,0,0,0,0
201905,29,019,2,4,Boone County                  ,236,236,64450979,0,0,0,0,0,0,1,12,3000000,236,236,64450979,0,0,0,0,0,0,1,12,3000000
201905,29,049,2,4,Clinton County                ,16,16,2916533,1,2,400000,0,0,0,0,0,0,4,4,908000,1,2,400000,0,0,0,0,0,0
201905,29,065,2,4,Dent County                   ,0,0,0,0,0,0,0,0,0,0,0,0,0,0,0,0,0,0,0,0,0,0,0,0
201905,29,071,2,4,Franklin County               ,107,107,25903852,2,4,879779,0,0,0,2,32,1850000,106,106,25736102,2,4,879779,0,0,0,2,32,1850000
201905,29,095,2,4,Jackson County                ,537,537,125220468,39,78,5979544,11,43,7807594,13,612,64373160,518,518,120429620,39,78,5979544,11,43,7807594,13,612,64373160
201905,29,099,2,4,Jefferson County              ,279,279,69193493,2,4,692660,0,0,0,0,0,0,267,267,67846319,1,2,300000,0,0,0,0,0,0
201905,29,105,2,4,Laclede County                ,14,14,2004975,0,0,0,0,0,0,1,5,534750,7,7,1113900,0,0,0,0,0,0,0,0,0
201905,29,107,2,4,Lafayette County              ,28,28,5752633,0,0,0,0,0,0,0,0,0,25,25,5166753,0,0,0,0,0,0,0,0,0
201905,29,113,2,4,Lincoln County                ,61,61,11424008,1,2,234292,2,6,718576,7,50,5160000,41,41,6388061,1,2,234292,0,0,0,7,50,5160000
201905,29,165,2,4,Platte County                 ,72,72,23738740,0,0,0,0,0,0,0,0,0,66,66,21753663,0,0,0,0,0,0,0,0,0
201905,29,185,2,4,St. Clair County              ,1,1,50000,0,0,0,0,0,0,0,0,0,1,1,50000,0,0,0,0,0,0,0,0,0
201905,29,189,2,4,St. Louis County              ,365,365,153775755,0,0,0,0,0,0,3,54,6369150,196,196,94093536,0,0,0,0,0,0,0,0,0
201905,29,219,2,4,Warren County                 ,117,117,27053008,0,0,0,8,31,4120540,3,18,2656452,117,117,27053008,0,0,0,8,31,4120540,3,18,2656452
201905,29,221,2,4,Washington County             ,0,0,0,0,0,0,0,0,0,0,0,0,0,0,0,0,0,0,0,0,0,0,0,0
201905,29,510,2,4,St. Louis (Independent City)  ,48,48,9832603,0,0,0,1,3,450000,3,65,8062200,48,48,9832603,0,0,0,1,3,450000,3,65,8062200
201905,30,013,4,8,Cascade County                ,40,40,13867685,0,0,0,0,0,0,1,12,1002000,40,40,13867685,0,0,0,0,0,0,1,12,1002000
201905,30,033,4,8,Garfield County               ,0,0,0,0,0,0,0,0,0,0,0,0,0,0,0,0,0,0,0,0,0,0,0,0
201905,30,063,4,8,Missoula County               ,138,138,32147203,4,8,341192,1,3,133127,4,87,3800300,138,138,32147203,4,8,341192,1,3,133127,4,87,3800300
201905,30,093,4,8,Silver Bow County             ,14,14,1573510,0,0,0,0,0,0,0,0,0,14,14,1573510,0,0,0,0,0,0,0,0,0
201905,31,001,2,4,Adams County                  ,31,31,8659344,15,30,5386614,0,0,0,3,84,10220675,28,28,7804344,15,30,5386614,0,0,0,3,84,10220675
201905,31,025,2,4,Cass County                   ,47,47,8314202,0,0,0,0,0,0,0,0,0,13,13,2638212,0,0,0,0,0,0,0,0,0
201905,31,033,2,4,Cheyenne County               ,2,2,429000,0,0,0,0,0,0,0,0,0,2,2,429000,0,0,0,0,0,0,0,0,0
201905,31,055,2,4,Douglas County                ,517,517,82423201,1,2,192848,0,0,0,5,413,26596010,505,505,79589503,1,2,192848,0,0,0,5,413,26596010
201905,31,105,2,4,Kimball County                ,1,1,175000,0,0,0,0,0,0,0,0,0,1,1,175000,0,0,0,0,0,0,0,0,0
201905,31,153,2,4,Sarpy County                  ,329,329,87320430,0,0,0,0,0,0,2,60,2755802,234,234,64279253,0,0,0,0,0,0,2,60,2755802
201905,31,165,2,4,Sioux County                  ,1,1,164000,0,0,0,0,0,0,0,0,0,1,1,164000,0,0,0,0,0,0,0,0,0
201905,31,177,2,4,Washington County             ,14,14,4015602,0,0,0,0,0,0,0,0,0,14,14,4015602,0,0,0,0,0,0,0,0,0
201905,32,001,4,8,Churchill County              ,32,32,6385642,1,2,139828,0,0,0,0,0,0,32,32,6385642,1,2,139828,0,0,0,0,0,0
201905,32,003,4,8,Clark County                  ,3902,3902,947443631,22,44,6584840,35,106,11835191,49,917,72434975,3902,3902,947443631,22,44,6584840,35,106,11835191,49,917,72434975
201905,32,005,4,8,Douglas County                ,50,50,22817498,0,0,0,0,0,0,0,0,0,50,50,22817498,0,0,0,0,0,0,0,0,0
201905,32,007,4,8,Elko County                   ,57,57,9343362,0,0,0,0,0,0,0,0,0,57,57,9343362,0,0,0,0,0,0,0,0,0
201905,32,013,4,8,Humboldt County               ,5,5,598422,0,0,0,0,0,0,0,0,0,2,2,295341,0,0,0,0,0,0,0,0,0
201905,32,015,4,8,Lander County                 ,0,0,0,0,0,0,0,0,0,0,0,0,0,0,0,0,0,0,0,0,0,0,0,0
201905,32,017,4,8,Lincoln County                ,5,5,1377726,0,0,0,0,0,0,0,0,0,1,1,285178,0,0,0,0,0,0,0,0,0
201905,32,019,4,8,Lyon County                   ,176,176,49728192,0,0,0,0,0,0,0,0,0,147,147,43109700,0,0,0,0,0,0,0,0,0
201905,32,021,4,8,Mineral County                ,0,0,0,0,0,0,0,0,0,0,0,0,0,0,0,0,0,0,0,0,0,0,0,0
201905,32,027,4,8,Pershing County               ,2,2,131342,0,0,0,0,0,0,0,0,0,2,2,131342,0,0,0,0,0,0,0,0,0
201905,32,029,4,8,Storey County                 ,3,3,552234,0,0,0,0,0,0,0,0,0,1,1,148418,0,0,0,0,0,0,0,0,0
201905,32,031,4,8,Washoe County                 ,744,744,209297624,16,32,2432279,4,14,1398453,29,766,98930014,636,636,182207760,14,28,2322927,4,14,1398453,20,654,86411303
201905,32,033,4,8,White Pine County             ,3,3,1068117,0,0,0,0,0,0,0,0,0,0,0,0,0,0,0,0,0,0,0,0,0
201905,32,510,4,8,Carson City (Independent City),67,67,18131045,0,0,0,1,3,381851,0,0,0,44,44,11661299,0,0,0,0,0,0,0,0,0
201905,33,015,1,1,Rockingham County             ,228,228,70092027,17,34,6105025,0,0,0,7,135,15938146,200,200,61131235,14,28,4704877,0,0,0,4,120,14461738
201905,33,017,1,1,Strafford County              ,86,86,19173192,3,6,814877,0,0,0,4,160,60523721,62,62,14536629,3,6,814877,0,0,0,2,150,59592687
201905,34,001,1,2,Atlantic County               ,140,140,39186322,0,0,0,0,0,0,24,306,18603106,137,137,38824070,0,0,0,0,0,0,22,269,14123395
201905,34,003,1,2,Bergen County                 ,322,322,113382011,36,72,11684718,10,33,2105874,45,647,90706177,234,234,83599444,32,64,10268866,10,33,2105874,20,499,73132874
201905,34,005,1,2,Burlington County             ,196,196,28829473,0,0,0,2,7,18900,84,731,54732478,125,125,21838371,0,0,0,2,7,18900,74,668,49067495
201905,34,007,1,2,Camden County                 ,141,141,11123902,1,2,232,6,21,1938000,53,450,14192389,125,125,9114182,1,2,232,6,21,1938000,42,337,8191636
201905,34,009,1,2,Cape May County               ,170,170,58588925,43,86,9904738,3,10,1077520,9,48,1939820,170,170,58588925,43,86,9904738,3,10,1077520,9,48,1939820
201905,34,011,1,2,Cumberland County             ,39,39,3208322,0,0,0,0,0,0,0,0,0,31,31,2505729,0,0,0,0,0,0,0,0,0
201905,34,013,1,2,Essex County                  ,174,174,26686994,30,60,7920265,12,36,3916726,30,841,140722089,106,106,20979433,28,56,7691265,10,30,3359466,15,557,120529935
201905,34,015,1,2,Gloucester County             ,192,192,26891025,4,8,272855,1,3,128055,14,120,12793147,141,141,21369854,4,8,272855,1,3,128055,3,24,2252265
201905,34,017,1,2,Hudson County                 ,200,200,26491832,14,28,2957238,27,90,15433794,20,1362,71714749,197,197,24919295,10,20,1840852,26,87,14986630,18,1297,62438957
201905,34,019,1,2,Hunterdon County              ,74,74,18937552,1,2,233200,3,9,1231000,20,146,7014914,65,65,17405607,0,0,0,3,9,1231000,12,100,4616912
201905,34,021,1,2,Mercer County                 ,63,63,13166002,1,2,31800,2,7,356500,5,66,1862684,63,63,13166002,1,2,31800,2,7,356500,3,56,1856900
201905,34,023,1,2,Middlesex County              ,319,319,64134435,9,18,858162,13,45,1654467,33,552,50549907,276,276,56870604,8,16,647762,13,45,1654467,23,438,43267254
201905,34,025,1,2,Monmouth County               ,318,318,101818995,2,4,523400,3,9,50180,35,425,35726480,267,267,81447951,2,4,523400,3,9,50180,34,420,35691480
201905,34,027,1,2,Morris County                 ,343,343,63972298,2,4,13002,6,21,2866101,24,343,26711077,285,285,49353543,2,4,13002,3,9,2378800,19,318,24934380
201905,34,029,1,2,Ocean County                  ,836,836,177049443,30,60,1741055,5,16,1195990,17,177,11979868,700,700,162021524,28,56,1546216,1,3,675000,13,154,10184525
201905,34,031,1,2,Passaic County                ,30,30,7076137,3,6,342716,2,6,439502,8,77,7523425,16,16,4582044,0,0,0,0,0,0,4,46,5628200
201905,34,033,1,2,Salem County                  ,44,44,6817628,0,0,0,0,0,0,0,0,0,44,44,6817628,0,0,0,0,0,0,0,0,0
201905,34,035,1,2,Somerset County               ,143,143,24970205,0,0,0,0,0,0,15,207,14692107,102,102,17884011,0,0,0,0,0,0,4,125,9241826
201905,34,037,1,2,Sussex County                 ,53,53,10567061,19,38,2934600,0,0,0,1,5,1,48,48,9207918,19,38,2934600,0,0,0,1,5,1
201905,34,039,1,2,Union County                  ,83,83,19642019,43,86,6029600,3,9,5765000,18,201,13852514,50,50,14038673,43,86,6029600,3,9,5765000,7,134,9333000
201905,34,041,1,2,Warren County                 ,27,27,4308014,0,0,0,0,0,0,4,26,938827,21,21,3287095,0,0,0,0,0,0,0,0,0
201905,35,000,4,8,New Mexico Balance of State   ,153,153,41486074,0,0,0,0,0,0,0,0,0,0,0,0,0,0,0,0,0,0,0,0,0
201905,35,001,4,8,Bernalillo County             ,425,425,105272495,0,0,0,0,0,0,1,86,9800000,425,425,105272495,0,0,0,0,0,0,1,86,9800000
201905,35,005,4,8,Chaves County                 ,22,22,3932945,0,0,0,0,0,0,0,0,0,19,19,3532994,0,0,0,0,0,0,0,0,0
201905,35,009,4,8,Curry County                  ,21,21,5316717,0,0,0,0,0,0,2,10,921876,0,0,0,0,0,0,0,0,0,0,0,0
201905,35,013,4,8,Dona Ana County               ,362,362,89155453,3,6,640340,0,0,0,0,0,0,335,335,81408875,3,6,640340,0,0,0,0,0,0
201905,35,015,4,8,Eddy County                   ,106,106,33551305,0,0,0,0,0,0,0,0,0,106,106,33551305,0,0,0,0,0,0,0,0,0
201905,35,017,4,8,Grant County                  ,5,5,812535,0,0,0,0,0,0,0,0,0,0,0,0,0,0,0,0,0,0,0,0,0
201905,35,025,4,8,Lea County                    ,67,67,15410764,0,0,0,0,0,0,0,0,0,62,62,14383234,0,0,0,0,0,0,0,0,0
201905,35,027,4,8,Lincoln County                ,28,28,9468210,0,0,0,0,0,0,0,0,0,28,28,9468210,0,0,0,0,0,0,0,0,0
201905,35,028,4,8,Los Alamos County             ,3,3,851363,0,0,0,0,0,0,0,0,0,2,2,560400,0,0,0,0,0,0,0,0,0
201905,35,029,4,8,Luna County                   ,6,6,1216432,0,0,0,0,0,0,0,0,0,2,2,470000,0,0,0,0,0,0,0,0,0
201905,35,031,4,8,McKinley County               ,1,1,265000,0,0,0,0,0,0,0,0,0,1,1,265000,0,0,0,0,0,0,0,0,0
201905,35,035,4,8,Otero County                  ,0,0,0,0,0,0,0,0,0,0,0,0,0,0,0,0,0,0,0,0,0,0,0,0
201905,35,041,4,8,Roosevelt County              ,8,8,1208152,0,0,0,0,0,0,0,0,0,0,0,0,0,0,0,0,0,0,0,0,0
201905,35,043,4,8,Sandoval County               ,273,273,60545586,1,2,283271,1,3,251560,5,29,1208332,0,0,0,0,0,0,0,0,0,0,0,0
201905,35,045,4,8,San Juan County               ,27,27,5698047,2,4,650880,0,0,0,1,8,500000,24,24,4831207,2,4,650880,0,0,0,1,8,500000
201905,35,047,4,8,San Miguel County             ,1,1,140000,0,0,0,0,0,0,0,0,0,0,0,0,0,0,0,0,0,0,0,0,0
201905,35,049,4,8,Santa Fe County               ,119,119,27913509,0,0,0,0,0,0,1,77,11802560,119,119,27913509,0,0,0,0,0,0,1,77,11802560
201905,35,051,4,8,Sierra County                 ,0,0,0,0,0,0,0,0,0,0,0,0,0,0,0,0,0,0,0,0,0,0,0,0
201905,35,055,4,8,Taos County                   ,36,36,3947609,0,0,0,0,0,0,0,0,0,0,0,0,0,0,0,0,0,0,0,0,0
201905,35,061,4,8,Valencia County               ,18,18,3142948,0,0,0,0,0,0,0,0,0,18,18,3142948,0,0,0,0,0,0,0,0,0
201905,36,001,1,2,Albany County                 ,89,89,23182559,0,0,0,0,0,0,9,167,18283455,72,72,19402971,0,0,0,0,0,0,3,114,10300000
201905,36,005,1,2,Bronx County                  ,1,1,266020,11,22,3260824,10,30,3729228,30,1688,219698766,1,1,266020,11,22,3260824,10,30,3729228,30,1688,219698766
201905,36,029,1,2,Erie County                   ,313,313,94223982,1,2,300000,3,12,1200000,8,99,19330729,280,280,86532944,1,2,300000,3,12,1200000,3,18,1200000
201905,36,047,1,2,Kings County                  ,17,17,4522347,13,26,3853702,25,83,10317532,132,3329,433280325,17,17,4522347,13,26,3853702,25,83,10317532,132,3329,433280325
201905,36,051,1,2,Livingston County             ,19,19,3995715,0,0,0,0,0,0,5,25,1303572,13,13,3062100,0,0,0,0,0,0,0,0,0
201905,36,055,1,2,Monroe County                 ,255,255,61321109,0,0,0,4,15,2072500,18,376,57073560,226,226,56649453,0,0,0,4,15,2072500,17,371,56667310
201905,36,059,1,2,Nassau County                 ,293,293,107122836,2,4,280000,0,0,0,5,65,29820583,213,213,76384305,2,4,280000,0,0,0,4,60,28657792
201905,36,061,1,2,New York County               ,1,1,266020,1,2,296439,0,0,0,27,1778,231412561,1,1,266020,1,2,296439,0,0,0,27,1778,231412561
201905,36,063,1,2,Niagara County                ,87,87,24447455,1,2,400000,0,0,0,0,0,0,61,61,17215065,1,2,400000,0,0,0,0,0,0
201905,36,069,1,2,Ontario County                ,106,106,34249721,0,0,0,1,3,50000,2,13,1137500,88,88,29175512,0,0,0,1,3,50000,0,0,0
201905,36,073,1,2,Orleans County                ,2,2,453000,0,0,0,0,0,0,0,0,0,1,1,198000,0,0,0,0,0,0,0,0,0
201905,36,079,1,2,Putnam County                 ,13,13,4014550,0,0,0,0,0,0,2,48,5114570,13,13,4014550,0,0,0,0,0,0,2,48,5114570
201905,36,081,1,2,Queens County                 ,36,36,9576735,59,118,17489877,14,42,5220920,35,2295,298701816,36,36,9576735,59,118,17489877,14,42,5220920,35,2295,298701816
201905,36,083,1,2,Rensselaer County             ,39,39,9556894,1,2,550000,0,0,0,2,17,1400000,22,22,4961620,0,0,0,0,0,0,1,12,900000
201905,36,085,1,2,Richmond County               ,97,97,25803979,83,166,24604404,1,3,372923,0,0,0,97,97,25803979,83,166,24604404,1,3,372923,0,0,0
201905,36,087,1,2,Rockland County               ,46,46,15214700,11,22,3145060,12,40,5447429,16,110,17997210,34,34,11851900,0,0,0,2,8,1800000,0,0,0
201905,36,091,1,2,Saratoga County               ,253,253,79114786,1,2,200000,0,0,0,6,30,1728790,201,201,62563616,1,2,200000,0,0,0,0,0,0
201905,36,093,1,2,Schenectady County            ,31,31,5363207,0,0,0,0,0,0,3,24,1800000,25,25,4194064,0,0,0,0,0,0,3,24,1800000
201905,36,095,1,2,Schoharie County              ,10,10,2256827,0,0,0,0,0,0,0,0,0,5,5,960475,0,0,0,0,0,0,0,0,0
201905,36,099,1,2,Seneca County                 ,17,17,2347532,0,0,0,0,0,0,0,0,0,17,17,2347532,0,0,0,0,0,0,0,0,0
201905,36,103,1,2,Suffolk County                ,266,266,178439200,1,2,296439,0,0,0,6,42,5891836,228,228,155468041,1,2,296439,0,0,0,1,17,2212606
201905,36,117,1,2,Wayne County                  ,30,30,6456765,1,2,265000,1,3,125000,2,12,550000,24,24,5329600,1,2,265000,1,3,125000,2,12,550000
201905,36,119,1,2,Westchester County            ,129,129,57556487,6,12,1891666,1,3,120000,11,149,15365858,105,105,46509070,3,6,1125000,0,0,0,1,29,2279906
201905,37,007,3,5,Anson County                  ,20,20,2997300,0,0,0,0,0,0,0,0,0,0,0,0,0,0,0,0,0,0,0,0,0
201905,37,011,3,5,Avery County                  ,44,44,14947273,1,2,29000,1,4,600000,0,0,0,44,44,14947273,1,2,29000,1,4,600000,0,0,0
201905,37,015,3,5,Bertie County                 ,6,6,1881705,0,0,0,0,0,0,0,0,0,6,6,1881705,0,0,0,0,0,0,0,0,0
201905,37,025,3,5,Cabarrus County               ,773,773,132020059,2,4,170000,0,0,0,8,110,7487344,773,773,132020059,2,4,170000,0,0,0,8,110,7487344
201905,37,033,3,5,Caswell County                ,7,7,1872528,0,0,0,0,0,0,0,0,0,7,7,1872528,0,0,0,0,0,0,0,0,0
201905,37,037,3,5,Chatham County                ,247,247,72738921,0,0,0,0,0,0,0,0,0,237,237,71738447,0,0,0,0,0,0,0,0,0
201905,37,051,3,5,Cumberland County             ,293,293,50537003,0,0,0,0,0,0,0,0,0,293,293,50537003,0,0,0,0,0,0,0,0,0
201905,37,053,3,5,Currituck County              ,188,188,42542740,0,0,0,0,0,0,0,0,0,188,188,42542740,0,0,0,0,0,0,0,0,0
201905,37,059,3,5,Davie County                  ,69,69,16145537,0,0,0,0,0,0,0,0,0,69,69,16145537,0,0,0,0,0,0,0,0,0
201905,37,063,3,5,Durham County                 ,852,852,164214793,1,2,169897,0,0,0,18,564,44929010,0,0,0,0,0,0,0,0,0,0,0,0
201905,37,069,3,5,Franklin County               ,403,403,84338160,1,2,120000,0,0,0,0,0,0,403,403,84338160,1,2,120000,0,0,0,0,0,0
201905,37,071,3,5,Gaston County                 ,575,575,198317885,1,2,248655,0,0,0,1,5,792450,498,498,176449339,0,0,0,0,0,0,0,0,0
201905,37,077,3,5,Granville County              ,132,132,23338026,0,0,0,0,0,0,0,0,0,132,132,23338026,0,0,0,0,0,0,0,0,0
201905,37,081,3,5,Guilford County               ,643,643,155877959,0,0,0,0,0,0,5,105,9128510,594,594,139020262,0,0,0,0,0,0,5,105,9128510
201905,37,089,3,5,Henderson County              ,205,205,55345886,0,0,0,0,0,0,0,0,0,205,205,55345886,0,0,0,0,0,0,0,0,0
201905,37,093,3,5,Hoke County                   ,83,83,19621774,0,0,0,0,0,0,0,0,0,83,83,19621774,0,0,0,0,0,0,0,0,0
201905,37,097,3,5,Iredell County                ,490,490,128240761,0,0,0,0,0,0,1,68,6520037,490,490,128240761,0,0,0,0,0,0,1,68,6520037
201905,37,101,3,5,Johnston County               ,1074,1074,183835907,2,4,398000,0,0,0,0,0,0,1029,1029,177588157,2,4,398000,0,0,0,0,0,0
201905,37,119,3,5,Mecklenburg County            ,2228,2228,526714587,9,18,3038018,6,20,2915681,48,2938,270555582,2228,2228,526714587,9,18,3038018,6,20,2915681,48,2938,270555582
201905,37,133,3,5,Onslow County                 ,550,550,78390384,5,10,1408000,0,0,0,0,0,0,547,547,77829500,5,10,1408000,0,0,0,0,0,0
201905,37,135,3,5,Orange County                 ,236,236,73092231,0,0,0,0,0,0,0,0,0,195,195,59811616,0,0,0,0,0,0,0,0,0
201905,37,145,3,5,Person County                 ,45,45,10176178,0,0,0,0,0,0,0,0,0,45,45,10176178,0,0,0,0,0,0,0,0,0
201905,37,151,3,5,Randolph County               ,122,122,27446499,1,2,85000,0,0,0,0,0,0,118,118,27071568,0,0,0,0,0,0,0,0,0
201905,37,157,3,5,Rockingham County             ,67,67,17856125,2,4,756700,0,0,0,0,0,0,67,67,17856125,2,4,756700,0,0,0,0,0,0
201905,37,179,3,5,Union County                  ,623,623,139688054,0,0,0,0,0,0,0,0,0,623,623,139688054,0,0,0,0,0,0,0,0,0
201905,37,181,3,5,Vance County                  ,22,22,3917146,0,0,0,0,0,0,0,0,0,22,22,3917146,0,0,0,0,0,0,0,0,0
201905,37,183,3,5,Wake County                   ,3378,3378,785481909,0,0,0,0,0,0,21,1206,137045996,3378,3378,785481909,0,0,0,0,0,0,21,1206,137045996
201905,37,195,3,5,Wilson County                 ,54,54,7999754,1,2,85000,0,0,0,0,0,0,54,54,7999754,1,2,85000,0,0,0,0,0,0
201905,39,007,2,3,Ashtabula County              ,30,30,5712000,2,4,173000,1,3,130000,0,0,0,30,30,5712000,2,4,173000,1,3,130000,0,0,0
201905,39,015,2,3,Brown County                  ,41,41,10599042,0,0,0,0,0,0,0,0,0,41,41,10599042,0,0,0,0,0,0,0,0,0
201905,39,017,2,3,Butler County                 ,308,308,66170547,0,0,0,0,0,0,0,0,0,238,238,52487082,0,0,0,0,0,0,0,0,0
201905,39,025,2,3,Clermont County               ,219,219,51696784,0,0,0,3,10,713220,11,83,5722460,219,219,51696784,0,0,0,3,10,713220,11,83,5722460
201905,39,041,2,3,Delaware County               ,552,552,169061931,3,6,924000,0,0,0,7,63,8168570,515,515,155637055,3,6,924000,0,0,0,2,10,1664000
201905,39,049,2,3,Franklin County               ,498,498,157258369,3,6,1281000,4,15,4594000,34,578,83083503,471,471,147375331,3,6,1281000,4,15,4594000,30,553,81073297
201905,39,055,2,3,Geauga County                 ,71,71,25837394,0,0,0,0,0,0,0,0,0,71,71,25837394,0,0,0,0,0,0,0,0,0
201905,39,085,2,3,Lake County                   ,177,177,38579207,0,0,0,0,0,0,0,0,0,177,177,38579207,0,0,0,0,0,0,0,0,0
201905,39,089,2,3,Licking County                ,112,112,35507075,1,2,278179,0,0,0,0,0,0,112,112,35507075,1,2,278179,0,0,0,0,0,0
201905,39,093,2,3,Lorain County                 ,384,384,89436398,4,8,1168509,3,12,1430000,6,45,3992497,335,335,81323779,4,8,1168509,3,12,1430000,5,40,3835622
201905,39,097,2,3,Madison County                ,47,47,12375392,0,0,0,0,0,0,0,0,0,44,44,11601945,0,0,0,0,0,0,0,0,0
201905,39,103,2,3,Medina County                 ,185,185,53722370,5,10,1356996,10,34,5097397,0,0,0,185,185,53722370,5,10,1356996,10,34,5097397,0,0,0
201905,39,117,2,3,Morrow County                 ,33,33,6840211,0,0,0,0,0,0,0,0,0,33,33,6840211,0,0,0,0,0,0,0,0,0
201905,39,159,2,3,Union County                  ,163,163,44809864,1,2,209000,0,0,0,0,0,0,163,163,44809864,1,2,209000,0,0,0,0,0,0
201905,39,165,2,3,Warren County                 ,522,522,131708254,1,2,297932,3,12,3201627,4,155,20213559,506,506,127504614,1,2,297932,3,12,3201627,4,155,20213559
201905,40,001,3,7,Adair County                  ,5,5,887090,0,0,0,0,0,0,0,0,0,0,0,0,0,0,0,0,0,0,0,0,0
201905,40,017,3,7,Canadian County               ,156,156,32093003,8,16,1813590,3,11,1404000,0,0,0,150,150,30675707,8,16,1813590,3,11,1404000,0,0,0
201905,40,021,3,7,Cherokee County               ,24,24,3149718,4,8,520000,0,0,0,1,5,244048,0,0,0,0,0,0,0,0,0,0,0,0
201905,40,027,3,7,Cleveland County              ,301,301,71355333,11,22,4300000,2,7,937750,3,244,34000000,301,301,71355333,11,22,4300000,2,7,937750,3,244,34000000
201905,40,029,3,7,Coal County                   ,10,10,140000,0,0,0,0,0,0,0,0,0,10,10,140000,0,0,0,0,0,0,0,0,0
201905,40,037,3,7,Creek County                  ,21,21,4688800,0,0,0,0,0,0,0,0,0,5,5,787500,0,0,0,0,0,0,0,0,0
201905,40,051,3,7,Grady County                  ,17,17,4959513,0,0,0,0,0,0,0,0,0,16,16,4728267,0,0,0,0,0,0,0,0,0
201905,40,055,3,7,Greer County                  ,3,3,787500,0,0,0,0,0,0,0,0,0,0,0,0,0,0,0,0,0,0,0,0,0
201905,40,081,3,7,Lincoln County                ,3,3,627314,0,0,0,0,0,0,0,0,0,3,3,627314,0,0,0,0,0,0,0,0,0
201905,40,083,3,7,Logan County                  ,6,6,1442000,0,0,0,0,0,0,0,0,0,6,6,1442000,0,0,0,0,0,0,0,0,0
201905,40,087,3,7,McClain County                ,235,235,40948830,0,0,0,0,0,0,0,0,0,203,203,33390310,0,0,0,0,0,0,0,0,0
201905,40,109,3,7,Oklahoma County               ,1610,1610,389403648,22,44,3738400,0,0,0,0,0,0,1586,1586,385589244,22,44,3738400,0,0,0,0,0,0
201905,40,111,3,7,Okmulgee County               ,0,0,0,0,0,0,0,0,0,0,0,0,0,0,0,0,0,0,0,0,0,0,0,0
201905,40,113,3,7,Osage County                  ,53,53,11588914,0,0,0,0,0,0,0,0,0,53,53,11588914,0,0,0,0,0,0,0,0,0
201905,40,117,3,7,Pawnee County                 ,1,1,200000,0,0,0,0,0,0,0,0,0,1,1,200000,0,0,0,0,0,0,0,0,0
201905,40,131,3,7,Rogers County                 ,266,266,50796313,4,8,583934,0,0,0,0,0,0,262,262,50406314,4,8,583934,0,0,0,0,0,0
201905,40,143,3,7,Tulsa County                  ,819,819,194445974,1,2,265000,2,8,1200000,9,382,50137823,750,750,181424062,1,2,265000,2,8,1200000,9,382,50137823
201905,40,145,3,7,Wagoner County                ,220,220,38928629,0,0,0,0,0,0,1,5,340776,212,212,37826598,0,0,0,0,0,0,0,0,0
201905,41,000,4,9,Oregon Balance of State       ,64,64,7099312,0,0,0,0,0,0,0,0,0,0,0,0,0,0,0,0,0,0,0,0,0
201905,41,005,4,9,Clackamas County              ,513,513,159486449,3,6,784613,5,18,1924923,3,44,4757930,512,512,159191934,3,6,784613,5,18,1924923,3,44,4757930
201905,41,017,4,9,Deschutes County              ,548,548,147746559,18,36,4497731,0,0,0,4,66,7829810,489,489,132990389,17,34,4104045,0,0,0,4,66,7829810
201905,41,019,4,9,Douglas County                ,98,98,25990517,1,2,238795,0,0,0,0,0,0,98,98,25990517,1,2,238795,0,0,0,0,0,0
201905,41,025,4,9,Harney County                 ,2,2,450276,0,0,0,0,0,0,0,0,0,0,0,0,0,0,0,0,0,0,0,0,0
201905,41,035,4,9,Klamath County                ,55,55,13508330,0,0,0,0,0,0,0,0,0,55,55,13508330,0,0,0,0,0,0,0,0,0
201905,41,051,4,9,Multnomah County              ,421,421,113758191,38,76,13493171,11,38,6954787,52,1966,244293011,421,421,113758191,38,76,13493171,11,38,6954787,52,1966,244293011
201905,41,067,4,9,Washington County             ,784,784,216465481,2,4,624916,1,3,219165,11,789,107459378,784,784,216465481,2,4,624916,1,3,219165,11,789,107459378
201905,41,071,4,9,Yamhill County                ,126,126,33534867,2,4,293442,0,0,0,0,0,0,63,63,18669506,2,4,293442,0,0,0,0,0,0
201905,42,001,1,2,Adams County                  ,77,77,20097522,0,0,0,0,0,0,0,0,0,62,62,17029502,0,0,0,0,0,0,0,0,0
201905,42,017,1,2,Bucks County                  ,309,309,69902484,0,0,0,2,7,1551664,3,15,1463500,196,196,43292083,0,0,0,2,7,1551664,3,15,1463500
201905,42,029,1,2,Chester County                ,498,498,103775601,0,0,0,2,6,773776,3,96,12373797,418,418,86381760,0,0,0,0,0,0,3,96,12373797
201905,42,037,1,2,Columbia County               ,29,29,6938886,0,0,0,0,0,0,0,0,0,16,16,3581077,0,0,0,0,0,0,0,0,0
201905,42,041,1,2,Cumberland County             ,289,289,56873439,5,10,1259585,7,23,4928663,20,187,28534865,256,256,51181199,5,10,1259585,7,23,4928663,20,187,28534865
201905,42,043,1,2,Dauphin County                ,146,146,33042722,1,2,303960,12,41,5826883,3,21,2067180,140,140,32151059,1,2,303960,12,41,5826883,3,21,2067180
201905,42,045,1,2,Delaware County               ,130,130,34082735,0,0,0,0,0,0,0,0,0,69,69,18979396,0,0,0,0,0,0,0,0,0
201905,42,055,1,2,Franklin County               ,119,119,21469267,1,2,296439,0,0,0,5,25,2437645,92,92,17691978,1,2,296439,0,0,0,0,0,0
201905,42,091,1,2,Montgomery County             ,466,466,115833145,7,14,2863052,7,25,4356160,13,273,42660711,362,362,93176431,6,12,2624552,7,25,4356160,11,262,41493496
201905,42,093,1,2,Montour County                ,9,9,1790538,0,0,0,0,0,0,0,0,0,6,6,1050195,0,0,0,0,0,0,0,0,0
201905,42,099,1,2,Perry County                  ,32,32,8240519,0,0,0,0,0,0,0,0,0,1,1,260000,0,0,0,0,0,0,0,0,0
201905,42,101,1,2,Philadelphia County           ,348,348,92575102,72,144,21344422,79,268,32998898,44,938,116915502,348,348,92575102,72,144,21344422,79,268,32998898,44,938,116915502
201905,42,103,1,2,Pike County                   ,62,62,17936287,0,0,0,0,0,0,0,0,0,54,54,15948960,0,0,0,0,0,0,0,0,0
201905,44,001,1,1,Bristol County                ,14,14,4073166,0,0,0,0,0,0,0,0,0,11,11,3166820,0,0,0,0,0,0,0,0,0
201905,44,003,1,1,Kent County                   ,39,39,6742837,4,8,852300,2,6,725000,1,24,1400000,28,28,4473740,4,8,852300,1,3,425000,1,24,1400000
201905,44,005,1,1,Newport County                ,66,66,20192861,0,0,0,0,0,0,0,0,0,66,66,20192861,0,0,0,0,0,0,0,0,0
201905,44,007,1,1,Providence County             ,126,126,24312664,2,4,360000,0,0,0,1,5,375000,96,96,20122243,0,0,0,0,0,0,0,0,0
201905,44,009,1,1,Washington County             ,120,120,25621220,0,0,0,0,0,0,2,15,1000000,82,82,15814976,0,0,0,0,0,0,0,0,0
201905,45,003,3,5,Aiken County                  ,358,358,78853214,0,0,0,0,0,0,1,6,482143,347,347,76442412,0,0,0,0,0,0,0,0,0
201905,45,009,3,5,Bamberg County                ,3,3,803000,0,0,0,0,0,0,0,0,0,3,3,803000,0,0,0,0,0,0,0,0,0
201905,45,015,3,5,Berkeley County               ,786,786,220288458,0,0,0,0,0,0,15,429,23748568,634,634,187785279,0,0,0,0,0,0,11,297,20634414
201905,45,017,3,5,Calhoun County                ,10,10,1477845,0,0,0,0,0,0,0,0,0,0,0,0,0,0,0,0,0,0,0,0,0
201905,45,019,3,5,Charleston County             ,1159,1159,314863780,3,6,2440596,0,0,0,19,489,35865202,585,585,230139675,3,6,2440596,0,0,0,0,0,0
201905,45,035,3,5,Dorchester County             ,233,233,66744330,0,0,0,0,0,0,0,0,0,231,231,66529330,0,0,0,0,0,0,0,0,0
201905,45,037,3,5,Edgefield County              ,58,58,12888372,0,0,0,0,0,0,0,0,0,50,50,11349050,0,0,0,0,0,0,0,0,0
201905,45,039,3,5,Fairfield County              ,22,22,5270843,0,0,0,0,0,0,0,0,0,22,22,5270843,0,0,0,0,0,0,0,0,0
201905,45,045,3,5,Greenville County             ,1575,1575,371990647,2,4,680000,0,0,0,45,743,65853970,1557,1557,368721319,2,4,680000,0,0,0,42,698,62936415
201905,45,051,3,5,Horry County                  ,1849,1849,323850036,14,28,5417042,1,4,602030,3,15,750000,1718,1718,290770718,13,26,4848562,1,4,602030,0,0,0
201905,45,055,3,5,Kershaw County                ,130,130,17542495,0,0,0,0,0,0,0,0,0,127,127,17060760,0,0,0,0,0,0,0,0,0
201905,45,059,3,5,Laurens County                ,68,68,8323422,0,0,0,0,0,0,0,0,0,67,67,8225918,0,0,0,0,0,0,0,0,0
201905,45,063,3,5,Lexington County              ,748,748,187447968,0,0,0,0,0,0,3,61,5505304,92,92,21411693,0,0,0,0,0,0,0,0,0
201905,45,077,3,5,Pickens County                ,237,237,75127056,0,0,0,1,3,390000,9,110,12999953,133,133,43795573,0,0,0,0,0,0,2,24,2494590
201905,45,079,3,5,Richland County               ,673,673,129805896,0,0,0,0,0,0,0,0,0,600,600,112473224,0,0,0,0,0,0,0,0,0
201905,45,081,3,5,Saluda County                 ,16,16,3928278,0,0,0,0,0,0,0,0,0,0,0,0,0,0,0,0,0,0,0,0,0
201905,45,085,3,5,Sumter County                 ,98,98,13205072,1,2,200000,0,0,0,0,0,0,98,98,13205072,1,2,200000,0,0,0,0,0,0
201905,45,091,3,5,York County                   ,1019,1019,338157173,0,0,0,2,6,1207732,15,196,24342502,331,331,105013444,0,0,0,2,6,1207732,6,34,6843804
201905,46,007,2,4,Bennett County                ,1,1,120000,0,0,0,0,0,0,0,0,0,0,0,0,0,0,0,0,0,0,0,0,0
201905,46,055,2,4,Haakon County                 ,0,0,0,0,0,0,0,0,0,0,0,0,0,0,0,0,0,0,0,0,0,0,0,0
201905,46,071,2,4,Jackson County                ,0,0,0,0,0,0,0,0,0,0,0,0,0,0,0,0,0,0,0,0,0,0,0,0
201905,46,111,2,4,Sanborn County                ,3,3,480000,0,0,0,0,0,0,0,0,0,3,3,480000,0,0,0,0,0,0,0,0,0
201905,47,001,3,6,Anderson County               ,68,68,11656393,0,0,0,0,0,0,0,0,0,59,59,10064923,0,0,0,0,0,0,0,0,0
201905,47,015,3,6,Cannon County                 ,3,3,541407,0,0,0,0,0,0,0,0,0,2,2,305000,0,0,0,0,0,0,0,0,0
201905,47,021,3,6,Cheatham County               ,105,105,23564838,0,0,0,0,0,0,0,0,0,99,99,22794362,0,0,0,0,0,0,0,0,0
201905,47,037,3,6,Davidson County               ,1478,1478,384492346,0,0,0,5,15,1715440,29,2169,141700718,1478,1478,384492346,0,0,0,5,15,1715440,29,2169,141700718
201905,47,043,3,6,Dickson County                ,135,135,27215468,0,0,0,0,0,0,0,0,0,67,67,13967864,0,0,0,0,0,0,0,0,0
201905,47,049,3,6,Fentress County               ,0,0,0,0,0,0,0,0,0,0,0,0,0,0,0,0,0,0,0,0,0,0,0,0
201905,47,081,3,6,Hickman County                ,32,32,5871454,1,2,140000,0,0,0,0,0,0,10,10,1963458,1,2,140000,0,0,0,0,0,0
201905,47,093,3,6,Knox County                   ,915,915,180791855,2,4,900000,0,0,0,11,493,86585892,412,412,73693331,2,4,900000,0,0,0,2,262,68000000
201905,47,105,3,6,Loudon County                 ,166,166,41853762,0,0,0,0,0,0,0,0,0,149,149,38994984,0,0,0,0,0,0,0,0,0
201905,47,125,3,6,Montgomery County             ,874,874,123647108,5,10,790870,8,30,1632571,13,80,4398253,731,731,102387060,3,6,600000,7,26,1380000,10,65,3575000
201905,47,139,3,6,Polk County                   ,83,83,14950297,0,0,0,0,0,0,0,0,0,0,0,0,0,0,0,0,0,0,0,0,0
201905,47,149,3,6,Rutherford County             ,983,983,240672813,3,6,994700,0,0,0,19,707,83288779,950,950,234825934,3,6,994700,0,0,0,19,707,83288779
201905,47,153,3,6,Sequatchie County             ,4,4,436000,0,0,0,0,0,0,0,0,0,4,4,436000,0,0,0,0,0,0,0,0,0
201905,47,157,3,6,Shelby County                 ,293,293,87582877,0,0,0,4,16,4200000,1,18,1450000,293,293,87582877,0,0,0,4,16,4200000,1,18,1450000
201905,47,159,3,6,Smith County                  ,29,29,6693776,0,0,0,0,0,0,0,0,0,27,27,6289340,0,0,0,0,0,0,0,0,0
201905,47,161,3,6,Stewart County                ,0,0,0,0,0,0,0,0,0,0,0,0,0,0,0,0,0,0,0,0,0,0,0,0
201905,47,165,3,6,Sumner County                 ,548,548,140924479,0,0,0,0,0,0,1,24,1750000,548,548,140924479,0,0,0,0,0,0,1,24,1750000
201905,47,167,3,6,Tipton County                 ,63,63,11324380,0,0,0,0,0,0,0,0,0,28,28,6602476,0,0,0,0,0,0,0,0,0
201905,47,169,3,6,Trousdale County              ,42,42,5307116,0,0,0,0,0,0,0,0,0,35,35,4319000,0,0,0,0,0,0,0,0,0
201905,47,173,3,6,Union County                  ,44,44,5567688,0,0,0,0,0,0,0,0,0,37,37,4540000,0,0,0,0,0,0,0,0,0
201905,47,175,3,6,Van Buren County              ,0,0,0,0,0,0,0,0,0,0,0,0,0,0,0,0,0,0,0,0,0,0,0,0
201905,47,189,3,6,Wilson County                 ,557,557,141372357,1,2,300000,0,0,0,0,0,0,459,459,112162417,1,2,300000,0,0,0,0,0,0
201905,48,013,3,7,Atascosa County               ,14,14,2413885,0,0,0,0,0,0,0,0,0,7,7,1129210,0,0,0,0,0,0,0,0,0
201905,48,015,3,7,Austin County                 ,10,10,1830479,0,0,0,0,0,0,0,0,0,2,2,323051,0,0,0,0,0,0,0,0,0
201905,48,019,3,7,Bandera County                ,1,1,210000,0,0,0,0,0,0,0,0,0,0,0,0,0,0,0,0,0,0,0,0,0
201905,48,021,3,7,Bastrop County                ,64,64,12351261,1,2,280000,0,0,0,0,0,0,56,56,11468491,0,0,0,0,0,0,0,0,0
201905,48,025,3,7,Bee County                    ,3,3,297504,0,0,0,0,0,0,0,0,0,0,0,0,0,0,0,0,0,0,0,0,0
201905,48,027,3,7,Bell County                   ,844,844,151509683,73,146,12868917,0,0,0,1,5,396770,781,781,139667471,72,144,12675504,0,0,0,0,0,0
201905,48,029,3,7,Bexar County                  ,1919,1919,443249221,2,4,485966,18,70,6942426,91,1494,166950688,1663,1663,405343428,2,4,485966,16,64,6942426,85,1460,159705316
201905,48,051,3,7,Burleson County               ,0,0,0,0,0,0,0,0,0,0,0,0,0,0,0,0,0,0,0,0,0,0,0,0
201905,48,055,3,7,Caldwell County               ,115,115,22419560,2,4,360000,0,0,0,0,0,0,7,7,787000,0,0,0,0,0,0,0,0,0
201905,48,085,3,7,Collin County                 ,3666,3666,1133995574,0,0,0,2,8,427336,26,964,93751674,3259,3259,1009595201,0,0,0,2,8,427336,26,964,93751674
201905,48,091,3,7,Comal County                  ,1120,1120,265050316,0,0,0,0,0,0,1,8,250000,1118,1118,264434421,0,0,0,0,0,0,1,8,250000
201905,48,099,3,7,Coryell County                ,81,81,10853525,0,0,0,0,0,0,0,0,0,69,69,9102116,0,0,0,0,0,0,0,0,0
201905,48,107,3,7,Crosby County                 ,1,1,10000,0,0,0,0,0,0,0,0,0,1,1,10000,0,0,0,0,0,0,0,0,0
201905,48,113,3,7,Dallas County                 ,2312,2312,676370942,35,70,12930384,25,93,16355405,101,4846,535490001,2045,2045,600536100,28,56,9747267,22,82,14475799,85,4073,466026325
201905,48,119,3,7,Delta County                  ,5,5,764337,0,0,0,0,0,0,0,0,0,5,5,764337,0,0,0,0,0,0,0,0,0
201905,48,135,3,7,Ector County                  ,264,264,58886345,2,4,600000,0,0,0,15,326,44369325,264,264,58886345,2,4,600000,0,0,0,15,326,44369325
201905,48,139,3,7,Ellis County                  ,787,787,188136894,6,12,1432057,2,6,780064,5,49,8341020,521,521,129806854,5,10,1214916,2,6,780064,0,0,0
201905,48,141,3,7,El Paso County                ,868,868,198661445,18,36,3828587,15,60,6613442,1,60,7659969,827,827,191206704,18,36,3828587,15,60,6613442,1,60,7659969
201905,48,157,3,7,Fort Bend County              ,3557,3557,270217814,4,8,918160,0,0,0,5,25,1956460,240,240,67459707,0,0,0,0,0,0,0,0,0
201905,48,167,3,7,Galveston County              ,930,930,222091186,0,0,0,1,3,366181,4,170,12371831,695,695,180686824,0,0,0,0,0,0,4,170,12371831
201905,48,185,3,7,Grimes County                 ,52,52,5390870,0,0,0,0,0,0,0,0,0,46,46,4740308,0,0,0,0,0,0,0,0,0
201905,48,187,3,7,Guadalupe County              ,352,352,80045881,3,6,667887,0,0,0,1,156,21897074,349,349,79243986,3,6,667887,0,0,0,1,156,21897074
201905,48,193,3,7,Hamilton County               ,1,1,80000,0,0,0,0,0,0,0,0,0,0,0,0,0,0,0,0,0,0,0,0,0
201905,48,195,3,7,Hansford County               ,0,0,0,0,0,0,0,0,0,0,0,0,0,0,0,0,0,0,0,0,0,0,0,0
201905,48,201,3,7,Harris County                 ,7724,7724,1563193264,61,122,14850272,8,32,2000000,187,8975,961203883,7710,7710,1552318976,61,122,14850272,8,32,2000000,185,8944,958819268
201905,48,211,3,7,Hemphill County               ,0,0,0,0,0,0,0,0,0,0,0,0,0,0,0,0,0,0,0,0,0,0,0,0
201905,48,215,3,7,Hidalgo County                ,1147,1147,173881647,38,76,4335147,57,227,15011073,9,193,14880814,981,981,147184303,37,74,4185147,48,191,10852810,7,154,11109200
201905,48,233,3,7,Hutchinson County             ,0,0,0,0,0,0,0,0,0,0,0,0,0,0,0,0,0,0,0,0,0,0,0,0
201905,48,251,3,7,Johnson County                ,250,250,53646614,4,8,840000,0,0,0,0,0,0,247,247,52952876,4,8,840000,0,0,0,0,0,0
201905,48,257,3,7,Kaufman County                ,220,220,48318924,1,2,80000,0,0,0,0,0,0,189,189,42229933,0,0,0,0,0,0,0,0,0
201905,48,259,3,7,Kendall County                ,147,147,35810613,0,0,0,0,0,0,0,0,0,84,84,18984171,0,0,0,0,0,0,0,0,0
201905,48,271,3,7,Kinney County                 ,0,0,0,0,0,0,0,0,0,0,0,0,0,0,0,0,0,0,0,0,0,0,0,0
201905,48,281,3,7,Lampasas County               ,7,7,1465800,0,0,0,0,0,0,0,0,0,7,7,1465800,0,0,0,0,0,0,0,0,0
201905,48,291,3,7,Liberty County                ,299,299,32746397,1,2,132500,0,0,0,0,0,0,266,266,28084022,0,0,0,0,0,0,0,0,0
201905,48,303,3,7,Lubbock County                ,691,691,147005352,5,10,1480000,0,0,0,64,502,35086436,542,542,114319190,5,10,1480000,0,0,0,54,413,25302053
201905,48,323,3,7,Maverick County               ,35,35,8878388,2,4,431842,0,0,0,0,0,0,21,21,5618528,0,0,0,0,0,0,0,0,0
201905,48,325,3,7,Medina County                 ,10,10,1953010,0,0,0,0,0,0,0,0,0,5,5,1000450,0,0,0,0,0,0,0,0,0
201905,48,329,3,7,Midland County                ,509,509,87589738,0,0,0,0,0,0,0,0,0,509,509,87589738,0,0,0,0,0,0,0,0,0
201905,48,339,3,7,Montgomery County             ,2384,2384,535446572,6,12,630000,0,0,0,1,58,11456705,2247,2247,506198246,6,12,630000,0,0,0,1,58,11456705
201905,48,367,3,7,Parker County                 ,184,184,32935698,0,0,0,0,0,0,0,0,0,134,134,23053196,0,0,0,0,0,0,0,0,0
201905,48,375,3,7,Potter County                 ,180,180,44984794,9,18,2519940,0,0,0,0,0,0,180,180,44984794,9,18,2519940,0,0,0,0,0,0
201905,48,383,3,7,Reagan County                 ,0,0,0,0,0,0,0,0,0,0,0,0,0,0,0,0,0,0,0,0,0,0,0,0
201905,48,385,3,7,Real County                   ,0,0,0,0,0,0,0,0,0,0,0,0,0,0,0,0,0,0,0,0,0,0,0,0
201905,48,395,3,7,Robertson County              ,27,27,5269833,0,0,0,0,0,0,0,0,0,27,27,5269833,0,0,0,0,0,0,0,0,0
201905,48,397,3,7,Rockwall County               ,565,565,194484081,0,0,0,0,0,0,10,144,27500000,474,474,165758588,0,0,0,0,0,0,10,144,27500000
201905,48,407,3,7,San Jacinto County            ,154,154,33607536,0,0,0,0,0,0,0,0,0,0,0,0,0,0,0,0,0,0,0,0,0
201905,48,411,3,7,San Saba County               ,1,1,80000,0,0,0,0,0,0,0,0,0,1,1,80000,0,0,0,0,0,0,0,0,0
201905,48,451,3,7,Tom Green County              ,107,107,25430002,0,0,0,0,0,0,0,0,0,107,107,25430002,0,0,0,0,0,0,0,0,0
201905,48,453,3,7,Travis County                 ,4178,4178,1022915479,3,6,596276,5,20,1661880,122,5250,355817761,4061,4061,979662277,3,6,596276,5,20,1661880,122,5250,355817761
201905,48,473,3,7,Waller County                 ,12,12,1058528,0,0,0,0,0,0,6,32,709779,8,8,709160,0,0,0,0,0,0,0,0,0
201905,48,491,3,7,Williamson County             ,1992,1992,525447049,2,4,450000,1,3,218418,2,16,2520000,1870,1870,496476688,2,4,450000,1,3,218418,2,16,2520000
201905,48,493,3,7,Wilson County                 ,24,24,4873958,0,0,0,0,0,0,0,0,0,1,1,236407,0,0,0,0,0,0,0,0,0
201905,48,497,3,7,Wise County                   ,41,41,9375644,0,0,0,1,3,275000,27,150,13700000,36,36,8010995,0,0,0,1,3,275000,27,150,13700000
201905,49,011,4,8,Davis County                  ,606,606,148441849,3,6,802809,7,25,3622623,8,118,17854436,591,591,143729728,3,6,802809,6,21,2883769,8,118,17854436
201905,49,023,4,8,Juab County                   ,33,33,10614029,0,0,0,3,11,858765,0,0,0,29,29,9536818,0,0,0,3,11,858765,0,0,0
201905,49,029,4,8,Morgan County                 ,21,21,8148019,0,0,0,0,0,0,0,0,0,18,18,7233211,0,0,0,0,0,0,0,0,0
201905,49,035,4,8,Salt Lake County              ,1471,1471,378667268,32,64,8476432,21,76,14046215,47,1469,181943244,1055,1055,274134641,31,62,8176360,12,44,8778135,40,1330,161590829
201905,49,039,4,8,Sanpete County                ,19,19,3297976,0,0,0,0,0,0,0,0,0,15,15,2676015,0,0,0,0,0,0,0,0,0
201905,49,043,4,8,Summit County                 ,96,96,40385539,1,2,592171,1,3,841530,7,37,6321702,53,53,19154424,0,0,0,0,0,0,0,0,0
201905,49,057,4,8,Weber County                  ,377,377,91607229,0,0,0,14,50,7158018,22,218,22588031,356,356,85562388,0,0,0,13,46,6536308,21,213,22033604
201905,51,003,3,5,Albemarle County              ,267,267,82813370,0,0,0,0,0,0,6,97,10905547,0,0,0,0,0,0,0,0,0,0,0,0
201905,51,007,3,5,Amelia County                 ,26,26,4964455,0,0,0,0,0,0,0,0,0,20,20,3891310,0,0,0,0,0,0,0,0,0
201905,51,009,3,5,Amherst County                ,24,24,4160541,0,0,0,0,0,0,0,0,0,24,24,4160541,0,0,0,0,0,0,0,0,0
201905,51,013,3,5,Arlington County              ,72,72,33647916,0,0,0,0,0,0,1,249,64000000,72,72,33647916,0,0,0,0,0,0,1,249,64000000
201905,51,015,3,5,Augusta County                ,82,82,17624758,0,0,0,1,4,250000,0,0,0,65,65,14517605,0,0,0,1,4,250000,0,0,0
201905,51,019,3,5,Bedford County                ,69,69,16908592,0,0,0,3,10,2120000,0,0,0,9,9,1350000,0,0,0,1,4,860000,0,0,0
201905,51,033,3,5,Caroline County               ,38,38,7234445,0,0,0,0,0,0,0,0,0,38,38,7234445,0,0,0,0,0,0,0,0,0
201905,51,036,3,5,Charles City County           ,11,11,1786905,0,0,0,0,0,0,0,0,0,0,0,0,0,0,0,0,0,0,0,0,0
201905,51,037,3,5,Charlotte County              ,5,5,1080210,0,0,0,0,0,0,0,0,0,0,0,0,0,0,0,0,0,0,0,0,0
201905,51,041,3,5,Chesterfield County           ,655,655,127842245,2,4,756070,18,71,8498924,23,277,13439894,655,655,127842245,2,4,756070,18,71,8498924,23,277,13439894
201905,51,043,3,5,Clarke County                 ,22,22,6121730,0,0,0,0,0,0,1,120,23017754,22,22,6121730,0,0,0,0,0,0,1,120,23017754
201905,51,049,3,5,Cumberland County             ,12,12,2189244,0,0,0,0,0,0,0,0,0,0,0,0,0,0,0,0,0,0,0,0,0
201905,51,051,3,5,Dickenson County              ,0,0,0,0,0,0,0,0,0,0,0,0,0,0,0,0,0,0,0,0,0,0,0,0
201905,51,053,3,5,Dinwiddie County              ,33,33,4748025,0,0,0,0,0,0,0,0,0,0,0,0,0,0,0,0,0,0,0,0,0
201905,51,059,3,5,Fairfax County                ,412,412,97526831,10,20,365000,0,0,0,5,92,13800000,412,412,97526831,10,20,365000,0,0,0,5,92,13800000
201905,51,061,3,5,Fauquier County               ,83,83,35389935,0,0,0,0,0,0,0,0,0,83,83,35389935,0,0,0,0,0,0,0,0,0
201905,51,069,3,5,Frederick County              ,245,245,56570409,0,0,0,14,48,6558810,2,96,1600000,245,245,56570409,0,0,0,14,48,6558810,2,96,1600000
201905,51,073,3,5,Gloucester County             ,38,38,8471650,0,0,0,0,0,0,0,0,0,38,38,8471650,0,0,0,0,0,0,0,0,0
201905,51,075,3,5,Goochland County              ,109,109,31760581,0,0,0,0,0,0,0,0,0,93,93,27223257,0,0,0,0,0,0,0,0,0
201905,51,085,3,5,Hanover County                ,204,204,45417783,1,2,458800,0,0,0,10,416,30653637,204,204,45417783,1,2,458800,0,0,0,10,416,30653637
201905,51,087,3,5,Henrico County                ,410,410,69276092,23,46,1787500,0,0,0,2,292,32382997,410,410,69276092,23,46,1787500,0,0,0,2,292,32382997
201905,51,093,3,5,Isle of Wight County          ,82,82,15935129,0,0,0,0,0,0,0,0,0,0,0,0,0,0,0,0,0,0,0,0,0
201905,51,095,3,5,James City County             ,113,113,27036383,2,4,431000,0,0,0,0,0,0,113,113,27036383,2,4,431000,0,0,0,0,0,0
201905,51,097,3,5,King and Queen County         ,12,12,1960000,0,0,0,0,0,0,0,0,0,12,12,1960000,0,0,0,0,0,0,0,0,0
201905,51,099,3,5,King George County            ,52,52,10149308,0,0,0,0,0,0,0,0,0,52,52,10149308,0,0,0,0,0,0,0,0,0
201905,51,107,3,5,Loudoun County                ,1086,1086,256737902,0,0,0,0,0,0,17,400,54573998,1086,1086,256737902,0,0,0,0,0,0,17,400,54573998
201905,51,109,3,5,Louisa County                 ,115,115,23723294,0,0,0,0,0,0,0,0,0,0,0,0,0,0,0,0,0,0,0,0,0
201905,51,115,3,5,Mathews County                ,3,3,622920,0,0,0,0,0,0,0,0,0,3,3,622920,0,0,0,0,0,0,0,0,0
201905,51,127,3,5,New Kent County               ,60,60,11710740,0,0,0,0,0,0,0,0,0,60,60,11710740,0,0,0,0,0,0,0,0,0
201905,51,139,3,5,Page County                   ,24,24,3153319,0,0,0,0,0,0,0,0,0,24,24,3153319,0,0,0,0,0,0,0,0,0
201905,51,145,3,5,Powhatan County               ,105,105,23289374,0,0,0,0,0,0,0,0,0,105,105,23289374,0,0,0,0,0,0,0,0,0
201905,51,149,3,5,Prince George County          ,27,27,3615500,0,0,0,0,0,0,0,0,0,27,27,3615500,0,0,0,0,0,0,0,0,0
201905,51,153,3,5,Prince William County         ,498,498,92785922,0,0,0,0,0,0,1,81,8900000,498,498,92785922,0,0,0,0,0,0,1,81,8900000
201905,51,165,3,5,Rockingham County             ,120,120,40750030,0,0,0,0,0,0,0,0,0,120,120,40750030,0,0,0,0,0,0,0,0,0
201905,51,175,3,5,Southampton County            ,26,26,3682057,0,0,0,0,0,0,0,0,0,22,22,3047938,0,0,0,0,0,0,0,0,0
201905,51,177,3,5,Spotsylvania County           ,307,307,80995525,0,0,0,0,0,0,1,28,2352933,242,242,63321592,0,0,0,0,0,0,0,0,0
201905,51,179,3,5,Stafford County               ,381,381,96772272,0,0,0,0,0,0,0,0,0,381,381,96772272,0,0,0,0,0,0,0,0,0
201905,51,181,3,5,Surry County                  ,12,12,1813697,0,0,0,0,0,0,0,0,0,12,12,1813697,0,0,0,0,0,0,0,0,0
201905,51,183,3,5,Sussex County                 ,15,15,1523548,0,0,0,0,0,0,0,0,0,15,15,1523548,0,0,0,0,0,0,0,0,0
201905,51,187,3,5,Warren County                 ,59,59,12659500,0,0,0,0,0,0,0,0,0,59,59,12659500,0,0,0,0,0,0,0,0,0
201905,51,199,3,5,York County                   ,94,94,19792370,2,4,600000,0,0,0,0,0,0,94,94,19792370,2,4,600000,0,0,0,0,0,0
201905,51,510,3,5,Alexandria (Independent City) ,27,27,8072410,0,0,0,0,0,0,0,0,0,27,27,8072410,0,0,0,0,0,0,0,0,0
201905,51,540,3,5,Charlottesville (Independent C,28,28,7603435,2,4,775000,0,0,0,1,12,4326769,19,19,4919346,2,4,775000,0,0,0,0,0,0
201905,51,550,3,5,Chesapeake(Independent City)  ,419,419,120346943,0,0,0,0,0,0,0,0,0,419,419,120346943,0,0,0,0,0,0,0,0,0
201905,51,570,3,5,Colonial Heights (Independent ,3,3,433500,0,0,0,0,0,0,0,0,0,3,3,433500,0,0,0,0,0,0,0,0,0
201905,51,580,3,5,Covington (Independent City)  ,3,3,546034,0,0,0,0,0,0,0,0,0,3,3,546034,0,0,0,0,0,0,0,0,0
201905,51,600,3,5,Fairfax (Independent City)    ,6,6,1375735,0,0,0,0,0,0,2,10,1200000,1,1,475000,0,0,0,0,0,0,0,0,0
201905,51,610,3,5,Falls Church (Independent City,8,8,3748932,0,0,0,0,0,0,0,0,0,6,6,2809000,0,0,0,0,0,0,0,0,0
201905,51,630,3,5,Fredericksburg(Independent Cit,24,24,3920000,0,0,0,0,0,0,1,5,795000,24,24,3920000,0,0,0,0,0,0,1,5,795000
201905,51,650,3,5,Hampton (Independent City)    ,77,77,4810549,0,0,0,0,0,0,0,0,0,0,0,0,0,0,0,0,0,0,0,0,0
201905,51,660,3,5,Harrisonburg (Independent City,42,42,7145493,0,0,0,0,0,0,0,0,0,42,42,7145493,0,0,0,0,0,0,0,0,0
201905,51,670,3,5,Hopewell (Independent City)   ,13,13,1088318,0,0,0,0,0,0,0,0,0,4,4,265000,0,0,0,0,0,0,0,0,0
201905,51,680,3,5,Lynchburg (Independent City)  ,20,20,4996168,0,0,0,0,0,0,6,220,16097742,20,20,4996168,0,0,0,0,0,0,6,220,16097742
201905,51,683,3,5,Manassas (Independent City)   ,28,28,6574376,0,0,0,0,0,0,1,23,1423728,24,24,5673766,0,0,0,0,0,0,0,0,0
201905,51,685,3,5,Manassas Park (Independent Cit,0,0,0,0,0,0,0,0,0,0,0,0,0,0,0,0,0,0,0,0,0,0,0,0
201905,51,700,3,5,Newport News (Independent City,40,40,8509158,0,0,0,0,0,0,0,0,0,40,40,8509158,0,0,0,0,0,0,0,0,0
201905,51,710,3,5,Norfolk (Independent City)    ,135,135,31914932,1,2,400000,2,8,1080000,10,336,30657962,135,135,31914932,1,2,400000,2,8,1080000,10,336,30657962
201905,51,730,3,5,Petersburg (Independent City) ,3,3,399000,0,0,0,0,0,0,0,0,0,3,3,399000,0,0,0,0,0,0,0,0,0
201905,51,735,3,5,Poquoson (Independent City)   ,12,12,2361000,0,0,0,0,0,0,0,0,0,12,12,2361000,0,0,0,0,0,0,0,0,0
201905,51,740,3,5,Portsmouth (Independent City) ,39,39,4038000,0,0,0,0,0,0,0,0,0,39,39,4038000,0,0,0,0,0,0,0,0,0
201905,51,760,3,5,Richmond (Independent City)   ,103,103,20103437,0,0,0,0,0,0,6,719,36125477,103,103,20103437,0,0,0,0,0,0,6,719,36125477
201905,51,800,3,5,Suffolk (Independent City)    ,166,166,39243546,0,0,0,0,0,0,12,144,13564677,166,166,39243546,0,0,0,0,0,0,12,144,13564677
201905,51,810,3,5,Virginia Beach (Independent Ci,311,311,51551813,0,0,0,0,0,0,9,405,21682115,311,311,51551813,0,0,0,0,0,0,9,405,21682115
201905,51,830,3,5,Williamsburg (Independent City,7,7,1563476,0,0,0,0,0,0,0,0,0,7,7,1563476,0,0,0,0,0,0,0,0,0
201905,53,005,4,9,Benton County                 ,407,407,119358391,2,4,1169453,0,0,0,23,667,78955505,325,325,93548764,2,4,1169453,0,0,0,22,658,78068861
201905,53,011,4,9,Clark County                  ,1066,1066,313832073,12,24,5353902,3,10,1165773,37,647,59174642,878,878,254894886,12,24,5353902,3,10,1165773,35,626,57052364
201905,53,021,4,9,Franklin County               ,234,234,64468931,11,22,1910038,0,0,0,1,5,599552,40,40,14989159,0,0,0,0,0,0,0,0,0
201905,53,031,4,9,Jefferson County              ,64,64,14878867,0,0,0,0,0,0,0,0,0,52,52,12016771,0,0,0,0,0,0,0,0,0
201905,53,033,4,9,King County                   ,1610,1610,642810495,94,188,44343926,85,298,54757523,107,5256,741089796,1259,1259,485538075,94,188,44343926,84,295,54257011,103,5207,736105563
201905,53,035,4,9,Kitsap County                 ,352,352,112588828,0,0,0,0,0,0,0,0,0,331,331,107368177,0,0,0,0,0,0,0,0,0
201905,53,053,4,9,Pierce County                 ,938,938,288738070,17,34,6398833,18,71,13229578,8,557,82482724,936,936,288117506,17,34,6398833,18,71,13229578,8,557,82482724
201905,53,055,4,9,San Juan County               ,42,42,9146298,1,2,150000,0,0,0,0,0,0,32,32,6901431,1,2,150000,0,0,0,0,0,0
201905,53,059,4,9,Skamania County               ,25,25,5265175,1,2,300000,1,3,300000,0,0,0,25,25,5265175,1,2,300000,1,3,300000,0,0,0
201905,53,061,4,9,Snohomish County              ,867,867,268245933,20,40,9121158,22,82,18702962,37,646,83488231,799,799,249331114,19,38,8769359,22,82,18702962,35,636,82398708
201905,54,011,3,5,Cabell County                 ,28,28,4588859,0,0,0,1,3,420000,2,52,6395850,4,4,689000,0,0,0,0,0,0,1,47,5944600
201905,54,015,3,5,Clay County                   ,6,6,150000,0,0,0,0,0,0,0,0,0,6,6,150000,0,0,0,0,0,0,0,0,0
201905,54,019,3,5,Fayette County                ,13,13,2426500,0,0,0,0,0,0,0,0,0,13,13,2426500,0,0,0,0,0,0,0,0,0
201905,54,037,3,5,Jefferson County              ,86,86,21638306,0,0,0,0,0,0,0,0,0,72,72,17986565,0,0,0,0,0,0,0,0,0
201905,54,081,3,5,Raleigh County                ,14,14,2505935,0,0,0,0,0,0,0,0,0,14,14,2505935,0,0,0,0,0,0,0,0,0
201905,55,025,2,3,Dane County                   ,485,485,172168393,26,52,9777303,5,17,2755000,23,846,122310004,440,440,158519452,25,50,9417388,2,8,1414000,18,723,111063111
201905,55,031,2,3,Douglas County                ,21,21,4026000,1,2,250000,0,0,0,0,0,0,21,21,4026000,1,2,250000,0,0,0,0,0,0
201905,55,037,2,3,Florence County               ,9,9,1507200,0,0,0,0,0,0,0,0,0,9,9,1507200,0,0,0,0,0,0,0,0,0
201905,55,049,2,3,Iowa County                   ,22,22,7282000,0,0,0,0,0,0,0,0,0,18,18,6162000,0,0,0,0,0,0,0,0,0
201905,55,059,2,3,Kenosha County                ,88,88,27291589,0,0,0,0,0,0,0,0,0,80,80,25035875,0,0,0,0,0,0,0,0,0
201905,55,079,2,3,Milwaukee County              ,68,68,23483825,3,6,1147322,0,0,0,8,326,34188792,65,65,22783011,1,2,278179,0,0,0,6,276,28671434
201905,55,089,2,3,Ozaukee County                ,105,105,29240019,3,6,1038800,0,0,0,5,34,4789248,68,68,13085088,3,6,1038800,0,0,0,0,0,0
201905,55,093,2,3,Pierce County                 ,62,62,14956087,2,4,625000,0,0,0,1,50,5333000,61,61,14602587,2,4,625000,0,0,0,1,50,5333000
201905,55,109,2,3,St. Croix County              ,209,209,45631131,10,20,2495000,1,4,834246,0,0,0,202,202,43403747,10,20,2495000,1,4,834246,0,0,0
201905,55,131,2,3,Washington County             ,97,97,29148567,9,18,2938000,0,0,0,2,94,13800000,67,67,19244720,9,18,2938000,0,0,0,2,94,13800000
201905,56,029,4,8,Park County                   ,36,36,9472421,1,2,70000,0,0,0,1,12,2250000,36,36,9472421,1,2,70000,0,0,0,1,12,2250000
201905,56,039,4,8,Teton County                  ,65,65,109561573,2,4,1246638,2,6,232998,1,5,1040398,56,56,104903803,0,0,0,0,0,0,0,0,0
