Survey,FIPS,FIPS,Region,Division,County,,1-unit,,,2-units,,,3-4 units,,,5+ units,,,1-unit rep,,,2-units rep,,,3-4 units rep,,, 5+units rep
Date,State,County,Code,Code,Name,Bldgs,Units,Value,Bldgs,Units,Value,Bldgs,Units,Value,Bldgs,Units,Value,Bldgs,Units,Value,Bldgs,Units,Value,Bldgs,Units,Value,Bldgs,Units,Value
 
201903,01,001,3,6,Autauga County                ,74,74,22000268,0,0,0,0,0,0,0,0,0,74,74,22000268,0,0,0,0,0,0,0,0,0
201903,01,007,3,6,Bibb County                   ,4,4,1210258,0,0,0,0,0,0,0,0,0,2,2,700000,0,0,0,0,0,0,0,0,0
201903,01,009,3,6,Blount County                 ,4,4,817184,0,0,0,0,0,0,0,0,0,1,1,82789,0,0,0,0,0,0,0,0,0
201903,01,021,3,6,Chilton County                ,9,9,1525232,0,0,0,0,0,0,0,0,0,9,9,1525232,0,0,0,0,0,0,0,0,0
201903,01,073,3,6,Jefferson County              ,343,343,100022128,0,0,0,0,0,0,0,0,0,256,256,78290115,0,0,0,0,0,0,0,0,0
201903,01,081,3,6,Lee County                    ,288,288,79417754,13,26,2806835,9,27,3418857,3,43,9239529,218,218,59926453,12,24,2596166,9,27,3418857,2,13,1395578
201903,01,083,3,6,Limestone County              ,72,72,16420670,0,0,0,0,0,0,0,0,0,72,72,16420670,0,0,0,0,0,0,0,0,0
201903,01,089,3,6,Madison County                ,763,763,108332936,0,0,0,0,0,0,0,0,0,763,763,108332936,0,0,0,0,0,0,0,0,0
201903,01,113,3,6,Russell County                ,41,41,5764490,1,2,143676,0,0,0,0,0,0,33,33,4794571,1,2,143676,0,0,0,0,0,0
201903,01,115,3,6,St. Clair County              ,46,46,8854055,0,0,0,0,0,0,0,0,0,43,43,8191463,0,0,0,0,0,0,0,0,0
201903,01,117,3,6,Shelby County                 ,270,270,62587131,0,0,0,0,0,0,0,0,0,115,115,24890230,0,0,0,0,0,0,0,0,0
201903,01,127,3,6,Walker County                 ,4,4,1007778,0,0,0,0,0,0,0,0,0,3,3,800000,0,0,0,0,0,0,0,0,0
201903,02,013,4,9,Aleutians East Borough        ,0,0,0,0,0,0,0,0,0,0,0,0,0,0,0,0,0,0,0,0,0,0,0,0
201903,02,016,4,9,Aleutians West Census Area    ,1,1,98118,0,0,0,0,0,0,0,0,0,0,0,0,0,0,0,0,0,0,0,0,0
201903,02,020,4,9,Anchorage Municipality        ,178,178,55758439,0,0,0,3,11,1911011,3,34,5375248,0,0,0,0,0,0,0,0,0,0,0,0
201903,02,050,4,9,Bethel Census Area            ,0,0,0,0,0,0,0,0,0,0,0,0,0,0,0,0,0,0,0,0,0,0,0,0
201903,02,060,4,9,Bristol Bay Borough           ,0,0,0,0,0,0,0,0,0,0,0,0,0,0,0,0,0,0,0,0,0,0,0,0
201903,02,070,4,9,Dillingham Census Area        ,0,0,0,1,2,301442,0,0,0,0,0,0,0,0,0,0,0,0,0,0,0,0,0,0
201903,02,090,4,9,Fairbanks North Star Borough  ,1,1,384146,0,0,0,0,0,0,0,0,0,1,1,384146,0,0,0,0,0,0,0,0,0
201903,02,100,4,9,Haines Borough                ,2,2,556850,0,0,0,0,0,0,0,0,0,0,0,0,0,0,0,0,0,0,0,0,0
201903,02,105,4,9,Hoonah-Angoon Census Area     ,1,1,33382,0,0,0,0,0,0,0,0,0,1,1,33382,0,0,0,0,0,0,0,0,0
201903,02,110,4,9,Juneau City and Borough       ,6,6,897334,1,2,288784,0,0,0,0,0,0,6,6,897334,1,2,288784,0,0,0,0,0,0
201903,02,122,4,9,Kenai Peninsula Borough       ,12,12,3435443,1,2,289200,1,4,800000,0,0,0,9,9,2795000,1,2,289200,1,4,800000,0,0,0
201903,02,130,4,9,Ketchikan Gateway Borough     ,8,8,2281425,1,2,344763,1,3,359024,0,0,0,8,8,2281425,1,2,344763,1,3,359024,0,0,0
201903,02,150,4,9,Kodiak Island Borough         ,1,1,471932,0,0,0,0,0,0,0,0,0,1,1,471932,0,0,0,0,0,0,0,0,0
201903,02,158,4,9,Kusilvak Census Area          ,0,0,0,0,0,0,0,0,0,0,0,0,0,0,0,0,0,0,0,0,0,0,0,0
201903,02,170,4,9,Matanuska-Susitna Borough     ,3,3,736950,1,2,344763,0,0,0,0,0,0,3,3,736950,1,2,344763,0,0,0,0,0,0
201903,02,180,4,9,Nome Census Area              ,0,0,0,0,0,0,0,0,0,0,0,0,0,0,0,0,0,0,0,0,0,0,0,0
201903,02,185,4,9,North Slope Borough           ,0,0,0,0,0,0,0,0,0,0,0,0,0,0,0,0,0,0,0,0,0,0,0,0
201903,02,188,4,9,Northwest Arctic Borough      ,0,0,0,0,0,0,0,0,0,0,0,0,0,0,0,0,0,0,0,0,0,0,0,0
201903,02,195,4,9,Petersburg Borough            ,3,3,466908,0,0,0,0,0,0,0,0,0,0,0,0,0,0,0,0,0,0,0,0,0
201903,02,198,4,9,Prince of Wales-Hyder Census A,1,1,285178,1,2,344763,0,0,0,0,0,0,1,1,285178,1,2,344763,0,0,0,0,0,0
201903,02,220,4,9,Sitka City and Borough        ,2,2,427828,0,0,0,0,0,0,0,0,0,0,0,0,0,0,0,0,0,0,0,0,0
201903,02,230,4,9,Skagway Municipality          ,0,0,0,1,2,258333,0,0,0,0,0,0,0,0,0,0,0,0,0,0,0,0,0,0
201903,02,261,4,9,Valdez-Cordova Census Area    ,2,2,428000,0,0,0,0,0,0,0,0,0,2,2,428000,0,0,0,0,0,0,0,0,0
201903,02,275,4,9,Wrangell City and Borough     ,1,1,4500,0,0,0,0,0,0,0,0,0,1,1,4500,0,0,0,0,0,0,0,0,0
201903,02,282,4,9,Yakutat City and Borough      ,0,0,0,0,0,0,0,0,0,0,0,0,0,0,0,0,0,0,0,0,0,0,0,0
201903,02,290,4,9,Yukon-Koyukuk Census Area     ,0,0,0,0,0,0,0,0,0,0,0,0,0,0,0,0,0,0,0,0,0,0,0,0
201903,04,013,4,8,Maricopa County               ,4719,4719,1320774751,39,78,9600620,7,25,11561609,39,1237,174440107,4504,4504,1257001445,36,72,8708234,7,25,11561609,32,1054,146023974
201903,04,019,4,8,Pima County                   ,654,654,184368301,5,10,1194100,0,0,0,21,255,36156609,401,401,115966965,0,0,0,0,0,0,0,0,0
201903,04,021,4,8,Pinal County                  ,1005,1005,199011278,14,28,1715754,0,0,0,0,0,0,624,624,117249952,10,20,1246285,0,0,0,0,0,0
201903,05,013,3,7,Calhoun County                ,0,0,0,0,0,0,0,0,0,0,0,0,0,0,0,0,0,0,0,0,0,0,0,0
201903,05,035,3,7,Crittenden County             ,13,13,2587770,0,0,0,0,0,0,0,0,0,8,8,1547400,0,0,0,0,0,0,0,0,0
201903,05,043,3,7,Drew County                   ,0,0,0,0,0,0,0,0,0,0,0,0,0,0,0,0,0,0,0,0,0,0,0,0
201903,05,045,3,7,Faulkner County               ,60,60,13177546,2,4,302482,0,0,0,3,25,660438,9,9,1467000,0,0,0,0,0,0,0,0,0
201903,05,053,3,7,Grant County                  ,6,6,903333,0,0,0,0,0,0,0,0,0,0,0,0,0,0,0,0,0,0,0,0,0
201903,05,085,3,7,Lonoke County                 ,88,88,8213796,0,0,0,0,0,0,0,0,0,35,35,3680468,0,0,0,0,0,0,0,0,0
201903,05,087,3,7,Madison County                ,2,2,320000,0,0,0,0,0,0,0,0,0,2,2,320000,0,0,0,0,0,0,0,0,0
201903,05,091,3,7,Miller County                 ,6,6,1048706,0,0,0,0,0,0,0,0,0,2,2,135000,0,0,0,0,0,0,0,0,0
201903,05,105,3,7,Perry County                  ,0,0,0,0,0,0,0,0,0,0,0,0,0,0,0,0,0,0,0,0,0,0,0,0
201903,05,119,3,7,Pulaski County                ,184,184,37733080,1,2,100000,0,0,0,0,0,0,184,184,37733080,1,2,100000,0,0,0,0,0,0
201903,05,129,3,7,Searcy County                 ,0,0,0,0,0,0,0,0,0,0,0,0,0,0,0,0,0,0,0,0,0,0,0,0
201903,05,143,3,7,Washington County             ,303,303,80406410,11,22,4128901,3,9,542799,0,0,0,253,253,73438743,8,16,3668737,0,0,0,0,0,0
201903,06,001,4,9,Alameda County                ,419,419,144104716,2,4,1145800,5,19,4184290,35,1010,152014081,328,328,115225691,2,4,1145800,4,16,3327579,27,945,139052655
201903,06,013,4,9,Contra Costa County           ,341,341,95940177,5,10,3254643,1,3,141264,12,417,86135136,340,340,95703722,5,10,3254643,0,0,0,9,401,83282870
201903,06,017,4,9,El Dorado County              ,133,133,47570942,0,0,0,0,0,0,0,0,0,133,133,47570942,0,0,0,0,0,0,0,0,0
201903,06,019,4,9,Fresno County                 ,384,384,114579305,12,24,5008421,51,153,8900346,25,192,20921734,215,215,67347513,1,2,337420,50,150,8776024,7,56,7458885
201903,06,037,4,9,Los Angeles County            ,1365,1365,453610557,202,404,77510619,12,39,8435492,129,3606,821514327,1190,1190,348029859,198,396,74984831,6,21,4521570,112,3438,794189954
201903,06,041,4,9,Marin County                  ,20,20,11796462,0,0,0,0,0,0,1,49,10531745,11,11,4533000,0,0,0,0,0,0,1,49,10531745
201903,06,059,4,9,Orange County                 ,634,634,197902271,38,76,17363712,9,31,5805033,30,619,94777771,549,549,159965154,31,62,13039974,9,31,5805033,23,513,76763967
201903,06,061,4,9,Placer County                 ,392,392,129945835,0,0,0,0,0,0,2,65,3339909,392,392,129945835,0,0,0,0,0,0,2,65,3339909
201903,06,063,4,9,Plumas County                 ,7,7,1347386,0,0,0,0,0,0,0,0,0,7,7,1347386,0,0,0,0,0,0,0,0,0
201903,06,067,4,9,Sacramento County             ,825,825,230071834,18,36,4594491,2,7,850000,4,249,28877592,822,822,229354768,18,36,4594491,2,7,850000,4,249,28877592
201903,06,069,4,9,San Benito County             ,144,144,43704162,1,2,250000,0,0,0,0,0,0,101,101,33346785,1,2,250000,0,0,0,0,0,0
201903,06,071,4,9,San Bernardino County         ,634,634,163158741,0,0,0,20,75,10859802,22,167,17488468,597,597,153934764,0,0,0,20,75,10859802,19,148,16440192
201903,06,073,4,9,San Diego County              ,699,699,236000726,12,24,4385566,17,62,10280302,23,325,39109540,671,671,228146731,11,22,4124280,15,56,9476218,19,288,33978580
201903,06,075,4,9,San Francisco County          ,2,2,539585,1,2,349717,2,8,1517151,9,977,285307799,2,2,539585,1,2,349717,2,8,1517151,9,977,285307799
201903,06,081,4,9,San Mateo County              ,69,69,63886817,0,0,0,0,0,0,3,257,49596344,48,48,50117439,0,0,0,0,0,0,3,257,49596344
201903,06,085,4,9,Santa Clara County            ,402,402,149826571,3,6,1941767,3,11,2379661,40,1297,179437900,370,370,140583334,3,6,1941767,2,8,1452159,35,1039,141245442
201903,06,091,4,9,Sierra County                 ,0,0,0,0,0,0,0,0,0,0,0,0,0,0,0,0,0,0,0,0,0,0,0,0
201903,06,113,4,9,Yolo County                   ,121,121,35895018,0,0,0,0,0,0,1,40,8116945,120,120,35414146,0,0,0,0,0,0,1,40,8116945
201903,08,001,4,8,Adams County                  ,440,440,121922317,2,4,804655,1,3,462863,4,98,30802165,440,440,121922317,2,4,804655,1,3,462863,4,98,30802165
201903,08,005,4,8,Arapahoe County               ,434,434,122543287,1,2,185742,4,12,1570905,3,74,8484898,420,420,115409661,0,0,0,1,3,534870,3,74,8484898
201903,08,014,4,8,Broomfield County             ,76,76,23591221,0,0,0,0,0,0,0,0,0,76,76,23591221,0,0,0,0,0,0,0,0,0
201903,08,015,4,8,Chaffee County                ,27,27,7153497,1,2,323962,3,9,1649100,0,0,0,0,0,0,0,0,0,0,0,0,0,0,0
201903,08,019,4,8,Clear Creek County            ,5,5,1349071,0,0,0,0,0,0,1,5,727085,0,0,0,0,0,0,0,0,0,0,0,0
201903,08,031,4,8,Denver County                 ,516,516,139213027,0,0,0,0,0,0,23,1742,268418005,516,516,139213027,0,0,0,0,0,0,23,1742,268418005
201903,08,035,4,8,Douglas County                ,574,574,180176406,0,0,0,7,22,3974462,0,0,0,560,560,175404178,0,0,0,7,22,3974462,0,0,0
201903,08,039,4,8,Elbert County                 ,44,44,14011936,0,0,0,0,0,0,0,0,0,44,44,14011936,0,0,0,0,0,0,0,0,0
201903,08,041,4,8,El Paso County                ,766,766,295214406,2,4,497922,8,31,5617242,15,534,68397274,766,766,295214406,2,4,497922,8,31,5617242,15,534,68397274
201903,08,047,4,8,Gilpin County                 ,5,5,1348963,0,0,0,0,0,0,0,0,0,5,5,1348963,0,0,0,0,0,0,0,0,0
201903,08,059,4,8,Jefferson County              ,165,165,49696447,7,14,2495877,1,4,765696,1,8,1434769,165,165,49696447,7,14,2495877,1,4,765696,1,8,1434769
201903,08,069,4,8,Larimer County                ,364,364,104755646,0,0,0,2,7,839816,12,334,46367053,364,364,104755646,0,0,0,2,7,839816,12,334,46367053
201903,08,077,4,8,Mesa County                   ,144,144,25743349,0,0,0,0,0,0,1,6,617681,89,89,14755203,0,0,0,0,0,0,0,0,0
201903,08,093,4,8,Park County                   ,25,25,6203465,0,0,0,0,0,0,0,0,0,25,25,6203465,0,0,0,0,0,0,0,0,0
201903,08,101,4,8,Pueblo County                 ,106,106,16951575,0,0,0,0,0,0,0,0,0,106,106,16951575,0,0,0,0,0,0,0,0,0
201903,08,119,4,8,Teller County                 ,24,24,8361226,0,0,0,0,0,0,0,0,0,24,24,8361226,0,0,0,0,0,0,0,0,0
201903,09,001,1,1,Fairfield County              ,146,146,105271542,3,6,1270200,2,7,1942200,6,122,22432767,101,101,63568674,3,6,1270200,2,7,1942200,2,92,6246475
201903,09,003,1,1,Hartford County               ,160,160,30637669,1,2,398420,1,4,371400,12,90,7173866,136,136,23483238,0,0,0,1,4,371400,3,43,3560416
201903,09,007,1,1,Middlesex County              ,19,19,4836840,0,0,0,0,0,0,0,0,0,15,15,4160228,0,0,0,0,0,0,0,0,0
201903,09,013,1,1,Tolland County                ,24,24,5203511,0,0,0,0,0,0,6,35,3361867,11,11,2490533,0,0,0,0,0,0,0,0,0
201903,10,001,3,5,Kent County                   ,292,292,42233698,7,14,1528192,0,0,0,4,20,1611734,287,287,41151631,7,14,1528192,0,0,0,4,20,1611734
201903,10,003,3,5,New Castle County             ,286,286,27215286,0,0,0,0,0,0,15,91,6678908,167,167,15884453,0,0,0,0,0,0,12,60,5012146
201903,10,005,3,5,Sussex County                 ,753,753,106872717,17,34,4609486,6,21,2852484,7,38,4387722,753,753,106872717,17,34,4609486,6,21,2852484,7,38,4387722
201903,11,001,3,5,Washington  DC                ,64,64,15130042,10,20,2429833,1,4,520042,21,1707,186723956,64,64,15130042,10,20,2429833,1,4,520042,21,1707,186723956
201903,12,003,3,5,Baker County                  ,31,31,5488504,0,0,0,0,0,0,0,0,0,31,31,5488504,0,0,0,0,0,0,0,0,0
201903,12,019,3,5,Clay County                   ,187,187,38533862,0,0,0,0,0,0,0,0,0,187,187,38533862,0,0,0,0,0,0,0,0,0
201903,12,029,3,5,Dixie County                  ,6,6,757941,0,0,0,0,0,0,0,0,0,0,0,0,0,0,0,0,0,0,0,0,0
201903,12,031,3,5,Duval County                  ,921,921,225068948,8,16,1943866,0,0,0,18,1011,110590462,896,896,214501664,8,16,1943866,0,0,0,18,1011,110590462
201903,12,033,3,5,Escambia County               ,266,266,62520704,15,30,7500000,3,11,730000,3,304,33253710,266,266,62520704,15,30,7500000,3,11,730000,3,304,33253710
201903,12,053,3,5,Hernando County               ,243,243,43987600,0,0,0,0,0,0,0,0,0,243,243,43987600,0,0,0,0,0,0,0,0,0
201903,12,057,3,5,Hillsborough County           ,2062,2062,676590248,17,34,4664119,1,3,1275000,37,1443,165183540,2049,2049,674876633,17,34,4664119,1,3,1275000,37,1443,165183540
201903,12,067,3,5,Lafayette County              ,2,2,260000,0,0,0,0,0,0,0,0,0,2,2,260000,0,0,0,0,0,0,0,0,0
201903,12,071,3,5,Lee County                    ,1222,1222,257331617,56,112,13347945,7,28,6594950,9,324,49790189,1222,1222,257331617,56,112,13347945,7,28,6594950,9,324,49790189
201903,12,073,3,5,Leon County                   ,154,154,30773618,1,2,221600,0,0,0,13,304,40161750,0,0,0,0,0,0,0,0,0,0,0,0
201903,12,081,3,5,Manatee County                ,707,707,135946099,1,2,100000,2,8,958040,1,30,1621616,706,706,135798451,1,2,100000,2,8,958040,1,30,1621616
201903,12,086,3,5,Miami-Dade County             ,663,663,211171019,17,34,4557531,3,12,1544142,42,2412,698878165,583,583,185638820,17,34,4557531,3,12,1544142,37,2260,665028133
201903,12,089,3,5,Nassau County                 ,594,594,94056663,0,0,0,0,0,0,0,0,0,552,552,82941404,0,0,0,0,0,0,0,0,0
201903,12,091,3,5,Okaloosa County               ,207,207,69253939,0,0,0,0,0,0,0,0,0,200,200,67967848,0,0,0,0,0,0,0,0,0
201903,12,095,3,5,Orange County                 ,1599,1599,493468240,19,38,6042133,0,0,0,8,903,135308203,1599,1599,493468240,19,38,6042133,0,0,0,8,903,135308203
201903,12,097,3,5,Osceola County                ,1080,1080,241035384,1,2,219195,4,16,2388431,20,575,41740287,1080,1080,241035384,1,2,219195,4,16,2388431,20,575,41740287
201903,12,101,3,5,Pasco County                  ,1091,1091,218201360,3,6,810000,4,16,1020025,13,81,3250089,1088,1088,217917206,1,2,250000,4,16,1020025,12,76,2818839
201903,12,103,3,5,Pinellas County               ,242,242,81162812,1,2,250000,0,0,0,9,540,64722721,239,239,79661438,1,2,250000,0,0,0,8,535,62442721
201903,12,109,3,5,St. Johns County              ,1263,1263,304253911,2,4,753546,2,8,1636386,0,0,0,1263,1263,304253911,2,4,753546,2,8,1636386,0,0,0
201903,12,113,3,5,Santa Rosa County             ,398,398,67745180,0,0,0,0,0,0,0,0,0,398,398,67745180,0,0,0,0,0,0,0,0,0
201903,12,115,3,5,Sarasota County               ,807,807,229068830,0,0,0,9,35,8042115,9,95,17141882,674,674,195337191,0,0,0,6,24,5766955,9,95,17141882
201903,12,117,3,5,Seminole County               ,321,321,92526861,1,2,476518,0,0,0,10,461,42536107,312,312,90474520,1,2,476518,0,0,0,8,412,38384290
201903,12,119,3,5,Sumter County                 ,602,602,159232930,0,0,0,0,0,0,0,0,0,602,602,159232930,0,0,0,0,0,0,0,0,0
201903,12,129,3,5,Wakulla County                ,58,58,10698796,0,0,0,0,0,0,0,0,0,58,58,10698796,0,0,0,0,0,0,0,0,0
201903,12,131,3,5,Walton County                 ,360,360,147877961,0,0,0,13,50,3633844,11,299,34074740,360,360,147877961,0,0,0,13,50,3633844,11,299,34074740
201903,12,133,3,5,Washington County             ,9,9,1248642,0,0,0,0,0,0,0,0,0,0,0,0,0,0,0,0,0,0,0,0,0
201903,13,007,3,5,Baker County                  ,0,0,0,0,0,0,0,0,0,0,0,0,0,0,0,0,0,0,0,0,0,0,0,0
201903,13,013,3,5,Barrow County                 ,158,158,19374139,0,0,0,0,0,0,3,34,2431324,90,90,11479435,0,0,0,0,0,0,0,0,0
201903,13,015,3,5,Bartow County                 ,139,139,26268539,0,0,0,0,0,0,0,0,0,137,137,25713319,0,0,0,0,0,0,0,0,0
201903,13,021,3,5,Bibb County                   ,26,26,4137331,0,0,0,0,0,0,0,0,0,0,0,0,0,0,0,0,0,0,0,0,0
201903,13,029,3,5,Bryan County                  ,142,142,27940374,0,0,0,0,0,0,0,0,0,142,142,27940374,0,0,0,0,0,0,0,0,0
201903,13,033,3,5,Burke County                  ,8,8,1669000,0,0,0,0,0,0,0,0,0,8,8,1669000,0,0,0,0,0,0,0,0,0
201903,13,035,3,5,Butts County                  ,26,26,7108600,0,0,0,0,0,0,0,0,0,26,26,7108600,0,0,0,0,0,0,0,0,0
201903,13,045,3,5,Carroll County                ,193,193,42443238,0,0,0,0,0,0,0,0,0,193,193,42443238,0,0,0,0,0,0,0,0,0
201903,13,051,3,5,Chatham County                ,171,171,38432539,0,0,0,0,0,0,26,206,10330000,148,148,33809717,0,0,0,0,0,0,25,200,10000000
201903,13,057,3,5,Cherokee County               ,514,514,140322143,0,0,0,0,0,0,9,266,37676424,514,514,140322143,0,0,0,0,0,0,9,266,37676424
201903,13,059,3,5,Clarke County                 ,66,66,11769115,0,0,0,0,0,0,20,265,33089524,66,66,11769115,0,0,0,0,0,0,20,265,33089524
201903,13,063,3,5,Clayton County                ,160,160,31253500,0,0,0,0,0,0,0,0,0,160,160,31253500,0,0,0,0,0,0,0,0,0
201903,13,067,3,5,Cobb County                   ,409,409,103383465,7,14,2532265,0,0,0,2,266,30655371,368,368,95683920,7,14,2532265,0,0,0,2,266,30655371
201903,13,073,3,5,Columbia County               ,282,282,49237511,1,2,110000,9,34,1974825,3,24,1192000,104,104,16652853,1,2,110000,9,34,1974825,3,24,1192000
201903,13,077,3,5,Coweta County                 ,213,213,70784330,0,0,0,0,0,0,0,0,0,151,151,53883430,0,0,0,0,0,0,0,0,0
201903,13,085,3,5,Dawson County                 ,72,72,16935754,0,0,0,0,0,0,0,0,0,26,26,4249681,0,0,0,0,0,0,0,0,0
201903,13,095,3,5,Dougherty County              ,7,7,970434,0,0,0,0,0,0,1,5,503634,1,1,152422,0,0,0,0,0,0,0,0,0
201903,13,097,3,5,Douglas County                ,91,91,19271381,0,0,0,0,0,0,0,0,0,91,91,19271381,0,0,0,0,0,0,0,0,0
201903,13,111,3,5,Fannin County                 ,61,61,11905919,0,0,0,0,0,0,0,0,0,61,61,11905919,0,0,0,0,0,0,0,0,0
201903,13,113,3,5,Fayette County                ,128,128,38620239,0,0,0,0,0,0,0,0,0,115,115,33583981,0,0,0,0,0,0,0,0,0
201903,13,115,3,5,Floyd County                  ,53,53,8680100,0,0,0,0,0,0,0,0,0,53,53,8680100,0,0,0,0,0,0,0,0,0
201903,13,117,3,5,Forsyth County                ,512,512,88005509,0,0,0,0,0,0,0,0,0,512,512,88005509,0,0,0,0,0,0,0,0,0
201903,13,121,3,5,Fulton County                 ,1194,1194,317926957,0,0,0,0,0,0,17,825,90244443,1117,1117,301301909,0,0,0,0,0,0,17,825,90244443
201903,13,127,3,5,Glynn County                  ,136,136,39739314,0,0,0,0,0,0,0,0,0,0,0,0,0,0,0,0,0,0,0,0,0
201903,13,135,3,5,Gwinnett County               ,776,776,188498575,0,0,0,0,0,0,0,0,0,758,758,183247829,0,0,0,0,0,0,0,0,0
201903,13,143,3,5,Haralson County               ,13,13,2974927,0,0,0,0,0,0,0,0,0,0,0,0,0,0,0,0,0,0,0,0,0
201903,13,145,3,5,Harris County                 ,49,49,13055325,0,0,0,0,0,0,0,0,0,49,49,13055325,0,0,0,0,0,0,0,0,0
201903,13,149,3,5,Heard County                  ,4,4,884221,0,0,0,0,0,0,0,0,0,4,4,884221,0,0,0,0,0,0,0,0,0
201903,13,151,3,5,Henry County                  ,408,408,74754937,0,0,0,0,0,0,0,0,0,342,342,66054855,0,0,0,0,0,0,0,0,0
201903,13,159,3,5,Jasper County                 ,17,17,2277558,0,0,0,0,0,0,0,0,0,0,0,0,0,0,0,0,0,0,0,0,0
201903,13,171,3,5,Lamar County                  ,15,15,1817347,0,0,0,0,0,0,0,0,0,15,15,1817347,0,0,0,0,0,0,0,0,0
201903,13,177,3,5,Lee County                    ,34,34,3820751,0,0,0,0,0,0,0,0,0,34,34,3820751,0,0,0,0,0,0,0,0,0
201903,13,179,3,5,Liberty County                ,78,78,17229052,2,4,376864,0,0,0,15,392,40731176,78,78,17229052,2,4,376864,0,0,0,15,392,40731176
201903,13,189,3,5,McDuffie County               ,7,7,1378000,0,0,0,0,0,0,0,0,0,7,7,1378000,0,0,0,0,0,0,0,0,0
201903,13,199,3,5,Meriwether County             ,33,33,5710881,0,0,0,0,0,0,0,0,0,29,29,4949836,0,0,0,0,0,0,0,0,0
201903,13,201,3,5,Miller County                 ,0,0,0,0,0,0,0,0,0,0,0,0,0,0,0,0,0,0,0,0,0,0,0,0
201903,13,207,3,5,Monroe County                 ,38,38,9589039,0,0,0,0,0,0,0,0,0,16,16,4630000,0,0,0,0,0,0,0,0,0
201903,13,215,3,5,Muscogee County               ,80,80,15622515,0,0,0,2,8,492372,5,35,6132268,0,0,0,0,0,0,0,0,0,0,0,0
201903,13,217,3,5,Newton County                 ,155,155,21746695,0,0,0,0,0,0,1,6,600000,155,155,21746695,0,0,0,0,0,0,1,6,600000
201903,13,227,3,5,Pickens County                ,27,27,5838146,0,0,0,0,0,0,0,0,0,26,26,5691146,0,0,0,0,0,0,0,0,0
201903,13,231,3,5,Pike County                   ,21,21,4119706,0,0,0,0,0,0,0,0,0,0,0,0,0,0,0,0,0,0,0,0,0
201903,13,235,3,5,Pulaski County                ,6,6,916895,0,0,0,0,0,0,0,0,0,6,6,916895,0,0,0,0,0,0,0,0,0
201903,13,245,3,5,Richmond County               ,83,83,13239667,0,0,0,0,0,0,2,44,2527329,23,23,3379133,0,0,0,0,0,0,0,0,0
201903,13,247,3,5,Rockdale County               ,79,79,21394294,0,0,0,0,0,0,0,0,0,79,79,21394294,0,0,0,0,0,0,0,0,0
201903,13,255,3,5,Spalding County               ,56,56,8609044,0,0,0,0,0,0,5,120,11853600,55,55,8530594,0,0,0,0,0,0,5,120,11853600
201903,13,275,3,5,Thomas County                 ,15,15,3338686,0,0,0,0,0,0,0,0,0,10,10,2411023,0,0,0,0,0,0,0,0,0
201903,13,291,3,5,Union County                  ,50,50,11538629,0,0,0,0,0,0,0,0,0,50,50,11538629,0,0,0,0,0,0,0,0,0
201903,15,001,4,9,Hawaii County                 ,213,213,65247399,0,0,0,0,0,0,0,0,0,213,213,65247399,0,0,0,0,0,0,0,0,0
201903,15,003,4,9,Honolulu County               ,213,213,86678216,0,0,0,0,0,0,18,321,75923880,213,213,86678216,0,0,0,0,0,0,18,321,75923880
201903,15,007,4,9,Kauai County                  ,49,49,31199680,0,0,0,0,0,0,0,0,0,49,49,31199680,0,0,0,0,0,0,0,0,0
201903,15,009,4,9,Maui County                   ,101,101,39146155,3,6,1110000,0,0,0,1,22,8929729,101,101,39146155,3,6,1110000,0,0,0,1,22,8929729
201903,16,001,4,8,Ada County                    ,1173,1173,294358215,3,6,955979,1,3,490745,22,208,22098000,1058,1058,266213696,3,6,955979,1,3,490745,22,208,22098000
201903,16,015,4,8,Boise County                  ,6,6,1967870,0,0,0,0,0,0,0,0,0,6,6,1967870,0,0,0,0,0,0,0,0,0
201903,16,027,4,8,Canyon County                 ,473,473,73705121,2,4,279860,6,23,1511287,2,11,771146,346,346,55745778,0,0,0,0,0,0,0,0,0
201903,16,045,4,8,Gem County                    ,19,19,3808552,0,0,0,0,0,0,0,0,0,19,19,3808552,0,0,0,0,0,0,0,0,0
201903,16,073,4,8,Owyhee County                 ,5,5,600014,0,0,0,0,0,0,0,0,0,3,3,209647,0,0,0,0,0,0,0,0,0
201903,17,005,2,3,Bond County                   ,2,2,871702,0,0,0,0,0,0,0,0,0,2,2,871702,0,0,0,0,0,0,0,0,0
201903,17,013,2,3,Calhoun County                ,2,2,205000,0,0,0,0,0,0,0,0,0,2,2,205000,0,0,0,0,0,0,0,0,0
201903,17,031,2,3,Cook County                   ,251,251,71904396,9,18,3877517,41,130,28780408,37,1300,186641082,203,203,57097540,9,18,3877517,41,130,28780408,35,1247,179953070
201903,17,037,2,3,DeKalb County                 ,11,11,2765000,0,0,0,0,0,0,0,0,0,11,11,2765000,0,0,0,0,0,0,0,0,0
201903,17,039,2,3,De Witt County                ,1,1,214500,0,0,0,0,0,0,0,0,0,1,1,214500,0,0,0,0,0,0,0,0,0
201903,17,043,2,3,DuPage County                 ,171,171,71437852,1,2,440000,1,3,536010,3,37,877628,159,159,65575214,1,2,440000,1,3,536010,0,0,0
201903,17,063,2,3,Grundy County                 ,22,22,3101287,0,0,0,0,0,0,3,29,1487178,20,20,2780189,0,0,0,0,0,0,0,0,0
201903,17,083,2,3,Jersey County                 ,44,44,13782471,0,0,0,0,0,0,0,0,0,41,41,13315644,0,0,0,0,0,0,0,0,0
201903,17,093,2,3,Kendall County                ,66,66,11949649,0,0,0,0,0,0,0,0,0,59,59,10360855,0,0,0,0,0,0,0,0,0
201903,17,097,2,3,Lake County                   ,120,120,42256056,2,4,166666,0,0,0,5,44,7279771,82,82,28385999,0,0,0,0,0,0,0,0,0
201903,17,111,2,3,McHenry County                ,71,71,12279030,0,0,0,0,0,0,0,0,0,61,61,10839024,0,0,0,0,0,0,0,0,0
201903,17,119,2,3,Madison County                ,70,70,18245688,0,0,0,1,4,504000,2,10,1016058,57,57,15472982,0,0,0,1,4,504000,0,0,0
201903,17,133,2,3,Monroe County                 ,24,24,6612498,0,0,0,0,0,0,2,10,864000,19,19,5487158,0,0,0,0,0,0,0,0,0
201903,17,197,2,3,Will County                   ,169,169,42789308,2,4,870000,0,0,0,0,0,0,138,138,36264727,1,2,460000,0,0,0,0,0,0
201903,18,003,2,3,Allen County                  ,184,184,47872521,2,4,374146,8,24,960000,3,278,31060454,111,111,30808149,0,0,0,8,24,960000,2,244,27600000
201903,18,011,2,3,Boone County                  ,105,105,32890465,3,6,600000,0,0,0,0,0,0,100,100,32093945,3,6,600000,0,0,0,0,0,0
201903,18,013,2,3,Brown County                  ,15,15,3861225,0,0,0,0,0,0,0,0,0,11,11,2843645,0,0,0,0,0,0,0,0,0
201903,18,019,2,3,Clark County                  ,107,107,22932475,0,0,0,0,0,0,2,192,21982272,98,98,20828535,0,0,0,0,0,0,2,192,21982272
201903,18,047,2,3,Franklin County               ,7,7,1743000,0,0,0,0,0,0,0,0,0,7,7,1743000,0,0,0,0,0,0,0,0,0
201903,18,057,2,3,Hamilton County               ,503,503,165730085,0,0,0,0,0,0,0,0,0,497,497,164078535,0,0,0,0,0,0,0,0,0
201903,18,059,2,3,Hancock County                ,80,80,19932277,0,0,0,0,0,0,0,0,0,73,73,18093966,0,0,0,0,0,0,0,0,0
201903,18,061,2,3,Harrison County               ,21,21,5321000,0,0,0,0,0,0,0,0,0,21,21,5321000,0,0,0,0,0,0,0,0,0
201903,18,063,2,3,Hendricks County              ,175,175,47713688,2,4,347273,0,0,0,0,0,0,163,163,44973264,1,2,210000,0,0,0,0,0,0
201903,18,069,2,3,Huntington County             ,11,11,2167333,0,0,0,0,0,0,0,0,0,11,11,2167333,0,0,0,0,0,0,0,0,0
201903,18,073,2,3,Jasper County                 ,12,12,2783963,0,0,0,0,0,0,0,0,0,10,10,2483963,0,0,0,0,0,0,0,0,0
201903,18,081,2,3,Johnson County                ,187,187,50786719,0,0,0,0,0,0,0,0,0,181,181,50093305,0,0,0,0,0,0,0,0,0
201903,18,087,2,3,Lagrange County               ,39,39,7621432,0,0,0,0,0,0,0,0,0,33,33,6435400,0,0,0,0,0,0,0,0,0
201903,18,089,2,3,Lake County                   ,215,215,57355645,0,0,0,1,3,630000,0,0,0,177,177,49010965,0,0,0,1,3,630000,0,0,0
201903,18,097,2,3,Marion County                 ,217,217,55320747,3,6,908179,4,16,3400000,14,529,71335136,217,217,55320747,3,6,908179,4,16,3400000,14,529,71335136
201903,18,105,2,3,Monroe County                 ,58,58,14987608,5,10,1351868,0,0,0,1,16,1857198,46,46,11891608,4,8,1112717,0,0,0,0,0,0
201903,18,109,2,3,Morgan County                 ,55,55,12154303,0,0,0,0,0,0,0,0,0,51,51,11111885,0,0,0,0,0,0,0,0,0
201903,18,111,2,3,Newton County                 ,3,3,608508,0,0,0,0,0,0,0,0,0,0,0,0,0,0,0,0,0,0,0,0,0
201903,18,115,2,3,Ohio County                   ,6,6,1217938,0,0,0,0,0,0,0,0,0,5,5,1078000,0,0,0,0,0,0,0,0,0
201903,18,119,2,3,Owen County                   ,5,5,1223310,0,0,0,0,0,0,0,0,0,3,3,775539,0,0,0,0,0,0,0,0,0
201903,18,127,2,3,Porter County                 ,78,78,17970218,0,0,0,0,0,0,4,34,3980728,73,73,16651314,0,0,0,0,0,0,3,28,3229794
201903,18,133,2,3,Putnam County                 ,24,24,6204316,0,0,0,0,0,0,0,0,0,24,24,6204316,0,0,0,0,0,0,0,0,0
201903,18,145,2,3,Shelby County                 ,13,13,1962400,0,0,0,0,0,0,0,0,0,13,13,1962400,0,0,0,0,0,0,0,0,0
201903,18,151,2,3,Steuben County                ,23,23,6640639,1,2,240000,0,0,0,0,0,0,23,23,6640639,1,2,240000,0,0,0,0,0,0
201903,18,157,2,3,Tippecanoe County             ,78,78,18499704,0,0,0,0,0,0,11,282,24653983,22,22,5319724,0,0,0,0,0,0,7,252,21630000
201903,18,163,2,3,Vanderburgh County            ,53,53,10016206,1,2,240000,0,0,0,0,0,0,18,18,4003184,1,2,240000,0,0,0,0,0,0
201903,18,167,2,3,Vigo County                   ,4,4,745440,2,4,275272,0,0,0,3,32,2214193,0,0,0,0,0,0,0,0,0,0,0,0
201903,18,175,2,3,Washington County             ,8,8,2151112,0,0,0,0,0,0,0,0,0,0,0,0,0,0,0,0,0,0,0,0,0
201903,18,183,2,3,Whitley County                ,19,19,4469700,0,0,0,0,0,0,0,0,0,19,19,4469700,0,0,0,0,0,0,0,0,0
201903,19,049,2,4,Dallas County                 ,38,38,10393715,0,0,0,0,0,0,0,0,0,34,34,9447103,0,0,0,0,0,0,0,0,0
201903,19,085,2,4,Harrison County               ,2,2,371667,0,0,0,0,0,0,0,0,0,0,0,0,0,0,0,0,0,0,0,0,0
201903,19,129,2,4,Mills County                  ,0,0,0,0,0,0,0,0,0,0,0,0,0,0,0,0,0,0,0,0,0,0,0,0
201903,19,153,2,4,Polk County                   ,350,350,91598225,2,4,859078,0,0,0,3,117,17057580,349,349,91403408,2,4,859078,0,0,0,3,117,17057580
201903,19,181,2,4,Warren County                 ,60,60,11822775,0,0,0,0,0,0,0,0,0,57,57,11096970,0,0,0,0,0,0,0,0,0
201903,20,061,2,4,Geary County                  ,2,2,262416,0,0,0,0,0,0,0,0,0,0,0,0,0,0,0,0,0,0,0,0,0
201903,20,091,2,4,Johnson County                ,311,311,105670299,0,0,0,2,8,1216068,7,303,42072789,190,190,64749515,0,0,0,0,0,0,4,240,35503584
201903,20,103,2,4,Leavenworth County            ,33,33,7499966,0,0,0,0,0,0,0,0,0,33,33,7499966,0,0,0,0,0,0,0,0,0
201903,20,107,2,4,Linn County                   ,4,4,536013,0,0,0,0,0,0,0,0,0,1,1,258513,0,0,0,0,0,0,0,0,0
201903,20,121,2,4,Miami County                  ,14,14,3981939,0,0,0,0,0,0,0,0,0,3,3,649907,0,0,0,0,0,0,0,0,0
201903,20,209,2,4,Wyandotte County              ,21,21,3932799,0,0,0,0,0,0,0,0,0,21,21,3932799,0,0,0,0,0,0,0,0,0
201903,21,005,3,6,Anderson County               ,12,12,2205654,0,0,0,0,0,0,0,0,0,12,12,2205654,0,0,0,0,0,0,0,0,0
201903,21,015,3,6,Boone County                  ,94,94,18197071,0,0,0,0,0,0,0,0,0,94,94,18197071,0,0,0,0,0,0,0,0,0
201903,21,017,3,6,Bourbon County                ,9,9,1690900,0,0,0,0,0,0,0,0,0,9,9,1690900,0,0,0,0,0,0,0,0,0
201903,21,021,3,6,Boyle County                  ,4,4,820000,5,10,889320,0,0,0,0,0,0,4,4,820000,5,10,889320,0,0,0,0,0,0
201903,21,029,3,6,Bullitt County                ,83,83,20731475,1,2,280000,0,0,0,0,0,0,83,83,20731475,1,2,280000,0,0,0,0,0,0
201903,21,035,3,6,Calloway County               ,2,2,291000,1,2,184000,0,0,0,0,0,0,2,2,291000,1,2,184000,0,0,0,0,0,0
201903,21,037,3,6,Campbell County               ,32,32,8997800,0,0,0,1,4,959068,0,0,0,29,29,7486253,0,0,0,1,4,959068,0,0,0
201903,21,045,3,6,Casey County                  ,0,0,0,0,0,0,0,0,0,0,0,0,0,0,0,0,0,0,0,0,0,0,0,0
201903,21,047,3,6,Christian County              ,9,9,940200,0,0,0,0,0,0,5,48,6542000,3,3,513000,0,0,0,0,0,0,5,48,6542000
201903,21,049,3,6,Clark County                  ,10,10,2125513,0,0,0,0,0,0,3,15,1038750,0,0,0,0,0,0,0,0,0,0,0,0
201903,21,067,3,6,Fayette County                ,189,189,30470801,0,0,0,0,0,0,5,156,11422412,0,0,0,0,0,0,0,0,0,0,0,0
201903,21,069,3,6,Fleming County                ,0,0,0,0,0,0,0,0,0,0,0,0,0,0,0,0,0,0,0,0,0,0,0,0
201903,21,077,3,6,Gallatin County               ,3,3,517563,0,0,0,0,0,0,0,0,0,0,0,0,0,0,0,0,0,0,0,0,0
201903,21,081,3,6,Grant County                  ,11,11,1300250,0,0,0,0,0,0,0,0,0,11,11,1300250,0,0,0,0,0,0,0,0,0
201903,21,091,3,6,Hancock County                ,0,0,0,0,0,0,0,0,0,0,0,0,0,0,0,0,0,0,0,0,0,0,0,0
201903,21,099,3,6,Hart County                   ,12,12,1167000,0,0,0,0,0,0,4,25,2838690,0,0,0,0,0,0,0,0,0,0,0,0
201903,21,101,3,6,Henderson County              ,4,4,565000,9,18,1569976,0,0,0,0,0,0,4,4,565000,9,18,1569976,0,0,0,0,0,0
201903,21,103,3,6,Henry County                  ,6,6,1774500,0,0,0,0,0,0,0,0,0,6,6,1774500,0,0,0,0,0,0,0,0,0
201903,21,111,3,6,Jefferson County              ,270,270,80171838,2,4,375000,0,0,0,16,322,10118750,270,270,80171838,2,4,375000,0,0,0,16,322,10118750
201903,21,113,3,6,Jessamine County              ,47,47,13853971,0,0,0,2,6,750000,0,0,0,15,15,9245500,0,0,0,0,0,0,0,0,0
201903,21,115,3,6,Johnson County                ,0,0,0,0,0,0,0,0,0,0,0,0,0,0,0,0,0,0,0,0,0,0,0,0
201903,21,117,3,6,Kenton County                 ,70,70,16632335,0,0,0,0,0,0,0,0,0,70,70,16632335,0,0,0,0,0,0,0,0,0
201903,21,121,3,6,Knox County                   ,0,0,0,0,0,0,0,0,0,0,0,0,0,0,0,0,0,0,0,0,0,0,0,0
201903,21,123,3,6,Larue County                  ,12,12,2836883,0,0,0,0,0,0,0,0,0,12,12,2836883,0,0,0,0,0,0,0,0,0
201903,21,137,3,6,Lincoln County                ,11,11,1362785,0,0,0,0,0,0,0,0,0,0,0,0,0,0,0,0,0,0,0,0,0
201903,21,145,3,6,McCracken County              ,10,10,2516379,0,0,0,0,0,0,0,0,0,0,0,0,0,0,0,0,0,0,0,0,0
201903,21,151,3,6,Madison County                ,32,32,3579337,5,10,618988,0,0,0,3,16,539430,6,6,1295000,2,4,280000,0,0,0,0,0,0
201903,21,157,3,6,Marshall County               ,12,12,2268320,0,0,0,0,0,0,0,0,0,12,12,2268320,0,0,0,0,0,0,0,0,0
201903,21,161,3,6,Mason County                  ,3,3,459000,0,0,0,0,0,0,0,0,0,3,3,459000,0,0,0,0,0,0,0,0,0
201903,21,163,3,6,Meade County                  ,16,16,2786218,1,2,170000,0,0,0,0,0,0,10,10,1888000,0,0,0,0,0,0,0,0,0
201903,21,167,3,6,Mercer County                 ,11,11,1894678,0,0,0,0,0,0,0,0,0,0,0,0,0,0,0,0,0,0,0,0,0
201903,21,175,3,6,Morgan County                 ,5,5,375000,0,0,0,0,0,0,0,0,0,0,0,0,0,0,0,0,0,0,0,0,0
201903,21,179,3,6,Nelson County                 ,45,45,7087000,13,26,2275000,1,4,350000,0,0,0,45,45,7087000,13,26,2275000,1,4,350000,0,0,0
201903,21,185,3,6,Oldham County                 ,81,81,24433126,0,0,0,0,0,0,0,0,0,0,0,0,0,0,0,0,0,0,0,0,0
201903,21,191,3,6,Pendleton County              ,0,0,0,0,0,0,0,0,0,0,0,0,0,0,0,0,0,0,0,0,0,0,0,0
201903,21,209,3,6,Scott County                  ,56,56,8695800,0,0,0,0,0,0,0,0,0,56,56,8695800,0,0,0,0,0,0,0,0,0
201903,21,211,3,6,Shelby County                 ,53,53,13492334,0,0,0,0,0,0,0,0,0,53,53,13492334,0,0,0,0,0,0,0,0,0
201903,21,213,3,6,Simpson County                ,22,22,3559145,0,0,0,0,0,0,0,0,0,22,22,3559145,0,0,0,0,0,0,0,0,0
201903,21,215,3,6,Spencer County                ,31,31,7328614,0,0,0,0,0,0,0,0,0,31,31,7328614,0,0,0,0,0,0,0,0,0
201903,21,221,3,6,Trigg County                  ,4,4,780716,0,0,0,0,0,0,0,0,0,4,4,780716,0,0,0,0,0,0,0,0,0
201903,21,239,3,6,Woodford County               ,21,21,3835441,3,6,820000,0,0,0,0,0,0,13,13,2317220,3,6,820000,0,0,0,0,0,0
201903,22,005,3,7,Ascension Parish              ,223,223,32894198,0,0,0,0,0,0,0,0,0,125,125,17627506,0,0,0,0,0,0,0,0,0
201903,22,015,3,7,Bossier Parish                ,196,196,39128000,0,0,0,0,0,0,0,0,0,196,196,39128000,0,0,0,0,0,0,0,0,0
201903,22,017,3,7,Caddo Parish                  ,70,70,15596032,0,0,0,0,0,0,0,0,0,42,42,8325552,0,0,0,0,0,0,0,0,0
201903,22,031,3,7,De Soto Parish                ,24,24,6388617,0,0,0,0,0,0,0,0,0,20,20,5604535,0,0,0,0,0,0,0,0,0
201903,22,033,3,7,East Baton Rouge Parish       ,328,328,84183081,0,0,0,0,0,0,0,0,0,327,327,84013512,0,0,0,0,0,0,0,0,0
201903,22,037,3,7,East Feliciana Parish         ,15,15,2927685,0,0,0,0,0,0,0,0,0,15,15,2927685,0,0,0,0,0,0,0,0,0
201903,22,047,3,7,Iberville Parish              ,25,25,6142918,0,0,0,0,0,0,0,0,0,4,4,850000,0,0,0,0,0,0,0,0,0
201903,22,051,3,7,Jefferson Parish              ,155,155,34215132,0,0,0,0,0,0,0,0,0,144,144,31060126,0,0,0,0,0,0,0,0,0
201903,22,055,3,7,Lafayette Parish              ,284,284,58039609,0,0,0,0,0,0,1,24,3100000,119,119,30014640,0,0,0,0,0,0,1,24,3100000
201903,22,063,3,7,Livingston Parish             ,198,198,44650561,0,0,0,0,0,0,0,0,0,8,8,1692764,0,0,0,0,0,0,0,0,0
201903,22,071,3,7,Orleans Parish                ,114,114,25667379,13,26,2748165,0,0,0,3,25,6153540,0,0,0,0,0,0,0,0,0,0,0,0
201903,22,075,3,7,Plaquemines Parish            ,17,17,5499598,0,0,0,0,0,0,0,0,0,13,13,4485175,0,0,0,0,0,0,0,0,0
201903,22,077,3,7,Pointe Coupee Parish          ,7,7,1836226,0,0,0,0,0,0,0,0,0,7,7,1836226,0,0,0,0,0,0,0,0,0
201903,22,087,3,7,St. Bernard Parish            ,43,43,6565480,0,0,0,0,0,0,0,0,0,43,43,6565480,0,0,0,0,0,0,0,0,0
201903,22,089,3,7,St. Charles Parish            ,22,22,5590833,0,0,0,0,0,0,0,0,0,22,22,5590833,0,0,0,0,0,0,0,0,0
201903,22,091,3,7,St. Helena Parish             ,10,10,1764390,0,0,0,0,0,0,0,0,0,0,0,0,0,0,0,0,0,0,0,0,0
201903,22,095,3,7,St. John the Baptist Parish   ,12,12,1980372,0,0,0,0,0,0,0,0,0,0,0,0,0,0,0,0,0,0,0,0,0
201903,22,099,3,7,St. Martin Parish             ,42,42,7703989,0,0,0,0,0,0,0,0,0,3,3,599052,0,0,0,0,0,0,0,0,0
201903,22,103,3,7,St. Tammany Parish            ,457,457,100327768,0,0,0,0,0,0,0,0,0,449,449,97187936,0,0,0,0,0,0,0,0,0
201903,22,109,3,7,Terrebonne Parish             ,47,47,11856678,0,0,0,0,0,0,0,0,0,47,47,11856678,0,0,0,0,0,0,0,0,0
201903,22,121,3,7,West Baton Rouge Parish       ,55,55,8686778,0,0,0,0,0,0,0,0,0,50,50,8118697,0,0,0,0,0,0,0,0,0
201903,22,125,3,7,West Feliciana Parish         ,10,10,4080947,0,0,0,0,0,0,0,0,0,0,0,0,0,0,0,0,0,0,0,0,0
201903,23,000,1,1,Maine Unorganized Territory   ,13,13,1726404,0,0,0,0,0,0,0,0,0,0,0,0,0,0,0,0,0,0,0,0,0
201903,24,003,3,5,Anne Arundel County           ,392,392,62896965,0,0,0,0,0,0,1,270,22450000,392,392,62896965,0,0,0,0,0,0,1,270,22450000
201903,24,005,3,5,Baltimore County              ,190,190,39880000,0,0,0,0,0,0,4,192,22800000,190,190,39880000,0,0,0,0,0,0,4,192,22800000
201903,24,009,3,5,Calvert County                ,36,36,8510649,0,0,0,0,0,0,0,0,0,36,36,8510649,0,0,0,0,0,0,0,0,0
201903,24,013,3,5,Carroll County                ,80,80,20577838,0,0,0,0,0,0,0,0,0,80,80,20577838,0,0,0,0,0,0,0,0,0
201903,24,015,3,5,Cecil County                  ,29,29,5639743,0,0,0,0,0,0,0,0,0,29,29,5639743,0,0,0,0,0,0,0,0,0
201903,24,017,3,5,Charles County                ,170,170,42483806,0,0,0,0,0,0,0,0,0,167,167,42052703,0,0,0,0,0,0,0,0,0
201903,24,021,3,5,Frederick County              ,341,341,86090805,2,4,190000,2,8,400000,9,182,21067407,341,341,86090805,2,4,190000,2,8,400000,9,182,21067407
201903,24,023,3,5,Garrett County                ,17,17,5666225,0,0,0,0,0,0,0,0,0,17,17,5666225,0,0,0,0,0,0,0,0,0
201903,24,025,3,5,Harford County                ,177,177,39854216,0,0,0,0,0,0,1,57,8500000,177,177,39854216,0,0,0,0,0,0,1,57,8500000
201903,24,027,3,5,Howard County                 ,201,201,48462912,0,0,0,0,0,0,0,0,0,201,201,48462912,0,0,0,0,0,0,0,0,0
201903,24,031,3,5,Montgomery County             ,189,189,44598001,7,14,882700,8,32,1001100,12,836,125379221,189,189,44598001,7,14,882700,8,32,1001100,12,836,125379221
201903,24,033,3,5,Prince George County          ,596,596,141828158,1,2,391606,0,0,0,0,0,0,592,592,140705753,1,2,391606,0,0,0,0,0,0
201903,24,035,3,5,Queen Anne County             ,59,59,13218955,0,0,0,0,0,0,4,66,9072000,59,59,13218955,0,0,0,0,0,0,4,66,9072000
201903,24,037,3,5,St. Marys County              ,63,63,14778000,0,0,0,0,0,0,0,0,0,63,63,14778000,0,0,0,0,0,0,0,0,0
201903,24,039,3,5,Somerset County               ,4,4,747245,0,0,0,0,0,0,0,0,0,3,3,589550,0,0,0,0,0,0,0,0,0
201903,24,045,3,5,Wicomico County               ,60,60,8152964,0,0,0,0,0,0,0,0,0,60,60,8152964,0,0,0,0,0,0,0,0,0
201903,24,510,3,5,Baltimore (Independent City)  ,49,49,6300000,0,0,0,0,0,0,0,0,0,49,49,6300000,0,0,0,0,0,0,0,0,0
201903,25,005,1,1,Bristol County                ,113,113,24065390,8,16,2123500,2,6,400000,1,5,610700,54,54,12063494,7,14,1845000,0,0,0,0,0,0
201903,25,009,1,1,Essex County                  ,134,134,44102632,11,22,4126017,3,12,3500000,7,114,19517117,110,110,36372827,3,6,1200000,3,12,3500000,1,80,12736386
201903,25,017,1,1,Middlesex County              ,236,236,75154160,12,24,4421207,16,55,10934405,25,539,94329361,144,144,48929630,5,10,2387841,13,46,9555272,9,354,61323594
201903,25,021,1,1,Norfolk County                ,143,143,59552874,3,6,1536439,2,7,572923,9,76,8495555,103,103,43614262,3,6,1536439,2,7,572923,1,11,2200000
201903,25,023,1,1,Plymouth County               ,206,206,52702139,2,4,506400,3,10,1321015,6,42,6023680,142,142,39036737,1,2,200000,2,7,930000,2,20,2601533
201903,25,025,1,1,Suffolk County                ,9,9,2305220,10,20,4033025,12,40,6943420,25,374,89399127,8,8,2128164,8,16,3507049,12,40,6943420,18,337,81566863
201903,26,000,2,3,Michigan Balance of State     ,8,8,1502488,0,0,0,0,0,0,0,0,0,0,0,0,0,0,0,0,0,0,0,0,0
201903,26,019,2,3,Benzie County                 ,14,14,2699978,0,0,0,0,0,0,0,0,0,14,14,2699978,0,0,0,0,0,0,0,0,0
201903,26,029,2,3,Charlevoix County             ,12,12,2743249,0,0,0,0,0,0,0,0,0,0,0,0,0,0,0,0,0,0,0,0,0
201903,26,089,2,3,Leelanau County               ,15,15,2844495,0,0,0,0,0,0,0,0,0,15,15,2844495,0,0,0,0,0,0,0,0,0
201903,26,093,2,3,Livingston County             ,87,87,24800060,0,0,0,0,0,0,0,0,0,84,84,24024521,0,0,0,0,0,0,0,0,0
201903,26,095,2,3,Luce County                   ,0,0,0,0,0,0,0,0,0,0,0,0,0,0,0,0,0,0,0,0,0,0,0,0
201903,26,099,2,3,Macomb County                 ,241,241,70013711,1,2,183192,0,0,0,5,58,8576923,241,241,70013711,0,0,0,0,0,0,5,58,8576923
201903,26,103,2,3,Marquette County              ,2,2,299000,0,0,0,0,0,0,0,0,0,2,2,299000,0,0,0,0,0,0,0,0,0
201903,26,137,2,3,Otsego County                 ,3,3,243000,0,0,0,0,0,0,0,0,0,0,0,0,0,0,0,0,0,0,0,0,0
201903,26,147,2,3,St. Clair County              ,24,24,5357371,0,0,0,0,0,0,0,0,0,20,20,4761746,0,0,0,0,0,0,0,0,0
201903,26,163,2,3,Wayne County                  ,171,171,52862909,0,0,0,1,4,591816,9,140,20816642,152,152,49981821,0,0,0,1,4,591816,8,123,19582849
201903,27,003,2,4,Anoka County                  ,149,149,44005829,0,0,0,0,0,0,3,41,5243066,131,131,38969672,0,0,0,0,0,0,0,0,0
201903,27,019,2,4,Carver County                 ,100,100,31256734,1,2,581760,0,0,0,0,0,0,84,84,26884667,1,2,581760,0,0,0,0,0,0
201903,27,025,2,4,Chisago County                ,27,27,3948588,0,0,0,0,0,0,0,0,0,27,27,3948588,0,0,0,0,0,0,0,0,0
201903,27,027,2,4,Clay County                   ,6,6,2296770,0,0,0,0,0,0,0,0,0,6,6,2296770,0,0,0,0,0,0,0,0,0
201903,27,037,2,4,Dakota County                 ,205,205,62822178,0,0,0,1,4,812000,1,32,2400000,172,172,51974963,0,0,0,1,4,812000,1,32,2400000
201903,27,053,2,4,Hennepin County               ,382,382,146635399,2,4,710000,2,6,2022313,16,1809,300293797,356,356,138398316,2,4,710000,2,6,2022313,16,1809,300293797
201903,27,059,2,4,Isanti County                 ,37,37,7977640,0,0,0,0,0,0,0,0,0,20,20,4656236,0,0,0,0,0,0,0,0,0
201903,27,123,2,4,Ramsey County                 ,29,29,9185332,0,0,0,0,0,0,4,476,71288332,29,29,9185332,0,0,0,0,0,0,4,476,71288332
201903,27,139,2,4,Scott County                  ,122,122,41501797,0,0,0,0,0,0,3,446,83423379,122,122,41501797,0,0,0,0,0,0,3,446,83423379
201903,27,141,2,4,Sherburne County              ,37,37,8446893,0,0,0,0,0,0,0,0,0,36,36,8304948,0,0,0,0,0,0,0,0,0
201903,27,163,2,4,Washington County             ,184,184,56029553,0,0,0,0,0,0,0,0,0,172,172,50954991,0,0,0,0,0,0,0,0,0
201903,27,171,2,4,Wright County                 ,159,159,47748711,0,0,0,0,0,0,0,0,0,153,153,46219185,0,0,0,0,0,0,0,0,0
201903,28,033,3,6,DeSoto County                 ,307,307,52769403,0,0,0,0,0,0,0,0,0,269,269,48445375,0,0,0,0,0,0,0,0,0
201903,28,041,3,6,Greene County                 ,0,0,0,0,0,0,0,0,0,0,0,0,0,0,0,0,0,0,0,0,0,0,0,0
201903,28,045,3,6,Hancock County                ,118,118,21162023,0,0,0,1,3,301084,3,25,2116567,37,37,8803566,0,0,0,0,0,0,0,0,0
201903,28,047,3,6,Harrison County               ,280,280,46164641,2,4,720000,0,0,0,0,0,0,248,248,42529409,2,4,720000,0,0,0,0,0,0
201903,28,067,3,6,Jones County                  ,0,0,0,0,0,0,0,0,0,0,0,0,0,0,0,0,0,0,0,0,0,0,0,0
201903,28,129,3,6,Smith County                  ,0,0,0,0,0,0,0,0,0,0,0,0,0,0,0,0,0,0,0,0,0,0,0,0
201903,28,137,3,6,Tate County                   ,26,26,5452236,0,0,0,0,0,0,0,0,0,23,23,4889850,0,0,0,0,0,0,0,0,0
201903,28,143,3,6,Tunica County                 ,2,2,221688,0,0,0,0,0,0,0,0,0,0,0,0,0,0,0,0,0,0,0,0,0
201903,28,145,3,6,Union County                  ,1,1,390000,0,0,0,0,0,0,0,0,0,1,1,390000,0,0,0,0,0,0,0,0,0
201903,28,149,3,6,Warren County                 ,1,1,520000,0,0,0,0,0,0,0,0,0,1,1,520000,0,0,0,0,0,0,0,0,0
201903,29,013,2,4,Bates County                  ,0,0,0,0,0,0,0,0,0,0,0,0,0,0,0,0,0,0,0,0,0,0,0,0
201903,29,017,2,4,Bollinger County              ,0,0,0,0,0,0,0,0,0,0,0,0,0,0,0,0,0,0,0,0,0,0,0,0
201903,29,019,2,4,Boone County                  ,101,101,25748414,0,0,0,0,0,0,0,0,0,101,101,25748414,0,0,0,0,0,0,0,0,0
201903,29,049,2,4,Clinton County                ,7,7,1274889,0,0,0,0,0,0,0,0,0,2,2,438000,0,0,0,0,0,0,0,0,0
201903,29,065,2,4,Dent County                   ,0,0,0,0,0,0,0,0,0,0,0,0,0,0,0,0,0,0,0,0,0,0,0,0
201903,29,071,2,4,Franklin County               ,54,54,13154566,1,2,601600,0,0,0,0,0,0,54,54,13154566,1,2,601600,0,0,0,0,0,0
201903,29,095,2,4,Jackson County                ,302,302,73485322,37,74,5642660,5,19,3235375,13,612,64373160,291,291,70687180,37,74,5642660,5,19,3235375,13,612,64373160
201903,29,099,2,4,Jefferson County              ,140,140,31825512,2,4,692660,0,0,0,0,0,0,135,135,31271895,1,2,300000,0,0,0,0,0,0
201903,29,105,2,4,Laclede County                ,4,4,578900,0,0,0,0,0,0,0,0,0,4,4,578900,0,0,0,0,0,0,0,0,0
201903,29,107,2,4,Lafayette County              ,13,13,2970472,0,0,0,0,0,0,0,0,0,11,11,2509592,0,0,0,0,0,0,0,0,0
201903,29,113,2,4,Lincoln County                ,34,34,6271237,0,0,0,1,3,359288,0,0,0,25,25,4005061,0,0,0,0,0,0,0,0,0
201903,29,165,2,4,Platte County                 ,29,29,11660975,0,0,0,0,0,0,0,0,0,25,25,10245671,0,0,0,0,0,0,0,0,0
201903,29,185,2,4,St. Clair County              ,0,0,0,0,0,0,0,0,0,0,0,0,0,0,0,0,0,0,0,0,0,0,0,0
201903,29,189,2,4,St. Louis County              ,184,184,86262362,0,0,0,0,0,0,1,17,2005103,132,132,67794941,0,0,0,0,0,0,0,0,0
201903,29,219,2,4,Warren County                 ,75,75,17512203,0,0,0,2,8,1092682,0,0,0,75,75,17512203,0,0,0,2,8,1092682,0,0,0
201903,29,221,2,4,Washington County             ,0,0,0,0,0,0,0,0,0,0,0,0,0,0,0,0,0,0,0,0,0,0,0,0
201903,29,510,2,4,St. Louis (Independent City)  ,21,21,4982603,0,0,0,1,3,450000,1,20,1759700,21,21,4982603,0,0,0,1,3,450000,1,20,1759700
201903,30,013,4,8,Cascade County                ,18,18,4913634,0,0,0,0,0,0,1,12,1002000,18,18,4913634,0,0,0,0,0,0,1,12,1002000
201903,30,033,4,8,Garfield County               ,0,0,0,0,0,0,0,0,0,0,0,0,0,0,0,0,0,0,0,0,0,0,0,0
201903,30,063,4,8,Missoula County               ,58,58,14809024,0,0,0,0,0,0,4,87,3800300,58,58,14809024,0,0,0,0,0,0,4,87,3800300
201903,30,093,4,8,Silver Bow County             ,2,2,205999,0,0,0,0,0,0,0,0,0,2,2,205999,0,0,0,0,0,0,0,0,0
201903,31,001,2,4,Adams County                  ,6,6,1510138,0,0,0,0,0,0,0,0,0,6,6,1510138,0,0,0,0,0,0,0,0,0
201903,31,025,2,4,Cass County                   ,24,24,4332304,0,0,0,0,0,0,0,0,0,8,8,1661250,0,0,0,0,0,0,0,0,0
201903,31,033,2,4,Cheyenne County               ,2,2,429000,0,0,0,0,0,0,0,0,0,2,2,429000,0,0,0,0,0,0,0,0,0
201903,31,055,2,4,Douglas County                ,261,261,42046320,0,0,0,0,0,0,7,506,35580976,145,145,24368589,0,0,0,0,0,0,4,369,23941010
201903,31,105,2,4,Kimball County                ,1,1,175000,0,0,0,0,0,0,0,0,0,1,1,175000,0,0,0,0,0,0,0,0,0
201903,31,153,2,4,Sarpy County                  ,184,184,50328135,0,0,0,0,0,0,0,0,0,146,146,41223981,0,0,0,0,0,0,0,0,0
201903,31,165,2,4,Sioux County                  ,0,0,0,0,0,0,0,0,0,0,0,0,0,0,0,0,0,0,0,0,0,0,0,0
201903,31,177,2,4,Washington County             ,9,9,2599700,0,0,0,0,0,0,0,0,0,9,9,2599700,0,0,0,0,0,0,0,0,0
201903,32,001,4,8,Churchill County              ,18,18,3675956,1,2,139828,0,0,0,0,0,0,18,18,3675956,1,2,139828,0,0,0,0,0,0
201903,32,003,4,8,Clark County                  ,2425,2425,584252393,15,30,4515627,19,58,7146997,24,428,43531526,2425,2425,584252393,15,30,4515627,19,58,7146997,24,428,43531526
201903,32,005,4,8,Douglas County                ,26,26,9838782,0,0,0,0,0,0,0,0,0,26,26,9838782,0,0,0,0,0,0,0,0,0
201903,32,007,4,8,Elko County                   ,30,30,4829415,0,0,0,0,0,0,0,0,0,30,30,4829415,0,0,0,0,0,0,0,0,0
201903,32,013,4,8,Humboldt County               ,4,4,497395,0,0,0,0,0,0,0,0,0,2,2,295341,0,0,0,0,0,0,0,0,0
201903,32,015,4,8,Lander County                 ,0,0,0,0,0,0,0,0,0,0,0,0,0,0,0,0,0,0,0,0,0,0,0,0
201903,32,017,4,8,Lincoln County                ,3,3,831452,0,0,0,0,0,0,0,0,0,1,1,285178,0,0,0,0,0,0,0,0,0
201903,32,019,4,8,Lyon County                   ,81,81,20158997,0,0,0,0,0,0,0,0,0,52,52,13540505,0,0,0,0,0,0,0,0,0
201903,32,021,4,8,Mineral County                ,0,0,0,0,0,0,0,0,0,0,0,0,0,0,0,0,0,0,0,0,0,0,0,0
201903,32,027,4,8,Pershing County               ,0,0,0,0,0,0,0,0,0,0,0,0,0,0,0,0,0,0,0,0,0,0,0,0
201903,32,029,4,8,Storey County                 ,1,1,148418,0,0,0,0,0,0,0,0,0,1,1,148418,0,0,0,0,0,0,0,0,0
201903,32,031,4,8,Washoe County                 ,394,394,114750340,8,16,1264336,4,14,1398453,9,335,47980641,364,364,105341599,8,16,1264336,4,14,1398453,9,335,47980641
201903,32,033,4,8,White Pine County             ,1,1,356039,0,0,0,0,0,0,0,0,0,0,0,0,0,0,0,0,0,0,0,0,0
201903,32,510,4,8,Carson City (Independent City),44,44,11661299,0,0,0,0,0,0,0,0,0,44,44,11661299,0,0,0,0,0,0,0,0,0
201903,33,015,1,1,Rockingham County             ,133,133,40897788,8,16,3081593,0,0,0,4,116,14391510,106,106,32826819,7,14,2614877,0,0,0,2,106,13407238
201903,33,017,1,1,Strafford County              ,41,41,10354342,2,4,592877,0,0,0,3,155,60058204,31,31,8387399,2,4,592877,0,0,0,2,150,59592687
201903,34,001,1,2,Atlantic County               ,88,88,21770310,0,0,0,0,0,0,8,130,10727316,84,84,20923470,0,0,0,0,0,0,6,87,5402000
201903,34,003,1,2,Bergen County                 ,196,196,65355189,21,42,7533901,3,9,1007748,23,436,93867247,123,123,42562328,15,30,5006816,0,0,0,8,331,82526882
201903,34,005,1,2,Burlington County             ,127,127,15675901,0,0,0,0,0,0,14,177,13196775,57,57,9917518,0,0,0,0,0,0,7,134,8991380
201903,34,007,1,2,Camden County                 ,64,64,6454319,1,2,232,0,0,0,20,340,6232344,51,51,4132295,1,2,232,0,0,0,12,247,1368161
201903,34,009,1,2,Cape May County               ,94,94,29389523,20,40,5634571,0,0,0,0,0,0,94,94,29389523,20,40,5634571,0,0,0,0,0,0
201903,34,011,1,2,Cumberland County             ,13,13,949836,0,0,0,0,0,0,0,0,0,7,7,406364,0,0,0,0,0,0,0,0,0
201903,34,013,1,2,Essex County                  ,78,78,14478934,11,22,3044447,5,15,1864614,13,223,19585560,36,36,11189035,10,20,2929947,5,15,1864614,0,0,0
201903,34,015,1,2,Gloucester County             ,104,104,13688150,1,2,86788,0,0,0,8,62,6750472,77,77,10777153,0,0,0,0,0,0,2,16,1024465
201903,34,017,1,2,Hudson County                 ,75,75,5499273,12,24,3148286,10,32,6039646,8,1107,37476896,74,74,4975094,10,20,2581850,10,32,6039646,6,1042,25397250
201903,34,019,1,2,Hunterdon County              ,40,40,9351835,1,2,233200,0,0,0,5,42,1394982,35,35,8548725,0,0,0,0,0,0,1,16,50000
201903,34,021,1,2,Mercer County                 ,34,34,6725907,2,4,236914,8,29,1059673,4,48,3687740,30,30,4394882,1,2,150000,1,4,340000,2,24,1706900
201903,34,023,1,2,Middlesex County              ,208,208,37397633,3,6,93361,2,7,474967,16,274,13392779,189,189,34028464,3,6,93361,2,7,474967,11,211,9785548
201903,34,025,1,2,Monmouth County               ,160,160,45274923,2,4,523400,0,0,0,6,107,561464,131,131,34419777,2,4,523400,0,0,0,3,92,181400
201903,34,027,1,2,Morris County                 ,220,220,34503072,0,0,0,13,45,976410,7,263,24944772,184,184,26495907,0,0,0,13,45,976410,1,214,20275000
201903,34,029,1,2,Ocean County                  ,497,497,106378246,6,12,1444000,0,0,0,6,84,8674525,472,472,102813704,6,12,1444000,0,0,0,6,84,8674525
201903,34,031,1,2,Passaic County                ,19,19,4491517,2,4,296604,1,3,219751,5,30,1645383,11,11,2682500,0,0,0,0,0,0,0,0,0
201903,34,033,1,2,Salem County                  ,16,16,2479900,0,0,0,0,0,0,0,0,0,16,16,2479900,0,0,0,0,0,0,0,0,0
201903,34,035,1,2,Somerset County               ,66,66,12138209,0,0,0,0,0,0,9,130,6068838,47,47,8774220,0,0,0,0,0,0,2,72,2327500
201903,34,037,1,2,Sussex County                 ,33,33,5042578,18,36,2934000,0,0,0,0,0,0,27,27,3674050,18,36,2934000,0,0,0,0,0,0
201903,34,039,1,2,Union County                  ,46,46,11181992,21,42,3284100,1,3,600000,7,88,2729649,27,27,7297371,21,42,3284100,1,3,600000,1,54,600000
201903,34,041,1,2,Warren County                 ,12,12,1846664,0,0,0,0,0,0,3,21,758283,9,9,1241612,0,0,0,0,0,0,0,0,0
201903,35,000,4,8,New Mexico Balance of State   ,80,80,21692065,0,0,0,0,0,0,0,0,0,0,0,0,0,0,0,0,0,0,0,0,0
201903,35,001,4,8,Bernalillo County             ,253,253,64526401,0,0,0,0,0,0,0,0,0,253,253,64526401,0,0,0,0,0,0,0,0,0
201903,35,005,4,8,Chaves County                 ,14,14,2650882,0,0,0,0,0,0,0,0,0,10,10,1925000,0,0,0,0,0,0,0,0,0
201903,35,009,4,8,Curry County                  ,10,10,2531770,0,0,0,0,0,0,2,10,921876,0,0,0,0,0,0,0,0,0,0,0,0
201903,35,013,4,8,Dona Ana County               ,193,193,47318149,2,4,383396,0,0,0,0,0,0,193,193,47318149,2,4,383396,0,0,0,0,0,0
201903,35,015,4,8,Eddy County                   ,60,60,21181310,0,0,0,0,0,0,0,0,0,60,60,21181310,0,0,0,0,0,0,0,0,0
201903,35,017,4,8,Grant County                  ,3,3,487521,0,0,0,0,0,0,0,0,0,0,0,0,0,0,0,0,0,0,0,0,0
201903,35,025,4,8,Lea County                    ,39,39,8826676,0,0,0,0,0,0,0,0,0,34,34,7799146,0,0,0,0,0,0,0,0,0
201903,35,027,4,8,Lincoln County                ,16,16,5141425,0,0,0,0,0,0,0,0,0,16,16,5141425,0,0,0,0,0,0,0,0,0
201903,35,028,4,8,Los Alamos County             ,1,1,290963,0,0,0,0,0,0,0,0,0,0,0,0,0,0,0,0,0,0,0,0,0
201903,35,029,4,8,Luna County                   ,4,4,894883,0,0,0,0,0,0,0,0,0,1,1,340000,0,0,0,0,0,0,0,0,0
201903,35,031,4,8,McKinley County               ,0,0,0,0,0,0,0,0,0,0,0,0,0,0,0,0,0,0,0,0,0,0,0,0
201903,35,035,4,8,Otero County                  ,0,0,0,0,0,0,0,0,0,0,0,0,0,0,0,0,0,0,0,0,0,0,0,0
201903,35,041,4,8,Roosevelt County              ,4,4,604076,0,0,0,0,0,0,0,0,0,0,0,0,0,0,0,0,0,0,0,0,0
201903,35,043,4,8,Sandoval County               ,146,146,32386281,1,2,283271,1,3,251560,3,16,666666,0,0,0,0,0,0,0,0,0,0,0,0
201903,35,045,4,8,San Juan County               ,17,17,3686100,2,4,650880,0,0,0,1,8,500000,14,14,2819260,2,4,650880,0,0,0,1,8,500000
201903,35,047,4,8,San Miguel County             ,1,1,140000,0,0,0,0,0,0,0,0,0,0,0,0,0,0,0,0,0,0,0,0,0
201903,35,049,4,8,Santa Fe County               ,76,76,18507459,0,0,0,0,0,0,0,0,0,76,76,18507459,0,0,0,0,0,0,0,0,0
201903,35,051,4,8,Sierra County                 ,0,0,0,0,0,0,0,0,0,0,0,0,0,0,0,0,0,0,0,0,0,0,0,0
201903,35,055,4,8,Taos County                   ,19,19,2083461,0,0,0,0,0,0,0,0,0,0,0,0,0,0,0,0,0,0,0,0,0
201903,35,061,4,8,Valencia County               ,20,20,681596,0,0,0,0,0,0,0,0,0,20,20,681596,0,0,0,0,0,0,0,0,0
201903,36,001,1,2,Albany County                 ,49,49,13009021,0,0,0,0,0,0,4,38,5522696,37,37,10394753,0,0,0,0,0,0,0,0,0
201903,36,005,1,2,Bronx County                  ,0,0,0,8,16,2371508,1,3,372923,17,820,106725704,0,0,0,8,16,2371508,1,3,372923,17,820,106725704
201903,36,029,1,2,Erie County                   ,153,153,45105850,0,0,0,0,0,0,3,51,11415644,132,132,38941672,0,0,0,0,0,0,0,0,0
201903,36,047,1,2,Kings County                  ,11,11,2926224,4,8,1185755,16,51,6339688,72,2201,286467406,11,11,2926224,4,8,1185755,16,51,6339688,72,2201,286467406
201903,36,051,1,2,Livingston County             ,5,5,1043615,0,0,0,0,0,0,4,20,1089286,3,3,750000,0,0,0,0,0,0,0,0,0
201903,36,055,1,2,Monroe County                 ,124,124,29373283,0,0,0,0,0,0,8,128,18601424,96,96,24850005,0,0,0,0,0,0,7,115,17207453
201903,36,059,1,2,Nassau County                 ,153,153,56426128,0,0,0,0,0,0,1,18,2021269,126,126,43811753,0,0,0,0,0,0,0,0,0
201903,36,061,1,2,New York County               ,1,1,266020,0,0,0,0,0,0,16,1036,134838815,1,1,266020,0,0,0,0,0,0,16,1036,134838815
201903,36,063,1,2,Niagara County                ,50,50,15189552,0,0,0,0,0,0,0,0,0,35,35,11152110,0,0,0,0,0,0,0,0,0
201903,36,069,1,2,Ontario County                ,47,47,18348288,0,0,0,1,3,50000,0,0,0,41,41,17291630,0,0,0,1,3,50000,0,0,0
201903,36,073,1,2,Orleans County                ,2,2,356750,0,0,0,0,0,0,0,0,0,1,1,198000,0,0,0,0,0,0,0,0,0
201903,36,079,1,2,Putnam County                 ,9,9,2174950,0,0,0,0,0,0,1,20,2281700,9,9,2174950,0,0,0,0,0,0,1,20,2281700
201903,36,081,1,2,Queens County                 ,18,18,4788367,34,68,10078912,8,24,2983383,19,1900,247291264,18,18,4788367,34,68,10078912,8,24,2983383,19,1900,247291264
201903,36,083,1,2,Rensselaer County             ,20,20,5030278,1,2,550000,0,0,0,2,17,1400000,10,10,2336620,0,0,0,0,0,0,1,12,900000
201903,36,085,1,2,Richmond County               ,63,63,16759285,53,106,15711246,1,3,372923,0,0,0,63,63,16759285,53,106,15711246,1,3,372923,0,0,0
201903,36,087,1,2,Rockland County               ,23,23,8987996,6,12,1751905,8,28,4137297,10,68,10828283,16,16,6833900,0,0,0,2,8,1800000,0,0,0
201903,36,091,1,2,Saratoga County               ,139,139,40894943,0,0,0,0,0,0,6,42,4284636,104,104,29631355,0,0,0,0,0,0,0,0,0
201903,36,093,1,2,Schenectady County            ,9,9,1570000,0,0,0,0,0,0,2,16,1200000,8,8,1345000,0,0,0,0,0,0,2,16,1200000
201903,36,095,1,2,Schoharie County              ,3,3,665676,0,0,0,0,0,0,0,0,0,1,1,130000,0,0,0,0,0,0,0,0,0
201903,36,099,1,2,Seneca County                 ,9,9,843402,0,0,0,0,0,0,0,0,0,9,9,843402,0,0,0,0,0,0,0,0,0
201903,36,103,1,2,Suffolk County                ,144,144,109294775,1,2,296439,1,4,486144,5,37,5085302,113,113,92927840,1,2,296439,0,0,0,1,17,2212606
201903,36,117,1,2,Wayne County                  ,19,19,4469141,1,2,265000,1,3,125000,0,0,0,16,16,3865600,1,2,265000,1,3,125000,0,0,0
201903,36,119,1,2,Westchester County            ,73,73,32240759,2,4,591666,0,0,0,6,102,15380126,60,60,26107216,1,2,300000,0,0,0,1,29,2279906
201903,37,007,3,5,Anson County                  ,12,12,1798380,0,0,0,0,0,0,0,0,0,0,0,0,0,0,0,0,0,0,0,0,0
201903,37,011,3,5,Avery County                  ,12,12,3733091,0,0,0,0,0,0,0,0,0,12,12,3733091,0,0,0,0,0,0,0,0,0
201903,37,015,3,5,Bertie County                 ,2,2,575710,0,0,0,0,0,0,0,0,0,2,2,575710,0,0,0,0,0,0,0,0,0
201903,37,025,3,5,Cabarrus County               ,388,388,69169106,1,2,90000,0,0,0,8,110,7487344,388,388,69169106,1,2,90000,0,0,0,8,110,7487344
201903,37,033,3,5,Caswell County                ,3,3,730000,0,0,0,0,0,0,0,0,0,3,3,730000,0,0,0,0,0,0,0,0,0
201903,37,037,3,5,Chatham County                ,141,141,44130114,0,0,0,0,0,0,0,0,0,134,134,43429782,0,0,0,0,0,0,0,0,0
201903,37,051,3,5,Cumberland County             ,148,148,23980877,0,0,0,0,0,0,0,0,0,148,148,23980877,0,0,0,0,0,0,0,0,0
201903,37,053,3,5,Currituck County              ,106,106,24768396,0,0,0,0,0,0,0,0,0,106,106,24768396,0,0,0,0,0,0,0,0,0
201903,37,059,3,5,Davie County                  ,39,39,8531485,0,0,0,0,0,0,0,0,0,39,39,8531485,0,0,0,0,0,0,0,0,0
201903,37,063,3,5,Durham County                 ,485,485,93524262,1,2,169897,0,0,0,9,310,24695023,0,0,0,0,0,0,0,0,0,0,0,0
201903,37,069,3,5,Franklin County               ,170,170,31236756,1,2,120000,0,0,0,0,0,0,170,170,31236756,1,2,120000,0,0,0,0,0,0
201903,37,071,3,5,Gaston County                 ,360,360,108263552,0,0,0,0,0,0,0,0,0,360,360,108263552,0,0,0,0,0,0,0,0,0
201903,37,077,3,5,Granville County              ,79,79,13617376,0,0,0,0,0,0,0,0,0,79,79,13617376,0,0,0,0,0,0,0,0,0
201903,37,081,3,5,Guilford County               ,371,371,92481215,0,0,0,0,0,0,4,69,7292210,371,371,92481215,0,0,0,0,0,0,4,69,7292210
201903,37,089,3,5,Henderson County              ,124,124,31136183,0,0,0,0,0,0,0,0,0,124,124,31136183,0,0,0,0,0,0,0,0,0
201903,37,093,3,5,Hoke County                   ,50,50,11820346,0,0,0,0,0,0,0,0,0,50,50,11820346,0,0,0,0,0,0,0,0,0
201903,37,097,3,5,Iredell County                ,310,310,79905540,0,0,0,0,0,0,1,68,6520037,310,310,79905540,0,0,0,0,0,0,1,68,6520037
201903,37,101,3,5,Johnston County               ,570,570,95116688,2,4,398000,0,0,0,0,0,0,520,520,87999707,2,4,398000,0,0,0,0,0,0
201903,37,119,3,5,Mecklenburg County            ,1149,1149,271631535,5,10,1862155,1,4,602289,27,1592,113690476,1149,1149,271631535,5,10,1862155,1,4,602289,27,1592,113690476
201903,37,133,3,5,Onslow County                 ,323,323,46056971,2,4,628000,0,0,0,0,0,0,323,323,46056971,2,4,628000,0,0,0,0,0,0
201903,37,135,3,5,Orange County                 ,118,118,39416332,0,0,0,0,0,0,0,0,0,118,118,39416332,0,0,0,0,0,0,0,0,0
201903,37,145,3,5,Person County                 ,30,30,5515754,0,0,0,0,0,0,0,0,0,30,30,5515754,0,0,0,0,0,0,0,0,0
201903,37,151,3,5,Randolph County               ,53,53,13517104,1,2,85000,0,0,0,0,0,0,49,49,13142173,0,0,0,0,0,0,0,0,0
201903,37,157,3,5,Rockingham County             ,33,33,8798518,2,4,756700,0,0,0,0,0,0,33,33,8798518,2,4,756700,0,0,0,0,0,0
201903,37,179,3,5,Union County                  ,310,310,65192619,0,0,0,0,0,0,0,0,0,310,310,65192619,0,0,0,0,0,0,0,0,0
201903,37,181,3,5,Vance County                  ,9,9,1913899,0,0,0,0,0,0,0,0,0,9,9,1913899,0,0,0,0,0,0,0,0,0
201903,37,183,3,5,Wake County                   ,1819,1819,426845856,0,0,0,0,0,0,5,301,39982038,1794,1794,421876066,0,0,0,0,0,0,5,301,39982038
201903,37,195,3,5,Wilson County                 ,33,33,4325527,0,0,0,0,0,0,0,0,0,33,33,4325527,0,0,0,0,0,0,0,0,0
201903,39,007,2,3,Ashtabula County              ,9,9,1530000,0,0,0,0,0,0,0,0,0,9,9,1530000,0,0,0,0,0,0,0,0,0
201903,39,015,2,3,Brown County                  ,24,24,6204317,0,0,0,0,0,0,0,0,0,24,24,6204317,0,0,0,0,0,0,0,0,0
201903,39,017,2,3,Butler County                 ,149,149,31787114,0,0,0,0,0,0,0,0,0,106,106,22839328,0,0,0,0,0,0,0,0,0
201903,39,025,2,3,Clermont County               ,104,104,23694140,0,0,0,0,0,0,0,0,0,104,104,23694140,0,0,0,0,0,0,0,0,0
201903,39,041,2,3,Delaware County               ,295,295,101009766,0,0,0,0,0,0,3,28,3436377,286,286,97442854,0,0,0,0,0,0,0,0,0
201903,39,049,2,3,Franklin County               ,257,257,81495899,1,2,300000,0,0,0,31,517,76588503,252,252,78613654,1,2,300000,0,0,0,29,503,75073297
201903,39,055,2,3,Geauga County                 ,33,33,12920581,0,0,0,0,0,0,0,0,0,33,33,12920581,0,0,0,0,0,0,0,0,0
201903,39,085,2,3,Lake County                   ,88,88,19192657,0,0,0,0,0,0,0,0,0,88,88,19192657,0,0,0,0,0,0,0,0,0
201903,39,089,2,3,Licking County                ,70,70,19315853,0,0,0,0,0,0,0,0,0,70,70,19315853,0,0,0,0,0,0,0,0,0
201903,39,093,2,3,Lorain County                 ,220,220,44549272,2,4,576335,3,12,1377674,2,10,760000,197,197,37779688,2,4,576335,2,8,1070000,2,10,760000
201903,39,097,2,3,Madison County                ,28,28,7295737,0,0,0,0,0,0,0,0,0,25,25,6522290,0,0,0,0,0,0,0,0,0
201903,39,103,2,3,Medina County                 ,90,90,26336675,1,2,260948,5,18,2094671,0,0,0,90,90,26336675,1,2,260948,5,18,2094671,0,0,0
201903,39,117,2,3,Morrow County                 ,20,20,3029540,0,0,0,0,0,0,0,0,0,18,18,2999540,0,0,0,0,0,0,0,0,0
201903,39,159,2,3,Union County                  ,95,95,27230966,1,2,209000,0,0,0,0,0,0,95,95,27230966,1,2,209000,0,0,0,0,0,0
201903,39,165,2,3,Warren County                 ,273,273,72369918,1,2,297932,1,4,1140696,1,7,865812,242,242,64353092,1,2,297932,1,4,1140696,1,7,865812
201903,40,001,3,7,Adair County                  ,3,3,532254,0,0,0,0,0,0,0,0,0,0,0,0,0,0,0,0,0,0,0,0,0
201903,40,017,3,7,Canadian County               ,96,96,20991808,8,16,1813590,3,11,1404000,0,0,0,90,90,19574512,8,16,1813590,3,11,1404000,0,0,0
201903,40,021,3,7,Cherokee County               ,11,11,1443621,3,6,390000,0,0,0,1,5,244048,0,0,0,0,0,0,0,0,0,0,0,0
201903,40,027,3,7,Cleveland County              ,182,182,46175253,8,16,3700000,2,7,937750,3,244,34000000,182,182,46175253,8,16,3700000,2,7,937750,3,244,34000000
201903,40,029,3,7,Coal County                   ,0,0,0,0,0,0,0,0,0,0,0,0,0,0,0,0,0,0,0,0,0,0,0,0
201903,40,037,3,7,Creek County                  ,9,9,2120150,0,0,0,0,0,0,0,0,0,1,1,169500,0,0,0,0,0,0,0,0,0
201903,40,051,3,7,Grady County                  ,11,11,2678500,0,0,0,0,0,0,0,0,0,11,11,2678500,0,0,0,0,0,0,0,0,0
201903,40,055,3,7,Greer County                  ,1,1,262500,0,0,0,0,0,0,0,0,0,0,0,0,0,0,0,0,0,0,0,0,0
201903,40,081,3,7,Lincoln County                ,2,2,472814,0,0,0,0,0,0,0,0,0,2,2,472814,0,0,0,0,0,0,0,0,0
201903,40,083,3,7,Logan County                  ,5,5,1092000,0,0,0,0,0,0,0,0,0,5,5,1092000,0,0,0,0,0,0,0,0,0
201903,40,087,3,7,McClain County                ,149,149,24187705,0,0,0,0,0,0,0,0,0,114,114,16418900,0,0,0,0,0,0,0,0,0
201903,40,109,3,7,Oklahoma County               ,959,959,232930887,3,6,690000,0,0,0,0,0,0,956,956,232476103,3,6,690000,0,0,0,0,0,0
201903,40,111,3,7,Okmulgee County               ,0,0,0,0,0,0,0,0,0,0,0,0,0,0,0,0,0,0,0,0,0,0,0,0
201903,40,113,3,7,Osage County                  ,28,28,6008328,0,0,0,0,0,0,0,0,0,28,28,6008328,0,0,0,0,0,0,0,0,0
201903,40,117,3,7,Pawnee County                 ,0,0,0,0,0,0,0,0,0,0,0,0,0,0,0,0,0,0,0,0,0,0,0,0
201903,40,131,3,7,Rogers County                 ,152,152,29804539,0,0,0,0,0,0,0,0,0,150,150,29597873,0,0,0,0,0,0,0,0,0
201903,40,143,3,7,Tulsa County                  ,472,472,111080464,1,2,265000,2,8,1200000,8,373,49328208,447,447,107292138,1,2,265000,2,8,1200000,8,373,49328208
201903,40,145,3,7,Wagoner County                ,103,103,19482749,0,0,0,0,0,0,0,0,0,103,103,19482749,0,0,0,0,0,0,0,0,0
201903,41,000,4,9,Oregon Balance of State       ,33,33,3660583,0,0,0,0,0,0,0,0,0,0,0,0,0,0,0,0,0,0,0,0,0
201903,41,005,4,9,Clackamas County              ,274,274,84745632,0,0,0,0,0,0,5,98,13991436,248,248,71291252,0,0,0,0,0,0,2,81,11519347
201903,41,017,4,9,Deschutes County              ,292,292,76708702,5,10,1266385,0,0,0,1,5,332500,245,245,64953787,5,10,1266385,0,0,0,0,0,0
201903,41,019,4,9,Douglas County                ,54,54,14425808,1,2,238795,0,0,0,0,0,0,54,54,14425808,1,2,238795,0,0,0,0,0,0
201903,41,025,4,9,Harney County                 ,0,0,0,0,0,0,0,0,0,0,0,0,0,0,0,0,0,0,0,0,0,0,0,0
201903,41,035,4,9,Klamath County                ,24,24,5831343,0,0,0,0,0,0,0,0,0,24,24,5831343,0,0,0,0,0,0,0,0,0
201903,41,051,4,9,Multnomah County              ,211,211,56084915,21,42,7657269,3,12,1989200,27,1215,172354415,211,211,56084915,21,42,7657269,3,12,1989200,27,1215,172354415
201903,41,067,4,9,Washington County             ,384,384,105339878,0,0,0,0,0,0,9,767,104671221,384,384,105339878,0,0,0,0,0,0,9,767,104671221
201903,41,071,4,9,Yamhill County                ,72,72,18991197,2,4,293442,0,0,0,0,0,0,38,38,10917885,2,4,293442,0,0,0,0,0,0
201903,42,001,1,2,Adams County                  ,45,45,12000340,0,0,0,0,0,0,0,0,0,30,30,8932320,0,0,0,0,0,0,0,0,0
201903,42,017,1,2,Bucks County                  ,180,180,39200847,0,0,0,1,4,951664,3,15,1463500,132,132,27409821,0,0,0,1,4,951664,3,15,1463500
201903,42,029,1,2,Chester County                ,288,288,59870714,0,0,0,1,3,386888,3,96,12373797,238,238,49399398,0,0,0,0,0,0,3,96,12373797
201903,42,037,1,2,Columbia County               ,15,15,3540361,0,0,0,0,0,0,0,0,0,7,7,1433116,0,0,0,0,0,0,0,0,0
201903,42,041,1,2,Cumberland County             ,154,154,29297372,5,10,1259585,5,15,3944663,12,99,20177595,135,135,26287178,5,10,1259585,5,15,3944663,12,99,20177595
201903,42,043,1,2,Dauphin County                ,82,82,18149453,0,0,0,4,14,2451843,0,0,0,66,66,15010130,0,0,0,4,14,2451843,0,0,0
201903,42,045,1,2,Delaware County               ,54,54,15123074,0,0,0,0,0,0,0,0,0,33,33,10413028,0,0,0,0,0,0,0,0,0
201903,42,055,1,2,Franklin County               ,68,68,11958513,0,0,0,0,0,0,3,15,1462587,55,55,10204198,0,0,0,0,0,0,0,0,0
201903,42,091,1,2,Montgomery County             ,289,289,77440411,1,2,238500,5,18,3005390,7,64,12158506,236,236,65974299,0,0,0,5,18,3005390,5,51,10755180
201903,42,093,1,2,Montour County                ,4,4,636953,0,0,0,0,0,0,0,0,0,3,3,396900,0,0,0,0,0,0,0,0,0
201903,42,099,1,2,Perry County                  ,19,19,4845192,0,0,0,0,0,0,0,0,0,1,1,260000,0,0,0,0,0,0,0,0,0
201903,42,101,1,2,Philadelphia County           ,237,237,63046836,38,76,11578722,46,153,17567512,24,563,72267016,237,237,63046836,38,76,11578722,46,153,17567512,24,563,72267016
201903,42,103,1,2,Pike County                   ,33,33,9222137,0,0,0,0,0,0,0,0,0,30,30,8440515,0,0,0,0,0,0,0,0,0
201903,44,001,1,1,Bristol County                ,6,6,2020800,0,0,0,0,0,0,0,0,0,6,6,2020800,0,0,0,0,0,0,0,0,0
201903,44,003,1,1,Kent County                   ,16,16,2829077,3,6,644150,1,3,300000,0,0,0,5,5,804360,3,6,644150,0,0,0,0,0,0
201903,44,005,1,1,Newport County                ,26,26,5832870,0,0,0,0,0,0,0,0,0,26,26,5832870,0,0,0,0,0,0,0,0,0
201903,44,007,1,1,Providence County             ,70,70,10668139,1,2,180000,0,0,0,1,5,375000,49,49,7441425,0,0,0,0,0,0,0,0,0
201903,44,009,1,1,Washington County             ,71,71,14521657,0,0,0,0,0,0,2,14,933333,44,44,7705134,0,0,0,0,0,0,0,0,0
201903,45,003,3,5,Aiken County                  ,221,221,47423964,0,0,0,0,0,0,3,15,1205358,193,193,41287378,0,0,0,0,0,0,0,0,0
201903,45,009,3,5,Bamberg County                ,1,1,300000,0,0,0,0,0,0,0,0,0,1,1,300000,0,0,0,0,0,0,0,0,0
201903,45,015,3,5,Berkeley County               ,446,446,123370757,0,0,0,0,0,0,13,356,22026346,363,363,106068977,0,0,0,0,0,0,11,297,20634414
201903,45,017,3,5,Calhoun County                ,6,6,886707,0,0,0,0,0,0,0,0,0,0,0,0,0,0,0,0,0,0,0,0,0
201903,45,019,3,5,Charleston County             ,709,709,201357927,3,6,2440596,0,0,0,13,392,45602619,269,269,99298285,3,6,2440596,0,0,0,0,0,0
201903,45,035,3,5,Dorchester County             ,129,129,37038500,0,0,0,0,0,0,0,0,0,128,128,36931000,0,0,0,0,0,0,0,0,0
201903,45,037,3,5,Edgefield County              ,27,27,6719284,0,0,0,0,0,0,0,0,0,19,19,5179962,0,0,0,0,0,0,0,0,0
201903,45,039,3,5,Fairfield County              ,15,15,3809055,0,0,0,0,0,0,0,0,0,11,11,2895430,0,0,0,0,0,0,0,0,0
201903,45,045,3,5,Greenville County             ,809,809,188824267,2,4,680000,0,0,0,7,274,19742677,772,772,182428791,2,4,680000,0,0,0,5,228,15796972
201903,45,051,3,5,Horry County                  ,1003,1003,184407853,4,8,618562,1,4,602030,2,10,500000,929,929,165721826,4,8,618562,1,4,602030,0,0,0
201903,45,055,3,5,Kershaw County                ,71,71,9089058,0,0,0,0,0,0,0,0,0,68,68,8607323,0,0,0,0,0,0,0,0,0
201903,45,059,3,5,Laurens County                ,43,43,5024050,0,0,0,0,0,0,0,0,0,43,43,5024050,0,0,0,0,0,0,0,0,0
201903,45,063,3,5,Lexington County              ,428,428,107458836,0,0,0,0,0,0,1,17,1534265,59,59,13676431,0,0,0,0,0,0,0,0,0
201903,45,077,3,5,Pickens County                ,133,133,43074518,0,0,0,1,3,390000,6,71,8235893,57,57,18344353,0,0,0,0,0,0,2,24,2494590
201903,45,079,3,5,Richland County               ,368,368,72207988,0,0,0,0,0,0,0,0,0,326,326,62213105,0,0,0,0,0,0,0,0,0
201903,45,081,3,5,Saluda County                 ,9,9,2209656,0,0,0,0,0,0,0,0,0,0,0,0,0,0,0,0,0,0,0,0,0
201903,45,085,3,5,Sumter County                 ,61,61,7819126,0,0,0,0,0,0,0,0,0,61,61,7819126,0,0,0,0,0,0,0,0,0
201903,45,091,3,5,York County                   ,594,594,192441411,0,0,0,1,3,603866,12,138,17449144,111,111,33645394,0,0,0,1,3,603866,5,29,5837362
201903,46,007,2,4,Bennett County                ,0,0,0,0,0,0,0,0,0,0,0,0,0,0,0,0,0,0,0,0,0,0,0,0
201903,46,055,2,4,Haakon County                 ,0,0,0,0,0,0,0,0,0,0,0,0,0,0,0,0,0,0,0,0,0,0,0,0
201903,46,071,2,4,Jackson County                ,0,0,0,0,0,0,0,0,0,0,0,0,0,0,0,0,0,0,0,0,0,0,0,0
201903,46,111,2,4,Sanborn County                ,1,1,200000,0,0,0,0,0,0,0,0,0,1,1,200000,0,0,0,0,0,0,0,0,0
201903,47,001,3,6,Anderson County               ,40,40,6753260,0,0,0,0,0,0,0,0,0,37,37,6222770,0,0,0,0,0,0,0,0,0
201903,47,015,3,6,Cannon County                 ,1,1,236407,0,0,0,0,0,0,0,0,0,0,0,0,0,0,0,0,0,0,0,0,0
201903,47,021,3,6,Cheatham County               ,52,52,11987955,0,0,0,0,0,0,0,0,0,52,52,11987955,0,0,0,0,0,0,0,0,0
201903,47,037,3,6,Davidson County               ,804,804,214016363,0,0,0,5,15,1715440,19,1288,107106102,804,804,214016363,0,0,0,5,15,1715440,19,1288,107106102
201903,47,043,3,6,Dickson County                ,73,73,14939852,0,0,0,0,0,0,0,0,0,28,28,6173674,0,0,0,0,0,0,0,0,0
201903,47,049,3,6,Fentress County               ,0,0,0,0,0,0,0,0,0,0,0,0,0,0,0,0,0,0,0,0,0,0,0,0
201903,47,081,3,6,Hickman County                ,19,19,3454820,0,0,0,0,0,0,0,0,0,9,9,1678458,0,0,0,0,0,0,0,0,0
201903,47,093,3,6,Knox County                   ,444,444,89877207,2,4,900000,0,0,0,5,270,38367674,206,206,39202359,2,4,900000,0,0,0,1,166,30000000
201903,47,105,3,6,Loudon County                 ,98,98,25166414,0,0,0,0,0,0,0,0,0,88,88,23484780,0,0,0,0,0,0,0,0,0
201903,47,125,3,6,Montgomery County             ,486,486,69072837,3,6,600000,6,23,1250000,10,65,3575000,486,486,69072837,3,6,600000,6,23,1250000,10,65,3575000
201903,47,139,3,6,Polk County                   ,46,46,8285707,0,0,0,0,0,0,0,0,0,0,0,0,0,0,0,0,0,0,0,0,0
201903,47,149,3,6,Rutherford County             ,559,559,139129274,3,6,994700,1,3,434542,12,443,49660706,405,405,107391076,3,6,994700,0,0,0,8,340,39802492
201903,47,153,3,6,Sequatchie County             ,1,1,120000,0,0,0,0,0,0,0,0,0,1,1,120000,0,0,0,0,0,0,0,0,0
201903,47,157,3,6,Shelby County                 ,183,183,54785537,0,0,0,4,16,4200000,1,18,1450000,183,183,54785537,0,0,0,4,16,4200000,1,18,1450000
201903,47,159,3,6,Smith County                  ,9,9,2357502,0,0,0,0,0,0,0,0,0,8,8,2159526,0,0,0,0,0,0,0,0,0
201903,47,161,3,6,Stewart County                ,0,0,0,0,0,0,0,0,0,0,0,0,0,0,0,0,0,0,0,0,0,0,0,0
201903,47,165,3,6,Sumner County                 ,267,267,61835925,0,0,0,0,0,0,0,0,0,259,259,59945664,0,0,0,0,0,0,0,0,0
201903,47,167,3,6,Tipton County                 ,33,33,5782851,0,0,0,0,0,0,0,0,0,12,12,2878538,0,0,0,0,0,0,0,0,0
201903,47,169,3,6,Trousdale County              ,22,22,2703116,0,0,0,0,0,0,0,0,0,15,15,1715000,0,0,0,0,0,0,0,0,0
201903,47,173,3,6,Union County                  ,20,20,2675376,0,0,0,0,0,0,0,0,0,6,6,620000,0,0,0,0,0,0,0,0,0
201903,47,175,3,6,Van Buren County              ,0,0,0,0,0,0,0,0,0,0,0,0,0,0,0,0,0,0,0,0,0,0,0,0
201903,47,189,3,6,Wilson County                 ,313,313,84118911,0,0,0,0,0,0,0,0,0,313,313,84118911,0,0,0,0,0,0,0,0,0
201903,48,013,3,7,Atascosa County               ,7,7,1339663,0,0,0,0,0,0,0,0,0,2,2,407820,0,0,0,0,0,0,0,0,0
201903,48,015,3,7,Austin County                 ,9,9,1732438,0,0,0,0,0,0,0,0,0,1,1,233051,0,0,0,0,0,0,0,0,0
201903,48,019,3,7,Bandera County                ,1,1,210000,0,0,0,0,0,0,0,0,0,0,0,0,0,0,0,0,0,0,0,0,0
201903,48,021,3,7,Bastrop County                ,40,40,7863759,0,0,0,0,0,0,0,0,0,40,40,7863759,0,0,0,0,0,0,0,0,0
201903,48,025,3,7,Bee County                    ,1,1,99168,0,0,0,0,0,0,0,0,0,0,0,0,0,0,0,0,0,0,0,0,0
201903,48,027,3,7,Bell County                   ,477,477,87879295,23,46,3906827,0,0,0,0,0,0,414,414,76037083,21,42,3520000,0,0,0,0,0,0
201903,48,029,3,7,Bexar County                  ,991,991,229728085,0,0,0,13,51,5115608,52,956,106648406,851,851,209368777,0,0,0,12,48,5115608,48,936,102386422
201903,48,051,3,7,Burleson County               ,0,0,0,0,0,0,0,0,0,0,0,0,0,0,0,0,0,0,0,0,0,0,0,0
201903,48,055,3,7,Caldwell County               ,66,66,12799713,1,2,180000,0,0,0,0,0,0,5,5,527000,0,0,0,0,0,0,0,0,0
201903,48,085,3,7,Collin County                 ,2056,2056,642796505,0,0,0,2,8,427336,15,266,15566015,1803,1803,559842917,0,0,0,2,8,427336,15,266,15566015
201903,48,091,3,7,Comal County                  ,671,671,158843657,14,28,3401765,0,0,0,0,0,0,668,668,157919814,14,28,3401765,0,0,0,0,0,0
201903,48,099,3,7,Coryell County                ,49,49,5961711,0,0,0,0,0,0,0,0,0,49,49,5961711,0,0,0,0,0,0,0,0,0
201903,48,107,3,7,Crosby County                 ,1,1,10000,0,0,0,0,0,0,0,0,0,1,1,10000,0,0,0,0,0,0,0,0,0
201903,48,113,3,7,Dallas County                 ,1272,1272,372842597,17,34,5589511,16,59,11485555,51,2480,256797080,1238,1238,361569895,17,34,5589511,16,59,11485555,45,2021,212190203
201903,48,119,3,7,Delta County                  ,2,2,178800,0,0,0,0,0,0,0,0,0,2,2,178800,0,0,0,0,0,0,0,0,0
201903,48,135,3,7,Ector County                  ,159,159,33037397,1,2,200000,0,0,0,15,326,44369325,113,113,24366680,1,2,200000,0,0,0,15,326,44369325
201903,48,139,3,7,Ellis County                  ,446,446,106714152,5,10,1214916,1,3,390032,3,28,4766297,279,279,66968721,5,10,1214916,1,3,390032,0,0,0
201903,48,141,3,7,El Paso County                ,650,650,130694548,8,16,1421599,24,93,10223541,9,177,20475023,84,84,9708020,2,4,259516,12,48,5254000,0,0,0
201903,48,157,3,7,Fort Bend County              ,2011,2011,150212044,3,6,688620,0,0,0,3,15,1173876,141,141,43246834,0,0,0,0,0,0,0,0,0
201903,48,167,3,7,Galveston County              ,531,531,131710435,0,0,0,1,3,366181,0,0,0,421,421,112618356,0,0,0,0,0,0,0,0,0
201903,48,185,3,7,Grimes County                 ,37,37,3788969,0,0,0,0,0,0,0,0,0,37,37,3788969,0,0,0,0,0,0,0,0,0
201903,48,187,3,7,Guadalupe County              ,209,209,48651858,3,6,667887,0,0,0,1,156,21897074,209,209,48651858,3,6,667887,0,0,0,1,156,21897074
201903,48,193,3,7,Hamilton County               ,1,1,80000,0,0,0,0,0,0,0,0,0,0,0,0,0,0,0,0,0,0,0,0,0
201903,48,195,3,7,Hansford County               ,0,0,0,0,0,0,0,0,0,0,0,0,0,0,0,0,0,0,0,0,0,0,0,0
201903,48,201,3,7,Harris County                 ,4508,4508,909133501,24,48,6755287,0,0,0,125,5450,500039944,4491,4491,903636019,24,48,6755287,0,0,0,125,5450,500039944
201903,48,211,3,7,Hemphill County               ,0,0,0,0,0,0,0,0,0,0,0,0,0,0,0,0,0,0,0,0,0,0,0,0
201903,48,215,3,7,Hidalgo County                ,687,687,98736699,8,16,893502,28,110,6593151,6,57,3754126,583,583,86162061,5,10,543600,27,107,6441572,0,0,0
201903,48,233,3,7,Hutchinson County             ,0,0,0,0,0,0,0,0,0,0,0,0,0,0,0,0,0,0,0,0,0,0,0,0
201903,48,251,3,7,Johnson County                ,149,149,32087178,4,8,840000,1,3,366182,0,0,0,145,145,31162194,4,8,840000,0,0,0,0,0,0
201903,48,257,3,7,Kaufman County                ,124,124,27383787,0,0,0,0,0,0,0,0,0,105,105,23827703,0,0,0,0,0,0,0,0,0
201903,48,259,3,7,Kendall County                ,77,77,19438381,0,0,0,0,0,0,0,0,0,46,46,11158703,0,0,0,0,0,0,0,0,0
201903,48,271,3,7,Kinney County                 ,0,0,0,0,0,0,0,0,0,0,0,0,0,0,0,0,0,0,0,0,0,0,0,0
201903,48,281,3,7,Lampasas County               ,8,8,1273182,0,0,0,0,0,0,0,0,0,5,5,825000,0,0,0,0,0,0,0,0,0
201903,48,291,3,7,Liberty County                ,185,185,20013307,0,0,0,0,0,0,0,0,0,170,170,17896052,0,0,0,0,0,0,0,0,0
201903,48,303,3,7,Lubbock County                ,433,433,86996390,1,2,244000,0,0,0,42,341,19322837,431,431,86650390,1,2,244000,0,0,0,42,341,19322837
201903,48,323,3,7,Maverick County               ,21,21,5618528,0,0,0,0,0,0,0,0,0,21,21,5618528,0,0,0,0,0,0,0,0,0
201903,48,325,3,7,Medina County                 ,3,3,602000,0,0,0,0,0,0,0,0,0,3,3,602000,0,0,0,0,0,0,0,0,0
201903,48,329,3,7,Midland County                ,283,283,50842676,0,0,0,0,0,0,0,0,0,283,283,50842676,0,0,0,0,0,0,0,0,0
201903,48,339,3,7,Montgomery County             ,1265,1265,279941127,2,4,230000,0,0,0,1,58,11456705,1236,1236,275008787,2,4,230000,0,0,0,1,58,11456705
201903,48,367,3,7,Parker County                 ,126,126,28567752,0,0,0,0,0,0,0,0,0,54,54,13376740,0,0,0,0,0,0,0,0,0
201903,48,375,3,7,Potter County                 ,112,112,27023397,9,18,2519940,0,0,0,0,0,0,112,112,27023397,9,18,2519940,0,0,0,0,0,0
201903,48,383,3,7,Reagan County                 ,0,0,0,0,0,0,0,0,0,0,0,0,0,0,0,0,0,0,0,0,0,0,0,0
201903,48,385,3,7,Real County                   ,0,0,0,0,0,0,0,0,0,0,0,0,0,0,0,0,0,0,0,0,0,0,0,0
201903,48,395,3,7,Robertson County              ,9,9,1756611,0,0,0,0,0,0,0,0,0,9,9,1756611,0,0,0,0,0,0,0,0,0
201903,48,397,3,7,Rockwall County               ,321,321,114382334,0,0,0,0,0,0,0,0,0,261,261,96642794,0,0,0,0,0,0,0,0,0
201903,48,407,3,7,San Jacinto County            ,80,80,17458460,0,0,0,0,0,0,0,0,0,0,0,0,0,0,0,0,0,0,0,0,0
201903,48,411,3,7,San Saba County               ,1,1,80000,0,0,0,0,0,0,0,0,0,1,1,80000,0,0,0,0,0,0,0,0,0
201903,48,451,3,7,Tom Green County              ,65,65,15143349,0,0,0,0,0,0,0,0,0,65,65,15143349,0,0,0,0,0,0,0,0,0
201903,48,453,3,7,Travis County                 ,2228,2228,528229316,0,0,0,5,20,1661880,53,2246,167487850,2121,2121,494115632,0,0,0,5,20,1661880,53,2246,167487850
201903,48,473,3,7,Waller County                 ,8,8,709160,0,0,0,0,0,0,3,15,332709,8,8,709160,0,0,0,0,0,0,0,0,0
201903,48,491,3,7,Williamson County             ,1021,1021,282437867,0,0,0,0,0,0,2,16,2520000,951,951,265960436,0,0,0,0,0,0,2,16,2520000
201903,48,493,3,7,Wilson County                 ,14,14,2848934,0,0,0,0,0,0,0,0,0,1,1,236407,0,0,0,0,0,0,0,0,0
201903,48,497,3,7,Wise County                   ,19,19,3992407,0,0,0,1,3,275000,27,150,13700000,18,18,3647931,0,0,0,1,3,275000,27,150,13700000
201903,49,011,4,8,Davis County                  ,349,349,81595016,1,2,283459,5,18,2488674,7,74,13624023,347,347,80714320,1,2,283459,5,18,2488674,7,74,13624023
201903,49,023,4,8,Juab County                   ,16,16,5091554,0,0,0,2,8,600830,0,0,0,16,16,5091554,0,0,0,2,8,600830,0,0,0
201903,49,029,4,8,Morgan County                 ,10,10,4147266,0,0,0,0,0,0,0,0,0,8,8,3537394,0,0,0,0,0,0,0,0,0
201903,49,035,4,8,Salt Lake County              ,802,802,207824123,18,36,4349284,7,25,4124329,21,558,72685714,620,620,161389873,16,32,3886478,4,14,2269870,17,491,63593947
201903,49,039,4,8,Sanpete County                ,7,7,960559,0,0,0,0,0,0,0,0,0,3,3,338598,0,0,0,0,0,0,0,0,0
201903,49,043,4,8,Summit County                 ,53,53,19286794,1,2,592171,1,3,841530,3,17,2904566,33,33,9140676,0,0,0,0,0,0,0,0,0
201903,49,057,4,8,Weber County                  ,141,141,36666277,0,0,0,7,25,3246678,17,163,16780226,122,122,32409131,0,0,0,6,21,2624968,17,163,16780226
201903,51,003,3,5,Albemarle County              ,152,152,47144690,0,0,0,0,0,0,3,51,5733844,0,0,0,0,0,0,0,0,0,0,0,0
201903,51,007,3,5,Amelia County                 ,11,11,2181960,0,0,0,0,0,0,0,0,0,11,11,2181960,0,0,0,0,0,0,0,0,0
201903,51,009,3,5,Amherst County                ,16,16,2651796,0,0,0,0,0,0,0,0,0,9,9,1345041,0,0,0,0,0,0,0,0,0
201903,51,013,3,5,Arlington County              ,47,47,22278916,0,0,0,0,0,0,0,0,0,47,47,22278916,0,0,0,0,0,0,0,0,0
201903,51,015,3,5,Augusta County                ,38,38,7840768,0,0,0,0,0,0,0,0,0,21,21,4733615,0,0,0,0,0,0,0,0,0
201903,51,019,3,5,Bedford County                ,43,43,11150324,0,0,0,2,6,1260000,0,0,0,0,0,0,0,0,0,0,0,0,0,0,0
201903,51,033,3,5,Caroline County               ,19,19,3496701,0,0,0,0,0,0,0,0,0,6,6,945000,0,0,0,0,0,0,0,0,0
201903,51,036,3,5,Charles City County           ,6,6,974676,0,0,0,0,0,0,0,0,0,0,0,0,0,0,0,0,0,0,0,0,0
201903,51,037,3,5,Charlotte County              ,3,3,648126,0,0,0,0,0,0,0,0,0,0,0,0,0,0,0,0,0,0,0,0,0
201903,51,041,3,5,Chesterfield County           ,366,366,71435514,0,0,0,11,43,5232970,17,244,10226081,366,366,71435514,0,0,0,11,43,5232970,17,244,10226081
201903,51,043,3,5,Clarke County                 ,9,9,2687344,0,0,0,0,0,0,0,0,0,9,9,2687344,0,0,0,0,0,0,0,0,0
201903,51,049,3,5,Cumberland County             ,6,6,1094622,0,0,0,0,0,0,0,0,0,0,0,0,0,0,0,0,0,0,0,0,0
201903,51,051,3,5,Dickenson County              ,0,0,0,0,0,0,0,0,0,0,0,0,0,0,0,0,0,0,0,0,0,0,0,0
201903,51,053,3,5,Dinwiddie County              ,19,19,2733711,0,0,0,0,0,0,0,0,0,0,0,0,0,0,0,0,0,0,0,0,0
201903,51,059,3,5,Fairfax County                ,235,235,55682809,10,20,365000,0,0,0,3,72,10800000,235,235,55682809,10,20,365000,0,0,0,3,72,10800000
201903,51,061,3,5,Fauquier County               ,41,41,18198807,0,0,0,0,0,0,0,0,0,41,41,18198807,0,0,0,0,0,0,0,0,0
201903,51,069,3,5,Frederick County              ,116,116,26329838,0,0,0,10,35,4010000,2,96,1600000,116,116,26329838,0,0,0,10,35,4010000,2,96,1600000
201903,51,073,3,5,Gloucester County             ,22,22,4052000,0,0,0,0,0,0,0,0,0,22,22,4052000,0,0,0,0,0,0,0,0,0
201903,51,075,3,5,Goochland County              ,56,56,16093403,0,0,0,0,0,0,0,0,0,40,40,11556079,0,0,0,0,0,0,0,0,0
201903,51,085,3,5,Hanover County                ,104,104,25899883,1,2,458800,0,0,0,10,416,30653637,104,104,25899883,1,2,458800,0,0,0,10,416,30653637
201903,51,087,3,5,Henrico County                ,249,249,39398634,9,18,825000,0,0,0,1,165,18932997,249,249,39398634,9,18,825000,0,0,0,1,165,18932997
201903,51,093,3,5,Isle of Wight County          ,46,46,8939219,0,0,0,0,0,0,0,0,0,0,0,0,0,0,0,0,0,0,0,0,0
201903,51,095,3,5,James City County             ,58,58,12739554,0,0,0,0,0,0,0,0,0,58,58,12739554,0,0,0,0,0,0,0,0,0
201903,51,097,3,5,King and Queen County         ,8,8,1420000,0,0,0,0,0,0,0,0,0,8,8,1420000,0,0,0,0,0,0,0,0,0
201903,51,099,3,5,King George County            ,26,26,5074654,0,0,0,0,0,0,0,0,0,26,26,5074654,0,0,0,0,0,0,0,0,0
201903,51,107,3,5,Loudoun County                ,637,637,150591201,3,6,600000,0,0,0,6,92,6121135,637,637,150591201,3,6,600000,0,0,0,6,92,6121135
201903,51,109,3,5,Louisa County                 ,59,59,12171082,0,0,0,0,0,0,0,0,0,0,0,0,0,0,0,0,0,0,0,0,0
201903,51,115,3,5,Mathews County                ,1,1,206000,0,0,0,0,0,0,0,0,0,1,1,206000,0,0,0,0,0,0,0,0,0
201903,51,127,3,5,New Kent County               ,25,25,4879475,0,0,0,0,0,0,0,0,0,25,25,4879475,0,0,0,0,0,0,0,0,0
201903,51,139,3,5,Page County                   ,5,5,883000,0,0,0,0,0,0,0,0,0,5,5,883000,0,0,0,0,0,0,0,0,0
201903,51,145,3,5,Powhatan County               ,58,58,13424978,0,0,0,0,0,0,0,0,0,58,58,13424978,0,0,0,0,0,0,0,0,0
201903,51,149,3,5,Prince George County          ,17,17,2370500,0,0,0,0,0,0,0,0,0,17,17,2370500,0,0,0,0,0,0,0,0,0
201903,51,153,3,5,Prince William County         ,288,288,51694919,0,0,0,0,0,0,1,81,8900000,288,288,51694919,0,0,0,0,0,0,1,81,8900000
201903,51,165,3,5,Rockingham County             ,66,66,21440370,0,0,0,0,0,0,0,0,0,66,66,21440370,0,0,0,0,0,0,0,0,0
201903,51,175,3,5,Southampton County            ,9,9,1494238,0,0,0,0,0,0,0,0,0,9,9,1494238,0,0,0,0,0,0,0,0,0
201903,51,177,3,5,Spotsylvania County           ,166,166,47662151,0,0,0,0,0,0,1,24,2016800,101,101,29988218,0,0,0,0,0,0,0,0,0
201903,51,179,3,5,Stafford County               ,186,186,49398088,0,0,0,0,0,0,0,0,0,186,186,49398088,0,0,0,0,0,0,0,0,0
201903,51,181,3,5,Surry County                  ,5,5,709212,0,0,0,0,0,0,0,0,0,1,1,32000,0,0,0,0,0,0,0,0,0
201903,51,183,3,5,Sussex County                 ,12,12,1268554,0,0,0,0,0,0,0,0,0,12,12,1268554,0,0,0,0,0,0,0,0,0
201903,51,187,3,5,Warren County                 ,33,33,6662000,0,0,0,0,0,0,0,0,0,33,33,6662000,0,0,0,0,0,0,0,0,0
201903,51,199,3,5,York County                   ,55,55,11771275,0,0,0,0,0,0,0,0,0,55,55,11771275,0,0,0,0,0,0,0,0,0
201903,51,510,3,5,Alexandria (Independent City) ,12,12,3100000,0,0,0,0,0,0,0,0,0,12,12,3100000,0,0,0,0,0,0,0,0,0
201903,51,540,3,5,Charlottesville (Independent C,20,20,4746980,2,4,775000,0,0,0,1,9,3245077,11,11,2062891,2,4,775000,0,0,0,0,0,0
201903,51,550,3,5,Chesapeake(Independent City)  ,87,87,20567401,0,0,0,0,0,0,0,0,0,87,87,20567401,0,0,0,0,0,0,0,0,0
201903,51,570,3,5,Colonial Heights (Independent ,1,1,100000,0,0,0,0,0,0,0,0,0,1,1,100000,0,0,0,0,0,0,0,0,0
201903,51,580,3,5,Covington (Independent City)  ,1,1,171034,0,0,0,0,0,0,0,0,0,1,1,171034,0,0,0,0,0,0,0,0,0
201903,51,600,3,5,Fairfax (Independent City)    ,5,5,900735,0,0,0,0,0,0,2,10,1200000,0,0,0,0,0,0,0,0,0,0,0,0
201903,51,610,3,5,Falls Church (Independent City,4,4,1812000,0,0,0,0,0,0,0,0,0,4,4,1812000,0,0,0,0,0,0,0,0,0
201903,51,630,3,5,Fredericksburg(Independent Cit,7,7,1530000,0,0,0,0,0,0,0,0,0,7,7,1530000,0,0,0,0,0,0,0,0,0
201903,51,650,3,5,Hampton (Independent City)    ,44,44,2748885,0,0,0,0,0,0,0,0,0,0,0,0,0,0,0,0,0,0,0,0,0
201903,51,660,3,5,Harrisonburg (Independent City,15,15,2466990,0,0,0,0,0,0,0,0,0,10,10,1543000,0,0,0,0,0,0,0,0,0
201903,51,670,3,5,Hopewell (Independent City)   ,6,6,485919,0,0,0,0,0,0,0,0,0,2,2,120000,0,0,0,0,0,0,0,0,0
201903,51,680,3,5,Lynchburg (Independent City)  ,9,9,2677269,0,0,0,0,0,0,5,196,14348871,9,9,2677269,0,0,0,0,0,0,5,196,14348871
201903,51,683,3,5,Manassas (Independent City)   ,12,12,2803119,0,0,0,0,0,0,1,18,1114222,9,9,2127662,0,0,0,0,0,0,0,0,0
201903,51,685,3,5,Manassas Park (Independent Cit,0,0,0,0,0,0,0,0,0,0,0,0,0,0,0,0,0,0,0,0,0,0,0,0
201903,51,700,3,5,Newport News (Independent City,15,15,2012118,0,0,0,0,0,0,0,0,0,15,15,2012118,0,0,0,0,0,0,0,0,0
201903,51,710,3,5,Norfolk (Independent City)    ,83,83,19621773,1,2,400000,2,8,1080000,2,72,10000000,83,83,19621773,1,2,400000,2,8,1080000,2,72,10000000
201903,51,730,3,5,Petersburg (Independent City) ,0,0,0,0,0,0,0,0,0,0,0,0,0,0,0,0,0,0,0,0,0,0,0,0
201903,51,735,3,5,Poquoson (Independent City)   ,8,8,1433000,0,0,0,0,0,0,0,0,0,8,8,1433000,0,0,0,0,0,0,0,0,0
201903,51,740,3,5,Portsmouth (Independent City) ,25,25,2640000,0,0,0,0,0,0,0,0,0,25,25,2640000,0,0,0,0,0,0,0,0,0
201903,51,760,3,5,Richmond (Independent City)   ,57,57,11125203,0,0,0,0,0,0,3,431,28793395,57,57,11125203,0,0,0,0,0,0,3,431,28793395
201903,51,800,3,5,Suffolk (Independent City)    ,91,91,21513028,0,0,0,0,0,0,0,0,0,91,91,21513028,0,0,0,0,0,0,0,0,0
201903,51,810,3,5,Virginia Beach (Independent Ci,182,182,30322800,0,0,0,0,0,0,3,165,11723200,182,182,30322800,0,0,0,0,0,0,3,165,11723200
201903,51,830,3,5,Williamsburg (Independent City,6,6,953476,0,0,0,0,0,0,0,0,0,6,6,953476,0,0,0,0,0,0,0,0,0
201903,53,005,4,9,Benton County                 ,199,199,56041808,4,8,1979653,0,0,0,14,286,33395900,142,142,38542523,2,4,1169453,0,0,0,12,276,32410740
201903,53,011,4,9,Clark County                  ,596,596,169740702,0,0,0,3,10,1165773,20,357,35561725,459,459,125124035,0,0,0,3,10,1165773,19,340,33843691
201903,53,021,4,9,Franklin County               ,122,122,32881950,6,12,1041839,0,0,0,1,5,599552,18,18,6356711,0,0,0,0,0,0,0,0,0
201903,53,031,4,9,Jefferson County              ,33,33,8552593,0,0,0,0,0,0,0,0,0,24,24,6406021,0,0,0,0,0,0,0,0,0
201903,53,033,4,9,King County                   ,851,851,332676189,50,100,24336491,42,147,26394990,51,2184,339844501,635,635,238482718,50,100,24336491,41,144,25894478,49,2174,338844371
201903,53,035,4,9,Kitsap County                 ,198,198,62221165,0,0,0,0,0,0,0,0,0,190,190,60232346,0,0,0,0,0,0,0,0,0
201903,53,053,4,9,Pierce County                 ,499,499,152379135,12,24,4246874,18,71,13229578,5,503,75275777,497,497,151666164,12,24,4246874,18,71,13229578,5,503,75275777
201903,53,055,4,9,San Juan County               ,22,22,4571663,0,0,0,0,0,0,0,0,0,14,14,2775770,0,0,0,0,0,0,0,0,0
201903,53,059,4,9,Skamania County               ,13,13,2598507,1,2,300000,0,0,0,0,0,0,13,13,2598507,1,2,300000,0,0,0,0,0,0
201903,53,061,4,9,Snohomish County              ,468,468,139549212,7,14,3512187,16,59,13718049,21,207,27948460,380,380,113572289,6,12,3160388,16,59,13718049,19,197,26858937
201903,54,011,3,5,Cabell County                 ,14,14,2257906,0,0,0,1,3,420000,0,0,0,1,1,129000,0,0,0,0,0,0,0,0,0
201903,54,015,3,5,Clay County                   ,2,2,50000,0,0,0,0,0,0,0,0,0,2,2,50000,0,0,0,0,0,0,0,0,0
201903,54,019,3,5,Fayette County                ,5,5,1043000,0,0,0,0,0,0,0,0,0,5,5,1043000,0,0,0,0,0,0,0,0,0
201903,54,037,3,5,Jefferson County              ,40,40,10351287,0,0,0,0,0,0,0,0,0,32,32,8264578,0,0,0,0,0,0,0,0,0
201903,54,081,3,5,Raleigh County                ,7,7,1366935,0,0,0,0,0,0,0,0,0,7,7,1366935,0,0,0,0,0,0,0,0,0
201903,55,025,2,3,Dane County                   ,256,256,89228682,9,18,3895748,3,10,1494000,11,368,46564219,213,213,77164785,9,18,3895748,1,4,600000,4,215,31003264
201903,55,031,2,3,Douglas County                ,5,5,843000,0,0,0,0,0,0,0,0,0,5,5,843000,0,0,0,0,0,0,0,0,0
201903,55,037,2,3,Florence County               ,3,3,464000,0,0,0,0,0,0,0,0,0,3,3,464000,0,0,0,0,0,0,0,0,0
201903,55,049,2,3,Iowa County                   ,7,7,2582000,0,0,0,0,0,0,0,0,0,5,5,2022000,0,0,0,0,0,0,0,0,0
201903,55,059,2,3,Kenosha County                ,38,38,11723632,0,0,0,0,0,0,0,0,0,36,36,11241720,0,0,0,0,0,0,0,0,0
201903,55,079,2,3,Milwaukee County              ,39,39,14144354,1,2,278179,0,0,0,2,108,12353735,39,39,14144354,1,2,278179,0,0,0,1,86,9846226
201903,55,089,2,3,Ozaukee County                ,61,61,13019502,2,4,713800,0,0,0,3,18,2535484,42,42,5122996,2,4,713800,0,0,0,0,0,0
201903,55,093,2,3,Pierce County                 ,19,19,3935749,1,2,375000,0,0,0,0,0,0,19,19,3935749,1,2,375000,0,0,0,0,0,0
201903,55,109,2,3,St. Croix County              ,92,92,18697996,3,6,763400,1,4,834246,0,0,0,85,85,16832480,2,4,525000,1,4,834246,0,0,0
201903,55,131,2,3,Washington County             ,44,44,13005163,5,10,1545000,0,0,0,1,82,12500000,32,32,9036942,5,10,1545000,0,0,0,1,82,12500000
201903,56,029,4,8,Park County                   ,12,12,3166426,0,0,0,0,0,0,0,0,0,12,12,3166426,0,0,0,0,0,0,0,0,0
201903,56,039,4,8,Teton County                  ,25,25,34860650,1,2,623319,0,0,0,1,5,1040398,20,20,32273000,0,0,0,0,0,0,0,0,0
