Survey,FIPS,FIPS,Region,Division,County,,1-unit,,,2-units,,,3-4 units,,,5+ units,,,1-unit rep,,,2-units rep,,,3-4 units rep,,, 5+units rep
Date,State,County,Code,Code,Name,Bldgs,Units,Value,Bldgs,Units,Value,Bldgs,Units,Value,Bldgs,Units,Value,Bldgs,Units,Value,Bldgs,Units,Value,Bldgs,Units,Value,Bldgs,Units,Value
 
201904,01,001,3,6,Autauga County                ,100,100,29556163,0,0,0,0,0,0,0,0,0,100,100,29556163,0,0,0,0,0,0,0,0,0
201904,01,007,3,6,Bibb County                   ,6,6,1582258,0,0,0,0,0,0,0,0,0,4,4,1072000,0,0,0,0,0,0,0,0,0
201904,01,009,3,6,Blount County                 ,9,9,1599189,0,0,0,0,0,0,0,0,0,9,9,1599189,0,0,0,0,0,0,0,0,0
201904,01,021,3,6,Chilton County                ,13,13,2127232,0,0,0,0,0,0,0,0,0,13,13,2127232,0,0,0,0,0,0,0,0,0
201904,01,073,3,6,Jefferson County              ,486,486,136820689,0,0,0,0,0,0,0,0,0,333,333,99247865,0,0,0,0,0,0,0,0,0
201904,01,081,3,6,Lee County                    ,418,418,113913315,15,30,3446774,9,27,3418857,4,79,18652270,295,295,79213793,13,26,3025436,9,27,3418857,2,13,1395578
201904,01,083,3,6,Limestone County              ,88,88,17609459,0,0,0,0,0,0,0,0,0,88,88,17609459,0,0,0,0,0,0,0,0,0
201904,01,089,3,6,Madison County                ,1051,1051,147728688,0,0,0,0,0,0,0,0,0,1051,1051,147728688,0,0,0,0,0,0,0,0,0
201904,01,113,3,6,Russell County                ,52,52,7277715,1,2,143676,0,0,0,0,0,0,44,44,6307796,1,2,143676,0,0,0,0,0,0
201904,01,115,3,6,St. Clair County              ,63,63,11810655,0,0,0,0,0,0,0,0,0,56,56,10332132,0,0,0,0,0,0,0,0,0
201904,01,117,3,6,Shelby County                 ,366,366,83639046,0,0,0,0,0,0,0,0,0,153,153,31957073,0,0,0,0,0,0,0,0,0
201904,01,127,3,6,Walker County                 ,7,7,1537077,0,0,0,0,0,0,0,0,0,6,6,1329299,0,0,0,0,0,0,0,0,0
201904,02,013,4,9,Aleutians East Borough        ,0,0,0,0,0,0,0,0,0,0,0,0,0,0,0,0,0,0,0,0,0,0,0,0
201904,02,016,4,9,Aleutians West Census Area    ,1,1,98118,0,0,0,0,0,0,0,0,0,0,0,0,0,0,0,0,0,0,0,0,0
201904,02,020,4,9,Anchorage Municipality        ,254,254,79565413,0,0,0,5,17,2953381,5,49,7746681,0,0,0,0,0,0,0,0,0,0,0,0
201904,02,050,4,9,Bethel Census Area            ,0,0,0,0,0,0,0,0,0,0,0,0,0,0,0,0,0,0,0,0,0,0,0,0
201904,02,060,4,9,Bristol Bay Borough           ,0,0,0,0,0,0,0,0,0,0,0,0,0,0,0,0,0,0,0,0,0,0,0,0
201904,02,070,4,9,Dillingham Census Area        ,0,0,0,1,2,301442,0,0,0,0,0,0,0,0,0,0,0,0,0,0,0,0,0,0
201904,02,090,4,9,Fairbanks North Star Borough  ,1,1,384146,0,0,0,0,0,0,0,0,0,1,1,384146,0,0,0,0,0,0,0,0,0
201904,02,100,4,9,Haines Borough                ,3,3,835275,0,0,0,0,0,0,0,0,0,0,0,0,0,0,0,0,0,0,0,0,0
201904,02,105,4,9,Hoonah-Angoon Census Area     ,2,2,383382,0,0,0,0,0,0,0,0,0,2,2,383382,0,0,0,0,0,0,0,0,0
201904,02,110,4,9,Juneau City and Borough       ,22,22,3760718,1,2,288784,0,0,0,1,5,977483,22,22,3760718,1,2,288784,0,0,0,1,5,977483
201904,02,122,4,9,Kenai Peninsula Borough       ,19,19,4864130,2,4,399200,1,4,800000,0,0,0,9,9,2795000,1,2,289200,1,4,800000,0,0,0
201904,02,130,4,9,Ketchikan Gateway Borough     ,13,13,3707316,1,2,344763,1,3,359024,0,0,0,13,13,3707316,1,2,344763,1,3,359024,0,0,0
201904,02,150,4,9,Kodiak Island Borough         ,3,3,1524937,0,0,0,0,0,0,0,0,0,3,3,1524937,0,0,0,0,0,0,0,0,0
201904,02,158,4,9,Kusilvak Census Area          ,0,0,0,0,0,0,0,0,0,0,0,0,0,0,0,0,0,0,0,0,0,0,0,0
201904,02,170,4,9,Matanuska-Susitna Borough     ,7,7,1721553,2,4,689526,0,0,0,0,0,0,7,7,1721553,2,4,689526,0,0,0,0,0,0
201904,02,180,4,9,Nome Census Area              ,0,0,0,0,0,0,0,0,0,0,0,0,0,0,0,0,0,0,0,0,0,0,0,0
201904,02,185,4,9,North Slope Borough           ,0,0,0,0,0,0,0,0,0,0,0,0,0,0,0,0,0,0,0,0,0,0,0,0
201904,02,188,4,9,Northwest Arctic Borough      ,1,1,460000,0,0,0,0,0,0,0,0,0,0,0,0,0,0,0,0,0,0,0,0,0
201904,02,195,4,9,Petersburg Borough            ,2,2,170500,0,0,0,0,0,0,0,0,0,2,2,170500,0,0,0,0,0,0,0,0,0
201904,02,198,4,9,Prince of Wales-Hyder Census A,1,1,285178,1,2,344763,0,0,0,0,0,0,1,1,285178,1,2,344763,0,0,0,0,0,0
201904,02,220,4,9,Sitka City and Borough        ,3,3,641742,0,0,0,0,0,0,0,0,0,0,0,0,0,0,0,0,0,0,0,0,0
201904,02,230,4,9,Skagway Municipality          ,1,1,50000,1,2,258333,0,0,0,0,0,0,1,1,50000,0,0,0,0,0,0,0,0,0
201904,02,261,4,9,Valdez-Cordova Census Area    ,5,5,1108000,0,0,0,0,0,0,0,0,0,5,5,1108000,0,0,0,0,0,0,0,0,0
201904,02,275,4,9,Wrangell City and Borough     ,1,1,4500,0,0,0,0,0,0,0,0,0,1,1,4500,0,0,0,0,0,0,0,0,0
201904,02,282,4,9,Yakutat City and Borough      ,0,0,0,0,0,0,0,0,0,0,0,0,0,0,0,0,0,0,0,0,0,0,0,0
201904,02,290,4,9,Yukon-Koyukuk Census Area     ,0,0,0,0,0,0,0,0,0,0,0,0,0,0,0,0,0,0,0,0,0,0,0,0
201904,04,013,4,8,Maricopa County               ,6562,6562,1825503165,61,122,14527276,7,24,11611489,74,2719,361964535,6118,6118,1693496302,56,112,12983218,7,24,11611489,62,2417,315589136
201904,04,019,4,8,Pima County                   ,935,935,266487413,11,22,5407818,0,0,0,30,366,51895368,568,568,166660274,3,6,3497258,0,0,0,0,0,0
201904,04,021,4,8,Pinal County                  ,1417,1417,282579776,20,40,2419957,0,0,0,0,0,0,724,724,138253644,10,20,1246285,0,0,0,0,0,0
201904,05,013,3,7,Calhoun County                ,0,0,0,0,0,0,0,0,0,0,0,0,0,0,0,0,0,0,0,0,0,0,0,0
201904,05,035,3,7,Crittenden County             ,15,15,2920770,0,0,0,0,0,0,0,0,0,10,10,1880400,0,0,0,0,0,0,0,0,0
201904,05,043,3,7,Drew County                   ,0,0,0,0,0,0,0,0,0,0,0,0,0,0,0,0,0,0,0,0,0,0,0,0
201904,05,045,3,7,Faulkner County               ,84,84,18482211,2,4,302482,0,0,0,4,34,898196,15,15,2562000,0,0,0,0,0,0,0,0,0
201904,05,053,3,7,Grant County                  ,8,8,1204444,0,0,0,0,0,0,0,0,0,0,0,0,0,0,0,0,0,0,0,0,0
201904,05,085,3,7,Lonoke County                 ,118,118,10921376,0,0,0,0,0,0,0,0,0,44,44,4595743,0,0,0,0,0,0,0,0,0
201904,05,087,3,7,Madison County                ,4,4,530000,0,0,0,0,0,0,0,0,0,4,4,530000,0,0,0,0,0,0,0,0,0
201904,05,091,3,7,Miller County                 ,9,9,1733986,0,0,0,0,0,0,0,0,0,2,2,135000,0,0,0,0,0,0,0,0,0
201904,05,105,3,7,Perry County                  ,0,0,0,0,0,0,0,0,0,0,0,0,0,0,0,0,0,0,0,0,0,0,0,0
201904,05,119,3,7,Pulaski County                ,268,268,58642365,2,4,389000,0,0,0,0,0,0,268,268,58642365,2,4,389000,0,0,0,0,0,0
201904,05,129,3,7,Searcy County                 ,0,0,0,0,0,0,0,0,0,0,0,0,0,0,0,0,0,0,0,0,0,0,0,0
201904,05,143,3,7,Washington County             ,458,458,125433800,15,30,5504016,4,12,723732,0,0,0,385,385,115331484,10,20,4737076,0,0,0,0,0,0
201904,06,001,4,9,Alameda County                ,715,715,263507128,4,8,2087052,10,37,9048028,49,1495,229395665,630,630,236062981,3,6,1495517,8,31,7334606,37,1401,210467899
201904,06,013,4,9,Contra Costa County           ,488,488,141643897,5,10,3254643,0,0,0,12,417,86508266,470,470,136071062,5,10,3254643,0,0,0,9,401,83282870
201904,06,017,4,9,El Dorado County              ,179,179,62193051,0,0,0,0,0,0,0,0,0,179,179,62193051,0,0,0,0,0,0,0,0,0
201904,06,019,4,9,Fresno County                 ,567,567,171497268,13,26,5520274,68,204,12146992,33,282,30672819,373,373,117868550,0,0,0,66,198,11898348,15,120,14636190
201904,06,037,4,9,Los Angeles County            ,1833,1833,592531236,272,544,103140195,18,57,11535507,162,4136,919216136,1643,1643,490928112,266,532,99828091,6,21,4521570,139,3893,877198037
201904,06,041,4,9,Marin County                  ,29,29,22116161,0,0,0,0,0,0,1,49,10531745,16,16,11366807,0,0,0,0,0,0,1,49,10531745
201904,06,059,4,9,Orange County                 ,1052,1052,325459743,43,86,20245321,12,40,7808218,36,843,119884944,921,921,273083026,33,66,13921547,12,40,7808218,28,713,98414292
201904,06,061,4,9,Placer County                 ,548,548,180112942,0,0,0,0,0,0,2,65,3339909,548,548,180112942,0,0,0,0,0,0,2,65,3339909
201904,06,063,4,9,Plumas County                 ,11,11,1900708,0,0,0,0,0,0,0,0,0,11,11,1900708,0,0,0,0,0,0,0,0,0
201904,06,067,4,9,Sacramento County             ,1190,1190,332039619,20,40,5296901,2,7,850000,7,429,52513135,1185,1185,330844509,20,40,5296901,2,7,850000,7,429,52513135
201904,06,069,4,9,San Benito County             ,193,193,55506754,1,2,250000,0,0,0,0,0,0,101,101,33346785,1,2,250000,0,0,0,0,0,0
201904,06,071,4,9,San Bernardino County         ,978,978,244047948,2,4,98031,22,83,12281875,32,388,45763207,866,866,217056533,2,4,98031,22,83,12281875,27,331,42564120
201904,06,073,4,9,San Diego County              ,984,984,342972884,12,24,4385566,41,147,31468607,42,829,108639109,929,929,325088833,11,22,4124280,41,147,31468607,37,782,104500964
201904,06,075,4,9,San Francisco County          ,4,4,1079170,6,12,2098303,3,11,1980014,13,1324,420560418,4,4,1079170,6,12,2098303,3,11,1980014,13,1324,420560418
201904,06,081,4,9,San Mateo County              ,102,102,94995606,1,2,402000,0,0,0,4,289,55159179,66,66,72493046,0,0,0,0,0,0,3,257,49596344
201904,06,085,4,9,Santa Clara County            ,621,621,233696853,3,6,1941767,4,15,3616331,47,1443,201872849,553,553,212550701,3,6,1941767,2,8,1452159,40,1067,146333374
201904,06,091,4,9,Sierra County                 ,0,0,0,0,0,0,0,0,0,0,0,0,0,0,0,0,0,0,0,0,0,0,0,0
201904,06,113,4,9,Yolo County                   ,213,213,66233214,0,0,0,0,0,0,1,40,8116945,212,212,65752342,0,0,0,0,0,0,1,40,8116945
201904,08,001,4,8,Adams County                  ,639,639,175002845,4,8,930631,0,0,0,4,98,30802165,639,639,175002845,4,8,930631,0,0,0,4,98,30802165
201904,08,005,4,8,Arapahoe County               ,605,605,168967667,2,4,591804,4,12,1570905,4,86,9102658,591,591,166796767,1,2,406062,1,3,534870,4,86,9102658
201904,08,014,4,8,Broomfield County             ,102,102,32187182,0,0,0,0,0,0,0,0,0,102,102,32187182,0,0,0,0,0,0,0,0,0
201904,08,015,4,8,Chaffee County                ,39,39,10332829,1,2,323962,4,12,2198800,0,0,0,0,0,0,0,0,0,0,0,0,0,0,0
201904,08,019,4,8,Clear Creek County            ,7,7,2023396,0,0,0,0,0,0,1,5,727085,0,0,0,0,0,0,0,0,0,0,0,0
201904,08,031,4,8,Denver County                 ,696,696,187775711,0,0,0,0,0,0,25,2367,284568005,696,696,187775711,0,0,0,0,0,0,25,2367,284568005
201904,08,035,4,8,Douglas County                ,826,826,257617157,0,0,0,7,22,3974462,2,48,6499156,806,806,250799688,0,0,0,7,22,3974462,2,48,6499156
201904,08,039,4,8,Elbert County                 ,70,70,21459738,0,0,0,0,0,0,0,0,0,70,70,21459738,0,0,0,0,0,0,0,0,0
201904,08,041,4,8,El Paso County                ,1146,1146,433886675,2,4,497922,9,35,6095941,18,690,90377890,1146,1146,433886675,2,4,497922,9,35,6095941,18,690,90377890
201904,08,047,4,8,Gilpin County                 ,8,8,2158341,0,0,0,0,0,0,0,0,0,8,8,2158341,0,0,0,0,0,0,0,0,0
201904,08,059,4,8,Jefferson County              ,236,236,68233099,7,14,2495877,1,4,765696,1,8,1434769,236,236,68233099,7,14,2495877,1,4,765696,1,8,1434769
201904,08,069,4,8,Larimer County                ,472,472,135750972,0,0,0,3,10,1046738,14,344,47649673,472,472,135750972,0,0,0,3,10,1046738,14,344,47649673
201904,08,077,4,8,Mesa County                   ,231,231,44300901,0,0,0,0,0,0,1,24,3078288,231,231,44300901,0,0,0,0,0,0,1,24,3078288
201904,08,093,4,8,Park County                   ,43,43,10874745,0,0,0,0,0,0,0,0,0,43,43,10874745,0,0,0,0,0,0,0,0,0
201904,08,101,4,8,Pueblo County                 ,149,149,24080275,0,0,0,0,0,0,0,0,0,149,149,24080275,0,0,0,0,0,0,0,0,0
201904,08,119,4,8,Teller County                 ,31,31,10242756,0,0,0,0,0,0,0,0,0,31,31,10242756,0,0,0,0,0,0,0,0,0
201904,09,001,1,1,Fairfield County              ,215,215,156334039,7,14,2744940,2,7,1942200,10,499,108956867,165,165,100488012,6,12,2623740,2,7,1942200,5,460,88536679
201904,09,003,1,1,Hartford County               ,213,213,39762160,1,2,398420,1,4,371400,13,98,7064412,184,184,32542793,0,0,0,1,4,371400,3,43,3560416
201904,09,007,1,1,Middlesex County              ,34,34,9034394,0,0,0,0,0,0,0,0,0,26,26,7594432,0,0,0,0,0,0,0,0,0
201904,09,013,1,1,Tolland County                ,38,38,8490270,0,0,0,0,0,0,9,55,5207838,20,20,4698200,0,0,0,0,0,0,1,8,700000
201904,10,001,3,5,Kent County                   ,407,407,59477013,7,14,1528192,0,0,0,5,25,2099220,400,400,57962119,7,14,1528192,0,0,0,4,20,1611734
201904,10,003,3,5,New Castle County             ,427,427,39812254,1,2,113952,0,0,0,14,76,5268146,407,407,36354685,1,2,113952,0,0,0,12,60,5012146
201904,10,005,3,5,Sussex County                 ,866,866,122037780,18,36,4864486,6,21,2852484,11,63,8426656,866,866,122037780,18,36,4864486,6,21,2852484,11,63,8426656
201904,11,001,3,5,Washington  DC                ,95,95,22458656,16,32,3887732,1,4,520042,24,2137,233760453,95,95,22458656,16,32,3887732,1,4,520042,24,2137,233760453
201904,12,003,3,5,Baker County                  ,34,34,6122868,0,0,0,0,0,0,0,0,0,34,34,6122868,0,0,0,0,0,0,0,0,0
201904,12,019,3,5,Clay County                   ,298,298,62733678,0,0,0,0,0,0,0,0,0,298,298,62733678,0,0,0,0,0,0,0,0,0
201904,12,029,3,5,Dixie County                  ,9,9,1136911,0,0,0,0,0,0,0,0,0,0,0,0,0,0,0,0,0,0,0,0,0
201904,12,031,3,5,Duval County                  ,1295,1295,310279543,8,16,1943866,0,0,0,18,1011,110590462,1295,1295,310279543,8,16,1943866,0,0,0,18,1011,110590462
201904,12,033,3,5,Escambia County               ,364,364,86462601,16,32,7585000,3,11,730000,4,397,43690442,364,364,86462601,16,32,7585000,3,11,730000,4,397,43690442
201904,12,053,3,5,Hernando County               ,327,327,58846571,0,0,0,0,0,0,0,0,0,327,327,58846571,0,0,0,0,0,0,0,0,0
201904,12,057,3,5,Hillsborough County           ,2837,2837,723885256,17,34,4664119,1,3,1275000,53,2062,242273096,2837,2837,723885256,17,34,4664119,1,3,1275000,53,2062,242273096
201904,12,067,3,5,Lafayette County              ,2,2,260000,0,0,0,0,0,0,0,0,0,2,2,260000,0,0,0,0,0,0,0,0,0
201904,12,071,3,5,Lee County                    ,1730,1730,368049046,66,132,15845362,9,36,9165427,12,341,53923056,1717,1717,365380063,65,130,15659635,9,36,9165427,11,336,52856880
201904,12,073,3,5,Leon County                   ,210,210,41981152,2,4,443200,0,0,0,17,420,55486628,0,0,0,0,0,0,0,0,0,0,0,0
201904,12,081,3,5,Manatee County                ,976,976,190101515,1,2,100000,6,24,3295100,9,283,30001616,974,974,189806219,1,2,100000,6,24,3295100,9,283,30001616
201904,12,086,3,5,Miami-Dade County             ,851,851,268906706,26,52,7817369,4,16,2249532,55,3405,889243880,828,828,253824640,26,52,7817369,4,16,2249532,50,3245,858484240
201904,12,089,3,5,Nassau County                 ,714,714,129891914,0,0,0,0,0,0,0,0,0,658,658,114855052,0,0,0,0,0,0,0,0,0
201904,12,091,3,5,Okaloosa County               ,272,272,88377432,0,0,0,1,4,500000,1,5,600000,245,245,83061128,0,0,0,1,4,500000,1,5,600000
201904,12,095,3,5,Orange County                 ,2012,2012,624733174,31,62,11051127,0,0,0,15,1231,174400308,2012,2012,624733174,31,62,11051127,0,0,0,15,1231,174400308
201904,12,097,3,5,Osceola County                ,1571,1571,336093633,1,2,219195,5,20,3712591,26,815,63482447,1571,1571,336093633,1,2,219195,5,20,3712591,26,815,63482447
201904,12,101,3,5,Pasco County                  ,1339,1339,266376357,6,12,1498000,4,16,1020025,17,106,4303472,1335,1335,265997485,4,8,938000,4,16,1020025,15,96,3440972
201904,12,103,3,5,Pinellas County               ,292,292,101749428,1,2,250000,0,0,0,11,843,94120610,287,287,99488696,1,2,250000,0,0,0,9,833,89560610
201904,12,109,3,5,St. Johns County              ,1552,1552,375012266,7,14,2633606,2,8,1636386,8,254,26704736,1552,1552,375012266,7,14,2633606,2,8,1636386,8,254,26704736
201904,12,113,3,5,Santa Rosa County             ,550,550,103679030,0,0,0,0,0,0,0,0,0,550,550,103679030,0,0,0,0,0,0,0,0,0
201904,12,115,3,5,Sarasota County               ,1048,1048,303294906,0,0,0,10,40,8802159,17,221,69135009,895,895,263847741,0,0,0,6,24,5766955,16,216,68198676
201904,12,117,3,5,Seminole County               ,479,479,138116127,1,2,476518,0,0,0,21,725,67633090,473,473,136270642,1,2,476518,0,0,0,18,652,61447730
201904,12,119,3,5,Sumter County                 ,810,810,214491737,0,0,0,0,0,0,7,265,45000000,810,810,214491737,0,0,0,0,0,0,7,265,45000000
201904,12,129,3,5,Wakulla County                ,84,84,15561169,0,0,0,0,0,0,0,0,0,84,84,15561169,0,0,0,0,0,0,0,0,0
201904,12,131,3,5,Walton County                 ,484,484,209073978,2,4,403206,15,58,4878654,23,545,62423817,484,484,209073978,2,4,403206,15,58,4878654,23,545,62423817
201904,12,133,3,5,Washington County             ,26,26,3925922,0,0,0,0,0,0,0,0,0,22,22,3370970,0,0,0,0,0,0,0,0,0
201904,13,007,3,5,Baker County                  ,0,0,0,0,0,0,0,0,0,0,0,0,0,0,0,0,0,0,0,0,0,0,0,0
201904,13,013,3,5,Barrow County                 ,216,216,26526135,0,0,0,0,0,0,4,48,3432457,125,125,16020360,0,0,0,0,0,0,0,0,0
201904,13,015,3,5,Bartow County                 ,194,194,34004877,0,0,0,0,0,0,0,0,0,152,152,30903960,0,0,0,0,0,0,0,0,0
201904,13,021,3,5,Bibb County                   ,26,26,4137331,0,0,0,0,0,0,0,0,0,0,0,0,0,0,0,0,0,0,0,0,0
201904,13,029,3,5,Bryan County                  ,193,193,39719770,0,0,0,0,0,0,0,0,0,193,193,39719770,0,0,0,0,0,0,0,0,0
201904,13,033,3,5,Burke County                  ,16,16,2789000,0,0,0,0,0,0,0,0,0,16,16,2789000,0,0,0,0,0,0,0,0,0
201904,13,035,3,5,Butts County                  ,34,34,9512000,0,0,0,0,0,0,0,0,0,34,34,9512000,0,0,0,0,0,0,0,0,0
201904,13,045,3,5,Carroll County                ,262,262,63078041,0,0,0,0,0,0,0,0,0,262,262,63078041,0,0,0,0,0,0,0,0,0
201904,13,051,3,5,Chatham County                ,301,301,66621561,0,0,0,0,0,0,26,206,10330000,234,234,51351340,0,0,0,0,0,0,25,200,10000000
201904,13,057,3,5,Cherokee County               ,683,683,193023560,0,0,0,0,0,0,9,266,38126424,683,683,193023560,0,0,0,0,0,0,9,266,38126424
201904,13,059,3,5,Clarke County                 ,93,93,16332176,0,0,0,0,0,0,20,265,33089524,93,93,16332176,0,0,0,0,0,0,20,265,33089524
201904,13,063,3,5,Clayton County                ,167,167,32908348,0,0,0,0,0,0,0,0,0,167,167,32908348,0,0,0,0,0,0,0,0,0
201904,13,067,3,5,Cobb County                   ,543,543,141897265,7,14,2532265,7,22,4539160,11,510,57489198,487,487,131380813,7,14,2532265,7,22,4539160,11,510,57489198
201904,13,073,3,5,Columbia County               ,355,355,62554310,1,2,110000,9,34,1974825,3,24,1192000,177,177,29969652,1,2,110000,9,34,1974825,3,24,1192000
201904,13,077,3,5,Coweta County                 ,292,292,95893626,0,0,0,0,0,0,14,320,27275402,255,255,86106123,0,0,0,0,0,0,14,320,27275402
201904,13,085,3,5,Dawson County                 ,92,92,22291753,0,0,0,0,0,0,0,0,0,29,29,4917349,0,0,0,0,0,0,0,0,0
201904,13,095,3,5,Dougherty County              ,5,5,726428,0,0,0,0,0,0,0,0,0,2,2,317422,0,0,0,0,0,0,0,0,0
201904,13,097,3,5,Douglas County                ,110,110,21518062,0,0,0,0,0,0,0,0,0,110,110,21518062,0,0,0,0,0,0,0,0,0
201904,13,111,3,5,Fannin County                 ,89,89,17370931,0,0,0,0,0,0,0,0,0,89,89,17370931,0,0,0,0,0,0,0,0,0
201904,13,113,3,5,Fayette County                ,180,180,53575698,0,0,0,0,0,0,0,0,0,136,136,40553052,0,0,0,0,0,0,0,0,0
201904,13,115,3,5,Floyd County                  ,68,68,11282363,0,0,0,0,0,0,0,0,0,53,53,8680100,0,0,0,0,0,0,0,0,0
201904,13,117,3,5,Forsyth County                ,729,729,123953361,0,0,0,0,0,0,0,0,0,729,729,123953361,0,0,0,0,0,0,0,0,0
201904,13,121,3,5,Fulton County                 ,1545,1545,396416689,0,0,0,0,0,0,24,1439,205319628,1492,1492,385457288,0,0,0,0,0,0,24,1439,205319628
201904,13,127,3,5,Glynn County                  ,186,186,54349356,0,0,0,0,0,0,0,0,0,0,0,0,0,0,0,0,0,0,0,0,0
201904,13,135,3,5,Gwinnett County               ,1037,1037,251059491,0,0,0,0,0,0,0,0,0,1012,1012,243754686,0,0,0,0,0,0,0,0,0
201904,13,143,3,5,Haralson County               ,17,17,3890289,0,0,0,0,0,0,0,0,0,0,0,0,0,0,0,0,0,0,0,0,0
201904,13,145,3,5,Harris County                 ,77,77,20169315,0,0,0,0,0,0,0,0,0,77,77,20169315,0,0,0,0,0,0,0,0,0
201904,13,149,3,5,Heard County                  ,10,10,2302662,0,0,0,0,0,0,0,0,0,10,10,2302662,0,0,0,0,0,0,0,0,0
201904,13,151,3,5,Henry County                  ,506,506,96201987,0,0,0,0,0,0,0,0,0,440,440,87501905,0,0,0,0,0,0,0,0,0
201904,13,159,3,5,Jasper County                 ,24,24,3215376,0,0,0,0,0,0,0,0,0,0,0,0,0,0,0,0,0,0,0,0,0
201904,13,171,3,5,Lamar County                  ,27,27,2999387,0,0,0,0,0,0,0,0,0,27,27,2999387,0,0,0,0,0,0,0,0,0
201904,13,177,3,5,Lee County                    ,66,66,6502067,0,0,0,0,0,0,0,0,0,34,34,3820751,0,0,0,0,0,0,0,0,0
201904,13,179,3,5,Liberty County                ,104,104,22848712,2,4,376864,0,0,0,15,392,40731176,104,104,22848712,2,4,376864,0,0,0,15,392,40731176
201904,13,189,3,5,McDuffie County               ,10,10,1930400,0,0,0,0,0,0,0,0,0,7,7,1378000,0,0,0,0,0,0,0,0,0
201904,13,199,3,5,Meriwether County             ,37,37,6634941,0,0,0,0,0,0,0,0,0,29,29,4949836,0,0,0,0,0,0,0,0,0
201904,13,201,3,5,Miller County                 ,1,1,200000,0,0,0,0,0,0,0,0,0,1,1,200000,0,0,0,0,0,0,0,0,0
201904,13,207,3,5,Monroe County                 ,50,50,12293969,0,0,0,0,0,0,0,0,0,16,16,4630000,0,0,0,0,0,0,0,0,0
201904,13,215,3,5,Muscogee County               ,109,109,21285677,0,0,0,3,12,738558,6,49,8585175,0,0,0,0,0,0,0,0,0,0,0,0
201904,13,217,3,5,Newton County                 ,206,206,31807564,0,0,0,0,0,0,1,6,600000,206,206,31807564,0,0,0,0,0,0,1,6,600000
201904,13,227,3,5,Pickens County                ,39,39,8660635,0,0,0,0,0,0,0,0,0,26,26,5691146,0,0,0,0,0,0,0,0,0
201904,13,231,3,5,Pike County                   ,29,29,5689118,0,0,0,0,0,0,0,0,0,0,0,0,0,0,0,0,0,0,0,0,0
201904,13,235,3,5,Pulaski County                ,7,7,1201895,0,0,0,0,0,0,0,0,0,7,7,1201895,0,0,0,0,0,0,0,0,0
201904,13,245,3,5,Richmond County               ,98,98,15373505,0,0,0,0,0,0,2,44,2527329,38,38,5512971,0,0,0,0,0,0,0,0,0
201904,13,247,3,5,Rockdale County               ,95,95,24511810,0,0,0,0,0,0,0,0,0,95,95,24511810,0,0,0,0,0,0,0,0,0
201904,13,255,3,5,Spalding County               ,77,77,10454833,0,0,0,0,0,0,5,120,11853600,76,76,10376383,0,0,0,0,0,0,5,120,11853600
201904,13,275,3,5,Thomas County                 ,19,19,4103336,0,0,0,0,0,0,0,0,0,12,12,2804608,0,0,0,0,0,0,0,0,0
201904,13,291,3,5,Union County                  ,69,69,16900742,0,0,0,0,0,0,0,0,0,69,69,16900742,0,0,0,0,0,0,0,0,0
201904,15,001,4,9,Hawaii County                 ,261,261,82682903,0,0,0,0,0,0,0,0,0,261,261,82682903,0,0,0,0,0,0,0,0,0
201904,15,003,4,9,Honolulu County               ,273,273,113159318,0,0,0,0,0,0,18,321,75923880,273,273,113159318,0,0,0,0,0,0,18,321,75923880
201904,15,007,4,9,Kauai County                  ,61,61,41951777,2,4,1585175,0,0,0,0,0,0,61,61,41951777,2,4,1585175,0,0,0,0,0,0
201904,15,009,4,9,Maui County                   ,128,128,49107215,4,8,1460000,0,0,0,1,22,8929729,128,128,49107215,4,8,1460000,0,0,0,1,22,8929729
201904,16,001,4,8,Ada County                    ,1552,1552,397170525,5,10,1850192,5,18,2031253,28,271,27899873,1238,1238,319321352,5,10,1850192,2,6,1043401,22,208,22098000
201904,16,015,4,8,Boise County                  ,13,13,4496626,0,0,0,0,0,0,0,0,0,13,13,4496626,0,0,0,0,0,0,0,0,0
201904,16,027,4,8,Canyon County                 ,803,803,121586591,1,2,46219,2,8,641952,4,60,5188836,783,783,117041948,1,2,46219,2,8,641952,4,60,5188836
201904,16,045,4,8,Gem County                    ,28,28,4135279,0,0,0,0,0,0,0,0,0,27,27,4016770,0,0,0,0,0,0,0,0,0
201904,16,073,4,8,Owyhee County                 ,9,9,1355021,1,2,363316,0,0,0,0,0,0,4,4,386164,0,0,0,0,0,0,0,0,0
201904,17,005,2,3,Bond County                   ,3,3,1047910,0,0,0,0,0,0,0,0,0,2,2,871702,0,0,0,0,0,0,0,0,0
201904,17,013,2,3,Calhoun County                ,2,2,205000,0,0,0,0,0,0,0,0,0,2,2,205000,0,0,0,0,0,0,0,0,0
201904,17,031,2,3,Cook County                   ,381,381,112215313,10,20,4527517,57,181,36512196,52,2651,381112908,328,328,96298826,10,20,4527517,57,181,36512196,50,2634,378687465
201904,17,037,2,3,DeKalb County                 ,20,20,4734000,0,0,0,0,0,0,0,0,0,20,20,4734000,0,0,0,0,0,0,0,0,0
201904,17,039,2,3,De Witt County                ,1,1,214500,0,0,0,0,0,0,0,0,0,1,1,214500,0,0,0,0,0,0,0,0,0
201904,17,043,2,3,DuPage County                 ,268,268,108653788,2,4,776550,1,3,536010,4,56,1328302,244,244,98235397,1,2,440000,1,3,536010,0,0,0
201904,17,063,2,3,Grundy County                 ,35,35,5252883,0,0,0,0,0,0,4,43,2205126,31,31,4520522,0,0,0,0,0,0,0,0,0
201904,17,083,2,3,Jersey County                 ,49,49,14866652,0,0,0,0,0,0,0,0,0,45,45,14244216,0,0,0,0,0,0,0,0,0
201904,17,093,2,3,Kendall County                ,92,92,15727032,0,0,0,0,0,0,0,0,0,80,80,13003385,0,0,0,0,0,0,0,0,0
201904,17,097,2,3,Lake County                   ,208,208,74082870,3,6,249999,0,0,0,8,94,21390243,158,158,55863132,0,0,0,0,0,0,1,31,11250000
201904,17,111,2,3,McHenry County                ,108,108,18752409,0,0,0,1,3,443333,0,0,0,88,88,15310671,0,0,0,0,0,0,0,0,0
201904,17,119,2,3,Madison County                ,111,111,29476017,0,0,0,1,4,504000,3,15,1524087,89,89,24870047,0,0,0,1,4,504000,0,0,0
201904,17,133,2,3,Monroe County                 ,35,35,10087073,0,0,0,0,0,0,2,25,2047550,33,33,9636937,0,0,0,0,0,0,1,20,1615550
201904,17,197,2,3,Will County                   ,279,279,73015106,3,6,1325800,0,0,0,0,0,0,221,221,60298764,2,4,915800,0,0,0,0,0,0
201904,18,003,2,3,Allen County                  ,237,237,63380813,0,0,0,8,24,960000,3,260,27761500,237,237,63380813,0,0,0,8,24,960000,3,260,27761500
201904,18,011,2,3,Boone County                  ,142,142,43328776,3,6,600000,0,0,0,0,0,0,134,134,42054345,3,6,600000,0,0,0,0,0,0
201904,18,013,2,3,Brown County                  ,22,22,5670817,0,0,0,0,0,0,0,0,0,18,18,4653237,0,0,0,0,0,0,0,0,0
201904,18,019,2,3,Clark County                  ,152,152,32053366,3,6,495000,0,0,0,2,192,21982272,137,137,28082259,3,6,495000,0,0,0,2,192,21982272
201904,18,047,2,3,Franklin County               ,12,12,3922910,0,0,0,0,0,0,0,0,0,12,12,3922910,0,0,0,0,0,0,0,0,0
201904,18,057,2,3,Hamilton County               ,740,740,241096840,1,2,400000,0,0,0,1,112,18024895,730,730,238344257,1,2,400000,0,0,0,1,112,18024895
201904,18,059,2,3,Hancock County                ,153,153,51902274,0,0,0,0,0,0,0,0,0,146,146,50063963,0,0,0,0,0,0,0,0,0
201904,18,061,2,3,Harrison County               ,39,39,10007500,0,0,0,0,0,0,0,0,0,39,39,10007500,0,0,0,0,0,0,0,0,0
201904,18,063,2,3,Hendricks County              ,248,248,66615844,3,6,665044,1,3,678600,1,33,2285806,205,205,57031383,1,2,210000,0,0,0,0,0,0
201904,18,069,2,3,Huntington County             ,14,14,3063905,0,0,0,0,0,0,0,0,0,14,14,3063905,0,0,0,0,0,0,0,0,0
201904,18,073,2,3,Jasper County                 ,27,27,5983545,0,0,0,0,0,0,0,0,0,24,24,5533545,0,0,0,0,0,0,0,0,0
201904,18,081,2,3,Johnson County                ,261,261,70412669,0,0,0,0,0,0,0,0,0,252,252,69372548,0,0,0,0,0,0,0,0,0
201904,18,087,2,3,Lagrange County               ,57,57,11218427,0,0,0,0,0,0,0,0,0,51,51,10032395,0,0,0,0,0,0,0,0,0
201904,18,089,2,3,Lake County                   ,317,317,84207440,8,16,1843800,1,3,630000,0,0,0,272,272,74127309,8,16,1843800,1,3,630000,0,0,0
201904,18,097,2,3,Marion County                 ,345,345,88385331,3,6,908179,5,20,4250000,16,718,94685136,339,339,86859358,3,6,908179,5,20,4250000,16,718,94685136
201904,18,105,2,3,Monroe County                 ,83,83,21437608,7,14,1830171,0,0,0,2,41,4759070,46,46,11891608,4,8,1112717,0,0,0,0,0,0
201904,18,109,2,3,Morgan County                 ,77,77,19088351,0,0,0,0,0,0,0,0,0,73,73,18045933,0,0,0,0,0,0,0,0,0
201904,18,111,2,3,Newton County                 ,6,6,1161180,0,0,0,0,0,0,0,0,0,1,1,147000,0,0,0,0,0,0,0,0,0
201904,18,115,2,3,Ohio County                   ,10,10,1742938,0,0,0,0,0,0,0,0,0,9,9,1603000,0,0,0,0,0,0,0,0,0
201904,18,119,2,3,Owen County                   ,9,9,2118851,0,0,0,0,0,0,0,0,0,3,3,775539,0,0,0,0,0,0,0,0,0
201904,18,127,2,3,Porter County                 ,125,125,32080553,3,6,930698,0,0,0,5,42,4971007,110,110,29310263,3,6,930698,0,0,0,4,36,4220073
201904,18,133,2,3,Putnam County                 ,37,37,9531215,0,0,0,0,0,0,0,0,0,36,36,9306474,0,0,0,0,0,0,0,0,0
201904,18,145,2,3,Shelby County                 ,20,20,3360230,0,0,0,0,0,0,0,0,0,20,20,3360230,0,0,0,0,0,0,0,0,0
201904,18,151,2,3,Steuben County                ,37,37,9369501,2,4,790000,0,0,0,0,0,0,37,37,9369501,2,4,790000,0,0,0,0,0,0
201904,18,157,2,3,Tippecanoe County             ,118,118,28206323,0,0,0,0,0,0,11,291,25442030,66,66,16835792,0,0,0,0,0,0,7,252,21630000
201904,18,163,2,3,Vanderburgh County            ,114,114,21627116,7,14,960000,0,0,0,0,0,0,84,84,16300783,7,14,960000,0,0,0,0,0,0
201904,18,167,2,3,Vigo County                   ,6,6,1118160,4,8,696908,0,0,0,4,47,3252096,0,0,0,1,2,284000,0,0,0,0,0,0
201904,18,175,2,3,Washington County             ,12,12,3234816,0,0,0,0,0,0,0,0,0,0,0,0,0,0,0,0,0,0,0,0,0
201904,18,183,2,3,Whitley County                ,25,25,5909700,0,0,0,0,0,0,0,0,0,25,25,5909700,0,0,0,0,0,0,0,0,0
201904,19,049,2,4,Dallas County                 ,89,89,24374420,0,0,0,0,0,0,0,0,0,88,88,24199420,0,0,0,0,0,0,0,0,0
201904,19,085,2,4,Harrison County               ,7,7,1021667,0,0,0,0,0,0,0,0,0,5,5,650000,0,0,0,0,0,0,0,0,0
201904,19,129,2,4,Mills County                  ,1,1,350000,0,0,0,0,0,0,0,0,0,1,1,350000,0,0,0,0,0,0,0,0,0
201904,19,153,2,4,Polk County                   ,622,622,161263473,5,10,1949620,0,0,0,3,117,17057580,621,621,161068656,5,10,1949620,0,0,0,3,117,17057580
201904,19,181,2,4,Warren County                 ,98,98,22484309,0,0,0,0,0,0,0,0,0,93,93,21274635,0,0,0,0,0,0,0,0,0
201904,20,061,2,4,Geary County                  ,3,3,393624,0,0,0,0,0,0,0,0,0,0,0,0,0,0,0,0,0,0,0,0,0
201904,20,091,2,4,Johnson County                ,461,461,155516943,0,0,0,2,8,1210386,9,466,46092570,289,289,95963697,0,0,0,0,0,0,5,374,37073324
201904,20,103,2,4,Leavenworth County            ,57,57,12959260,0,0,0,0,0,0,0,0,0,57,57,12959260,0,0,0,0,0,0,0,0,0
201904,20,107,2,4,Linn County                   ,9,9,1024955,0,0,0,0,0,0,0,0,0,1,1,258513,0,0,0,0,0,0,0,0,0
201904,20,121,2,4,Miami County                  ,20,20,5666499,0,0,0,0,0,0,0,0,0,4,4,819907,0,0,0,0,0,0,0,0,0
201904,20,209,2,4,Wyandotte County              ,49,49,8950241,1,2,197214,0,0,0,0,0,0,23,23,4632799,0,0,0,0,0,0,0,0,0
201904,21,005,3,6,Anderson County               ,19,19,3466729,0,0,0,0,0,0,0,0,0,19,19,3466729,0,0,0,0,0,0,0,0,0
201904,21,015,3,6,Boone County                  ,138,138,25886785,0,0,0,0,0,0,1,8,736005,138,138,25886785,0,0,0,0,0,0,1,8,736005
201904,21,017,3,6,Bourbon County                ,16,16,3656800,0,0,0,0,0,0,0,0,0,16,16,3656800,0,0,0,0,0,0,0,0,0
201904,21,021,3,6,Boyle County                  ,5,5,870000,5,10,889320,0,0,0,0,0,0,5,5,870000,5,10,889320,0,0,0,0,0,0
201904,21,029,3,6,Bullitt County                ,130,130,33197019,2,4,560000,3,12,780000,0,0,0,130,130,33197019,2,4,560000,3,12,780000,0,0,0
201904,21,035,3,6,Calloway County               ,3,3,457000,1,2,184000,0,0,0,0,0,0,3,3,457000,1,2,184000,0,0,0,0,0,0
201904,21,037,3,6,Campbell County               ,46,46,12047770,0,0,0,2,7,1274818,1,5,409345,29,29,7486253,0,0,0,1,4,959068,0,0,0
201904,21,045,3,6,Casey County                  ,0,0,0,0,0,0,0,0,0,0,0,0,0,0,0,0,0,0,0,0,0,0,0,0
201904,21,047,3,6,Christian County              ,15,15,1616600,0,0,0,0,0,0,5,48,6542000,7,7,1047000,0,0,0,0,0,0,5,48,6542000
201904,21,049,3,6,Clark County                  ,14,14,2975718,0,0,0,0,0,0,4,20,1385000,0,0,0,0,0,0,0,0,0,0,0,0
201904,21,067,3,6,Fayette County                ,258,258,41595062,1,2,204889,0,0,0,7,215,15742427,0,0,0,0,0,0,0,0,0,0,0,0
201904,21,069,3,6,Fleming County                ,0,0,0,0,0,0,0,0,0,0,0,0,0,0,0,0,0,0,0,0,0,0,0,0
201904,21,077,3,6,Gallatin County               ,5,5,862606,0,0,0,0,0,0,0,0,0,0,0,0,0,0,0,0,0,0,0,0,0
201904,21,081,3,6,Grant County                  ,22,22,3368050,0,0,0,0,0,0,0,0,0,22,22,3368050,0,0,0,0,0,0,0,0,0
201904,21,091,3,6,Hancock County                ,0,0,0,0,0,0,0,0,0,0,0,0,0,0,0,0,0,0,0,0,0,0,0,0
201904,21,099,3,6,Hart County                   ,8,8,639000,0,0,0,0,0,0,1,8,908381,4,4,250000,0,0,0,0,0,0,0,0,0
201904,21,101,3,6,Henderson County              ,8,8,1548113,9,18,1569976,0,0,0,1,6,595000,8,8,1548113,9,18,1569976,0,0,0,1,6,595000
201904,21,103,3,6,Henry County                  ,7,7,2064500,0,0,0,0,0,0,0,0,0,7,7,2064500,0,0,0,0,0,0,0,0,0
201904,21,111,3,6,Jefferson County              ,388,388,112730674,2,4,375000,0,0,0,30,642,19993750,388,388,112730674,2,4,375000,0,0,0,30,642,19993750
201904,21,113,3,6,Jessamine County              ,65,65,17705148,0,0,0,2,6,750000,0,0,0,21,21,11368500,0,0,0,0,0,0,0,0,0
201904,21,115,3,6,Johnson County                ,0,0,0,0,0,0,0,0,0,0,0,0,0,0,0,0,0,0,0,0,0,0,0,0
201904,21,117,3,6,Kenton County                 ,106,106,24167187,0,0,0,0,0,0,0,0,0,106,106,24167187,0,0,0,0,0,0,0,0,0
201904,21,121,3,6,Knox County                   ,0,0,0,0,0,0,0,0,0,0,0,0,0,0,0,0,0,0,0,0,0,0,0,0
201904,21,123,3,6,Larue County                  ,15,15,3546104,0,0,0,0,0,0,0,0,0,15,15,3546104,0,0,0,0,0,0,0,0,0
201904,21,137,3,6,Lincoln County                ,15,15,1858343,0,0,0,0,0,0,0,0,0,0,0,0,0,0,0,0,0,0,0,0,0
201904,21,145,3,6,McCracken County              ,14,14,3691629,0,0,0,0,0,0,0,0,0,1,1,267404,0,0,0,0,0,0,0,0,0
201904,21,151,3,6,Madison County                ,57,57,6340787,6,12,731984,0,0,0,4,21,708002,20,20,3090000,2,4,280000,0,0,0,0,0,0
201904,21,157,3,6,Marshall County               ,17,17,5988320,0,0,0,0,0,0,0,0,0,17,17,5988320,0,0,0,0,0,0,0,0,0
201904,21,161,3,6,Mason County                  ,4,4,709000,0,0,0,0,0,0,0,0,0,4,4,709000,0,0,0,0,0,0,0,0,0
201904,21,163,3,6,Meade County                  ,37,37,7540000,0,0,0,0,0,0,0,0,0,37,37,7540000,0,0,0,0,0,0,0,0,0
201904,21,167,3,6,Mercer County                 ,15,15,2583652,0,0,0,0,0,0,0,0,0,0,0,0,0,0,0,0,0,0,0,0,0
201904,21,175,3,6,Morgan County                 ,7,7,525000,0,0,0,0,0,0,0,0,0,0,0,0,0,0,0,0,0,0,0,0,0
201904,21,179,3,6,Nelson County                 ,74,74,12052834,13,26,2275000,1,4,350000,0,0,0,74,74,12052834,13,26,2275000,1,4,350000,0,0,0
201904,21,185,3,6,Oldham County                 ,111,111,33482432,0,0,0,0,0,0,0,0,0,0,0,0,0,0,0,0,0,0,0,0,0
201904,21,191,3,6,Pendleton County              ,0,0,0,0,0,0,0,0,0,0,0,0,0,0,0,0,0,0,0,0,0,0,0,0
201904,21,209,3,6,Scott County                  ,107,107,16574265,0,0,0,0,0,0,0,0,0,107,107,16574265,0,0,0,0,0,0,0,0,0
201904,21,211,3,6,Shelby County                 ,74,74,17980134,0,0,0,0,0,0,0,0,0,74,74,17980134,0,0,0,0,0,0,0,0,0
201904,21,213,3,6,Simpson County                ,27,27,4301445,0,0,0,0,0,0,0,0,0,27,27,4301445,0,0,0,0,0,0,0,0,0
201904,21,215,3,6,Spencer County                ,41,41,9692683,0,0,0,0,0,0,0,0,0,41,41,9692683,0,0,0,0,0,0,0,0,0
201904,21,221,3,6,Trigg County                  ,5,5,975895,0,0,0,0,0,0,0,0,0,5,5,975895,0,0,0,0,0,0,0,0,0
201904,21,239,3,6,Woodford County               ,34,34,5781311,3,6,820000,0,0,0,0,0,0,26,26,4263090,3,6,820000,0,0,0,0,0,0
201904,22,005,3,7,Ascension Parish              ,323,323,48423217,0,0,0,0,0,0,0,0,0,134,134,19136166,0,0,0,0,0,0,0,0,0
201904,22,015,3,7,Bossier Parish                ,241,241,49459795,0,0,0,0,0,0,0,0,0,241,241,49459795,0,0,0,0,0,0,0,0,0
201904,22,017,3,7,Caddo Parish                  ,94,94,20774789,0,0,0,0,0,0,0,0,0,67,67,13763969,0,0,0,0,0,0,0,0,0
201904,22,031,3,7,De Soto Parish                ,31,31,8324991,0,0,0,0,0,0,0,0,0,21,21,5840942,0,0,0,0,0,0,0,0,0
201904,22,033,3,7,East Baton Rouge Parish       ,433,433,109609396,0,0,0,0,0,0,0,0,0,431,431,109270258,0,0,0,0,0,0,0,0,0
201904,22,037,3,7,East Feliciana Parish         ,19,19,3708401,0,0,0,0,0,0,0,0,0,19,19,3708401,0,0,0,0,0,0,0,0,0
201904,22,047,3,7,Iberville Parish              ,35,35,8363401,0,0,0,0,0,0,0,0,0,4,4,850000,0,0,0,0,0,0,0,0,0
201904,22,051,3,7,Jefferson Parish              ,201,201,45283162,0,0,0,0,0,0,0,0,0,186,186,40774118,0,0,0,0,0,0,0,0,0
201904,22,055,3,7,Lafayette Parish              ,397,397,81926367,0,0,0,0,0,0,1,24,3100000,135,135,34655129,0,0,0,0,0,0,1,24,3100000
201904,22,063,3,7,Livingston Parish             ,270,270,60771024,0,0,0,0,0,0,0,0,0,10,10,2042764,0,0,0,0,0,0,0,0,0
201904,22,071,3,7,Orleans Parish                ,156,156,35123782,19,38,4016549,0,0,0,4,34,8368814,0,0,0,0,0,0,0,0,0,0,0,0
201904,22,075,3,7,Plaquemines Parish            ,18,18,6077940,0,0,0,1,3,373351,0,0,0,18,18,6077940,0,0,0,1,3,373351,0,0,0
201904,22,077,3,7,Pointe Coupee Parish          ,11,11,2926735,0,0,0,0,0,0,0,0,0,7,7,1836226,0,0,0,0,0,0,0,0,0
201904,22,087,3,7,St. Bernard Parish            ,59,59,9522180,0,0,0,0,0,0,0,0,0,59,59,9522180,0,0,0,0,0,0,0,0,0
201904,22,089,3,7,St. Charles Parish            ,30,30,7482088,0,0,0,0,0,0,0,0,0,30,30,7482088,0,0,0,0,0,0,0,0,0
201904,22,091,3,7,St. Helena Parish             ,14,14,2470146,0,0,0,0,0,0,0,0,0,0,0,0,0,0,0,0,0,0,0,0,0
201904,22,095,3,7,St. John the Baptist Parish   ,17,17,2805527,0,0,0,0,0,0,0,0,0,0,0,0,0,0,0,0,0,0,0,0,0
201904,22,099,3,7,St. Martin Parish             ,58,58,10788506,0,0,0,0,0,0,0,0,0,6,6,1311761,0,0,0,0,0,0,0,0,0
201904,22,103,3,7,St. Tammany Parish            ,566,566,124381850,1,2,310000,0,0,0,0,0,0,555,555,120064581,1,2,310000,0,0,0,0,0,0
201904,22,109,3,7,Terrebonne Parish             ,59,59,14915970,0,0,0,0,0,0,0,0,0,47,47,11856678,0,0,0,0,0,0,0,0,0
201904,22,121,3,7,West Baton Rouge Parish       ,82,82,12592245,0,0,0,0,0,0,0,0,0,68,68,10875232,0,0,0,0,0,0,0,0,0
201904,22,125,3,7,West Feliciana Parish         ,14,14,5713326,0,0,0,0,0,0,1,5,942755,0,0,0,0,0,0,0,0,0,0,0,0
201904,23,000,1,1,Maine Unorganized Territory   ,20,20,2656006,0,0,0,0,0,0,0,0,0,0,0,0,0,0,0,0,0,0,0,0,0
201904,24,003,3,5,Anne Arundel County           ,566,566,94869148,0,0,0,0,0,0,3,588,108130000,566,566,94869148,0,0,0,0,0,0,3,588,108130000
201904,24,005,3,5,Baltimore County              ,261,261,57601000,0,0,0,0,0,0,4,192,22800000,261,261,57601000,0,0,0,0,0,0,4,192,22800000
201904,24,009,3,5,Calvert County                ,50,50,11820346,0,0,0,0,0,0,5,240,25000000,50,50,11820346,0,0,0,0,0,0,5,240,25000000
201904,24,013,3,5,Carroll County                ,122,122,29179927,0,0,0,0,0,0,1,12,900000,122,122,29179927,0,0,0,0,0,0,1,12,900000
201904,24,015,3,5,Cecil County                  ,47,47,8723743,0,0,0,0,0,0,0,0,0,47,47,8723743,0,0,0,0,0,0,0,0,0
201904,24,017,3,5,Charles County                ,211,211,52751703,0,0,0,0,0,0,0,0,0,211,211,52751703,0,0,0,0,0,0,0,0,0
201904,24,021,3,5,Frederick County              ,524,524,128730398,2,4,190000,2,8,400000,10,223,26467407,524,524,128730398,2,4,190000,2,8,400000,10,223,26467407
201904,24,023,3,5,Garrett County                ,26,26,9230175,0,0,0,0,0,0,0,0,0,26,26,9230175,0,0,0,0,0,0,0,0,0
201904,24,025,3,5,Harford County                ,247,247,56000449,0,0,0,0,0,0,1,57,8500000,244,244,55382442,0,0,0,0,0,0,1,57,8500000
201904,24,027,3,5,Howard County                 ,262,262,63115224,0,0,0,0,0,0,0,0,0,262,262,63115224,0,0,0,0,0,0,0,0,0
201904,24,031,3,5,Montgomery County             ,254,254,59560031,9,18,1149367,8,32,1001100,14,849,130179221,251,251,59069930,7,14,882700,8,32,1001100,14,849,130179221
201904,24,033,3,5,Prince George County          ,847,847,201122097,1,2,391606,2,8,2290704,0,0,0,844,844,200280293,1,2,391606,2,8,2290704,0,0,0
201904,24,035,3,5,Queen Anne County             ,75,75,17013120,0,0,0,0,0,0,4,66,9072000,75,75,17013120,0,0,0,0,0,0,4,66,9072000
201904,24,037,3,5,St. Marys County              ,109,109,27820000,0,0,0,0,0,0,0,0,0,109,109,27820000,0,0,0,0,0,0,0,0,0
201904,24,039,3,5,Somerset County               ,7,7,1204635,0,0,0,0,0,0,0,0,0,4,4,731550,0,0,0,0,0,0,0,0,0
201904,24,045,3,5,Wicomico County               ,78,78,10691428,0,0,0,0,0,0,0,0,0,69,69,9093317,0,0,0,0,0,0,0,0,0
201904,24,510,3,5,Baltimore (Independent City)  ,61,61,8525000,0,0,0,0,0,0,0,0,0,61,61,8525000,0,0,0,0,0,0,0,0,0
201904,25,005,1,1,Bristol County                ,173,173,35159100,10,20,2509940,2,6,400000,4,20,2467150,100,100,21370494,9,18,2231440,0,0,0,1,5,767833
201904,25,009,1,1,Essex County                  ,183,183,57054308,15,30,5971608,3,12,3500000,9,126,21910316,144,144,44821159,3,6,1200000,3,12,3500000,1,80,12736386
201904,25,017,1,1,Middlesex County              ,334,334,106917928,17,34,5889115,24,84,17463811,30,620,108076454,224,224,74741062,13,26,4695561,20,71,15243836,12,399,67963594
201904,25,021,1,1,Norfolk County                ,197,197,82983482,6,12,3025770,2,7,572923,13,116,13140748,144,144,61380486,6,12,3025770,2,7,572923,1,11,2200000
201904,25,023,1,1,Plymouth County               ,312,312,73417920,4,8,1026400,4,13,1712030,7,47,6848680,233,233,56295385,3,6,720000,2,7,930000,3,25,3426533
201904,25,025,1,1,Suffolk County                ,16,16,4078398,11,22,4259001,20,65,12743420,32,489,105232089,14,14,3724286,8,16,3507049,20,65,12743420,23,442,95232959
201904,26,000,2,3,Michigan Balance of State     ,15,15,2817166,0,0,0,0,0,0,0,0,0,0,0,0,0,0,0,0,0,0,0,0,0
201904,26,019,2,3,Benzie County                 ,22,22,4548468,0,0,0,0,0,0,0,0,0,14,14,2699978,0,0,0,0,0,0,0,0,0
201904,26,029,2,3,Charlevoix County             ,23,23,5257894,0,0,0,0,0,0,0,0,0,0,0,0,0,0,0,0,0,0,0,0,0
201904,26,089,2,3,Leelanau County               ,27,27,5891230,0,0,0,0,0,0,0,0,0,27,27,5891230,0,0,0,0,0,0,0,0,0
201904,26,093,2,3,Livingston County             ,145,145,39735437,0,0,0,0,0,0,0,0,0,140,140,38442872,0,0,0,0,0,0,0,0,0
201904,26,095,2,3,Luce County                   ,1,1,190743,0,0,0,0,0,0,0,0,0,0,0,0,0,0,0,0,0,0,0,0,0
201904,26,099,2,3,Macomb County                 ,375,375,112201589,2,4,366384,0,0,0,7,148,20069933,374,374,112090478,0,0,0,0,0,0,7,148,20069933
201904,26,103,2,3,Marquette County              ,6,6,1164852,0,0,0,0,0,0,0,0,0,6,6,1164852,0,0,0,0,0,0,0,0,0
201904,26,137,2,3,Otsego County                 ,5,5,405000,0,0,0,0,0,0,0,0,0,0,0,0,0,0,0,0,0,0,0,0,0
201904,26,147,2,3,St. Clair County              ,51,51,10720658,0,0,0,0,0,0,0,0,0,42,42,9170571,0,0,0,0,0,0,0,0,0
201904,26,163,2,3,Wayne County                  ,253,253,78745646,0,0,0,2,7,1035678,11,170,25368163,226,226,74317486,0,0,0,2,7,1035678,9,133,22682849
201904,27,003,2,4,Anoka County                  ,255,255,74138569,0,0,0,0,0,0,4,60,7672779,239,239,70045067,0,0,0,0,0,0,0,0,0
201904,27,019,2,4,Carver County                 ,158,158,50856660,1,2,581760,0,0,0,0,0,0,138,138,45636348,1,2,581760,0,0,0,0,0,0
201904,27,025,2,4,Chisago County                ,47,47,7756689,1,2,354000,0,0,0,0,0,0,47,47,7756689,0,0,0,0,0,0,0,0,0
201904,27,027,2,4,Clay County                   ,25,25,6890170,0,0,0,0,0,0,0,0,0,25,25,6890170,0,0,0,0,0,0,0,0,0
201904,27,037,2,4,Dakota County                 ,304,304,91876003,0,0,0,1,4,812000,1,32,2400000,258,258,76640768,0,0,0,1,4,812000,1,32,2400000
201904,27,053,2,4,Hennepin County               ,546,546,215407074,3,6,1277471,4,14,4222313,24,2762,497251540,522,522,207330403,3,6,1277471,4,14,4222313,24,2762,497251540
201904,27,059,2,4,Isanti County                 ,61,61,12645740,0,0,0,0,0,0,0,0,0,34,34,7486058,0,0,0,0,0,0,0,0,0
201904,27,123,2,4,Ramsey County                 ,62,62,21577680,0,0,0,0,0,0,6,573,85406475,56,56,19471036,0,0,0,0,0,0,5,547,81288332
201904,27,139,2,4,Scott County                  ,174,174,59585459,0,0,0,0,0,0,5,507,94441464,163,163,56481020,0,0,0,0,0,0,4,494,92213351
201904,27,141,2,4,Sherburne County              ,80,80,17968909,0,0,0,0,0,0,0,0,0,79,79,17826964,0,0,0,0,0,0,0,0,0
201904,27,163,2,4,Washington County             ,289,289,91208032,0,0,0,0,0,0,1,45,5300000,274,274,84399920,0,0,0,0,0,0,1,45,5300000
201904,27,171,2,4,Wright County                 ,235,235,68350056,0,0,0,0,0,0,0,0,0,227,227,66460618,0,0,0,0,0,0,0,0,0
201904,28,033,3,6,DeSoto County                 ,441,441,76097449,0,0,0,0,0,0,0,0,0,399,399,71381665,0,0,0,0,0,0,0,0,0
201904,28,041,3,6,Greene County                 ,0,0,0,0,0,0,0,0,0,0,0,0,0,0,0,0,0,0,0,0,0,0,0,0
201904,28,045,3,6,Hancock County                ,163,163,29114973,0,0,0,1,3,301084,4,32,2709206,54,54,12514243,0,0,0,0,0,0,0,0,0
201904,28,047,3,6,Harrison County               ,364,364,60270694,3,6,869000,0,0,0,0,0,0,321,321,55385851,3,6,869000,0,0,0,0,0,0
201904,28,067,3,6,Jones County                  ,1,1,95000,0,0,0,0,0,0,0,0,0,1,1,95000,0,0,0,0,0,0,0,0,0
201904,28,129,3,6,Smith County                  ,0,0,0,0,0,0,0,0,0,0,0,0,0,0,0,0,0,0,0,0,0,0,0,0
201904,28,137,3,6,Tate County                   ,40,40,8004159,0,0,0,0,0,0,0,0,0,35,35,7066850,0,0,0,0,0,0,0,0,0
201904,28,143,3,6,Tunica County                 ,3,3,332532,0,0,0,0,0,0,0,0,0,0,0,0,0,0,0,0,0,0,0,0,0
201904,28,145,3,6,Union County                  ,2,2,546000,0,0,0,0,0,0,0,0,0,2,2,546000,0,0,0,0,0,0,0,0,0
201904,28,149,3,6,Warren County                 ,1,1,520000,0,0,0,0,0,0,0,0,0,1,1,520000,0,0,0,0,0,0,0,0,0
201904,29,013,2,4,Bates County                  ,0,0,0,0,0,0,0,0,0,0,0,0,0,0,0,0,0,0,0,0,0,0,0,0
201904,29,017,2,4,Bollinger County              ,0,0,0,0,0,0,0,0,0,0,0,0,0,0,0,0,0,0,0,0,0,0,0,0
201904,29,019,2,4,Boone County                  ,173,173,46020524,0,0,0,0,0,0,1,12,3000000,173,173,46020524,0,0,0,0,0,0,1,12,3000000
201904,29,049,2,4,Clinton County                ,12,12,2254400,1,2,400000,0,0,0,0,0,0,3,3,748000,1,2,400000,0,0,0,0,0,0
201904,29,065,2,4,Dent County                   ,0,0,0,0,0,0,0,0,0,0,0,0,0,0,0,0,0,0,0,0,0,0,0,0
201904,29,071,2,4,Franklin County               ,79,79,19152165,1,2,601600,0,0,0,0,0,0,78,78,18984415,1,2,601600,0,0,0,0,0,0
201904,29,095,2,4,Jackson County                ,427,427,99950447,37,74,5642660,11,43,7807594,13,612,64373160,414,414,96499506,37,74,5642660,11,43,7807594,13,612,64373160
201904,29,099,2,4,Jefferson County              ,210,210,52867588,2,4,692660,0,0,0,0,0,0,201,201,51864913,1,2,300000,0,0,0,0,0,0
201904,29,105,2,4,Laclede County                ,7,7,1113900,0,0,0,0,0,0,0,0,0,7,7,1113900,0,0,0,0,0,0,0,0,0
201904,29,107,2,4,Lafayette County              ,23,23,4762633,0,0,0,0,0,0,0,0,0,21,21,4301753,0,0,0,0,0,0,0,0,0
201904,29,113,2,4,Lincoln County                ,47,47,8727224,0,0,0,1,3,359288,0,0,0,33,33,5202061,0,0,0,0,0,0,0,0,0
201904,29,165,2,4,Platte County                 ,50,50,17944994,0,0,0,0,0,0,0,0,0,50,50,17944994,0,0,0,0,0,0,0,0,0
201904,29,185,2,4,St. Clair County              ,1,1,50000,0,0,0,0,0,0,0,0,0,1,1,50000,0,0,0,0,0,0,0,0,0
201904,29,189,2,4,St. Louis County              ,281,281,122074076,0,0,0,0,0,0,2,39,4599942,172,172,83307080,0,0,0,0,0,0,0,0,0
201904,29,219,2,4,Warren County                 ,102,102,23457130,0,0,0,4,15,2444777,0,0,0,102,102,23457130,0,0,0,4,15,2444777,0,0,0
201904,29,221,2,4,Washington County             ,0,0,0,0,0,0,0,0,0,0,0,0,0,0,0,0,0,0,0,0,0,0,0,0
201904,29,510,2,4,St. Louis (Independent City)  ,38,38,7912603,0,0,0,1,3,450000,2,35,2661700,38,38,7912603,0,0,0,1,3,450000,2,35,2661700
201904,30,013,4,8,Cascade County                ,28,28,10797540,0,0,0,0,0,0,1,12,1002000,28,28,10797540,0,0,0,0,0,0,1,12,1002000
201904,30,033,4,8,Garfield County               ,0,0,0,0,0,0,0,0,0,0,0,0,0,0,0,0,0,0,0,0,0,0,0,0
201904,30,063,4,8,Missoula County               ,103,103,24850798,0,0,0,1,3,133127,4,87,3800300,103,103,24850798,0,0,0,1,3,133127,4,87,3800300
201904,30,093,4,8,Silver Bow County             ,5,5,530518,0,0,0,0,0,0,0,0,0,5,5,530518,0,0,0,0,0,0,0,0,0
201904,31,001,2,4,Adams County                  ,18,18,4794663,15,30,5386614,0,0,0,0,0,0,17,17,4509663,15,30,5386614,0,0,0,0,0,0
201904,31,025,2,4,Cass County                   ,33,33,5834772,0,0,0,0,0,0,0,0,0,8,8,1661250,0,0,0,0,0,0,0,0,0
201904,31,033,2,4,Cheyenne County               ,2,2,429000,0,0,0,0,0,0,0,0,0,2,2,429000,0,0,0,0,0,0,0,0,0
201904,31,055,2,4,Douglas County                ,373,373,60879998,1,2,192848,0,0,0,5,413,26596010,357,357,55317084,1,2,192848,0,0,0,5,413,26596010
201904,31,105,2,4,Kimball County                ,1,1,175000,0,0,0,0,0,0,0,0,0,1,1,175000,0,0,0,0,0,0,0,0,0
201904,31,153,2,4,Sarpy County                  ,262,262,71217646,0,0,0,0,0,0,1,30,1377901,182,182,51991892,0,0,0,0,0,0,1,30,1377901
201904,31,165,2,4,Sioux County                  ,0,0,0,0,0,0,0,0,0,0,0,0,0,0,0,0,0,0,0,0,0,0,0,0
201904,31,177,2,4,Washington County             ,12,12,3407934,0,0,0,0,0,0,0,0,0,12,12,3407934,0,0,0,0,0,0,0,0,0
201904,32,001,4,8,Churchill County              ,22,22,4549491,1,2,139828,0,0,0,0,0,0,22,22,4549491,1,2,139828,0,0,0,0,0,0
201904,32,003,4,8,Clark County                  ,3205,3205,775294220,19,38,5235627,33,100,10864191,30,541,51996526,3205,3205,775294220,19,38,5235627,33,100,10864191,30,541,51996526
201904,32,005,4,8,Douglas County                ,38,38,15740873,0,0,0,0,0,0,0,0,0,38,38,15740873,0,0,0,0,0,0,0,0,0
201904,32,007,4,8,Elko County                   ,41,41,6549597,0,0,0,0,0,0,0,0,0,41,41,6549597,0,0,0,0,0,0,0,0,0
201904,32,013,4,8,Humboldt County               ,4,4,497395,0,0,0,0,0,0,0,0,0,2,2,295341,0,0,0,0,0,0,0,0,0
201904,32,015,4,8,Lander County                 ,0,0,0,0,0,0,0,0,0,0,0,0,0,0,0,0,0,0,0,0,0,0,0,0
201904,32,017,4,8,Lincoln County                ,4,4,1104589,0,0,0,0,0,0,0,0,0,1,1,285178,0,0,0,0,0,0,0,0,0
201904,32,019,4,8,Lyon County                   ,114,114,28752540,0,0,0,0,0,0,0,0,0,85,85,22134048,0,0,0,0,0,0,0,0,0
201904,32,021,4,8,Mineral County                ,0,0,0,0,0,0,0,0,0,0,0,0,0,0,0,0,0,0,0,0,0,0,0,0
201904,32,027,4,8,Pershing County               ,0,0,0,0,0,0,0,0,0,0,0,0,0,0,0,0,0,0,0,0,0,0,0,0
201904,32,029,4,8,Storey County                 ,2,2,350326,0,0,0,0,0,0,0,0,0,1,1,148418,0,0,0,0,0,0,0,0,0
201904,32,031,4,8,Washoe County                 ,566,566,162621215,14,28,2322927,4,14,1398453,17,478,64607872,566,566,162621215,14,28,2322927,4,14,1398453,17,478,64607872
201904,32,033,4,8,White Pine County             ,2,2,712078,0,0,0,0,0,0,0,0,0,0,0,0,0,0,0,0,0,0,0,0,0
201904,32,510,4,8,Carson City (Independent City),55,55,14755525,0,0,0,1,3,381851,0,0,0,44,44,11661299,0,0,0,0,0,0,0,0,0
201904,33,015,1,1,Rockingham County             ,178,178,55463465,14,28,5108309,0,0,0,5,121,14883646,147,147,46069212,11,22,3974877,0,0,0,2,106,13407238
201904,33,017,1,1,Strafford County              ,63,63,14693345,3,6,814877,0,0,0,3,155,60058204,51,51,12427969,3,6,814877,0,0,0,2,150,59592687
201904,34,001,1,2,Atlantic County               ,112,112,32997117,0,0,0,0,0,0,9,163,15015368,109,109,32634865,0,0,0,0,0,0,6,87,5402000
201904,34,003,1,2,Bergen County                 ,270,270,90841991,29,58,10331642,3,10,1064281,28,371,73910283,183,183,61477187,25,50,9110316,1,4,560000,7,239,58526882
201904,34,005,1,2,Burlington County             ,189,189,23483273,0,0,0,0,0,0,23,426,35430256,85,85,14282909,0,0,0,0,0,0,13,363,29857436
201904,34,007,1,2,Camden County                 ,75,75,8361385,1,2,232,0,0,0,22,357,6665960,58,58,4911295,1,2,232,0,0,0,12,247,1368161
201904,34,009,1,2,Cape May County               ,125,125,38195756,22,44,5961010,1,4,55000,0,0,0,125,125,38195756,22,44,5961010,1,4,55000,0,0,0
201904,34,011,1,2,Cumberland County             ,21,21,1514423,0,0,0,0,0,0,0,0,0,10,10,501114,0,0,0,0,0,0,0,0,0
201904,34,013,1,2,Essex County                  ,112,112,19041143,20,40,5434056,10,30,3634935,18,552,39923350,61,61,14580210,19,38,5319556,9,27,3356305,2,280,14500600
201904,34,015,1,2,Gloucester County             ,139,139,18146117,2,4,173576,0,0,0,12,100,11188062,95,95,13390003,0,0,0,0,0,0,3,24,2252265
201904,34,017,1,2,Hudson County                 ,94,94,15717373,17,34,4158886,20,66,12907876,9,1165,39525072,93,93,15193194,14,28,3304950,20,66,12907876,7,1100,27445426
201904,34,019,1,2,Hunterdon County              ,49,49,12068977,1,2,233200,0,0,0,7,52,1921492,42,42,10863087,0,0,0,0,0,0,1,16,50000
201904,34,021,1,2,Mercer County                 ,57,57,11532508,1,2,86914,9,32,1146033,6,85,3840632,49,49,7797526,0,0,0,1,4,340000,3,56,1856900
201904,34,023,1,2,Middlesex County              ,266,266,48294592,5,10,611361,2,7,474967,22,466,48047603,240,240,44156177,5,10,611361,2,7,474967,14,362,41463450
201904,34,025,1,2,Monmouth County               ,241,241,66605507,2,4,523400,0,0,0,4,97,216400,205,205,52389932,2,4,523400,0,0,0,3,92,181400
201904,34,027,1,2,Morris County                 ,329,329,55616889,0,0,0,16,57,1463711,10,321,29891827,266,266,41277618,0,0,0,13,45,976410,3,251,21715000
201904,34,029,1,2,Ocean County                  ,625,625,131195669,6,12,1444000,0,0,0,7,92,9491053,598,598,127272927,6,12,1444000,0,0,0,6,84,8674525
201904,34,031,1,2,Passaic County                ,24,24,5420486,2,4,271716,1,3,219751,4,38,3020363,14,14,3456014,0,0,0,0,0,0,0,0,0
201904,34,033,1,2,Salem County                  ,38,38,6045700,0,0,0,0,0,0,0,0,0,38,38,6045700,0,0,0,0,0,0,0,0,0
201904,34,035,1,2,Somerset County               ,113,113,20007178,0,0,0,0,0,0,10,133,6582449,84,84,14716402,0,0,0,0,0,0,2,72,2327500
201904,34,037,1,2,Sussex County                 ,43,43,7974611,18,36,2934000,0,0,0,0,0,0,36,36,6327216,18,36,2934000,0,0,0,0,0,0
201904,34,039,1,2,Union County                  ,72,72,17193853,26,52,4173449,1,3,600000,10,105,3681890,48,48,13478671,21,42,3284100,1,3,600000,2,59,623000
201904,34,041,1,2,Warren County                 ,15,15,2592053,0,0,0,0,0,0,3,21,758283,12,12,1987001,0,0,0,0,0,0,0,0,0
201904,35,000,4,8,New Mexico Balance of State   ,115,115,31182343,0,0,0,0,0,0,0,0,0,0,0,0,0,0,0,0,0,0,0,0,0
201904,35,001,4,8,Bernalillo County             ,338,338,84354063,0,0,0,0,0,0,0,0,0,338,338,84354063,0,0,0,0,0,0,0,0,0
201904,35,005,4,8,Chaves County                 ,21,21,3824869,0,0,0,0,0,0,0,0,0,10,10,1925000,0,0,0,0,0,0,0,0,0
201904,35,009,4,8,Curry County                  ,15,15,3797655,0,0,0,0,0,0,2,10,921876,0,0,0,0,0,0,0,0,0,0,0,0
201904,35,013,4,8,Dona Ana County               ,265,265,62658943,2,4,383396,0,0,0,2,26,1923219,206,206,50277429,2,4,383396,0,0,0,0,0,0
201904,35,015,4,8,Eddy County                   ,85,85,27458812,0,0,0,0,0,0,0,0,0,85,85,27458812,0,0,0,0,0,0,0,0,0
201904,35,017,4,8,Grant County                  ,4,4,650028,0,0,0,0,0,0,0,0,0,0,0,0,0,0,0,0,0,0,0,0,0
201904,35,025,4,8,Lea County                    ,61,61,13568225,0,0,0,0,0,0,0,0,0,56,56,12540695,0,0,0,0,0,0,0,0,0
201904,35,027,4,8,Lincoln County                ,22,22,7241390,0,0,0,0,0,0,0,0,0,22,22,7241390,0,0,0,0,0,0,0,0,0
201904,35,028,4,8,Los Alamos County             ,1,1,290963,0,0,0,0,0,0,0,0,0,0,0,0,0,0,0,0,0,0,0,0,0
201904,35,029,4,8,Luna County                   ,4,4,899824,0,0,0,0,0,0,0,0,0,1,1,340000,0,0,0,0,0,0,0,0,0
201904,35,031,4,8,McKinley County               ,1,1,265000,0,0,0,0,0,0,0,0,0,1,1,265000,0,0,0,0,0,0,0,0,0
201904,35,035,4,8,Otero County                  ,0,0,0,0,0,0,0,0,0,0,0,0,0,0,0,0,0,0,0,0,0,0,0,0
201904,35,041,4,8,Roosevelt County              ,6,6,906114,0,0,0,0,0,0,0,0,0,0,0,0,0,0,0,0,0,0,0,0,0
201904,35,043,4,8,Sandoval County               ,208,208,46143015,1,2,283271,1,3,251560,4,22,916666,0,0,0,0,0,0,0,0,0,0,0,0
201904,35,045,4,8,San Juan County               ,21,21,4583701,2,4,650880,0,0,0,1,8,500000,18,18,3716861,2,4,650880,0,0,0,1,8,500000
201904,35,047,4,8,San Miguel County             ,1,1,140000,0,0,0,0,0,0,0,0,0,0,0,0,0,0,0,0,0,0,0,0,0
201904,35,049,4,8,Santa Fe County               ,89,89,21354018,0,0,0,0,0,0,1,77,11802560,89,89,21354018,0,0,0,0,0,0,1,77,11802560
201904,35,051,4,8,Sierra County                 ,0,0,0,0,0,0,0,0,0,0,0,0,0,0,0,0,0,0,0,0,0,0,0,0
201904,35,055,4,8,Taos County                   ,27,27,2960707,0,0,0,0,0,0,0,0,0,0,0,0,0,0,0,0,0,0,0,0,0
201904,35,061,4,8,Valencia County               ,45,45,7607440,0,0,0,0,0,0,0,0,0,45,45,7607440,0,0,0,0,0,0,0,0,0
201904,36,001,1,2,Albany County                 ,67,67,17119577,0,0,0,0,0,0,7,151,16499151,52,52,13847512,0,0,0,0,0,0,2,104,9500000
201904,36,005,1,2,Bronx County                  ,0,0,0,11,22,3260824,6,18,2237537,26,1415,184166916,0,0,0,11,22,3260824,6,18,2237537,26,1415,184166916
201904,36,029,1,2,Erie County                   ,238,238,67910074,1,2,300000,0,0,0,4,70,15668531,200,200,56877807,1,2,300000,0,0,0,0,0,0
201904,36,047,1,2,Kings County                  ,13,13,3458265,6,12,1778632,19,62,7707072,113,2794,363648311,13,13,3458265,6,12,1778632,19,62,7707072,113,2794,363648311
201904,36,051,1,2,Livingston County             ,10,10,1968615,0,0,0,0,0,0,4,20,1089286,5,5,1180000,0,0,0,0,0,0,0,0,0
201904,36,055,1,2,Monroe County                 ,174,174,43544986,0,0,0,4,15,2072500,16,339,52889000,152,152,39586125,0,0,0,4,15,2072500,15,334,52482750
201904,36,059,1,2,Nassau County                 ,229,229,87983638,0,0,0,0,0,0,3,45,21493344,201,201,71121701,0,0,0,0,0,0,3,45,21493344
201904,36,061,1,2,New York County               ,1,1,266020,1,2,296439,0,0,0,24,1684,219178151,1,1,266020,1,2,296439,0,0,0,24,1684,219178151
201904,36,063,1,2,Niagara County                ,69,69,20624776,1,2,400000,0,0,0,0,0,0,48,48,14897110,1,2,400000,0,0,0,0,0,0
201904,36,069,1,2,Ontario County                ,72,72,25373016,0,0,0,1,3,50000,1,8,700000,62,62,22702072,0,0,0,1,3,50000,0,0,0
201904,36,073,1,2,Orleans County                ,2,2,453000,0,0,0,0,0,0,0,0,0,1,1,198000,0,0,0,0,0,0,0,0,0
201904,36,079,1,2,Putnam County                 ,11,11,2841050,0,0,0,0,0,0,2,48,5114570,11,11,2841050,0,0,0,0,0,0,2,48,5114570
201904,36,081,1,2,Queens County                 ,22,22,5852449,40,80,11857544,10,30,3729229,25,2133,277616982,22,22,5852449,40,80,11857544,10,30,3729229,25,2133,277616982
201904,36,083,1,2,Rensselaer County             ,30,30,7276140,1,2,550000,0,0,0,2,17,1400000,17,17,3781620,0,0,0,0,0,0,1,12,900000
201904,36,085,1,2,Richmond County               ,82,82,21813673,69,138,20454264,1,3,372923,0,0,0,82,82,21813673,69,138,20454264,1,3,372923,0,0,0
201904,36,087,1,2,Rockland County               ,27,27,10075313,8,16,2369256,10,34,4792363,14,100,16586903,18,18,7376900,0,0,0,2,8,1800000,0,0,0
201904,36,091,1,2,Saratoga County               ,186,186,56299185,2,4,470074,0,0,0,5,25,1237000,147,147,44484881,1,2,200000,0,0,0,0,0,0
201904,36,093,1,2,Schenectady County            ,25,25,4049143,0,0,0,0,0,0,2,16,1200000,20,20,3105000,0,0,0,0,0,0,2,16,1200000
201904,36,095,1,2,Schoharie County              ,5,5,1203514,0,0,0,0,0,0,0,0,0,2,2,400000,0,0,0,0,0,0,0,0,0
201904,36,099,1,2,Seneca County                 ,11,11,1197571,0,0,0,0,0,0,0,0,0,9,9,843402,0,0,0,0,0,0,0,0,0
201904,36,103,1,2,Suffolk County                ,210,210,143608813,1,2,296439,0,0,0,5,37,5155990,181,181,127092426,1,2,296439,0,0,0,1,17,2212606
201904,36,117,1,2,Wayne County                  ,25,25,5688224,1,2,265000,1,3,125000,2,12,550000,22,22,5164600,1,2,265000,1,3,125000,2,12,550000
201904,36,119,1,2,Westchester County            ,103,103,45195228,4,8,1179166,0,0,0,8,117,10729624,84,84,36171770,2,4,650000,0,0,0,1,29,2279906
201904,37,007,3,5,Anson County                  ,16,16,2397840,0,0,0,0,0,0,0,0,0,0,0,0,0,0,0,0,0,0,0,0,0
201904,37,011,3,5,Avery County                  ,22,22,8218591,1,2,29000,1,4,600000,0,0,0,22,22,8218591,1,2,29000,1,4,600000,0,0,0
201904,37,015,3,5,Bertie County                 ,3,3,710110,0,0,0,0,0,0,0,0,0,3,3,710110,0,0,0,0,0,0,0,0,0
201904,37,025,3,5,Cabarrus County               ,623,623,105602409,1,2,90000,0,0,0,8,110,7487344,623,623,105602409,1,2,90000,0,0,0,8,110,7487344
201904,37,033,3,5,Caswell County                ,5,5,1301264,0,0,0,0,0,0,0,0,0,5,5,1301264,0,0,0,0,0,0,0,0,0
201904,37,037,3,5,Chatham County                ,205,205,61491286,0,0,0,0,0,0,0,0,0,195,195,60490812,0,0,0,0,0,0,0,0,0
201904,37,051,3,5,Cumberland County             ,212,212,34721405,0,0,0,0,0,0,0,0,0,212,212,34721405,0,0,0,0,0,0,0,0,0
201904,37,053,3,5,Currituck County              ,144,144,32449310,0,0,0,0,0,0,0,0,0,144,144,32449310,0,0,0,0,0,0,0,0,0
201904,37,059,3,5,Davie County                  ,51,51,11176965,0,0,0,0,0,0,0,0,0,51,51,11176965,0,0,0,0,0,0,0,0,0
201904,37,063,3,5,Durham County                 ,662,662,127611460,1,2,169897,0,0,0,13,428,34095064,0,0,0,0,0,0,0,0,0,0,0,0
201904,37,069,3,5,Franklin County               ,265,265,51714007,1,2,120000,0,0,0,0,0,0,265,265,51714007,1,2,120000,0,0,0,0,0,0
201904,37,071,3,5,Gaston County                 ,475,475,170632567,0,0,0,0,0,0,0,0,0,475,475,170632567,0,0,0,0,0,0,0,0,0
201904,37,077,3,5,Granville County              ,109,109,18447040,0,0,0,0,0,0,0,0,0,109,109,18447040,0,0,0,0,0,0,0,0,0
201904,37,081,3,5,Guilford County               ,490,490,119080096,0,0,0,0,0,0,5,105,9128510,490,490,119080096,0,0,0,0,0,0,5,105,9128510
201904,37,089,3,5,Henderson County              ,156,156,40849747,0,0,0,0,0,0,0,0,0,156,156,40849747,0,0,0,0,0,0,0,0,0
201904,37,093,3,5,Hoke County                   ,58,58,13711601,0,0,0,0,0,0,0,0,0,58,58,13711601,0,0,0,0,0,0,0,0,0
201904,37,097,3,5,Iredell County                ,392,392,102270261,0,0,0,0,0,0,1,68,6520037,392,392,102270261,0,0,0,0,0,0,1,68,6520037
201904,37,101,3,5,Johnston County               ,761,761,128962332,2,4,398000,0,0,0,0,0,0,716,716,122714582,2,4,398000,0,0,0,0,0,0
201904,37,119,3,5,Mecklenburg County            ,1640,1640,387707326,8,16,2786291,6,20,2915681,39,1923,150447033,1640,1640,387707326,8,16,2786291,6,20,2915681,39,1923,150447033
201904,37,133,3,5,Onslow County                 ,443,443,61662406,2,4,628000,0,0,0,0,0,0,443,443,61662406,2,4,628000,0,0,0,0,0,0
201904,37,135,3,5,Orange County                 ,166,166,55351162,0,0,0,0,0,0,0,0,0,127,127,42718382,0,0,0,0,0,0,0,0,0
201904,37,145,3,5,Person County                 ,39,39,8654978,0,0,0,0,0,0,0,0,0,39,39,8654978,0,0,0,0,0,0,0,0,0
201904,37,151,3,5,Randolph County               ,95,95,21446961,1,2,85000,0,0,0,0,0,0,91,91,21072030,0,0,0,0,0,0,0,0,0
201904,37,157,3,5,Rockingham County             ,42,42,11562807,2,4,756700,0,0,0,0,0,0,42,42,11562807,2,4,756700,0,0,0,0,0,0
201904,37,179,3,5,Union County                  ,444,444,101351490,0,0,0,0,0,0,0,0,0,444,444,101351490,0,0,0,0,0,0,0,0,0
201904,37,181,3,5,Vance County                  ,15,15,2844499,0,0,0,0,0,0,0,0,0,15,15,2844499,0,0,0,0,0,0,0,0,0
201904,37,183,3,5,Wake County                   ,2573,2573,581790916,0,0,0,0,0,0,10,598,70447393,2573,2573,581790916,0,0,0,0,0,0,10,598,70447393
201904,37,195,3,5,Wilson County                 ,45,45,6273501,1,2,85000,0,0,0,0,0,0,45,45,6273501,1,2,85000,0,0,0,0,0,0
201904,39,007,2,3,Ashtabula County              ,25,25,4416000,1,2,85000,0,0,0,0,0,0,25,25,4416000,1,2,85000,0,0,0,0,0,0
201904,39,015,2,3,Brown County                  ,32,32,8272423,0,0,0,0,0,0,0,0,0,32,32,8272423,0,0,0,0,0,0,0,0,0
201904,39,017,2,3,Butler County                 ,233,233,49766747,0,0,0,0,0,0,0,0,0,176,176,38376407,0,0,0,0,0,0,0,0,0
201904,39,025,2,3,Clermont County               ,162,162,38184085,0,0,0,3,10,713220,5,40,2152460,162,162,38184085,0,0,0,3,10,713220,5,40,2152460
201904,39,041,2,3,Delaware County               ,408,408,130128720,0,0,0,0,0,0,6,53,6941293,385,385,121632826,0,0,0,0,0,0,2,10,1664000
201904,39,049,2,3,Franklin County               ,373,373,115514360,1,2,300000,3,12,3984000,32,523,76858503,349,349,105712994,1,2,300000,3,12,3984000,29,503,75073297
201904,39,055,2,3,Geauga County                 ,54,54,20643632,0,0,0,0,0,0,0,0,0,54,54,20643632,0,0,0,0,0,0,0,0,0
201904,39,085,2,3,Lake County                   ,118,118,26199985,0,0,0,0,0,0,0,0,0,118,118,26199985,0,0,0,0,0,0,0,0,0
201904,39,089,2,3,Licking County                ,86,86,28033753,0,0,0,0,0,0,0,0,0,86,86,28033753,0,0,0,0,0,0,0,0,0
201904,39,093,2,3,Lorain County                 ,301,301,67227465,4,8,1168509,3,12,1377674,4,36,2948250,253,253,59257336,4,8,1168509,2,8,1070000,3,30,2760000
201904,39,097,2,3,Madison County                ,39,39,10120869,0,0,0,0,0,0,0,0,0,36,36,9347422,0,0,0,0,0,0,0,0,0
201904,39,103,2,3,Medina County                 ,153,153,45311220,3,6,720948,5,18,2094671,0,0,0,146,146,44009466,3,6,720948,5,18,2094671,0,0,0
201904,39,117,2,3,Morrow County                 ,27,27,5117645,0,0,0,0,0,0,0,0,0,26,26,5067645,0,0,0,0,0,0,0,0,0
201904,39,159,2,3,Union County                  ,125,125,34986362,1,2,209000,0,0,0,0,0,0,125,125,34986362,1,2,209000,0,0,0,0,0,0
201904,39,165,2,3,Warren County                 ,412,412,112333566,1,2,297932,2,8,2060931,3,145,19347745,395,395,107867198,1,2,297932,2,8,2060931,3,145,19347745
201904,40,001,3,7,Adair County                  ,4,4,709672,0,0,0,0,0,0,0,0,0,0,0,0,0,0,0,0,0,0,0,0,0
201904,40,017,3,7,Canadian County               ,138,138,28803203,8,16,1813590,3,11,1404000,0,0,0,132,132,27385907,8,16,1813590,3,11,1404000,0,0,0
201904,40,021,3,7,Cherokee County               ,17,17,2231050,3,6,390000,0,0,0,1,5,244048,0,0,0,0,0,0,0,0,0,0,0,0
201904,40,027,3,7,Cleveland County              ,244,244,60024483,11,22,4300000,2,7,937750,3,244,34000000,238,238,59216583,11,22,4300000,2,7,937750,3,244,34000000
201904,40,029,3,7,Coal County                   ,0,0,0,0,0,0,0,0,0,0,0,0,0,0,0,0,0,0,0,0,0,0,0,0
201904,40,037,3,7,Creek County                  ,16,16,3593475,0,0,0,0,0,0,0,0,0,4,4,667500,0,0,0,0,0,0,0,0,0
201904,40,051,3,7,Grady County                  ,13,13,3042000,0,0,0,0,0,0,0,0,0,13,13,3042000,0,0,0,0,0,0,0,0,0
201904,40,055,3,7,Greer County                  ,2,2,525000,0,0,0,0,0,0,0,0,0,0,0,0,0,0,0,0,0,0,0,0,0
201904,40,081,3,7,Lincoln County                ,3,3,627314,0,0,0,0,0,0,0,0,0,3,3,627314,0,0,0,0,0,0,0,0,0
201904,40,083,3,7,Logan County                  ,6,6,1442000,0,0,0,0,0,0,0,0,0,6,6,1442000,0,0,0,0,0,0,0,0,0
201904,40,087,3,7,McClain County                ,208,208,35065970,0,0,0,0,0,0,0,0,0,182,182,28863940,0,0,0,0,0,0,0,0,0
201904,40,109,3,7,Oklahoma County               ,1283,1283,312816803,6,12,1240000,0,0,0,0,0,0,1267,1267,310333940,6,12,1240000,0,0,0,0,0,0
201904,40,111,3,7,Okmulgee County               ,0,0,0,0,0,0,0,0,0,0,0,0,0,0,0,0,0,0,0,0,0,0,0,0
201904,40,113,3,7,Osage County                  ,43,43,9502829,0,0,0,0,0,0,0,0,0,43,43,9502829,0,0,0,0,0,0,0,0,0
201904,40,117,3,7,Pawnee County                 ,1,1,200000,0,0,0,0,0,0,0,0,0,1,1,200000,0,0,0,0,0,0,0,0,0
201904,40,131,3,7,Rogers County                 ,203,203,38851463,2,4,260000,0,0,0,0,0,0,201,201,38644797,2,4,260000,0,0,0,0,0,0
201904,40,143,3,7,Tulsa County                  ,640,640,152279506,1,2,265000,2,8,1200000,9,382,50137823,606,606,147119264,1,2,265000,2,8,1200000,9,382,50137823
201904,40,145,3,7,Wagoner County                ,150,150,28112454,0,0,0,0,0,0,0,0,0,150,150,28112454,0,0,0,0,0,0,0,0,0
201904,41,000,4,9,Oregon Balance of State       ,48,48,5324484,0,0,0,0,0,0,0,0,0,0,0,0,0,0,0,0,0,0,0,0,0
201904,41,005,4,9,Clackamas County              ,379,379,116585150,1,2,511373,3,12,1274272,3,89,12682683,366,366,109922587,1,2,511373,3,12,1274272,2,81,11519347
201904,41,017,4,9,Deschutes County              ,429,429,114579180,15,30,3325593,2,6,925727,4,66,7829810,400,400,107326147,15,30,3325593,2,6,925727,4,66,7829810
201904,41,019,4,9,Douglas County                ,72,72,19247193,1,2,238795,0,0,0,0,0,0,72,72,19247193,1,2,238795,0,0,0,0,0,0
201904,41,025,4,9,Harney County                 ,1,1,225138,0,0,0,0,0,0,0,0,0,0,0,0,0,0,0,0,0,0,0,0,0
201904,41,035,4,9,Klamath County                ,35,35,8999575,0,0,0,0,0,0,0,0,0,35,35,8999575,0,0,0,0,0,0,0,0,0
201904,41,051,4,9,Multnomah County              ,312,312,84083518,25,50,9358109,6,22,3111970,41,1417,188991103,312,312,84083518,25,50,9358109,6,22,3111970,41,1417,188991103
201904,41,067,4,9,Washington County             ,583,583,161582281,2,4,624916,0,0,0,10,783,106820138,579,579,160150485,2,4,624916,0,0,0,10,783,106820138
201904,41,071,4,9,Yamhill County                ,102,102,25720337,2,4,293442,0,0,0,0,0,0,53,53,14201418,2,4,293442,0,0,0,0,0,0
201904,42,001,1,2,Adams County                  ,66,66,16295568,0,0,0,0,0,0,0,0,0,30,30,8932320,0,0,0,0,0,0,0,0,0
201904,42,017,1,2,Bucks County                  ,244,244,54607013,0,0,0,2,7,1551664,3,15,1463500,171,171,38632112,0,0,0,2,7,1551664,3,15,1463500
201904,42,029,1,2,Chester County                ,394,394,81820540,0,0,0,2,6,773776,3,96,12373797,327,327,67087523,0,0,0,0,0,0,3,96,12373797
201904,42,037,1,2,Columbia County               ,21,21,4927435,0,0,0,0,0,0,0,0,0,12,12,2647077,0,0,0,0,0,0,0,0,0
201904,42,041,1,2,Cumberland County             ,191,191,38335179,5,10,1259585,6,19,4364663,18,163,25763585,164,164,33716503,5,10,1259585,6,19,4364663,18,163,25763585
201904,42,043,1,2,Dauphin County                ,114,114,25814835,0,0,0,6,21,3518173,1,5,636500,109,109,24700767,0,0,0,6,21,3518173,1,5,636500
201904,42,045,1,2,Delaware County               ,89,89,23625090,0,0,0,0,0,0,0,0,0,47,47,13515028,0,0,0,0,0,0,0,0,0
201904,42,055,1,2,Franklin County               ,91,91,16846138,1,2,185000,0,0,0,4,20,1950116,72,72,14259688,0,0,0,0,0,0,0,0,0
201904,42,091,1,2,Montgomery County             ,381,381,96419852,2,4,646510,6,21,3593390,11,283,42871973,305,305,79774657,1,2,408010,6,21,3593390,8,242,37952270
201904,42,093,1,2,Montour County                ,8,8,1530301,0,0,0,0,0,0,0,0,0,6,6,1050195,0,0,0,0,0,0,0,0,0
201904,42,099,1,2,Perry County                  ,25,25,6412266,0,0,0,0,0,0,0,0,0,1,1,260000,0,0,0,0,0,0,0,0,0
201904,42,101,1,2,Philadelphia County           ,285,285,75815816,57,114,16798722,62,204,25043212,32,731,94132770,285,285,75815816,57,114,16798722,62,204,25043212,32,731,94132770
201904,42,103,1,2,Pike County                   ,49,49,14353497,0,0,0,0,0,0,0,0,0,46,46,13571875,0,0,0,0,0,0,0,0,0
201904,44,001,1,1,Bristol County                ,12,12,3667082,0,0,0,0,0,0,0,0,0,11,11,3166820,0,0,0,0,0,0,0,0,0
201904,44,003,1,1,Kent County                   ,24,24,3791919,3,6,644150,1,3,425000,1,24,1400000,18,18,2454256,3,6,644150,1,3,425000,1,24,1400000
201904,44,005,1,1,Newport County                ,38,38,11066500,0,0,0,0,0,0,0,0,0,38,38,11066500,0,0,0,0,0,0,0,0,0
201904,44,007,1,1,Providence County             ,103,103,19491704,1,2,180000,0,0,0,1,5,375000,76,76,16059188,0,0,0,0,0,0,0,0,0
201904,44,009,1,1,Washington County             ,95,95,21699399,0,0,0,0,0,0,1,9,600000,69,69,12607904,0,0,0,0,0,0,0,0,0
201904,45,003,3,5,Aiken County                  ,273,273,59825571,0,0,0,0,0,0,0,0,0,273,273,59825571,0,0,0,0,0,0,0,0,0
201904,45,009,3,5,Bamberg County                ,1,1,300000,0,0,0,0,0,0,0,0,0,1,1,300000,0,0,0,0,0,0,0,0,0
201904,45,015,3,5,Berkeley County               ,607,607,168601531,0,0,0,0,0,0,14,390,22828477,490,490,143789913,0,0,0,0,0,0,11,297,20634414
201904,45,017,3,5,Calhoun County                ,8,8,1182276,0,0,0,0,0,0,0,0,0,0,0,0,0,0,0,0,0,0,0,0,0
201904,45,019,3,5,Charleston County             ,920,920,246976813,3,6,2440596,0,0,0,15,353,25708600,485,485,182580129,3,6,2440596,0,0,0,0,0,0
201904,45,035,3,5,Dorchester County             ,180,180,50900030,0,0,0,0,0,0,0,0,0,178,178,50685030,0,0,0,0,0,0,0,0,0
201904,45,037,3,5,Edgefield County              ,35,35,8540684,0,0,0,0,0,0,0,0,0,27,27,7001362,0,0,0,0,0,0,0,0,0
201904,45,039,3,5,Fairfield County              ,20,20,4951086,0,0,0,0,0,0,0,0,0,11,11,2895430,0,0,0,0,0,0,0,0,0
201904,45,045,3,5,Greenville County             ,1232,1232,291413683,2,4,680000,0,0,0,28,420,33250376,1216,1216,288468446,2,4,680000,0,0,0,26,380,30509197
201904,45,051,3,5,Horry County                  ,1382,1382,246469864,14,28,5417042,1,4,602030,2,10,500000,1281,1281,220965962,13,26,4848562,1,4,602030,0,0,0
201904,45,055,3,5,Kershaw County                ,101,101,13416420,0,0,0,0,0,0,0,0,0,98,98,12934685,0,0,0,0,0,0,0,0,0
201904,45,059,3,5,Laurens County                ,57,57,6768882,0,0,0,0,0,0,0,0,0,57,57,6768882,0,0,0,0,0,0,0,0,0
201904,45,063,3,5,Lexington County              ,584,584,146436350,0,0,0,0,0,0,2,37,3339283,77,77,17890621,0,0,0,0,0,0,0,0,0
201904,45,077,3,5,Pickens County                ,184,184,61405279,0,0,0,1,3,390000,7,89,10434690,94,94,33344990,0,0,0,0,0,0,2,24,2494590
201904,45,079,3,5,Richland County               ,499,499,96401539,0,0,0,0,0,0,0,0,0,442,442,82854779,0,0,0,0,0,0,0,0,0
201904,45,081,3,5,Saluda County                 ,13,13,3191726,0,0,0,0,0,0,0,0,0,0,0,0,0,0,0,0,0,0,0,0,0
201904,45,085,3,5,Sumter County                 ,81,81,10530846,0,0,0,0,0,0,0,0,0,61,61,7819126,0,0,0,0,0,0,0,0,0
201904,45,091,3,5,York County                   ,820,820,264453333,0,0,0,2,6,1207732,14,149,18877341,174,174,49741450,0,0,0,2,6,1207732,6,34,6843804
201904,46,007,2,4,Bennett County                ,0,0,0,0,0,0,0,0,0,0,0,0,0,0,0,0,0,0,0,0,0,0,0,0
201904,46,055,2,4,Haakon County                 ,0,0,0,0,0,0,0,0,0,0,0,0,0,0,0,0,0,0,0,0,0,0,0,0
201904,46,071,2,4,Jackson County                ,0,0,0,0,0,0,0,0,0,0,0,0,0,0,0,0,0,0,0,0,0,0,0,0
201904,46,111,2,4,Sanborn County                ,2,2,340000,0,0,0,0,0,0,0,0,0,2,2,340000,0,0,0,0,0,0,0,0,0
201904,47,001,3,6,Anderson County               ,50,50,8365233,0,0,0,0,0,0,0,0,0,44,44,7304253,0,0,0,0,0,0,0,0,0
201904,47,015,3,6,Cannon County                 ,2,2,401407,0,0,0,0,0,0,0,0,0,1,1,165000,0,0,0,0,0,0,0,0,0
201904,47,021,3,6,Cheatham County               ,71,71,15562955,0,0,0,0,0,0,0,0,0,71,71,15562955,0,0,0,0,0,0,0,0,0
201904,47,037,3,6,Davidson County               ,1116,1116,289555903,0,0,0,5,15,1715440,22,1404,119795018,1115,1115,288340625,0,0,0,5,15,1715440,22,1404,119795018
201904,47,043,3,6,Dickson County                ,102,102,20658635,0,0,0,0,0,0,0,0,0,36,36,7804103,0,0,0,0,0,0,0,0,0
201904,47,049,3,6,Fentress County               ,0,0,0,0,0,0,0,0,0,0,0,0,0,0,0,0,0,0,0,0,0,0,0,0
201904,47,081,3,6,Hickman County                ,24,24,4343001,1,2,140000,0,0,0,0,0,0,9,9,1678458,1,2,140000,0,0,0,0,0,0
201904,47,093,3,6,Knox County                   ,614,614,128676826,2,4,900000,0,0,0,8,424,81034262,234,234,45666402,2,4,900000,0,0,0,2,262,68000000
201904,47,105,3,6,Loudon County                 ,133,133,33750748,0,0,0,0,0,0,0,0,0,120,120,31564624,0,0,0,0,0,0,0,0,0
201904,47,125,3,6,Montgomery County             ,653,653,94506512,5,10,790870,7,27,1502571,13,80,4398253,578,578,85338034,3,6,600000,6,23,1250000,10,65,3575000
201904,47,139,3,6,Polk County                   ,64,64,11527940,0,0,0,0,0,0,0,0,0,0,0,0,0,0,0,0,0,0,0,0,0
201904,47,149,3,6,Rutherford County             ,764,764,188635357,3,6,994700,0,0,0,8,340,39802492,738,738,184028725,3,6,994700,0,0,0,8,340,39802492
201904,47,153,3,6,Sequatchie County             ,2,2,202000,0,0,0,0,0,0,0,0,0,2,2,202000,0,0,0,0,0,0,0,0,0
201904,47,157,3,6,Shelby County                 ,214,214,65127021,0,0,0,4,16,4200000,1,18,1450000,214,214,65127021,0,0,0,4,16,4200000,1,18,1450000
201904,47,159,3,6,Smith County                  ,19,19,4327340,0,0,0,0,0,0,0,0,0,19,19,4327340,0,0,0,0,0,0,0,0,0
201904,47,161,3,6,Stewart County                ,0,0,0,0,0,0,0,0,0,0,0,0,0,0,0,0,0,0,0,0,0,0,0,0
201904,47,165,3,6,Sumner County                 ,404,404,97899157,0,0,0,0,0,0,0,0,0,404,404,97899157,0,0,0,0,0,0,0,0,0
201904,47,167,3,6,Tipton County                 ,45,45,7875493,0,0,0,0,0,0,0,0,0,17,17,4082758,0,0,0,0,0,0,0,0,0
201904,47,169,3,6,Trousdale County              ,29,29,3868116,0,0,0,0,0,0,0,0,0,22,22,2880000,0,0,0,0,0,0,0,0,0
201904,47,173,3,6,Union County                  ,29,29,4517688,0,0,0,0,0,0,0,0,0,22,22,3490000,0,0,0,0,0,0,0,0,0
201904,47,175,3,6,Van Buren County              ,0,0,0,0,0,0,0,0,0,0,0,0,0,0,0,0,0,0,0,0,0,0,0,0
201904,47,189,3,6,Wilson County                 ,444,444,116825016,0,0,0,0,0,0,0,0,0,396,396,102597979,0,0,0,0,0,0,0,0,0
201904,48,013,3,7,Atascosa County               ,10,10,1799719,0,0,0,0,0,0,0,0,0,4,4,691460,0,0,0,0,0,0,0,0,0
201904,48,015,3,7,Austin County                 ,7,7,1363622,0,0,0,0,0,0,0,0,0,1,1,233051,0,0,0,0,0,0,0,0,0
201904,48,019,3,7,Bandera County                ,1,1,210000,0,0,0,0,0,0,0,0,0,0,0,0,0,0,0,0,0,0,0,0,0
201904,48,021,3,7,Bastrop County                ,56,56,10204134,0,0,0,0,0,0,0,0,0,43,43,8449296,0,0,0,0,0,0,0,0,0
201904,48,025,3,7,Bee County                    ,2,2,198336,0,0,0,0,0,0,0,0,0,0,0,0,0,0,0,0,0,0,0,0,0
201904,48,027,3,7,Bell County                   ,665,665,121778064,59,118,10535384,0,0,0,1,5,396770,615,615,112507809,59,118,10535384,0,0,0,0,0,0
201904,48,029,3,7,Bexar County                  ,1403,1403,324728421,2,4,485966,17,66,6422384,90,812,91622632,1218,1218,298523484,2,4,485966,15,60,6422384,85,785,85868954
201904,48,051,3,7,Burleson County               ,0,0,0,0,0,0,0,0,0,0,0,0,0,0,0,0,0,0,0,0,0,0,0,0
201904,48,055,3,7,Caldwell County               ,88,88,17215783,1,2,180000,0,0,0,0,0,0,5,5,527000,0,0,0,0,0,0,0,0,0
201904,48,085,3,7,Collin County                 ,2814,2814,880532976,0,0,0,2,8,427336,15,266,15566015,2491,2491,780024865,0,0,0,2,8,427336,15,266,15566015
201904,48,091,3,7,Comal County                  ,878,878,207696764,0,0,0,0,0,0,0,0,0,878,878,207696764,0,0,0,0,0,0,0,0,0
201904,48,099,3,7,Coryell County                ,68,68,8892116,0,0,0,0,0,0,0,0,0,68,68,8892116,0,0,0,0,0,0,0,0,0
201904,48,107,3,7,Crosby County                 ,1,1,10000,0,0,0,0,0,0,0,0,0,1,1,10000,0,0,0,0,0,0,0,0,0
201904,48,113,3,7,Dallas County                 ,1684,1684,495310769,27,54,9030867,22,82,14475799,75,4065,421241658,1636,1636,473598184,27,54,9030867,22,82,14475799,65,3384,356687770
201904,48,119,3,7,Delta County                  ,5,5,764337,0,0,0,0,0,0,0,0,0,5,5,764337,0,0,0,0,0,0,0,0,0
201904,48,135,3,7,Ector County                  ,213,213,44305442,1,2,200000,0,0,0,15,326,44369325,167,167,35634725,1,2,200000,0,0,0,15,326,44369325
201904,48,139,3,7,Ellis County                  ,625,625,149783512,6,12,1432057,1,3,390032,4,36,6128096,416,416,103499610,5,10,1214916,1,3,390032,0,0,0
201904,48,141,3,7,El Paso County                ,870,870,177423104,11,22,2002641,29,113,12432226,13,244,28225455,85,85,10247939,2,4,259516,12,48,5254000,0,0,0
201904,48,157,3,7,Fort Bend County              ,2754,2754,207807277,4,8,918160,0,0,0,4,20,1565168,186,186,54693734,0,0,0,0,0,0,0,0,0
201904,48,167,3,7,Galveston County              ,731,731,177608416,0,0,0,1,3,366181,0,0,0,568,568,147190668,0,0,0,0,0,0,0,0,0
201904,48,185,3,7,Grimes County                 ,46,46,4740308,0,0,0,0,0,0,0,0,0,46,46,4740308,0,0,0,0,0,0,0,0,0
201904,48,187,3,7,Guadalupe County              ,279,279,63737497,3,6,667887,0,0,0,1,156,21897074,279,279,63737497,3,6,667887,0,0,0,1,156,21897074
201904,48,193,3,7,Hamilton County               ,1,1,80000,0,0,0,0,0,0,0,0,0,0,0,0,0,0,0,0,0,0,0,0,0
201904,48,195,3,7,Hansford County               ,0,0,0,0,0,0,0,0,0,0,0,0,0,0,0,0,0,0,0,0,0,0,0,0
201904,48,201,3,7,Harris County                 ,6061,6061,1235575090,42,84,10862576,8,32,2000000,149,6568,654121502,6035,6035,1225681148,42,84,10862576,8,32,2000000,149,6568,654121502
201904,48,211,3,7,Hemphill County               ,0,0,0,0,0,0,0,0,0,0,0,0,0,0,0,0,0,0,0,0,0,0,0,0
201904,48,215,3,7,Hidalgo County                ,887,887,131279528,28,56,3079674,47,187,10646165,4,48,2651945,778,778,117557872,25,50,2729773,46,183,10444060,1,14,490000
201904,48,233,3,7,Hutchinson County             ,0,0,0,0,0,0,0,0,0,0,0,0,0,0,0,0,0,0,0,0,0,0,0,0
201904,48,251,3,7,Johnson County                ,191,191,40456654,4,8,840000,1,3,366182,0,0,0,186,186,39300424,4,8,840000,0,0,0,0,0,0
201904,48,257,3,7,Kaufman County                ,191,191,41560100,0,0,0,0,0,0,0,0,0,166,166,36562277,0,0,0,0,0,0,0,0,0
201904,48,259,3,7,Kendall County                ,115,115,27263849,0,0,0,0,0,0,0,0,0,84,84,18984171,0,0,0,0,0,0,0,0,0
201904,48,271,3,7,Kinney County                 ,0,0,0,0,0,0,0,0,0,0,0,0,0,0,0,0,0,0,0,0,0,0,0,0
201904,48,281,3,7,Lampasas County               ,6,6,1133000,0,0,0,0,0,0,0,0,0,6,6,1133000,0,0,0,0,0,0,0,0,0
201904,48,291,3,7,Liberty County                ,235,235,25126748,0,0,0,0,0,0,0,0,0,170,170,17896052,0,0,0,0,0,0,0,0,0
201904,48,303,3,7,Lubbock County                ,544,544,114653190,1,2,244000,0,0,0,54,413,25302053,541,541,114134190,1,2,244000,0,0,0,54,413,25302053
201904,48,323,3,7,Maverick County               ,27,27,7015611,1,2,215921,0,0,0,0,0,0,21,21,5618528,0,0,0,0,0,0,0,0,0
201904,48,325,3,7,Medina County                 ,7,7,1426480,0,0,0,0,0,0,0,0,0,5,5,1000450,0,0,0,0,0,0,0,0,0
201904,48,329,3,7,Midland County                ,386,386,66483588,0,0,0,0,0,0,0,0,0,386,386,66483588,0,0,0,0,0,0,0,0,0
201904,48,339,3,7,Montgomery County             ,1762,1762,397215240,2,4,230000,0,0,0,1,58,11456705,1727,1727,391143323,2,4,230000,0,0,0,1,58,11456705
201904,48,367,3,7,Parker County                 ,151,151,27040183,0,0,0,0,0,0,0,0,0,128,128,22442050,0,0,0,0,0,0,0,0,0
201904,48,375,3,7,Potter County                 ,148,148,37098822,9,18,2519940,0,0,0,0,0,0,148,148,37098822,9,18,2519940,0,0,0,0,0,0
201904,48,383,3,7,Reagan County                 ,0,0,0,0,0,0,0,0,0,0,0,0,0,0,0,0,0,0,0,0,0,0,0,0
201904,48,385,3,7,Real County                   ,0,0,0,0,0,0,0,0,0,0,0,0,0,0,0,0,0,0,0,0,0,0,0,0
201904,48,395,3,7,Robertson County              ,18,18,3549289,0,0,0,0,0,0,0,0,0,17,17,3318043,0,0,0,0,0,0,0,0,0
201904,48,397,3,7,Rockwall County               ,444,444,156615350,0,0,0,0,0,0,0,0,0,354,354,128388718,0,0,0,0,0,0,0,0,0
201904,48,407,3,7,San Jacinto County            ,112,112,24441844,0,0,0,0,0,0,0,0,0,0,0,0,0,0,0,0,0,0,0,0,0
201904,48,411,3,7,San Saba County               ,1,1,80000,0,0,0,0,0,0,0,0,0,1,1,80000,0,0,0,0,0,0,0,0,0
201904,48,451,3,7,Tom Green County              ,89,89,20834102,0,0,0,0,0,0,0,0,0,89,89,20834102,0,0,0,0,0,0,0,0,0
201904,48,453,3,7,Travis County                 ,3236,3236,772803859,3,6,596276,5,20,1661880,88,3565,251701300,3165,3165,745158022,3,6,596276,5,20,1661880,88,3565,251701300
201904,48,473,3,7,Waller County                 ,8,8,709160,0,0,0,0,0,0,5,25,554515,8,8,709160,0,0,0,0,0,0,0,0,0
201904,48,491,3,7,Williamson County             ,1469,1469,406673239,0,0,0,1,3,218418,2,16,2520000,1374,1374,384120455,0,0,0,1,3,218418,2,16,2520000
201904,48,493,3,7,Wilson County                 ,19,19,3861446,0,0,0,0,0,0,0,0,0,1,1,236407,0,0,0,0,0,0,0,0,0
201904,48,497,3,7,Wise County                   ,30,30,6970585,0,0,0,1,3,275000,27,150,13700000,27,27,6123508,0,0,0,1,3,275000,27,150,13700000
201904,49,011,4,8,Davis County                  ,495,495,119435346,2,4,557691,5,18,2488674,8,118,17854436,483,483,116032342,2,4,557691,5,18,2488674,8,118,17854436
201904,49,023,4,8,Juab County                   ,24,24,7994438,0,0,0,2,8,600830,0,0,0,21,21,7186530,0,0,0,2,8,600830,0,0,0
201904,49,029,4,8,Morgan County                 ,16,16,6525189,0,0,0,0,0,0,0,0,0,13,13,5610381,0,0,0,0,0,0,0,0,0
201904,49,035,4,8,Salt Lake County              ,1150,1150,293901168,23,46,5727214,14,49,8146283,35,952,122475890,831,831,211824179,17,34,4176360,4,14,2269870,26,774,99799344
201904,49,039,4,8,Sanpete County                ,12,12,1738010,0,0,0,0,0,0,0,0,0,3,3,338598,0,0,0,0,0,0,0,0,0
201904,49,043,4,8,Summit County                 ,73,73,27666947,1,2,592171,1,3,841530,5,27,4613134,43,43,12512279,0,0,0,0,0,0,0,0,0
201904,49,057,4,8,Weber County                  ,298,298,71252179,0,0,0,14,50,7158018,18,169,17433604,279,279,66120992,0,0,0,13,46,6536308,18,169,17433604
201904,51,003,3,5,Albemarle County              ,208,208,64513786,0,0,0,0,0,0,5,73,8207267,0,0,0,0,0,0,0,0,0,0,0,0
201904,51,007,3,5,Amelia County                 ,16,16,3076248,0,0,0,0,0,0,0,0,0,11,11,2181960,0,0,0,0,0,0,0,0,0
201904,51,009,3,5,Amherst County                ,18,18,3136541,0,0,0,0,0,0,0,0,0,18,18,3136541,0,0,0,0,0,0,0,0,0
201904,51,013,3,5,Arlington County              ,64,64,29071497,0,0,0,0,0,0,1,272,17105846,47,47,22278916,0,0,0,0,0,0,0,0,0
201904,51,015,3,5,Augusta County                ,59,59,11525268,0,0,0,1,4,250000,0,0,0,42,42,8418115,0,0,0,1,4,250000,0,0,0
201904,51,019,3,5,Bedford County                ,52,52,12500324,0,0,0,3,10,2120000,0,0,0,9,9,1350000,0,0,0,1,4,860000,0,0,0
201904,51,033,3,5,Caroline County               ,32,32,5991655,0,0,0,0,0,0,0,0,0,32,32,5991655,0,0,0,0,0,0,0,0,0
201904,51,036,3,5,Charles City County           ,8,8,1299568,0,0,0,0,0,0,0,0,0,0,0,0,0,0,0,0,0,0,0,0,0
201904,51,037,3,5,Charlotte County              ,4,4,864168,0,0,0,0,0,0,0,0,0,0,0,0,0,0,0,0,0,0,0,0,0
201904,51,041,3,5,Chesterfield County           ,499,499,97394321,2,4,756070,14,55,6641745,21,265,11946081,499,499,97394321,2,4,756070,14,55,6641745,21,265,11946081
201904,51,043,3,5,Clarke County                 ,14,14,4544117,0,0,0,0,0,0,0,0,0,9,9,2687344,0,0,0,0,0,0,0,0,0
201904,51,049,3,5,Cumberland County             ,9,9,1641933,0,0,0,0,0,0,0,0,0,0,0,0,0,0,0,0,0,0,0,0,0
201904,51,051,3,5,Dickenson County              ,0,0,0,0,0,0,0,0,0,0,0,0,0,0,0,0,0,0,0,0,0,0,0,0
201904,51,053,3,5,Dinwiddie County              ,26,26,3740868,0,0,0,0,0,0,0,0,0,0,0,0,0,0,0,0,0,0,0,0,0
201904,51,059,3,5,Fairfax County                ,340,340,80505534,10,20,365000,0,0,0,3,72,10800000,340,340,80505534,10,20,365000,0,0,0,3,72,10800000
201904,51,061,3,5,Fauquier County               ,59,59,24821883,0,0,0,0,0,0,0,0,0,59,59,24821883,0,0,0,0,0,0,0,0,0
201904,51,069,3,5,Frederick County              ,201,201,45011827,0,0,0,10,35,4010000,2,96,1600000,201,201,45011827,0,0,0,10,35,4010000,2,96,1600000
201904,51,073,3,5,Gloucester County             ,31,31,5942650,0,0,0,0,0,0,0,0,0,31,31,5942650,0,0,0,0,0,0,0,0,0
201904,51,075,3,5,Goochland County              ,79,79,22984860,0,0,0,0,0,0,0,0,0,63,63,18447536,0,0,0,0,0,0,0,0,0
201904,51,085,3,5,Hanover County                ,162,162,37220265,1,2,458800,0,0,0,10,416,30653637,162,162,37220265,1,2,458800,0,0,0,10,416,30653637
201904,51,087,3,5,Henrico County                ,326,326,52899774,23,46,1787500,0,0,0,1,165,18932997,326,326,52899774,23,46,1787500,0,0,0,1,165,18932997
201904,51,093,3,5,Isle of Wight County          ,63,63,12242843,0,0,0,0,0,0,0,0,0,0,0,0,0,0,0,0,0,0,0,0,0
201904,51,095,3,5,James City County             ,90,90,21399323,2,4,431000,0,0,0,0,0,0,90,90,21399323,2,4,431000,0,0,0,0,0,0
201904,51,097,3,5,King and Queen County         ,8,8,1420000,0,0,0,0,0,0,0,0,0,8,8,1420000,0,0,0,0,0,0,0,0,0
201904,51,099,3,5,King George County            ,39,39,7611981,0,0,0,0,0,0,0,0,0,39,39,7611981,0,0,0,0,0,0,0,0,0
201904,51,107,3,5,Loudoun County                ,905,905,213948252,0,0,0,0,0,0,14,356,49760961,905,905,213948252,0,0,0,0,0,0,14,356,49760961
201904,51,109,3,5,Louisa County                 ,83,83,17122030,0,0,0,0,0,0,0,0,0,0,0,0,0,0,0,0,0,0,0,0,0
201904,51,115,3,5,Mathews County                ,3,3,622920,0,0,0,0,0,0,0,0,0,3,3,622920,0,0,0,0,0,0,0,0,0
201904,51,127,3,5,New Kent County               ,40,40,7807160,0,0,0,0,0,0,0,0,0,40,40,7807160,0,0,0,0,0,0,0,0,0
201904,51,139,3,5,Page County                   ,13,13,1691000,0,0,0,0,0,0,0,0,0,13,13,1691000,0,0,0,0,0,0,0,0,0
201904,51,145,3,5,Powhatan County               ,80,80,17763569,0,0,0,0,0,0,0,0,0,80,80,17763569,0,0,0,0,0,0,0,0,0
201904,51,149,3,5,Prince George County          ,21,21,2970500,0,0,0,0,0,0,0,0,0,21,21,2970500,0,0,0,0,0,0,0,0,0
201904,51,153,3,5,Prince William County         ,375,375,70694368,0,0,0,0,0,0,1,81,8900000,375,375,70694368,0,0,0,0,0,0,1,81,8900000
201904,51,165,3,5,Rockingham County             ,93,93,30327570,0,0,0,0,0,0,0,0,0,93,93,30327570,0,0,0,0,0,0,0,0,0
201904,51,175,3,5,Southampton County            ,13,13,2128357,0,0,0,0,0,0,0,0,0,9,9,1494238,0,0,0,0,0,0,0,0,0
201904,51,177,3,5,Spotsylvania County           ,231,231,65336084,0,0,0,0,0,0,2,52,4369733,101,101,29988218,0,0,0,0,0,0,0,0,0
201904,51,179,3,5,Stafford County               ,272,272,69516419,0,0,0,0,0,0,0,0,0,272,272,69516419,0,0,0,0,0,0,0,0,0
201904,51,181,3,5,Surry County                  ,10,10,1503782,0,0,0,0,0,0,0,0,0,10,10,1503782,0,0,0,0,0,0,0,0,0
201904,51,183,3,5,Sussex County                 ,17,17,1833288,0,0,0,0,0,0,0,0,0,17,17,1833288,0,0,0,0,0,0,0,0,0
201904,51,187,3,5,Warren County                 ,49,49,10389500,0,0,0,0,0,0,0,0,0,49,49,10389500,0,0,0,0,0,0,0,0,0
201904,51,199,3,5,York County                   ,89,89,19809110,0,0,0,0,0,0,0,0,0,89,89,19809110,0,0,0,0,0,0,0,0,0
201904,51,510,3,5,Alexandria (Independent City) ,26,26,7707287,0,0,0,0,0,0,0,0,0,26,26,7707287,0,0,0,0,0,0,0,0,0
201904,51,540,3,5,Charlottesville (Independent C,19,19,4919346,2,4,775000,0,0,0,0,0,0,19,19,4919346,2,4,775000,0,0,0,0,0,0
201904,51,550,3,5,Chesapeake(Independent City)  ,125,125,29550863,0,0,0,0,0,0,0,0,0,125,125,29550863,0,0,0,0,0,0,0,0,0
201904,51,570,3,5,Colonial Heights (Independent ,3,3,433500,0,0,0,0,0,0,0,0,0,3,3,433500,0,0,0,0,0,0,0,0,0
201904,51,580,3,5,Covington (Independent City)  ,2,2,396034,0,0,0,0,0,0,0,0,0,2,2,396034,0,0,0,0,0,0,0,0,0
201904,51,600,3,5,Fairfax (Independent City)    ,5,5,900735,0,0,0,0,0,0,2,10,1200000,0,0,0,0,0,0,0,0,0,0,0,0
201904,51,610,3,5,Falls Church (Independent City,6,6,2809000,0,0,0,0,0,0,0,0,0,6,6,2809000,0,0,0,0,0,0,0,0,0
201904,51,630,3,5,Fredericksburg(Independent Cit,23,23,3695000,0,0,0,0,0,0,0,0,0,23,23,3695000,0,0,0,0,0,0,0,0,0
201904,51,650,3,5,Hampton (Independent City)    ,60,60,3748480,0,0,0,0,0,0,0,0,0,0,0,0,0,0,0,0,0,0,0,0,0
201904,51,660,3,5,Harrisonburg (Independent City,23,23,3750990,0,0,0,0,0,0,0,0,0,18,18,2827000,0,0,0,0,0,0,0,0,0
201904,51,670,3,5,Hopewell (Independent City)   ,8,8,630919,0,0,0,0,0,0,0,0,0,4,4,265000,0,0,0,0,0,0,0,0,0
201904,51,680,3,5,Lynchburg (Independent City)  ,16,16,4353644,0,0,0,0,0,0,6,220,16097742,16,16,4353644,0,0,0,0,0,0,6,220,16097742
201904,51,683,3,5,Manassas (Independent City)   ,24,24,5673766,0,0,0,0,0,0,0,0,0,24,24,5673766,0,0,0,0,0,0,0,0,0
201904,51,685,3,5,Manassas Park (Independent Cit,0,0,0,0,0,0,0,0,0,0,0,0,0,0,0,0,0,0,0,0,0,0,0,0
201904,51,700,3,5,Newport News (Independent City,28,28,6633048,0,0,0,0,0,0,0,0,0,28,28,6633048,0,0,0,0,0,0,0,0,0
201904,51,710,3,5,Norfolk (Independent City)    ,110,110,26004759,1,2,400000,2,8,1080000,9,326,29564090,110,110,26004759,1,2,400000,2,8,1080000,9,326,29564090
201904,51,730,3,5,Petersburg (Independent City) ,1,1,104000,0,0,0,0,0,0,0,0,0,1,1,104000,0,0,0,0,0,0,0,0,0
201904,51,735,3,5,Poquoson (Independent City)   ,11,11,2251000,0,0,0,0,0,0,0,0,0,11,11,2251000,0,0,0,0,0,0,0,0,0
201904,51,740,3,5,Portsmouth (Independent City) ,31,31,3255000,0,0,0,0,0,0,0,0,0,31,31,3255000,0,0,0,0,0,0,0,0,0
201904,51,760,3,5,Richmond (Independent City)   ,83,83,16199857,0,0,0,0,0,0,6,446,30086080,83,83,16199857,0,0,0,0,0,0,6,446,30086080
201904,51,800,3,5,Suffolk (Independent City)    ,134,134,31678525,0,0,0,0,0,0,0,0,0,134,134,31678525,0,0,0,0,0,0,0,0,0
201904,51,810,3,5,Virginia Beach (Independent Ci,237,237,39907902,0,0,0,0,0,0,3,165,11723200,237,237,39907902,0,0,0,0,0,0,3,165,11723200
201904,51,830,3,5,Williamsburg (Independent City,7,7,1563476,0,0,0,0,0,0,0,0,0,7,7,1563476,0,0,0,0,0,0,0,0,0
201904,53,005,4,9,Benton County                 ,301,301,86998586,2,4,1169453,0,0,0,22,658,78068861,277,277,79154825,2,4,1169453,0,0,0,22,658,78068861
201904,53,011,4,9,Clark County                  ,848,848,245107490,4,8,1487533,3,10,1165773,24,396,39848518,793,793,231021569,4,8,1487533,3,10,1165773,23,388,38977590
201904,53,021,4,9,Franklin County               ,178,178,48948183,9,18,1562758,0,0,0,1,5,599552,30,30,11200728,0,0,0,0,0,0,0,0,0
201904,53,031,4,9,Jefferson County              ,41,41,9991317,0,0,0,0,0,0,0,0,0,41,41,9991317,0,0,0,0,0,0,0,0,0
201904,53,033,4,9,King County                   ,1221,1221,482637552,71,142,32829811,62,214,39810479,78,4166,595230127,956,956,365256611,71,142,32829811,61,211,39309967,75,4144,592714457
201904,53,035,4,9,Kitsap County                 ,273,273,86863039,0,0,0,0,0,0,0,0,0,263,263,84377015,0,0,0,0,0,0,0,0,0
201904,53,053,4,9,Pierce County                 ,718,718,220444745,13,26,4622476,18,71,13229578,6,511,76984612,715,715,219464081,13,26,4622476,18,71,13229578,6,511,76984612
201904,53,055,4,9,San Juan County               ,28,28,6481431,1,2,150000,0,0,0,0,0,0,28,28,6481431,1,2,150000,0,0,0,0,0,0
201904,53,059,4,9,Skamania County               ,17,17,3610895,1,2,300000,1,3,300000,0,0,0,17,17,3610895,1,2,300000,1,3,300000,0,0,0
201904,53,061,4,9,Snohomish County              ,676,676,205475047,20,40,9000953,22,82,16329755,23,312,37617350,612,612,188077773,18,36,8297355,22,82,16329755,22,307,37115765
201904,54,011,3,5,Cabell County                 ,21,21,3426716,0,0,0,1,3,420000,0,0,0,3,3,479000,0,0,0,0,0,0,0,0,0
201904,54,015,3,5,Clay County                   ,6,6,150000,0,0,0,0,0,0,0,0,0,6,6,150000,0,0,0,0,0,0,0,0,0
201904,54,019,3,5,Fayette County                ,8,8,1568000,0,0,0,0,0,0,0,0,0,8,8,1568000,0,0,0,0,0,0,0,0,0
201904,54,037,3,5,Jefferson County              ,61,61,15814831,0,0,0,0,0,0,0,0,0,50,50,12945606,0,0,0,0,0,0,0,0,0
201904,54,081,3,5,Raleigh County                ,11,11,1976935,0,0,0,0,0,0,0,0,0,11,11,1976935,0,0,0,0,0,0,0,0,0
201904,55,025,2,3,Dane County                   ,388,388,134655184,21,42,7820663,4,13,1941000,19,774,102469200,320,320,115762267,20,40,7460748,1,4,600000,11,553,80145015
201904,55,031,2,3,Douglas County                ,12,12,2256000,0,0,0,0,0,0,0,0,0,12,12,2256000,0,0,0,0,0,0,0,0,0
201904,55,037,2,3,Florence County               ,8,8,1307200,0,0,0,0,0,0,0,0,0,8,8,1307200,0,0,0,0,0,0,0,0,0
201904,55,049,2,3,Iowa County                   ,17,17,5362000,0,0,0,0,0,0,0,0,0,14,14,4522000,0,0,0,0,0,0,0,0,0
201904,55,059,2,3,Kenosha County                ,60,60,18537674,0,0,0,0,0,0,0,0,0,57,57,17721350,0,0,0,0,0,0,0,0,0
201904,55,079,2,3,Milwaukee County              ,54,54,18682630,1,2,278179,0,0,0,7,298,31178943,54,54,18682630,1,2,278179,0,0,0,6,276,28671434
201904,55,089,2,3,Ozaukee County                ,78,78,19491704,2,4,713800,0,0,0,4,27,3803226,52,52,8376300,2,4,713800,0,0,0,0,0,0
201904,55,093,2,3,Pierce County                 ,35,35,8722749,1,2,375000,0,0,0,0,0,0,35,35,8722749,1,2,375000,0,0,0,0,0,0
201904,55,109,2,3,St. Croix County              ,138,138,30567326,5,10,1240201,1,4,834246,0,0,0,124,124,27328718,2,4,525000,1,4,834246,0,0,0
201904,55,131,2,3,Washington County             ,62,62,18428305,7,14,2263000,0,0,0,1,82,12500000,38,38,10685442,7,14,2263000,0,0,0,1,82,12500000
201904,56,029,4,8,Park County                   ,23,23,6037852,1,2,70000,0,0,0,0,0,0,23,23,6037852,1,2,70000,0,0,0,0,0,0
201904,56,039,4,8,Teton County                  ,49,49,75916513,2,4,1246638,1,3,116499,1,5,1040398,42,42,72293803,0,0,0,0,0,0,0,0,0
