Survey,FIPS,FIPS,Region,Division,County,,1-unit,,,2-units,,,3-4 units,,,5+ units,,,1-unit rep,,,2-units rep,,,3-4 units rep,,, 5+units rep
Date,State,County,Code,Code,Name,Bldgs,Units,Value,Bldgs,Units,Value,Bldgs,Units,Value,Bldgs,Units,Value,Bldgs,Units,Value,Bldgs,Units,Value,Bldgs,Units,Value,Bldgs,Units,Value
 
201906,01,001,3,6,Autauga County                ,128,128,38283417,0,0,0,0,0,0,0,0,0,128,128,38283417,0,0,0,0,0,0,0,0,0
201906,01,007,3,6,Bibb County                   ,8,8,2023387,0,0,0,0,0,0,0,0,0,5,5,1258000,0,0,0,0,0,0,0,0,0
201906,01,009,3,6,Blount County                 ,15,15,2332189,0,0,0,0,0,0,0,0,0,15,15,2332189,0,0,0,0,0,0,0,0,0
201906,01,021,3,6,Chilton County                ,17,17,3016375,0,0,0,0,0,0,0,0,0,15,15,2684232,0,0,0,0,0,0,0,0,0
201906,01,073,3,6,Jefferson County              ,730,730,209820942,2,4,494658,0,0,0,1,9,907557,501,501,147413432,0,0,0,0,0,0,0,0,0
201906,01,081,3,6,Lee County                    ,594,594,163582918,16,32,3818458,10,31,3972576,6,90,19610466,421,421,114803240,13,26,3025436,9,27,3418857,3,19,1780104
201906,01,083,3,6,Limestone County              ,122,122,25509862,0,0,0,0,0,0,0,0,0,122,122,25509862,0,0,0,0,0,0,0,0,0
201906,01,089,3,6,Madison County                ,1597,1597,230927204,0,0,0,15,60,1050000,0,0,0,1593,1593,229987009,0,0,0,15,60,1050000,0,0,0
201906,01,113,3,6,Russell County                ,86,86,12360758,1,2,143676,0,0,0,0,0,0,78,78,11390839,1,2,143676,0,0,0,0,0,0
201906,01,115,3,6,St. Clair County              ,101,101,19647289,0,0,0,0,0,0,0,0,0,96,96,18551555,0,0,0,0,0,0,0,0,0
201906,01,117,3,6,Shelby County                 ,544,544,126559923,0,0,0,0,0,0,0,0,0,212,212,46122950,0,0,0,0,0,0,0,0,0
201906,01,127,3,6,Walker County                 ,10,10,2122077,0,0,0,0,0,0,0,0,0,9,9,1914299,0,0,0,0,0,0,0,0,0
201906,02,013,4,9,Aleutians East Borough        ,0,0,0,0,0,0,0,0,0,0,0,0,0,0,0,0,0,0,0,0,0,0,0,0
201906,02,016,4,9,Aleutians West Census Area    ,2,2,196236,0,0,0,0,0,0,0,0,0,0,0,0,0,0,0,0,0,0,0,0,0
201906,02,020,4,9,Anchorage Municipality        ,408,408,127807401,0,0,0,7,25,4343084,9,79,12489548,0,0,0,0,0,0,0,0,0,0,0,0
201906,02,050,4,9,Bethel Census Area            ,2,2,570356,1,2,345783,0,0,0,0,0,0,2,2,570356,1,2,345783,0,0,0,0,0,0
201906,02,060,4,9,Bristol Bay Borough           ,7,7,575000,0,0,0,0,0,0,0,0,0,7,7,575000,0,0,0,0,0,0,0,0,0
201906,02,070,4,9,Dillingham Census Area        ,0,0,0,1,2,301442,0,0,0,0,0,0,0,0,0,0,0,0,0,0,0,0,0,0
201906,02,090,4,9,Fairbanks North Star Borough  ,1,1,384146,0,0,0,0,0,0,0,0,0,1,1,384146,0,0,0,0,0,0,0,0,0
201906,02,100,4,9,Haines Borough                ,5,5,1274542,0,0,0,0,0,0,0,0,0,0,0,0,0,0,0,0,0,0,0,0,0
201906,02,105,4,9,Hoonah-Angoon Census Area     ,2,2,383382,0,0,0,0,0,0,0,0,0,2,2,383382,0,0,0,0,0,0,0,0,0
201906,02,110,4,9,Juneau City and Borough       ,25,25,4465125,1,2,288784,1,4,456905,1,5,977483,25,25,4465125,1,2,288784,1,4,456905,1,5,977483
201906,02,122,4,9,Kenai Peninsula Borough       ,38,38,9881946,3,6,899200,1,4,800000,1,10,800000,26,26,7321000,2,4,789200,1,4,800000,1,10,800000
201906,02,130,4,9,Ketchikan Gateway Borough     ,16,16,4560507,1,2,344763,1,3,359024,0,0,0,16,16,4560507,1,2,344763,1,3,359024,0,0,0
201906,02,150,4,9,Kodiak Island Borough         ,3,3,1524937,0,0,0,0,0,0,0,0,0,3,3,1524937,0,0,0,0,0,0,0,0,0
201906,02,158,4,9,Kusilvak Census Area          ,0,0,0,0,0,0,0,0,0,0,0,0,0,0,0,0,0,0,0,0,0,0,0,0
201906,02,170,4,9,Matanuska-Susitna Borough     ,17,17,4596694,3,6,1035309,0,0,0,2,52,6450000,15,15,4059236,3,6,1035309,0,0,0,2,52,6450000
201906,02,180,4,9,Nome Census Area              ,0,0,0,0,0,0,0,0,0,0,0,0,0,0,0,0,0,0,0,0,0,0,0,0
201906,02,185,4,9,North Slope Borough           ,0,0,0,0,0,0,0,0,0,0,0,0,0,0,0,0,0,0,0,0,0,0,0,0
201906,02,188,4,9,Northwest Arctic Borough      ,6,6,2500000,0,0,0,0,0,0,0,0,0,3,3,920000,0,0,0,0,0,0,0,0,0
201906,02,195,4,9,Petersburg Borough            ,7,7,1441380,0,0,0,0,0,0,0,0,0,7,7,1441380,0,0,0,0,0,0,0,0,0
201906,02,198,4,9,Prince of Wales-Hyder Census A,2,2,568013,1,2,344763,0,0,0,0,0,0,2,2,568013,1,2,344763,0,0,0,0,0,0
201906,02,220,4,9,Sitka City and Borough        ,5,5,1120503,0,0,0,0,0,0,0,0,0,0,0,0,0,0,0,0,0,0,0,0,0
201906,02,230,4,9,Skagway Municipality          ,2,2,199670,3,6,716666,0,0,0,0,0,0,1,1,50000,0,0,0,0,0,0,0,0,0
201906,02,261,4,9,Valdez-Cordova Census Area    ,10,10,1939000,0,0,0,0,0,0,0,0,0,10,10,1939000,0,0,0,0,0,0,0,0,0
201906,02,275,4,9,Wrangell City and Borough     ,1,1,4500,0,0,0,0,0,0,0,0,0,1,1,4500,0,0,0,0,0,0,0,0,0
201906,02,282,4,9,Yakutat City and Borough      ,0,0,0,0,0,0,0,0,0,0,0,0,0,0,0,0,0,0,0,0,0,0,0,0
201906,02,290,4,9,Yukon-Koyukuk Census Area     ,0,0,0,0,0,0,0,0,0,0,0,0,0,0,0,0,0,0,0,0,0,0,0,0
201906,04,013,4,8,Maricopa County               ,9881,9881,2733114998,114,228,26139719,14,45,16372608,120,4694,573433785,9782,9782,2703835941,109,218,24595661,14,45,16372608,114,4321,511187170
201906,04,019,4,8,Pima County                   ,1505,1505,430762398,14,28,6184174,0,0,0,45,583,83119063,827,827,244549358,3,6,3497258,0,0,0,0,0,0
201906,04,021,4,8,Pinal County                  ,2345,2345,463876439,41,82,5011933,0,0,0,0,0,0,2204,2204,426092109,41,82,5011933,0,0,0,0,0,0
201906,05,013,3,7,Calhoun County                ,0,0,0,0,0,0,0,0,0,0,0,0,0,0,0,0,0,0,0,0,0,0,0,0
201906,05,035,3,7,Crittenden County             ,30,30,6519155,0,0,0,0,0,0,0,0,0,24,24,5245300,0,0,0,0,0,0,0,0,0
201906,05,043,3,7,Drew County                   ,0,0,0,1,2,100000,1,4,200000,0,0,0,0,0,0,1,2,100000,1,4,200000,0,0,0
201906,05,045,3,7,Faulkner County               ,144,144,30414830,3,6,454272,0,0,0,6,53,1413700,37,37,5631000,0,0,0,0,0,0,0,0,0
201906,05,053,3,7,Grant County                  ,13,13,1972831,0,0,0,0,0,0,0,0,0,0,0,0,0,0,0,0,0,0,0,0,0
201906,05,085,3,7,Lonoke County                 ,177,177,19461531,0,0,0,0,0,0,0,0,0,96,96,12490561,0,0,0,0,0,0,0,0,0
201906,05,087,3,7,Madison County                ,7,7,1339500,0,0,0,0,0,0,0,0,0,7,7,1339500,0,0,0,0,0,0,0,0,0
201906,05,091,3,7,Miller County                 ,14,14,2849736,0,0,0,0,0,0,0,0,0,2,2,135000,0,0,0,0,0,0,0,0,0
201906,05,105,3,7,Perry County                  ,0,0,0,0,0,0,0,0,0,0,0,0,0,0,0,0,0,0,0,0,0,0,0,0
201906,05,119,3,7,Pulaski County                ,427,427,97665578,2,4,389000,0,0,0,3,196,16000000,427,427,97665578,2,4,389000,0,0,0,3,196,16000000
201906,05,129,3,7,Searcy County                 ,0,0,0,0,0,0,0,0,0,0,0,0,0,0,0,0,0,0,0,0,0,0,0,0
201906,05,143,3,7,Washington County             ,758,758,201128130,19,38,6944826,5,15,904665,3,35,3337480,650,650,186521394,13,26,6024498,0,0,0,3,35,3337480
201906,06,001,4,9,Alameda County                ,998,998,362381684,11,22,5668033,15,56,13292313,70,2033,378983347,832,832,307618598,8,16,4043826,12,46,10436610,56,1942,357107517
201906,06,013,4,9,Contra Costa County           ,797,797,247104805,6,12,3275131,0,0,0,21,618,121869377,747,747,231801182,6,12,3275131,0,0,0,17,595,117232870
201906,06,017,4,9,El Dorado County              ,283,283,104498539,0,0,0,0,0,0,0,0,0,283,283,104498539,0,0,0,0,0,0,0,0,0
201906,06,019,4,9,Fresno County                 ,1059,1059,320792914,9,18,3645750,67,201,12022670,28,228,25498290,935,935,286980228,0,0,0,66,198,11898348,15,120,14636190
201906,06,037,4,9,Los Angeles County            ,2948,2948,960407391,390,780,142433230,27,85,16699140,244,6288,1274619226,2635,2635,799299829,382,764,137892681,15,49,10621871,209,5934,1211762745
201906,06,041,4,9,Marin County                  ,63,63,51749026,0,0,0,0,0,0,1,49,10531745,45,45,36422307,0,0,0,0,0,0,1,49,10531745
201906,06,059,4,9,Orange County                 ,1614,1614,508437057,70,140,34227919,15,50,10061956,54,1110,176620791,1427,1427,431263080,56,112,25237431,15,50,10061956,43,891,135999075
201906,06,061,4,9,Placer County                 ,956,956,318843536,0,0,0,0,0,0,2,65,3339909,956,956,318843536,0,0,0,0,0,0,2,65,3339909
201906,06,063,4,9,Plumas County                 ,17,17,2747204,0,0,0,0,0,0,0,0,0,17,17,2747204,0,0,0,0,0,0,0,0,0
201906,06,067,4,9,Sacramento County             ,1956,1956,535090659,30,60,9100260,2,7,850000,16,495,62567023,1947,1947,532966097,30,60,9100260,2,7,850000,16,495,62567023
201906,06,069,4,9,San Benito County             ,311,311,94162472,1,2,250000,1,3,595698,0,0,0,204,204,66612520,1,2,250000,1,3,595698,0,0,0
201906,06,071,4,9,San Bernardino County         ,1707,1707,459347080,2,4,98031,24,90,13599353,51,691,84023401,1644,1644,442179048,2,4,98031,24,90,13599353,44,640,80942654
201906,06,073,4,9,San Diego County              ,1516,1516,511912540,16,32,5857300,49,175,38037998,66,2329,331623489,1462,1462,492635676,16,32,5857300,49,175,38037998,63,2285,325816078
201906,06,075,4,9,San Francisco County          ,6,6,1626898,6,12,2098303,6,21,4439017,20,1955,603345418,6,6,1626898,6,12,2098303,6,21,4439017,20,1955,603345418
201906,06,081,4,9,San Mateo County              ,151,151,141612716,0,0,0,0,0,0,7,411,139788648,96,96,100701394,0,0,0,0,0,0,4,395,135990515
201906,06,085,4,9,Santa Clara County            ,971,971,365114974,5,10,2983031,5,20,5058077,63,1780,265256962,909,909,345047223,5,10,2983031,4,16,3821407,55,1443,206365183
201906,06,091,4,9,Sierra County                 ,1,1,773733,0,0,0,0,0,0,0,0,0,1,1,773733,0,0,0,0,0,0,0,0,0
201906,06,113,4,9,Yolo County                   ,331,331,103037519,5,10,1902853,0,0,0,2,92,14260242,331,331,103037519,5,10,1902853,0,0,0,2,92,14260242
201906,08,001,4,8,Adams County                  ,1055,1055,289815427,5,10,1010631,1,4,664084,10,128,35307922,1029,1029,280430837,5,10,1010631,1,4,664084,10,128,35307922
201906,08,005,4,8,Arapahoe County               ,962,962,264586026,2,4,591804,5,15,2105775,9,202,24291268,938,938,256225163,1,2,406062,2,6,1069740,9,202,24291268
201906,08,014,4,8,Broomfield County             ,164,164,55057112,0,0,0,0,0,0,0,0,0,164,164,55057112,0,0,0,0,0,0,0,0,0
201906,08,015,4,8,Chaffee County                ,65,65,17221230,1,2,323962,5,15,2748500,0,0,0,0,0,0,0,0,0,0,0,0,0,0,0
201906,08,019,4,8,Clear Creek County            ,11,11,3048467,0,0,0,0,0,0,3,52,10227085,0,0,0,0,0,0,0,0,0,2,47,9500000
201906,08,031,4,8,Denver County                 ,1208,1208,327896314,0,0,0,1,3,513240,37,2728,403844044,1208,1208,327896314,0,0,0,1,3,513240,37,2728,403844044
201906,08,035,4,8,Douglas County                ,1374,1374,416224760,0,0,0,10,33,5227772,15,293,25683402,1342,1342,405213471,0,0,0,10,33,5227772,15,293,25683402
201906,08,039,4,8,Elbert County                 ,95,95,28709545,0,0,0,0,0,0,0,0,0,90,90,27235910,0,0,0,0,0,0,0,0,0
201906,08,041,4,8,El Paso County                ,1948,1948,733812287,28,56,4535912,9,35,6042242,32,989,129885001,1948,1948,733812287,28,56,4535912,9,35,6042242,32,989,129885001
201906,08,047,4,8,Gilpin County                 ,11,11,2975861,0,0,0,0,0,0,0,0,0,11,11,2975861,0,0,0,0,0,0,0,0,0
201906,08,059,4,8,Jefferson County              ,329,329,103174321,16,32,5512505,1,4,765696,1,8,1434769,325,325,101845337,16,32,5512505,1,4,765696,1,8,1434769
201906,08,069,4,8,Larimer County                ,740,740,210495280,0,0,0,3,10,1046738,19,436,66343030,713,713,203068617,0,0,0,3,10,1046738,18,418,63996097
201906,08,077,4,8,Mesa County                   ,323,323,60442387,0,0,0,0,0,0,2,84,7492101,323,323,60442387,0,0,0,0,0,0,2,84,7492101
201906,08,093,4,8,Park County                   ,81,81,21451832,0,0,0,0,0,0,0,0,0,81,81,21451832,0,0,0,0,0,0,0,0,0
201906,08,101,4,8,Pueblo County                 ,238,238,38775321,0,0,0,0,0,0,0,0,0,238,238,38775321,0,0,0,0,0,0,0,0,0
201906,08,119,4,8,Teller County                 ,59,59,19389980,0,0,0,0,0,0,0,0,0,59,59,19389980,0,0,0,0,0,0,0,0,0
201906,09,001,1,1,Fairfield County              ,303,303,207925749,11,22,4090079,2,7,1942200,13,554,111781602,241,241,143646732,8,16,3710179,2,7,1942200,8,519,92823268
201906,09,003,1,1,Hartford County               ,339,339,64254142,2,4,242000,5,18,2912400,18,126,8670676,293,293,55227787,2,4,242000,5,18,2912400,3,43,3560416
201906,09,007,1,1,Middlesex County              ,56,56,14504198,1,2,195000,0,0,0,1,5,446138,38,38,10506049,0,0,0,0,0,0,0,0,0
201906,09,013,1,1,Tolland County                ,70,70,14913337,1,2,194000,0,0,0,13,78,7428868,39,39,8205135,0,0,0,0,0,0,1,8,700000
201906,10,001,3,5,Kent County                   ,651,651,94497270,11,22,2376179,0,0,0,5,25,2096556,640,640,92208352,11,22,2376179,0,0,0,4,20,1611734
201906,10,003,3,5,New Castle County             ,673,673,63755166,1,2,113952,0,0,0,19,164,9082869,453,453,42199062,1,2,113952,0,0,0,15,132,7322056
201906,10,005,3,5,Sussex County                 ,1431,1431,203257088,25,50,6146508,9,32,3245575,19,111,14482820,1431,1431,203257088,25,50,6146508,9,32,3245575,19,111,14482820
201906,11,001,3,5,Washington  DC                ,108,108,25537195,21,42,5044745,1,4,520042,31,2942,322157229,108,108,25537195,21,42,5044745,1,4,520042,31,2942,322157229
201906,12,003,3,5,Baker County                  ,54,54,9553898,0,0,0,0,0,0,0,0,0,54,54,9553898,0,0,0,0,0,0,0,0,0
201906,12,019,3,5,Clay County                   ,455,455,95710641,0,0,0,0,0,0,0,0,0,455,455,95710641,0,0,0,0,0,0,0,0,0
201906,12,029,3,5,Dixie County                  ,16,16,2021175,0,0,0,0,0,0,0,0,0,0,0,0,0,0,0,0,0,0,0,0,0
201906,12,031,3,5,Duval County                  ,2070,2070,498317499,10,20,2391231,0,0,0,33,1452,158830219,2045,2045,488951371,10,20,2391231,0,0,0,33,1452,158830219
201906,12,033,3,5,Escambia County               ,580,580,137622024,19,38,8125966,5,17,1190000,4,397,43690442,580,580,137622024,19,38,8125966,5,17,1190000,4,397,43690442
201906,12,053,3,5,Hernando County               ,513,513,90370697,0,0,0,0,0,0,0,0,0,513,513,90370697,0,0,0,0,0,0,0,0,0
201906,12,057,3,5,Hillsborough County           ,4592,4592,1227134294,23,46,6714055,1,3,1275000,60,2784,346000810,4592,4592,1227134294,23,46,6714055,1,3,1275000,60,2784,346000810
201906,12,067,3,5,Lafayette County              ,5,5,1130900,0,0,0,0,0,0,0,0,0,5,5,1130900,0,0,0,0,0,0,0,0,0
201906,12,071,3,5,Lee County                    ,2499,2499,539047460,127,254,34937530,16,64,13246591,37,1096,146815225,2499,2499,539047460,127,254,34937530,16,64,13246591,37,1096,146815225
201906,12,073,3,5,Leon County                   ,328,328,65401742,3,6,664800,0,0,0,23,627,82355006,0,0,0,0,0,0,0,0,0,0,0,0
201906,12,081,3,5,Manatee County                ,1501,1501,295028959,1,2,100000,15,60,7606280,19,561,52984100,1498,1498,294586015,1,2,100000,15,60,7606280,19,561,52984100
201906,12,086,3,5,Miami-Dade County             ,1279,1279,386851944,66,132,18388914,6,23,2833011,77,4234,1002719737,1208,1208,355840548,66,132,18388914,5,20,2563011,71,4139,956714215
201906,12,089,3,5,Nassau County                 ,922,922,193068339,0,0,0,4,16,1771315,2,21,2374212,835,835,169532339,0,0,0,4,16,1771315,1,9,996365
201906,12,091,3,5,Okaloosa County               ,436,436,139034247,0,0,0,1,4,500000,1,5,600000,369,369,124165272,0,0,0,1,4,500000,1,5,600000
201906,12,095,3,5,Orange County                 ,2735,2735,833100019,38,76,13522099,0,0,0,18,1301,184380308,2712,2712,826819169,38,76,13522099,0,0,0,18,1301,184380308
201906,12,097,3,5,Osceola County                ,2510,2510,622157290,1,2,219195,11,44,6045774,20,575,41740287,2510,2510,622157290,1,2,219195,11,44,6045774,20,575,41740287
201906,12,101,3,5,Pasco County                  ,2033,2033,408439686,17,34,3881794,9,35,2081492,19,117,4701468,2027,2027,407871378,14,28,3041794,9,35,2081492,17,107,3838968
201906,12,103,3,5,Pinellas County               ,458,458,145840747,2,4,482000,0,0,0,15,1144,125600531,444,444,140683515,1,2,250000,0,0,0,12,1129,118760531
201906,12,109,3,5,St. Johns County              ,2272,2272,551079416,7,14,2633606,4,16,3208829,15,307,36825968,2272,2272,551079416,7,14,2633606,4,16,3208829,15,307,36825968
201906,12,113,3,5,Santa Rosa County             ,781,781,139485830,0,0,0,0,0,0,0,0,0,781,781,139485830,0,0,0,0,0,0,0,0,0
201906,12,115,3,5,Sarasota County               ,1588,1588,461602574,3,6,1544777,6,24,5766955,19,246,71266536,1588,1588,461602574,3,6,1544777,6,24,5766955,19,246,71266536
201906,12,117,3,5,Seminole County               ,679,679,202430289,3,6,822696,0,0,0,23,778,71746242,659,659,195219067,3,6,822696,0,0,0,18,652,61447730
201906,12,119,3,5,Sumter County                 ,1203,1203,277535804,0,0,0,0,0,0,7,265,45000000,1203,1203,277535804,0,0,0,0,0,0,7,265,45000000
201906,12,129,3,5,Wakulla County                ,129,129,24232169,0,0,0,0,0,0,0,0,0,129,129,24232169,0,0,0,0,0,0,0,0,0
201906,12,131,3,5,Walton County                 ,699,699,303912387,2,4,403206,17,66,5988650,28,579,67483412,699,699,303912387,2,4,403206,17,66,5988650,28,579,67483412
201906,12,133,3,5,Washington County             ,32,32,4737924,0,0,0,0,0,0,0,0,0,24,24,3670356,0,0,0,0,0,0,0,0,0
201906,13,007,3,5,Baker County                  ,0,0,0,0,0,0,0,0,0,0,0,0,0,0,0,0,0,0,0,0,0,0,0,0
201906,13,013,3,5,Barrow County                 ,386,386,48926923,0,0,0,0,0,0,6,71,5077176,249,249,33401250,0,0,0,0,0,0,0,0,0
201906,13,015,3,5,Bartow County                 ,290,290,57569913,0,0,0,0,0,0,0,0,0,289,289,56820691,0,0,0,0,0,0,0,0,0
201906,13,021,3,5,Bibb County                   ,58,58,10656021,0,0,0,0,0,0,0,0,0,20,20,4462018,0,0,0,0,0,0,0,0,0
201906,13,029,3,5,Bryan County                  ,300,300,64298799,0,0,0,0,0,0,0,0,0,300,300,64298799,0,0,0,0,0,0,0,0,0
201906,13,033,3,5,Burke County                  ,23,23,4209500,0,0,0,0,0,0,0,0,0,23,23,4209500,0,0,0,0,0,0,0,0,0
201906,13,035,3,5,Butts County                  ,48,48,15472300,0,0,0,0,0,0,0,0,0,48,48,15472300,0,0,0,0,0,0,0,0,0
201906,13,045,3,5,Carroll County                ,387,387,94260154,0,0,0,0,0,0,1,8,815182,387,387,94260154,0,0,0,0,0,0,1,8,815182
201906,13,051,3,5,Chatham County                ,473,473,106043803,0,0,0,0,0,0,26,206,10330000,402,402,90523847,0,0,0,0,0,0,25,200,10000000
201906,13,057,3,5,Cherokee County               ,1091,1091,311379812,0,0,0,0,0,0,9,266,38126424,1091,1091,311379812,0,0,0,0,0,0,9,266,38126424
201906,13,059,3,5,Clarke County                 ,176,176,30078701,0,0,0,7,23,1900217,22,275,34084744,176,176,30078701,0,0,0,7,23,1900217,22,275,34084744
201906,13,063,3,5,Clayton County                ,485,485,114542183,0,0,0,0,0,0,0,0,0,463,463,111575322,0,0,0,0,0,0,0,0,0
201906,13,067,3,5,Cobb County                   ,841,841,224963133,9,18,3459516,10,33,6891776,25,993,125443393,825,825,221996719,9,18,3459516,10,33,6891776,25,993,125443393
201906,13,073,3,5,Columbia County               ,583,583,104843656,1,2,110000,13,47,3168481,3,24,1192000,218,218,36135635,1,2,110000,13,47,3168481,3,24,1192000
201906,13,077,3,5,Coweta County                 ,472,472,157263372,0,0,0,0,0,0,14,320,27275402,429,429,146009937,0,0,0,0,0,0,14,320,27275402
201906,13,085,3,5,Dawson County                 ,162,162,36340355,0,0,0,0,0,0,0,0,0,49,49,8156636,0,0,0,0,0,0,0,0,0
201906,13,095,3,5,Dougherty County              ,7,7,1216428,0,0,0,4,15,9006000,0,0,0,4,4,807422,0,0,0,4,15,9006000,0,0,0
201906,13,097,3,5,Douglas County                ,228,228,50835447,0,0,0,0,0,0,0,0,0,228,228,50835447,0,0,0,0,0,0,0,0,0
201906,13,111,3,5,Fannin County                 ,155,155,30563740,0,0,0,0,0,0,0,0,0,155,155,30563740,0,0,0,0,0,0,0,0,0
201906,13,113,3,5,Fayette County                ,291,291,86728794,1,2,800000,0,0,0,0,0,0,213,213,67076439,1,2,800000,0,0,0,0,0,0
201906,13,115,3,5,Floyd County                  ,149,149,23134600,0,0,0,0,0,0,0,0,0,149,149,23134600,0,0,0,0,0,0,0,0,0
201906,13,117,3,5,Forsyth County                ,1040,1040,177521658,0,0,0,0,0,0,0,0,0,1040,1040,177521658,0,0,0,0,0,0,0,0,0
201906,13,121,3,5,Fulton County                 ,2080,2080,537590298,0,0,0,0,0,0,26,1459,207507372,1929,1929,505613652,0,0,0,0,0,0,26,1459,207507372
201906,13,127,3,5,Glynn County                  ,289,289,84561368,0,0,0,0,0,0,0,0,0,0,0,0,0,0,0,0,0,0,0,0,0
201906,13,135,3,5,Gwinnett County               ,1775,1775,423848213,0,0,0,0,0,0,0,0,0,1741,1741,413882266,0,0,0,0,0,0,0,0,0
201906,13,143,3,5,Haralson County               ,28,28,6353995,1,2,175000,0,0,0,0,0,0,0,0,0,0,0,0,0,0,0,0,0,0
201906,13,145,3,5,Harris County                 ,122,122,31749220,0,0,0,0,0,0,0,0,0,122,122,31749220,0,0,0,0,0,0,0,0,0
201906,13,149,3,5,Heard County                  ,13,13,3013982,0,0,0,0,0,0,0,0,0,13,13,3013982,0,0,0,0,0,0,0,0,0
201906,13,151,3,5,Henry County                  ,767,767,145793634,0,0,0,0,0,0,0,0,0,660,660,131688956,0,0,0,0,0,0,0,0,0
201906,13,159,3,5,Jasper County                 ,37,37,4957038,0,0,0,0,0,0,0,0,0,0,0,0,0,0,0,0,0,0,0,0,0
201906,13,171,3,5,Lamar County                  ,49,49,5956529,0,0,0,0,0,0,0,0,0,49,49,5956529,0,0,0,0,0,0,0,0,0
201906,13,177,3,5,Lee County                    ,57,57,6623051,0,0,0,0,0,0,0,0,0,57,57,6623051,0,0,0,0,0,0,0,0,0
201906,13,179,3,5,Liberty County                ,147,147,32390495,2,4,376864,0,0,0,15,392,40731176,147,147,32390495,2,4,376864,0,0,0,15,392,40731176
201906,13,189,3,5,McDuffie County               ,17,17,3381455,0,0,0,0,0,0,0,0,0,14,14,2813000,0,0,0,0,0,0,0,0,0
201906,13,199,3,5,Meriwether County             ,56,56,10571298,0,0,0,0,0,0,0,0,0,48,48,8886193,0,0,0,0,0,0,0,0,0
201906,13,201,3,5,Miller County                 ,5,5,743800,0,0,0,0,0,0,0,0,0,5,5,743800,0,0,0,0,0,0,0,0,0
201906,13,207,3,5,Monroe County                 ,75,75,15417724,0,0,0,0,0,0,0,0,0,16,16,4630000,0,0,0,0,0,0,0,0,0
201906,13,215,3,5,Muscogee County               ,168,168,32784961,0,0,0,5,18,1107838,9,75,13266985,0,0,0,0,0,0,0,0,0,0,0,0
201906,13,217,3,5,Newton County                 ,326,326,56591279,0,0,0,0,0,0,1,6,600000,326,326,56591279,0,0,0,0,0,0,1,6,600000
201906,13,227,3,5,Pickens County                ,69,69,19063607,0,0,0,0,0,0,0,0,0,69,69,19063607,0,0,0,0,0,0,0,0,0
201906,13,231,3,5,Pike County                   ,48,48,9458530,0,0,0,0,0,0,0,0,0,0,0,0,0,0,0,0,0,0,0,0,0
201906,13,235,3,5,Pulaski County                ,9,9,1476895,0,0,0,0,0,0,0,0,0,9,9,1476895,0,0,0,0,0,0,0,0,0
201906,13,245,3,5,Richmond County               ,165,165,26324611,0,0,0,0,0,0,4,83,4805533,38,38,5512971,0,0,0,0,0,0,0,0,0
201906,13,247,3,5,Rockdale County               ,133,133,31937905,0,0,0,0,0,0,0,0,0,133,133,31937905,0,0,0,0,0,0,0,0,0
201906,13,255,3,5,Spalding County               ,150,150,21971225,0,0,0,0,0,0,5,120,11853600,149,149,21892775,0,0,0,0,0,0,5,120,11853600
201906,13,275,3,5,Thomas County                 ,37,37,7530289,0,0,0,0,0,0,0,0,0,34,34,6851167,0,0,0,0,0,0,0,0,0
201906,13,291,3,5,Union County                  ,102,102,26708677,0,0,0,0,0,0,0,0,0,102,102,26708677,0,0,0,0,0,0,0,0,0
201906,15,001,4,9,Hawaii County                 ,434,434,137988521,0,0,0,0,0,0,1,24,2900000,340,340,108808054,0,0,0,0,0,0,1,24,2900000
201906,15,003,4,9,Honolulu County               ,460,460,182254010,0,0,0,8,24,15590983,41,907,172873406,460,460,182254010,0,0,0,8,24,15590983,41,907,172873406
201906,15,007,4,9,Kauai County                  ,85,85,59894917,2,4,1585175,0,0,0,0,0,0,85,85,59894917,2,4,1585175,0,0,0,0,0,0
201906,15,009,4,9,Maui County                   ,244,244,93361221,5,10,2161465,17,68,28225000,1,22,8929729,244,244,93361221,5,10,2161465,17,68,28225000,1,22,8929729
201906,16,001,4,8,Ada County                    ,2487,2487,634164934,8,16,2927792,8,30,3263322,46,393,42696767,2204,2204,560811984,8,16,2927792,8,30,3263322,46,393,42696767
201906,16,015,4,8,Boise County                  ,37,37,11405198,0,0,0,0,0,0,0,0,0,36,36,11252428,0,0,0,0,0,0,0,0,0
201906,16,027,4,8,Canyon County                 ,1233,1233,186065105,10,20,1160024,12,48,3431722,10,190,17520374,1233,1233,186065105,10,20,1160024,12,48,3431722,10,190,17520374
201906,16,045,4,8,Gem County                    ,55,55,8613796,1,2,140786,0,0,0,0,0,0,53,53,8370149,0,0,0,0,0,0,0,0,0
201906,16,073,4,8,Owyhee County                 ,16,16,2779579,0,0,0,0,0,0,0,0,0,9,9,1467163,0,0,0,0,0,0,0,0,0
201906,17,005,2,3,Bond County                   ,6,6,1475326,0,0,0,0,0,0,0,0,0,2,2,871702,0,0,0,0,0,0,0,0,0
201906,17,013,2,3,Calhoun County                ,4,4,438336,0,0,0,0,0,0,0,0,0,3,3,287000,0,0,0,0,0,0,0,0,0
201906,17,031,2,3,Cook County                   ,599,599,191697062,19,38,8739717,93,298,59121541,86,3674,487935497,498,498,153270070,17,34,7694717,92,295,58719346,82,3610,479477055
201906,17,037,2,3,DeKalb County                 ,39,39,8722178,0,0,0,0,0,0,0,0,0,36,36,8299000,0,0,0,0,0,0,0,0,0
201906,17,039,2,3,De Witt County                ,4,4,944500,0,0,0,0,0,0,0,0,0,4,4,944500,0,0,0,0,0,0,0,0,0
201906,17,043,2,3,DuPage County                 ,431,431,174534308,2,4,776550,4,13,2899516,7,147,18411856,396,396,159371929,1,2,440000,4,13,2899516,1,68,16538000
201906,17,063,2,3,Grundy County                 ,50,50,8809983,0,0,0,0,0,0,8,62,3179484,42,42,7115809,0,0,0,0,0,0,0,0,0
201906,17,083,2,3,Jersey County                 ,59,59,16712985,0,0,0,0,0,0,0,0,0,53,53,15779331,0,0,0,0,0,0,0,0,0
201906,17,093,2,3,Kendall County                ,155,155,27204010,2,4,520977,0,0,0,2,16,1192468,129,129,21793063,0,0,0,0,0,0,1,5,324254
201906,17,097,2,3,Lake County                   ,286,286,99395516,6,12,1302013,0,0,0,2,36,12279110,233,233,82430326,3,6,1052014,0,0,0,1,31,11250000
201906,17,111,2,3,McHenry County                ,204,204,34336956,0,0,0,0,0,0,0,0,0,171,171,28498656,0,0,0,0,0,0,0,0,0
201906,17,119,2,3,Madison County                ,171,171,44614717,5,10,1247161,1,4,504000,0,0,0,166,166,43811650,5,10,1247161,1,4,504000,0,0,0
201906,17,133,2,3,Monroe County                 ,52,52,14912134,0,0,0,0,0,0,2,25,2047550,50,50,14461998,0,0,0,0,0,0,1,20,1615550
201906,17,197,2,3,Will County                   ,512,512,133490975,8,16,3067400,2,7,1043000,5,148,9580000,425,425,115239342,7,14,2657400,1,4,533000,5,148,9580000
201906,18,003,2,3,Allen County                  ,474,474,127544341,0,0,0,8,24,960000,4,268,28211500,474,474,127544341,0,0,0,8,24,960000,4,268,28211500
201906,18,011,2,3,Boone County                  ,273,273,77566561,3,6,600000,0,0,0,3,218,17079710,260,260,75488457,3,6,600000,0,0,0,3,218,17079710
201906,18,013,2,3,Brown County                  ,32,32,8341482,0,0,0,0,0,0,0,0,0,28,28,7323902,0,0,0,0,0,0,0,0,0
201906,18,019,2,3,Clark County                  ,277,277,60111847,3,6,495000,3,11,1674261,2,192,21982272,245,245,51906036,3,6,495000,3,11,1674261,2,192,21982272
201906,18,047,2,3,Franklin County               ,19,19,5469910,1,2,140000,0,0,0,0,0,0,19,19,5469910,1,2,140000,0,0,0,0,0,0
201906,18,057,2,3,Hamilton County               ,1178,1178,386300604,1,2,400000,0,0,0,2,117,19024895,1178,1178,386300604,1,2,400000,0,0,0,2,117,19024895
201906,18,059,2,3,Hancock County                ,279,279,81200946,0,0,0,0,0,0,0,0,0,272,272,79362635,0,0,0,0,0,0,0,0,0
201906,18,061,2,3,Harrison County               ,58,58,14307988,0,0,0,0,0,0,0,0,0,58,58,14307988,0,0,0,0,0,0,0,0,0
201906,18,063,2,3,Hendricks County              ,379,379,99117749,9,18,1442725,1,4,591816,0,0,0,295,295,81585764,6,12,968179,1,4,591816,0,0,0
201906,18,069,2,3,Huntington County             ,26,26,6066553,0,0,0,0,0,0,0,0,0,26,26,6066553,0,0,0,0,0,0,0,0,0
201906,18,073,2,3,Jasper County                 ,44,44,10639260,0,0,0,0,0,0,0,0,0,39,39,9924816,0,0,0,0,0,0,0,0,0
201906,18,081,2,3,Johnson County                ,420,420,116369048,0,0,0,0,0,0,0,0,0,402,402,114135888,0,0,0,0,0,0,0,0,0
201906,18,087,2,3,Lagrange County               ,86,86,16190533,0,0,0,0,0,0,0,0,0,80,80,15004501,0,0,0,0,0,0,0,0,0
201906,18,089,2,3,Lake County                   ,531,531,141726620,18,36,3842900,1,3,630000,1,53,6100372,495,495,133790042,18,36,3842900,1,3,630000,1,53,6100372
201906,18,097,2,3,Marion County                 ,609,609,157541115,5,10,1489297,5,20,4250000,23,884,115485136,586,586,152190617,5,10,1489297,5,20,4250000,23,884,115485136
201906,18,105,2,3,Monroe County                 ,114,114,29463196,7,14,1889836,0,0,0,3,41,4724987,83,83,21456596,4,8,1112717,0,0,0,1,16,1831856
201906,18,109,2,3,Morgan County                 ,106,106,26345919,0,0,0,0,0,0,0,0,0,102,102,25303501,0,0,0,0,0,0,0,0,0
201906,18,111,2,3,Newton County                 ,10,10,1975349,0,0,0,0,0,0,0,0,0,1,1,147000,0,0,0,0,0,0,0,0,0
201906,18,115,2,3,Ohio County                   ,14,14,2658588,0,0,0,0,0,0,0,0,0,13,13,2518650,0,0,0,0,0,0,0,0,0
201906,18,119,2,3,Owen County                   ,12,12,3102316,0,0,0,0,0,0,0,0,0,8,8,2068104,0,0,0,0,0,0,0,0,0
201906,18,127,2,3,Porter County                 ,217,217,59056912,3,6,930698,0,0,0,5,42,4971007,184,184,53412823,3,6,930698,0,0,0,4,36,4220073
201906,18,133,2,3,Putnam County                 ,59,59,14539665,0,0,0,0,0,0,8,92,7000000,57,57,14250191,0,0,0,0,0,0,8,92,7000000
201906,18,145,2,3,Shelby County                 ,28,28,5196582,0,0,0,0,0,0,0,0,0,28,28,5196582,0,0,0,0,0,0,0,0,0
201906,18,151,2,3,Steuben County                ,66,66,18052070,2,4,790000,0,0,0,0,0,0,66,66,18052070,2,4,790000,0,0,0,0,0,0
201906,18,157,2,3,Tippecanoe County             ,200,200,49261447,0,0,0,0,0,0,12,301,26419474,174,174,45892672,0,0,0,0,0,0,7,252,21630000
201906,18,163,2,3,Vanderburgh County            ,177,177,38289187,10,20,1254000,0,0,0,0,0,0,147,147,32962854,10,20,1254000,0,0,0,0,0,0
201906,18,167,2,3,Vigo County                   ,7,7,1730811,5,10,1209000,0,0,0,1,10,691935,2,2,1050000,4,8,1029000,0,0,0,0,0,0
201906,18,175,2,3,Washington County             ,23,23,6017878,0,0,0,0,0,0,0,0,0,0,0,0,0,0,0,0,0,0,0,0,0
201906,18,183,2,3,Whitley County                ,46,46,11443025,0,0,0,0,0,0,1,5,462857,46,46,11443025,0,0,0,0,0,0,0,0,0
201906,19,049,2,4,Dallas County                 ,153,153,41860920,2,4,610894,0,0,0,0,0,0,149,149,41062325,2,4,610894,0,0,0,0,0,0
201906,19,085,2,4,Harrison County               ,17,17,4138424,0,0,0,0,0,0,0,0,0,13,13,3380000,0,0,0,0,0,0,0,0,0
201906,19,129,2,4,Mills County                  ,3,3,858513,0,0,0,0,0,0,0,0,0,3,3,858513,0,0,0,0,0,0,0,0,0
201906,19,153,2,4,Polk County                   ,1126,1126,294006648,6,12,2382940,1,4,891226,9,345,37030337,1123,1123,293422196,6,12,2382940,1,4,891226,9,345,37030337
201906,19,181,2,4,Warren County                 ,202,202,48314812,0,0,0,0,0,0,0,0,0,197,197,47180110,0,0,0,0,0,0,0,0,0
201906,20,061,2,4,Geary County                  ,5,5,779165,0,0,0,0,0,0,0,0,0,0,0,0,0,0,0,0,0,0,0,0,0
201906,20,091,2,4,Johnson County                ,718,718,255150736,5,10,3049268,8,28,5603330,15,758,101606508,642,642,225311352,5,10,3049268,8,28,5603330,14,738,98670122
201906,20,103,2,4,Leavenworth County            ,99,99,22639948,0,0,0,0,0,0,0,0,0,99,99,22639948,0,0,0,0,0,0,0,0,0
201906,20,107,2,4,Linn County                   ,20,20,2414096,0,0,0,0,0,0,0,0,0,10,10,1487255,0,0,0,0,0,0,0,0,0
201906,20,121,2,4,Miami County                  ,44,44,11411901,0,0,0,0,0,0,0,0,0,16,16,2860295,0,0,0,0,0,0,0,0,0
201906,20,209,2,4,Wyandotte County              ,91,91,16653429,3,6,586776,0,0,0,0,0,0,25,25,5252799,0,0,0,0,0,0,0,0,0
201906,21,005,3,6,Anderson County               ,30,30,5158126,0,0,0,1,4,215100,0,0,0,30,30,5158126,0,0,0,1,4,215100,0,0,0
201906,21,015,3,6,Boone County                  ,228,228,41951822,0,0,0,1,4,650000,3,34,2417737,228,228,41951822,0,0,0,1,4,650000,3,34,2417737
201906,21,017,3,6,Bourbon County                ,23,23,5583535,0,0,0,0,0,0,0,0,0,23,23,5583535,0,0,0,0,0,0,0,0,0
201906,21,021,3,6,Boyle County                  ,7,7,1250245,5,10,889320,0,0,0,0,0,0,5,5,870000,5,10,889320,0,0,0,0,0,0
201906,21,029,3,6,Bullitt County                ,179,179,45281228,2,4,560000,3,12,780000,0,0,0,179,179,45281228,2,4,560000,3,12,780000,0,0,0
201906,21,035,3,6,Calloway County               ,5,5,948000,1,2,184000,1,4,202965,0,0,0,5,5,948000,1,2,184000,1,4,202965,0,0,0
201906,21,037,3,6,Campbell County               ,92,92,26531317,0,0,0,2,7,1274818,1,5,409345,72,72,21314090,0,0,0,1,4,959068,0,0,0
201906,21,045,3,6,Casey County                  ,0,0,0,0,0,0,0,0,0,0,0,0,0,0,0,0,0,0,0,0,0,0,0,0
201906,21,047,3,6,Christian County              ,27,27,3273100,1,2,155000,0,0,0,6,53,7242000,14,14,2347500,1,2,155000,0,0,0,6,53,7242000
201906,21,049,3,6,Clark County                  ,23,23,5077923,0,0,0,0,0,0,5,25,1731250,5,5,1252000,0,0,0,0,0,0,0,0,0
201906,21,067,3,6,Fayette County                ,395,395,65031891,1,2,204889,0,0,0,11,352,23909624,0,0,0,0,0,0,0,0,0,0,0,0
201906,21,069,3,6,Fleming County                ,0,0,0,0,0,0,0,0,0,0,0,0,0,0,0,0,0,0,0,0,0,0,0,0
201906,21,077,3,6,Gallatin County               ,9,9,1656126,0,0,0,0,0,0,0,0,0,0,0,0,0,0,0,0,0,0,0,0,0
201906,21,081,3,6,Grant County                  ,37,37,6173050,0,0,0,0,0,0,0,0,0,37,37,6173050,0,0,0,0,0,0,0,0,0
201906,21,091,3,6,Hancock County                ,1,1,204898,0,0,0,0,0,0,0,0,0,1,1,204898,0,0,0,0,0,0,0,0,0
201906,21,099,3,6,Hart County                   ,14,14,1222500,0,0,0,0,0,0,2,13,1476119,4,4,250000,0,0,0,0,0,0,0,0,0
201906,21,101,3,6,Henderson County              ,14,14,2987113,11,22,1869876,0,0,0,1,6,595000,14,14,2987113,11,22,1869876,0,0,0,1,6,595000
201906,21,103,3,6,Henry County                  ,16,16,3784500,1,2,180000,0,0,0,0,0,0,16,16,3784500,1,2,180000,0,0,0,0,0,0
201906,21,111,3,6,Jefferson County              ,615,615,178108123,3,6,624511,1,3,333482,43,1013,55477941,391,391,113160724,2,4,375000,0,0,0,30,642,19993750
201906,21,113,3,6,Jessamine County              ,100,100,28266971,0,0,0,3,9,1125000,0,0,0,37,37,19093500,0,0,0,0,0,0,0,0,0
201906,21,115,3,6,Johnson County                ,0,0,0,0,0,0,0,0,0,0,0,0,0,0,0,0,0,0,0,0,0,0,0,0
201906,21,117,3,6,Kenton County                 ,160,160,36577690,0,0,0,0,0,0,0,0,0,160,160,36577690,0,0,0,0,0,0,0,0,0
201906,21,121,3,6,Knox County                   ,0,0,0,0,0,0,0,0,0,0,0,0,0,0,0,0,0,0,0,0,0,0,0,0
201906,21,123,3,6,Larue County                  ,25,25,5913322,0,0,0,0,0,0,0,0,0,25,25,5913322,0,0,0,0,0,0,0,0,0
201906,21,137,3,6,Lincoln County                ,25,25,1978298,0,0,0,0,0,0,0,0,0,21,21,1560000,0,0,0,0,0,0,0,0,0
201906,21,145,3,6,McCracken County              ,29,29,8068681,0,0,0,0,0,0,0,0,0,11,11,3173874,0,0,0,0,0,0,0,0,0
201906,21,151,3,6,Madison County                ,86,86,9083758,11,22,1350972,0,0,0,6,33,1112574,24,24,3640000,4,8,560000,0,0,0,0,0,0
201906,21,157,3,6,Marshall County               ,39,39,10928950,0,0,0,0,0,0,0,0,0,39,39,10928950,0,0,0,0,0,0,0,0,0
201906,21,161,3,6,Mason County                  ,6,6,1579000,1,2,250000,0,0,0,0,0,0,6,6,1579000,1,2,250000,0,0,0,0,0,0
201906,21,163,3,6,Meade County                  ,52,52,11221443,0,0,0,0,0,0,0,0,0,52,52,11221443,0,0,0,0,0,0,0,0,0
201906,21,167,3,6,Mercer County                 ,24,24,4125880,0,0,0,0,0,0,0,0,0,0,0,0,0,0,0,0,0,0,0,0,0
201906,21,175,3,6,Morgan County                 ,12,12,900000,0,0,0,0,0,0,0,0,0,0,0,0,0,0,0,0,0,0,0,0,0
201906,21,179,3,6,Nelson County                 ,121,121,18965674,21,42,3445000,1,4,350000,0,0,0,121,121,18965674,21,42,3445000,1,4,350000,0,0,0
201906,21,185,3,6,Oldham County                 ,163,163,50104128,0,0,0,0,0,0,0,0,0,0,0,0,0,0,0,0,0,0,0,0,0
201906,21,191,3,6,Pendleton County              ,0,0,0,0,0,0,0,0,0,0,0,0,0,0,0,0,0,0,0,0,0,0,0,0
201906,21,209,3,6,Scott County                  ,178,178,29232236,5,10,1310314,0,0,0,1,9,601492,107,107,16574265,0,0,0,0,0,0,0,0,0
201906,21,211,3,6,Shelby County                 ,115,115,29236824,0,0,0,0,0,0,0,0,0,115,115,29236824,0,0,0,0,0,0,0,0,0
201906,21,213,3,6,Simpson County                ,48,48,7802479,0,0,0,0,0,0,1,5,287067,40,40,6738145,0,0,0,0,0,0,0,0,0
201906,21,215,3,6,Spencer County                ,64,64,15137390,0,0,0,0,0,0,0,0,0,64,64,15137390,0,0,0,0,0,0,0,0,0
201906,21,221,3,6,Trigg County                  ,9,9,1766330,0,0,0,0,0,0,0,0,0,9,9,1766330,0,0,0,0,0,0,0,0,0
201906,21,239,3,6,Woodford County               ,47,47,7625750,3,6,820000,0,0,0,0,0,0,39,39,6107529,3,6,820000,0,0,0,0,0,0
201906,22,005,3,7,Ascension Parish              ,427,427,64921621,0,0,0,0,0,0,0,0,0,419,419,63460533,0,0,0,0,0,0,0,0,0
201906,22,015,3,7,Bossier Parish                ,331,331,69029314,0,0,0,0,0,0,0,0,0,331,331,69029314,0,0,0,0,0,0,0,0,0
201906,22,017,3,7,Caddo Parish                  ,151,151,33663291,0,0,0,0,0,0,0,0,0,151,151,33663291,0,0,0,0,0,0,0,0,0
201906,22,031,3,7,De Soto Parish                ,49,49,13218663,0,0,0,0,0,0,0,0,0,45,45,12434581,0,0,0,0,0,0,0,0,0
201906,22,033,3,7,East Baton Rouge Parish       ,677,677,166868581,3,6,811846,0,0,0,0,0,0,674,674,166359874,3,6,811846,0,0,0,0,0,0
201906,22,037,3,7,East Feliciana Parish         ,21,21,4098759,0,0,0,0,0,0,0,0,0,21,21,4098759,0,0,0,0,0,0,0,0,0
201906,22,047,3,7,Iberville Parish              ,49,49,12120512,0,0,0,0,0,0,0,0,0,4,4,850000,0,0,0,0,0,0,0,0,0
201906,22,051,3,7,Jefferson Parish              ,280,280,59746163,0,0,0,0,0,0,0,0,0,268,268,56729655,0,0,0,0,0,0,0,0,0
201906,22,055,3,7,Lafayette Parish              ,580,580,129812823,0,0,0,0,0,0,1,24,3100000,290,290,63408316,0,0,0,0,0,0,1,24,3100000
201906,22,063,3,7,Livingston Parish             ,415,415,91412243,0,0,0,0,0,0,0,0,0,14,14,2745922,0,0,0,0,0,0,0,0,0
201906,22,071,3,7,Orleans Parish                ,246,246,55391214,33,66,6934464,1,3,721976,6,83,18953495,0,0,0,0,0,0,0,0,0,0,0,0
201906,22,075,3,7,Plaquemines Parish            ,25,25,8160507,0,0,0,1,3,373351,0,0,0,21,21,7100689,0,0,0,1,3,373351,0,0,0
201906,22,077,3,7,Pointe Coupee Parish          ,25,25,6656022,0,0,0,0,0,0,0,0,0,25,25,6656022,0,0,0,0,0,0,0,0,0
201906,22,087,3,7,St. Bernard Parish            ,95,95,15742222,0,0,0,0,0,0,0,0,0,95,95,15742222,0,0,0,0,0,0,0,0,0
201906,22,089,3,7,St. Charles Parish            ,48,48,11881134,0,0,0,0,0,0,0,0,0,48,48,11881134,0,0,0,0,0,0,0,0,0
201906,22,091,3,7,St. Helena Parish             ,20,20,3535710,0,0,0,0,0,0,0,0,0,0,0,0,0,0,0,0,0,0,0,0,0
201906,22,095,3,7,St. John the Baptist Parish   ,25,25,4128263,0,0,0,0,0,0,0,0,0,0,0,0,0,0,0,0,0,0,0,0,0
201906,22,099,3,7,St. Martin Parish             ,87,87,16142496,0,0,0,0,0,0,0,0,0,6,6,1311761,0,0,0,0,0,0,0,0,0
201906,22,103,3,7,St. Tammany Parish            ,809,809,177422440,2,4,560000,0,0,0,0,0,0,790,790,169965849,2,4,560000,0,0,0,0,0,0
201906,22,109,3,7,Terrebonne Parish             ,77,77,22007159,1,2,155556,0,0,0,0,0,0,66,66,19186305,0,0,0,0,0,0,0,0,0
201906,22,121,3,7,West Baton Rouge Parish       ,122,122,20185038,0,0,0,0,0,0,0,0,0,114,114,19456542,0,0,0,0,0,0,0,0,0
201906,22,125,3,7,West Feliciana Parish         ,21,21,8456231,0,0,0,0,0,0,2,10,1885510,0,0,0,0,0,0,0,0,0,0,0,0
201906,23,000,1,1,Maine Unorganized Territory   ,36,36,4780810,0,0,0,0,0,0,0,0,0,0,0,0,0,0,0,0,0,0,0,0,0
201906,24,003,3,5,Anne Arundel County           ,970,970,164878833,0,0,0,0,0,0,3,588,108130000,966,966,164191309,0,0,0,0,0,0,3,588,108130000
201906,24,005,3,5,Baltimore County              ,420,420,93330500,0,0,0,0,0,0,4,192,22800000,420,420,93330500,0,0,0,0,0,0,4,192,22800000
201906,24,009,3,5,Calvert County                ,97,97,22955616,0,0,0,0,0,0,5,240,25000000,97,97,22955616,0,0,0,0,0,0,5,240,25000000
201906,24,013,3,5,Carroll County                ,183,183,43424927,0,0,0,0,0,0,1,12,900000,183,183,43424927,0,0,0,0,0,0,1,12,900000
201906,24,015,3,5,Cecil County                  ,88,88,15287467,0,0,0,0,0,0,0,0,0,88,88,15287467,0,0,0,0,0,0,0,0,0
201906,24,017,3,5,Charles County                ,382,382,91887103,0,0,0,0,0,0,0,0,0,382,382,91887103,0,0,0,0,0,0,0,0,0
201906,24,021,3,5,Frederick County              ,791,791,195652550,3,6,567925,10,35,6344332,20,389,43527413,670,670,164359224,2,4,190000,9,31,3390244,19,365,39610632
201906,24,023,3,5,Garrett County                ,43,43,15913175,0,0,0,0,0,0,0,0,0,43,43,15913175,0,0,0,0,0,0,0,0,0
201906,24,025,3,5,Harford County                ,395,395,88325385,0,0,0,0,0,0,2,96,9670000,395,395,88325385,0,0,0,0,0,0,2,96,9670000
201906,24,027,3,5,Howard County                 ,412,412,97265049,1,2,300000,0,0,0,0,0,0,412,412,97265049,1,2,300000,0,0,0,0,0,0
201906,24,031,3,5,Montgomery County             ,364,364,85930773,7,14,882700,8,32,1001100,18,1957,264788221,364,364,85930773,7,14,882700,8,32,1001100,18,1957,264788221
201906,24,033,3,5,Prince George County          ,1243,1243,295346124,2,4,635443,2,8,2290704,0,0,0,1240,1240,294563050,1,2,391606,2,8,2290704,0,0,0
201906,24,035,3,5,Queen Anne County             ,112,112,25883797,0,0,0,0,0,0,4,66,9072000,112,112,25883797,0,0,0,0,0,0,4,66,9072000
201906,24,037,3,5,St. Marys County              ,217,217,50687663,0,0,0,0,0,0,6,66,11825054,213,213,49392000,0,0,0,0,0,0,6,66,11825054
201906,24,039,3,5,Somerset County               ,15,15,2296616,0,0,0,0,0,0,0,0,0,8,8,1085150,0,0,0,0,0,0,0,0,0
201906,24,045,3,5,Wicomico County               ,112,112,15816154,0,0,0,0,0,0,5,35,3067703,103,103,14218043,0,0,0,0,0,0,5,35,3067703
201906,24,510,3,5,Baltimore (Independent City)  ,73,73,10285000,0,0,0,0,0,0,3,186,25630000,73,73,10285000,0,0,0,0,0,0,3,186,25630000
201906,25,005,1,1,Bristol County                ,292,292,60476677,17,34,4149526,2,6,400000,3,15,1989233,161,161,35377593,13,26,3344940,0,0,0,1,5,767833
201906,25,009,1,1,Essex County                  ,252,252,78563645,23,46,8676389,3,12,3500000,14,218,27538109,205,205,63329135,7,14,2404657,3,12,3500000,2,152,14752386
201906,25,017,1,1,Middlesex County              ,550,550,174594467,32,64,11386572,27,93,18994193,392,2938,258741907,368,368,116387154,19,38,6007389,21,74,15588901,367,2586,197299644
201906,25,021,1,1,Norfolk County                ,324,324,138399157,9,18,4005630,3,11,1357230,27,950,70848644,224,224,99141619,8,16,3627770,2,8,697230,8,797,56026766
201906,25,023,1,1,Plymouth County               ,470,470,112818746,5,10,1332800,4,13,1712030,10,63,8646645,350,350,85418966,3,6,720000,2,7,930000,3,25,3426533
201906,25,025,1,1,Suffolk County                ,23,23,5665168,20,40,7344386,31,100,19817308,50,914,231681715,18,18,4781144,15,30,6073049,31,100,19817308,37,844,216796964
201906,26,000,2,3,Michigan Balance of State     ,30,30,5633713,0,0,0,0,0,0,0,0,0,0,0,0,0,0,0,0,0,0,0,0,0
201906,26,019,2,3,Benzie County                 ,38,38,8124093,0,0,0,0,0,0,0,0,0,30,30,5931150,0,0,0,0,0,0,0,0,0
201906,26,029,2,3,Charlevoix County             ,46,46,10799151,1,2,226390,0,0,0,0,0,0,0,0,0,0,0,0,0,0,0,0,0,0
201906,26,089,2,3,Leelanau County               ,63,63,14709058,0,0,0,0,0,0,0,0,0,44,44,10300200,0,0,0,0,0,0,0,0,0
201906,26,093,2,3,Livingston County             ,249,249,68269377,8,16,1815606,4,16,1500000,0,0,0,240,240,66193066,8,16,1815606,4,16,1500000,0,0,0
201906,26,095,2,3,Luce County                   ,2,2,289076,0,0,0,0,0,0,0,0,0,0,0,0,0,0,0,0,0,0,0,0,0
201906,26,099,2,3,Macomb County                 ,607,607,194053143,11,22,4105783,6,20,5036354,20,359,46040913,603,603,193451199,7,14,3416207,6,20,5036354,19,354,45915913
201906,26,103,2,3,Marquette County              ,25,25,5641852,0,0,0,0,0,0,0,0,0,25,25,5641852,0,0,0,0,0,0,0,0,0
201906,26,137,2,3,Otsego County                 ,10,10,810000,0,0,0,0,0,0,0,0,0,0,0,0,0,0,0,0,0,0,0,0,0
201906,26,147,2,3,St. Clair County              ,105,105,22017156,0,0,0,0,0,0,0,0,0,87,87,18875419,0,0,0,0,0,0,0,0,0
201906,26,163,2,3,Wayne County                  ,418,418,128885722,1,2,278179,5,17,2444438,13,252,29601956,374,374,121661997,1,2,278179,5,17,2444438,10,198,25682849
201906,27,003,2,4,Anoka County                  ,476,476,135221662,0,0,0,0,0,0,6,89,11576476,421,421,121933723,0,0,0,0,0,0,0,0,0
201906,27,019,2,4,Carver County                 ,273,273,85210407,2,4,986850,1,4,675000,0,0,0,240,240,76442252,2,4,986850,1,4,675000,0,0,0
201906,27,025,2,4,Chisago County                ,112,112,19079800,1,2,350000,0,0,0,0,0,0,112,112,19079800,1,2,350000,0,0,0,0,0,0
201906,27,027,2,4,Clay County                   ,105,105,22672102,0,0,0,0,0,0,0,0,0,105,105,22672102,0,0,0,0,0,0,0,0,0
201906,27,037,2,4,Dakota County                 ,532,532,166098062,0,0,0,2,8,1612000,7,573,69345535,483,483,149230171,0,0,0,2,8,1612000,6,563,67926455
201906,27,053,2,4,Hennepin County               ,905,905,353228216,3,6,1277471,4,14,4222313,34,3838,655699252,856,856,337219257,3,6,1277471,4,14,4222313,32,3824,652429005
201906,27,059,2,4,Isanti County                 ,102,102,20546763,0,0,0,0,0,0,0,0,0,43,43,9007262,0,0,0,0,0,0,0,0,0
201906,27,123,2,4,Ramsey County                 ,96,96,35467632,0,0,0,0,0,0,7,854,120524196,90,90,33066918,0,0,0,0,0,0,7,854,120524196
201906,27,139,2,4,Scott County                  ,327,327,106555484,0,0,0,0,0,0,4,494,92213351,307,307,101359069,0,0,0,0,0,0,4,494,92213351
201906,27,141,2,4,Sherburne County              ,197,197,44980849,0,0,0,0,0,0,1,8,685000,194,194,44555014,0,0,0,0,0,0,1,8,685000
201906,27,163,2,4,Washington County             ,530,530,164668606,0,0,0,0,0,0,3,336,35243666,506,506,153753473,0,0,0,0,0,0,3,336,35243666
201906,27,171,2,4,Wright County                 ,418,418,117747349,0,0,0,0,0,0,3,18,2697526,409,409,115565867,0,0,0,0,0,0,2,13,2182900
201906,28,033,3,6,DeSoto County                 ,753,753,130651781,0,0,0,0,0,0,0,0,0,702,702,125050392,0,0,0,0,0,0,0,0,0
201906,28,041,3,6,Greene County                 ,0,0,0,0,0,0,0,0,0,0,0,0,0,0,0,0,0,0,0,0,0,0,0,0
201906,28,045,3,6,Hancock County                ,251,251,45053746,0,0,0,3,9,903252,6,47,3979147,84,84,19655496,0,0,0,0,0,0,0,0,0
201906,28,047,3,6,Harrison County               ,520,520,91523756,3,6,869000,0,0,0,0,0,0,454,454,84026090,3,6,869000,0,0,0,0,0,0
201906,28,067,3,6,Jones County                  ,1,1,95000,0,0,0,0,0,0,0,0,0,1,1,95000,0,0,0,0,0,0,0,0,0
201906,28,129,3,6,Smith County                  ,0,0,0,0,0,0,0,0,0,0,0,0,0,0,0,0,0,0,0,0,0,0,0,0
201906,28,137,3,6,Tate County                   ,59,59,10243925,0,0,0,0,0,0,0,0,0,49,49,8361245,0,0,0,0,0,0,0,0,0
201906,28,143,3,6,Tunica County                 ,13,13,2511578,0,0,0,0,0,0,0,0,0,0,0,0,0,0,0,0,0,0,0,0,0
201906,28,145,3,6,Union County                  ,3,3,771000,0,0,0,0,0,0,0,0,0,3,3,771000,0,0,0,0,0,0,0,0,0
201906,28,149,3,6,Warren County                 ,1,1,520000,0,0,0,0,0,0,0,0,0,1,1,520000,0,0,0,0,0,0,0,0,0
201906,29,013,2,4,Bates County                  ,1,1,135000,0,0,0,0,0,0,0,0,0,1,1,135000,0,0,0,0,0,0,0,0,0
201906,29,017,2,4,Bollinger County              ,0,0,0,0,0,0,0,0,0,0,0,0,0,0,0,0,0,0,0,0,0,0,0,0
201906,29,019,2,4,Boone County                  ,289,289,79772138,0,0,0,0,0,0,1,12,3000000,289,289,79772138,0,0,0,0,0,0,1,12,3000000
201906,29,049,2,4,Clinton County                ,22,22,4268020,1,2,400000,0,0,0,0,0,0,6,6,1408000,1,2,400000,0,0,0,0,0,0
201906,29,065,2,4,Dent County                   ,0,0,0,0,0,0,0,0,0,0,0,0,0,0,0,0,0,0,0,0,0,0,0,0
201906,29,071,2,4,Franklin County               ,133,133,31800322,2,4,879779,0,0,0,2,32,1850000,115,115,27539743,2,4,879779,0,0,0,2,32,1850000
201906,29,095,2,4,Jackson County                ,691,691,162590047,41,82,6703849,13,49,8685101,13,612,64373160,666,666,156166719,41,82,6703849,13,49,8685101,13,612,64373160
201906,29,099,2,4,Jefferson County              ,326,326,80373959,2,4,692660,0,0,0,0,0,0,308,308,78053074,1,2,300000,0,0,0,0,0,0
201906,29,105,2,4,Laclede County                ,16,16,2236075,1,2,259500,0,0,0,1,5,534750,7,7,1113900,0,0,0,0,0,0,0,0,0
201906,29,107,2,4,Lafayette County              ,30,30,6327633,0,0,0,0,0,0,0,0,0,27,27,5741753,0,0,0,0,0,0,0,0,0
201906,29,113,2,4,Lincoln County                ,76,76,14198629,1,2,234292,3,9,1077864,7,50,5160000,51,51,7901061,1,2,234292,0,0,0,7,50,5160000
201906,29,165,2,4,Platte County                 ,93,93,31714000,0,0,0,0,0,0,0,0,0,82,82,28103072,0,0,0,0,0,0,0,0,0
201906,29,185,2,4,St. Clair County              ,1,1,50000,0,0,0,0,0,0,0,0,0,1,1,50000,0,0,0,0,0,0,0,0,0
201906,29,189,2,4,St. Louis County              ,431,431,180982220,0,0,0,0,0,0,7,88,17838032,214,214,101593066,0,0,0,0,0,0,2,18,9000000
201906,29,219,2,4,Warren County                 ,146,146,33889598,0,0,0,10,39,5172599,5,30,3960397,146,146,33889598,0,0,0,10,39,5172599,5,30,3960397
201906,29,221,2,4,Washington County             ,0,0,0,0,0,0,0,0,0,0,0,0,0,0,0,0,0,0,0,0,0,0,0,0
201906,29,510,2,4,St. Louis (Independent City)  ,62,62,12513055,0,0,0,1,3,450000,4,94,9879103,48,48,9832603,0,0,0,1,3,450000,3,65,8062200
201906,30,013,4,8,Cascade County                ,49,49,16532581,0,0,0,0,0,0,1,12,1002000,49,49,16532581,0,0,0,0,0,0,1,12,1002000
201906,30,033,4,8,Garfield County               ,0,0,0,0,0,0,0,0,0,0,0,0,0,0,0,0,0,0,0,0,0,0,0,0
201906,30,063,4,8,Missoula County               ,187,187,40294302,8,16,1135469,3,11,384201,5,93,8290293,187,187,40294302,8,16,1135469,3,11,384201,5,93,8290293
201906,30,093,4,8,Silver Bow County             ,23,23,2500488,0,0,0,0,0,0,0,0,0,23,23,2500488,0,0,0,0,0,0,0,0,0
201906,31,001,2,4,Adams County                  ,32,32,8932469,15,30,5386614,0,0,0,3,84,10220675,28,28,7804344,15,30,5386614,0,0,0,3,84,10220675
201906,31,025,2,4,Cass County                   ,55,55,9810843,0,0,0,0,0,0,0,0,0,14,14,2930212,0,0,0,0,0,0,0,0,0
201906,31,033,2,4,Cheyenne County               ,3,3,655041,0,0,0,0,0,0,0,0,0,3,3,655041,0,0,0,0,0,0,0,0,0
201906,31,055,2,4,Douglas County                ,628,628,101375315,1,2,192848,0,0,0,9,533,33886640,622,622,99892196,1,2,192848,0,0,0,9,533,33886640
201906,31,105,2,4,Kimball County                ,1,1,175000,0,0,0,0,0,0,0,0,0,1,1,175000,0,0,0,0,0,0,0,0,0
201906,31,153,2,4,Sarpy County                  ,432,432,117393102,0,0,0,0,0,0,6,264,18497346,377,377,102754789,0,0,0,0,0,0,6,264,18497346
201906,31,165,2,4,Sioux County                  ,1,1,164000,0,0,0,0,0,0,0,0,0,1,1,164000,0,0,0,0,0,0,0,0,0
201906,31,177,2,4,Washington County             ,17,17,4670477,0,0,0,0,0,0,0,0,0,17,17,4670477,0,0,0,0,0,0,0,0,0
201906,32,001,4,8,Churchill County              ,55,55,10056689,1,2,139828,0,0,0,0,0,0,55,55,10056689,1,2,139828,0,0,0,0,0,0
201906,32,003,4,8,Clark County                  ,4933,4933,1045287312,3,6,1349213,29,87,9828634,73,2218,215919406,4933,4933,1045287312,3,6,1349213,29,87,9828634,73,2218,215919406
201906,32,005,4,8,Douglas County                ,62,62,29834749,0,0,0,0,0,0,0,0,0,62,62,29834749,0,0,0,0,0,0,0,0,0
201906,32,007,4,8,Elko County                   ,66,66,10812840,0,0,0,0,0,0,0,0,0,66,66,10812840,0,0,0,0,0,0,0,0,0
201906,32,013,4,8,Humboldt County               ,5,5,598422,0,0,0,0,0,0,0,0,0,2,2,295341,0,0,0,0,0,0,0,0,0
201906,32,015,4,8,Lander County                 ,0,0,0,0,0,0,0,0,0,0,0,0,0,0,0,0,0,0,0,0,0,0,0,0
201906,32,017,4,8,Lincoln County                ,6,6,1662904,0,0,0,0,0,0,0,0,0,1,1,285178,0,0,0,0,0,0,0,0,0
201906,32,019,4,8,Lyon County                   ,220,220,60241179,0,0,0,0,0,0,0,0,0,179,179,50516190,0,0,0,0,0,0,0,0,0
201906,32,021,4,8,Mineral County                ,0,0,0,0,0,0,0,0,0,0,0,0,0,0,0,0,0,0,0,0,0,0,0,0
201906,32,027,4,8,Pershing County               ,2,2,131342,0,0,0,0,0,0,0,0,0,2,2,131342,0,0,0,0,0,0,0,0,0
201906,32,029,4,8,Storey County                 ,4,4,739948,0,0,0,0,0,0,0,0,0,1,1,148418,0,0,0,0,0,0,0,0,0
201906,32,031,4,8,Washoe County                 ,925,925,270673899,17,34,3216120,11,38,5335863,69,1458,207944847,877,877,256268675,17,34,3216120,11,38,5335863,69,1458,207944847
201906,32,033,4,8,White Pine County             ,4,4,1376339,0,0,0,0,0,0,0,0,0,0,0,0,0,0,0,0,0,0,0,0,0
201906,32,510,4,8,Carson City (Independent City),83,83,22301840,0,0,0,1,3,381851,1,11,1098290,44,44,11661299,0,0,0,0,0,0,0,0,0
201906,33,015,1,1,Rockingham County             ,292,292,88525370,22,44,7350764,0,0,0,8,143,16575622,246,246,74426021,16,32,5428877,0,0,0,4,120,14461738
201906,33,017,1,1,Strafford County              ,111,111,24328753,7,14,1513826,0,0,0,5,177,62231627,72,72,16671278,6,12,1245356,0,0,0,2,150,59592687
201906,34,001,1,2,Atlantic County               ,166,166,45726780,4,8,1053137,0,0,0,47,465,29863682,159,159,43483008,3,6,763425,0,0,0,44,413,24640495
201906,34,003,1,2,Bergen County                 ,405,405,135640687,34,68,12050946,7,23,2074923,57,1371,169061505,299,299,100162980,31,62,11065568,7,23,2074923,27,1169,146534606
201906,34,005,1,2,Burlington County             ,259,259,36197717,0,0,0,2,7,18900,90,900,57596187,168,168,27543652,0,0,0,2,7,18900,78,827,50622861
201906,34,007,1,2,Camden County                 ,169,169,15297324,1,2,232,6,21,1938000,58,491,15664605,148,148,12260358,1,2,232,6,21,1938000,46,357,8311637
201906,34,009,1,2,Cape May County               ,225,225,77923439,46,92,10771863,4,13,1617520,10,53,2289820,221,221,75231073,46,92,10771863,4,13,1617520,10,53,2289820
201906,34,011,1,2,Cumberland County             ,54,54,4518937,0,0,0,0,0,0,0,0,0,45,45,3707882,0,0,0,0,0,0,0,0,0
201906,34,013,1,2,Essex County                  ,215,215,48954513,35,70,9724008,17,52,8414393,36,965,152117394,128,128,41740906,33,66,9495008,13,40,3888610,17,604,126605653
201906,34,015,1,2,Gloucester County             ,228,228,31887720,4,8,272855,1,3,128055,15,125,13384118,164,164,24886164,4,8,272855,1,3,128055,3,24,2252265
201906,34,017,1,2,Hudson County                 ,602,602,28699694,20,40,4519158,37,123,17869155,28,1485,85251654,597,597,26919630,13,26,2595353,34,114,16557466,22,1335,68078457
201906,34,019,1,2,Hunterdon County              ,89,89,20651842,2,4,466400,3,9,1231000,25,198,8056418,78,78,18799607,0,0,0,3,9,1231000,15,142,5131912
201906,34,021,1,2,Mercer County                 ,71,71,13840496,1,2,31800,2,7,356500,7,88,2288301,70,70,13585728,1,2,31800,2,7,356500,4,73,2281900
201906,34,023,1,2,Middlesex County              ,350,350,70494523,10,20,1525861,33,114,3795867,41,711,66241261,305,305,63199996,8,16,1010361,33,114,3795867,28,554,52000445
201906,34,025,1,2,Monmouth County               ,408,408,130218949,3,6,575400,3,9,50180,43,542,47186305,335,335,103529384,2,4,523400,3,9,50180,38,515,45725815
201906,34,027,1,2,Morris County                 ,418,418,76259792,1,2,5002,6,21,1277626,27,377,31347427,342,342,60767924,1,2,5002,2,6,668500,19,318,24934380
201906,34,029,1,2,Ocean County                  ,996,996,209331145,36,72,1781056,5,16,1195990,17,177,11979868,901,901,198113767,34,68,1586217,1,3,675000,13,154,10184525
201906,34,031,1,2,Passaic County                ,40,40,8776916,6,12,634412,2,6,439502,11,113,9925813,19,19,4821309,0,0,0,0,0,0,3,41,5290700
201906,34,033,1,2,Salem County                  ,45,45,7075828,0,0,0,0,0,0,0,0,0,45,45,7075828,0,0,0,0,0,0,0,0,0
201906,34,035,1,2,Somerset County               ,165,165,28848666,0,0,0,0,0,0,21,359,22250650,111,111,19873111,0,0,0,0,0,0,5,184,9784826
201906,34,037,1,2,Sussex County                 ,59,59,12041112,18,36,2934000,0,0,0,0,0,0,54,54,10681969,18,36,2934000,0,0,0,0,0,0
201906,34,039,1,2,Union County                  ,104,104,24185563,54,108,7936192,3,9,1164144,23,239,15864006,71,71,18641576,45,90,6626600,3,9,1164144,8,139,9445000
201906,34,041,1,2,Warren County                 ,43,43,6803881,0,0,0,0,0,0,4,26,938827,32,32,5142945,0,0,0,0,0,0,0,0,0
201906,35,000,4,8,New Mexico Balance of State   ,191,191,51785707,0,0,0,0,0,0,0,0,0,0,0,0,0,0,0,0,0,0,0,0,0
201906,35,001,4,8,Bernalillo County             ,544,544,132777906,0,0,0,0,0,0,1,86,9800000,544,544,132777906,0,0,0,0,0,0,1,86,9800000
201906,35,005,4,8,Chaves County                 ,26,26,4573693,0,0,0,0,0,0,0,0,0,21,21,3881300,0,0,0,0,0,0,0,0,0
201906,35,009,4,8,Curry County                  ,26,26,6575888,0,0,0,0,0,0,3,15,1382814,0,0,0,0,0,0,0,0,0,0,0,0
201906,35,013,4,8,Dona Ana County               ,435,435,108525462,3,6,640340,0,0,0,0,0,0,435,435,108525462,3,6,640340,0,0,0,0,0,0
201906,35,015,4,8,Eddy County                   ,132,132,40415189,0,0,0,0,0,0,0,0,0,132,132,40415189,0,0,0,0,0,0,0,0,0
201906,35,017,4,8,Grant County                  ,5,5,812535,0,0,0,0,0,0,0,0,0,0,0,0,0,0,0,0,0,0,0,0,0
201906,35,025,4,8,Lea County                    ,82,82,18585117,0,0,0,0,0,0,0,0,0,62,62,14383234,0,0,0,0,0,0,0,0,0
201906,35,027,4,8,Lincoln County                ,32,32,10510471,0,0,0,0,0,0,0,0,0,32,32,10510471,0,0,0,0,0,0,0,0,0
201906,35,028,4,8,Los Alamos County             ,4,4,1172851,0,0,0,0,0,0,0,0,0,2,2,560400,0,0,0,0,0,0,0,0,0
201906,35,029,4,8,Luna County                   ,7,7,1595494,0,0,0,0,0,0,0,0,0,4,4,1035670,0,0,0,0,0,0,0,0,0
201906,35,031,4,8,McKinley County               ,1,1,265000,0,0,0,0,0,0,0,0,0,1,1,265000,0,0,0,0,0,0,0,0,0
201906,35,035,4,8,Otero County                  ,0,0,0,0,0,0,0,0,0,0,0,0,0,0,0,0,0,0,0,0,0,0,0,0
201906,35,041,4,8,Roosevelt County              ,10,10,1515965,0,0,0,0,0,0,0,0,0,0,0,0,0,0,0,0,0,0,0,0,0
201906,35,043,4,8,Sandoval County               ,334,334,74026059,1,2,283271,1,3,251560,6,35,1458332,0,0,0,0,0,0,0,0,0,0,0,0
201906,35,045,4,8,San Juan County               ,34,34,8096838,2,4,650880,0,0,0,1,8,500000,31,31,7229998,2,4,650880,0,0,0,1,8,500000
201906,35,047,4,8,San Miguel County             ,1,1,140000,0,0,0,0,0,0,0,0,0,0,0,0,0,0,0,0,0,0,0,0,0
201906,35,049,4,8,Santa Fe County               ,140,140,33434830,0,0,0,0,0,0,2,82,12146560,119,119,27913509,0,0,0,0,0,0,1,77,11802560
201906,35,051,4,8,Sierra County                 ,0,0,0,0,0,0,0,0,0,0,0,0,0,0,0,0,0,0,0,0,0,0,0,0
201906,35,055,4,8,Taos County                   ,47,47,5282806,0,0,0,0,0,0,0,0,0,0,0,0,0,0,0,0,0,0,0,0,0
201906,35,061,4,8,Valencia County               ,27,27,4711577,0,0,0,0,0,0,0,0,0,27,27,4711577,0,0,0,0,0,0,0,0,0
201906,36,001,1,2,Albany County                 ,108,108,28037415,1,2,330000,0,0,0,10,178,20088012,88,88,23600538,1,2,330000,0,0,0,3,114,10300000
201906,36,005,1,2,Bronx County                  ,2,2,528429,14,28,4162796,13,39,4926660,36,1998,259693508,2,2,528429,14,28,4162796,13,39,4926660,36,1998,259693508
201906,36,029,1,2,Erie County                   ,382,382,115440563,2,4,875000,3,12,1200000,13,193,30090881,333,333,100903870,1,2,300000,3,12,1200000,7,90,7024235
201906,36,047,1,2,Kings County                  ,20,20,5309573,15,30,4455016,30,98,12313252,145,4005,520494666,20,20,5309573,15,30,4455016,30,98,12313252,145,4005,520494666
201906,36,051,1,2,Livingston County             ,21,21,4340715,0,0,0,0,0,0,6,30,1616072,14,14,3262100,0,0,0,0,0,0,0,0,0
201906,36,055,1,2,Monroe County                 ,319,319,78368297,0,0,0,5,18,2555227,19,397,57476900,272,272,70590463,0,0,0,4,15,2072500,18,392,57070650
201906,36,059,1,2,Nassau County                 ,340,340,124927788,9,18,4188000,0,0,0,5,78,31357792,268,268,97190783,8,16,3913000,0,0,0,5,78,31357792
201906,36,061,1,2,New York County               ,1,1,266020,1,2,296439,1,4,532192,32,2200,285857016,1,1,266020,1,2,296439,1,4,532192,32,2200,285857016
201906,36,063,1,2,Niagara County                ,101,101,28591506,1,2,400000,0,0,0,0,0,0,71,71,20148950,1,2,400000,0,0,0,0,0,0
201906,36,069,1,2,Ontario County                ,137,137,43061678,0,0,0,1,3,50000,2,13,1137500,113,113,36445665,0,0,0,1,3,50000,0,0,0
201906,36,073,1,2,Orleans County                ,3,3,553000,0,0,0,0,0,0,0,0,0,2,2,298000,0,0,0,0,0,0,0,0,0
201906,36,079,1,2,Putnam County                 ,19,19,9258812,0,0,0,0,0,0,2,48,5114570,17,17,8825150,0,0,0,0,0,0,2,48,5114570
201906,36,081,1,2,Queens County                 ,45,45,11938413,73,146,21699078,20,60,7615784,42,3008,390689723,45,45,11938413,73,146,21699078,20,60,7615784,42,3008,390689723
201906,36,083,1,2,Rensselaer County             ,51,51,12213314,3,6,1237333,0,0,0,3,22,2164423,31,31,6718290,0,0,0,0,0,0,1,12,900000
201906,36,085,1,2,Richmond County               ,111,111,29477701,93,186,27610976,1,3,372923,0,0,0,111,111,29477701,93,186,27610976,1,3,372923,0,0,0
201906,36,087,1,2,Rockland County               ,51,51,17061076,14,28,4021013,15,52,7144125,18,123,19940634,37,37,13173900,0,0,0,2,8,1800000,0,0,0
201906,36,091,1,2,Saratoga County               ,297,297,92926515,1,2,200000,1,3,465000,7,51,3631535,228,228,71308286,1,2,200000,0,0,0,0,0,0
201906,36,093,1,2,Schenectady County            ,39,39,7146732,0,0,0,0,0,0,3,24,1800000,30,30,5297964,0,0,0,0,0,0,3,24,1800000
201906,36,095,1,2,Schoharie County              ,10,10,2343827,0,0,0,0,0,0,0,0,0,5,5,960475,0,0,0,0,0,0,0,0,0
201906,36,099,1,2,Seneca County                 ,19,19,2582532,0,0,0,0,0,0,0,0,0,19,19,2582532,0,0,0,0,0,0,0,0,0
201906,36,103,1,2,Suffolk County                ,308,308,211182249,1,2,296439,1,4,497230,7,55,7366457,264,264,184900958,1,2,296439,0,0,0,1,17,2212606
201906,36,117,1,2,Wayne County                  ,38,38,8152432,2,4,819200,1,3,125000,2,12,550000,32,32,6925300,2,4,819200,1,3,125000,2,12,550000
201906,36,119,1,2,Westchester County            ,178,178,70143788,7,14,2139166,1,3,120000,15,227,25004361,143,143,55381955,3,6,1125000,0,0,0,1,29,2279906
201906,37,007,3,5,Anson County                  ,24,24,3596760,0,0,0,0,0,0,0,0,0,0,0,0,0,0,0,0,0,0,0,0,0
201906,37,011,3,5,Avery County                  ,53,53,21327104,1,2,29000,1,4,600000,0,0,0,53,53,21327104,1,2,29000,1,4,600000,0,0,0
201906,37,015,3,5,Bertie County                 ,7,7,2149043,0,0,0,0,0,0,0,0,0,6,6,1881705,0,0,0,0,0,0,0,0,0
201906,37,025,3,5,Cabarrus County               ,921,921,156656225,2,4,170000,0,0,0,19,354,22299349,921,921,156656225,2,4,170000,0,0,0,19,354,22299349
201906,37,033,3,5,Caswell County                ,9,9,2200974,0,0,0,0,0,0,0,0,0,9,9,2200974,0,0,0,0,0,0,0,0,0
201906,37,037,3,5,Chatham County                ,307,307,91518244,0,0,0,0,0,0,0,0,0,297,297,90517770,0,0,0,0,0,0,0,0,0
201906,37,051,3,5,Cumberland County             ,333,333,57920995,4,8,1372816,0,0,0,0,0,0,333,333,57920995,4,8,1372816,0,0,0,0,0,0
201906,37,053,3,5,Currituck County              ,216,216,52112915,0,0,0,0,0,0,0,0,0,216,216,52112915,0,0,0,0,0,0,0,0,0
201906,37,059,3,5,Davie County                  ,83,83,19093875,0,0,0,0,0,0,1,19,749259,69,69,16145537,0,0,0,0,0,0,0,0,0
201906,37,063,3,5,Durham County                 ,1025,1025,197337704,2,4,339794,0,0,0,20,651,51988709,0,0,0,0,0,0,0,0,0,0,0,0
201906,37,069,3,5,Franklin County               ,562,562,111588815,1,2,120000,0,0,0,0,0,0,562,562,111588815,1,2,120000,0,0,0,0,0,0
201906,37,071,3,5,Gaston County                 ,709,709,246884849,0,0,0,0,0,0,0,0,0,709,709,246884849,0,0,0,0,0,0,0,0,0
201906,37,077,3,5,Granville County              ,156,156,28280081,0,0,0,0,0,0,0,0,0,156,156,28280081,0,0,0,0,0,0,0,0,0
201906,37,081,3,5,Guilford County               ,784,784,193760028,0,0,0,0,0,0,5,105,9128510,784,784,193760028,0,0,0,0,0,0,5,105,9128510
201906,37,089,3,5,Henderson County              ,250,250,69200158,0,0,0,0,0,0,0,0,0,250,250,69200158,0,0,0,0,0,0,0,0,0
201906,37,093,3,5,Hoke County                   ,103,103,24370908,0,0,0,0,0,0,0,0,0,103,103,24370908,0,0,0,0,0,0,0,0,0
201906,37,097,3,5,Iredell County                ,631,631,166408589,0,0,0,0,0,0,1,68,6520037,631,631,166408589,0,0,0,0,0,0,1,68,6520037
201906,37,101,3,5,Johnston County               ,1328,1328,224212470,2,4,398000,0,0,0,0,0,0,1280,1280,217439901,2,4,398000,0,0,0,0,0,0
201906,37,119,3,5,Mecklenburg County            ,2615,2615,618610331,9,18,3038018,6,20,2915681,70,3565,358024322,2615,2615,618610331,9,18,3038018,6,20,2915681,70,3565,358024322
201906,37,133,3,5,Onslow County                 ,617,617,88772437,5,10,1408000,0,0,0,0,0,0,617,617,88772437,5,10,1408000,0,0,0,0,0,0
201906,37,135,3,5,Orange County                 ,277,277,86882847,1,2,150000,0,0,0,0,0,0,204,204,63011827,1,2,150000,0,0,0,0,0,0
201906,37,145,3,5,Person County                 ,52,52,11850883,0,0,0,0,0,0,0,0,0,52,52,11850883,0,0,0,0,0,0,0,0,0
201906,37,151,3,5,Randolph County               ,137,137,30868308,1,2,85000,0,0,0,0,0,0,133,133,30493377,0,0,0,0,0,0,0,0,0
201906,37,157,3,5,Rockingham County             ,82,82,21386413,2,4,756700,0,0,0,0,0,0,67,67,17856125,2,4,756700,0,0,0,0,0,0
201906,37,179,3,5,Union County                  ,805,805,178855827,0,0,0,0,0,0,0,0,0,805,805,178855827,0,0,0,0,0,0,0,0,0
201906,37,181,3,5,Vance County                  ,25,25,4413291,0,0,0,0,0,0,0,0,0,25,25,4413291,0,0,0,0,0,0,0,0,0
201906,37,183,3,5,Wake County                   ,4169,4169,952084880,1,2,490905,0,0,0,28,1772,216378943,4138,4138,946403858,1,2,490905,0,0,0,28,1772,216378943
201906,37,195,3,5,Wilson County                 ,78,78,11017295,1,2,85000,0,0,0,0,0,0,78,78,11017295,1,2,85000,0,0,0,0,0,0
201906,39,007,2,3,Ashtabula County              ,40,40,7719848,3,6,422375,1,3,130000,0,0,0,30,30,5712000,2,4,173000,1,3,130000,0,0,0
201906,39,015,2,3,Brown County                  ,49,49,12764900,0,0,0,0,0,0,0,0,0,49,49,12764900,0,0,0,0,0,0,0,0,0
201906,39,017,2,3,Butler County                 ,373,373,79775051,0,0,0,0,0,0,0,0,0,291,291,64114369,0,0,0,0,0,0,0,0,0
201906,39,025,2,3,Clermont County               ,257,257,59534521,0,0,0,4,14,1253220,11,83,5722460,257,257,59534521,0,0,0,4,14,1253220,11,83,5722460
201906,39,041,2,3,Delaware County               ,664,664,198122485,9,18,2772000,5,20,3172000,9,74,9925570,622,622,186408731,9,18,2772000,5,20,3172000,4,21,3421000
201906,39,049,2,3,Franklin County               ,605,605,187942019,3,6,1281000,7,27,5925056,40,850,109197962,564,564,173864226,3,6,1281000,7,27,5925056,36,829,107873297
201906,39,055,2,3,Geauga County                 ,89,89,30537394,0,0,0,0,0,0,0,0,0,89,89,30537394,0,0,0,0,0,0,0,0,0
201906,39,085,2,3,Lake County                   ,238,238,50788975,0,0,0,0,0,0,0,0,0,238,238,50788975,0,0,0,0,0,0,0,0,0
201906,39,089,2,3,Licking County                ,136,136,42287850,1,2,278179,0,0,0,0,0,0,135,135,42029146,1,2,278179,0,0,0,0,0,0
201906,39,093,2,3,Lorain County                 ,476,476,106890987,6,12,1697270,4,16,1790000,7,53,4230454,380,380,87583869,4,8,1168509,4,16,1790000,7,53,4230454
201906,39,097,2,3,Madison County                ,56,56,15213722,0,0,0,0,0,0,0,0,0,46,46,12143409,0,0,0,0,0,0,0,0,0
201906,39,103,2,3,Medina County                 ,232,232,72169729,3,6,896996,10,34,5097397,0,0,0,232,232,72169729,3,6,896996,10,34,5097397,0,0,0
201906,39,117,2,3,Morrow County                 ,39,39,8452385,0,0,0,0,0,0,0,0,0,38,38,8193872,0,0,0,0,0,0,0,0,0
201906,39,159,2,3,Union County                  ,214,214,58617206,1,2,209000,0,0,0,1,32,1235838,214,214,58617206,1,2,209000,0,0,0,1,32,1235838
201906,39,165,2,3,Warren County                 ,618,618,156588127,2,4,622354,3,12,3201627,5,163,21104459,602,602,151809287,2,4,622354,3,12,3201627,5,163,21104459
201906,40,001,3,7,Adair County                  ,6,6,1042766,0,0,0,0,0,0,0,0,0,0,0,0,0,0,0,0,0,0,0,0,0
201906,40,017,3,7,Canadian County               ,204,204,45958303,8,16,1813590,3,11,1404000,0,0,0,181,181,41069337,8,16,1813590,3,11,1404000,0,0,0
201906,40,021,3,7,Cherokee County               ,29,29,3805909,4,8,520000,0,0,0,2,10,488096,0,0,0,0,0,0,0,0,0,0,0,0
201906,40,027,3,7,Cleveland County              ,346,346,80196555,11,22,4300000,2,7,937750,3,244,34000000,346,346,80196555,11,22,4300000,2,7,937750,3,244,34000000
201906,40,029,3,7,Coal County                   ,10,10,140000,0,0,0,0,0,0,0,0,0,10,10,140000,0,0,0,0,0,0,0,0,0
201906,40,037,3,7,Creek County                  ,30,30,6888889,0,0,0,0,0,0,1,11,846154,9,9,1874957,0,0,0,0,0,0,0,0,0
201906,40,051,3,7,Grady County                  ,21,21,6855178,0,0,0,0,0,0,0,0,0,21,21,6855178,0,0,0,0,0,0,0,0,0
201906,40,055,3,7,Greer County                  ,3,3,787500,0,0,0,0,0,0,0,0,0,0,0,0,0,0,0,0,0,0,0,0,0
201906,40,081,3,7,Lincoln County                ,3,3,627314,0,0,0,0,0,0,0,0,0,3,3,627314,0,0,0,0,0,0,0,0,0
201906,40,083,3,7,Logan County                  ,6,6,1442000,0,0,0,0,0,0,0,0,0,6,6,1442000,0,0,0,0,0,0,0,0,0
201906,40,087,3,7,McClain County                ,257,257,45257170,0,0,0,0,0,0,0,0,0,213,213,35124110,0,0,0,0,0,0,0,0,0
201906,40,109,3,7,Oklahoma County               ,1943,1943,461414635,48,96,7706800,0,0,0,0,0,0,1929,1929,459159912,48,96,7706800,0,0,0,0,0,0
201906,40,111,3,7,Okmulgee County               ,4,4,500000,0,0,0,0,0,0,0,0,0,4,4,500000,0,0,0,0,0,0,0,0,0
201906,40,113,3,7,Osage County                  ,63,63,13586007,0,0,0,0,0,0,1,8,500000,63,63,13586007,0,0,0,0,0,0,1,8,500000
201906,40,117,3,7,Pawnee County                 ,1,1,200000,0,0,0,0,0,0,0,0,0,1,1,200000,0,0,0,0,0,0,0,0,0
201906,40,131,3,7,Rogers County                 ,312,312,55142978,4,8,583934,0,0,0,0,0,0,308,308,54752979,4,8,583934,0,0,0,0,0,0
201906,40,143,3,7,Tulsa County                  ,959,959,223871324,2,4,466667,2,8,1200000,9,382,50137823,908,908,215532437,1,2,265000,2,8,1200000,9,382,50137823
201906,40,145,3,7,Wagoner County                ,259,259,45482882,0,0,0,0,0,0,1,5,340776,251,251,44380851,0,0,0,0,0,0,0,0,0
201906,41,000,4,9,Oregon Balance of State       ,80,80,9032825,0,0,0,0,0,0,0,0,0,0,0,0,0,0,0,0,0,0,0,0,0
201906,41,005,4,9,Clackamas County              ,638,638,203294135,1,2,511373,5,18,1924923,3,44,4757930,633,633,201448221,1,2,511373,5,18,1924923,3,44,4757930
201906,41,017,4,9,Deschutes County              ,670,670,181820442,20,40,5069344,0,0,0,9,158,17985577,670,670,181820442,20,40,5069344,0,0,0,9,158,17985577
201906,41,019,4,9,Douglas County                ,132,132,35638932,1,2,238795,0,0,0,0,0,0,132,132,35638932,1,2,238795,0,0,0,0,0,0
201906,41,025,4,9,Harney County                 ,3,3,974618,0,0,0,0,0,0,0,0,0,2,2,749480,0,0,0,0,0,0,0,0,0
201906,41,035,4,9,Klamath County                ,67,67,17410687,0,0,0,0,0,0,0,0,0,67,67,17410687,0,0,0,0,0,0,0,0,0
201906,41,051,4,9,Multnomah County              ,490,490,133520216,46,92,16573095,13,46,8487552,60,2086,256257734,490,490,133520216,46,92,16573095,13,46,8487552,60,2086,256257734
201906,41,067,4,9,Washington County             ,981,981,272773944,3,6,928617,3,9,717637,15,873,120075498,981,981,272773944,3,6,928617,3,9,717637,15,873,120075498
201906,41,071,4,9,Yamhill County                ,161,161,43028136,3,6,457411,0,0,0,1,5,535673,78,78,23150475,3,6,457411,0,0,0,0,0,0
201906,42,001,1,2,Adams County                  ,105,105,35024157,0,0,0,0,0,0,0,0,0,90,90,31956137,0,0,0,0,0,0,0,0,0
201906,42,017,1,2,Bucks County                  ,388,388,91752819,0,0,0,2,7,1551664,4,20,1969012,262,262,62190247,0,0,0,2,7,1551664,3,15,1463500
201906,42,029,1,2,Chester County                ,584,584,121977245,4,8,2391353,4,13,1994363,4,103,13787797,481,481,98919843,4,8,2391353,1,4,823644,4,103,13787797
201906,42,037,1,2,Columbia County               ,33,33,7835857,7,14,2000000,0,0,0,1,6,790693,20,20,4551486,7,14,2000000,0,0,0,0,0,0
201906,42,041,1,2,Cumberland County             ,360,360,72672168,5,10,1259585,8,27,5482063,28,290,41320493,321,321,65981747,5,10,1259585,8,27,5482063,26,261,37493449
201906,42,043,1,2,Dauphin County                ,174,174,38757488,1,2,303960,14,48,6798653,7,181,19033220,166,166,37708904,1,2,303960,14,48,6798653,7,181,19033220
201906,42,045,1,2,Delaware County               ,144,144,38743647,1,2,455520,0,0,0,0,0,0,70,70,19579396,0,0,0,0,0,0,0,0,0
201906,42,055,1,2,Franklin County               ,151,151,29467011,1,2,296439,0,0,0,6,30,3088412,122,122,24658553,1,2,296439,0,0,0,0,0,0
201906,42,091,1,2,Montgomery County             ,537,537,131747676,8,16,3271512,11,41,6735530,17,367,62111294,428,428,107691664,7,14,3033012,11,41,6735530,14,339,58994042
201906,42,093,1,2,Montour County                ,11,11,2263691,0,0,0,0,0,0,0,0,0,7,7,1280195,0,0,0,0,0,0,0,0,0
201906,42,099,1,2,Perry County                  ,41,41,10639729,0,0,0,0,0,0,0,0,0,3,3,830100,0,0,0,0,0,0,0,0,0
201906,42,101,1,2,Philadelphia County           ,434,434,115142249,86,172,25411802,92,314,37367918,52,1104,130898502,434,434,115142249,86,172,25411802,92,314,37367918,52,1104,130898502
201906,42,103,1,2,Pike County                   ,67,67,19448049,0,0,0,0,0,0,0,0,0,58,58,17196520,0,0,0,0,0,0,0,0,0
201906,44,001,1,1,Bristol County                ,20,20,11175820,0,0,0,0,0,0,0,0,0,20,20,11175820,0,0,0,0,0,0,0,0,0
201906,44,003,1,1,Kent County                   ,48,48,8327537,4,8,852300,2,6,725000,2,29,1829000,28,28,4473740,4,8,852300,1,3,425000,1,24,1400000
201906,44,005,1,1,Newport County                ,79,79,24625288,1,2,187000,0,0,0,0,0,0,79,79,24625288,1,2,187000,0,0,0,0,0,0
201906,44,007,1,1,Providence County             ,155,155,29591270,3,6,540000,0,0,0,2,11,1337240,118,118,24840629,0,0,0,0,0,0,1,6,962240
201906,44,009,1,1,Washington County             ,151,151,35075353,2,4,796364,0,0,0,4,28,2452500,113,113,24911012,0,0,0,0,0,0,1,8,1375000
201906,45,003,3,5,Aiken County                  ,424,424,93136136,0,0,0,0,0,0,1,6,482143,404,404,88923144,0,0,0,0,0,0,0,0,0
201906,45,009,3,5,Bamberg County                ,4,4,983000,0,0,0,0,0,0,0,0,0,4,4,983000,0,0,0,0,0,0,0,0,0
201906,45,015,3,5,Berkeley County               ,886,886,247983865,0,0,0,0,0,0,16,454,24338370,701,701,208428345,0,0,0,0,0,0,11,297,20634414
201906,45,017,3,5,Calhoun County                ,13,13,1979897,0,0,0,0,0,0,0,0,0,0,0,0,0,0,0,0,0,0,0,0,0
201906,45,019,3,5,Charleston County             ,1368,1368,373586319,3,6,2440596,1,3,238125,23,570,41130173,686,686,272862237,3,6,2440596,0,0,0,0,0,0
201906,45,035,3,5,Dorchester County             ,335,335,94712330,0,0,0,0,0,0,0,0,0,333,333,94497330,0,0,0,0,0,0,0,0,0
201906,45,037,3,5,Edgefield County              ,75,75,17053072,0,0,0,0,0,0,0,0,0,67,67,15513750,0,0,0,0,0,0,0,0,0
201906,45,039,3,5,Fairfield County              ,25,25,5800718,0,0,0,0,0,0,0,0,0,25,25,5800718,0,0,0,0,0,0,0,0,0
201906,45,045,3,5,Greenville County             ,1848,1848,435926074,5,10,2315000,0,0,0,46,748,66030346,1828,1828,432126152,5,10,2315000,0,0,0,42,698,62936415
201906,45,051,3,5,Horry County                  ,2292,2292,390981372,14,28,5417042,1,4,602030,3,15,750000,2134,2134,351074907,13,26,4848562,1,4,602030,0,0,0
201906,45,055,3,5,Kershaw County                ,148,148,20160908,0,0,0,0,0,0,0,0,0,145,145,19679173,0,0,0,0,0,0,0,0,0
201906,45,059,3,5,Laurens County                ,91,91,10798814,0,0,0,0,0,0,0,0,0,90,90,10701310,0,0,0,0,0,0,0,0,0
201906,45,063,3,5,Lexington County              ,912,912,228505919,0,0,0,0,0,0,3,61,5505304,120,120,27562759,0,0,0,0,0,0,0,0,0
201906,45,077,3,5,Pickens County                ,286,286,85657417,0,0,0,1,3,390000,9,110,12999953,161,161,51177555,0,0,0,0,0,0,2,24,2494590
201906,45,079,3,5,Richland County               ,861,861,155533163,0,0,0,0,0,0,2,32,2367085,640,640,119584685,0,0,0,0,0,0,0,0,0
201906,45,081,3,5,Saluda County                 ,19,19,4566319,0,0,0,0,0,0,0,0,0,0,0,0,0,0,0,0,0,0,0,0,0
201906,45,085,3,5,Sumter County                 ,119,119,15786748,1,2,200000,0,0,0,0,0,0,119,119,15786748,1,2,200000,0,0,0,0,0,0
201906,45,091,3,5,York County                   ,1211,1211,402026929,0,0,0,2,6,1207732,15,170,21450157,400,400,123862200,0,0,0,2,6,1207732,6,34,6843804
201906,46,007,2,4,Bennett County                ,1,1,120000,0,0,0,0,0,0,0,0,0,0,0,0,0,0,0,0,0,0,0,0,0
201906,46,055,2,4,Haakon County                 ,0,0,0,0,0,0,0,0,0,0,0,0,0,0,0,0,0,0,0,0,0,0,0,0
201906,46,071,2,4,Jackson County                ,0,0,0,0,0,0,0,0,0,0,0,0,0,0,0,0,0,0,0,0,0,0,0,0
201906,46,111,2,4,Sanborn County                ,6,6,1233000,0,0,0,0,0,0,0,0,0,6,6,1233000,0,0,0,0,0,0,0,0,0
201906,47,001,3,6,Anderson County               ,81,81,14078539,0,0,0,0,0,0,0,0,0,67,67,11890983,0,0,0,0,0,0,0,0,0
201906,47,015,3,6,Cannon County                 ,8,8,1401407,0,0,0,0,0,0,0,0,0,7,7,1165000,0,0,0,0,0,0,0,0,0
201906,47,021,3,6,Cheatham County               ,134,134,29754322,0,0,0,0,0,0,0,0,0,134,134,29754322,0,0,0,0,0,0,0,0,0
201906,47,037,3,6,Davidson County               ,1790,1790,467724306,0,0,0,5,15,1715440,37,2392,163235770,1790,1790,467724306,0,0,0,5,15,1715440,37,2392,163235770
201906,47,043,3,6,Dickson County                ,162,162,32393199,0,0,0,0,0,0,0,0,0,93,93,18801918,0,0,0,0,0,0,0,0,0
201906,47,049,3,6,Fentress County               ,0,0,0,0,0,0,0,0,0,0,0,0,0,0,0,0,0,0,0,0,0,0,0,0
201906,47,081,3,6,Hickman County                ,43,43,6817305,1,2,140000,0,0,0,0,0,0,21,21,2909309,1,2,140000,0,0,0,0,0,0
201906,47,093,3,6,Knox County                   ,1074,1074,214301898,2,4,900000,0,0,0,12,511,88774401,440,440,79108443,2,4,900000,0,0,0,2,262,68000000
201906,47,105,3,6,Loudon County                 ,183,183,47346480,0,0,0,0,0,0,0,0,0,163,163,43930216,0,0,0,0,0,0,0,0,0
201906,47,125,3,6,Montgomery County             ,1022,1022,145011683,5,10,790870,8,30,1632571,14,86,4923253,879,879,123751635,3,6,600000,7,26,1380000,11,71,4100000
201906,47,139,3,6,Polk County                   ,99,99,17832282,0,0,0,0,0,0,0,0,0,0,0,0,0,0,0,0,0,0,0,0,0
201906,47,149,3,6,Rutherford County             ,1267,1267,281483520,4,8,1235856,0,0,0,22,789,92378016,1099,1099,246517736,3,6,994700,0,0,0,19,707,83288779
201906,47,153,3,6,Sequatchie County             ,4,4,436000,0,0,0,0,0,0,0,0,0,4,4,436000,0,0,0,0,0,0,0,0,0
201906,47,157,3,6,Shelby County                 ,370,370,108084750,0,0,0,4,16,4200000,2,103,10050053,311,311,94208756,0,0,0,4,16,4200000,1,18,1450000
201906,47,159,3,6,Smith County                  ,38,38,8518165,0,0,0,0,0,0,0,0,0,34,34,7799340,0,0,0,0,0,0,0,0,0
201906,47,161,3,6,Stewart County                ,1,1,162250,0,0,0,0,0,0,0,0,0,0,0,0,0,0,0,0,0,0,0,0,0
201906,47,165,3,6,Sumner County                 ,687,687,179446263,0,0,0,0,0,0,1,24,1750000,687,687,179446263,0,0,0,0,0,0,1,24,1750000
201906,47,167,3,6,Tipton County                 ,80,80,14362638,0,0,0,0,0,0,0,0,0,39,39,8845246,0,0,0,0,0,0,0,0,0
201906,47,169,3,6,Trousdale County              ,50,50,6501116,0,0,0,0,0,0,0,0,0,43,43,5513000,0,0,0,0,0,0,0,0,0
201906,47,173,3,6,Union County                  ,50,50,6797688,0,0,0,0,0,0,0,0,0,43,43,5770000,0,0,0,0,0,0,0,0,0
201906,47,175,3,6,Van Buren County              ,0,0,0,0,0,0,0,0,0,0,0,0,0,0,0,0,0,0,0,0,0,0,0,0
201906,47,189,3,6,Wilson County                 ,659,659,170735024,2,4,415000,0,0,0,0,0,0,519,519,126701373,2,4,415000,0,0,0,0,0,0
201906,48,013,3,7,Atascosa County               ,13,13,2186570,0,0,0,0,0,0,0,0,0,7,7,1129210,0,0,0,0,0,0,0,0,0
201906,48,015,3,7,Austin County                 ,11,11,2067936,0,0,0,0,0,0,0,0,0,3,3,560508,0,0,0,0,0,0,0,0,0
201906,48,019,3,7,Bandera County                ,0,0,0,0,0,0,0,0,0,0,0,0,0,0,0,0,0,0,0,0,0,0,0,0
201906,48,021,3,7,Bastrop County                ,74,74,14215956,1,2,280000,0,0,0,0,0,0,61,61,12748304,0,0,0,0,0,0,0,0,0
201906,48,025,3,7,Bee County                    ,3,3,297504,1,2,150000,0,0,0,0,0,0,0,0,0,0,0,0,0,0,0,0,0,0
201906,48,027,3,7,Bell County                   ,983,983,181147376,76,152,13265874,0,0,0,1,5,396770,850,850,156920382,72,144,12675504,0,0,0,0,0,0
201906,48,029,3,7,Bexar County                  ,2349,2349,542105494,2,4,485966,25,96,9056797,106,2225,238279431,2068,2068,502854405,2,4,485966,23,90,9056797,100,2191,231034059
201906,48,051,3,7,Burleson County               ,1,1,162260,0,0,0,0,0,0,0,0,0,0,0,0,0,0,0,0,0,0,0,0,0
201906,48,055,3,7,Caldwell County               ,143,143,28238202,2,4,360000,0,0,0,0,0,0,29,29,4331155,2,4,360000,0,0,0,0,0,0
201906,48,085,3,7,Collin County                 ,4458,4458,1365801906,0,0,0,2,8,427336,29,1879,211251674,3871,3871,1176557785,0,0,0,2,8,427336,29,1879,211251674
201906,48,091,3,7,Comal County                  ,1260,1260,298153273,0,0,0,0,0,0,1,8,250000,1260,1260,298153273,0,0,0,0,0,0,1,8,250000
201906,48,099,3,7,Coryell County                ,95,95,12621129,0,0,0,0,0,0,0,0,0,83,83,10869720,0,0,0,0,0,0,0,0,0
201906,48,107,3,7,Crosby County                 ,1,1,10000,0,0,0,0,0,0,0,0,0,1,1,10000,0,0,0,0,0,0,0,0,0
201906,48,113,3,7,Dallas County                 ,2710,2710,781301687,39,78,12207774,28,104,18649794,112,5097,580053343,2635,2635,755491413,39,78,12207774,28,104,18649794,104,4766,543812110
201906,48,119,3,7,Delta County                  ,5,5,764337,0,0,0,0,0,0,0,0,0,5,5,764337,0,0,0,0,0,0,0,0,0
201906,48,135,3,7,Ector County                  ,326,326,71288436,3,6,748522,0,0,0,15,326,44369325,264,264,58886345,2,4,600000,0,0,0,15,326,44369325
201906,48,139,3,7,Ellis County                  ,931,931,221124512,6,12,1432057,2,6,780064,6,58,9873044,613,613,152023088,5,10,1214916,2,6,780064,0,0,0
201906,48,141,3,7,El Paso County                ,1024,1024,233204319,25,50,5649025,55,220,28084683,4,92,13248579,857,857,196215789,18,36,3828587,54,216,27559920,1,60,7659969
201906,48,157,3,7,Fort Bend County              ,4315,4315,329165365,5,10,1102322,0,0,0,6,30,2347752,275,275,75620778,0,0,0,0,0,0,0,0,0
201906,48,167,3,7,Galveston County              ,1120,1120,267521159,0,0,0,1,3,366181,4,170,12371831,825,825,211054825,0,0,0,0,0,0,4,170,12371831
201906,48,185,3,7,Grimes County                 ,58,58,6067659,0,0,0,0,0,0,0,0,0,58,58,6067659,0,0,0,0,0,0,0,0,0
201906,48,187,3,7,Guadalupe County              ,398,398,90686595,5,10,1115252,0,0,0,1,156,21897074,393,393,89324413,5,10,1115252,0,0,0,1,156,21897074
201906,48,193,3,7,Hamilton County               ,1,1,80000,0,0,0,0,0,0,0,0,0,0,0,0,0,0,0,0,0,0,0,0,0
201906,48,195,3,7,Hansford County               ,0,0,0,0,0,0,0,0,0,0,0,0,0,0,0,0,0,0,0,0,0,0,0,0
201906,48,201,3,7,Harris County                 ,9032,9032,1844988452,70,140,17053707,8,32,2000000,219,9693,1032232180,9004,9004,1824529473,70,140,17053707,8,32,2000000,217,9662,1029847565
201906,48,211,3,7,Hemphill County               ,0,0,0,0,0,0,0,0,0,0,0,0,0,0,0,0,0,0,0,0,0,0,0,0
201906,48,215,3,7,Hidalgo County                ,1626,1626,268647102,46,92,5473320,71,283,22561683,10,184,13696267,1477,1477,250816017,38,76,4408829,71,283,22561683,9,179,13541855
201906,48,233,3,7,Hutchinson County             ,0,0,0,0,0,0,0,0,0,0,0,0,0,0,0,0,0,0,0,0,0,0,0,0
201906,48,251,3,7,Johnson County                ,286,286,61089511,4,8,840000,0,0,0,0,0,0,282,282,60159366,4,8,840000,0,0,0,0,0,0
201906,48,257,3,7,Kaufman County                ,244,244,54964881,0,0,0,0,0,0,0,0,0,217,217,49557221,0,0,0,0,0,0,0,0,0
201906,48,259,3,7,Kendall County                ,175,175,41204596,0,0,0,0,0,0,0,0,0,148,148,34181400,0,0,0,0,0,0,0,0,0
201906,48,271,3,7,Kinney County                 ,0,0,0,0,0,0,0,0,0,0,0,0,0,0,0,0,0,0,0,0,0,0,0,0
201906,48,281,3,7,Lampasas County               ,12,12,2332115,0,0,0,0,0,0,0,0,0,11,11,2285390,0,0,0,0,0,0,0,0,0
201906,48,291,3,7,Liberty County                ,360,360,40538006,1,2,132500,0,0,0,0,0,0,266,266,28084022,0,0,0,0,0,0,0,0,0
201906,48,303,3,7,Lubbock County                ,792,792,171084798,5,10,1480000,0,0,0,73,678,50307981,642,642,138225636,5,10,1480000,0,0,0,63,589,40523598
201906,48,323,3,7,Maverick County               ,42,42,10498341,0,0,0,0,0,0,0,0,0,42,42,10498341,0,0,0,0,0,0,0,0,0
201906,48,325,3,7,Medina County                 ,13,13,2346045,0,0,0,0,0,0,0,0,0,6,6,1040450,0,0,0,0,0,0,0,0,0
201906,48,329,3,7,Midland County                ,611,611,102539744,0,0,0,0,0,0,0,0,0,611,611,102539744,0,0,0,0,0,0,0,0,0
201906,48,339,3,7,Montgomery County             ,2859,2859,643450614,6,12,630000,1,3,105000,10,405,46562787,2791,2791,632742406,6,12,630000,0,0,0,9,400,46015852
201906,48,367,3,7,Parker County                 ,213,213,38556414,0,0,0,0,0,0,1,19,1654060,146,146,24966602,0,0,0,0,0,0,0,0,0
201906,48,375,3,7,Potter County                 ,222,222,54957976,10,20,2743622,0,0,0,0,0,0,222,222,54957976,10,20,2743622,0,0,0,0,0,0
201906,48,383,3,7,Reagan County                 ,0,0,0,0,0,0,0,0,0,0,0,0,0,0,0,0,0,0,0,0,0,0,0,0
201906,48,385,3,7,Real County                   ,0,0,0,0,0,0,0,0,0,0,0,0,0,0,0,0,0,0,0,0,0,0,0,0
201906,48,395,3,7,Robertson County              ,30,30,5757264,0,0,0,0,0,0,0,0,0,29,29,5679628,0,0,0,0,0,0,0,0,0
201906,48,397,3,7,Rockwall County               ,682,682,228759650,0,0,0,0,0,0,10,144,27500000,574,574,201357562,0,0,0,0,0,0,10,144,27500000
201906,48,407,3,7,San Jacinto County            ,185,185,40448877,0,0,0,0,0,0,0,0,0,0,0,0,0,0,0,0,0,0,0,0,0
201906,48,411,3,7,San Saba County               ,1,1,80000,0,0,0,0,0,0,0,0,0,1,1,80000,0,0,0,0,0,0,0,0,0
201906,48,451,3,7,Tom Green County              ,140,140,32191623,0,0,0,0,0,0,0,0,0,140,140,32191623,0,0,0,0,0,0,0,0,0
201906,48,453,3,7,Travis County                 ,4914,4914,1197264782,17,34,3202295,5,20,1661880,125,5482,385817761,4763,4763,1145562201,16,32,3029157,5,20,1661880,125,5482,385817761
201906,48,473,3,7,Waller County                 ,17,17,1781753,0,0,0,0,0,0,7,37,820682,13,13,1432385,0,0,0,0,0,0,0,0,0
201906,48,491,3,7,Williamson County             ,2509,2509,643807216,5,10,1140000,2,7,1074418,5,82,10588000,2365,2365,609750901,5,10,1140000,2,7,1074418,5,82,10588000
201906,48,493,3,7,Wilson County                 ,28,28,5685723,0,0,0,0,0,0,0,0,0,1,1,236407,0,0,0,0,0,0,0,0,0
201906,48,497,3,7,Wise County                   ,53,53,11784670,0,0,0,1,3,275000,27,150,13700000,48,48,10420021,0,0,0,1,3,275000,27,150,13700000
201906,49,011,4,8,Davis County                  ,765,765,188576694,3,6,802809,8,28,4091670,10,129,19232293,735,735,179024484,3,6,802809,6,21,2883769,9,123,18635933
201906,49,023,4,8,Juab County                   ,36,36,11543004,0,0,0,3,11,858765,0,0,0,28,28,9378611,0,0,0,3,11,858765,0,0,0
201906,49,029,4,8,Morgan County                 ,27,27,10307472,0,0,0,0,0,0,0,0,0,22,22,8900624,0,0,0,0,0,0,0,0,0
201906,49,035,4,8,Salt Lake County              ,1817,1817,465581236,37,74,9628765,26,93,17508265,58,2344,319160907,1434,1434,367761357,35,70,9033880,17,61,12283323,50,2259,307303500
201906,49,039,4,8,Sanpete County                ,25,25,4461933,0,0,0,0,0,0,0,0,0,15,15,2676015,0,0,0,0,0,0,0,0,0
201906,49,043,4,8,Summit County                 ,121,121,52408084,0,0,0,2,6,1683060,9,47,9362454,65,65,23114824,0,0,0,0,0,0,0,0,0
201906,49,057,4,8,Weber County                  ,500,500,125767551,0,0,0,18,64,9003166,24,230,23600481,485,485,121308192,0,0,0,17,60,8381456,23,225,23295218
201906,51,003,3,5,Albemarle County              ,322,322,98449238,0,0,0,0,0,0,7,127,13576498,0,0,0,0,0,0,0,0,0,0,0,0
201906,51,007,3,5,Amelia County                 ,30,30,5849590,0,0,0,0,0,0,0,0,0,30,30,5849590,0,0,0,0,0,0,0,0,0
201906,51,009,3,5,Amherst County                ,29,29,4862541,0,0,0,0,0,0,0,0,0,29,29,4862541,0,0,0,0,0,0,0,0,0
201906,51,013,3,5,Arlington County              ,83,83,38997916,0,0,0,0,0,0,1,249,64000000,83,83,38997916,0,0,0,0,0,0,1,249,64000000
201906,51,015,3,5,Augusta County                ,118,118,25532783,0,0,0,1,4,250000,4,156,16126000,101,101,22425630,0,0,0,1,4,250000,4,156,16126000
201906,51,019,3,5,Bedford County                ,38,38,8757946,2,4,400000,4,13,2615000,1,5,322222,9,9,1350000,2,4,400000,2,7,1355000,0,0,0
201906,51,033,3,5,Caroline County               ,50,50,9482155,0,0,0,0,0,0,0,0,0,50,50,9482155,0,0,0,0,0,0,0,0,0
201906,51,036,3,5,Charles City County           ,10,10,1812158,0,0,0,0,0,0,0,0,0,5,5,996900,0,0,0,0,0,0,0,0,0
201906,51,037,3,5,Charlotte County              ,6,6,1210500,0,0,0,0,0,0,0,0,0,6,6,1210500,0,0,0,0,0,0,0,0,0
201906,51,041,3,5,Chesterfield County           ,795,795,156527908,2,4,756070,22,87,10107958,26,585,47815129,795,795,156527908,2,4,756070,22,87,10107958,26,585,47815129
201906,51,043,3,5,Clarke County                 ,25,25,6823419,0,0,0,0,0,0,1,120,23017754,25,25,6823419,0,0,0,0,0,0,1,120,23017754
201906,51,049,3,5,Cumberland County             ,14,14,2456819,0,0,0,0,0,0,0,0,0,0,0,0,0,0,0,0,0,0,0,0,0
201906,51,051,3,5,Dickenson County              ,0,0,0,0,0,0,0,0,0,0,0,0,0,0,0,0,0,0,0,0,0,0,0,0
201906,51,053,3,5,Dinwiddie County              ,39,39,5672412,0,0,0,0,0,0,0,0,0,0,0,0,0,0,0,0,0,0,0,0,0
201906,51,059,3,5,Fairfax County                ,545,545,129108573,10,20,365000,0,0,0,6,104,15600000,545,545,129108573,10,20,365000,0,0,0,6,104,15600000
201906,51,061,3,5,Fauquier County               ,101,101,42371513,0,0,0,0,0,0,0,0,0,101,101,42371513,0,0,0,0,0,0,0,0,0
201906,51,069,3,5,Frederick County              ,292,292,67831007,0,0,0,17,57,7821810,2,96,1600000,292,292,67831007,0,0,0,17,57,7821810,2,96,1600000
201906,51,073,3,5,Gloucester County             ,55,55,12232096,0,0,0,0,0,0,0,0,0,55,55,12232096,0,0,0,0,0,0,0,0,0
201906,51,075,3,5,Goochland County              ,123,123,36339628,0,0,0,0,0,0,0,0,0,107,107,31802304,0,0,0,0,0,0,0,0,0
201906,51,085,3,5,Hanover County                ,246,246,53891499,1,2,458800,0,0,0,10,416,30653637,204,204,45417783,1,2,458800,0,0,0,10,416,30653637
201906,51,087,3,5,Henrico County                ,491,491,81218597,41,82,3025000,0,0,0,5,363,36516964,491,491,81218597,41,82,3025000,0,0,0,5,363,36516964
201906,51,093,3,5,Isle of Wight County          ,97,97,18998256,0,0,0,0,0,0,0,0,0,0,0,0,0,0,0,0,0,0,0,0,0
201906,51,095,3,5,James City County             ,142,142,33922627,2,4,431000,0,0,0,0,0,0,142,142,33922627,2,4,431000,0,0,0,0,0,0
201906,51,097,3,5,King and Queen County         ,14,14,2180000,0,0,0,0,0,0,0,0,0,14,14,2180000,0,0,0,0,0,0,0,0,0
201906,51,099,3,5,King George County            ,65,65,12812977,0,0,0,0,0,0,0,0,0,65,65,12812977,0,0,0,0,0,0,0,0,0
201906,51,107,3,5,Loudoun County                ,1243,1243,253230524,0,0,0,0,0,0,18,432,65084600,1243,1243,253230524,0,0,0,0,0,0,18,432,65084600
201906,51,109,3,5,Louisa County                 ,133,133,31067383,0,0,0,0,0,0,0,0,0,133,133,31067383,0,0,0,0,0,0,0,0,0
201906,51,115,3,5,Mathews County                ,5,5,897820,0,0,0,0,0,0,0,0,0,5,5,897820,0,0,0,0,0,0,0,0,0
201906,51,127,3,5,New Kent County               ,82,82,16218487,0,0,0,0,0,0,0,0,0,82,82,16218487,0,0,0,0,0,0,0,0,0
201906,51,139,3,5,Page County                   ,32,32,3773319,0,0,0,0,0,0,0,0,0,32,32,3773319,0,0,0,0,0,0,0,0,0
201906,51,145,3,5,Powhatan County               ,126,126,27592223,0,0,0,0,0,0,0,0,0,126,126,27592223,0,0,0,0,0,0,0,0,0
201906,51,149,3,5,Prince George County          ,36,36,5005500,0,0,0,0,0,0,0,0,0,36,36,5005500,0,0,0,0,0,0,0,0,0
201906,51,153,3,5,Prince William County         ,598,598,112620784,2,4,300000,0,0,0,2,94,10376014,598,598,112620784,2,4,300000,0,0,0,1,81,8900000
201906,51,165,3,5,Rockingham County             ,155,155,49363645,0,0,0,0,0,0,0,0,0,155,155,49363645,0,0,0,0,0,0,0,0,0
201906,51,175,3,5,Southampton County            ,30,30,4327166,0,0,0,0,0,0,0,0,0,22,22,3047938,0,0,0,0,0,0,0,0,0
201906,51,177,3,5,Spotsylvania County           ,341,341,88320670,0,0,0,0,0,0,4,98,11352685,285,285,73532230,0,0,0,0,0,0,2,36,4040820
201906,51,179,3,5,Stafford County               ,464,464,116376776,0,0,0,0,0,0,0,0,0,464,464,116376776,0,0,0,0,0,0,0,0,0
201906,51,181,3,5,Surry County                  ,14,14,2025747,0,0,0,0,0,0,0,0,0,14,14,2025747,0,0,0,0,0,0,0,0,0
201906,51,183,3,5,Sussex County                 ,17,17,1695548,0,0,0,0,0,0,0,0,0,17,17,1695548,0,0,0,0,0,0,0,0,0
201906,51,187,3,5,Warren County                 ,67,67,14769500,0,0,0,0,0,0,0,0,0,67,67,14769500,0,0,0,0,0,0,0,0,0
201906,51,199,3,5,York County                   ,116,116,24992481,2,4,600000,0,0,0,2,36,2831000,116,116,24992481,2,4,600000,0,0,0,2,36,2831000
201906,51,510,3,5,Alexandria (Independent City) ,27,27,8072410,0,0,0,0,0,0,0,0,0,27,27,8072410,0,0,0,0,0,0,0,0,0
201906,51,540,3,5,Charlottesville (Independent C,33,33,9290370,2,4,775000,0,0,0,2,17,5396067,19,19,4919346,2,4,775000,0,0,0,0,0,0
201906,51,550,3,5,Chesapeake(Independent City)  ,521,521,150736243,0,0,0,0,0,0,0,0,0,521,521,150736243,0,0,0,0,0,0,0,0,0
201906,51,570,3,5,Colonial Heights (Independent ,3,3,433500,0,0,0,0,0,0,0,0,0,3,3,433500,0,0,0,0,0,0,0,0,0
201906,51,580,3,5,Covington (Independent City)  ,3,3,546034,0,0,0,0,0,0,0,0,0,3,3,546034,0,0,0,0,0,0,0,0,0
201906,51,600,3,5,Fairfax (Independent City)    ,8,8,2135735,0,0,0,0,0,0,2,10,1200000,3,3,1235000,0,0,0,0,0,0,0,0,0
201906,51,610,3,5,Falls Church (Independent City,6,6,2809000,0,0,0,0,0,0,0,0,0,6,6,2809000,0,0,0,0,0,0,0,0,0
201906,51,630,3,5,Fredericksburg(Independent Cit,35,35,5660000,0,0,0,0,0,0,1,5,795000,35,35,5660000,0,0,0,0,0,0,1,5,795000
201906,51,650,3,5,Hampton (Independent City)    ,92,92,5745370,0,0,0,0,0,0,0,0,0,0,0,0,0,0,0,0,0,0,0,0,0
201906,51,660,3,5,Harrisonburg (Independent City,43,43,7491326,0,0,0,0,0,0,0,0,0,43,43,7491326,0,0,0,0,0,0,0,0,0
201906,51,670,3,5,Hopewell (Independent City)   ,18,18,1594713,0,0,0,0,0,0,1,5,430895,4,4,265000,0,0,0,0,0,0,0,0,0
201906,51,680,3,5,Lynchburg (Independent City)  ,21,21,5146168,0,0,0,0,0,0,6,220,16097742,21,21,5146168,0,0,0,0,0,0,6,220,16097742
201906,51,683,3,5,Manassas (Independent City)   ,34,34,7981257,1,2,242983,0,0,0,1,23,1423728,24,24,5673766,0,0,0,0,0,0,0,0,0
201906,51,685,3,5,Manassas Park (Independent Cit,0,0,0,0,0,0,0,0,0,0,0,0,0,0,0,0,0,0,0,0,0,0,0,0
201906,51,700,3,5,Newport News (Independent City,57,57,12204832,0,0,0,0,0,0,0,0,0,57,57,12204832,0,0,0,0,0,0,0,0,0
201906,51,710,3,5,Norfolk (Independent City)    ,162,162,36215735,1,2,400000,2,8,1080000,11,354,32246829,135,135,31914932,1,2,400000,2,8,1080000,10,336,30657962
201906,51,730,3,5,Petersburg (Independent City) ,6,6,649000,0,0,0,0,0,0,0,0,0,6,6,649000,0,0,0,0,0,0,0,0,0
201906,51,735,3,5,Poquoson (Independent City)   ,13,13,2561000,0,0,0,1,4,1010000,0,0,0,13,13,2561000,0,0,0,1,4,1010000,0,0,0
201906,51,740,3,5,Portsmouth (Independent City) ,49,49,5048000,0,0,0,0,0,0,0,0,0,49,49,5048000,0,0,0,0,0,0,0,0,0
201906,51,760,3,5,Richmond (Independent City)   ,139,139,27479750,0,0,0,0,0,0,6,719,36125477,139,139,27479750,0,0,0,0,0,0,6,719,36125477
201906,51,800,3,5,Suffolk (Independent City)    ,205,205,48504357,0,0,0,0,0,0,12,144,13564677,205,205,48504357,0,0,0,0,0,0,12,144,13564677
201906,51,810,3,5,Virginia Beach (Independent Ci,336,336,58890293,0,0,0,0,0,0,16,631,34281696,336,336,58890293,0,0,0,0,0,0,16,631,34281696
201906,51,830,3,5,Williamsburg (Independent City,18,18,3138476,0,0,0,0,0,0,0,0,0,18,18,3138476,0,0,0,0,0,0,0,0,0
201906,53,005,4,9,Benton County                 ,500,500,142214589,9,18,3161963,0,0,0,23,667,78955505,406,406,112428258,9,18,3161963,0,0,0,22,658,78068861
201906,53,011,4,9,Clark County                  ,1322,1322,387604820,16,32,6832706,3,10,1165773,44,893,84371010,975,975,280090397,16,32,6832706,3,10,1165773,42,872,82248732
201906,53,021,4,9,Franklin County               ,285,285,78967762,11,22,1910038,0,0,0,1,5,599552,48,48,18125417,0,0,0,0,0,0,0,0,0
201906,53,031,4,9,Jefferson County              ,80,80,18634430,0,0,0,0,0,0,0,0,0,58,58,13220001,0,0,0,0,0,0,0,0,0
201906,53,033,4,9,King County                   ,1916,1916,773661153,111,222,50594716,92,321,59669426,121,5888,817943737,1496,1496,584643963,110,220,49844716,90,315,58813373,114,5623,795804066
201906,53,035,4,9,Kitsap County                 ,443,443,138803565,3,6,1527723,0,0,0,2,48,2439932,443,443,138803565,3,6,1527723,0,0,0,2,48,2439932
201906,53,053,4,9,Pierce County                 ,1195,1195,363523762,24,48,8931459,18,71,13229578,10,590,86107474,1190,1190,361922900,24,48,8931459,18,71,13229578,9,581,85279540
201906,53,055,4,9,San Juan County               ,60,60,12199007,9,18,2026900,0,0,0,0,0,0,38,38,7452625,9,18,2026900,0,0,0,0,0,0
201906,53,059,4,9,Skamania County               ,34,34,7772934,1,2,300000,1,3,300000,0,0,0,34,34,7772934,1,2,300000,1,3,300000,0,0,0
201906,53,061,4,9,Snohomish County              ,1131,1131,361272784,21,42,9674903,23,85,20173833,48,871,112143484,1100,1100,353020305,21,42,9674903,23,85,20173833,45,833,108091567
201906,54,011,3,5,Cabell County                 ,34,34,5434242,1,2,277667,1,3,420000,2,52,6395850,6,6,789000,0,0,0,0,0,0,1,47,5944600
201906,54,015,3,5,Clay County                   ,13,13,325000,0,0,0,0,0,0,0,0,0,13,13,325000,0,0,0,0,0,0,0,0,0
201906,54,019,3,5,Fayette County                ,14,14,2568083,0,0,0,0,0,0,0,0,0,13,13,2426500,0,0,0,0,0,0,0,0,0
201906,54,037,3,5,Jefferson County              ,90,90,22681262,1,2,700000,0,0,0,0,0,0,89,89,22430623,1,2,700000,0,0,0,0,0,0
201906,54,081,3,5,Raleigh County                ,17,17,2930935,0,0,0,0,0,0,0,0,0,17,17,2930935,0,0,0,0,0,0,0,0,0
201906,55,025,2,3,Dane County                   ,601,601,212379967,28,56,10677159,7,24,3802000,28,979,138363544,524,524,187993083,25,50,9417388,3,12,2014000,20,818,123128211
201906,55,031,2,3,Douglas County                ,31,31,6081268,2,4,700000,0,0,0,0,0,0,31,31,6081268,2,4,700000,0,0,0,0,0,0
201906,55,037,2,3,Florence County               ,11,11,1762200,0,0,0,0,0,0,0,0,0,11,11,1762200,0,0,0,0,0,0,0,0,0
201906,55,049,2,3,Iowa County                   ,28,28,8398000,0,0,0,0,0,0,0,0,0,23,23,7062000,0,0,0,0,0,0,0,0,0
201906,55,059,2,3,Kenosha County                ,121,121,37930273,18,36,4518000,0,0,0,17,345,21717371,115,115,36063781,18,36,4518000,0,0,0,16,340,21317371
201906,55,079,2,3,Milwaukee County              ,81,81,28815650,1,2,278179,0,0,0,7,298,31178943,79,79,28344360,1,2,278179,0,0,0,6,276,28671434
201906,55,089,2,3,Ozaukee County                ,121,121,35924431,3,6,1038800,0,0,0,6,50,6389248,75,75,15414027,3,6,1038800,0,0,0,1,16,1600000
201906,55,093,2,3,Pierce County                 ,84,84,19849601,2,4,625000,0,0,0,6,110,10083000,83,83,19496101,2,4,625000,0,0,0,6,110,10083000
201906,55,109,2,3,St. Croix County              ,256,256,58501295,10,20,2495000,1,4,834246,0,0,0,249,249,56261995,10,20,2495000,1,4,834246,0,0,0
201906,55,131,2,3,Washington County             ,127,127,38574943,9,18,2938000,0,0,0,2,94,13800000,91,91,26430749,9,18,2938000,0,0,0,2,94,13800000
201906,56,029,4,8,Park County                   ,51,51,13433022,1,2,70000,0,0,0,1,12,2250000,49,49,13088605,1,2,70000,0,0,0,1,12,2250000
201906,56,039,4,8,Teton County                  ,77,77,134536312,3,6,1869957,2,6,232998,1,5,1040398,66,66,128826528,0,0,0,0,0,0,0,0,0
