Survey,FIPS,FIPS,Region,Division,County,,1-unit,,,2-units,,,3-4 units,,,5+ units,,,1-unit rep,,,2-units rep,,,3-4 units rep,,, 5+units rep
Date,State,County,Code,Code,Name,Bldgs,Units,Value,Bldgs,Units,Value,Bldgs,Units,Value,Bldgs,Units,Value,Bldgs,Units,Value,Bldgs,Units,Value,Bldgs,Units,Value,Bldgs,Units,Value
 
201909,01,001,3,6,Autauga County                ,190,190,54489950,0,0,0,0,0,0,0,0,0,190,190,54489950,0,0,0,0,0,0,0,0,0
201909,01,007,3,6,Bibb County                   ,9,9,2209740,0,0,0,1,3,280000,0,0,0,5,5,1258000,0,0,0,1,3,280000,0,0,0
201909,01,009,3,6,Blount County                 ,21,21,3578560,0,0,0,1,4,175000,0,0,0,21,21,3578560,0,0,0,1,4,175000,0,0,0
201909,01,021,3,6,Chilton County                ,27,27,4407882,0,0,0,0,0,0,0,0,0,27,27,4407882,0,0,0,0,0,0,0,0,0
201909,01,073,3,6,Jefferson County              ,1130,1130,333499958,5,10,1236645,0,0,0,7,67,6945483,775,775,229869924,0,0,0,0,0,0,0,0,0
201909,01,081,3,6,Lee County                    ,853,853,231184567,32,64,8520381,15,51,6771890,9,606,88840404,836,836,226901487,32,64,8520381,15,51,6771890,9,606,88840404
201909,01,083,3,6,Limestone County              ,198,198,43043767,0,0,0,0,0,0,0,0,0,198,198,43043767,0,0,0,0,0,0,0,0,0
201909,01,089,3,6,Madison County                ,2365,2365,341469320,0,0,0,15,60,1050000,17,85,2190000,2365,2365,341469320,0,0,0,15,60,1050000,17,85,2190000
201909,01,113,3,6,Russell County                ,133,133,19679938,1,2,143676,0,0,0,0,0,0,125,125,18710019,1,2,143676,0,0,0,0,0,0
201909,01,115,3,6,St. Clair County              ,194,194,34972846,0,0,0,0,0,0,0,0,0,179,179,32070314,0,0,0,0,0,0,0,0,0
201909,01,117,3,6,Shelby County                 ,789,789,199262014,0,0,0,0,0,0,0,0,0,382,382,97933239,0,0,0,0,0,0,0,0,0
201909,01,127,3,6,Walker County                 ,18,18,3477942,0,0,0,0,0,0,0,0,0,17,17,3270164,0,0,0,0,0,0,0,0,0
201909,02,013,4,9,Aleutians East Borough        ,0,0,0,0,0,0,0,0,0,0,0,0,0,0,0,0,0,0,0,0,0,0,0,0
201909,02,016,4,9,Aleutians West Census Area    ,3,3,294354,0,0,0,0,0,0,0,0,0,0,0,0,0,0,0,0,0,0,0,0,0
201909,02,020,4,9,Anchorage Municipality        ,626,626,196100186,0,0,0,10,37,6427454,15,123,19445753,0,0,0,0,0,0,0,0,0,0,0,0
201909,02,050,4,9,Bethel Census Area            ,7,7,1984531,1,2,345783,0,0,0,0,0,0,7,7,1984531,1,2,345783,0,0,0,0,0,0
201909,02,060,4,9,Bristol Bay Borough           ,7,7,575000,0,0,0,0,0,0,0,0,0,7,7,575000,0,0,0,0,0,0,0,0,0
201909,02,070,4,9,Dillingham Census Area        ,2,2,565670,0,0,0,0,0,0,0,0,0,2,2,565670,0,0,0,0,0,0,0,0,0
201909,02,090,4,9,Fairbanks North Star Borough  ,7,7,2356675,0,0,0,4,16,2228168,0,0,0,6,6,2088721,0,0,0,4,16,2228168,0,0,0
201909,02,100,4,9,Haines Borough                ,8,8,1757068,0,0,0,0,0,0,0,0,0,0,0,0,0,0,0,0,0,0,0,0,0
201909,02,105,4,9,Hoonah-Angoon Census Area     ,3,3,666217,0,0,0,0,0,0,0,0,0,3,3,666217,0,0,0,0,0,0,0,0,0
201909,02,110,4,9,Juneau City and Borough       ,43,43,8095586,1,2,288784,1,4,456905,15,115,14013503,43,43,8095586,1,2,288784,1,4,456905,15,115,14013503
201909,02,122,4,9,Kenai Peninsula Borough       ,58,58,14448148,2,4,789200,1,4,800000,1,10,800000,43,43,11306000,2,4,789200,1,4,800000,1,10,800000
201909,02,130,4,9,Ketchikan Gateway Borough     ,29,29,8237361,2,4,690546,2,7,856036,0,0,0,29,29,8237361,2,4,690546,2,7,856036,0,0,0
201909,02,150,4,9,Kodiak Island Borough         ,8,8,3255130,0,0,0,0,0,0,1,20,4527884,8,8,3255130,0,0,0,0,0,0,1,20,4527884
201909,02,170,4,9,Matanuska-Susitna Borough     ,33,33,9078361,11,22,3771056,1,3,359024,2,52,6450000,21,21,5636225,3,6,1035309,0,0,0,2,52,6450000
201909,02,180,4,9,Nome Census Area              ,0,0,0,0,0,0,0,0,0,0,0,0,0,0,0,0,0,0,0,0,0,0,0,0
201909,02,185,4,9,North Slope Borough           ,0,0,0,0,0,0,0,0,0,0,0,0,0,0,0,0,0,0,0,0,0,0,0,0
201909,02,188,4,9,Northwest Arctic Borough      ,11,11,4701812,0,0,0,0,0,0,0,0,0,5,5,1485670,0,0,0,0,0,0,0,0,0
201909,02,195,4,9,Petersburg Borough            ,8,8,1641380,0,0,0,0,0,0,0,0,0,8,8,1641380,0,0,0,0,0,0,0,0,0
201909,02,198,4,9,Prince of Wales-Hyder Census A,3,3,850848,2,4,690546,0,0,0,0,0,0,3,3,850848,2,4,690546,0,0,0,0,0,0
201909,02,220,4,9,Sitka City and Borough        ,8,8,1915044,0,0,0,0,0,0,0,0,0,0,0,0,0,0,0,0,0,0,0,0,0
201909,02,230,4,9,Skagway Municipality          ,4,4,566470,5,10,1116666,0,0,0,0,0,0,1,1,50000,0,0,0,0,0,0,0,0,0
201909,02,261,4,9,Valdez-Cordova Census Area    ,14,14,3015000,0,0,0,0,0,0,0,0,0,14,14,3015000,0,0,0,0,0,0,0,0,0
201909,02,275,4,9,Wrangell City and Borough     ,3,3,234500,0,0,0,0,0,0,0,0,0,3,3,234500,0,0,0,0,0,0,0,0,0
201909,02,282,4,9,Yakutat City and Borough      ,2,2,333846,0,0,0,0,0,0,0,0,0,0,0,0,0,0,0,0,0,0,0,0,0
201909,02,290,4,9,Yukon-Koyukuk Census Area     ,0,0,0,0,0,0,0,0,0,0,0,0,0,0,0,0,0,0,0,0,0,0,0,0
201909,04,013,4,8,Maricopa County               ,14943,14943,4207403577,207,414,57164205,40,133,31300449,174,6632,913773008,14843,14843,4180273249,199,398,54784206,40,133,31300449,165,5833,776151065
201909,04,019,4,8,Pima County                   ,2424,2424,711524143,15,30,6482890,0,0,0,54,779,113852693,1798,1798,551820654,3,6,3497258,0,0,0,0,0,0
201909,04,021,4,8,Pinal County                  ,3651,3651,727900676,47,94,5792104,0,0,0,0,0,0,3557,3557,710040416,47,94,5792104,0,0,0,0,0,0
201909,05,013,3,7,Calhoun County                ,0,0,0,0,0,0,0,0,0,0,0,0,0,0,0,0,0,0,0,0,0,0,0,0
201909,05,035,3,7,Crittenden County             ,40,40,9145725,0,0,0,0,0,0,0,0,0,32,32,7404900,0,0,0,0,0,0,0,0,0
201909,05,043,3,7,Drew County                   ,4,4,165000,1,2,100000,1,4,200000,0,0,0,4,4,165000,1,2,100000,1,4,200000,0,0,0
201909,05,045,3,7,Faulkner County               ,240,240,50637725,5,10,757852,0,0,0,9,75,2032204,76,76,12597550,0,0,0,0,0,0,0,0,0
201909,05,053,3,7,Grant County                  ,20,20,3063141,0,0,0,0,0,0,0,0,0,0,0,0,0,0,0,0,0,0,0,0,0
201909,05,085,3,7,Lonoke County                 ,260,260,27529023,2,4,240000,0,0,0,0,0,0,139,139,17113979,2,4,240000,0,0,0,0,0,0
201909,05,087,3,7,Madison County                ,7,7,1339500,0,0,0,0,0,0,0,0,0,7,7,1339500,0,0,0,0,0,0,0,0,0
201909,05,091,3,7,Miller County                 ,22,22,4571616,0,0,0,0,0,0,0,0,0,2,2,135000,0,0,0,0,0,0,0,0,0
201909,05,105,3,7,Perry County                  ,0,0,0,0,0,0,0,0,0,0,0,0,0,0,0,0,0,0,0,0,0,0,0,0
201909,05,119,3,7,Pulaski County                ,644,644,155797459,2,4,389000,4,16,525000,8,354,24000000,644,644,155797459,2,4,389000,4,16,525000,8,354,24000000
201909,05,129,3,7,Searcy County                 ,0,0,0,0,0,0,0,0,0,0,0,0,0,0,0,0,0,0,0,0,0,0,0,0
201909,05,143,3,7,Washington County             ,1091,1091,291318968,18,36,7501091,1,3,150000,29,1097,58031307,1081,1081,290018968,18,36,7501091,1,3,150000,29,1097,58031307
201909,06,001,4,9,Alameda County                ,1333,1333,463953748,13,26,6867575,18,65,15658056,98,3244,605569699,1061,1061,373623570,9,18,4674717,12,46,10436610,70,2912,527926412
201909,06,013,4,9,Contra Costa County           ,1163,1163,368043679,6,12,3275131,0,0,0,17,595,117232870,1119,1119,350417354,6,12,3275131,0,0,0,17,595,117232870
201909,06,017,4,9,El Dorado County              ,422,422,146635099,0,0,0,0,0,0,0,0,0,422,422,146635099,0,0,0,0,0,0,0,0,0
201909,06,019,4,9,Fresno County                 ,1677,1677,502492121,10,20,4246365,68,205,12486438,36,297,32475947,1398,1398,423952478,0,0,0,66,198,11898348,15,120,14636190
201909,06,037,4,9,Los Angeles County            ,4234,4234,1373249429,568,1136,210086672,45,147,28613431,330,10693,2309650755,3806,3806,1154633872,559,1118,206089140,33,111,22889807,288,10300,2242229947
201909,06,041,4,9,Marin County                  ,97,97,60922880,3,6,4012500,0,0,0,1,49,10531745,88,88,52577008,1,2,950000,0,0,0,1,49,10531745
201909,06,059,4,9,Orange County                 ,2413,2413,747268120,104,208,51825675,26,88,17840616,77,2563,345913368,2120,2120,620702125,85,170,39158782,26,88,17840616,63,2261,286623482
201909,06,061,4,9,Placer County                 ,1440,1440,482413592,1,2,740377,0,0,0,3,215,12200429,1440,1440,482413592,1,2,740377,0,0,0,3,215,12200429
201909,06,063,4,9,Plumas County                 ,29,29,5223881,0,0,0,0,0,0,0,0,0,29,29,5223881,0,0,0,0,0,0,0,0,0
201909,06,067,4,9,Sacramento County             ,2842,2842,770194983,51,102,15343389,3,10,1274400,30,805,102769793,2829,2829,767167605,51,102,15343389,3,10,1274400,30,805,102769793
201909,06,069,4,9,San Benito County             ,460,460,147521957,1,2,250000,1,3,595698,0,0,0,310,310,103084293,1,2,250000,1,3,595698,0,0,0
201909,06,071,4,9,San Bernardino County         ,2701,2701,710911274,20,40,7099368,29,110,16161202,117,1540,162385897,2520,2520,667877172,20,40,7099368,29,110,16161202,102,1428,153429729
201909,06,073,4,9,San Diego County              ,2283,2283,735364267,29,58,11624251,90,322,73385412,111,3717,508939034,2241,2241,722921963,29,58,11624251,89,319,72986110,104,3638,498436972
201909,06,075,4,9,San Francisco County          ,14,14,3850378,12,24,4137397,6,21,4439017,27,2604,773995418,14,14,3850378,12,24,4137397,6,21,4439017,27,2604,773995418
201909,06,081,4,9,San Mateo County              ,224,224,217097968,2,4,2546700,0,0,0,14,483,159425572,141,141,162715049,1,2,1806700,0,0,0,6,425,149476215
201909,06,085,4,9,Santa Clara County            ,1447,1447,532567602,7,14,4049566,9,32,8256619,79,2515,378194318,1359,1359,493665830,7,14,4049566,7,26,6515779,70,2203,319886698
201909,06,091,4,9,Sierra County                 ,5,5,1755670,0,0,0,0,0,0,0,0,0,5,5,1755670,0,0,0,0,0,0,0,0,0
201909,06,113,4,9,Yolo County                   ,525,525,163991778,5,10,1902853,0,0,0,2,92,14260242,525,525,163991778,5,10,1902853,0,0,0,2,92,14260242
201909,08,001,4,8,Adams County                  ,1758,1758,479660201,8,16,1874369,3,10,1661858,10,128,35307922,1750,1750,477830154,6,12,1030631,2,7,1163795,10,128,35307922
201909,08,005,4,8,Arapahoe County               ,1693,1693,499554286,3,6,839137,8,25,4356987,11,588,87141957,1668,1668,481330441,1,2,406062,5,16,3320952,11,588,87141957
201909,08,014,4,8,Broomfield County             ,251,251,87147584,0,0,0,0,0,0,0,0,0,251,251,87147584,0,0,0,0,0,0,0,0,0
201909,08,015,4,8,Chaffee County                ,106,106,28083469,2,4,647924,5,15,2748500,0,0,0,0,0,0,0,0,0,0,0,0,0,0,0
201909,08,019,4,8,Clear Creek County            ,16,16,4346259,0,0,0,0,0,0,5,62,11681255,0,0,0,0,0,0,0,0,0,2,47,9500000
201909,08,031,4,8,Denver County                 ,1856,1856,507998255,0,0,0,2,7,1197560,43,3495,502426730,1856,1856,507998255,0,0,0,2,7,1197560,43,3495,502426730
201909,08,035,4,8,Douglas County                ,2013,2013,614475227,7,14,1935981,12,41,6482384,22,359,35710194,1981,1981,603463938,7,14,1935981,12,41,6482384,22,359,35710194
201909,08,039,4,8,Elbert County                 ,167,167,49731209,0,0,0,0,0,0,0,0,0,155,155,45970187,0,0,0,0,0,0,0,0,0
201909,08,041,4,8,El Paso County                ,2989,2989,1120244117,49,98,8320689,9,35,6042242,34,1052,142185001,2988,2988,1120129117,49,98,8320689,9,35,6042242,34,1052,142185001
201909,08,047,4,8,Gilpin County                 ,27,27,7422822,0,0,0,0,0,0,0,0,0,27,27,7422822,0,0,0,0,0,0,0,0,0
201909,08,059,4,8,Jefferson County              ,505,505,164537337,17,34,5792505,1,4,765696,6,33,5444051,501,501,163208354,17,34,5792505,1,4,765696,6,33,5444051
201909,08,069,4,8,Larimer County                ,1159,1159,318994751,3,6,1052303,9,34,4069911,39,635,89361240,1132,1132,311568088,3,6,1052303,9,34,4069911,38,617,87014307
201909,08,077,4,8,Mesa County                   ,517,517,88089400,5,10,1222249,0,0,0,3,92,7904826,517,517,88089400,5,10,1222249,0,0,0,3,92,7904826
201909,08,093,4,8,Park County                   ,142,142,37393475,0,0,0,0,0,0,0,0,0,142,142,37393475,0,0,0,0,0,0,0,0,0
201909,08,101,4,8,Pueblo County                 ,361,361,58923114,0,0,0,0,0,0,0,0,0,361,361,58923114,0,0,0,0,0,0,0,0,0
201909,08,119,4,8,Teller County                 ,89,89,28133834,0,0,0,0,0,0,0,0,0,89,89,28133834,0,0,0,0,0,0,0,0,0
201909,09,001,1,1,Fairfield County              ,483,483,305963199,16,32,5772179,6,20,3861968,21,812,171238491,388,388,216830321,16,32,5772179,6,20,3861968,14,767,146363235
201909,09,003,1,1,Hartford County               ,503,503,90095897,14,28,3248080,5,18,2912400,30,214,15653637,438,438,76611577,14,28,3248080,5,18,2912400,6,80,6783476
201909,09,007,1,1,Middlesex County              ,101,101,25276531,0,0,0,2,6,410000,0,0,0,73,73,19390004,0,0,0,2,6,410000,0,0,0
201909,09,013,1,1,Tolland County                ,99,99,21293751,5,10,983600,0,0,0,21,133,13033307,51,51,10910728,1,2,270000,0,0,0,1,8,700000
201909,10,001,3,5,Kent County                   ,966,966,139382062,17,34,3508383,0,0,0,9,45,4044642,949,949,135807719,17,34,3508383,0,0,0,5,25,2105354
201909,10,003,3,5,New Castle County             ,1025,1025,106844496,2,4,235336,0,0,0,21,225,10515810,907,907,94963694,2,4,235336,0,0,0,18,204,9789556
201909,10,005,3,5,Sussex County                 ,2263,2263,324742537,38,76,9597796,18,67,6724421,35,200,29373353,2263,2263,324742537,38,76,9597796,18,67,6724421,35,200,29373353
201909,11,001,3,5,Washington  DC                ,126,126,29811415,29,58,6834204,1,4,520042,48,4658,514769649,126,126,29811415,29,58,6834204,1,4,520042,48,4658,514769649
201909,12,003,3,5,Baker County                  ,110,110,19236120,0,0,0,0,0,0,0,0,0,110,110,19236120,0,0,0,0,0,0,0,0,0
201909,12,019,3,5,Clay County                   ,960,960,200923598,0,0,0,0,0,0,0,0,0,960,960,200923598,0,0,0,0,0,0,0,0,0
201909,12,029,3,5,Dixie County                  ,26,26,3284409,0,0,0,0,0,0,0,0,0,0,0,0,0,0,0,0,0,0,0,0,0
201909,12,031,3,5,Duval County                  ,3287,3287,790178208,16,32,3733325,2,8,1074178,41,2320,256258879,3236,3236,772562600,16,32,3733325,2,8,1074178,41,2320,256258879
201909,12,033,3,5,Escambia County               ,970,970,229854863,18,36,8103682,5,17,1190000,4,397,43690442,970,970,229854863,18,36,8103682,5,17,1190000,4,397,43690442
201909,12,053,3,5,Hernando County               ,786,786,142488228,0,0,0,0,0,0,17,134,17232883,786,786,142488228,0,0,0,0,0,0,17,134,17232883
201909,12,057,3,5,Hillsborough County           ,6779,6779,2025612155,27,54,7751055,2,7,2675000,75,4291,504807537,6779,6779,2025612155,27,54,7751055,2,7,2675000,75,4291,504807537
201909,12,067,3,5,Lafayette County              ,7,7,1892946,0,0,0,0,0,0,0,0,0,7,7,1892946,0,0,0,0,0,0,0,0,0
201909,12,071,3,5,Lee County                    ,3993,3993,855531831,154,308,42036600,26,104,24707707,54,1809,223140092,3993,3993,855531831,154,308,42036600,26,104,24707707,54,1809,223140092
201909,12,073,3,5,Leon County                   ,510,510,101149869,6,12,1329600,0,0,0,34,961,124319908,0,0,0,0,0,0,0,0,0,0,0,0
201909,12,081,3,5,Manatee County                ,2374,2374,488789604,2,4,210000,21,84,10480400,35,1161,97475091,2371,2371,488346660,2,4,210000,21,84,10480400,35,1161,97475091
201909,12,086,3,5,Miami-Dade County             ,1833,1833,570761375,129,258,37524169,6,24,4050511,113,6217,1270539659,1709,1709,526864527,129,258,37524169,6,24,4050511,109,6106,1265102858
201909,12,089,3,5,Nassau County                 ,1205,1205,278845109,0,0,0,4,16,1771315,3,41,4670624,1099,1099,250812159,0,0,0,4,16,1771315,1,9,996365
201909,12,091,3,5,Okaloosa County               ,673,673,214510131,2,4,700000,1,4,500000,4,20,1429749,583,583,193454672,2,4,700000,1,4,500000,1,5,600000
201909,12,095,3,5,Orange County                 ,4135,4135,1248280994,81,162,30300122,1,3,332375,67,3698,519662096,4104,4104,1237510150,81,162,30300122,1,3,332375,67,3698,519662096
201909,12,097,3,5,Osceola County                ,3792,3792,941929465,1,2,219195,11,44,6045774,48,2298,197037399,3792,3792,941929465,1,2,219195,11,44,6045774,48,2298,197037399
201909,12,101,3,5,Pasco County                  ,3071,3071,622096894,32,64,7325867,16,61,3889010,45,350,22419068,3043,3043,616043054,27,54,5925867,16,61,3889010,41,330,20694068
201909,12,103,3,5,Pinellas County               ,698,698,210229356,4,8,1434366,0,0,0,23,1939,207099594,672,672,200520730,4,8,1434366,0,0,0,18,1914,197007372
201909,12,109,3,5,St. Johns County              ,3285,3285,795515375,8,16,3233606,7,28,5403791,26,642,60175422,3285,3285,795515375,8,16,3233606,7,28,5403791,26,642,60175422
201909,12,113,3,5,Santa Rosa County             ,1094,1094,189304813,0,0,0,0,0,0,0,0,0,1094,1094,189304813,0,0,0,0,0,0,0,0,0
201909,12,115,3,5,Sarasota County               ,2457,2457,714934587,7,14,3276457,19,68,37278097,34,921,133223468,2434,2434,707185171,7,14,3276457,19,68,37278097,33,886,128489955
201909,12,117,3,5,Seminole County               ,967,967,298840603,3,6,822696,0,0,0,25,1046,96058350,944,944,289440704,3,6,822696,0,0,0,20,920,85759838
201909,12,119,3,5,Sumter County                 ,1899,1899,475631153,0,0,0,0,0,0,7,265,45000000,1899,1899,475631153,0,0,0,0,0,0,7,265,45000000
201909,12,129,3,5,Wakulla County                ,209,209,41848414,0,0,0,0,0,0,0,0,0,209,209,41848414,0,0,0,0,0,0,0,0,0
201909,12,131,3,5,Walton County                 ,1088,1088,467862130,2,4,403206,18,70,6564525,46,865,109027863,1088,1088,467862130,2,4,403206,18,70,6564525,46,865,109027863
201909,12,133,3,5,Washington County             ,52,52,7473014,0,0,0,0,0,0,0,0,0,43,43,6319628,0,0,0,0,0,0,0,0,0
201909,13,007,3,5,Baker County                  ,0,0,0,0,0,0,0,0,0,0,0,0,0,0,0,0,0,0,0,0,0,0,0,0
201909,13,013,3,5,Barrow County                 ,529,529,72835741,0,0,0,0,0,0,0,0,0,523,523,71979575,0,0,0,0,0,0,0,0,0
201909,13,015,3,5,Bartow County                 ,447,447,84500001,6,12,656456,1,4,207328,5,139,9901462,447,447,84500001,6,12,656456,1,4,207328,5,139,9901462
201909,13,021,3,5,Bibb County                   ,96,96,17168817,0,0,0,0,0,0,0,0,0,20,20,4462018,0,0,0,0,0,0,0,0,0
201909,13,029,3,5,Bryan County                  ,437,437,95602713,0,0,0,0,0,0,0,0,0,437,437,95602713,0,0,0,0,0,0,0,0,0
201909,13,033,3,5,Burke County                  ,37,37,6562800,0,0,0,0,0,0,0,0,0,37,37,6562800,0,0,0,0,0,0,0,0,0
201909,13,035,3,5,Butts County                  ,72,72,24403000,0,0,0,0,0,0,0,0,0,72,72,24403000,0,0,0,0,0,0,0,0,0
201909,13,045,3,5,Carroll County                ,603,603,147359986,0,0,0,0,0,0,1,8,815182,603,603,147359986,0,0,0,0,0,0,1,8,815182
201909,13,051,3,5,Chatham County                ,670,670,155519014,0,0,0,0,0,0,33,437,37874044,599,599,139999058,0,0,0,0,0,0,32,431,37544044
201909,13,057,3,5,Cherokee County               ,1645,1645,472590966,0,0,0,0,0,0,9,266,38126424,1645,1645,472590966,0,0,0,0,0,0,9,266,38126424
201909,13,059,3,5,Clarke County                 ,282,282,49812394,6,12,1449636,14,47,4100029,25,290,35463559,282,282,49812394,6,12,1449636,14,47,4100029,25,290,35463559
201909,13,063,3,5,Clayton County                ,648,648,146353741,0,0,0,0,0,0,9,70,4450474,603,603,140285163,0,0,0,0,0,0,9,70,4450474
201909,13,067,3,5,Cobb County                   ,1213,1213,321881248,12,24,4677662,20,67,14737381,38,1524,196711536,1213,1213,321881248,12,24,4677662,20,67,14737381,38,1524,196711536
201909,13,073,3,5,Columbia County               ,850,850,157565957,4,8,1255328,20,72,5531521,14,322,27767744,399,399,71002574,4,8,1255328,20,72,5531521,14,322,27767744
201909,13,077,3,5,Coweta County                 ,738,738,252717552,0,0,0,0,0,0,16,365,31280587,658,658,229629864,0,0,0,0,0,0,14,320,27275402
201909,13,085,3,5,Dawson County                 ,318,318,58050715,0,0,0,0,0,0,0,0,0,215,215,39236479,0,0,0,0,0,0,0,0,0
201909,13,095,3,5,Dougherty County              ,9,9,1796428,0,0,0,0,0,0,5,104,15589342,6,6,1387422,0,0,0,0,0,0,5,104,15589342
201909,13,097,3,5,Douglas County                ,359,359,75334478,0,0,0,0,0,0,0,0,0,359,359,75334478,0,0,0,0,0,0,0,0,0
201909,13,111,3,5,Fannin County                 ,219,219,43677186,0,0,0,0,0,0,0,0,0,219,219,43677186,0,0,0,0,0,0,0,0,0
201909,13,113,3,5,Fayette County                ,415,415,129766769,1,2,800000,0,0,0,0,0,0,397,397,122785041,1,2,800000,0,0,0,0,0,0
201909,13,115,3,5,Floyd County                  ,202,202,31651879,0,0,0,1,3,288000,0,0,0,186,186,29005483,0,0,0,0,0,0,0,0,0
201909,13,117,3,5,Forsyth County                ,1449,1449,248744688,0,0,0,0,0,0,0,0,0,1449,1449,248744688,0,0,0,0,0,0,0,0,0
201909,13,121,3,5,Fulton County                 ,2967,2967,761835418,0,0,0,3,9,1208451,41,1580,220711664,2760,2760,722316968,0,0,0,3,9,1208451,40,1553,218058402
201909,13,127,3,5,Glynn County                  ,286,286,100460992,3,6,785000,0,0,0,0,0,0,185,185,70710996,3,6,785000,0,0,0,0,0,0
201909,13,135,3,5,Gwinnett County               ,2622,2622,635665046,0,0,0,0,0,0,13,808,95894792,2569,2569,620859363,0,0,0,0,0,0,11,716,85831169
201909,13,143,3,5,Haralson County               ,42,42,9648802,0,0,0,0,0,0,0,0,0,2,2,552000,0,0,0,0,0,0,0,0,0
201909,13,145,3,5,Harris County                 ,181,181,45828805,0,0,0,0,0,0,0,0,0,181,181,45828805,0,0,0,0,0,0,0,0,0
201909,13,149,3,5,Heard County                  ,21,21,4876179,0,0,0,0,0,0,0,0,0,21,21,4876179,0,0,0,0,0,0,0,0,0
201909,13,151,3,5,Henry County                  ,1185,1185,232255516,0,0,0,0,0,0,0,0,0,1037,1037,212763658,0,0,0,0,0,0,0,0,0
201909,13,159,3,5,Jasper County                 ,56,56,7502544,0,0,0,0,0,0,0,0,0,0,0,0,0,0,0,0,0,0,0,0,0
201909,13,171,3,5,Lamar County                  ,86,86,10389722,0,0,0,0,0,0,0,0,0,85,85,10262340,0,0,0,0,0,0,0,0,0
201909,13,177,3,5,Lee County                    ,96,96,9320238,0,0,0,0,0,0,0,0,0,96,96,9320238,0,0,0,0,0,0,0,0,0
201909,13,179,3,5,Liberty County                ,209,209,46728779,2,4,376864,0,0,0,15,392,40731176,209,209,46728779,2,4,376864,0,0,0,15,392,40731176
201909,13,189,3,5,McDuffie County               ,28,28,5566000,0,0,0,0,0,0,0,0,0,28,28,5566000,0,0,0,0,0,0,0,0,0
201909,13,199,3,5,Meriwether County             ,72,72,13964726,0,0,0,0,0,0,0,0,0,54,54,9926193,0,0,0,0,0,0,0,0,0
201909,13,201,3,5,Miller County                 ,8,8,1253016,0,0,0,0,0,0,0,0,0,8,8,1253016,0,0,0,0,0,0,0,0,0
201909,13,207,3,5,Monroe County                 ,112,112,16014082,0,0,0,0,0,0,0,0,0,16,16,4630000,0,0,0,0,0,0,0,0,0
201909,13,215,3,5,Muscogee County               ,254,254,49510607,0,0,0,8,30,1846399,14,118,21344486,0,0,0,0,0,0,0,0,0,0,0,0
201909,13,217,3,5,Newton County                 ,465,465,83089976,0,0,0,0,0,0,1,6,600000,465,465,83089976,0,0,0,0,0,0,1,6,600000
201909,13,227,3,5,Pickens County                ,134,134,34670447,0,0,0,0,0,0,0,0,0,134,134,34670447,0,0,0,0,0,0,0,0,0
201909,13,231,3,5,Pike County                   ,93,93,17680000,0,0,0,0,0,0,0,0,0,58,58,10680000,0,0,0,0,0,0,0,0,0
201909,13,235,3,5,Pulaski County                ,12,12,1801895,0,0,0,0,0,0,0,0,0,12,12,1801895,0,0,0,0,0,0,0,0,0
201909,13,245,3,5,Richmond County               ,255,255,39869912,0,0,0,0,0,0,4,89,5173011,129,129,19220552,0,0,0,0,0,0,0,0,0
201909,13,247,3,5,Rockdale County               ,207,207,49241168,0,0,0,0,0,0,0,0,0,207,207,49241168,0,0,0,0,0,0,0,0,0
201909,13,255,3,5,Spalding County               ,211,211,31510171,0,0,0,0,0,0,5,120,11853600,209,209,31353271,0,0,0,0,0,0,5,120,11853600
201909,13,275,3,5,Thomas County                 ,62,62,12295606,0,0,0,0,0,0,0,0,0,59,59,11616484,0,0,0,0,0,0,0,0,0
201909,13,291,3,5,Union County                  ,160,160,42697460,0,0,0,0,0,0,0,0,0,160,160,42697460,0,0,0,0,0,0,0,0,0
201909,15,001,4,9,Hawaii County                 ,726,726,228634227,0,0,0,0,0,0,1,24,2900000,340,340,108808054,0,0,0,0,0,0,1,24,2900000
201909,15,003,4,9,Honolulu County               ,713,713,278490023,0,0,0,8,24,15590983,44,1051,201047758,640,640,251262458,0,0,0,8,24,15590983,41,907,172873406
201909,15,007,4,9,Kauai County                  ,129,129,89802924,2,4,1585175,0,0,0,0,0,0,129,129,89802924,2,4,1585175,0,0,0,0,0,0
201909,15,009,4,9,Maui County                   ,416,416,141541056,5,10,2161465,17,68,28225000,2,64,16429729,416,416,141541056,5,10,2161465,17,68,28225000,2,64,16429729
201909,16,001,4,8,Ada County                    ,3684,3684,977503330,10,20,3315620,20,77,8689167,100,1350,144045685,3463,3463,909848430,10,20,3315620,20,77,8689167,100,1350,144045685
201909,16,015,4,8,Boise County                  ,64,64,18976495,0,0,0,0,0,0,0,0,0,64,64,18976495,0,0,0,0,0,0,0,0,0
201909,16,027,4,8,Canyon County                 ,1859,1859,287089391,20,40,3224510,18,72,5205602,23,462,44174604,1858,1858,286957047,20,40,3224510,18,72,5205602,23,462,44174604
201909,16,045,4,8,Gem County                    ,98,98,15341084,1,2,140786,1,4,392897,0,0,0,95,95,14975614,0,0,0,1,4,392897,0,0,0
201909,16,073,4,8,Owyhee County                 ,30,30,5533998,1,2,160254,0,0,0,0,0,0,18,18,3275737,1,2,160254,0,0,0,0,0,0
201909,17,005,2,3,Bond County                   ,7,7,1752742,0,0,0,0,0,0,0,0,0,2,2,871702,0,0,0,0,0,0,0,0,0
201909,17,013,2,3,Calhoun County                ,6,6,741008,0,0,0,0,0,0,0,0,0,3,3,287000,0,0,0,0,0,0,0,0,0
201909,17,031,2,3,Cook County                   ,932,932,306058430,47,94,21540117,143,468,101045658,114,5077,624723773,819,819,260794343,43,86,19465117,142,465,100643463,109,5040,619935401
201909,17,037,2,3,DeKalb County                 ,68,68,15996183,0,0,0,3,12,1852827,0,0,0,63,63,15299827,0,0,0,3,12,1852827,0,0,0
201909,17,039,2,3,De Witt County                ,9,9,1940541,0,0,0,0,0,0,0,0,0,9,9,1940541,0,0,0,0,0,0,0,0,0
201909,17,043,2,3,DuPage County                 ,649,649,277264911,3,6,1133890,7,23,4629615,17,253,32575116,584,584,248445126,2,4,797340,7,23,4629615,10,169,30582661
201909,17,063,2,3,Grundy County                 ,64,64,11469826,0,0,0,0,0,0,12,92,4717944,56,56,10185434,0,0,0,0,0,0,0,0,0
201909,17,083,2,3,Jersey County                 ,68,68,18158993,0,0,0,0,0,0,0,0,0,59,59,16758512,0,0,0,0,0,0,0,0,0
201909,17,093,2,3,Kendall County                ,229,229,40023813,9,18,2344396,0,0,0,6,81,6322825,173,173,29274615,0,0,0,0,0,0,1,5,324254
201909,17,097,2,3,Lake County                   ,426,426,148354765,6,12,1431740,0,0,0,4,46,14337330,340,340,117624046,3,6,1181741,0,0,0,1,31,11250000
201909,17,111,2,3,McHenry County                ,426,426,70444437,1,2,500000,1,4,529111,2,12,180000,403,403,66904699,1,2,500000,1,4,529111,0,0,0
201909,17,119,2,3,Madison County                ,258,258,68913130,8,16,1982222,10,39,3295536,8,48,2395762,239,239,65040995,8,16,1982222,9,36,2967640,8,48,2395762
201909,17,133,2,3,Monroe County                 ,73,73,20326945,0,0,0,0,0,0,5,73,6894050,71,71,19876809,0,0,0,0,0,0,4,68,6462050
201909,17,197,2,3,Will County                   ,914,914,233658088,25,50,7743955,8,30,4503744,8,176,12735570,773,773,204542297,24,48,7333955,6,24,3483744,8,176,12735570
201909,18,003,2,3,Allen County                  ,806,806,217427428,8,16,405000,8,24,960000,15,522,57714108,806,806,217427428,8,16,405000,8,24,960000,15,522,57714108
201909,18,011,2,3,Boone County                  ,383,383,109136377,12,24,5592000,0,0,0,3,218,17079710,383,383,109136377,12,24,5592000,0,0,0,3,218,17079710
201909,18,013,2,3,Brown County                  ,51,51,13485395,0,0,0,0,0,0,0,0,0,47,47,12467815,0,0,0,0,0,0,0,0,0
201909,18,019,2,3,Clark County                  ,437,437,93304456,5,10,1076118,4,14,2135661,6,288,27782272,419,419,90346039,5,10,1076118,4,14,2135661,6,288,27782272
201909,18,047,2,3,Franklin County               ,32,32,8784410,1,2,140000,0,0,0,0,0,0,32,32,8784410,1,2,140000,0,0,0,0,0,0
201909,18,057,2,3,Hamilton County               ,1845,1845,615915778,6,12,2400000,5,20,4110000,30,474,55810919,1843,1843,615273416,6,12,2400000,5,20,4110000,30,474,55810919
201909,18,059,2,3,Hancock County                ,445,445,125054199,0,0,0,0,0,0,0,0,0,438,438,123215888,0,0,0,0,0,0,0,0,0
201909,18,061,2,3,Harrison County               ,85,85,21114988,0,0,0,0,0,0,0,0,0,85,85,21114988,0,0,0,0,0,0,0,0,0
201909,18,063,2,3,Hendricks County              ,609,609,164559059,9,18,1442725,1,4,591816,6,36,2637875,562,562,153138086,6,12,968179,1,4,591816,6,36,2637875
201909,18,069,2,3,Huntington County             ,50,50,12190322,0,0,0,0,0,0,0,0,0,50,50,12190322,0,0,0,0,0,0,0,0,0
201909,18,073,2,3,Jasper County                 ,77,77,18869812,1,2,290559,0,0,0,0,0,0,69,69,17812036,1,2,290559,0,0,0,0,0,0
201909,18,081,2,3,Johnson County                ,637,637,179024001,0,0,0,0,0,0,0,0,0,613,613,176250345,0,0,0,0,0,0,0,0,0
201909,18,087,2,3,Lagrange County               ,124,124,24059646,0,0,0,0,0,0,0,0,0,118,118,22873614,0,0,0,0,0,0,0,0,0
201909,18,089,2,3,Lake County                   ,872,872,229683389,21,42,4777800,1,3,630000,1,32,4880297,828,828,219193685,21,42,4777800,1,3,630000,1,32,4880297
201909,18,097,2,3,Marion County                 ,940,940,245868504,10,20,2969487,6,24,4978824,29,1114,163185136,907,907,238473783,10,20,2969487,6,24,4978824,29,1114,163185136
201909,18,105,2,3,Monroe County                 ,168,168,44316046,7,14,1932986,0,0,0,5,236,27384062,156,156,41220046,6,12,1693835,0,0,0,4,220,25526864
201909,18,109,2,3,Morgan County                 ,197,197,44401053,2,4,460000,0,0,0,0,0,0,193,193,43358635,1,2,210000,0,0,0,0,0,0
201909,18,111,2,3,Newton County                 ,16,16,3324084,0,0,0,0,0,0,0,0,0,14,14,2917000,0,0,0,0,0,0,0,0,0
201909,18,115,2,3,Ohio County                   ,18,18,3358588,0,0,0,0,0,0,0,0,0,17,17,3218650,0,0,0,0,0,0,0,0,0
201909,18,119,2,3,Owen County                   ,24,24,6338923,0,0,0,0,0,0,0,0,0,19,19,5046158,0,0,0,0,0,0,0,0,0
201909,18,127,2,3,Porter County                 ,365,365,97568649,6,12,1940534,0,0,0,5,42,4971007,359,359,96109745,6,12,1940534,0,0,0,4,36,4220073
201909,18,133,2,3,Putnam County                 ,90,90,21908935,0,0,0,0,0,0,8,92,7000000,73,73,18423977,0,0,0,0,0,0,8,92,7000000
201909,18,145,2,3,Shelby County                 ,39,39,6957721,0,0,0,0,0,0,0,0,0,39,39,6957721,0,0,0,0,0,0,0,0,0
201909,18,151,2,3,Steuben County                ,106,106,30110441,3,6,950000,0,0,0,0,0,0,106,106,30110441,3,6,950000,0,0,0,0,0,0
201909,18,157,2,3,Tippecanoe County             ,301,301,76031842,0,0,0,0,0,0,29,558,42410435,285,285,73931497,0,0,0,0,0,0,27,544,40782547
201909,18,163,2,3,Vanderburgh County            ,238,238,52833068,14,28,2326250,0,0,0,0,0,0,208,208,47506735,14,28,2326250,0,0,0,0,0,0
201909,18,167,2,3,Vigo County                   ,13,13,2733639,11,22,2979000,0,0,0,1,5,433333,9,9,2168000,11,22,2979000,0,0,0,0,0,0
201909,18,175,2,3,Washington County             ,42,42,10576230,0,0,0,0,0,0,0,0,0,0,0,0,0,0,0,0,0,0,0,0,0
201909,18,183,2,3,Whitley County                ,100,100,21782712,0,0,0,0,0,0,2,10,925714,99,99,21583906,0,0,0,0,0,0,0,0,0
201909,19,049,2,4,Dallas County                 ,626,626,175034589,2,4,610894,0,0,0,4,39,3977763,624,624,174684589,2,4,610894,0,0,0,1,24,2596185
201909,19,085,2,4,Harrison County               ,23,23,5950912,0,0,0,0,0,0,0,0,0,19,19,5095732,0,0,0,0,0,0,0,0,0
201909,19,129,2,4,Mills County                  ,5,5,1329245,2,4,450000,0,0,0,0,0,0,5,5,1329245,2,4,450000,0,0,0,0,0,0
201909,19,153,2,4,Polk County                   ,1947,1947,521944323,10,20,4360790,1,4,891226,15,660,79334612,1936,1936,519731277,10,20,4360790,1,4,891226,15,660,79334612
201909,19,181,2,4,Warren County                 ,294,294,75277753,0,0,0,0,0,0,0,0,0,283,283,72694552,0,0,0,0,0,0,0,0,0
201909,20,061,2,4,Geary County                  ,11,11,2872999,0,0,0,0,0,0,0,0,0,8,8,2110000,0,0,0,0,0,0,0,0,0
201909,20,091,2,4,Johnson County                ,1214,1214,429898836,19,38,8647439,19,68,12316330,20,1035,128221536,1133,1133,392311230,19,38,8647439,19,68,12316330,19,1015,125285150
201909,20,103,2,4,Leavenworth County            ,186,186,42164110,1,2,221944,0,0,0,0,0,0,186,186,42164110,1,2,221944,0,0,0,0,0,0
201909,20,107,2,4,Linn County                   ,34,34,3861915,0,0,0,0,0,0,0,0,0,18,18,2349255,0,0,0,0,0,0,0,0,0
201909,20,121,2,4,Miami County                  ,64,64,17266847,0,0,0,2,8,848000,0,0,0,20,20,3681795,0,0,0,2,8,848000,0,0,0
201909,20,209,2,4,Wyandotte County              ,134,134,25148220,5,10,971472,0,0,0,0,0,0,25,25,5252799,0,0,0,0,0,0,0,0,0
201909,21,005,3,6,Anderson County               ,54,54,10313485,0,0,0,1,4,215100,0,0,0,54,54,10313485,0,0,0,1,4,215100,0,0,0
201909,21,015,3,6,Boone County                  ,341,341,63242012,0,0,0,1,4,650000,5,60,4149469,341,341,63242012,0,0,0,1,4,650000,5,60,4149469
201909,21,017,3,6,Bourbon County                ,34,34,8110970,1,2,450000,0,0,0,0,0,0,34,34,8110970,1,2,450000,0,0,0,0,0,0
201909,21,021,3,6,Boyle County                  ,11,11,2010736,5,10,889320,0,0,0,0,0,0,5,5,870000,5,10,889320,0,0,0,0,0,0
201909,21,029,3,6,Bullitt County                ,266,266,67438440,3,6,840000,3,12,780000,0,0,0,266,266,67438440,3,6,840000,3,12,780000,0,0,0
201909,21,035,3,6,Calloway County               ,7,7,1696700,1,2,184000,5,20,840965,0,0,0,7,7,1696700,1,2,184000,5,20,840965,0,0,0
201909,21,037,3,6,Campbell County               ,133,133,41224681,0,0,0,2,7,1274818,2,35,3861539,101,101,33152278,0,0,0,1,4,959068,0,0,0
201909,21,045,3,6,Casey County                  ,0,0,0,0,0,0,0,0,0,0,0,0,0,0,0,0,0,0,0,0,0,0,0,0
201909,21,047,3,6,Christian County              ,40,40,4441500,1,2,155000,0,0,0,7,58,7942000,20,20,3017500,1,2,155000,0,0,0,7,58,7942000
201909,21,049,3,6,Clark County                  ,37,37,8379233,0,0,0,0,0,0,8,40,2770000,5,5,1252000,0,0,0,0,0,0,0,0,0
201909,21,067,3,6,Fayette County                ,592,592,101012414,2,4,398267,1,3,291429,20,663,38156058,0,0,0,0,0,0,0,0,0,0,0,0
201909,21,069,3,6,Fleming County                ,0,0,0,0,0,0,0,0,0,0,0,0,0,0,0,0,0,0,0,0,0,0,0,0
201909,21,077,3,6,Gallatin County               ,14,14,2777318,0,0,0,0,0,0,0,0,0,0,0,0,0,0,0,0,0,0,0,0,0
201909,21,081,3,6,Grant County                  ,47,47,8567849,0,0,0,0,0,0,0,0,0,42,42,7391050,0,0,0,0,0,0,0,0,0
201909,21,091,3,6,Hancock County                ,3,3,614694,0,0,0,0,0,0,0,0,0,3,3,614694,0,0,0,0,0,0,0,0,0
201909,21,099,3,6,Hart County                   ,14,14,1222500,0,0,0,0,0,0,2,13,1476119,4,4,250000,0,0,0,0,0,0,0,0,0
201909,21,101,3,6,Henderson County              ,25,25,5302508,11,22,1869876,0,0,0,2,55,5269675,25,25,5302508,11,22,1869876,0,0,0,2,55,5269675
201909,21,103,3,6,Henry County                  ,22,22,4765108,1,2,180000,0,0,0,0,0,0,19,19,4224500,1,2,180000,0,0,0,0,0,0
201909,21,111,3,6,Jefferson County              ,938,938,281479012,3,6,624511,1,3,333482,67,1635,138687448,397,397,114790434,2,4,375000,0,0,0,30,642,19993750
201909,21,113,3,6,Jessamine County              ,144,144,45605665,0,0,0,4,12,1627500,0,0,0,58,58,32789500,0,0,0,0,0,0,0,0,0
201909,21,115,3,6,Johnson County                ,0,0,0,0,0,0,0,0,0,0,0,0,0,0,0,0,0,0,0,0,0,0,0,0
201909,21,117,3,6,Kenton County                 ,246,246,61430397,0,0,0,0,0,0,0,0,0,246,246,61430397,0,0,0,0,0,0,0,0,0
201909,21,121,3,6,Knox County                   ,0,0,0,0,0,0,0,0,0,0,0,0,0,0,0,0,0,0,0,0,0,0,0,0
201909,21,123,3,6,Larue County                  ,33,33,7812976,0,0,0,0,0,0,0,0,0,33,33,7812976,0,0,0,0,0,0,0,0,0
201909,21,137,3,6,Lincoln County                ,37,37,3224044,0,0,0,0,0,0,0,0,0,23,23,1760000,0,0,0,0,0,0,0,0,0
201909,21,145,3,6,McCracken County              ,83,83,19992396,1,2,216750,0,0,0,0,0,0,62,62,14253484,1,2,216750,0,0,0,0,0,0
201909,21,151,3,6,Madison County                ,138,138,14405370,17,34,1942956,2,7,262000,10,60,2318290,36,36,5460000,6,12,700000,2,7,262000,1,12,700000
201909,21,157,3,6,Marshall County               ,62,62,15938135,4,8,1040000,0,0,0,0,0,0,62,62,15938135,4,8,1040000,0,0,0,0,0,0
201909,21,161,3,6,Mason County                  ,11,11,2707000,1,2,250000,0,0,0,0,0,0,11,11,2707000,1,2,250000,0,0,0,0,0,0
201909,21,163,3,6,Meade County                  ,81,81,17868500,1,2,380000,0,0,0,0,0,0,81,81,17868500,1,2,380000,0,0,0,0,0,0
201909,21,167,3,6,Mercer County                 ,37,37,6339166,0,0,0,0,0,0,0,0,0,0,0,0,0,0,0,0,0,0,0,0,0
201909,21,175,3,6,Morgan County                 ,18,18,1350000,0,0,0,0,0,0,0,0,0,0,0,0,0,0,0,0,0,0,0,0,0
201909,21,179,3,6,Nelson County                 ,190,190,31859754,27,54,4945000,2,7,460000,0,0,0,190,190,31859754,27,54,4945000,2,7,460000,0,0,0
201909,21,185,3,6,Oldham County                 ,229,229,72955047,0,0,0,0,0,0,0,0,0,0,0,0,0,0,0,0,0,0,0,0,0
201909,21,191,3,6,Pendleton County              ,0,0,0,0,0,0,0,0,0,0,0,0,0,0,0,0,0,0,0,0,0,0,0,0
201909,21,209,3,6,Scott County                  ,278,278,50410488,11,22,3061852,0,0,0,3,35,2339135,150,150,26460682,0,0,0,0,0,0,0,0,0
201909,21,211,3,6,Shelby County                 ,169,169,43752159,0,0,0,2,8,1136800,4,29,4121300,169,169,43752159,0,0,0,2,8,1136800,4,29,4121300
201909,21,213,3,6,Simpson County                ,74,74,11358819,3,6,502000,0,0,0,2,28,2169440,74,74,11358819,3,6,502000,0,0,0,2,28,2169440
201909,21,215,3,6,Spencer County                ,98,98,23210919,0,0,0,0,0,0,0,0,0,98,98,23210919,0,0,0,0,0,0,0,0,0
201909,21,221,3,6,Trigg County                  ,11,11,2176125,2,4,374290,0,0,0,0,0,0,11,11,2176125,2,4,374290,0,0,0,0,0,0
201909,21,239,3,6,Woodford County               ,84,84,16477660,3,6,820000,0,0,0,2,54,3200000,76,76,14959439,3,6,820000,0,0,0,2,54,3200000
201909,22,005,3,7,Ascension Parish              ,696,696,107613630,0,0,0,0,0,0,0,0,0,469,469,73410987,0,0,0,0,0,0,0,0,0
201909,22,015,3,7,Bossier Parish                ,517,517,103459422,0,0,0,0,0,0,0,0,0,457,457,90687933,0,0,0,0,0,0,0,0,0
201909,22,017,3,7,Caddo Parish                  ,235,235,50852720,0,0,0,0,0,0,0,0,0,235,235,50852720,0,0,0,0,0,0,0,0,0
201909,22,031,3,7,De Soto Parish                ,81,81,22525284,0,0,0,0,0,0,0,0,0,77,77,21741202,0,0,0,0,0,0,0,0,0
201909,22,033,3,7,East Baton Rouge Parish       ,1014,1014,249153270,3,6,811846,0,0,0,0,0,0,995,995,246473060,3,6,811846,0,0,0,0,0,0
201909,22,037,3,7,East Feliciana Parish         ,38,38,7582019,0,0,0,0,0,0,0,0,0,38,38,7582019,0,0,0,0,0,0,0,0,0
201909,22,047,3,7,Iberville Parish              ,73,73,17836732,0,0,0,0,0,0,0,0,0,20,20,5517264,0,0,0,0,0,0,0,0,0
201909,22,051,3,7,Jefferson Parish              ,402,402,88384775,0,0,0,0,0,0,0,0,0,383,383,84035919,0,0,0,0,0,0,0,0,0
201909,22,055,3,7,Lafayette Parish              ,838,838,187673355,0,0,0,0,0,0,1,24,3100000,389,389,79906360,0,0,0,0,0,0,1,24,3100000
201909,22,063,3,7,Livingston Parish             ,704,704,143601723,0,0,0,0,0,0,0,0,0,703,703,143332501,0,0,0,0,0,0,0,0,0
201909,22,071,3,7,Orleans Parish                ,430,430,93489060,86,172,18691088,0,0,0,9,362,64141057,290,290,61956169,64,128,14142154,0,0,0,6,183,27223605
201909,22,075,3,7,Plaquemines Parish            ,62,62,17595877,1,2,240000,1,3,373351,0,0,0,62,62,17595877,1,2,240000,1,3,373351,0,0,0
201909,22,077,3,7,Pointe Coupee Parish          ,41,41,10751758,0,0,0,0,0,0,0,0,0,41,41,10751758,0,0,0,0,0,0,0,0,0
201909,22,087,3,7,St. Bernard Parish            ,142,142,23910222,4,8,590000,0,0,0,0,0,0,142,142,23910222,4,8,590000,0,0,0,0,0,0
201909,22,089,3,7,St. Charles Parish            ,87,87,21141945,0,0,0,0,0,0,0,0,0,87,87,21141945,0,0,0,0,0,0,0,0,0
201909,22,091,3,7,St. Helena Parish             ,28,28,4974942,0,0,0,0,0,0,0,0,0,0,0,0,0,0,0,0,0,0,0,0,0
201909,22,095,3,7,St. John the Baptist Parish   ,38,38,6281752,0,0,0,0,0,0,0,0,0,0,0,0,0,0,0,0,0,0,0,0,0
201909,22,099,3,7,St. Martin Parish             ,134,134,25370605,0,0,0,0,0,0,0,0,0,15,15,3602538,0,0,0,0,0,0,0,0,0
201909,22,103,3,7,St. Tammany Parish            ,1297,1297,280291539,3,6,870000,0,0,0,0,0,0,1267,1267,268519079,3,6,870000,0,0,0,0,0,0
201909,22,109,3,7,Terrebonne Parish             ,110,110,30469721,4,8,622224,2,6,523500,0,0,0,66,66,19186305,0,0,0,0,0,0,0,0,0
201909,22,121,3,7,West Baton Rouge Parish       ,194,194,32668214,0,0,0,0,0,0,0,0,0,175,175,30401697,0,0,0,0,0,0,0,0,0
201909,22,125,3,7,West Feliciana Parish         ,29,29,10837621,0,0,0,0,0,0,2,10,1885510,5,5,1270864,0,0,0,0,0,0,0,0,0
201909,23,000,1,1,Maine Unorganized Territory   ,58,58,7702415,0,0,0,0,0,0,0,0,0,0,0,0,0,0,0,0,0,0,0,0,0
201909,24,003,3,5,Anne Arundel County           ,1453,1453,247038254,0,0,0,0,0,0,3,588,108130000,1449,1449,246350730,0,0,0,0,0,0,3,588,108130000
201909,24,005,3,5,Baltimore County              ,613,613,142760500,0,0,0,0,0,0,5,629,82800000,613,613,142760500,0,0,0,0,0,0,5,629,82800000
201909,24,009,3,5,Calvert County                ,145,145,34353537,0,0,0,0,0,0,5,240,25000000,145,145,34353537,0,0,0,0,0,0,5,240,25000000
201909,24,013,3,5,Carroll County                ,282,282,66868426,0,0,0,0,0,0,1,12,900000,282,282,66868426,0,0,0,0,0,0,1,12,900000
201909,24,015,3,5,Cecil County                  ,146,146,27470602,0,0,0,0,0,0,0,0,0,146,146,27470602,0,0,0,0,0,0,0,0,0
201909,24,017,3,5,Charles County                ,595,595,151425681,0,0,0,0,0,0,6,80,11036133,588,588,150286293,0,0,0,0,0,0,6,80,11036133
201909,24,021,3,5,Frederick County              ,1213,1213,296110955,14,28,3490000,9,31,3390244,31,778,83344938,1213,1213,296110955,14,28,3490000,9,31,3390244,31,778,83344938
201909,24,023,3,5,Garrett County                ,66,66,27153664,0,0,0,0,0,0,0,0,0,66,66,27153664,0,0,0,0,0,0,0,0,0
201909,24,025,3,5,Harford County                ,588,588,135900370,0,0,0,0,0,0,2,96,9670000,588,588,135900370,0,0,0,0,0,0,2,96,9670000
201909,24,027,3,5,Howard County                 ,556,556,130934536,1,2,300000,0,0,0,0,0,0,556,556,130934536,1,2,300000,0,0,0,0,0,0
201909,24,031,3,5,Montgomery County             ,556,556,130186530,7,14,882700,9,36,1501100,21,1976,266488221,556,556,130186530,7,14,882700,9,36,1501100,21,1976,266488221
201909,24,033,3,5,Prince George County          ,1708,1708,405868107,1,2,391606,2,8,2290704,0,0,0,1702,1702,404301959,1,2,391606,2,8,2290704,0,0,0
201909,24,035,3,5,Queen Anne County             ,194,194,42996820,0,0,0,1,4,500000,5,80,12272000,194,194,42996820,0,0,0,1,4,500000,5,80,12272000
201909,24,037,3,5,St. Marys County              ,359,359,81905900,4,8,1300000,0,0,0,6,66,11825054,359,359,81905900,4,8,1300000,0,0,0,6,66,11825054
201909,24,039,3,5,Somerset County               ,23,23,3921132,0,0,0,0,0,0,0,0,0,18,18,2863655,0,0,0,0,0,0,0,0,0
201909,24,045,3,5,Wicomico County               ,171,171,24440566,0,0,0,0,0,0,6,40,3507568,156,156,21562839,0,0,0,0,0,0,6,40,3507568
201909,24,510,3,5,Baltimore (Independent City)  ,116,116,19699000,1,2,371165,4,15,2577857,13,360,52396314,116,116,19699000,1,2,371165,4,15,2577857,13,360,52396314
201909,25,005,1,1,Bristol County                ,432,432,92655581,26,52,6036212,2,6,400000,2,12,1670940,296,296,68173935,21,42,5199940,0,0,0,2,12,1670940
201909,25,009,1,1,Essex County                  ,425,425,133294151,38,76,13983584,4,15,3920000,16,227,30651016,366,366,112766700,15,30,4931257,4,15,3920000,3,158,15677386
201909,25,017,1,1,Middlesex County              ,885,885,289648396,58,116,21366948,31,105,21535178,413,3486,354285866,634,634,207493799,45,90,14816723,23,80,16878836,379,2837,244405856
201909,25,021,1,1,Norfolk County                ,496,496,217815719,16,32,6839944,4,14,1495518,43,1157,95385146,330,330,138927815,14,28,5964084,4,14,1495518,9,802,56676766
201909,25,023,1,1,Plymouth County               ,751,751,179264624,5,10,1436160,4,14,2060000,13,88,11406344,507,507,122741782,5,10,1436160,4,14,2060000,5,36,4803533
201909,25,025,1,1,Suffolk County                ,38,38,9427193,32,64,12304603,41,131,25352868,79,1748,372543551,31,31,8192457,26,52,10813881,41,131,25352868,60,1640,349450405
201909,26,000,2,3,Michigan Balance of State     ,49,49,9200441,0,0,0,0,0,0,0,0,0,0,0,0,0,0,0,0,0,0,0,0,0
201909,26,019,2,3,Benzie County                 ,57,57,13018113,0,0,0,0,0,0,0,0,0,36,36,7261638,0,0,0,0,0,0,0,0,0
201909,26,029,2,3,Charlevoix County             ,78,78,18938811,4,8,905560,0,0,0,0,0,0,0,0,0,0,0,0,0,0,0,0,0,0
201909,26,089,2,3,Leelanau County               ,110,110,27480705,0,0,0,0,0,0,0,0,0,110,110,27480705,0,0,0,0,0,0,0,0,0
201909,26,093,2,3,Livingston County             ,442,442,119298936,6,12,1450000,5,20,1702095,1,18,192411,425,425,116155745,6,12,1450000,5,20,1702095,1,18,192411
201909,26,095,2,3,Luce County                   ,3,3,387409,0,0,0,0,0,0,0,0,0,0,0,0,0,0,0,0,0,0,0,0,0
201909,26,099,2,3,Macomb County                 ,1116,1116,348739892,12,24,3884216,10,36,6711744,31,501,69694298,1111,1111,347958226,10,20,3604216,10,36,6711744,30,496,69569298
201909,26,103,2,3,Marquette County              ,53,53,14084925,5,10,1200000,0,0,0,0,0,0,53,53,14084925,5,10,1200000,0,0,0,0,0,0
201909,26,137,2,3,Otsego County                 ,16,16,1296000,0,0,0,0,0,0,0,0,0,0,0,0,0,0,0,0,0,0,0,0,0
201909,26,147,2,3,St. Clair County              ,170,170,34428723,0,0,0,0,0,0,3,114,7500000,145,145,30127707,0,0,0,0,0,0,3,114,7500000
201909,26,163,2,3,Wayne County                  ,667,667,196293550,1,2,278179,7,24,2780438,52,470,76279193,605,605,186065929,1,2,278179,7,24,2780438,47,397,68029109
201909,27,003,2,4,Anoka County                  ,722,722,203205100,0,0,0,0,0,0,8,235,25637236,674,674,190720355,0,0,0,0,0,0,2,148,14217736
201909,27,019,2,4,Carver County                 ,420,420,131562248,4,8,1938850,1,4,675000,0,0,0,397,397,125475249,4,8,1938850,1,4,675000,0,0,0
201909,27,025,2,4,Chisago County                ,166,166,32114720,1,2,350000,0,0,0,0,0,0,164,164,31696054,1,2,350000,0,0,0,0,0,0
201909,27,027,2,4,Clay County                   ,166,166,35859902,0,0,0,2,8,1440000,1,73,9641823,166,166,35859902,0,0,0,2,8,1440000,1,73,9641823
201909,27,037,2,4,Dakota County                 ,782,782,242903267,0,0,0,3,12,2412000,13,1002,134697994,762,762,235786733,0,0,0,3,12,2412000,9,947,126893051
201909,27,053,2,4,Hennepin County               ,1447,1447,561752882,7,14,3261441,7,25,6452313,48,5263,860286294,1405,1405,547640030,7,14,3261441,7,25,6452313,48,5263,860286294
201909,27,059,2,4,Isanti County                 ,187,187,38169040,0,0,0,0,0,0,0,0,0,168,168,33397790,0,0,0,0,0,0,0,0,0
201909,27,123,2,4,Ramsey County                 ,178,178,59441480,2,4,1055967,1,4,720056,11,987,129710234,174,174,57923907,2,4,1055967,1,4,720056,11,987,129710234
201909,27,139,2,4,Scott County                  ,518,518,167038676,1,2,507968,0,0,0,4,494,92213351,502,502,162932622,1,2,507968,0,0,0,4,494,92213351
201909,27,141,2,4,Sherburne County              ,361,361,79461785,0,0,0,0,0,0,3,46,7763000,356,356,78752060,0,0,0,0,0,0,3,46,7763000
201909,27,163,2,4,Washington County             ,855,855,259926609,11,22,5383958,3,12,2534328,3,336,35243666,821,821,244546565,11,22,5383958,3,12,2534328,3,336,35243666
201909,27,171,2,4,Wright County                 ,670,670,187354794,0,0,0,1,4,787900,7,44,5975759,646,646,181781829,0,0,0,1,4,787900,3,21,3608480
201909,28,033,3,6,DeSoto County                 ,1134,1134,198502074,0,0,0,0,0,0,0,0,0,1090,1090,193576288,0,0,0,0,0,0,0,0,0
201909,28,041,3,6,Greene County                 ,0,0,0,0,0,0,0,0,0,0,0,0,0,0,0,0,0,0,0,0,0,0,0,0
201909,28,045,3,6,Hancock County                ,395,395,70470381,1,2,185179,6,20,2007226,10,81,6857678,142,142,32011718,0,0,0,0,0,0,0,0,0
201909,28,047,3,6,Harrison County               ,788,788,144237045,5,10,1359000,0,0,0,0,0,0,689,689,132990546,3,6,869000,0,0,0,0,0,0
201909,28,067,3,6,Jones County                  ,4,4,613520,0,0,0,0,0,0,0,0,0,4,4,613520,0,0,0,0,0,0,0,0,0
201909,28,129,3,6,Smith County                  ,0,0,0,0,0,0,0,0,0,0,0,0,0,0,0,0,0,0,0,0,0,0,0,0
201909,28,137,3,6,Tate County                   ,93,93,16790721,0,0,0,0,0,0,0,0,0,77,77,13767145,0,0,0,0,0,0,0,0,0
201909,28,143,3,6,Tunica County                 ,43,43,9405584,0,0,0,0,0,0,0,0,0,0,0,0,0,0,0,0,0,0,0,0,0
201909,28,145,3,6,Union County                  ,8,8,1556000,0,0,0,0,0,0,0,0,0,8,8,1556000,0,0,0,0,0,0,0,0,0
201909,28,149,3,6,Warren County                 ,1,1,520000,0,0,0,0,0,0,0,0,0,1,1,520000,0,0,0,0,0,0,0,0,0
201909,29,013,2,4,Bates County                  ,1,1,135000,0,0,0,0,0,0,0,0,0,1,1,135000,0,0,0,0,0,0,0,0,0
201909,29,017,2,4,Bollinger County              ,1,1,40000,0,0,0,0,0,0,0,0,0,1,1,40000,0,0,0,0,0,0,0,0,0
201909,29,019,2,4,Boone County                  ,448,448,124236464,0,0,0,0,0,0,1,12,3000000,448,448,124236464,0,0,0,0,0,0,1,12,3000000
201909,29,049,2,4,Clinton County                ,39,39,7907866,35,70,9760000,0,0,0,0,0,0,14,14,3132000,35,70,9760000,0,0,0,0,0,0
201909,29,065,2,4,Dent County                   ,0,0,0,0,0,0,0,0,0,0,0,0,0,0,0,0,0,0,0,0,0,0,0,0
201909,29,071,2,4,Franklin County               ,233,233,54061005,3,6,1170338,0,0,0,3,48,2775000,216,216,49960403,3,6,1170338,0,0,0,3,48,2775000
201909,29,095,2,4,Jackson County                ,1066,1066,251195134,61,122,10511967,13,49,8685101,23,1228,121846433,1028,1028,241463695,61,122,10511967,13,49,8685101,23,1228,121846433
201909,29,099,2,4,Jefferson County              ,517,517,125719118,3,6,750000,0,0,0,0,0,0,495,495,123111486,3,6,750000,0,0,0,0,0,0
201909,29,105,2,4,Laclede County                ,12,12,1875900,2,4,429050,0,0,0,0,0,0,12,12,1875900,2,4,429050,0,0,0,0,0,0
201909,29,107,2,4,Lafayette County              ,48,48,9616523,0,0,0,1,4,160000,0,0,0,45,45,9030643,0,0,0,1,4,160000,0,0,0
201909,29,113,2,4,Lincoln County                ,106,106,15756102,1,2,234292,0,0,0,7,50,5160000,101,101,14494481,1,2,234292,0,0,0,7,50,5160000
201909,29,165,2,4,Platte County                 ,168,168,50972064,0,0,0,0,0,0,0,0,0,165,165,50137921,0,0,0,0,0,0,0,0,0
201909,29,185,2,4,St. Clair County              ,3,3,210000,0,0,0,0,0,0,0,0,0,3,3,210000,0,0,0,0,0,0,0,0,0
201909,29,189,2,4,St. Louis County              ,690,690,283628240,0,0,0,0,0,0,11,191,26822309,337,337,150444919,0,0,0,0,0,0,4,116,17742677
201909,29,219,2,4,Warren County                 ,246,246,56624503,0,0,0,10,39,5172599,6,36,4398577,246,246,56624503,0,0,0,10,39,5172599,6,36,4398577
201909,29,221,2,4,Washington County             ,0,0,0,0,0,0,0,0,0,0,0,0,0,0,0,0,0,0,0,0,0,0,0,0
201909,29,510,2,4,St. Louis (Independent City)  ,94,94,18618959,0,0,0,3,9,1975000,7,203,16768376,52,52,10577603,0,0,0,2,6,1450000,4,80,9062200
201909,30,013,4,8,Cascade County                ,85,85,25470112,0,0,0,0,0,0,1,12,1002000,85,85,25470112,0,0,0,0,0,0,1,12,1002000
201909,30,033,4,8,Garfield County               ,0,0,0,0,0,0,0,0,0,0,0,0,0,0,0,0,0,0,0,0,0,0,0,0
201909,30,063,4,8,Missoula County               ,330,330,71566404,10,20,1613435,6,22,738937,13,184,17193007,330,330,71566404,10,20,1613435,6,22,738937,13,184,17193007
201909,30,093,4,8,Silver Bow County             ,41,41,4409995,1,2,370000,0,0,0,0,0,0,41,41,4409995,1,2,370000,0,0,0,0,0,0
201909,31,001,2,4,Adams County                  ,44,44,12115466,15,30,5386614,0,0,0,3,84,10220675,38,38,10441091,15,30,5386614,0,0,0,3,84,10220675
201909,31,025,2,4,Cass County                   ,85,85,15163083,1,2,169692,0,0,0,0,0,0,23,23,4668529,1,2,169692,0,0,0,0,0,0
201909,31,033,2,4,Cheyenne County               ,6,6,1333164,0,0,0,0,0,0,0,0,0,6,6,1333164,0,0,0,0,0,0,0,0,0
201909,31,055,2,4,Douglas County                ,961,961,155166867,1,2,192848,1,4,389059,16,752,46383741,850,850,138775558,1,2,192848,0,0,0,12,637,39598961
201909,31,105,2,4,Kimball County                ,3,3,307600,0,0,0,0,0,0,0,0,0,3,3,307600,0,0,0,0,0,0,0,0,0
201909,31,153,2,4,Sarpy County                  ,676,676,175837766,0,0,0,0,0,0,10,446,32093465,598,598,156574428,0,0,0,0,0,0,10,446,32093465
201909,31,165,2,4,Sioux County                  ,1,1,164000,0,0,0,0,0,0,0,0,0,1,1,164000,0,0,0,0,0,0,0,0,0
201909,31,177,2,4,Washington County             ,35,35,9834554,0,0,0,0,0,0,0,0,0,35,35,9834554,0,0,0,0,0,0,0,0,0
201909,32,001,4,8,Churchill County              ,82,82,15067507,1,2,139828,0,0,0,0,0,0,82,82,15067507,1,2,139828,0,0,0,0,0,0
201909,32,003,4,8,Clark County                  ,7431,7431,1656765266,12,24,3816110,48,144,18682108,92,2642,262324076,7431,7431,1656765266,12,24,3816110,48,144,18682108,92,2642,262324076
201909,32,005,4,8,Douglas County                ,127,127,57556220,0,0,0,0,0,0,0,0,0,127,127,57556220,0,0,0,0,0,0,0,0,0
201909,32,007,4,8,Elko County                   ,104,104,16961511,3,6,537311,0,0,0,0,0,0,103,103,16894844,3,6,537311,0,0,0,0,0,0
201909,32,013,4,8,Humboldt County               ,8,8,1353358,0,0,0,0,0,0,0,0,0,8,8,1353358,0,0,0,0,0,0,0,0,0
201909,32,015,4,8,Lander County                 ,3,3,430682,0,0,0,0,0,0,0,0,0,3,3,430682,0,0,0,0,0,0,0,0,0
201909,32,017,4,8,Lincoln County                ,8,8,2233260,0,0,0,0,0,0,0,0,0,1,1,285178,0,0,0,0,0,0,0,0,0
201909,32,019,4,8,Lyon County                   ,270,270,73767984,0,0,0,0,0,0,0,0,0,196,196,55382006,0,0,0,0,0,0,0,0,0
201909,32,021,4,8,Mineral County                ,0,0,0,0,0,0,0,0,0,0,0,0,0,0,0,0,0,0,0,0,0,0,0,0
201909,32,027,4,8,Pershing County               ,2,2,131342,0,0,0,0,0,0,0,0,0,2,2,131342,0,0,0,0,0,0,0,0,0
201909,32,029,4,8,Storey County                 ,5,5,702191,0,0,0,0,0,0,0,0,0,5,5,702191,0,0,0,0,0,0,0,0,0
201909,32,031,4,8,Washoe County                 ,1517,1517,433704632,20,40,3908262,13,46,6202273,105,2227,283337226,993,993,287287136,17,34,3216120,11,38,5335863,77,1746,230249760
201909,32,033,4,8,White Pine County             ,2,2,537072,0,0,0,0,0,0,0,0,0,2,2,537072,0,0,0,0,0,0,0,0,0
201909,32,510,4,8,Carson City (Independent City),128,128,34032201,0,0,0,1,3,381851,4,47,4692695,44,44,11661299,0,0,0,0,0,0,0,0,0
201909,33,015,1,1,Rockingham County             ,504,504,146705873,28,56,9842119,0,0,0,17,505,65080961,447,447,130851114,23,46,7662671,0,0,0,7,449,59485211
201909,33,017,1,1,Strafford County              ,159,159,34917718,9,18,1726863,1,4,300000,10,245,71111853,140,140,31097117,9,18,1726863,1,4,300000,9,240,70646336
201909,34,001,1,2,Atlantic County               ,264,264,68434385,4,8,1088425,0,0,0,53,535,34715339,253,253,65736755,4,8,1088425,0,0,0,47,443,25242645
201909,34,003,1,2,Bergen County                 ,607,607,202091363,64,128,19076776,13,43,4426301,97,2351,319435359,432,432,147523301,58,116,16946164,13,43,4426301,46,1974,279368200
201909,34,005,1,2,Burlington County             ,472,472,79270801,1,2,12000,4,13,223426,111,1966,91743487,310,310,62270420,1,2,12000,3,10,19900,93,1863,81294133
201909,34,007,1,2,Camden County                 ,368,368,32548779,1,2,232,6,21,1938000,79,686,27522322,340,340,27233439,1,2,232,6,21,1938000,62,512,18068137
201909,34,009,1,2,Cape May County               ,360,360,159576783,63,126,18024991,7,23,2897717,19,98,2482820,349,349,154010509,63,126,18024991,7,23,2897717,19,98,2482820
201909,34,011,1,2,Cumberland County             ,90,90,8409996,0,0,0,0,0,0,0,0,0,77,77,7140869,0,0,0,0,0,0,0,0,0
201909,34,013,1,2,Essex County                  ,362,362,72431091,65,130,18513846,25,77,12762116,57,1806,229106089,243,243,61511731,61,122,18018096,20,62,6582378,31,1367,197040426
201909,34,015,1,2,Gloucester County             ,320,320,47723208,5,10,278855,1,3,128055,17,242,17292675,252,252,39641755,5,10,278855,1,3,128055,4,149,7698969
201909,34,017,1,2,Hudson County                 ,1691,1691,205564376,37,74,8846955,49,163,23269195,59,2670,154692916,1684,1684,203550312,26,52,5992253,45,151,21511006,48,2433,121037804
201909,34,019,1,2,Hunterdon County              ,134,134,29162794,2,4,466400,3,9,1231000,41,311,18488908,118,118,26930402,0,0,0,3,9,1231000,22,207,12965352
201909,34,021,1,2,Mercer County                 ,116,116,23487678,2,4,35570,12,42,2630372,23,222,11382634,113,113,22775905,1,2,31800,12,42,2630372,18,193,11344662
201909,34,023,1,2,Middlesex County              ,515,515,110236861,13,26,2121361,54,186,6115067,57,1227,106372877,459,459,100783221,9,18,1090361,54,186,6115067,39,951,69150691
201909,34,025,1,2,Monmouth County               ,626,626,194470349,3,6,575400,3,9,50180,53,630,55258262,537,537,161072762,2,4,523400,3,9,50180,46,589,54043425
201909,34,027,1,2,Morris County                 ,619,619,120274977,2,4,279802,6,21,1155901,45,572,46494117,493,493,90285141,2,4,279802,3,9,668600,29,423,35104130
201909,34,029,1,2,Ocean County                  ,1392,1392,306444622,51,102,3287814,5,16,1195990,19,187,12028198,1294,1294,294483715,49,98,3092975,1,3,675000,14,159,9722525
201909,34,031,1,2,Passaic County                ,73,73,13729523,16,32,1618672,3,9,484209,29,604,29182360,48,48,8302038,13,26,1353208,0,0,0,16,510,23078401
201909,34,033,1,2,Salem County                  ,65,65,9469711,0,0,0,0,0,0,0,0,0,63,63,9056628,0,0,0,0,0,0,0,0,0
201909,34,035,1,2,Somerset County               ,253,253,46315232,0,0,0,3,10,1853764,31,749,43421179,209,209,39342310,0,0,0,2,7,1553764,12,424,23110066
201909,34,037,1,2,Sussex County                 ,85,85,16340200,24,48,4705333,1,4,600000,0,0,0,74,74,13454892,23,46,4547000,1,4,600000,0,0,0
201909,34,039,1,2,Union County                  ,181,181,43539405,71,142,10944924,3,9,850000,49,844,53323690,127,127,34955401,58,116,9028301,3,9,850000,22,535,37842022
201909,34,041,1,2,Warren County                 ,61,61,9574856,0,0,0,0,0,0,7,49,5758283,46,46,7148839,0,0,0,0,0,0,4,28,5000000
201909,35,000,4,8,New Mexico Balance of State   ,274,274,74282274,0,0,0,0,0,0,0,0,0,0,0,0,0,0,0,0,0,0,0,0,0
201909,35,001,4,8,Bernalillo County             ,827,827,209226641,0,0,0,0,0,0,1,86,9800000,827,827,209226641,0,0,0,0,0,0,1,86,9800000
201909,35,005,4,8,Chaves County                 ,40,40,6970629,0,0,0,0,0,0,0,0,0,31,31,5693352,0,0,0,0,0,0,0,0,0
201909,35,009,4,8,Curry County                  ,42,42,10605235,0,0,0,0,0,0,6,31,2857815,0,0,0,0,0,0,0,0,0,0,0,0
201909,35,013,4,8,Dona Ana County               ,647,647,158856937,3,6,640340,0,0,0,5,108,10323000,608,608,150223333,3,6,640340,0,0,0,4,96,9585000
201909,35,015,4,8,Eddy County                   ,204,204,59971280,0,0,0,0,0,0,0,0,0,204,204,59971280,0,0,0,0,0,0,0,0,0
201909,35,017,4,8,Grant County                  ,7,7,1135843,0,0,0,0,0,0,0,0,0,0,0,0,0,0,0,0,0,0,0,0,0
201909,35,025,4,8,Lea County                    ,129,129,28531425,0,0,0,0,0,0,0,0,0,62,62,14383234,0,0,0,0,0,0,0,0,0
201909,35,027,4,8,Lincoln County                ,45,45,13409055,0,0,0,0,0,0,0,0,0,45,45,13409055,0,0,0,0,0,0,0,0,0
201909,35,028,4,8,Los Alamos County             ,27,27,6462978,0,0,0,0,0,0,0,0,0,27,27,6462978,0,0,0,0,0,0,0,0,0
201909,35,029,4,8,Luna County                   ,8,8,1624122,0,0,0,0,0,0,0,0,0,6,6,1294670,0,0,0,0,0,0,0,0,0
201909,35,031,4,8,McKinley County               ,1,1,265000,0,0,0,0,0,0,0,0,0,1,1,265000,0,0,0,0,0,0,0,0,0
201909,35,035,4,8,Otero County                  ,0,0,0,0,0,0,0,0,0,0,0,0,0,0,0,0,0,0,0,0,0,0,0,0
201909,35,041,4,8,Roosevelt County              ,17,17,2593311,0,0,0,0,0,0,0,0,0,0,0,0,0,0,0,0,0,0,0,0,0
201909,35,043,4,8,Sandoval County               ,508,508,112690744,1,2,283271,2,6,599802,9,53,2208331,0,0,0,0,0,0,0,0,0,0,0,0
201909,35,045,4,8,San Juan County               ,58,58,13160253,2,4,650880,1,3,179819,1,8,500000,55,55,12293413,2,4,650880,1,3,179819,1,8,500000
201909,35,047,4,8,San Miguel County             ,1,1,140000,0,0,0,0,0,0,0,0,0,0,0,0,0,0,0,0,0,0,0,0,0
201909,35,049,4,8,Santa Fe County               ,256,256,59792531,0,0,0,0,0,0,2,82,12146560,238,238,55059970,0,0,0,0,0,0,1,77,11802560
201909,35,051,4,8,Sierra County                 ,0,0,0,0,0,0,0,0,0,0,0,0,0,0,0,0,0,0,0,0,0,0,0,0
201909,35,055,4,8,Taos County                   ,79,79,9178740,0,0,0,0,0,0,0,0,0,0,0,0,0,0,0,0,0,0,0,0,0
201909,35,061,4,8,Valencia County               ,53,53,8572229,0,0,0,0,0,0,0,0,0,53,53,8572229,0,0,0,0,0,0,0,0,0
201909,36,001,1,2,Albany County                 ,174,174,44134419,2,4,530000,4,15,2050000,19,235,25851176,137,137,35912580,2,4,530000,3,12,1600000,6,138,11540000
201909,36,005,1,2,Bronx County                  ,2,2,528429,18,36,5365424,15,45,5724948,64,3542,458893126,2,2,528429,18,36,5365424,15,45,5724948,64,3542,458893126
201909,36,029,1,2,Erie County                   ,570,570,177791935,3,6,1135031,8,31,6406424,44,483,66326979,506,506,163519658,3,6,1135031,8,31,6406424,33,306,27362835
201909,36,047,1,2,Kings County                  ,29,29,7671251,23,46,6860273,47,155,19896988,219,5682,736853319,29,29,7671251,23,46,6860273,47,155,19896988,219,5682,736853319
201909,36,051,1,2,Livingston County             ,46,46,10644568,0,0,0,0,0,0,3,17,1282000,40,40,9706068,0,0,0,0,0,0,0,0,0
201909,36,055,1,2,Monroe County                 ,514,514,121932688,5,10,1467900,8,30,3594500,34,537,73960794,445,445,111298457,5,10,1467900,7,27,3354500,29,482,70228650
201909,36,059,1,2,Nassau County                 ,553,553,200336145,12,24,5937520,0,0,0,9,363,75474519,435,435,160026139,11,22,5732520,0,0,0,8,356,73690792
201909,36,061,1,2,New York County               ,1,1,266020,1,2,296439,1,4,532192,47,2941,381457352,1,1,266020,1,2,296439,1,4,532192,47,2941,381457352
201909,36,063,1,2,Niagara County                ,146,146,39750926,2,4,915000,0,0,0,0,0,0,110,110,30121785,2,4,915000,0,0,0,0,0,0
201909,36,069,1,2,Ontario County                ,189,189,66877686,4,8,436600,2,6,250000,0,0,0,161,161,60780298,4,8,436600,1,3,50000,0,0,0
201909,36,073,1,2,Orleans County                ,13,13,2905239,0,0,0,0,0,0,0,0,0,12,12,2650239,0,0,0,0,0,0,0,0,0
201909,36,079,1,2,Putnam County                 ,28,28,12149055,0,0,0,0,0,0,3,74,7956120,28,28,12149055,0,0,0,0,0,0,3,74,7956120
201909,36,081,1,2,Queens County                 ,65,65,17186587,109,218,32522737,27,81,10409792,79,4024,521769265,65,65,17186587,109,218,32522737,27,81,10409792,79,4024,521769265
201909,36,083,1,2,Rensselaer County             ,73,73,18080698,2,4,1100000,2,8,940000,3,22,1900000,43,43,9702890,0,0,0,2,8,940000,1,12,900000
201909,36,085,1,2,Richmond County               ,165,165,43647770,136,272,40539235,4,12,1570355,0,0,0,165,165,43647770,136,272,40539235,4,12,1570355,0,0,0
201909,36,087,1,2,Rockland County               ,72,72,23948590,26,52,7589938,20,67,8758591,24,162,24187946,46,46,16132900,2,4,500657,2,8,1800000,2,16,1540153
201909,36,091,1,2,Saratoga County               ,508,508,150095199,4,8,1320000,1,4,480000,21,171,13322934,420,420,121863762,4,8,1320000,1,4,480000,11,102,9071673
201909,36,093,1,2,Schenectady County            ,59,59,10688467,0,0,0,0,0,0,3,24,1800000,45,45,7803448,0,0,0,0,0,0,3,24,1800000
201909,36,095,1,2,Schoharie County              ,21,21,4344680,0,0,0,0,0,0,0,0,0,12,12,2103720,0,0,0,0,0,0,0,0,0
201909,36,099,1,2,Seneca County                 ,37,37,4544467,0,0,0,0,0,0,0,0,0,37,37,4544467,0,0,0,0,0,0,0,0,0
201909,36,103,1,2,Suffolk County                ,465,465,352124793,2,4,519541,1,4,532192,17,141,17900789,409,409,320821867,1,2,296439,1,4,532192,8,67,8663371
201909,36,117,1,2,Wayne County                  ,61,61,12252425,4,8,1110900,2,6,325000,2,12,550000,51,51,10482459,3,6,819200,2,6,325000,2,12,550000
201909,36,119,1,2,Westchester County            ,280,280,114407552,11,22,3081666,3,9,360000,25,755,94366627,240,240,96481933,4,8,1325000,0,0,0,4,364,50873906
201909,37,007,3,5,Anson County                  ,35,35,5245275,0,0,0,0,0,0,0,0,0,0,0,0,0,0,0,0,0,0,0,0,0
201909,37,011,3,5,Avery County                  ,92,92,40244796,1,2,29000,3,12,1800000,0,0,0,92,92,40244796,1,2,29000,3,12,1800000,0,0,0
201909,37,015,3,5,Bertie County                 ,14,14,3320849,0,0,0,0,0,0,0,0,0,14,14,3320849,0,0,0,0,0,0,0,0,0
201909,37,025,3,5,Cabarrus County               ,1402,1402,236492690,3,6,364812,3,12,1512912,37,564,40516006,1402,1402,236492690,3,6,364812,3,12,1512912,37,564,40516006
201909,37,033,3,5,Caswell County                ,15,15,3578209,0,0,0,0,0,0,0,0,0,15,15,3578209,0,0,0,0,0,0,0,0,0
201909,37,037,3,5,Chatham County                ,441,441,135793073,0,0,0,0,0,0,5,92,7980000,431,431,134792599,0,0,0,0,0,0,5,92,7980000
201909,37,051,3,5,Cumberland County             ,538,538,95024936,4,8,1372816,0,0,0,5,210,13500000,538,538,95024936,4,8,1372816,0,0,0,5,210,13500000
201909,37,053,3,5,Currituck County              ,315,315,80309207,6,12,1152000,0,0,0,0,0,0,315,315,80309207,6,12,1152000,0,0,0,0,0,0
201909,37,059,3,5,Davie County                  ,120,120,27859196,0,0,0,0,0,0,0,0,0,120,120,27859196,0,0,0,0,0,0,0,0,0
201909,37,063,3,5,Durham County                 ,1563,1563,301331926,0,0,0,7,28,6999699,25,1495,251626665,1563,1563,301331926,0,0,0,7,28,6999699,25,1495,251626665
201909,37,069,3,5,Franklin County               ,800,800,157973025,2,4,255000,0,0,0,0,0,0,800,800,157973025,2,4,255000,0,0,0,0,0,0
201909,37,071,3,5,Gaston County                 ,1012,1012,336428739,1,2,298806,5,17,2970799,4,80,13144590,1012,1012,336428739,1,2,298806,5,17,2970799,4,80,13144590
201909,37,077,3,5,Granville County              ,274,274,49736888,0,0,0,0,0,0,0,0,0,274,274,49736888,0,0,0,0,0,0,0,0,0
201909,37,081,3,5,Guilford County               ,1157,1157,284039002,0,0,0,0,0,0,10,171,14423987,1111,1111,267617136,0,0,0,0,0,0,10,171,14423987
201909,37,089,3,5,Henderson County              ,412,412,112302057,0,0,0,0,0,0,6,78,8536008,412,412,112302057,0,0,0,0,0,0,6,78,8536008
201909,37,093,3,5,Hoke County                   ,158,158,37431027,1,2,223682,0,0,0,0,0,0,158,158,37431027,1,2,223682,0,0,0,0,0,0
201909,37,097,3,5,Iredell County                ,894,894,234940539,0,0,0,0,0,0,1,68,6520037,894,894,234940539,0,0,0,0,0,0,1,68,6520037
201909,37,101,3,5,Johnston County               ,2013,2013,341289985,2,4,398000,0,0,0,0,0,0,1968,1968,335042235,2,4,398000,0,0,0,0,0,0
201909,37,119,3,5,Mecklenburg County            ,4022,4022,952711913,11,22,3218268,9,29,4603828,111,5178,528218474,4022,4022,952711913,11,22,3218268,9,29,4603828,111,5178,528218474
201909,37,133,3,5,Onslow County                 ,982,982,139944171,7,14,1631640,2,8,588000,0,0,0,941,941,133641432,6,12,1508000,2,8,588000,0,0,0
201909,37,135,3,5,Orange County                 ,397,397,118772935,1,2,150000,0,0,0,0,0,0,366,366,108513480,1,2,150000,0,0,0,0,0,0
201909,37,145,3,5,Person County                 ,81,81,19385803,0,0,0,0,0,0,0,0,0,81,81,19385803,0,0,0,0,0,0,0,0,0
201909,37,151,3,5,Randolph County               ,214,214,47187395,3,6,285000,0,0,0,0,0,0,165,165,35520914,2,4,200000,0,0,0,0,0,0
201909,37,157,3,5,Rockingham County             ,131,131,33897896,2,4,756700,0,0,0,0,0,0,116,116,30367608,2,4,756700,0,0,0,0,0,0
201909,37,179,3,5,Union County                  ,1281,1281,279264553,0,0,0,0,0,0,0,0,0,1281,1281,279264553,0,0,0,0,0,0,0,0,0
201909,37,181,3,5,Vance County                  ,34,34,6423953,0,0,0,0,0,0,0,0,0,34,34,6423953,0,0,0,0,0,0,0,0,0
201909,37,183,3,5,Wake County                   ,6388,6388,1460407638,5,10,1732883,0,0,0,44,2648,309526954,6260,6260,1436950516,5,10,1732883,0,0,0,44,2648,309526954
201909,37,195,3,5,Wilson County                 ,123,123,18130451,1,2,85000,0,0,0,0,0,0,123,123,18130451,1,2,85000,0,0,0,0,0,0
201909,39,007,2,3,Ashtabula County              ,100,100,16381822,5,10,685000,2,6,260000,0,0,0,100,100,16381822,5,10,685000,2,6,260000,0,0,0
201909,39,015,2,3,Brown County                  ,74,74,19533205,0,0,0,0,0,0,0,0,0,74,74,19533205,0,0,0,0,0,0,0,0,0
201909,39,017,2,3,Butler County                 ,579,579,121755118,2,4,402000,0,0,0,0,0,0,493,493,106235486,2,4,402000,0,0,0,0,0,0
201909,39,025,2,3,Clermont County               ,395,395,91938572,0,0,0,4,14,1253220,11,83,5722460,395,395,91938572,0,0,0,4,14,1253220,11,83,5722460
201909,39,041,2,3,Delaware County               ,1028,1028,291451564,9,18,2772000,7,28,4612000,39,491,42732290,920,920,268185719,9,18,2772000,7,28,4612000,34,438,36227720
201909,39,049,2,3,Franklin County               ,986,986,324963183,8,16,2618354,14,55,8024146,73,2116,209943327,939,939,309433592,8,16,2618354,14,55,8024146,69,2096,208663662
201909,39,055,2,3,Geauga County                 ,127,127,49911922,0,0,0,0,0,0,0,0,0,127,127,49911922,0,0,0,0,0,0,0,0,0
201909,39,085,2,3,Lake County                   ,352,352,78015759,0,0,0,0,0,0,0,0,0,335,335,73590375,0,0,0,0,0,0,0,0,0
201909,39,089,2,3,Licking County                ,190,190,56820474,1,2,278179,1,3,443862,0,0,0,188,188,56303066,1,2,278179,0,0,0,0,0,0
201909,39,093,2,3,Lorain County                 ,742,742,172303389,6,12,1630949,11,44,3660000,6,45,4215622,566,566,140984498,4,8,1168509,11,44,3660000,6,45,4215622
201909,39,097,2,3,Madison County                ,97,97,27560292,0,0,0,0,0,0,0,0,0,69,69,18315236,0,0,0,0,0,0,0,0,0
201909,39,103,2,3,Medina County                 ,367,367,110526844,7,14,1658114,10,34,5097397,0,0,0,367,367,110526844,7,14,1658114,10,34,5097397,0,0,0
201909,39,117,2,3,Morrow County                 ,69,69,16218242,0,0,0,0,0,0,0,0,0,66,66,15513979,0,0,0,0,0,0,0,0,0
201909,39,159,2,3,Union County                  ,296,296,80817246,1,2,209000,0,0,0,7,176,8435838,296,296,80817246,1,2,209000,0,0,0,7,176,8435838
201909,39,165,2,3,Warren County                 ,894,894,229377702,3,6,1007505,3,12,3201627,8,184,23367581,873,873,223410695,3,6,1007505,3,12,3201627,7,179,22945357
201909,40,001,3,7,Adair County                  ,6,6,1042766,0,0,0,0,0,0,0,0,0,0,0,0,0,0,0,0,0,0,0,0,0
201909,40,017,3,7,Canadian County               ,329,329,71754052,14,28,2786229,5,17,2014970,0,0,0,255,255,56450077,13,26,2553190,3,11,1404000,0,0,0
201909,40,021,3,7,Cherokee County               ,49,49,6430674,4,8,520000,0,0,0,4,20,976192,0,0,0,0,0,0,0,0,0,0,0,0
201909,40,027,3,7,Cleveland County              ,533,533,126002964,11,22,4300000,6,23,2417750,4,250,34600000,533,533,126002964,11,22,4300000,6,23,2417750,4,250,34600000
201909,40,029,3,7,Coal County                   ,20,20,1040000,0,0,0,0,0,0,0,0,0,20,20,1040000,0,0,0,0,0,0,0,0,0
201909,40,037,3,7,Creek County                  ,56,56,11933296,0,0,0,0,0,0,4,53,4076923,18,18,3136414,0,0,0,0,0,0,0,0,0
201909,40,051,3,7,Grady County                  ,28,28,8045178,1,2,90000,0,0,0,0,0,0,28,28,8045178,1,2,90000,0,0,0,0,0,0
201909,40,055,3,7,Greer County                  ,0,0,0,0,0,0,0,0,0,0,0,0,0,0,0,0,0,0,0,0,0,0,0,0
201909,40,081,3,7,Lincoln County                ,7,7,1148771,0,0,0,0,0,0,0,0,0,7,7,1148771,0,0,0,0,0,0,0,0,0
201909,40,083,3,7,Logan County                  ,12,12,2382000,0,0,0,0,0,0,0,0,0,12,12,2382000,0,0,0,0,0,0,0,0,0
201909,40,087,3,7,McClain County                ,393,393,64011200,27,54,5022000,0,0,0,0,0,0,389,389,62782966,27,54,5022000,0,0,0,0,0,0
201909,40,109,3,7,Oklahoma County               ,3090,3090,728178404,62,124,10849712,0,0,0,1,5,353031,2787,2787,668156405,58,116,10086800,0,0,0,0,0,0
201909,40,111,3,7,Okmulgee County               ,7,7,842000,0,0,0,0,0,0,0,0,0,7,7,842000,0,0,0,0,0,0,0,0,0
201909,40,113,3,7,Osage County                  ,102,102,21662401,0,0,0,0,0,0,1,8,500000,102,102,21662401,0,0,0,0,0,0,1,8,500000
201909,40,117,3,7,Pawnee County                 ,1,1,200000,0,0,0,0,0,0,0,0,0,1,1,200000,0,0,0,0,0,0,0,0,0
201909,40,131,3,7,Rogers County                 ,456,456,79694564,5,10,758934,0,0,0,0,0,0,454,454,79414064,5,10,758934,0,0,0,0,0,0
201909,40,143,3,7,Tulsa County                  ,1551,1551,373044482,6,12,992648,2,8,1200000,11,634,98523099,1549,1549,372920038,6,12,992648,2,8,1200000,11,634,98523099
201909,40,145,3,7,Wagoner County                ,386,386,70223627,0,0,0,0,0,0,1,5,340776,378,378,69121596,0,0,0,0,0,0,0,0,0
201909,41,000,4,9,Oregon Balance of State       ,166,166,18093582,0,0,0,0,0,0,0,0,0,69,69,7006400,0,0,0,0,0,0,0,0,0
201909,41,005,4,9,Clackamas County              ,1069,1069,335588326,1,2,511373,5,18,1924923,10,214,25205572,1047,1047,324595915,1,2,511373,5,18,1924923,8,194,22297232
201909,41,017,4,9,Deschutes County              ,1073,1073,287542327,33,66,8826709,2,8,862031,15,257,30158889,1073,1073,287542327,33,66,8826709,2,8,862031,15,257,30158889
201909,41,019,4,9,Douglas County                ,218,218,59295415,1,2,238795,0,0,0,0,0,0,218,218,59295415,1,2,238795,0,0,0,0,0,0
201909,41,025,4,9,Harney County                 ,3,3,927886,0,0,0,0,0,0,0,0,0,3,3,927886,0,0,0,0,0,0,0,0,0
201909,41,035,4,9,Klamath County                ,106,106,26797094,0,0,0,0,0,0,0,0,0,106,106,26797094,0,0,0,0,0,0,0,0,0
201909,41,051,4,9,Multnomah County              ,717,717,195664572,74,148,29498191,12,42,7479787,98,3332,413902202,717,717,195664572,74,148,29498191,12,42,7479787,98,3332,413902202
201909,41,067,4,9,Washington County             ,1553,1553,440835412,6,12,2728617,3,9,717637,21,1003,139167598,1546,1546,438620143,6,12,2728617,3,9,717637,21,1003,139167598
201909,41,071,4,9,Yamhill County                ,324,324,88900905,5,10,1277612,4,14,1369811,12,139,14479697,313,313,86348198,5,10,1277612,4,14,1369811,12,139,14479697
201909,42,001,1,2,Adams County                  ,158,158,52413587,0,0,0,0,0,0,0,0,0,143,143,49345567,0,0,0,0,0,0,0,0,0
201909,42,017,1,2,Bucks County                  ,541,541,135829564,0,0,0,2,7,1551664,4,20,1969012,356,356,92417109,0,0,0,2,7,1551664,3,15,1463500
201909,42,029,1,2,Chester County                ,848,848,184670810,13,26,5228113,3,12,1844688,19,560,60400666,728,728,156923727,13,26,5228113,3,12,1844688,17,550,59237187
201909,42,037,1,2,Columbia County               ,52,52,13403398,8,16,2250000,0,0,0,1,6,790693,31,31,7732049,8,16,2250000,0,0,0,0,0,0
201909,42,041,1,2,Cumberland County             ,571,571,117306569,5,10,1259585,11,39,7067563,39,458,58966289,533,533,110531258,5,10,1259585,11,39,7067563,37,431,55403179
201909,42,043,1,2,Dauphin County                ,272,272,59065780,4,8,1407685,15,51,7227113,9,224,24765220,264,264,57869418,4,8,1407685,15,51,7227113,9,224,24765220
201909,42,045,1,2,Delaware County               ,190,190,46798756,4,8,1357491,0,0,0,0,0,0,108,108,27832682,3,6,901971,0,0,0,0,0,0
201909,42,055,1,2,Franklin County               ,246,246,49485545,1,2,296439,0,0,0,8,40,4389946,198,198,39622699,1,2,296439,0,0,0,0,0,0
201909,42,091,1,2,Montgomery County             ,780,780,194585661,11,22,5737632,18,68,10297183,21,421,68317228,640,640,163393092,10,20,5499132,18,68,10297183,16,357,61090572
201909,42,093,1,2,Montour County                ,19,19,4833056,0,0,0,0,0,0,0,0,0,15,15,3866644,0,0,0,0,0,0,0,0,0
201909,42,099,1,2,Perry County                  ,67,67,17329965,0,0,0,0,0,0,0,0,0,7,7,1814405,0,0,0,0,0,0,0,0,0
201909,42,101,1,2,Philadelphia County           ,689,689,182056465,122,244,35164302,130,436,50913218,93,1772,214143004,689,689,182056465,122,244,35164302,130,436,50913218,93,1772,214143004
201909,42,103,1,2,Pike County                   ,90,90,25852720,0,0,0,0,0,0,0,0,0,78,78,22850563,0,0,0,0,0,0,0,0,0
201909,44,001,1,1,Bristol County                ,31,31,13934420,3,6,750000,0,0,0,0,0,0,31,31,13934420,3,6,750000,0,0,0,0,0,0
201909,44,003,1,1,Kent County                   ,86,86,15253534,7,14,1502049,2,7,628460,2,48,2800000,64,64,10828791,6,12,1268600,2,7,628460,2,48,2800000
201909,44,005,1,1,Newport County                ,115,115,40382638,3,6,1287000,0,0,0,0,0,0,113,113,39911258,3,6,1287000,0,0,0,0,0,0
201909,44,007,1,1,Providence County             ,236,236,44446950,2,4,580000,1,4,494120,2,11,1337240,186,186,37778365,1,2,400000,1,4,494120,1,6,962240
201909,44,009,1,1,Washington County             ,274,274,63569423,5,10,401000,8,32,3200000,2,13,2203125,242,242,53277187,4,8,176000,8,32,3200000,1,8,1375000
201909,45,003,3,5,Aiken County                  ,681,681,151536299,0,0,0,0,0,0,1,6,482143,633,633,141716493,0,0,0,0,0,0,0,0,0
201909,45,009,3,5,Bamberg County                ,5,5,1212000,0,0,0,0,0,0,0,0,0,5,5,1212000,0,0,0,0,0,0,0,0,0
201909,45,015,3,5,Berkeley County               ,1320,1320,352014732,0,0,0,0,0,0,19,566,26980683,1252,1252,329668585,0,0,0,0,0,0,11,297,20634414
201909,45,017,3,5,Calhoun County                ,20,20,3151351,0,0,0,0,0,0,0,0,0,0,0,0,0,0,0,0,0,0,0,0,0
201909,45,019,3,5,Charleston County             ,1949,1949,520402784,3,6,2440596,4,12,952500,37,919,63535898,928,928,369375890,3,6,2440596,0,0,0,0,0,0
201909,45,035,3,5,Dorchester County             ,539,539,141770330,0,0,0,0,0,0,0,0,0,537,537,141555330,0,0,0,0,0,0,0,0,0
201909,45,037,3,5,Edgefield County              ,105,105,23689914,0,0,0,0,0,0,0,0,0,97,97,22150592,0,0,0,0,0,0,0,0,0
201909,45,039,3,5,Fairfield County              ,38,38,8733653,0,0,0,0,0,0,0,0,0,38,38,8733653,0,0,0,0,0,0,0,0,0
201909,45,045,3,5,Greenville County             ,2745,2745,676952886,8,16,2600945,0,0,0,48,840,84787988,2728,2728,673535849,8,16,2600945,0,0,0,45,796,81905708
201909,45,051,3,5,Horry County                  ,3355,3355,574923894,17,34,6216170,1,4,602030,5,25,1250000,3064,3064,500397470,16,32,5647690,1,4,602030,0,0,0
201909,45,055,3,5,Kershaw County                ,221,221,31565619,0,0,0,0,0,0,0,0,0,218,218,31083884,0,0,0,0,0,0,0,0,0
201909,45,059,3,5,Laurens County                ,123,123,15915532,0,0,0,0,0,0,0,0,0,122,122,15818028,0,0,0,0,0,0,0,0,0
201909,45,063,3,5,Lexington County              ,1399,1399,353145253,0,0,0,0,0,0,6,76,6973312,183,183,43279183,0,0,0,0,0,0,0,0,0
201909,45,077,3,5,Pickens County                ,468,468,130340385,1,2,253268,1,3,390000,9,110,12999953,278,278,86130745,0,0,0,0,0,0,2,24,2494590
201909,45,079,3,5,Richland County               ,1300,1300,240610833,1,2,392008,0,0,0,4,56,4843546,1034,1034,193803037,1,2,392008,0,0,0,0,0,0
201909,45,081,3,5,Saluda County                 ,30,30,6905802,0,0,0,0,0,0,0,0,0,0,0,0,0,0,0,0,0,0,0,0,0
201909,45,085,3,5,Sumter County                 ,208,208,28287884,1,2,200000,0,0,0,2,48,2500000,208,208,28287884,1,2,200000,0,0,0,2,48,2500000
201909,45,091,3,5,York County                   ,1779,1779,606634584,0,0,0,2,6,1207732,18,254,32739667,775,775,248770770,0,0,0,2,6,1207732,7,84,13933601
201909,46,007,2,4,Bennett County                ,1,1,58333,0,0,0,0,0,0,0,0,0,0,0,0,0,0,0,0,0,0,0,0,0
201909,46,055,2,4,Haakon County                 ,0,0,0,0,0,0,0,0,0,0,0,0,0,0,0,0,0,0,0,0,0,0,0,0
201909,46,071,2,4,Jackson County                ,0,0,0,0,0,0,0,0,0,0,0,0,0,0,0,0,0,0,0,0,0,0,0,0
201909,46,111,2,4,Sanborn County                ,8,8,1883000,0,0,0,0,0,0,0,0,0,8,8,1883000,0,0,0,0,0,0,0,0,0
201909,47,001,3,6,Anderson County               ,126,126,23214047,0,0,0,0,0,0,0,0,0,98,98,19357450,0,0,0,0,0,0,0,0,0
201909,47,015,3,6,Cannon County                 ,23,23,2711407,0,0,0,0,0,0,0,0,0,22,22,2475000,0,0,0,0,0,0,0,0,0
201909,47,021,3,6,Cheatham County               ,274,274,55304042,0,0,0,0,0,0,0,0,0,259,259,53250090,0,0,0,0,0,0,0,0,0
201909,47,037,3,6,Davidson County               ,2941,2941,756121087,0,0,0,6,19,2252529,78,4453,358738112,2938,2938,752070704,0,0,0,6,19,2252529,78,4453,358738112
201909,47,043,3,6,Dickson County                ,277,277,54303263,0,0,0,0,0,0,0,0,0,167,167,32457821,0,0,0,0,0,0,0,0,0
201909,47,049,3,6,Fentress County               ,0,0,0,0,0,0,0,0,0,0,0,0,0,0,0,0,0,0,0,0,0,0,0,0
201909,47,081,3,6,Hickman County                ,70,70,11747578,1,2,140000,0,0,0,0,0,0,34,34,5417692,1,2,140000,0,0,0,0,0,0
201909,47,093,3,6,Knox County                   ,1035,1035,208506223,2,4,900000,0,0,0,9,706,119302110,907,907,180998520,2,4,900000,0,0,0,8,680,116140931
201909,47,105,3,6,Loudon County                 ,304,304,77734500,0,0,0,0,0,0,0,0,0,304,304,77734500,0,0,0,0,0,0,0,0,0
201909,47,125,3,6,Montgomery County             ,1418,1418,208115892,8,16,1163371,19,69,4543293,21,133,7827423,1096,1096,165289671,3,6,600000,9,34,2527000,11,71,4100000
201909,47,139,3,6,Polk County                   ,151,151,27198733,0,0,0,0,0,0,0,0,0,0,0,0,0,0,0,0,0,0,0,0,0
201909,47,149,3,6,Rutherford County             ,1949,1949,447984076,9,18,2894000,1,4,353912,19,707,83288779,1889,1889,437353387,9,18,2894000,1,4,353912,19,707,83288779
201909,47,153,3,6,Sequatchie County             ,6,6,621000,0,0,0,0,0,0,0,0,0,6,6,621000,0,0,0,0,0,0,0,0,0
201909,47,157,3,6,Shelby County                 ,648,648,182916812,0,0,0,3,12,1611268,2,103,10050053,589,589,169040818,0,0,0,3,12,1611268,1,18,1450000
201909,47,159,3,6,Smith County                  ,67,67,13947266,0,0,0,0,0,0,0,0,0,59,59,12648734,0,0,0,0,0,0,0,0,0
201909,47,161,3,6,Stewart County                ,1,1,162250,0,0,0,1,3,400000,0,0,0,0,0,0,0,0,0,1,3,400000,0,0,0
201909,47,165,3,6,Sumner County                 ,982,982,277368357,0,0,0,0,0,0,1,24,1750000,982,982,277368357,0,0,0,0,0,0,1,24,1750000
201909,47,167,3,6,Tipton County                 ,133,133,24084621,0,0,0,0,0,0,0,0,0,73,73,16048184,0,0,0,0,0,0,0,0,0
201909,47,169,3,6,Trousdale County              ,73,73,10104692,0,0,0,0,0,0,0,0,0,66,66,9116576,0,0,0,0,0,0,0,0,0
201909,47,173,3,6,Union County                  ,79,79,11507688,0,0,0,0,0,0,0,0,0,72,72,10480000,0,0,0,0,0,0,0,0,0
201909,47,175,3,6,Van Buren County              ,0,0,0,0,0,0,0,0,0,0,0,0,0,0,0,0,0,0,0,0,0,0,0,0
201909,47,189,3,6,Wilson County                 ,1177,1177,310229101,3,6,765000,0,0,0,0,0,0,1088,1088,279197632,3,6,765000,0,0,0,0,0,0
201909,48,013,3,7,Atascosa County               ,36,36,6290147,0,0,0,0,0,0,0,0,0,27,27,4706947,0,0,0,0,0,0,0,0,0
201909,48,015,3,7,Austin County                 ,16,16,2839207,0,0,0,0,0,0,0,0,0,5,5,927372,0,0,0,0,0,0,0,0,0
201909,48,019,3,7,Bandera County                ,0,0,0,0,0,0,0,0,0,0,0,0,0,0,0,0,0,0,0,0,0,0,0,0
201909,48,021,3,7,Bastrop County                ,123,123,22288391,1,2,80000,0,0,0,1,10,500000,100,100,18587316,0,0,0,0,0,0,1,10,500000
201909,48,025,3,7,Bee County                    ,9,9,990808,1,2,150000,0,0,0,0,0,0,6,6,693304,0,0,0,0,0,0,0,0,0
201909,48,027,3,7,Bell County                   ,1576,1576,280442692,105,210,18716634,0,0,0,0,0,0,1439,1439,255200614,101,202,18126264,0,0,0,0,0,0
201909,48,029,3,7,Bexar County                  ,3773,3773,865864096,5,10,2105966,33,128,13209788,152,4808,521120016,3359,3359,809746644,5,10,2105966,31,122,13209788,146,4774,513874644
201909,48,051,3,7,Burleson County               ,6,6,1120000,0,0,0,0,0,0,4,72,7494300,6,6,1120000,0,0,0,0,0,0,4,72,7494300
201909,48,055,3,7,Caldwell County               ,214,214,42705874,4,8,706276,0,0,0,5,57,6235059,29,29,4331155,2,4,360000,0,0,0,0,0,0
201909,48,085,3,7,Collin County                 ,7009,7009,2121999423,2,4,861120,2,8,427336,45,3976,465537382,5796,5796,1723786178,2,4,861120,2,8,427336,45,3976,465537382
201909,48,091,3,7,Comal County                  ,1932,1932,457724177,0,0,0,0,0,0,5,196,21352060,1932,1932,457724177,0,0,0,0,0,0,5,196,21352060
201909,48,099,3,7,Coryell County                ,131,131,18076633,4,8,631345,0,0,0,0,0,0,119,119,16325224,4,8,631345,0,0,0,0,0,0
201909,48,107,3,7,Crosby County                 ,1,1,10000,0,0,0,0,0,0,0,0,0,1,1,10000,0,0,0,0,0,0,0,0,0
201909,48,113,3,7,Dallas County                 ,4064,4064,1159575062,64,128,18185784,34,128,21408892,155,7712,831307882,3917,3917,1100938293,64,128,18185784,34,128,21408892,137,6505,684752748
201909,48,119,3,7,Delta County                  ,5,5,764337,0,0,0,0,0,0,0,0,0,5,5,764337,0,0,0,0,0,0,0,0,0
201909,48,135,3,7,Ector County                  ,562,562,129648443,2,4,600000,0,0,0,19,349,46950960,562,562,129648443,2,4,600000,0,0,0,19,349,46950960
201909,48,139,3,7,Ellis County                  ,1469,1469,341503858,6,12,1432057,4,14,1270064,9,84,14298891,992,992,242562214,5,10,1214916,4,14,1270064,0,0,0
201909,48,141,3,7,El Paso County                ,1629,1629,375404239,39,78,9206092,58,231,29711527,14,198,30751078,1168,1168,270433252,19,38,4004841,55,219,28137238,2,68,8047349
201909,48,157,3,7,Fort Bend County              ,6943,6943,551671885,1,2,184162,0,0,0,10,55,4304212,1231,1231,337189071,0,0,0,0,0,0,0,0,0
201909,48,167,3,7,Galveston County              ,1666,1666,390923796,0,0,0,1,3,366181,4,170,12371831,1197,1197,290748044,0,0,0,0,0,0,4,170,12371831
201909,48,185,3,7,Grimes County                 ,74,74,7747211,0,0,0,0,0,0,0,0,0,74,74,7747211,0,0,0,0,0,0,0,0,0
201909,48,187,3,7,Guadalupe County              ,624,624,142734638,9,18,2009982,0,0,0,15,480,48059284,613,613,139691595,9,18,2009982,0,0,0,15,480,48059284
201909,48,193,3,7,Hamilton County               ,1,1,80000,0,0,0,0,0,0,0,0,0,0,0,0,0,0,0,0,0,0,0,0,0
201909,48,195,3,7,Hansford County               ,0,0,0,0,0,0,0,0,0,0,0,0,0,0,0,0,0,0,0,0,0,0,0,0
201909,48,201,3,7,Harris County                 ,13904,13904,2799343691,105,210,23576622,8,32,2000000,336,14663,1678578844,13881,13881,2774348630,104,208,23426622,8,32,2000000,336,14663,1678578844
201909,48,211,3,7,Hemphill County               ,0,0,0,0,0,0,0,0,0,0,0,0,0,0,0,0,0,0,0,0,0,0,0,0
201909,48,215,3,7,Hidalgo County                ,2602,2602,439005697,104,208,11503433,144,574,50602098,17,379,27193900,2404,2404,416743284,100,200,10903433,144,574,50602098,16,374,27039488
201909,48,233,3,7,Hutchinson County             ,0,0,0,0,0,0,0,0,0,0,0,0,0,0,0,0,0,0,0,0,0,0,0,0
201909,48,251,3,7,Johnson County                ,523,523,109233787,21,42,4642601,0,0,0,10,298,33449010,516,516,107594421,21,42,4642601,0,0,0,10,298,33449010
201909,48,257,3,7,Kaufman County                ,381,381,83362657,0,0,0,1,3,135000,0,0,0,351,351,77868162,0,0,0,0,0,0,0,0,0
201909,48,259,3,7,Kendall County                ,261,261,62260398,0,0,0,0,0,0,0,0,0,206,206,47953889,0,0,0,0,0,0,0,0,0
201909,48,271,3,7,Kinney County                 ,0,0,0,0,0,0,0,0,0,0,0,0,0,0,0,0,0,0,0,0,0,0,0,0
201909,48,281,3,7,Lampasas County               ,23,23,3794390,1,2,252000,0,0,0,0,0,0,23,23,3794390,1,2,252000,0,0,0,0,0,0
201909,48,291,3,7,Liberty County                ,643,643,77262222,1,2,132500,0,0,0,0,0,0,581,581,67368527,0,0,0,0,0,0,0,0,0
201909,48,303,3,7,Lubbock County                ,1163,1163,257396388,6,12,1768900,0,0,0,74,683,50620481,660,660,144878741,5,10,1480000,0,0,0,63,589,40523598
201909,48,323,3,7,Maverick County               ,58,58,14545651,1,2,110981,1,4,452857,0,0,0,52,52,12966031,0,0,0,1,4,452857,0,0,0
201909,48,325,3,7,Medina County                 ,21,21,3875965,0,0,0,0,0,0,0,0,0,15,15,2625835,0,0,0,0,0,0,0,0,0
201909,48,329,3,7,Midland County                ,923,923,151166289,0,0,0,0,0,0,0,0,0,923,923,151166289,0,0,0,0,0,0,0,0,0
201909,48,339,3,7,Montgomery County             ,4394,4394,986994732,6,12,847364,1,3,455166,26,719,78010953,4315,4315,971271185,6,12,847364,1,3,455166,22,688,74619956
201909,48,367,3,7,Parker County                 ,311,311,57708361,0,0,0,0,0,0,8,383,45583369,217,217,39740383,0,0,0,0,0,0,6,338,41665859
201909,48,375,3,7,Potter County                 ,320,320,78228732,13,26,3414668,0,0,0,0,0,0,320,320,78228732,13,26,3414668,0,0,0,0,0,0
201909,48,383,3,7,Reagan County                 ,0,0,0,0,0,0,0,0,0,0,0,0,0,0,0,0,0,0,0,0,0,0,0,0
201909,48,385,3,7,Real County                   ,0,0,0,0,0,0,0,0,0,0,0,0,0,0,0,0,0,0,0,0,0,0,0,0
201909,48,395,3,7,Robertson County              ,52,52,10504163,0,0,0,0,0,0,0,0,0,32,32,6294321,0,0,0,0,0,0,0,0,0
201909,48,397,3,7,Rockwall County               ,983,983,325620248,0,0,0,0,0,0,13,288,47500000,951,951,309389038,0,0,0,0,0,0,13,288,47500000
201909,48,407,3,7,San Jacinto County            ,295,295,64724602,0,0,0,0,0,0,0,0,0,0,0,0,0,0,0,0,0,0,0,0,0
201909,48,411,3,7,San Saba County               ,2,2,166400,0,0,0,0,0,0,0,0,0,2,2,166400,0,0,0,0,0,0,0,0,0
201909,48,451,3,7,Tom Green County              ,214,214,47354045,0,0,0,0,0,0,0,0,0,214,214,47354045,0,0,0,0,0,0,0,0,0
201909,48,453,3,7,Travis County                 ,7340,7340,1720705845,63,126,16580625,7,27,2440436,175,8524,839609373,7247,7247,1684627364,63,126,16580625,7,27,2440436,175,8524,839609373
201909,48,473,3,7,Waller County                 ,16,16,1822087,0,0,0,0,0,0,11,59,1308655,16,16,1822087,0,0,0,0,0,0,0,0,0
201909,48,491,3,7,Williamson County             ,3991,3991,983995320,10,20,1863000,2,7,1074418,18,606,61064700,3774,3774,933256788,10,20,1863000,2,7,1074418,18,606,61064700
201909,48,493,3,7,Wilson County                 ,43,43,8691900,0,0,0,0,0,0,0,0,0,1,1,236407,0,0,0,0,0,0,0,0,0
201909,48,497,3,7,Wise County                   ,78,78,16373066,0,0,0,1,3,275000,27,150,13700000,73,73,15008417,0,0,0,1,3,275000,27,150,13700000
201909,49,011,4,8,Davis County                  ,1130,1130,289453944,3,6,802809,6,21,2883769,14,204,27763262,1064,1064,271720403,3,6,802809,6,21,2883769,12,191,26328115
201909,49,023,4,8,Juab County                   ,51,51,16071171,0,0,0,3,11,858765,0,0,0,48,48,15196107,0,0,0,3,11,858765,0,0,0
201909,49,029,4,8,Morgan County                 ,46,46,19026750,0,0,0,0,0,0,0,0,0,35,35,16143782,0,0,0,0,0,0,0,0,0
201909,49,035,4,8,Salt Lake County              ,2855,2855,744872689,77,154,18659211,36,129,22645138,101,4175,601514196,2304,2304,605930941,72,144,17206570,24,86,16232217,89,4060,584257024
201909,49,039,4,8,Sanpete County                ,46,46,8114124,0,0,0,0,0,0,0,0,0,42,42,7492163,0,0,0,0,0,0,0,0,0
201909,49,043,4,8,Summit County                 ,182,182,100479102,2,4,1131146,5,15,7426150,13,95,18038449,103,103,59797946,2,4,1131146,1,3,4060030,2,36,7957897
201909,49,057,4,8,Weber County                  ,754,754,195458147,1,2,300000,31,112,14954567,44,491,52419119,726,726,187123537,1,2,300000,28,102,13912857,42,481,51808593
201909,51,003,3,5,Albemarle County              ,493,493,147062571,0,0,0,0,0,0,11,263,25684808,0,0,0,0,0,0,0,0,0,0,0,0
201909,51,007,3,5,Amelia County                 ,43,43,8063064,0,0,0,0,0,0,0,0,0,30,30,5849590,0,0,0,0,0,0,0,0,0
201909,51,009,3,5,Amherst County                ,43,43,8023344,0,0,0,0,0,0,0,0,0,37,37,6750541,0,0,0,0,0,0,0,0,0
201909,51,013,3,5,Arlington County              ,124,124,57362008,0,0,0,0,0,0,2,502,90916362,107,107,49759404,0,0,0,0,0,0,1,249,64000000
201909,51,015,3,5,Augusta County                ,152,152,34399433,0,0,0,1,4,250000,5,204,22026000,135,135,31292280,0,0,0,1,4,250000,5,204,22026000
201909,51,019,3,5,Bedford County                ,43,43,9774396,2,4,400000,4,13,2615000,3,15,966666,9,9,1350000,2,4,400000,2,7,1355000,0,0,0
201909,51,033,3,5,Caroline County               ,73,73,14406816,0,0,0,0,0,0,0,0,0,73,73,14406816,0,0,0,0,0,0,0,0,0
201909,51,036,3,5,Charles City County           ,15,15,2631960,0,0,0,0,0,0,0,0,0,5,5,996900,0,0,0,0,0,0,0,0,0
201909,51,037,3,5,Charlotte County              ,12,12,2451273,0,0,0,0,0,0,0,0,0,10,10,2044775,0,0,0,0,0,0,0,0,0
201909,51,041,3,5,Chesterfield County           ,1201,1201,239716331,4,8,1499986,32,127,14816101,56,1420,106811104,1201,1201,239716331,4,8,1499986,32,127,14816101,56,1420,106811104
201909,51,043,3,5,Clarke County                 ,39,39,10225010,0,0,0,0,0,0,1,120,23017754,39,39,10225010,0,0,0,0,0,0,1,120,23017754
201909,51,049,3,5,Cumberland County             ,28,28,4808949,0,0,0,0,0,0,0,0,0,14,14,2352130,0,0,0,0,0,0,0,0,0
201909,51,051,3,5,Dickenson County              ,1,1,100000,0,0,0,0,0,0,0,0,0,1,1,100000,0,0,0,0,0,0,0,0,0
201909,51,053,3,5,Dinwiddie County              ,59,59,8753701,0,0,0,0,0,0,0,0,0,0,0,0,0,0,0,0,0,0,0,0,0
201909,51,059,3,5,Fairfax County                ,835,835,198276103,10,20,365000,0,0,0,9,430,23139727,835,835,198276103,10,20,365000,0,0,0,8,424,22200000
201909,51,061,3,5,Fauquier County               ,165,165,66552731,0,0,0,0,0,0,0,0,0,165,165,66552731,0,0,0,0,0,0,0,0,0
201909,51,069,3,5,Frederick County              ,475,475,108004614,0,0,0,21,73,9421810,2,96,1600000,475,475,108004614,0,0,0,21,73,9421810,2,96,1600000
201909,51,073,3,5,Gloucester County             ,79,79,18014046,0,0,0,0,0,0,0,0,0,79,79,18014046,0,0,0,0,0,0,0,0,0
201909,51,075,3,5,Goochland County              ,161,161,45224022,0,0,0,0,0,0,0,0,0,145,145,40686698,0,0,0,0,0,0,0,0,0
201909,51,085,3,5,Hanover County                ,420,420,81041972,1,2,458800,0,0,0,10,416,30653637,420,420,81041972,1,2,458800,0,0,0,10,416,30653637
201909,51,087,3,5,Henrico County                ,733,733,120595104,53,106,3850000,0,0,0,5,363,36516964,733,733,120595104,53,106,3850000,0,0,0,5,363,36516964
201909,51,093,3,5,Isle of Wight County          ,171,171,32518474,0,0,0,0,0,0,0,0,0,123,123,22716467,0,0,0,0,0,0,0,0,0
201909,51,095,3,5,James City County             ,193,193,52831632,4,8,786000,7,24,3808451,0,0,0,193,193,52831632,4,8,786000,7,24,3808451,0,0,0
201909,51,097,3,5,King and Queen County         ,23,23,3973750,0,0,0,0,0,0,0,0,0,23,23,3973750,0,0,0,0,0,0,0,0,0
201909,51,099,3,5,King George County            ,126,126,25311729,0,0,0,0,0,0,0,0,0,126,126,25311729,0,0,0,0,0,0,0,0,0
201909,51,107,3,5,Loudoun County                ,1742,1742,362470476,0,0,0,0,0,0,22,681,69887600,1742,1742,362470476,0,0,0,0,0,0,22,681,69887600
201909,51,109,3,5,Louisa County                 ,216,216,49036941,0,0,0,0,0,0,0,0,0,133,133,31067383,0,0,0,0,0,0,0,0,0
201909,51,115,3,5,Mathews County                ,7,7,1517820,0,0,0,0,0,0,0,0,0,7,7,1517820,0,0,0,0,0,0,0,0,0
201909,51,127,3,5,New Kent County               ,132,132,29482005,0,0,0,0,0,0,0,0,0,132,132,29482005,0,0,0,0,0,0,0,0,0
201909,51,139,3,5,Page County                   ,53,53,6195219,0,0,0,0,0,0,0,0,0,53,53,6195219,0,0,0,0,0,0,0,0,0
201909,51,145,3,5,Powhatan County               ,193,193,44080432,0,0,0,0,0,0,0,0,0,193,193,44080432,0,0,0,0,0,0,0,0,0
201909,51,149,3,5,Prince George County          ,62,62,8588285,0,0,0,0,0,0,0,0,0,62,62,8588285,0,0,0,0,0,0,0,0,0
201909,51,153,3,5,Prince William County         ,938,938,175840645,2,4,300000,0,0,0,4,186,20654168,833,833,153697264,2,4,300000,0,0,0,3,177,19663782
201909,51,165,3,5,Rockingham County             ,235,235,75385960,0,0,0,0,0,0,0,0,0,235,235,75385960,0,0,0,0,0,0,0,0,0
201909,51,175,3,5,Southampton County            ,48,48,7766444,0,0,0,0,0,0,0,0,0,39,39,6314949,0,0,0,0,0,0,0,0,0
201909,51,177,3,5,Spotsylvania County           ,515,515,134270465,0,0,0,0,0,0,12,380,44609877,285,285,73532230,0,0,0,0,0,0,2,36,4040820
201909,51,179,3,5,Stafford County               ,697,697,176154097,0,0,0,0,0,0,0,0,0,697,697,176154097,0,0,0,0,0,0,0,0,0
201909,51,181,3,5,Surry County                  ,22,22,4068747,0,0,0,0,0,0,0,0,0,22,22,4068747,0,0,0,0,0,0,0,0,0
201909,51,183,3,5,Sussex County                 ,30,30,2654859,0,0,0,0,0,0,0,0,0,30,30,2654859,0,0,0,0,0,0,0,0,0
201909,51,187,3,5,Warren County                 ,115,115,26960675,0,0,0,0,0,0,0,0,0,115,115,26960675,0,0,0,0,0,0,0,0,0
201909,51,199,3,5,York County                   ,170,170,37555143,2,4,600000,2,7,1391015,2,12,1917935,170,170,37555143,2,4,600000,2,7,1391015,2,12,1917935
201909,51,510,3,5,Alexandria (Independent City) ,46,46,12320610,0,0,0,0,0,0,0,0,0,46,46,12320610,0,0,0,0,0,0,0,0,0
201909,51,540,3,5,Charlottesville (Independent C,50,50,15025951,3,6,1012500,0,0,0,5,53,13095015,19,19,4919346,2,4,775000,0,0,0,0,0,0
201909,51,550,3,5,Chesapeake(Independent City)  ,810,810,229529510,0,0,0,0,0,0,0,0,0,810,810,229529510,0,0,0,0,0,0,0,0,0
201909,51,570,3,5,Colonial Heights (Independent ,3,3,433500,0,0,0,0,0,0,0,0,0,3,3,433500,0,0,0,0,0,0,0,0,0
201909,51,580,3,5,Covington (Independent City)  ,4,4,766034,0,0,0,0,0,0,0,0,0,4,4,766034,0,0,0,0,0,0,0,0,0
201909,51,600,3,5,Fairfax (Independent City)    ,12,12,3235735,0,0,0,0,0,0,2,10,1200000,7,7,2335000,0,0,0,0,0,0,0,0,0
201909,51,610,3,5,Falls Church (Independent City,16,16,7624000,0,0,0,0,0,0,0,0,0,16,16,7624000,0,0,0,0,0,0,0,0,0
201909,51,630,3,5,Fredericksburg(Independent Cit,49,49,8115000,0,0,0,0,0,0,4,212,27482000,49,49,8115000,0,0,0,0,0,0,4,212,27482000
201909,51,650,3,5,Hampton (Independent City)    ,139,139,8674477,0,0,0,0,0,0,0,0,0,0,0,0,0,0,0,0,0,0,0,0,0
201909,51,660,3,5,Harrisonburg (Independent City,61,61,10270621,0,0,0,0,0,0,0,0,0,61,61,10270621,0,0,0,0,0,0,0,0,0
201909,51,670,3,5,Hopewell (Independent City)   ,33,33,3113898,0,0,0,0,0,0,4,24,2068296,4,4,265000,0,0,0,0,0,0,0,0,0
201909,51,680,3,5,Lynchburg (Independent City)  ,27,27,6291134,0,0,0,0,0,0,13,290,24847742,27,27,6291134,0,0,0,0,0,0,13,290,24847742
201909,51,683,3,5,Manassas (Independent City)   ,86,86,20357386,1,2,242983,0,0,0,0,0,0,73,73,17309144,0,0,0,0,0,0,0,0,0
201909,51,685,3,5,Manassas Park (Independent Cit,0,0,0,0,0,0,0,0,0,0,0,0,0,0,0,0,0,0,0,0,0,0,0,0
201909,51,700,3,5,Newport News (Independent City,92,92,17818532,0,0,0,0,0,0,0,0,0,92,92,17818532,0,0,0,0,0,0,0,0,0
201909,51,710,3,5,Norfolk (Independent City)    ,254,254,60172279,2,4,518000,2,8,1080000,10,336,30657962,254,254,60172279,2,4,518000,2,8,1080000,10,336,30657962
201909,51,730,3,5,Petersburg (Independent City) ,6,6,649000,0,0,0,0,0,0,0,0,0,6,6,649000,0,0,0,0,0,0,0,0,0
201909,51,735,3,5,Poquoson (Independent City)   ,19,19,4046000,0,0,0,0,0,0,0,0,0,19,19,4046000,0,0,0,0,0,0,0,0,0
201909,51,740,3,5,Portsmouth (Independent City) ,70,70,7261200,0,0,0,0,0,0,0,0,0,70,70,7261200,0,0,0,0,0,0,0,0,0
201909,51,760,3,5,Richmond (Independent City)   ,299,299,60516048,0,0,0,0,0,0,15,872,56169278,299,299,60516048,0,0,0,0,0,0,15,872,56169278
201909,51,800,3,5,Suffolk (Independent City)    ,357,357,84597777,0,0,0,0,0,0,12,144,13564677,357,357,84597777,0,0,0,0,0,0,12,144,13564677
201909,51,810,3,5,Virginia Beach (Independent Ci,559,559,89790192,0,0,0,0,0,0,17,647,35505051,559,559,89790192,0,0,0,0,0,0,17,647,35505051
201909,51,830,3,5,Williamsburg (Independent City,29,29,5427076,0,0,0,0,0,0,0,0,0,29,29,5427076,0,0,0,0,0,0,0,0,0
201909,53,005,4,9,Benton County                 ,797,797,223676555,14,28,4871825,5,20,3421697,22,658,78068861,792,792,221911631,14,28,4871825,5,20,3421697,22,658,78068861
201909,53,011,4,9,Clark County                  ,2130,2130,619359573,19,38,7969998,4,14,1645203,61,1316,130134596,1332,1332,375446048,19,38,7969998,4,14,1645203,59,1295,128012318
201909,53,021,4,9,Franklin County               ,435,435,120599217,11,22,1910038,0,0,0,1,5,599552,76,76,27518875,0,0,0,0,0,0,0,0,0
201909,53,031,4,9,Jefferson County              ,136,136,32309412,0,0,0,0,0,0,0,0,0,136,136,32309412,0,0,0,0,0,0,0,0,0
201909,53,033,4,9,King County                   ,2896,2896,1148238418,172,344,78547910,139,484,91384648,210,9238,1233412462,2323,2323,890060851,171,342,77797910,137,478,90383624,196,8320,1157689504
201909,53,035,4,9,Kitsap County                 ,723,723,224785630,4,8,1928601,0,0,0,5,134,11415857,723,723,224785630,4,8,1928601,0,0,0,5,134,11415857
201909,53,053,4,9,Pierce County                 ,1865,1865,564534519,26,52,9539371,28,109,18881992,29,1232,164094471,1859,1859,562565503,25,50,9235459,28,109,18881992,29,1232,164094471
201909,53,055,4,9,San Juan County               ,88,88,18327608,9,18,2026900,0,0,0,0,0,0,52,52,10823065,9,18,2026900,0,0,0,0,0,0
201909,53,059,4,9,Skamania County               ,59,59,13694756,1,2,300000,1,3,300000,0,0,0,59,59,13694756,1,2,300000,1,3,300000,0,0,0
201909,53,061,4,9,Snohomish County              ,1790,1790,567663416,25,50,11598997,27,100,22802501,66,1440,182489652,1751,1751,556278534,25,50,11598997,27,100,22802501,62,1377,175655737
201909,54,011,3,5,Cabell County                 ,50,50,8220390,3,6,833001,3,10,1618750,2,52,6395850,7,7,939000,0,0,0,1,4,1000000,1,47,5944600
201909,54,015,3,5,Clay County                   ,28,28,700000,0,0,0,0,0,0,0,0,0,28,28,700000,0,0,0,0,0,0,0,0,0
201909,54,019,3,5,Fayette County                ,27,27,3427500,0,0,0,0,0,0,0,0,0,27,27,3427500,0,0,0,0,0,0,0,0,0
201909,54,037,3,5,Jefferson County              ,134,134,36288344,0,0,0,0,0,0,0,0,0,134,134,36288344,0,0,0,0,0,0,0,0,0
201909,54,081,3,5,Raleigh County                ,30,30,4430535,0,0,0,0,0,0,0,0,0,30,30,4430535,0,0,0,0,0,0,0,0,0
201909,55,025,2,3,Dane County                   ,932,932,321355688,40,80,15555380,13,43,7548258,43,1573,236128321,830,830,287531817,39,78,15157047,7,25,4862508,29,1254,201010411
201909,55,031,2,3,Douglas County                ,50,50,9554237,3,6,1090971,0,0,0,0,0,0,50,50,9554237,3,6,1090971,0,0,0,0,0,0
201909,55,037,2,3,Florence County               ,21,21,4378875,0,0,0,0,0,0,0,0,0,21,21,4378875,0,0,0,0,0,0,0,0,0
201909,55,049,2,3,Iowa County                   ,49,49,14290450,0,0,0,0,0,0,0,0,0,49,49,14290450,0,0,0,0,0,0,0,0,0
201909,55,059,2,3,Kenosha County                ,182,182,61986563,18,36,4518000,0,0,0,20,362,23077371,170,170,58373133,18,36,4518000,0,0,0,16,340,21317371
201909,55,079,2,3,Milwaukee County              ,135,135,44775713,2,4,568179,0,0,0,8,355,35811542,133,133,44304423,1,2,278179,0,0,0,7,333,33304033
201909,55,089,2,3,Ozaukee County                ,190,190,62518839,6,12,2038200,0,0,0,7,66,7989248,118,118,30152650,6,12,2038200,0,0,0,2,32,3200000
201909,55,093,2,3,Pierce County                 ,131,131,31157311,2,4,625000,0,0,0,6,110,10083000,129,129,30498811,2,4,625000,0,0,0,6,110,10083000
201909,55,109,2,3,St. Croix County              ,405,405,95282568,12,24,3015000,1,4,834246,0,0,0,398,398,93107979,12,24,3015000,1,4,834246,0,0,0
201909,55,131,2,3,Washington County             ,211,211,67119902,29,58,8555000,0,0,0,3,102,15000000,153,153,47218431,27,54,7670000,0,0,0,3,102,15000000
201909,56,029,4,8,Park County                   ,90,90,22844004,1,2,70000,0,0,0,1,12,2250000,84,84,21563142,1,2,70000,0,0,0,1,12,2250000
201909,56,039,4,8,Teton County                  ,108,108,175571379,5,10,3116595,3,9,349497,2,10,2080796,89,89,165653539,0,0,0,0,0,0,0,0,0
