Survey,FIPS,FIPS,Region,Division,County,,1-unit,,,2-units,,,3-4 units,,,5+ units,,,1-unit rep,,,2-units rep,,,3-4 units rep,,, 5+units rep
Date,State,County,Code,Code,Name,Bldgs,Units,Value,Bldgs,Units,Value,Bldgs,Units,Value,Bldgs,Units,Value,Bldgs,Units,Value,Bldgs,Units,Value,Bldgs,Units,Value,Bldgs,Units,Value
 
202006,01,001,3,6,Autauga County                ,164,164,51202106,0,0,0,0,0,0,0,0,0,164,164,51202106,0,0,0,0,0,0,0,0,0
202006,01,007,3,6,Bibb County                   ,12,12,1518980,0,0,0,0,0,0,0,0,0,11,11,1310000,0,0,0,0,0,0,0,0,0
202006,01,009,3,6,Blount County                 ,9,9,1373586,0,0,0,0,0,0,0,0,0,9,9,1373586,0,0,0,0,0,0,0,0,0
202006,01,021,3,6,Chilton County                ,25,25,3539787,0,0,0,0,0,0,0,0,0,25,25,3539787,0,0,0,0,0,0,0,0,0
202006,01,073,3,6,Jefferson County              ,730,730,235962697,7,14,1976514,0,0,0,16,270,27578549,571,571,194626251,2,4,739869,0,0,0,8,200,20330546
202006,01,081,3,6,Lee County                    ,708,708,187833417,3,6,1296281,4,15,3145280,15,319,42266735,678,678,180795206,2,4,867011,4,15,3145280,15,319,42266735
202006,01,083,3,6,Limestone County              ,153,153,34956961,0,0,0,0,0,0,0,0,0,151,151,34699819,0,0,0,0,0,0,0,0,0
202006,01,089,3,6,Madison County                ,1779,1779,348078896,0,0,0,0,0,0,0,0,0,1587,1587,309427027,0,0,0,0,0,0,0,0,0
202006,01,113,3,6,Russell County                ,58,58,9824269,0,0,0,0,0,0,0,0,0,58,58,9824269,0,0,0,0,0,0,0,0,0
202006,01,115,3,6,St. Clair County              ,157,157,23046137,0,0,0,0,0,0,0,0,0,147,147,20934381,0,0,0,0,0,0,0,0,0
202006,01,117,3,6,Shelby County                 ,638,638,162273095,0,0,0,0,0,0,0,0,0,366,366,89826421,0,0,0,0,0,0,0,0,0
202006,01,127,3,6,Walker County                 ,35,35,5873945,0,0,0,0,0,0,0,0,0,34,34,5637538,0,0,0,0,0,0,0,0,0
202006,02,013,4,9,Aleutians East Borough        ,0,0,0,0,0,0,0,0,0,0,0,0,0,0,0,0,0,0,0,0,0,0,0,0
202006,02,016,4,9,Aleutians West Census Area    ,1,1,98118,0,0,0,0,0,0,0,0,0,0,0,0,0,0,0,0,0,0,0,0,0
202006,02,020,4,9,Anchorage Municipality        ,222,222,74473137,1,2,564514,5,18,3055654,6,110,15903048,35,35,15893190,1,2,564514,2,8,1318544,3,75,10369703
202006,02,050,4,9,Bethel Census Area            ,8,8,2374670,2,4,691450,0,0,0,0,0,0,8,8,2374670,2,4,691450,0,0,0,0,0,0
202006,02,060,4,9,Bristol Bay Borough           ,3,3,346875,0,0,0,0,0,0,0,0,0,0,0,0,0,0,0,0,0,0,0,0,0
202006,02,070,4,9,Dillingham Census Area        ,0,0,0,0,0,0,0,0,0,0,0,0,0,0,0,0,0,0,0,0,0,0,0,0
202006,02,090,4,9,Fairbanks North Star Borough  ,2,2,622120,0,0,0,0,0,0,0,0,0,1,1,274000,0,0,0,0,0,0,0,0,0
202006,02,100,4,9,Haines Borough                ,1,1,100000,0,0,0,0,0,0,0,0,0,1,1,100000,0,0,0,0,0,0,0,0,0
202006,02,105,4,9,Hoonah-Angoon Census Area     ,0,0,0,0,0,0,0,0,0,1,16,7000000,0,0,0,0,0,0,0,0,0,1,16,7000000
202006,02,110,4,9,Juneau City and Borough       ,14,14,3064508,0,0,0,0,0,0,0,0,0,14,14,3064508,0,0,0,0,0,0,0,0,0
202006,02,122,4,9,Kenai Peninsula Borough       ,36,36,10414839,1,2,300000,1,3,627000,0,0,0,17,17,6046000,1,2,300000,1,3,627000,0,0,0
202006,02,130,4,9,Ketchikan Gateway Borough     ,13,13,3830842,2,4,691450,0,0,0,0,0,0,13,13,3830842,2,4,691450,0,0,0,0,0,0
202006,02,150,4,9,Kodiak Island Borough         ,4,4,988892,1,2,495399,2,6,963252,0,0,0,4,4,988892,1,2,495399,2,6,963252,0,0,0
202006,02,170,4,9,Matanuska-Susitna Borough     ,8,8,1795036,2,4,691450,0,0,0,0,0,0,7,7,1512201,2,4,691450,0,0,0,0,0,0
202006,02,180,4,9,Nome Census Area              ,4,4,711778,0,0,0,0,0,0,0,0,0,3,3,529828,0,0,0,0,0,0,0,0,0
202006,02,185,4,9,North Slope Borough           ,2,2,593668,0,0,0,0,0,0,0,0,0,2,2,593668,0,0,0,0,0,0,0,0,0
202006,02,188,4,9,Northwest Arctic Borough      ,1,1,297134,0,0,0,0,0,0,0,0,0,0,0,0,0,0,0,0,0,0,0,0,0
202006,02,195,4,9,Petersburg Borough            ,3,3,575253,2,4,775000,0,0,0,0,0,0,0,0,0,2,4,775000,0,0,0,0,0,0
202006,02,198,4,9,Prince of Wales-Hyder Census A,0,0,0,0,0,0,0,0,0,0,0,0,0,0,0,0,0,0,0,0,0,0,0,0
202006,02,220,4,9,Sitka City and Borough        ,3,3,734807,1,2,306156,0,0,0,0,0,0,0,0,0,0,0,0,0,0,0,0,0,0
202006,02,230,4,9,Skagway Municipality          ,1,1,300000,0,0,0,0,0,0,0,0,0,1,1,300000,0,0,0,0,0,0,0,0,0
202006,02,261,4,9,Valdez-Cordova Census Area    ,6,6,1486100,0,0,0,0,0,0,0,0,0,3,3,860000,0,0,0,0,0,0,0,0,0
202006,02,275,4,9,Wrangell City and Borough     ,3,3,615000,0,0,0,0,0,0,0,0,0,3,3,615000,0,0,0,0,0,0,0,0,0
202006,02,282,4,9,Yakutat City and Borough      ,4,4,667692,0,0,0,0,0,0,0,0,0,0,0,0,0,0,0,0,0,0,0,0,0
202006,02,290,4,9,Yukon-Koyukuk Census Area     ,0,0,0,0,0,0,0,0,0,0,0,0,0,0,0,0,0,0,0,0,0,0,0,0
202006,04,013,4,8,Maricopa County               ,11175,11175,3230101553,133,266,32515842,29,100,18254218,247,7335,1028078215,11078,11078,3195823253,130,260,31736802,27,94,17118758,241,6711,918418325
202006,04,019,4,8,Pima County                   ,1890,1890,577592119,7,14,1844351,0,0,0,18,351,53381393,1493,1493,477118725,0,0,0,0,0,0,0,0,0
202006,04,021,4,8,Pinal County                  ,2386,2386,470042352,0,0,0,3,12,857288,3,94,5264912,2356,2356,465006915,0,0,0,3,12,857288,3,94,5264912
202006,05,013,3,7,Calhoun County                ,0,0,0,0,0,0,0,0,0,0,0,0,0,0,0,0,0,0,0,0,0,0,0,0
202006,05,035,3,7,Crittenden County             ,35,35,8011258,0,0,0,0,0,0,0,0,0,34,34,7778205,0,0,0,0,0,0,0,0,0
202006,05,043,3,7,Drew County                   ,3,3,186501,0,0,0,0,0,0,0,0,0,0,0,0,0,0,0,0,0,0,0,0,0
202006,05,045,3,7,Faulkner County               ,163,163,35126967,6,12,910374,0,0,0,6,41,1136040,45,45,8051236,0,0,0,0,0,0,0,0,0
202006,05,053,3,7,Grant County                  ,15,15,2433758,0,0,0,0,0,0,0,0,0,0,0,0,0,0,0,0,0,0,0,0,0
202006,05,085,3,7,Lonoke County                 ,186,186,20608256,0,0,0,0,0,0,0,0,0,99,99,13110517,0,0,0,0,0,0,0,0,0
202006,05,087,3,7,Madison County                ,7,7,1165000,0,0,0,0,0,0,0,0,0,7,7,1165000,0,0,0,0,0,0,0,0,0
202006,05,091,3,7,Miller County                 ,6,6,1618000,0,0,0,0,0,0,0,0,0,6,6,1618000,0,0,0,0,0,0,0,0,0
202006,05,105,3,7,Perry County                  ,1,1,18500,0,0,0,0,0,0,0,0,0,1,1,18500,0,0,0,0,0,0,0,0,0
202006,05,119,3,7,Pulaski County                ,390,390,100895314,1,2,403000,28,84,8195200,16,244,25109004,390,390,100895314,1,2,403000,28,84,8195200,16,244,25109004
202006,05,129,3,7,Searcy County                 ,0,0,0,0,0,0,0,0,0,0,0,0,0,0,0,0,0,0,0,0,0,0,0,0
202006,05,143,3,7,Washington County             ,781,781,199541033,38,76,14806269,12,47,6981198,27,326,50014230,781,781,199541033,38,76,14806269,12,47,6981198,27,326,50014230
202006,06,001,4,9,Alameda County                ,693,693,223354325,10,20,5382963,14,51,12798024,42,1723,470176737,374,374,118480711,8,16,4238033,10,38,9085610,21,1505,424941257
202006,06,013,4,9,Contra Costa County           ,623,623,190611807,2,4,1093236,1,3,250000,6,547,139416295,568,568,176615893,1,2,343236,1,3,250000,5,524,135939322
202006,06,017,4,9,El Dorado County              ,258,258,87396305,1,2,150000,0,0,0,0,0,0,258,258,87396305,1,2,150000,0,0,0,0,0,0
202006,06,019,4,9,Fresno County                 ,1137,1137,329933459,15,30,2800292,7,28,3039335,9,163,23859249,920,920,260507000,12,24,1759559,7,28,3039335,5,134,20233060
202006,06,037,4,9,Los Angeles County            ,2764,2764,923531448,257,514,101366427,21,69,16455595,165,6049,1062609433,2488,2488,809527349,254,508,99931030,14,48,11666367,140,5883,1035606811
202006,06,041,4,9,Marin County                  ,33,33,27126858,3,6,4593750,0,0,0,0,0,0,20,20,13946228,0,0,0,0,0,0,0,0,0
202006,06,059,4,9,Orange County                 ,1383,1383,423763877,31,62,16311376,38,134,30329081,40,1201,228900913,1255,1255,343075456,22,44,10311268,37,131,29667513,33,1073,199609965
202006,06,061,4,9,Placer County                 ,1007,1007,308946510,4,8,1606647,0,0,0,10,372,46468959,1004,1004,307604620,4,8,1606647,0,0,0,10,372,46468959
202006,06,063,4,9,Plumas County                 ,18,18,3601663,0,0,0,0,0,0,0,0,0,18,18,3601663,0,0,0,0,0,0,0,0,0
202006,06,067,4,9,Sacramento County             ,1496,1496,426829212,25,50,7808422,6,24,4409700,34,1499,229846632,1496,1496,426829212,25,50,7808422,6,24,4409700,34,1499,229846632
202006,06,069,4,9,San Benito County             ,171,171,54754629,0,0,0,0,0,0,0,0,0,164,164,51563045,0,0,0,0,0,0,0,0,0
202006,06,071,4,9,San Bernardino County         ,1668,1668,429052705,54,108,10772257,11,40,8501795,25,211,29078128,1553,1553,399801472,54,108,10772257,11,40,8501795,19,179,27088270
202006,06,073,4,9,San Diego County              ,1452,1452,422980606,18,36,6582623,62,205,43470911,49,2395,386988398,1451,1451,422878483,18,36,6582623,62,205,43470911,47,2379,385275092
202006,06,075,4,9,San Francisco County          ,13,13,3611142,1,2,587000,5,16,6459947,18,1409,585599354,13,13,3611142,1,2,587000,5,16,6459947,18,1409,585599354
202006,06,081,4,9,San Mateo County              ,136,136,96092484,2,4,1289396,0,0,0,13,232,64355716,74,74,58512475,1,2,689396,0,0,0,4,153,46100000
202006,06,085,4,9,Santa Clara County            ,522,522,203869181,2,4,1185628,3,9,2260527,20,776,120198724,385,385,153941853,0,0,0,1,3,720859,9,545,79055628
202006,06,091,4,9,Sierra County                 ,6,6,1868763,0,0,0,0,0,0,0,0,0,6,6,1868763,0,0,0,0,0,0,0,0,0
202006,06,113,4,9,Yolo County                   ,239,239,75858010,0,0,0,0,0,0,40,493,57672482,234,234,74160027,0,0,0,0,0,0,40,493,57672482
202006,08,001,4,8,Adams County                  ,1156,1156,337219650,7,14,1386922,1,4,664084,4,425,68618791,1156,1156,337219650,7,14,1386922,1,4,664084,4,425,68618791
202006,08,005,4,8,Arapahoe County               ,1307,1307,354232192,0,0,0,3,9,1606427,24,923,108875605,1223,1223,330990055,0,0,0,2,6,1257375,22,891,104708895
202006,08,014,4,8,Broomfield County             ,112,112,41963521,19,38,7069643,0,0,0,0,0,0,112,112,41963521,19,38,7069643,0,0,0,0,0,0
202006,08,015,4,8,Chaffee County                ,68,68,17246698,0,0,0,3,9,1649100,0,0,0,11,11,2408693,0,0,0,0,0,0,0,0,0
202006,08,019,4,8,Clear Creek County            ,8,8,2524152,0,0,0,0,0,0,0,0,0,6,6,1953570,0,0,0,0,0,0,0,0,0
202006,08,031,4,8,Denver County                 ,634,634,176137078,0,0,0,0,0,0,13,836,101042267,634,634,176137078,0,0,0,0,0,0,13,836,101042267
202006,08,035,4,8,Douglas County                ,1150,1150,361571499,5,10,2061051,7,22,3887841,2,139,12534239,1128,1128,353433605,5,10,2061051,6,19,3368939,2,139,12534239
202006,08,039,4,8,Elbert County                 ,115,115,34996593,0,0,0,0,0,0,0,0,0,108,108,33181265,0,0,0,0,0,0,0,0,0
202006,08,041,4,8,El Paso County                ,2248,2248,850456151,0,0,0,1,4,1007100,19,705,95102119,2248,2248,850456151,0,0,0,1,4,1007100,19,705,95102119
202006,08,047,4,8,Gilpin County                 ,12,12,3332703,0,0,0,0,0,0,0,0,0,12,12,3332703,0,0,0,0,0,0,0,0,0
202006,08,059,4,8,Jefferson County              ,330,330,106170556,2,4,1016000,0,0,0,7,264,43825600,330,330,106170556,2,4,1016000,0,0,0,7,264,43825600
202006,08,069,4,8,Larimer County                ,1201,1201,323867854,2,4,611613,0,0,0,12,120,22347228,1201,1201,323867854,2,4,611613,0,0,0,12,120,22347228
202006,08,077,4,8,Mesa County                   ,340,340,68645659,3,6,701724,0,0,0,8,208,16516270,340,340,68645659,3,6,701724,0,0,0,8,208,16516270
202006,08,093,4,8,Park County                   ,56,56,14083455,0,0,0,0,0,0,0,0,0,56,56,14083455,0,0,0,0,0,0,0,0,0
202006,08,101,4,8,Pueblo County                 ,266,266,41263527,0,0,0,0,0,0,0,0,0,266,266,41263527,0,0,0,0,0,0,0,0,0
202006,08,119,4,8,Teller County                 ,49,49,16604066,0,0,0,0,0,0,0,0,0,47,47,16434066,0,0,0,0,0,0,0,0,0
202006,09,001,1,1,Fairfield County              ,303,303,150146584,14,28,3938530,0,0,0,16,302,36316639,267,267,124659966,11,22,3483844,0,0,0,11,264,25097187
202006,09,003,1,1,Hartford County               ,233,233,47329491,4,8,792000,4,15,2526370,15,139,11744659,187,187,38602610,4,8,792000,4,15,2526370,5,83,8122470
202006,09,007,1,1,Middlesex County              ,61,61,16331479,0,0,0,0,0,0,0,0,0,45,45,12807447,0,0,0,0,0,0,0,0,0
202006,09,013,1,1,Tolland County                ,56,56,13239629,0,0,0,0,0,0,8,141,8557956,31,31,7343006,0,0,0,0,0,0,3,108,4507866
202006,10,001,3,5,Kent County                   ,732,732,104357127,12,24,2382229,2,7,925999,0,0,0,715,715,100791453,12,24,2382229,2,7,925999,0,0,0
202006,10,003,3,5,New Castle County             ,619,619,62071944,0,0,0,3,12,2851173,16,198,29808603,168,168,19503961,0,0,0,3,12,2851173,12,178,28137887
202006,10,005,3,5,Sussex County                 ,1558,1558,216393177,43,86,10726936,7,26,2294400,16,97,14382684,1558,1558,216393177,43,86,10726936,7,26,2294400,16,97,14382684
202006,11,001,3,5,Washington  DC                ,54,54,12675521,25,50,5755394,0,0,0,21,3275,379980135,54,54,12675521,25,50,5755394,0,0,0,21,3275,379980135
202006,12,003,3,5,Baker County                  ,56,56,10087676,0,0,0,0,0,0,0,0,0,56,56,10087676,0,0,0,0,0,0,0,0,0
202006,12,019,3,5,Clay County                   ,484,484,107432047,3,6,765000,0,0,0,1,17,3000000,484,484,107432047,3,6,765000,0,0,0,1,17,3000000
202006,12,029,3,5,Dixie County                  ,18,18,2273820,0,0,0,0,0,0,0,0,0,0,0,0,0,0,0,0,0,0,0,0,0
202006,12,031,3,5,Duval County                  ,2346,2346,558514956,16,32,4220240,9,36,4750360,27,1499,174139639,2339,2339,555914044,16,32,4220240,9,36,4750360,27,1499,174139639
202006,12,033,3,5,Escambia County               ,908,908,216726978,6,12,555000,4,12,987386,2,20,2290574,908,908,216726978,6,12,555000,4,12,987386,2,20,2290574
202006,12,053,3,5,Hernando County               ,461,461,99782290,2,4,336000,5,20,2667690,13,84,12730533,461,461,99782290,2,4,336000,5,20,2667690,13,84,12730533
202006,12,057,3,5,Hillsborough County           ,4631,4631,1533823422,4,8,1367300,1,3,144000,6,1443,276633509,4631,4631,1533823422,4,8,1367300,1,3,144000,6,1443,276633509
202006,12,067,3,5,Lafayette County              ,30,30,1483485,0,0,0,0,0,0,0,0,0,29,29,1250380,0,0,0,0,0,0,0,0,0
202006,12,071,3,5,Lee County                    ,2913,2913,637839741,91,182,22732361,13,52,14598066,69,2219,259423733,2897,2897,634606696,90,180,22586112,13,52,14598066,67,2184,255461557
202006,12,073,3,5,Leon County                   ,359,359,70657321,5,10,1108000,0,0,0,21,551,70049218,0,0,0,0,0,0,0,0,0,0,0,0
202006,12,081,3,5,Manatee County                ,1934,1934,411691220,51,102,7031450,8,32,3868082,19,512,52913951,1911,1911,401072581,51,102,7031450,7,28,3353140,18,490,50533156
202006,12,086,3,5,Miami-Dade County             ,888,888,247450313,74,148,30793238,4,13,3814805,89,4167,637569463,746,746,202047742,74,148,30793238,4,13,3814805,85,4147,636897493
202006,12,089,3,5,Nassau County                 ,465,465,118750516,0,0,0,0,0,0,9,193,2182392,271,271,68931944,0,0,0,0,0,0,8,188,1020952
202006,12,091,3,5,Okaloosa County               ,451,451,137101669,1,2,500000,0,0,0,3,30,8084818,353,353,110026487,1,2,500000,0,0,0,3,30,8084818
202006,12,095,3,5,Orange County                 ,2269,2269,627394797,95,190,36618117,4,16,3119624,54,2998,464986193,2228,2228,613226894,95,190,36618117,4,16,3119624,54,2998,464986193
202006,12,097,3,5,Osceola County                ,2271,2271,520648570,11,22,2460506,5,20,2685445,7,543,50851192,2271,2271,520648570,11,22,2460506,5,20,2685445,7,543,50851192
202006,12,101,3,5,Pasco County                  ,2257,2257,470645462,2,4,720461,1,4,51000,2,10,862500,2244,2244,468904818,1,2,440461,1,4,51000,0,0,0
202006,12,103,3,5,Pinellas County               ,421,421,133357527,6,12,1548054,0,0,0,6,179,21782719,389,389,121487304,4,8,777388,0,0,0,3,164,14942719
202006,12,109,3,5,St. Johns County              ,2219,2219,636166843,0,0,0,2,8,1507093,3,24,4358346,2219,2219,636166843,0,0,0,2,8,1507093,3,24,4358346
202006,12,113,3,5,Santa Rosa County             ,1220,1220,229296697,0,0,0,0,0,0,0,0,0,1220,1220,229296697,0,0,0,0,0,0,0,0,0
202006,12,115,3,5,Sarasota County               ,1945,1945,571284323,11,22,6169018,15,52,11312570,6,101,12090665,1930,1930,566238981,11,22,6169018,15,52,11312570,5,75,9401250
202006,12,117,3,5,Seminole County               ,635,635,196212427,15,30,5744599,0,0,0,13,388,46001909,616,616,192288002,15,30,5744599,0,0,0,7,274,35320671
202006,12,119,3,5,Sumter County                 ,1425,1425,394913933,0,0,0,2,8,1792000,19,338,28006558,1425,1425,394913933,0,0,0,2,8,1792000,19,338,28006558
202006,12,129,3,5,Wakulla County                ,189,189,31321483,0,0,0,0,0,0,0,0,0,189,189,31321483,0,0,0,0,0,0,0,0,0
202006,12,131,3,5,Walton County                 ,727,727,334815356,1,2,1800000,0,0,0,14,226,37491004,727,727,334815356,1,2,1800000,0,0,0,14,226,37491004
202006,12,133,3,5,Washington County             ,29,29,4795933,0,0,0,0,0,0,0,0,0,22,22,3761835,0,0,0,0,0,0,0,0,0
202006,13,007,3,5,Baker County                  ,0,0,0,0,0,0,0,0,0,0,0,0,0,0,0,0,0,0,0,0,0,0,0,0
202006,13,013,3,5,Barrow County                 ,360,360,50727254,0,0,0,0,0,0,0,0,0,330,330,46591394,0,0,0,0,0,0,0,0,0
202006,13,015,3,5,Bartow County                 ,338,338,59472355,1,2,153760,0,0,0,0,0,0,326,326,55973367,1,2,153760,0,0,0,0,0,0
202006,13,021,3,5,Bibb County                   ,72,72,12513473,0,0,0,0,0,0,0,0,0,0,0,0,0,0,0,0,0,0,0,0,0
202006,13,029,3,5,Bryan County                  ,224,224,65709243,0,0,0,0,0,0,2,15,1683675,224,224,65709243,0,0,0,0,0,0,2,15,1683675
202006,13,033,3,5,Burke County                  ,33,33,6701025,0,0,0,0,0,0,0,0,0,23,23,4810200,0,0,0,0,0,0,0,0,0
202006,13,035,3,5,Butts County                  ,67,67,21980600,0,0,0,0,0,0,0,0,0,67,67,21980600,0,0,0,0,0,0,0,0,0
202006,13,045,3,5,Carroll County                ,459,459,108137731,0,0,0,0,0,0,0,0,0,447,447,105920821,0,0,0,0,0,0,0,0,0
202006,13,051,3,5,Chatham County                ,384,384,91034776,0,0,0,0,0,0,0,0,0,300,300,71354791,0,0,0,0,0,0,0,0,0
202006,13,057,3,5,Cherokee County               ,936,936,266405970,0,0,0,1,4,968222,1,5,1212482,936,936,266405970,0,0,0,1,4,968222,1,5,1212482
202006,13,059,3,5,Clarke County                 ,157,157,29888419,19,38,4703915,23,87,8858237,0,0,0,157,157,29888419,19,38,4703915,23,87,8858237,0,0,0
202006,13,063,3,5,Clayton County                ,394,394,97215653,0,0,0,0,0,0,0,0,0,394,394,97215653,0,0,0,0,0,0,0,0,0
202006,13,067,3,5,Cobb County                   ,899,899,239008588,6,12,2349481,18,62,11081847,32,494,63327294,899,899,239008588,6,12,2349481,18,62,11081847,32,494,63327294
202006,13,073,3,5,Columbia County               ,624,624,120921284,0,0,0,7,26,2149942,1,6,540000,226,226,41288717,0,0,0,7,26,2149942,1,6,540000
202006,13,077,3,5,Coweta County                 ,466,466,169667554,0,0,0,0,0,0,0,0,0,445,445,164245837,0,0,0,0,0,0,0,0,0
202006,13,085,3,5,Dawson County                 ,211,211,49626549,0,0,0,0,0,0,0,0,0,211,211,49626549,0,0,0,0,0,0,0,0,0
202006,13,095,3,5,Dougherty County              ,9,9,1624262,0,0,0,0,0,0,5,104,14246828,1,1,185000,0,0,0,0,0,0,2,54,6783342
202006,13,097,3,5,Douglas County                ,195,195,40920023,0,0,0,0,0,0,0,0,0,195,195,40920023,0,0,0,0,0,0,0,0,0
202006,13,111,3,5,Fannin County                 ,149,149,31077087,0,0,0,0,0,0,0,0,0,149,149,31077087,0,0,0,0,0,0,0,0,0
202006,13,113,3,5,Fayette County                ,242,242,63306084,0,0,0,0,0,0,0,0,0,208,208,51986727,0,0,0,0,0,0,0,0,0
202006,13,115,3,5,Floyd County                  ,128,128,21423016,0,0,0,0,0,0,0,0,0,128,128,21423016,0,0,0,0,0,0,0,0,0
202006,13,117,3,5,Forsyth County                ,1004,1004,181362245,0,0,0,0,0,0,0,0,0,1004,1004,181362245,0,0,0,0,0,0,0,0,0
202006,13,121,3,5,Fulton County                 ,1138,1138,286162506,4,8,1472016,0,0,0,17,1070,120132470,1029,1029,271914149,4,8,1472016,0,0,0,17,1070,120132470
202006,13,127,3,5,Glynn County                  ,146,146,50477446,4,8,1400000,0,0,0,1,10,800000,146,146,50477446,4,8,1400000,0,0,0,1,10,800000
202006,13,135,3,5,Gwinnett County               ,1644,1644,401404528,0,0,0,0,0,0,9,299,43621278,1623,1623,394897446,0,0,0,0,0,0,6,282,38521278
202006,13,143,3,5,Haralson County               ,24,24,5458534,0,0,0,0,0,0,0,0,0,1,1,250000,0,0,0,0,0,0,0,0,0
202006,13,145,3,5,Harris County                 ,135,135,33151520,0,0,0,0,0,0,0,0,0,135,135,33151520,0,0,0,0,0,0,0,0,0
202006,13,149,3,5,Heard County                  ,14,14,3313112,0,0,0,0,0,0,0,0,0,8,8,1890998,0,0,0,0,0,0,0,0,0
202006,13,151,3,5,Henry County                  ,783,783,194171513,0,0,0,0,0,0,0,0,0,742,742,187901266,0,0,0,0,0,0,0,0,0
202006,13,159,3,5,Jasper County                 ,41,41,5492934,0,0,0,0,0,0,0,0,0,0,0,0,0,0,0,0,0,0,0,0,0
202006,13,171,3,5,Lamar County                  ,49,49,11911580,0,0,0,0,0,0,0,0,0,49,49,11911580,0,0,0,0,0,0,0,0,0
202006,13,177,3,5,Lee County                    ,52,52,4863662,0,0,0,0,0,0,0,0,0,52,52,4863662,0,0,0,0,0,0,0,0,0
202006,13,179,3,5,Liberty County                ,160,160,32529981,0,0,0,0,0,0,0,0,0,160,160,32529981,0,0,0,0,0,0,0,0,0
202006,13,189,3,5,McDuffie County               ,21,21,5103455,0,0,0,0,0,0,0,0,0,18,18,4535000,0,0,0,0,0,0,0,0,0
202006,13,199,3,5,Meriwether County             ,34,34,5474081,0,0,0,0,0,0,0,0,0,33,33,5406081,0,0,0,0,0,0,0,0,0
202006,13,201,3,5,Miller County                 ,4,4,984837,0,0,0,0,0,0,0,0,0,4,4,984837,0,0,0,0,0,0,0,0,0
202006,13,207,3,5,Monroe County                 ,102,102,26754175,0,0,0,0,0,0,0,0,0,102,102,26754175,0,0,0,0,0,0,0,0,0
202006,13,215,3,5,Muscogee County               ,163,163,31274074,0,0,0,6,20,962974,9,122,18923738,0,0,0,0,0,0,0,0,0,0,0,0
202006,13,217,3,5,Newton County                 ,367,367,63002747,0,0,0,1,4,440000,1,7,770000,367,367,63002747,0,0,0,1,4,440000,1,7,770000
202006,13,227,3,5,Pickens County                ,64,64,17969425,0,0,0,0,0,0,0,0,0,64,64,17969425,0,0,0,0,0,0,0,0,0
202006,13,231,3,5,Pike County                   ,82,82,18831550,0,0,0,0,0,0,0,0,0,70,70,16431550,0,0,0,0,0,0,0,0,0
202006,13,235,3,5,Pulaski County                ,10,10,1340000,0,0,0,0,0,0,0,0,0,10,10,1340000,0,0,0,0,0,0,0,0,0
202006,13,245,3,5,Richmond County               ,255,255,42409256,0,0,0,0,0,0,1,5,287197,222,222,37185887,0,0,0,0,0,0,0,0,0
202006,13,247,3,5,Rockdale County               ,71,71,18338288,0,0,0,0,0,0,0,0,0,71,71,18338288,0,0,0,0,0,0,0,0,0
202006,13,255,3,5,Spalding County               ,110,110,19676281,0,0,0,0,0,0,0,0,0,107,107,19440931,0,0,0,0,0,0,0,0,0
202006,13,275,3,5,Thomas County                 ,47,47,9502618,0,0,0,0,0,0,0,0,0,47,47,9502618,0,0,0,0,0,0,0,0,0
202006,13,291,3,5,Union County                  ,87,87,23814642,0,0,0,0,0,0,0,0,0,87,87,23814642,0,0,0,0,0,0,0,0,0
202006,15,001,4,9,Hawaii County                 ,375,375,166712791,0,0,0,0,0,0,0,0,0,375,375,166712791,0,0,0,0,0,0,0,0,0
202006,15,003,4,9,Honolulu County               ,388,388,155907929,0,0,0,2,6,3897746,12,436,80284465,99,99,40521078,0,0,0,0,0,0,1,39,4913168
202006,15,007,4,9,Kauai County                  ,76,76,59516950,5,10,3452150,0,0,0,0,0,0,76,76,59516950,5,10,3452150,0,0,0,0,0,0
202006,15,009,4,9,Maui County                   ,143,143,84111152,5,10,1939345,0,0,0,1,83,21510000,143,143,84111152,5,10,1939345,0,0,0,1,83,21510000
202006,16,001,4,8,Ada County                    ,2299,2299,638442844,17,34,4889508,20,65,11689090,19,464,59979619,2299,2299,638442844,17,34,4889508,20,65,11689090,19,464,59979619
202006,16,015,4,8,Boise County                  ,52,52,16218779,0,0,0,1,3,200000,0,0,0,51,51,16065109,0,0,0,1,3,200000,0,0,0
202006,16,027,4,8,Canyon County                 ,1210,1210,199359026,8,16,2318383,3,12,1021066,18,232,12212192,1142,1142,183208958,8,16,2318383,3,12,1021066,18,232,12212192
202006,16,045,4,8,Gem County                    ,47,47,11397545,0,0,0,0,0,0,0,0,0,47,47,11397545,0,0,0,0,0,0,0,0,0
202006,16,073,4,8,Owyhee County                 ,17,17,4293808,0,0,0,0,0,0,0,0,0,15,15,3920618,0,0,0,0,0,0,0,0,0
202006,17,005,2,3,Bond County                   ,2,2,352416,0,0,0,0,0,0,0,0,0,0,0,0,0,0,0,0,0,0,0,0,0
202006,17,013,2,3,Calhoun County                ,3,3,665000,0,0,0,0,0,0,0,0,0,3,3,665000,0,0,0,0,0,0,0,0,0
202006,17,031,2,3,Cook County                   ,483,483,165853406,27,54,10728350,53,165,33053041,67,2209,281073807,422,422,147247321,27,54,10728350,52,162,32887900,64,2168,269337314
202006,17,037,2,3,DeKalb County                 ,37,37,9596337,0,0,0,2,8,1600000,0,0,0,36,36,9446337,0,0,0,2,8,1600000,0,0,0
202006,17,039,2,3,De Witt County                ,16,16,3654000,0,0,0,0,0,0,0,0,0,16,16,3654000,0,0,0,0,0,0,0,0,0
202006,17,043,2,3,DuPage County                 ,355,355,133802500,1,2,357340,2,7,1321806,13,711,73008933,329,329,120350521,1,2,357340,2,7,1321806,11,693,69890225
202006,17,063,2,3,Grundy County                 ,49,49,12830319,2,4,880000,0,0,0,0,0,0,48,48,12688819,2,4,880000,0,0,0,0,0,0
202006,17,083,2,3,Jersey County                 ,17,17,4361213,0,0,0,0,0,0,1,45,9010000,4,4,560100,0,0,0,0,0,0,1,45,9010000
202006,17,093,2,3,Kendall County                ,169,169,32762127,7,14,1924073,0,0,0,2,26,2052143,127,127,25348575,4,8,1142608,0,0,0,0,0,0
202006,17,097,2,3,Lake County                   ,234,234,82310908,7,14,4531139,0,0,0,5,26,5351372,161,161,56571910,7,14,4531139,0,0,0,0,0,0
202006,17,111,2,3,McHenry County                ,174,174,31922622,0,0,0,0,0,0,1,90,14638554,147,147,28172989,0,0,0,0,0,0,1,90,14638554
202006,17,119,2,3,Madison County                ,202,202,54634163,1,2,403812,0,0,0,0,0,0,189,189,51839750,0,0,0,0,0,0,0,0,0
202006,17,133,2,3,Monroe County                 ,44,44,12218192,2,4,601416,0,0,0,0,0,0,44,44,12218192,2,4,601416,0,0,0,0,0,0
202006,17,197,2,3,Will County                   ,552,552,144577665,9,18,2257168,9,35,4814757,1,16,1625500,547,547,143974795,9,18,2257168,9,35,4814757,1,16,1625500
202006,18,003,2,3,Allen County                  ,545,545,149614578,2,4,280000,3,12,1120000,6,66,4220000,545,545,149614578,2,4,280000,3,12,1120000,6,66,4220000
202006,18,011,2,3,Boone County                  ,291,291,99476887,11,22,3900000,0,0,0,0,0,0,284,284,97432321,11,22,3900000,0,0,0,0,0,0
202006,18,013,2,3,Brown County                  ,26,26,7200887,0,0,0,0,0,0,0,0,0,26,26,7200887,0,0,0,0,0,0,0,0,0
202006,18,019,2,3,Clark County                  ,337,337,68449817,0,0,0,1,3,461400,2,48,2500000,292,292,59273006,0,0,0,1,3,461400,2,48,2500000
202006,18,047,2,3,Franklin County               ,26,26,7750000,0,0,0,0,0,0,0,0,0,26,26,7750000,0,0,0,0,0,0,0,0,0
202006,18,057,2,3,Hamilton County               ,1091,1091,369780313,6,12,2575700,7,26,4400000,42,937,89303037,1085,1085,368045158,6,12,2575700,7,26,4400000,42,937,89303037
202006,18,059,2,3,Hancock County                ,324,324,82121397,4,8,1714795,0,0,0,0,0,0,324,324,82121397,4,8,1714795,0,0,0,0,0,0
202006,18,061,2,3,Harrison County               ,39,39,10251206,0,0,0,0,0,0,0,0,0,39,39,10251206,0,0,0,0,0,0,0,0,0
202006,18,063,2,3,Hendricks County              ,643,643,168755589,2,4,400000,1,4,227193,1,8,594150,597,597,156841076,2,4,400000,1,4,227193,1,8,594150
202006,18,069,2,3,Huntington County             ,29,29,7666896,0,0,0,0,0,0,0,0,0,29,29,7666896,0,0,0,0,0,0,0,0,0
202006,18,073,2,3,Jasper County                 ,71,71,18656155,0,0,0,0,0,0,0,0,0,71,71,18656155,0,0,0,0,0,0,0,0,0
202006,18,081,2,3,Johnson County                ,433,433,122148221,14,28,5491300,0,0,0,0,0,0,433,433,122148221,14,28,5491300,0,0,0,0,0,0
202006,18,087,2,3,Lagrange County               ,60,60,12370984,0,0,0,0,0,0,0,0,0,40,40,8487738,0,0,0,0,0,0,0,0,0
202006,18,089,2,3,Lake County                   ,497,497,131627968,18,36,5973333,0,0,0,1,28,3498298,470,470,124939993,18,36,5973333,0,0,0,1,28,3498298
202006,18,097,2,3,Marion County                 ,603,603,164119954,9,18,3982900,18,70,6552090,17,537,73538736,603,603,164119954,9,18,3982900,18,70,6552090,14,522,73228737
202006,18,105,2,3,Monroe County                 ,118,118,31468395,5,10,1388423,0,0,0,4,115,13342319,41,41,11100020,0,0,0,0,0,0,0,0,0
202006,18,109,2,3,Morgan County                 ,125,125,30635541,4,8,1453500,0,0,0,0,0,0,102,102,25566539,4,8,1453500,0,0,0,0,0,0
202006,18,111,2,3,Newton County                 ,15,15,2560429,0,0,0,0,0,0,0,0,0,13,13,2140000,0,0,0,0,0,0,0,0,0
202006,18,115,2,3,Ohio County                   ,14,14,3435000,0,0,0,0,0,0,0,0,0,14,14,3435000,0,0,0,0,0,0,0,0,0
202006,18,119,2,3,Owen County                   ,29,29,7928305,0,0,0,0,0,0,0,0,0,29,29,7928305,0,0,0,0,0,0,0,0,0
202006,18,127,2,3,Porter County                 ,202,202,57248975,2,4,688515,0,0,0,1,12,2476849,162,162,51261345,2,4,688515,0,0,0,1,12,2476849
202006,18,133,2,3,Putnam County                 ,58,58,14646809,0,0,0,0,0,0,0,0,0,18,18,4220858,0,0,0,0,0,0,0,0,0
202006,18,145,2,3,Shelby County                 ,25,25,5909555,0,0,0,0,0,0,0,0,0,16,16,4348178,0,0,0,0,0,0,0,0,0
202006,18,151,2,3,Steuben County                ,58,58,17723856,1,2,295000,0,0,0,0,0,0,58,58,17723856,1,2,295000,0,0,0,0,0,0
202006,18,157,2,3,Tippecanoe County             ,197,197,50297292,0,0,0,0,0,0,14,305,33253194,131,131,35809373,0,0,0,0,0,0,7,191,22875466
202006,18,163,2,3,Vanderburgh County            ,174,174,32480420,12,24,5653568,0,0,0,1,30,2672523,148,148,27503855,10,20,5159956,0,0,0,1,30,2672523
202006,18,167,2,3,Vigo County                   ,12,12,2418619,4,8,1018125,0,0,0,0,0,0,10,10,1975000,3,6,810000,0,0,0,0,0,0
202006,18,175,2,3,Washington County             ,22,22,5139272,0,0,0,0,0,0,0,0,0,0,0,0,0,0,0,0,0,0,0,0,0
202006,18,183,2,3,Whitley County                ,48,48,12822853,0,0,0,0,0,0,0,0,0,47,47,12633304,0,0,0,0,0,0,0,0,0
202006,19,049,2,4,Dallas County                 ,266,266,73207143,0,0,0,0,0,0,5,194,21136888,259,259,71006040,0,0,0,0,0,0,4,189,20676362
202006,19,085,2,4,Harrison County               ,12,12,3029100,0,0,0,0,0,0,0,0,0,11,11,2804100,0,0,0,0,0,0,0,0,0
202006,19,129,2,4,Mills County                  ,5,5,1082667,1,2,225000,0,0,0,0,0,0,4,4,816000,0,0,0,0,0,0,0,0,0
202006,19,153,2,4,Polk County                   ,1274,1274,363027231,6,12,2444777,1,4,286700,16,284,35100420,1258,1258,358666372,6,12,2444777,1,4,286700,15,273,33957642
202006,19,181,2,4,Warren County                 ,190,190,47644444,2,4,945088,0,0,0,1,59,7841568,190,190,47644444,2,4,945088,0,0,0,1,59,7841568
202006,20,061,2,4,Geary County                  ,8,8,2060512,0,0,0,0,0,0,0,0,0,4,4,1020000,0,0,0,0,0,0,0,0,0
202006,20,091,2,4,Johnson County                ,797,797,306529502,18,36,11443412,10,40,13650000,18,208,21134181,762,762,285662624,18,36,11443412,10,40,13650000,18,208,21134181
202006,20,103,2,4,Leavenworth County            ,82,82,18342105,9,18,2360570,0,0,0,6,32,3676830,81,81,18070709,8,16,2020826,0,0,0,6,32,3676830
202006,20,107,2,4,Linn County                   ,22,22,3277928,0,0,0,0,0,0,0,0,0,22,22,3277928,0,0,0,0,0,0,0,0,0
202006,20,121,2,4,Miami County                  ,39,39,11701081,0,0,0,0,0,0,0,0,0,10,10,1864000,0,0,0,0,0,0,0,0,0
202006,20,209,2,4,Wyandotte County              ,83,83,16591243,4,8,770782,0,0,0,0,0,0,16,16,3527105,0,0,0,0,0,0,0,0,0
202006,21,005,3,6,Anderson County               ,31,31,5960961,3,6,563133,0,0,0,0,0,0,31,31,5960961,3,6,563133,0,0,0,0,0,0
202006,21,015,3,6,Boone County                  ,243,243,47311768,0,0,0,0,0,0,2,54,6015719,243,243,47311768,0,0,0,0,0,0,2,54,6015719
202006,21,017,3,6,Bourbon County                ,23,23,5794638,0,0,0,0,0,0,0,0,0,23,23,5794638,0,0,0,0,0,0,0,0,0
202006,21,021,3,6,Boyle County                  ,14,14,2732399,4,8,731704,0,0,0,0,0,0,2,2,460000,0,0,0,0,0,0,0,0,0
202006,21,029,3,6,Bullitt County                ,201,201,52159414,2,4,455000,5,19,1945000,0,0,0,201,201,52159414,2,4,455000,5,19,1945000,0,0,0
202006,21,035,3,6,Calloway County               ,7,7,1127500,0,0,0,1,4,165000,1,8,550000,7,7,1127500,0,0,0,1,4,165000,1,8,550000
202006,21,037,3,6,Campbell County               ,82,82,26392294,0,0,0,0,0,0,4,39,5827587,28,28,10891899,0,0,0,0,0,0,0,0,0
202006,21,045,3,6,Casey County                  ,0,0,0,0,0,0,0,0,0,0,0,0,0,0,0,0,0,0,0,0,0,0,0,0
202006,21,047,3,6,Christian County              ,49,49,5081800,0,0,0,0,0,0,0,0,0,35,35,4085000,0,0,0,0,0,0,0,0,0
202006,21,049,3,6,Clark County                  ,37,37,6949965,1,2,400000,1,4,300000,5,31,2238750,24,24,3895000,0,0,0,1,4,300000,2,16,1200000
202006,21,059,3,6,Daviess County                ,149,149,13702829,0,0,0,7,26,1692350,0,0,0,149,149,13702829,0,0,0,7,26,1692350,0,0,0
202006,21,067,3,6,Fayette County                ,335,335,70899871,2,4,438286,0,0,0,10,391,33489414,0,0,0,0,0,0,0,0,0,0,0,0
202006,21,069,3,6,Fleming County                ,0,0,0,0,0,0,0,0,0,0,0,0,0,0,0,0,0,0,0,0,0,0,0,0
202006,21,077,3,6,Gallatin County               ,11,11,2376118,0,0,0,0,0,0,0,0,0,0,0,0,0,0,0,0,0,0,0,0,0
202006,21,081,3,6,Grant County                  ,35,35,8841705,0,0,0,0,0,0,0,0,0,24,24,6502800,0,0,0,0,0,0,0,0,0
202006,21,091,3,6,Hancock County                ,4,4,788848,1,2,173138,0,0,0,0,0,0,0,0,0,0,0,0,0,0,0,0,0,0
202006,21,099,3,6,Hart County                   ,5,5,436607,0,0,0,0,0,0,1,5,567738,0,0,0,0,0,0,0,0,0,0,0,0
202006,21,101,3,6,Henderson County              ,25,25,5622554,1,2,75000,0,0,0,0,0,0,25,25,5622554,1,2,75000,0,0,0,0,0,0
202006,21,103,3,6,Henry County                  ,29,29,5756136,0,0,0,1,4,800000,0,0,0,26,26,5129000,0,0,0,1,4,800000,0,0,0
202006,21,111,3,6,Jefferson County              ,511,511,129419180,4,8,1257740,1,3,600000,15,350,34048028,304,304,66052884,4,8,1257740,1,3,600000,0,0,0
202006,21,113,3,6,Jessamine County              ,87,87,29203842,0,0,0,5,17,2812000,0,0,0,36,36,21327650,0,0,0,2,8,1381000,0,0,0
202006,21,115,3,6,Johnson County                ,0,0,0,0,0,0,0,0,0,0,0,0,0,0,0,0,0,0,0,0,0,0,0,0
202006,21,117,3,6,Kenton County                 ,137,137,32256050,0,0,0,0,0,0,0,0,0,137,137,32256050,0,0,0,0,0,0,0,0,0
202006,21,121,3,6,Knox County                   ,0,0,0,0,0,0,0,0,0,0,0,0,0,0,0,0,0,0,0,0,0,0,0,0
202006,21,123,3,6,Larue County                  ,20,20,4688545,0,0,0,0,0,0,0,0,0,20,20,4688545,0,0,0,0,0,0,0,0,0
202006,21,137,3,6,Lincoln County                ,21,21,1979608,0,0,0,0,0,0,0,0,0,3,3,300000,0,0,0,0,0,0,0,0,0
202006,21,145,3,6,McCracken County              ,42,42,9681651,0,0,0,0,0,0,0,0,0,6,6,1372170,0,0,0,0,0,0,0,0,0
202006,21,151,3,6,Madison County                ,104,104,10268422,9,18,1043968,0,0,0,6,32,1078860,28,28,3611000,1,2,140000,0,0,0,0,0,0
202006,21,157,3,6,Marshall County               ,40,40,8621700,2,4,350000,0,0,0,0,0,0,40,40,8621700,2,4,350000,0,0,0,0,0,0
202006,21,161,3,6,Mason County                  ,19,19,3602240,0,0,0,0,0,0,0,0,0,19,19,3602240,0,0,0,0,0,0,0,0,0
202006,21,163,3,6,Meade County                  ,46,46,8735000,3,6,520000,3,9,825000,0,0,0,46,46,8735000,3,6,520000,3,9,825000,0,0,0
202006,21,167,3,6,Mercer County                 ,30,30,5527590,3,6,420000,0,0,0,0,0,0,30,30,5527590,3,6,420000,0,0,0,0,0,0
202006,21,175,3,6,Morgan County                 ,13,13,975000,0,0,0,0,0,0,0,0,0,0,0,0,0,0,0,0,0,0,0,0,0
202006,21,179,3,6,Nelson County                 ,103,103,18101772,12,24,2420000,4,13,1700000,0,0,0,103,103,18101772,12,24,2420000,4,13,1700000,0,0,0
202006,21,185,3,6,Oldham County                 ,125,125,44222232,0,0,0,0,0,0,3,15,738282,47,47,16150140,0,0,0,0,0,0,0,0,0
202006,21,191,3,6,Pendleton County              ,0,0,0,0,0,0,0,0,0,0,0,0,0,0,0,0,0,0,0,0,0,0,0,0
202006,21,209,3,6,Scott County                  ,179,179,33293787,0,0,0,0,0,0,0,0,0,179,179,33293787,0,0,0,0,0,0,0,0,0
202006,21,211,3,6,Shelby County                 ,115,115,31901150,0,0,0,0,0,0,4,96,7200000,115,115,31901150,0,0,0,0,0,0,4,96,7200000
202006,21,213,3,6,Simpson County                ,51,51,9187482,4,8,504976,0,0,0,0,0,0,51,51,9187482,4,8,504976,0,0,0,0,0,0
202006,21,215,3,6,Spencer County                ,80,80,18587832,0,0,0,0,0,0,0,0,0,57,57,13392218,0,0,0,0,0,0,0,0,0
202006,21,221,3,6,Trigg County                  ,9,9,1856612,0,0,0,0,0,0,1,70,5984160,9,9,1856612,0,0,0,0,0,0,1,70,5984160
202006,21,239,3,6,Woodford County               ,53,53,12140108,0,0,0,0,0,0,0,0,0,53,53,12140108,0,0,0,0,0,0,0,0,0
202006,22,005,3,7,Ascension Parish              ,441,441,70265039,0,0,0,0,0,0,0,0,0,97,97,18652966,0,0,0,0,0,0,0,0,0
202006,22,015,3,7,Bossier Parish                ,284,284,49292511,0,0,0,0,0,0,0,0,0,252,252,44004318,0,0,0,0,0,0,0,0,0
202006,22,017,3,7,Caddo Parish                  ,114,114,27576317,0,0,0,0,0,0,0,0,0,114,114,27576317,0,0,0,0,0,0,0,0,0
202006,22,031,3,7,De Soto Parish                ,55,55,13659925,0,0,0,0,0,0,0,0,0,50,50,12134039,0,0,0,0,0,0,0,0,0
202006,22,033,3,7,East Baton Rouge Parish       ,669,669,159968062,2,4,17841000,0,0,0,0,0,0,667,667,159666694,2,4,17841000,0,0,0,0,0,0
202006,22,037,3,7,East Feliciana Parish         ,25,25,5185113,0,0,0,0,0,0,0,0,0,25,25,5185113,0,0,0,0,0,0,0,0,0
202006,22,047,3,7,Iberville Parish              ,53,53,12649283,0,0,0,0,0,0,0,0,0,2,2,137000,0,0,0,0,0,0,0,0,0
202006,22,051,3,7,Jefferson Parish              ,272,272,64068334,0,0,0,0,0,0,0,0,0,266,266,62956631,0,0,0,0,0,0,0,0,0
202006,22,055,3,7,Lafayette Parish              ,1063,1063,179508589,0,0,0,0,0,0,0,0,0,1063,1063,179508589,0,0,0,0,0,0,0,0,0
202006,22,063,3,7,Livingston Parish             ,460,460,95276916,0,0,0,0,0,0,0,0,0,372,372,77452207,0,0,0,0,0,0,0,0,0
202006,22,071,3,7,Orleans Parish                ,307,307,72091719,66,132,15161717,3,11,2647246,7,371,66595523,160,160,38982183,42,84,10199243,0,0,0,4,236,38752752
202006,22,075,3,7,Plaquemines Parish            ,51,51,18279014,0,0,0,0,0,0,0,0,0,51,51,18279014,0,0,0,0,0,0,0,0,0
202006,22,077,3,7,Pointe Coupee Parish          ,25,25,7800164,0,0,0,0,0,0,0,0,0,25,25,7800164,0,0,0,0,0,0,0,0,0
202006,22,087,3,7,St. Bernard Parish            ,115,115,21640326,5,10,730000,0,0,0,0,0,0,115,115,21640326,5,10,730000,0,0,0,0,0,0
202006,22,089,3,7,St. Charles Parish            ,61,61,16913352,0,0,0,0,0,0,0,0,0,61,61,16913352,0,0,0,0,0,0,0,0,0
202006,22,091,3,7,St. Helena Parish             ,15,15,2684304,0,0,0,0,0,0,0,0,0,0,0,0,0,0,0,0,0,0,0,0,0
202006,22,095,3,7,St. John the Baptist Parish   ,41,41,7299396,0,0,0,0,0,0,0,0,0,41,41,7299396,0,0,0,0,0,0,0,0,0
202006,22,099,3,7,St. Martin Parish             ,99,99,18742099,0,0,0,0,0,0,0,0,0,15,15,3339995,0,0,0,0,0,0,0,0,0
202006,22,103,3,7,St. Tammany Parish            ,781,781,178956245,0,0,0,0,0,0,0,0,0,758,758,169931630,0,0,0,0,0,0,0,0,0
202006,22,109,3,7,Terrebonne Parish             ,69,69,18263809,5,10,777779,1,3,261750,0,0,0,0,0,0,0,0,0,0,0,0,0,0,0
202006,22,121,3,7,West Baton Rouge Parish       ,117,117,21683693,0,0,0,0,0,0,0,0,0,111,111,21137321,0,0,0,0,0,0,0,0,0
202006,22,125,3,7,West Feliciana Parish         ,31,31,8190699,0,0,0,0,0,0,0,0,0,31,31,8190699,0,0,0,0,0,0,0,0,0
202006,23,000,1,1,Maine Unorganized Territory   ,39,39,5179210,0,0,0,0,0,0,0,0,0,0,0,0,0,0,0,0,0,0,0,0,0
202006,24,003,3,5,Anne Arundel County           ,918,918,156301371,0,0,0,0,0,0,2,24,6040159,918,918,156301371,0,0,0,0,0,0,2,24,6040159
202006,24,005,3,5,Baltimore County              ,312,312,76714000,0,0,0,0,0,0,2,267,65000000,312,312,76714000,0,0,0,0,0,0,2,267,65000000
202006,24,009,3,5,Calvert County                ,109,109,25692362,0,0,0,0,0,0,4,96,11000000,109,109,25692362,0,0,0,0,0,0,4,96,11000000
202006,24,013,3,5,Carroll County                ,164,164,34942443,0,0,0,0,0,0,0,0,0,164,164,34942443,0,0,0,0,0,0,0,0,0
202006,24,015,3,5,Cecil County                  ,107,107,23374263,0,0,0,0,0,0,0,0,0,107,107,23374263,0,0,0,0,0,0,0,0,0
202006,24,017,3,5,Charles County                ,368,368,105749304,0,0,0,0,0,0,0,0,0,360,360,104097758,0,0,0,0,0,0,0,0,0
202006,24,021,3,5,Frederick County              ,910,910,224123945,0,0,0,3,12,1569546,15,266,38370726,910,910,224123945,0,0,0,3,12,1569546,15,266,38370726
202006,24,023,3,5,Garrett County                ,50,50,18805701,0,0,0,0,0,0,0,0,0,50,50,18805701,0,0,0,0,0,0,0,0,0
202006,24,025,3,5,Harford County                ,397,397,104074924,0,0,0,0,0,0,7,128,15808934,397,397,104074924,0,0,0,0,0,0,7,128,15808934
202006,24,027,3,5,Howard County                 ,283,283,60943164,0,0,0,0,0,0,6,183,21150000,283,283,60943164,0,0,0,0,0,0,6,183,21150000
202006,24,031,3,5,Montgomery County             ,534,534,114520208,4,8,680000,0,0,0,7,521,123688977,448,448,94297277,4,8,680000,0,0,0,4,432,111354066
202006,24,033,3,5,Prince George County          ,976,976,230296569,2,4,487674,0,0,0,0,0,0,962,962,226364539,0,0,0,0,0,0,0,0,0
202006,24,035,3,5,Queen Anne County             ,113,113,23857806,0,0,0,0,0,0,1,21,2400000,113,113,23857806,0,0,0,0,0,0,1,21,2400000
202006,24,037,3,5,St. Marys County              ,455,455,74889446,0,0,0,0,0,0,14,79,12500801,300,300,44413000,0,0,0,0,0,0,12,68,12284000
202006,24,039,3,5,Somerset County               ,10,10,2063492,0,0,0,0,0,0,0,0,0,0,0,0,0,0,0,0,0,0,0,0,0
202006,24,045,3,5,Wicomico County               ,84,84,15867640,0,0,0,1,4,351892,4,29,2824865,59,59,11180497,0,0,0,1,4,351892,4,29,2824865
202006,24,510,3,5,Baltimore (Independent City)  ,32,32,5050000,0,0,0,0,0,0,12,888,172047601,32,32,5050000,0,0,0,0,0,0,12,888,172047601
202006,25,005,1,1,Bristol County                ,272,272,61424785,3,6,605000,0,0,0,0,0,0,184,184,42780791,3,6,605000,0,0,0,0,0,0
202006,25,009,1,1,Essex County                  ,206,206,66827166,19,38,8158490,3,9,1830000,12,249,32590792,154,154,48961365,12,24,4878390,3,9,1830000,4,205,25101937
202006,25,017,1,1,Middlesex County              ,659,659,203434152,57,114,17227304,11,38,8578921,86,1463,214981577,478,478,149592299,52,104,15001566,7,26,6031348,15,748,131410764
202006,25,021,1,1,Norfolk County                ,321,321,128150500,22,44,7375100,3,9,1339972,24,529,40826648,211,211,94682683,20,40,6775896,0,0,0,3,256,18012500
202006,25,023,1,1,Plymouth County               ,485,485,119645101,2,4,560000,2,8,1080000,6,84,14386687,228,228,57988974,2,4,560000,2,8,1080000,1,58,11059614
202006,25,025,1,1,Suffolk County                ,12,12,3051234,20,40,9184356,17,54,11976085,51,1755,1038665899,8,8,2348534,18,36,8745586,17,54,11976085,39,1688,1024935250
202006,26,000,2,3,Michigan Balance of State     ,27,27,5069177,0,0,0,0,0,0,0,0,0,0,0,0,0,0,0,0,0,0,0,0,0
202006,26,019,2,3,Benzie County                 ,19,19,4877826,0,0,0,0,0,0,0,0,0,0,0,0,0,0,0,0,0,0,0,0,0
202006,26,029,2,3,Charlevoix County             ,47,47,11503760,2,4,452780,0,0,0,0,0,0,0,0,0,0,0,0,0,0,0,0,0,0
202006,26,089,2,3,Leelanau County               ,38,38,8486500,0,0,0,0,0,0,0,0,0,38,38,8486500,0,0,0,0,0,0,0,0,0
202006,26,093,2,3,Livingston County             ,229,229,60550139,4,8,1120000,0,0,0,0,0,0,219,219,59007951,4,8,1120000,0,0,0,0,0,0
202006,26,095,2,3,Luce County                   ,6,6,1430400,0,0,0,0,0,0,0,0,0,5,5,1192000,0,0,0,0,0,0,0,0,0
202006,26,099,2,3,Macomb County                 ,505,505,169364231,9,18,1260000,1,3,69600,4,204,22662906,479,479,162127972,9,18,1260000,0,0,0,2,192,21291478
202006,26,103,2,3,Marquette County              ,25,25,7784321,2,4,500000,0,0,0,0,0,0,25,25,7784321,2,4,500000,0,0,0,0,0,0
202006,26,137,2,3,Otsego County                 ,10,10,810000,0,0,0,0,0,0,0,0,0,0,0,0,0,0,0,0,0,0,0,0,0
202006,26,147,2,3,St. Clair County              ,78,78,15878950,0,0,0,0,0,0,0,0,0,70,70,14324897,0,0,0,0,0,0,0,0,0
202006,26,163,2,3,Wayne County                  ,374,374,79000348,2,4,658224,2,8,1409560,10,151,41469195,328,328,72122241,2,4,658224,2,8,1409560,10,151,41469195
202006,27,003,2,4,Anoka County                  ,402,402,118909291,0,0,0,3,12,2431539,6,162,10173144,360,360,107592549,0,0,0,3,12,2431539,5,150,8968024
202006,27,019,2,4,Carver County                 ,277,277,87947768,2,4,588000,1,4,1009326,0,0,0,270,270,85450767,2,4,588000,1,4,1009326,0,0,0
202006,27,025,2,4,Chisago County                ,99,99,18103829,0,0,0,0,0,0,0,0,0,97,97,17685163,0,0,0,0,0,0,0,0,0
202006,27,027,2,4,Clay County                   ,93,93,23258600,0,0,0,0,0,0,1,33,5400000,93,93,23258600,0,0,0,0,0,0,1,33,5400000
202006,27,037,2,4,Dakota County                 ,481,481,139248606,0,0,0,1,4,800000,11,179,20001366,477,477,137798194,0,0,0,1,4,800000,8,146,15318400
202006,27,053,2,4,Hennepin County               ,779,779,322064490,6,12,1887574,3,11,3426339,32,3552,625431982,687,687,288914533,6,12,1887574,3,11,3426339,32,3552,625431982
202006,27,059,2,4,Isanti County                 ,96,96,18647597,0,0,0,0,0,0,0,0,0,96,96,18647597,0,0,0,0,0,0,0,0,0
202006,27,123,2,4,Ramsey County                 ,71,71,25497267,0,0,0,1,4,782136,10,1181,169373129,68,68,23576935,0,0,0,1,4,782136,10,1181,169373129
202006,27,139,2,4,Scott County                  ,255,255,87825592,2,4,1119044,0,0,0,1,16,2000000,254,254,87614403,1,2,723000,0,0,0,1,16,2000000
202006,27,141,2,4,Sherburne County              ,190,190,43951371,0,0,0,1,4,666556,1,5,931316,161,161,38412400,0,0,0,1,4,666556,0,0,0
202006,27,163,2,4,Washington County             ,495,495,159414685,1,2,428000,1,3,526000,7,305,41256813,464,464,148291883,1,2,428000,1,3,526000,4,271,38450000
202006,27,171,2,4,Wright County                 ,386,386,113065618,1,2,430000,0,0,0,6,77,12689113,380,380,111756097,1,2,430000,0,0,0,2,57,10630609
202006,28,033,3,6,DeSoto County                 ,802,802,142502360,0,0,0,0,0,0,0,0,0,709,709,129161525,0,0,0,0,0,0,0,0,0
202006,28,041,3,6,Greene County                 ,4,4,836304,0,0,0,0,0,0,0,0,0,4,4,836304,0,0,0,0,0,0,0,0,0
202006,28,045,3,6,Hancock County                ,257,257,45040173,0,0,0,7,22,2207949,6,47,3979147,78,78,17382126,0,0,0,0,0,0,0,0,0
202006,28,047,3,6,Harrison County               ,766,766,140679521,6,12,1335000,1,4,400000,11,264,21648000,692,692,131915462,3,6,600000,1,4,400000,11,264,21648000
202006,28,067,3,6,Jones County                  ,93,93,12079000,0,0,0,0,0,0,0,0,0,93,93,12079000,0,0,0,0,0,0,0,0,0
202006,28,129,3,6,Smith County                  ,0,0,0,0,0,0,0,0,0,0,0,0,0,0,0,0,0,0,0,0,0,0,0,0
202006,28,137,3,6,Tate County                   ,74,74,16214835,0,0,0,0,0,0,0,0,0,61,61,13599562,0,0,0,0,0,0,0,0,0
202006,28,143,3,6,Tunica County                 ,50,50,11362677,0,0,0,0,0,0,0,0,0,0,0,0,0,0,0,0,0,0,0,0,0
202006,28,145,3,6,Union County                  ,4,4,390000,0,0,0,0,0,0,0,0,0,4,4,390000,0,0,0,0,0,0,0,0,0
202006,28,149,3,6,Warren County                 ,11,11,2230930,0,0,0,0,0,0,0,0,0,5,5,740000,0,0,0,0,0,0,0,0,0
202006,29,013,2,4,Bates County                  ,0,0,0,0,0,0,0,0,0,0,0,0,0,0,0,0,0,0,0,0,0,0,0,0
202006,29,017,2,4,Bollinger County              ,0,0,0,0,0,0,0,0,0,0,0,0,0,0,0,0,0,0,0,0,0,0,0,0
202006,29,019,2,4,Boone County                  ,375,375,96978075,0,0,0,0,0,0,1,12,1200000,375,375,96978075,0,0,0,0,0,0,1,12,1200000
202006,29,049,2,4,Clinton County                ,28,28,7074648,0,0,0,0,0,0,0,0,0,18,18,4796152,0,0,0,0,0,0,0,0,0
202006,29,065,2,4,Dent County                   ,0,0,0,0,0,0,0,0,0,0,0,0,0,0,0,0,0,0,0,0,0,0,0,0
202006,29,071,2,4,Franklin County               ,192,192,44751894,2,4,537421,0,0,0,5,50,3025000,169,169,38950877,2,4,537421,0,0,0,5,50,3025000
202006,29,095,2,4,Jackson County                ,881,881,207641269,31,62,5918753,13,52,6537584,40,1187,136011537,845,845,198281845,31,62,5918753,13,52,6537584,39,1182,135430777
202006,29,099,2,4,Jefferson County              ,380,380,96734048,1,2,250000,0,0,0,0,0,0,366,366,94959696,1,2,250000,0,0,0,0,0,0
202006,29,105,2,4,Laclede County                ,19,19,3283475,1,2,199050,0,0,0,0,0,0,19,19,3283475,1,2,199050,0,0,0,0,0,0
202006,29,107,2,4,Lafayette County              ,37,37,8470260,0,0,0,0,0,0,0,0,0,35,35,8141747,0,0,0,0,0,0,0,0,0
202006,29,113,2,4,Lincoln County                ,88,88,12186822,0,0,0,0,0,0,0,0,0,88,88,12186822,0,0,0,0,0,0,0,0,0
202006,29,165,2,4,Platte County                 ,194,194,39333966,2,4,1120000,0,0,0,3,74,5714557,177,177,35806826,2,4,1120000,0,0,0,2,48,3600000
202006,29,185,2,4,St. Clair County              ,1,1,150000,0,0,0,0,0,0,0,0,0,1,1,150000,0,0,0,0,0,0,0,0,0
202006,29,189,2,4,St. Louis County              ,441,441,197034322,0,0,0,0,0,0,4,258,17394200,374,374,166503483,0,0,0,0,0,0,2,238,15451157
202006,29,219,2,4,Warren County                 ,147,147,36022068,0,0,0,0,0,0,1,6,438180,147,147,36022068,0,0,0,0,0,0,1,6,438180
202006,29,221,2,4,Washington County             ,0,0,0,0,0,0,0,0,0,0,0,0,0,0,0,0,0,0,0,0,0,0,0,0
202006,29,510,2,4,St. Louis (Independent City)  ,57,57,10896489,1,2,330000,1,3,658333,4,134,11542959,20,20,3712000,1,2,330000,0,0,0,1,61,6669955
202006,30,013,4,8,Cascade County                ,53,53,15003480,1,2,320693,0,0,0,1,12,925000,53,53,15003480,1,2,320693,0,0,0,1,12,925000
202006,30,033,4,8,Garfield County               ,0,0,0,0,0,0,0,0,0,0,0,0,0,0,0,0,0,0,0,0,0,0,0,0
202006,30,063,4,8,Missoula County               ,177,177,43179334,4,8,554953,0,0,0,4,47,1868723,177,177,43179334,4,8,554953,0,0,0,4,47,1868723
202006,30,093,4,8,Silver Bow County             ,17,17,2081041,27,54,4310000,0,0,0,0,0,0,17,17,2081041,27,54,4310000,0,0,0,0,0,0
202006,31,001,2,4,Adams County                  ,26,26,6220507,0,0,0,0,0,0,0,0,0,24,24,5664079,0,0,0,0,0,0,0,0,0
202006,31,025,2,4,Cass County                   ,60,60,12406459,3,6,516438,0,0,0,0,0,0,34,34,7779898,2,4,298853,0,0,0,0,0,0
202006,31,033,2,4,Cheyenne County               ,1,1,237744,0,0,0,0,0,0,0,0,0,1,1,237744,0,0,0,0,0,0,0,0,0
202006,31,055,2,4,Douglas County                ,773,773,121435890,3,6,1094204,0,0,0,31,549,39917740,767,767,119134248,3,6,1094204,0,0,0,31,549,39917740
202006,31,105,2,4,Kimball County                ,0,0,0,0,0,0,0,0,0,0,0,0,0,0,0,0,0,0,0,0,0,0,0,0
202006,31,153,2,4,Sarpy County                  ,493,493,138286895,2,4,1173065,0,0,0,5,108,8426587,441,441,124860410,2,4,1173065,0,0,0,5,108,8426587
202006,31,165,2,4,Sioux County                  ,0,0,0,0,0,0,0,0,0,0,0,0,0,0,0,0,0,0,0,0,0,0,0,0
202006,31,177,2,4,Washington County             ,36,36,11440784,0,0,0,0,0,0,0,0,0,36,36,11440784,0,0,0,0,0,0,0,0,0
202006,32,001,4,8,Churchill County              ,46,46,9630482,0,0,0,0,0,0,0,0,0,46,46,9630482,0,0,0,0,0,0,0,0,0
202006,32,003,4,8,Clark County                  ,4289,4289,1130986839,84,168,10801247,86,286,31793006,87,1392,102468276,4289,4289,1130986839,84,168,10801247,86,286,31793006,87,1392,102468276
202006,32,005,4,8,Douglas County                ,93,93,39290321,0,0,0,0,0,0,0,0,0,93,93,39290321,0,0,0,0,0,0,0,0,0
202006,32,007,4,8,Elko County                   ,86,86,13907462,0,0,0,0,0,0,0,0,0,84,84,13774128,0,0,0,0,0,0,0,0,0
202006,32,013,4,8,Humboldt County               ,7,7,859709,0,0,0,0,0,0,0,0,0,7,7,859709,0,0,0,0,0,0,0,0,0
202006,32,015,4,8,Lander County                 ,5,5,568195,0,0,0,0,0,0,0,0,0,5,5,568195,0,0,0,0,0,0,0,0,0
202006,32,017,4,8,Lincoln County                ,6,6,851834,0,0,0,0,0,0,0,0,0,6,6,851834,0,0,0,0,0,0,0,0,0
202006,32,019,4,8,Lyon County                   ,164,164,40100830,0,0,0,0,0,0,0,0,0,164,164,40100830,0,0,0,0,0,0,0,0,0
202006,32,021,4,8,Mineral County                ,0,0,0,0,0,0,0,0,0,0,0,0,0,0,0,0,0,0,0,0,0,0,0,0
202006,32,027,4,8,Pershing County               ,0,0,0,0,0,0,0,0,0,0,0,0,0,0,0,0,0,0,0,0,0,0,0,0
202006,32,029,4,8,Storey County                 ,4,4,329234,0,0,0,0,0,0,0,0,0,3,3,179669,0,0,0,0,0,0,0,0,0
202006,32,031,4,8,Washoe County                 ,1154,1154,311987914,9,18,1933554,5,17,2132958,44,840,101372175,274,274,65218226,0,0,0,0,0,0,0,0,0
202006,32,033,4,8,White Pine County             ,4,4,773183,0,0,0,0,0,0,0,0,0,4,4,773183,0,0,0,0,0,0,0,0,0
202006,32,510,4,8,Carson City (Independent City),84,84,22112127,0,0,0,1,3,381851,6,45,4493006,0,0,0,0,0,0,0,0,0,0,0,0
202006,33,015,1,1,Rockingham County             ,310,310,84251735,17,34,6259805,3,11,1473338,11,130,29004238,228,228,61751855,13,26,4334657,2,8,1061092,4,94,25768806
202006,33,017,1,1,Strafford County              ,149,149,22801243,2,4,565000,1,3,425000,8,88,16618572,85,85,17792610,2,4,565000,1,3,425000,3,36,5271000
202006,34,001,1,2,Atlantic County               ,236,236,49763005,2,4,668800,0,0,0,7,92,11236002,224,224,45720153,2,4,668800,0,0,0,1,5,1
202006,34,003,1,2,Bergen County                 ,520,520,114700256,52,104,15682813,5,16,483827,76,813,119009095,360,360,70175163,43,86,12837859,3,10,100004,28,342,60390931
202006,34,005,1,2,Burlington County             ,357,357,49071125,1,2,24000,5,17,633026,26,211,18646172,229,229,33308258,1,2,24000,4,14,429500,12,109,8928104
202006,34,007,1,2,Camden County                 ,94,94,15134422,0,0,0,0,0,0,21,259,20182962,79,79,13426714,0,0,0,0,0,0,12,165,13035724
202006,34,009,1,2,Cape May County               ,198,198,62603749,40,80,15784899,1,3,20000,1,5,616200,192,192,60601850,38,76,15405061,0,0,0,1,5,616200
202006,34,011,1,2,Cumberland County             ,64,64,3679144,0,0,0,0,0,0,0,0,0,63,63,3566938,0,0,0,0,0,0,0,0,0
202006,34,013,1,2,Essex County                  ,203,203,34396874,39,78,8131412,14,45,4837128,31,365,33658698,132,132,23805668,34,68,7220721,10,32,2131786,10,107,11305309
202006,34,015,1,2,Gloucester County             ,278,278,35548807,0,0,0,0,0,0,10,58,5756543,211,211,26932564,0,0,0,0,0,0,0,0,0
202006,34,017,1,2,Hudson County                 ,39,39,12881160,31,62,7649232,23,74,13356041,39,3344,495433079,31,31,10836490,26,52,6587500,20,65,12595187,31,3083,412992305
202006,34,019,1,2,Hunterdon County              ,61,61,12174786,2,4,466400,0,0,0,14,99,4595665,42,42,8427630,0,0,0,0,0,0,2,25,663250
202006,34,021,1,2,Mercer County                 ,118,118,21046042,0,0,0,5,18,729250,11,78,3732119,112,112,19692099,0,0,0,4,15,712750,4,40,1947000
202006,34,023,1,2,Middlesex County              ,371,371,55463374,4,8,823752,6,20,335422,19,690,31966818,344,344,51348650,2,4,587400,6,20,335422,13,581,11596670
202006,34,025,1,2,Monmouth County               ,655,655,146593204,1,2,144000,1,4,737600,12,250,30581397,561,561,117742848,1,2,144000,1,4,737600,11,245,30122874
202006,34,027,1,2,Morris County                 ,487,487,76981577,2,4,195002,0,0,0,16,222,13851552,386,386,51849340,1,2,190000,0,0,0,6,150,6771000
202006,34,029,1,2,Ocean County                  ,1335,1335,179834289,17,34,1423904,9,31,779780,19,152,9756861,1170,1170,153537117,10,20,987104,8,28,659552,15,125,8067000
202006,34,031,1,2,Passaic County                ,46,46,10247092,7,14,861582,1,3,144000,16,215,15310822,21,21,5933652,2,4,232500,0,0,0,5,97,9650500
202006,34,033,1,2,Salem County                  ,15,15,3067212,0,0,0,0,0,0,0,0,0,11,11,2401900,0,0,0,0,0,0,0,0,0
202006,34,035,1,2,Somerset County               ,152,152,25478214,1,2,166500,14,47,7015423,13,165,12914072,109,109,18378851,0,0,0,12,40,5595382,3,53,2650000
202006,34,037,1,2,Sussex County                 ,81,81,10474254,0,0,0,3,12,1455300,0,0,0,74,74,8637714,0,0,0,3,12,1455300,0,0,0
202006,34,039,1,2,Union County                  ,102,102,21975964,46,92,8550050,3,9,788423,32,614,36153523,58,58,12633569,45,90,8271850,1,3,342000,7,160,13942273
202006,34,041,1,2,Warren County                 ,84,84,10894583,1,2,46300,0,0,0,16,84,4276032,51,51,5259300,1,2,46300,0,0,0,15,79,3792792
202006,35,000,4,8,New Mexico Balance of State   ,177,177,47979082,0,0,0,0,0,0,0,0,0,0,0,0,0,0,0,0,0,0,0,0,0
202006,35,001,4,8,Bernalillo County             ,583,583,160892913,0,0,0,0,0,0,0,0,0,583,583,160892913,0,0,0,0,0,0,0,0,0
202006,35,005,4,8,Chaves County                 ,34,34,7141251,0,0,0,0,0,0,0,0,0,29,29,6291328,0,0,0,0,0,0,0,0,0
202006,35,009,4,8,Curry County                  ,25,25,6303686,0,0,0,0,0,0,4,20,1843752,0,0,0,0,0,0,0,0,0,0,0,0
202006,35,013,4,8,Dona Ana County               ,486,486,122273202,1,2,256944,0,0,0,0,0,0,444,444,110024858,1,2,256944,0,0,0,0,0,0
202006,35,015,4,8,Eddy County                   ,108,108,28482452,0,0,0,0,0,0,5,34,2566037,29,29,8564780,0,0,0,0,0,0,0,0,0
202006,35,017,4,8,Grant County                  ,3,3,486240,0,0,0,0,0,0,0,0,0,0,0,0,0,0,0,0,0,0,0,0,0
202006,35,025,4,8,Lea County                    ,75,75,16202300,0,0,0,0,0,0,0,0,0,0,0,0,0,0,0,0,0,0,0,0,0
202006,35,027,4,8,Lincoln County                ,24,24,7604359,0,0,0,0,0,0,0,0,0,24,24,7604359,0,0,0,0,0,0,0,0,0
202006,35,028,4,8,Los Alamos County             ,16,16,3972244,0,0,0,0,0,0,0,0,0,16,16,3972244,0,0,0,0,0,0,0,0,0
202006,35,029,4,8,Luna County                   ,3,3,645635,0,0,0,0,0,0,0,0,0,2,2,466835,0,0,0,0,0,0,0,0,0
202006,35,031,4,8,McKinley County               ,0,0,0,0,0,0,0,0,0,0,0,0,0,0,0,0,0,0,0,0,0,0,0,0
202006,35,035,4,8,Otero County                  ,0,0,0,0,0,0,0,0,0,0,0,0,0,0,0,0,0,0,0,0,0,0,0,0
202006,35,041,4,8,Roosevelt County              ,8,8,1226004,0,0,0,0,0,0,0,0,0,0,0,0,0,0,0,0,0,0,0,0,0
202006,35,043,4,8,Sandoval County               ,325,325,71501553,0,0,0,3,9,996386,6,33,1374998,5,5,1771200,0,0,0,0,0,0,0,0,0
202006,35,045,4,8,San Juan County               ,28,28,6223141,0,0,0,0,0,0,0,0,0,28,28,6223141,0,0,0,0,0,0,0,0,0
202006,35,047,4,8,San Miguel County             ,1,1,70000,0,0,0,0,0,0,0,0,0,1,1,70000,0,0,0,0,0,0,0,0,0
202006,35,049,4,8,Santa Fe County               ,157,157,41713994,0,0,0,0,0,0,2,48,6000000,157,157,41713994,0,0,0,0,0,0,2,48,6000000
202006,35,051,4,8,Sierra County                 ,0,0,0,0,0,0,0,0,0,0,0,0,0,0,0,0,0,0,0,0,0,0,0,0
202006,35,055,4,8,Taos County                   ,30,30,6738644,0,0,0,0,0,0,0,0,0,29,29,6500005,0,0,0,0,0,0,0,0,0
202006,36,001,1,2,Albany County                 ,159,159,39671523,4,8,1305000,11,44,5500000,7,80,4500000,153,153,38575876,4,8,1305000,11,44,5500000,7,80,4500000
202006,36,005,1,2,Bronx County                  ,4,4,1049634,4,8,1202628,5,17,2261816,28,1109,137165660,4,4,1049634,4,8,1202628,5,17,2261816,28,1109,137165660
202006,36,029,1,2,Erie County                   ,330,330,110041538,3,6,828000,3,12,2898200,7,111,23102018,278,278,92444157,3,6,828000,3,12,2898200,0,0,0
202006,36,047,1,2,Kings County                  ,27,27,7117725,25,50,7536806,12,37,4878818,76,3280,344859108,25,25,6589399,23,46,6938718,9,27,3586122,63,2758,338103474
202006,36,051,1,2,Livingston County             ,20,20,5442000,0,0,0,0,0,0,1,5,250000,16,16,4605000,0,0,0,0,0,0,0,0,0
202006,36,055,1,2,Monroe County                 ,261,261,66285200,2,4,1150000,6,21,2280000,16,308,41320582,228,228,60937709,2,4,1150000,4,15,1800000,11,225,31700521
202006,36,059,1,2,Nassau County                 ,245,245,105113786,3,6,1050000,1,3,399144,17,216,37095061,152,152,83812877,1,2,500000,1,3,399144,9,107,18800000
202006,36,061,1,2,New York County               ,0,0,0,1,2,300657,0,0,0,15,1087,133355438,0,0,0,1,2,300657,0,0,0,15,1087,133355438
202006,36,063,1,2,Niagara County                ,58,58,16851875,2,4,750000,0,0,0,1,39,681080,47,47,13516153,1,2,650000,0,0,0,1,39,681080
202006,36,069,1,2,Ontario County                ,135,135,30413715,2,4,565440,0,0,0,0,0,0,120,120,26755253,2,4,565440,0,0,0,0,0,0
202006,36,073,1,2,Orleans County                ,12,12,2308409,0,0,0,0,0,0,1,5,937500,11,11,2046000,0,0,0,0,0,0,0,0,0
202006,36,079,1,2,Putnam County                 ,15,15,4495915,0,0,0,0,0,0,0,0,0,13,13,4330915,0,0,0,0,0,0,0,0,0
202006,36,081,1,2,Queens County                 ,20,20,5271519,32,64,9629882,8,24,3191917,46,3488,431539529,20,20,5271519,32,64,9629882,8,24,3191917,46,3488,431539529
202006,36,083,1,2,Rensselaer County             ,46,46,11595641,0,0,0,0,0,0,1,5,400000,28,28,6694500,0,0,0,0,0,0,0,0,0
202006,36,085,1,2,Richmond County               ,40,40,10569303,37,74,11180374,0,0,0,0,0,0,40,40,10569303,37,74,11180374,0,0,0,0,0,0
202006,36,087,1,2,Rockland County               ,31,31,8647010,11,22,3326868,7,21,2498100,12,163,21077957,9,9,2690000,0,0,0,0,0,0,7,132,17030019
202006,36,091,1,2,Saratoga County               ,271,271,78374694,3,6,660000,3,10,1710000,10,86,18431614,209,209,55794592,3,6,660000,3,10,1710000,3,48,16344582
202006,36,093,1,2,Schenectady County            ,28,28,6350526,0,0,0,0,0,0,2,55,7328415,20,20,4660807,0,0,0,0,0,0,2,55,7328415
202006,36,095,1,2,Schoharie County              ,14,14,3091965,0,0,0,0,0,0,0,0,0,10,10,2287289,0,0,0,0,0,0,0,0,0
202006,36,099,1,2,Seneca County                 ,18,18,2382460,0,0,0,0,0,0,0,0,0,10,10,1334000,0,0,0,0,0,0,0,0,0
202006,36,103,1,2,Suffolk County                ,246,246,208944451,0,0,0,1,3,560670,0,0,0,231,231,200859528,0,0,0,1,3,560670,0,0,0
202006,36,117,1,2,Wayne County                  ,37,37,8497697,3,6,725000,0,0,0,2,16,600000,30,30,7124500,3,6,725000,0,0,0,2,16,600000
202006,36,119,1,2,Westchester County            ,113,113,67533478,10,20,2429873,2,6,240000,19,785,137212499,87,87,53667225,3,6,898725,0,0,0,7,337,63677628
202006,37,007,3,5,Anson County                  ,25,25,3746625,0,0,0,0,0,0,0,0,0,0,0,0,0,0,0,0,0,0,0,0,0
202006,37,011,3,5,Avery County                  ,54,54,24659748,0,0,0,0,0,0,1,8,350000,54,54,24659748,0,0,0,0,0,0,1,8,350000
202006,37,015,3,5,Bertie County                 ,9,9,1519866,0,0,0,0,0,0,0,0,0,9,9,1519866,0,0,0,0,0,0,0,0,0
202006,37,025,3,5,Cabarrus County               ,1037,1037,161336925,0,0,0,0,0,0,4,132,2399000,1037,1037,161336925,0,0,0,0,0,0,4,132,2399000
202006,37,033,3,5,Caswell County                ,12,12,2797568,0,0,0,0,0,0,0,0,0,12,12,2797568,0,0,0,0,0,0,0,0,0
202006,37,037,3,5,Chatham County                ,277,277,94366079,0,0,0,0,0,0,0,0,0,277,277,94366079,0,0,0,0,0,0,0,0,0
202006,37,051,3,5,Cumberland County             ,283,283,49271222,1,2,343204,0,0,0,3,66,12000000,283,283,49271222,0,0,0,0,0,0,3,66,12000000
202006,37,053,3,5,Currituck County              ,250,250,53621866,0,0,0,0,0,0,0,0,0,250,250,53621866,0,0,0,0,0,0,0,0,0
202006,37,059,3,5,Davie County                  ,81,81,17680605,0,0,0,0,0,0,6,85,3351947,0,0,0,0,0,0,0,0,0,0,0,0
202006,37,063,3,5,Durham County                 ,1080,1080,207345999,4,8,679588,2,6,1499936,20,737,89849844,0,0,0,0,0,0,0,0,0,0,0,0
202006,37,069,3,5,Franklin County               ,318,318,69151567,0,0,0,0,0,0,0,0,0,318,318,69151567,0,0,0,0,0,0,0,0,0
202006,37,071,3,5,Gaston County                 ,663,663,190322987,2,4,441754,0,0,0,1,84,11026840,567,567,157991906,1,2,256304,0,0,0,1,84,11026840
202006,37,077,3,5,Granville County              ,157,157,30868974,0,0,0,0,0,0,0,0,0,157,157,30868974,0,0,0,0,0,0,0,0,0
202006,37,081,3,5,Guilford County               ,744,744,170628783,1,2,133000,0,0,0,18,572,57525931,687,687,151070923,1,2,133000,0,0,0,18,572,57525931
202006,37,089,3,5,Henderson County              ,256,256,74405112,0,0,0,0,0,0,0,0,0,256,256,74405112,0,0,0,0,0,0,0,0,0
202006,37,093,3,5,Hoke County                   ,183,183,43039117,0,0,0,0,0,0,0,0,0,183,183,43039117,0,0,0,0,0,0,0,0,0
202006,37,097,3,5,Iredell County                ,703,703,182124058,0,0,0,0,0,0,0,0,0,703,703,182124058,0,0,0,0,0,0,0,0,0
202006,37,101,3,5,Johnston County               ,1650,1650,270864719,0,0,0,0,0,0,0,0,0,1574,1574,259612648,0,0,0,0,0,0,0,0,0
202006,37,119,3,5,Mecklenburg County            ,3206,3206,754803291,5,10,1555625,2,7,753825,60,2317,234459852,3206,3206,754803291,5,10,1555625,2,7,753825,60,2317,234459852
202006,37,133,3,5,Onslow County                 ,614,614,98489199,0,0,0,1,4,320000,0,0,0,614,614,98489199,0,0,0,1,4,320000,0,0,0
202006,37,135,3,5,Orange County                 ,152,152,47688033,1,2,152000,0,0,0,0,0,0,152,152,47688033,1,2,152000,0,0,0,0,0,0
202006,37,145,3,5,Person County                 ,109,109,25724756,0,0,0,0,0,0,0,0,0,100,100,23651846,0,0,0,0,0,0,0,0,0
202006,37,151,3,5,Randolph County               ,190,190,43875134,1,2,84091,0,0,0,0,0,0,171,171,42102676,0,0,0,0,0,0,0,0,0
202006,37,157,3,5,Rockingham County             ,102,102,27904341,2,4,464031,0,0,0,0,0,0,87,87,24059244,2,4,464031,0,0,0,0,0,0
202006,37,179,3,5,Union County                  ,932,932,200374466,0,0,0,0,0,0,5,256,36817885,932,932,200374466,0,0,0,0,0,0,5,256,36817885
202006,37,181,3,5,Vance County                  ,55,55,7542263,0,0,0,0,0,0,0,0,0,55,55,7542263,0,0,0,0,0,0,0,0,0
202006,37,183,3,5,Wake County                   ,3845,3845,969598741,5,10,1593542,1,4,650275,38,2124,299601784,3795,3795,962558126,5,10,1593542,1,4,650275,35,2018,288621113
202006,37,195,3,5,Wilson County                 ,89,89,15882206,8,16,688720,0,0,0,6,144,9694000,89,89,15882206,8,16,688720,0,0,0,6,144,9694000
202006,39,007,2,3,Ashtabula County              ,43,43,8060148,1,2,200000,2,6,440000,0,0,0,43,43,8060148,1,2,200000,2,6,440000,0,0,0
202006,39,015,2,3,Brown County                  ,48,48,13234068,0,0,0,0,0,0,0,0,0,48,48,13234068,0,0,0,0,0,0,0,0,0
202006,39,017,2,3,Butler County                 ,503,503,111534180,4,8,1115000,0,0,0,0,0,0,439,439,101138712,4,8,1115000,0,0,0,0,0,0
202006,39,025,2,3,Clermont County               ,264,264,59537481,8,16,2362971,5,18,1900000,7,54,3403550,264,264,59537481,8,16,2362971,5,18,1900000,7,54,3403550
202006,39,041,2,3,Delaware County               ,695,695,186185451,1,2,500000,0,0,0,7,73,5355516,592,592,165117447,0,0,0,0,0,0,4,56,3269145
202006,39,049,2,3,Franklin County               ,790,790,252543052,16,32,6280000,12,42,6477269,63,2539,245120154,781,781,244174432,16,32,6280000,12,42,6477269,63,2539,245120154
202006,39,055,2,3,Geauga County                 ,55,55,16438341,6,12,1200000,0,0,0,0,0,0,55,55,16438341,6,12,1200000,0,0,0,0,0,0
202006,39,085,2,3,Lake County                   ,291,291,60948298,0,0,0,0,0,0,1,119,6000000,291,291,60948298,0,0,0,0,0,0,1,119,6000000
202006,39,089,2,3,Licking County                ,119,119,32586001,0,0,0,1,3,443862,0,0,0,118,118,32327297,0,0,0,0,0,0,0,0,0
202006,39,093,2,3,Lorain County                 ,458,458,117105203,1,2,292127,5,19,1500000,7,47,5203324,432,432,111953365,0,0,0,4,15,1270000,7,47,5203324
202006,39,097,2,3,Madison County                ,79,79,21279009,0,0,0,0,0,0,0,0,0,68,68,17900012,0,0,0,0,0,0,0,0,0
202006,39,103,2,3,Medina County                 ,187,187,67118697,2,4,180000,3,9,448776,0,0,0,187,187,67118697,2,4,180000,3,9,448776,0,0,0
202006,39,117,2,3,Morrow County                 ,45,45,11869393,0,0,0,0,0,0,1,16,1999027,44,44,11610880,0,0,0,0,0,0,1,16,1999027
202006,39,159,2,3,Union County                  ,182,182,54914678,6,12,1630000,6,21,1060000,23,311,14682460,182,182,54914678,6,12,1630000,6,21,1060000,23,311,14682460
202006,39,165,2,3,Warren County                 ,599,599,172734596,0,0,0,0,0,0,10,154,16003395,586,586,167908032,0,0,0,0,0,0,10,154,16003395
202006,40,001,3,7,Adair County                  ,0,0,0,1,2,300000,0,0,0,0,0,0,0,0,0,1,2,300000,0,0,0,0,0,0
202006,40,017,3,7,Canadian County               ,221,221,49923884,6,12,2320000,0,0,0,0,0,0,213,213,46948687,6,12,2320000,0,0,0,0,0,0
202006,40,021,3,7,Cherokee County               ,44,44,5174576,1,2,130000,0,0,0,5,25,1220240,8,8,450000,0,0,0,0,0,0,0,0,0
202006,40,027,3,7,Cleveland County              ,409,409,89699555,1,2,591741,3,10,1945500,1,5,500000,320,320,66828329,0,0,0,1,4,720000,0,0,0
202006,40,029,3,7,Coal County                   ,0,0,0,0,0,0,0,0,0,0,0,0,0,0,0,0,0,0,0,0,0,0,0,0
202006,40,037,3,7,Creek County                  ,44,44,9236319,1,2,223682,0,0,0,6,58,4461539,12,12,2163457,1,2,223682,0,0,0,0,0,0
202006,40,051,3,7,Grady County                  ,41,41,4720121,11,22,1617000,0,0,0,0,0,0,41,41,4720121,11,22,1617000,0,0,0,0,0,0
202006,40,055,3,7,Greer County                  ,1,1,262500,0,0,0,0,0,0,0,0,0,0,0,0,0,0,0,0,0,0,0,0,0
202006,40,081,3,7,Lincoln County                ,11,11,2735618,0,0,0,0,0,0,0,0,0,11,11,2735618,0,0,0,0,0,0,0,0,0
202006,40,083,3,7,Logan County                  ,10,10,1590000,0,0,0,0,0,0,0,0,0,10,10,1590000,0,0,0,0,0,0,0,0,0
202006,40,087,3,7,McClain County                ,263,263,51297435,8,16,1347365,0,0,0,0,0,0,193,193,37661671,7,14,1097365,0,0,0,0,0,0
202006,40,109,3,7,Oklahoma County               ,2205,2205,508402670,72,144,11884880,0,0,0,0,0,0,2181,2181,503859386,71,142,11722880,0,0,0,0,0,0
202006,40,111,3,7,Okmulgee County               ,2,2,315000,0,0,0,0,0,0,0,0,0,2,2,315000,0,0,0,0,0,0,0,0,0
202006,40,113,3,7,Osage County                  ,59,59,16295487,1,2,360050,0,0,0,1,8,500000,59,59,16295487,1,2,360050,0,0,0,1,8,500000
202006,40,117,3,7,Pawnee County                 ,1,1,325000,0,0,0,0,0,0,0,0,0,1,1,325000,0,0,0,0,0,0,0,0,0
202006,40,131,3,7,Rogers County                 ,252,252,45869837,3,6,247320,0,0,0,0,0,0,250,250,45468837,3,6,247320,0,0,0,0,0,0
202006,40,143,3,7,Tulsa County                  ,1175,1175,259560498,4,8,801316,10,40,3875440,27,408,43905868,1160,1160,256983617,4,8,801316,10,40,3875440,27,408,43905868
202006,40,145,3,7,Wagoner County                ,250,250,47040477,0,0,0,0,0,0,0,0,0,250,250,47040477,0,0,0,0,0,0,0,0,0
202006,41,000,4,9,Oregon Balance of State       ,149,149,17198300,0,0,0,0,0,0,0,0,0,149,149,17198300,0,0,0,0,0,0,0,0,0
202006,41,005,4,9,Clackamas County              ,650,650,200800618,6,12,967046,0,0,0,13,502,61833434,650,650,200800618,6,12,967046,0,0,0,13,502,61833434
202006,41,017,4,9,Deschutes County              ,794,794,198268839,24,48,6167101,1,3,571129,7,253,44647028,794,794,198268839,24,48,6167101,1,3,571129,7,253,44647028
202006,41,019,4,9,Douglas County                ,98,98,25133868,3,6,705369,0,0,0,0,0,0,98,98,25133868,3,6,705369,0,0,0,0,0,0
202006,41,025,4,9,Harney County                 ,7,7,1738727,0,0,0,0,0,0,0,0,0,7,7,1738727,0,0,0,0,0,0,0,0,0
202006,41,035,4,9,Klamath County                ,67,67,15870067,0,0,0,0,0,0,0,0,0,67,67,15870067,0,0,0,0,0,0,0,0,0
202006,41,051,4,9,Multnomah County              ,362,362,97044158,23,46,9025257,2,6,1450227,35,1464,179448085,253,253,69348327,12,24,4521829,0,0,0,25,770,86926121
202006,41,065,4,9,Wasco County                  ,34,34,8513206,3,6,659035,0,0,0,1,6,125000,34,34,8513206,3,6,659035,0,0,0,1,6,125000
202006,41,067,4,9,Washington County             ,709,709,214836917,0,0,0,0,0,0,16,865,107182373,709,709,214836917,0,0,0,0,0,0,16,865,107182373
202006,41,071,4,9,Yamhill County                ,159,159,44547247,11,22,2778321,0,0,0,0,0,0,159,159,44547247,11,22,2778321,0,0,0,0,0,0
202006,42,001,1,2,Adams County                  ,106,106,17371605,0,0,0,0,0,0,0,0,0,106,106,17371605,0,0,0,0,0,0,0,0,0
202006,42,017,1,2,Bucks County                  ,306,306,77975251,0,0,0,0,0,0,1,7,752000,234,234,60390969,0,0,0,0,0,0,1,7,752000
202006,42,029,1,2,Chester County                ,620,620,144456088,3,6,1078638,9,36,4975772,10,99,14463899,554,554,127302746,3,6,1078638,9,36,4975772,8,77,13206756
202006,42,037,1,2,Columbia County               ,21,21,4838140,0,0,0,0,0,0,0,0,0,13,13,3162818,0,0,0,0,0,0,0,0,0
202006,42,041,1,2,Cumberland County             ,379,379,76804119,4,8,811383,5,18,2410093,2,10,1167320,312,312,64481291,4,8,811383,5,18,2410093,0,0,0
202006,42,043,1,2,Dauphin County                ,183,183,37307916,4,8,1296895,6,20,3547188,4,82,10173311,178,178,36070781,4,8,1296895,6,20,3547188,3,76,9362500
202006,42,045,1,2,Delaware County               ,82,82,18004136,11,22,3255815,0,0,0,4,20,4862144,27,27,6574134,10,20,2805815,0,0,0,0,0,0
202006,42,055,1,2,Franklin County               ,129,129,30189807,9,18,1481980,1,4,530546,3,15,1946610,107,107,24355777,9,18,1481980,1,4,530546,0,0,0
202006,42,091,1,2,Montgomery County             ,523,523,124590369,2,4,400000,9,33,4219969,11,507,109276680,447,447,106175030,2,4,400000,8,30,3769969,6,258,60618619
202006,42,093,1,2,Montour County                ,14,14,3236915,0,0,0,0,0,0,0,0,0,14,14,3236915,0,0,0,0,0,0,0,0,0
202006,42,099,1,2,Perry County                  ,42,42,10785086,0,0,0,0,0,0,0,0,0,1,1,316000,0,0,0,0,0,0,0,0,0
202006,42,101,1,2,Philadelphia County           ,336,336,88619818,66,132,20007933,62,213,26048957,27,826,92961430,70,70,18368608,25,50,7433910,20,72,8998360,6,259,13611458
202006,42,103,1,2,Pike County                   ,34,34,10735073,0,0,0,0,0,0,0,0,0,26,26,8777020,0,0,0,0,0,0,0,0,0
202006,44,001,1,1,Bristol County                ,20,20,6342140,0,0,0,0,0,0,1,12,610000,13,13,3306700,0,0,0,0,0,0,1,12,610000
202006,44,003,1,1,Kent County                   ,55,55,9080691,5,10,1129450,9,35,2683000,1,5,337963,50,50,8231503,5,10,1129450,9,35,2683000,0,0,0
202006,44,005,1,1,Newport County                ,53,53,16251134,0,0,0,0,0,0,0,0,0,53,53,16251134,0,0,0,0,0,0,0,0,0
202006,44,007,1,1,Providence County             ,205,205,37610601,15,30,3206539,8,30,1785388,8,57,9191479,174,174,33246617,12,24,2897394,7,27,1612740,7,52,8905210
202006,44,009,1,1,Washington County             ,143,143,47261819,0,0,0,1,3,525000,0,0,0,132,132,44850448,0,0,0,0,0,0,0,0,0
202006,45,003,3,5,Aiken County                  ,538,538,119522568,0,0,0,0,0,0,0,0,0,538,538,119522568,0,0,0,0,0,0,0,0,0
202006,45,009,3,5,Bamberg County                ,6,6,918076,0,0,0,0,0,0,0,0,0,6,6,918076,0,0,0,0,0,0,0,0,0
202006,45,015,3,5,Berkeley County               ,917,917,254518077,0,0,0,0,0,0,23,802,69290761,698,698,189840419,0,0,0,0,0,0,15,585,62152382
202006,45,017,3,5,Calhoun County                ,15,15,2106432,0,0,0,0,0,0,0,0,0,8,8,968800,0,0,0,0,0,0,0,0,0
202006,45,019,3,5,Charleston County             ,1333,1333,372452513,0,0,0,5,16,855625,27,947,88925028,625,625,252773918,0,0,0,3,9,300000,8,458,56966629
202006,45,035,3,5,Dorchester County             ,526,526,159918235,0,0,0,0,0,0,0,0,0,524,524,159703235,0,0,0,0,0,0,0,0,0
202006,45,037,3,5,Edgefield County              ,94,94,20237365,0,0,0,0,0,0,0,0,0,94,94,20237365,0,0,0,0,0,0,0,0,0
202006,45,039,3,5,Fairfield County              ,34,34,6501883,0,0,0,0,0,0,0,0,0,34,34,6501883,0,0,0,0,0,0,0,0,0
202006,45,045,3,5,Greenville County             ,1950,1950,515621732,4,8,1193208,2,8,614080,28,630,60517165,1950,1950,515621732,4,8,1193208,2,8,614080,28,630,60517165
202006,45,051,3,5,Horry County                  ,2223,2223,389068514,21,42,4344364,0,0,0,10,107,8527900,1999,1999,338223143,20,40,3775884,0,0,0,6,87,7181829
202006,45,055,3,5,Kershaw County                ,184,184,31763021,0,0,0,0,0,0,1,8,635000,184,184,31763021,0,0,0,0,0,0,1,8,635000
202006,45,059,3,5,Laurens County                ,93,93,12582105,0,0,0,0,0,0,0,0,0,93,93,12582105,0,0,0,0,0,0,0,0,0
202006,45,063,3,5,Lexington County              ,959,959,249291267,0,0,0,0,0,0,4,27,3791652,767,767,200982923,0,0,0,0,0,0,0,0,0
202006,45,077,3,5,Pickens County                ,330,330,96855073,2,4,417523,0,0,0,3,26,2921810,245,245,82502024,1,2,164255,0,0,0,0,0,0
202006,45,079,3,5,Richland County               ,721,721,139480335,1,2,165000,0,0,0,1,5,843131,621,621,115936966,1,2,165000,0,0,0,0,0,0
202006,45,081,3,5,Saluda County                 ,24,24,4315188,0,0,0,0,0,0,0,0,0,6,6,395000,0,0,0,0,0,0,0,0,0
202006,45,085,3,5,Sumter County                 ,125,125,14919149,4,8,400000,3,12,992826,0,0,0,125,125,14919149,4,8,400000,3,12,992826,0,0,0
202006,45,091,3,5,York County                   ,1044,1044,367055771,0,0,0,1,3,603866,8,111,14701367,574,574,195923833,0,0,0,0,0,0,0,0,0
202006,46,007,2,4,Bennett County                ,4,4,112000,0,0,0,0,0,0,0,0,0,4,4,112000,0,0,0,0,0,0,0,0,0
202006,46,055,2,4,Haakon County                 ,0,0,0,0,0,0,0,0,0,0,0,0,0,0,0,0,0,0,0,0,0,0,0,0
202006,46,071,2,4,Jackson County                ,0,0,0,0,0,0,0,0,0,0,0,0,0,0,0,0,0,0,0,0,0,0,0,0
202006,46,111,2,4,Sanborn County                ,4,4,790000,0,0,0,0,0,0,0,0,0,4,4,790000,0,0,0,0,0,0,0,0,0
202006,47,001,3,6,Anderson County               ,97,97,17552663,0,0,0,0,0,0,7,226,19504001,87,87,16276367,0,0,0,0,0,0,7,226,19504001
202006,47,015,3,6,Cannon County                 ,1,1,33100,0,0,0,0,0,0,0,0,0,1,1,33100,0,0,0,0,0,0,0,0,0
202006,47,021,3,6,Cheatham County               ,125,125,22890639,0,0,0,0,0,0,0,0,0,124,124,22558407,0,0,0,0,0,0,0,0,0
202006,47,037,3,6,Davidson County               ,1800,1800,456521090,2,4,733573,5,17,2272198,55,3713,306120845,1800,1800,456521090,2,4,733573,5,17,2272198,55,3713,306120845
202006,47,043,3,6,Dickson County                ,221,221,42475832,0,0,0,0,0,0,0,0,0,185,185,36201190,0,0,0,0,0,0,0,0,0
202006,47,049,3,6,Fentress County               ,0,0,0,0,0,0,0,0,0,0,0,0,0,0,0,0,0,0,0,0,0,0,0,0
202006,47,081,3,6,Hickman County                ,47,47,7653041,1,2,120920,0,0,0,0,0,0,7,7,1021054,0,0,0,0,0,0,0,0,0
202006,47,093,3,6,Knox County                   ,705,705,155490143,4,8,1545850,11,36,4717730,11,372,42054462,705,705,155490143,4,8,1545850,11,36,4717730,11,372,42054462
202006,47,105,3,6,Loudon County                 ,222,222,55361140,2,4,580000,0,0,0,0,0,0,217,217,54535117,2,4,580000,0,0,0,0,0,0
202006,47,117,3,6,Marshall County               ,89,89,16895831,0,0,0,0,0,0,0,0,0,0,0,0,0,0,0,0,0,0,0,0,0
202006,47,125,3,6,Montgomery County             ,1422,1422,201219119,34,68,6301000,5,18,995000,13,276,24877400,1422,1422,201219119,34,68,6301000,5,18,995000,13,276,24877400
202006,47,139,3,6,Polk County                   ,104,104,18732902,0,0,0,0,0,0,0,0,0,0,0,0,0,0,0,0,0,0,0,0,0
202006,47,149,3,6,Rutherford County             ,1540,1540,380482200,0,0,0,3,12,1388964,4,80,8852190,1351,1351,347387021,0,0,0,3,12,1388964,0,0,0
202006,47,153,3,6,Sequatchie County             ,5,5,1471000,0,0,0,0,0,0,0,0,0,5,5,1471000,0,0,0,0,0,0,0,0,0
202006,47,157,3,6,Shelby County                 ,417,417,98209863,10,20,3010344,3,10,1652386,22,488,53715170,417,417,98209863,10,20,3010344,3,10,1652386,22,488,53715170
202006,47,159,3,6,Smith County                  ,36,36,7844150,0,0,0,0,0,0,0,0,0,35,35,7654177,0,0,0,0,0,0,0,0,0
202006,47,161,3,6,Stewart County                ,0,0,0,0,0,0,0,0,0,0,0,0,0,0,0,0,0,0,0,0,0,0,0,0
202006,47,165,3,6,Sumner County                 ,657,657,189857774,0,0,0,0,0,0,5,144,12734520,657,657,189857774,0,0,0,0,0,0,5,144,12734520
202006,47,167,3,6,Tipton County                 ,88,88,16837894,0,0,0,0,0,0,1,23,2800000,36,36,8623566,0,0,0,0,0,0,1,23,2800000
202006,47,169,3,6,Trousdale County              ,40,40,5518000,0,0,0,0,0,0,0,0,0,40,40,5518000,0,0,0,0,0,0,0,0,0
202006,47,173,3,6,Union County                  ,39,39,6468334,0,0,0,0,0,0,0,0,0,33,33,6235000,0,0,0,0,0,0,0,0,0
202006,47,175,3,6,Van Buren County              ,0,0,0,0,0,0,0,0,0,0,0,0,0,0,0,0,0,0,0,0,0,0,0,0
202006,47,189,3,6,Wilson County                 ,817,817,215015763,1,2,200000,1,4,1000000,9,251,29363151,705,705,193638016,1,2,200000,1,4,1000000,7,240,28908384
202006,48,013,3,7,Atascosa County               ,23,23,4040577,0,0,0,0,0,0,0,0,0,17,17,3013170,0,0,0,0,0,0,0,0,0
202006,48,015,3,7,Austin County                 ,8,8,1387583,0,0,0,0,0,0,0,0,0,0,0,0,0,0,0,0,0,0,0,0,0
202006,48,019,3,7,Bandera County                ,1,1,237457,0,0,0,0,0,0,0,0,0,1,1,237457,0,0,0,0,0,0,0,0,0
202006,48,021,3,7,Bastrop County                ,126,126,21826285,0,0,0,0,0,0,0,0,0,119,119,20967557,0,0,0,0,0,0,0,0,0
202006,48,025,3,7,Bee County                    ,5,5,740510,3,6,450000,0,0,0,0,0,0,1,1,194000,0,0,0,0,0,0,0,0,0
202006,48,027,3,7,Bell County                   ,1030,1030,177447834,96,192,16879217,10,40,3682184,4,76,7021412,925,925,163161057,94,188,16485504,10,40,3682184,4,76,7021412
202006,48,029,3,7,Bexar County                  ,2330,2330,542549192,4,8,690762,13,52,6898716,120,2301,324614437,2263,2263,526165057,4,8,690762,13,52,6898716,118,2291,322483445
202006,48,051,3,7,Burleson County               ,15,15,2039000,0,0,0,0,0,0,0,0,0,15,15,2039000,0,0,0,0,0,0,0,0,0
202006,48,055,3,7,Caldwell County               ,155,155,32775806,0,0,0,0,0,0,0,0,0,39,39,8091283,0,0,0,0,0,0,0,0,0
202006,48,085,3,7,Collin County                 ,5323,5323,1389064247,15,30,5444880,0,0,0,34,1080,116592997,4837,4837,1273437950,15,30,5444880,0,0,0,34,1080,116592997
202006,48,091,3,7,Comal County                  ,1601,1601,376679513,0,0,0,4,16,2092728,19,600,66957220,1598,1598,375967683,0,0,0,4,16,2092728,19,600,66957220
202006,48,099,3,7,Coryell County                ,195,195,30328880,63,126,10625009,0,0,0,0,0,0,195,195,30328880,63,126,10625009,0,0,0,0,0,0
202006,48,107,3,7,Crosby County                 ,0,0,0,0,0,0,0,0,0,0,0,0,0,0,0,0,0,0,0,0,0,0,0,0
202006,48,113,3,7,Dallas County                 ,2525,2525,699148120,60,120,10434652,9,36,6142738,58,2705,340835899,2258,2258,624295383,53,106,8645470,5,20,3409296,43,2212,295588396
202006,48,119,3,7,Delta County                  ,3,3,627228,1,2,187711,0,0,0,0,0,0,3,3,627228,1,2,187711,0,0,0,0,0,0
202006,48,135,3,7,Ector County                  ,450,450,105905194,1,2,223682,0,0,0,4,80,9580756,381,381,89873781,1,2,223682,0,0,0,0,0,0
202006,48,139,3,7,Ellis County                  ,1202,1202,291371982,0,0,0,2,8,200000,1,9,1532024,1140,1140,278532371,0,0,0,2,8,200000,0,0,0
202006,48,141,3,7,El Paso County                ,1275,1275,300967377,30,60,7909688,8,29,3651951,14,192,28839560,363,363,85348552,4,8,964730,0,0,0,0,0,0
202006,48,157,3,7,Fort Bend County              ,4453,4453,928338835,4,8,988064,0,0,0,28,1043,123625811,3553,3553,830234736,4,8,988064,0,0,0,20,861,103197221
202006,48,167,3,7,Galveston County              ,1325,1325,285665139,0,0,0,1,4,200000,0,0,0,798,798,150035651,0,0,0,1,4,200000,0,0,0
202006,48,185,3,7,Grimes County                 ,34,34,5234697,0,0,0,0,0,0,0,0,0,34,34,5234697,0,0,0,0,0,0,0,0,0
202006,48,187,3,7,Guadalupe County              ,532,532,122657802,12,24,2707523,0,0,0,1,5,561225,530,530,122092282,12,24,2707523,0,0,0,1,5,561225
202006,48,193,3,7,Hamilton County               ,2,2,289076,0,0,0,0,0,0,0,0,0,1,1,209076,0,0,0,0,0,0,0,0,0
202006,48,195,3,7,Hansford County               ,1,1,204898,0,0,0,0,0,0,0,0,0,0,0,0,0,0,0,0,0,0,0,0,0
202006,48,201,3,7,Harris County                 ,8984,8984,1799881838,84,168,19727120,0,0,0,220,8898,1221126249,8951,8951,1785245851,84,168,19727120,0,0,0,220,8898,1221126249
202006,48,211,3,7,Hemphill County               ,0,0,0,0,0,0,0,0,0,0,0,0,0,0,0,0,0,0,0,0,0,0,0,0
202006,48,215,3,7,Hidalgo County                ,1426,1426,267564710,10,20,1274032,111,441,27183865,19,250,22841396,1255,1255,247471575,8,16,974032,99,394,22983388,18,238,22097168
202006,48,233,3,7,Hutchinson County             ,1,1,209076,0,0,0,0,0,0,0,0,0,1,1,209076,0,0,0,0,0,0,0,0,0
202006,48,251,3,7,Johnson County                ,656,656,137071497,8,16,1789459,0,0,0,32,1085,125252452,653,653,136362276,8,16,1789459,0,0,0,32,1085,125252452
202006,48,257,3,7,Kaufman County                ,255,255,56130798,0,0,0,0,0,0,0,0,0,248,248,54684000,0,0,0,0,0,0,0,0,0
202006,48,259,3,7,Kendall County                ,166,166,40374012,0,0,0,0,0,0,0,0,0,107,107,25027029,0,0,0,0,0,0,0,0,0
202006,48,271,3,7,Kinney County                 ,0,0,0,0,0,0,0,0,0,0,0,0,0,0,0,0,0,0,0,0,0,0,0,0
202006,48,281,3,7,Lampasas County               ,20,20,2579500,0,0,0,0,0,0,0,0,0,20,20,2579500,0,0,0,0,0,0,0,0,0
202006,48,291,3,7,Liberty County                ,385,385,54339465,0,0,0,0,0,0,0,0,0,345,345,46024653,0,0,0,0,0,0,0,0,0
202006,48,303,3,7,Lubbock County                ,919,919,186545495,45,90,10366369,1,4,400000,88,746,59930809,783,783,156581751,37,74,8544223,1,4,400000,82,703,56984109
202006,48,323,3,7,Maverick County               ,60,60,13103397,1,2,101841,0,0,0,0,0,0,60,60,13103397,1,2,101841,0,0,0,0,0,0
202006,48,325,3,7,Medina County                 ,15,15,2910400,0,0,0,0,0,0,0,0,0,14,14,2760400,0,0,0,0,0,0,0,0,0
202006,48,329,3,7,Midland County                ,822,822,101519686,0,0,0,0,0,0,0,0,0,822,822,101519686,0,0,0,0,0,0,0,0,0
202006,48,339,3,7,Montgomery County             ,3618,3618,772859122,10,20,1250000,0,0,0,21,506,45870282,3562,3562,760042966,10,20,1250000,0,0,0,15,470,41889480
202006,48,367,3,7,Parker County                 ,279,279,64058141,0,0,0,0,0,0,1,5,435279,259,259,59889868,0,0,0,0,0,0,0,0,0
202006,48,375,3,7,Potter County                 ,210,210,49454775,0,0,0,0,0,0,1,6,375000,210,210,49454775,0,0,0,0,0,0,1,6,375000
202006,48,383,3,7,Reagan County                 ,0,0,0,0,0,0,0,0,0,0,0,0,0,0,0,0,0,0,0,0,0,0,0,0
202006,48,385,3,7,Real County                   ,0,0,0,0,0,0,0,0,0,0,0,0,0,0,0,0,0,0,0,0,0,0,0,0
202006,48,395,3,7,Robertson County              ,42,42,8677404,0,0,0,0,0,0,0,0,0,36,36,7452479,0,0,0,0,0,0,0,0,0
202006,48,397,3,7,Rockwall County               ,937,937,296919394,0,0,0,0,0,0,3,393,47103957,903,903,285465657,0,0,0,0,0,0,3,393,47103957
202006,48,407,3,7,San Jacinto County            ,215,215,47345222,0,0,0,0,0,0,0,0,0,0,0,0,0,0,0,0,0,0,0,0,0
202006,48,411,3,7,San Saba County               ,1,1,100000,0,0,0,0,0,0,0,0,0,1,1,100000,0,0,0,0,0,0,0,0,0
202006,48,451,3,7,Tom Green County              ,185,185,38457577,0,0,0,0,0,0,0,0,0,185,185,38457577,0,0,0,0,0,0,0,0,0
202006,48,453,3,7,Travis County                 ,4531,4531,1058472202,51,102,8093272,6,18,1487217,161,8214,701001908,4509,4509,1053111224,51,102,8093272,6,18,1487217,161,8214,701001908
202006,48,473,3,7,Waller County                 ,21,21,2849235,0,0,0,0,0,0,6,33,731961,2,2,598775,0,0,0,0,0,0,0,0,0
202006,48,491,3,7,Williamson County             ,2864,2864,698356438,52,104,13207522,2,6,436836,12,738,75000000,2697,2697,657162397,49,98,12653865,0,0,0,12,738,75000000
202006,48,493,3,7,Wilson County                 ,25,25,6050588,0,0,0,0,0,0,0,0,0,1,1,237457,0,0,0,0,0,0,0,0,0
202006,48,497,3,7,Wise County                   ,40,40,9474585,1,2,350000,0,0,0,0,0,0,40,40,9474585,1,2,350000,0,0,0,0,0,0
202006,49,011,4,8,Davis County                  ,829,829,237447572,1,2,256000,2,7,937977,11,274,30858788,816,816,233544966,1,2,256000,2,7,937977,11,274,30858788
202006,49,023,4,8,Juab County                   ,30,30,9769407,2,4,711863,1,4,677699,2,10,1474661,23,23,7315341,2,4,711863,1,4,677699,2,10,1474661
202006,49,029,4,8,Morgan County                 ,44,44,20918240,0,0,0,0,0,0,0,0,0,31,31,17538085,0,0,0,0,0,0,0,0,0
202006,49,035,4,8,Salt Lake County              ,1983,1983,525804557,92,184,19923425,21,70,14959427,40,2585,413649919,1628,1628,441612054,90,180,19394141,17,57,12804177,36,2549,408515779
202006,49,039,4,8,Sanpete County                ,30,30,6211205,0,0,0,0,0,0,0,0,0,30,30,6211205,0,0,0,0,0,0,0,0,0
202006,49,043,4,8,Summit County                 ,84,84,61870362,0,0,0,3,9,2524590,6,32,5467418,34,34,36835700,0,0,0,0,0,0,0,0,0
202006,49,057,4,8,Weber County                  ,779,779,159084878,2,4,588612,18,66,12416643,9,145,17448761,678,678,128750651,2,4,588612,18,66,12416643,6,129,15974217
202006,51,003,3,5,Albemarle County              ,296,296,92448441,1,2,545000,0,0,0,7,195,19293022,235,235,74146706,1,2,545000,0,0,0,5,169,16780190
202006,51,007,3,5,Amelia County                 ,26,26,6198600,0,0,0,0,0,0,0,0,0,26,26,6198600,0,0,0,0,0,0,0,0,0
202006,51,009,3,5,Amherst County                ,35,35,8433461,0,0,0,0,0,0,0,0,0,35,35,8433461,0,0,0,0,0,0,0,0,0
202006,51,013,3,5,Arlington County              ,181,181,62170365,1,2,120000,0,0,0,1,160,45000000,181,181,62170365,1,2,120000,0,0,0,1,160,45000000
202006,51,015,3,5,Augusta County                ,130,130,28034351,0,0,0,0,0,0,0,0,0,130,130,28034351,0,0,0,0,0,0,0,0,0
202006,51,019,3,5,Bedford County                ,15,15,3095947,0,0,0,3,11,2403462,2,108,2800000,12,12,2400000,0,0,0,2,8,1800000,2,108,2800000
202006,51,033,3,5,Caroline County               ,79,79,16178794,0,0,0,0,0,0,0,0,0,79,79,16178794,0,0,0,0,0,0,0,0,0
202006,51,036,3,5,Charles City County           ,8,8,1387816,0,0,0,0,0,0,0,0,0,0,0,0,0,0,0,0,0,0,0,0,0
202006,51,037,3,5,Charlotte County              ,6,6,734082,0,0,0,0,0,0,0,0,0,6,6,734082,0,0,0,0,0,0,0,0,0
202006,51,041,3,5,Chesterfield County           ,876,876,181337058,5,10,1422744,45,171,19446252,23,508,30509116,876,876,181337058,5,10,1422744,45,171,19446252,23,508,30509116
202006,51,043,3,5,Clarke County                 ,21,21,6325053,0,0,0,0,0,0,0,0,0,21,21,6325053,0,0,0,0,0,0,0,0,0
202006,51,049,3,5,Cumberland County             ,24,24,3432731,0,0,0,0,0,0,0,0,0,24,24,3432731,0,0,0,0,0,0,0,0,0
202006,51,051,3,5,Dickenson County              ,3,3,1375000,0,0,0,0,0,0,0,0,0,3,3,1375000,0,0,0,0,0,0,0,0,0
202006,51,053,3,5,Dinwiddie County              ,44,44,7096578,0,0,0,0,0,0,0,0,0,0,0,0,0,0,0,0,0,0,0,0,0
202006,51,059,3,5,Fairfax County                ,470,470,110842975,0,0,0,0,0,0,6,51,7540000,470,470,110842975,0,0,0,0,0,0,6,51,7540000
202006,51,061,3,5,Fauquier County               ,94,94,30573088,0,0,0,0,0,0,0,0,0,94,94,30573088,0,0,0,0,0,0,0,0,0
202006,51,069,3,5,Frederick County              ,319,319,74947305,0,0,0,0,0,0,0,0,0,319,319,74947305,0,0,0,0,0,0,0,0,0
202006,51,073,3,5,Gloucester County             ,57,57,11982405,0,0,0,0,0,0,0,0,0,47,47,9619750,0,0,0,0,0,0,0,0,0
202006,51,075,3,5,Goochland County              ,148,148,35715748,0,0,0,0,0,0,0,0,0,129,129,30088523,0,0,0,0,0,0,0,0,0
202006,51,085,3,5,Hanover County                ,339,339,72565579,0,0,0,0,0,0,0,0,0,339,339,72565579,0,0,0,0,0,0,0,0,0
202006,51,087,3,5,Henrico County                ,389,389,61415319,158,316,10862500,0,0,0,2,441,51695857,389,389,61415319,158,316,10862500,0,0,0,2,441,51695857
202006,51,093,3,5,Isle of Wight County          ,120,120,23502154,0,0,0,0,0,0,0,0,0,120,120,23502154,0,0,0,0,0,0,0,0,0
202006,51,095,3,5,James City County             ,116,116,39313753,1,2,525000,10,36,4984210,3,17,2867963,116,116,39313753,1,2,525000,10,36,4984210,3,17,2867963
202006,51,097,3,5,King and Queen County         ,5,5,718827,0,0,0,0,0,0,0,0,0,3,3,390000,0,0,0,0,0,0,0,0,0
202006,51,099,3,5,King George County            ,87,87,17997396,0,0,0,0,0,0,0,0,0,87,87,17997396,0,0,0,0,0,0,0,0,0
202006,51,107,3,5,Loudoun County                ,863,863,189646822,0,0,0,0,0,0,10,523,33475000,863,863,189646822,0,0,0,0,0,0,10,523,33475000
202006,51,109,3,5,Louisa County                 ,208,208,42099866,0,0,0,0,0,0,0,0,0,179,179,35594144,0,0,0,0,0,0,0,0,0
202006,51,115,3,5,Mathews County                ,15,15,5437000,0,0,0,0,0,0,0,0,0,15,15,5437000,0,0,0,0,0,0,0,0,0
202006,51,127,3,5,New Kent County               ,146,146,54558000,0,0,0,1,4,868000,0,0,0,146,146,54558000,0,0,0,1,4,868000,0,0,0
202006,51,139,3,5,Page County                   ,30,30,4457500,0,0,0,0,0,0,0,0,0,30,30,4457500,0,0,0,0,0,0,0,0,0
202006,51,145,3,5,Powhatan County               ,99,99,22277679,1,2,240000,0,0,0,0,0,0,99,99,22277679,1,2,240000,0,0,0,0,0,0
202006,51,149,3,5,Prince George County          ,27,27,4384270,0,0,0,0,0,0,0,0,0,27,27,4384270,0,0,0,0,0,0,0,0,0
202006,51,153,3,5,Prince William County         ,695,695,130235272,0,0,0,0,0,0,7,80,9048907,602,602,113404750,0,0,0,0,0,0,0,0,0
202006,51,165,3,5,Rockingham County             ,240,240,73757895,0,0,0,0,0,0,0,0,0,240,240,73757895,0,0,0,0,0,0,0,0,0
202006,51,175,3,5,Southampton County            ,24,24,3455387,0,0,0,0,0,0,0,0,0,18,18,2505155,0,0,0,0,0,0,0,0,0
202006,51,177,3,5,Spotsylvania County           ,350,350,91994516,0,0,0,0,0,0,12,365,42998749,0,0,0,0,0,0,0,0,0,0,0,0
202006,51,179,3,5,Stafford County               ,472,472,115971520,0,0,0,0,0,0,0,0,0,472,472,115971520,0,0,0,0,0,0,0,0,0
202006,51,181,3,5,Surry County                  ,11,11,2026059,0,0,0,0,0,0,0,0,0,11,11,2026059,0,0,0,0,0,0,0,0,0
202006,51,183,3,5,Sussex County                 ,19,19,2828453,0,0,0,0,0,0,0,0,0,19,19,2828453,0,0,0,0,0,0,0,0,0
202006,51,187,3,5,Warren County                 ,74,74,16516222,0,0,0,0,0,0,0,0,0,74,74,16516222,0,0,0,0,0,0,0,0,0
202006,51,199,3,5,York County                   ,128,128,48958446,2,4,600000,0,0,0,0,0,0,128,128,48958446,2,4,600000,0,0,0,0,0,0
202006,51,510,3,5,Alexandria (Independent City) ,79,79,20867287,0,0,0,0,0,0,0,0,0,79,79,20867287,0,0,0,0,0,0,0,0,0
202006,51,540,3,5,Charlottesville (Independent C,34,34,10932854,4,8,1210000,0,0,0,2,102,9950657,24,24,7470000,2,4,450000,0,0,0,2,102,9950657
202006,51,550,3,5,Chesapeake(Independent City)  ,551,551,153621261,0,0,0,0,0,0,0,0,0,551,551,153621261,0,0,0,0,0,0,0,0,0
202006,51,570,3,5,Colonial Heights (Independent ,2,2,509076,0,0,0,0,0,0,0,0,0,2,2,509076,0,0,0,0,0,0,0,0,0
202006,51,580,3,5,Covington (Independent City)  ,2,2,416000,0,0,0,0,0,0,0,0,0,2,2,416000,0,0,0,0,0,0,0,0,0
202006,51,600,3,5,Fairfax (Independent City)    ,3,3,934167,0,0,0,0,0,0,0,0,0,1,1,295000,0,0,0,0,0,0,0,0,0
202006,51,610,3,5,Falls Church (Independent City,9,9,4422833,0,0,0,0,0,0,1,27,10229814,7,7,3425000,0,0,0,0,0,0,0,0,0
202006,51,630,3,5,Fredericksburg(Independent Cit,37,37,9089450,0,0,0,0,0,0,0,0,0,37,37,9089450,0,0,0,0,0,0,0,0,0
202006,51,650,3,5,Hampton (Independent City)    ,96,96,5985759,0,0,0,0,0,0,0,0,0,0,0,0,0,0,0,0,0,0,0,0,0
202006,51,660,3,5,Harrisonburg (Independent City,28,28,6070210,0,0,0,0,0,0,2,21,2857000,28,28,6070210,0,0,0,0,0,0,2,21,2857000
202006,51,670,3,5,Hopewell (Independent City)   ,14,14,992760,0,0,0,0,0,0,2,10,861790,4,4,143900,0,0,0,0,0,0,0,0,0
202006,51,680,3,5,Lynchburg (Independent City)  ,27,27,7133259,0,0,0,0,0,0,5,108,8950000,27,27,7133259,0,0,0,0,0,0,5,108,8950000
202006,51,683,3,5,Manassas (Independent City)   ,47,47,11091006,2,4,485966,0,0,0,0,0,0,0,0,0,0,0,0,0,0,0,0,0,0
202006,51,685,3,5,Manassas Park (Independent Cit,0,0,0,0,0,0,0,0,0,0,0,0,0,0,0,0,0,0,0,0,0,0,0,0
202006,51,700,3,5,Newport News (Independent City,60,60,10424268,0,0,0,0,0,0,0,0,0,60,60,10424268,0,0,0,0,0,0,0,0,0
202006,51,710,3,5,Norfolk (Independent City)    ,242,242,39763992,2,4,2050000,0,0,0,4,406,48000000,242,242,39763992,2,4,2050000,0,0,0,4,406,48000000
202006,51,730,3,5,Petersburg (Independent City) ,5,5,590266,0,0,0,0,0,0,0,0,0,0,0,0,0,0,0,0,0,0,0,0,0
202006,51,735,3,5,Poquoson (Independent City)   ,8,8,1955000,0,0,0,0,0,0,0,0,0,8,8,1955000,0,0,0,0,0,0,0,0,0
202006,51,740,3,5,Portsmouth (Independent City) ,155,155,16996011,0,0,0,0,0,0,0,0,0,155,155,16996011,0,0,0,0,0,0,0,0,0
202006,51,760,3,5,Richmond (Independent City)   ,135,135,25769425,2,4,446989,0,0,0,3,310,16203535,135,135,25769425,2,4,446989,0,0,0,3,310,16203535
202006,51,800,3,5,Suffolk (Independent City)    ,267,267,62764767,0,0,0,0,0,0,0,0,0,267,267,62764767,0,0,0,0,0,0,0,0,0
202006,51,810,3,5,Virginia Beach (Independent Ci,297,297,49850930,0,0,0,0,0,0,2,445,55456825,297,297,49850930,0,0,0,0,0,0,2,445,55456825
202006,51,830,3,5,Williamsburg (Independent City,15,15,2364860,0,0,0,0,0,0,0,0,0,15,15,2364860,0,0,0,0,0,0,0,0,0
202006,53,005,4,9,Benton County                 ,465,465,140913309,8,16,2871551,0,0,0,2,16,1000000,453,453,137508537,7,14,2503805,0,0,0,2,16,1000000
202006,53,011,4,9,Clark County                  ,1550,1550,449726332,8,16,2823117,1,3,741518,19,608,85959709,1117,1117,319740397,8,16,2823117,1,3,741518,19,608,85959709
202006,53,021,4,9,Franklin County               ,267,267,73693237,1,2,173640,0,0,0,0,0,0,38,38,13573619,0,0,0,0,0,0,0,0,0
202006,53,031,4,9,Jefferson County              ,62,62,14160721,1,2,296302,0,0,0,0,0,0,48,48,10676927,1,2,296302,0,0,0,0,0,0
202006,53,033,4,9,King County                   ,1550,1550,634751925,113,226,61755379,104,358,71098458,130,4422,507923981,1187,1187,484898780,108,216,59185061,101,349,69095081,114,4091,468269342
202006,53,035,4,9,Kitsap County                 ,419,419,127108506,1,2,265110,1,4,704916,2,23,1020951,402,402,122961342,1,2,265110,1,4,704916,1,15,346089
202006,53,053,4,9,Pierce County                 ,1332,1332,394761198,21,42,7962722,9,35,5909977,22,687,91235543,1329,1329,393548762,21,42,7962722,8,32,5445476,22,687,91235543
202006,53,055,4,9,San Juan County               ,51,51,12333296,0,0,0,0,0,0,0,0,0,27,27,6685007,0,0,0,0,0,0,0,0,0
202006,53,059,4,9,Skamania County               ,48,48,10460606,0,0,0,0,0,0,0,0,0,48,48,10460606,0,0,0,0,0,0,0,0,0
202006,53,061,4,9,Snohomish County              ,1012,1012,315560365,22,44,9817031,7,27,6418462,34,1187,186246929,971,971,302412305,21,42,9345966,7,27,6418462,33,1149,182082605
202006,54,011,3,5,Cabell County                 ,35,35,7505000,1,2,158500,1,3,153000,1,12,1454000,35,35,7505000,1,2,158500,1,3,153000,1,12,1454000
202006,54,015,3,5,Clay County                   ,8,8,200000,0,0,0,0,0,0,0,0,0,8,8,200000,0,0,0,0,0,0,0,0,0
202006,54,019,3,5,Fayette County                ,16,16,1860292,0,0,0,0,0,0,0,0,0,13,13,1449075,0,0,0,0,0,0,0,0,0
202006,54,037,3,5,Jefferson County              ,112,112,28271688,0,0,0,0,0,0,0,0,0,63,63,13848878,0,0,0,0,0,0,0,0,0
202006,54,081,3,5,Raleigh County                ,23,23,4294315,0,0,0,0,0,0,0,0,0,23,23,4294315,0,0,0,0,0,0,0,0,0
202006,55,025,2,3,Dane County                   ,594,594,210492883,17,34,8416076,1,3,447000,23,1190,157567501,544,544,196821549,14,28,6850259,0,0,0,19,1129,150820000
202006,55,031,2,3,Douglas County                ,36,36,7499528,1,2,450000,0,0,0,0,0,0,36,36,7499528,1,2,450000,0,0,0,0,0,0
202006,55,037,2,3,Florence County               ,13,13,1855797,0,0,0,0,0,0,0,0,0,13,13,1855797,0,0,0,0,0,0,0,0,0
202006,55,049,2,3,Iowa County                   ,31,31,9396520,3,6,650000,0,0,0,0,0,0,22,22,6512197,3,6,650000,0,0,0,0,0,0
202006,55,059,2,3,Kenosha County                ,94,94,28274132,1,2,400000,0,0,0,7,43,3278818,82,82,24608597,1,2,400000,0,0,0,0,0,0
202006,55,079,2,3,Milwaukee County              ,69,69,25974790,0,0,0,0,0,0,6,60,6183767,64,64,24473946,0,0,0,0,0,0,3,30,2685000
202006,55,089,2,3,Ozaukee County                ,96,96,35134597,7,14,3065000,4,16,1861000,11,99,8814532,52,52,15987477,7,14,3065000,4,16,1861000,8,78,8688750
202006,55,093,2,3,Pierce County                 ,88,88,22877990,0,0,0,0,0,0,2,62,7111572,86,86,22302258,0,0,0,0,0,0,2,62,7111572
202006,55,109,2,3,St. Croix County              ,187,187,50459342,13,26,4564657,2,7,2182391,2,68,7481000,167,167,44155703,13,26,4564657,1,4,612000,2,68,7481000
202006,55,131,2,3,Washington County             ,144,144,48352345,14,28,4618022,0,0,0,0,0,0,93,93,28911679,12,24,4139800,0,0,0,0,0,0
202006,56,029,4,8,Park County                   ,82,82,20679770,1,2,212500,0,0,0,0,0,0,82,82,20679770,1,2,212500,0,0,0,0,0,0
202006,56,039,4,8,Teton County                  ,70,70,98896239,2,4,1246638,2,6,232998,1,5,1040398,60,60,93659388,0,0,0,0,0,0,0,0,0
