Survey,FIPS,FIPS,Region,Division,County,,1-unit,,,2-units,,,3-4 units,,,5+ units,,,1-unit rep,,,2-units rep,,,3-4 units rep,,, 5+units rep
Date,State,County,Code,Code,Name,Bldgs,Units,Value,Bldgs,Units,Value,Bldgs,Units,Value,Bldgs,Units,Value,Bldgs,Units,Value,Bldgs,Units,Value,Bldgs,Units,Value,Bldgs,Units,Value
 
202003,01,001,3,6,Autauga County                ,89,89,27488980,0,0,0,0,0,0,0,0,0,89,89,27488980,0,0,0,0,0,0,0,0,0
202003,01,007,3,6,Bibb County                   ,9,9,835000,0,0,0,0,0,0,0,0,0,9,9,835000,0,0,0,0,0,0,0,0,0
202003,01,009,3,6,Blount County                 ,5,5,767457,0,0,0,0,0,0,0,0,0,5,5,767457,0,0,0,0,0,0,0,0,0
202003,01,021,3,6,Chilton County                ,13,13,1945312,0,0,0,0,0,0,0,0,0,13,13,1945312,0,0,0,0,0,0,0,0,0
202003,01,073,3,6,Jefferson County              ,399,399,128083245,4,8,989316,0,0,0,4,42,4329879,315,315,99475576,0,0,0,0,0,0,0,0,0
202003,01,081,3,6,Lee County                    ,354,354,92267423,0,0,0,3,11,2345280,3,25,3515245,329,329,86265554,0,0,0,3,11,2345280,3,25,3515245
202003,01,083,3,6,Limestone County              ,82,82,18613918,0,0,0,0,0,0,0,0,0,82,82,18613918,0,0,0,0,0,0,0,0,0
202003,01,089,3,6,Madison County                ,931,931,118094898,0,0,0,0,0,0,0,0,0,751,751,84509498,0,0,0,0,0,0,0,0,0
202003,01,113,3,6,Russell County                ,40,40,5572326,0,0,0,0,0,0,0,0,0,14,14,1935859,0,0,0,0,0,0,0,0,0
202003,01,115,3,6,St. Clair County              ,72,72,11809030,0,0,0,0,0,0,0,0,0,62,62,9474967,0,0,0,0,0,0,0,0,0
202003,01,117,3,6,Shelby County                 ,317,317,72151963,0,0,0,0,0,0,0,0,0,119,119,23754129,0,0,0,0,0,0,0,0,0
202003,01,127,3,6,Walker County                 ,18,18,3311424,0,0,0,0,0,0,0,0,0,17,17,3075017,0,0,0,0,0,0,0,0,0
202003,02,013,4,9,Aleutians East Borough        ,0,0,0,0,0,0,0,0,0,0,0,0,0,0,0,0,0,0,0,0,0,0,0,0
202003,02,016,4,9,Aleutians West Census Area    ,0,0,0,0,0,0,0,0,0,0,0,0,0,0,0,0,0,0,0,0,0,0,0,0
202003,02,020,4,9,Anchorage Municipality        ,35,35,15893190,1,2,564514,2,8,1318544,3,75,10369703,35,35,15893190,1,2,564514,2,8,1318544,3,75,10369703
202003,02,050,4,9,Bethel Census Area            ,0,0,0,0,0,0,0,0,0,0,0,0,0,0,0,0,0,0,0,0,0,0,0,0
202003,02,060,4,9,Bristol Bay Borough           ,0,0,0,0,0,0,0,0,0,0,0,0,0,0,0,0,0,0,0,0,0,0,0,0
202003,02,070,4,9,Dillingham Census Area        ,0,0,0,0,0,0,0,0,0,0,0,0,0,0,0,0,0,0,0,0,0,0,0,0
202003,02,090,4,9,Fairbanks North Star Borough  ,0,0,0,0,0,0,0,0,0,0,0,0,0,0,0,0,0,0,0,0,0,0,0,0
202003,02,100,4,9,Haines Borough                ,0,0,0,0,0,0,0,0,0,0,0,0,0,0,0,0,0,0,0,0,0,0,0,0
202003,02,105,4,9,Hoonah-Angoon Census Area     ,0,0,0,0,0,0,0,0,0,0,0,0,0,0,0,0,0,0,0,0,0,0,0,0
202003,02,110,4,9,Juneau City and Borough       ,6,6,1221269,0,0,0,0,0,0,0,0,0,6,6,1221269,0,0,0,0,0,0,0,0,0
202003,02,122,4,9,Kenai Peninsula Borough       ,15,15,4908158,1,2,300000,0,0,0,0,0,0,9,9,3675000,1,2,300000,0,0,0,0,0,0
202003,02,130,4,9,Ketchikan Gateway Borough     ,2,2,565670,0,0,0,0,0,0,0,0,0,2,2,565670,0,0,0,0,0,0,0,0,0
202003,02,150,4,9,Kodiak Island Borough         ,1,1,366700,0,0,0,0,0,0,0,0,0,1,1,366700,0,0,0,0,0,0,0,0,0
202003,02,170,4,9,Matanuska-Susitna Borough     ,10,10,2674022,6,12,2051810,0,0,0,0,0,0,2,2,379871,0,0,0,0,0,0,0,0,0
202003,02,180,4,9,Nome Census Area              ,0,0,0,0,0,0,0,0,0,0,0,0,0,0,0,0,0,0,0,0,0,0,0,0
202003,02,185,4,9,North Slope Borough           ,0,0,0,0,0,0,0,0,0,0,0,0,0,0,0,0,0,0,0,0,0,0,0,0
202003,02,188,4,9,Northwest Arctic Borough      ,1,1,316142,0,0,0,0,0,0,0,0,0,0,0,0,0,0,0,0,0,0,0,0,0
202003,02,195,4,9,Petersburg Borough            ,1,1,188279,0,0,0,0,0,0,0,0,0,0,0,0,0,0,0,0,0,0,0,0,0
202003,02,198,4,9,Prince of Wales-Hyder Census A,0,0,0,0,0,0,0,0,0,0,0,0,0,0,0,0,0,0,0,0,0,0,0,0
202003,02,220,4,9,Sitka City and Borough        ,2,2,529694,1,2,306156,0,0,0,0,0,0,0,0,0,0,0,0,0,0,0,0,0,0
202003,02,230,4,9,Skagway Municipality          ,0,0,0,0,0,0,0,0,0,0,0,0,0,0,0,0,0,0,0,0,0,0,0,0
202003,02,261,4,9,Valdez-Cordova Census Area    ,1,1,400000,1,2,45000,0,0,0,0,0,0,1,1,400000,0,0,0,0,0,0,0,0,0
202003,02,275,4,9,Wrangell City and Borough     ,0,0,0,0,0,0,0,0,0,0,0,0,0,0,0,0,0,0,0,0,0,0,0,0
202003,02,282,4,9,Yakutat City and Borough      ,3,3,500769,0,0,0,0,0,0,0,0,0,0,0,0,0,0,0,0,0,0,0,0,0
202003,02,290,4,9,Yukon-Koyukuk Census Area     ,0,0,0,0,0,0,0,0,0,0,0,0,0,0,0,0,0,0,0,0,0,0,0,0
202003,04,013,4,8,Maricopa County               ,6061,6061,1766485648,31,62,7703707,13,42,9288702,150,4138,626344062,6020,6020,1756061362,31,62,7703707,12,39,8584492,147,3771,561408039
202003,04,019,4,8,Pima County                   ,925,925,282258979,3,6,896148,0,0,0,8,193,29642587,749,749,238592695,0,0,0,0,0,0,0,0,0
202003,04,021,4,8,Pinal County                  ,1258,1258,245449959,0,0,0,3,12,857288,1,10,1064912,1223,1223,238542995,0,0,0,3,12,857288,1,10,1064912
202003,05,013,3,7,Calhoun County                ,0,0,0,0,0,0,0,0,0,0,0,0,0,0,0,0,0,0,0,0,0,0,0,0
202003,05,035,3,7,Crittenden County             ,14,14,3199870,0,0,0,0,0,0,0,0,0,12,12,2732900,0,0,0,0,0,0,0,0,0
202003,05,043,3,7,Drew County                   ,0,0,0,0,0,0,0,0,0,0,0,0,0,0,0,0,0,0,0,0,0,0,0,0
202003,05,045,3,7,Faulkner County               ,75,75,16441311,3,6,455370,0,0,0,3,19,534163,10,10,1620000,0,0,0,0,0,0,0,0,0
202003,05,053,3,7,Grant County                  ,7,7,1090310,0,0,0,0,0,0,0,0,0,0,0,0,0,0,0,0,0,0,0,0,0
202003,05,085,3,7,Lonoke County                 ,94,94,12310328,0,0,0,0,0,0,1,20,261040,54,54,8866254,0,0,0,0,0,0,1,20,261040
202003,05,087,3,7,Madison County                ,4,4,685000,0,0,0,0,0,0,0,0,0,4,4,685000,0,0,0,0,0,0,0,0,0
202003,05,091,3,7,Miller County                 ,1,1,212000,0,0,0,0,0,0,0,0,0,1,1,212000,0,0,0,0,0,0,0,0,0
202003,05,105,3,7,Perry County                  ,0,0,0,0,0,0,0,0,0,0,0,0,0,0,0,0,0,0,0,0,0,0,0,0
202003,05,119,3,7,Pulaski County                ,200,200,49320450,1,2,403000,6,18,3247400,0,0,0,200,200,49320450,1,2,403000,6,18,3247400,0,0,0
202003,05,129,3,7,Searcy County                 ,0,0,0,0,0,0,0,0,0,0,0,0,0,0,0,0,0,0,0,0,0,0,0,0
202003,05,143,3,7,Washington County             ,364,364,93036528,24,48,10520458,1,4,405000,16,260,40026626,361,361,92131975,24,48,10520458,1,4,405000,16,260,40026626
202003,06,001,4,9,Alameda County                ,350,350,119560258,6,12,3415323,7,25,8598274,24,329,93179715,209,209,72279349,5,10,2846672,4,16,6028141,14,270,79829102
202003,06,013,4,9,Contra Costa County           ,370,370,115716640,1,2,343236,1,3,250000,2,288,65752063,364,364,112520371,1,2,343236,1,3,250000,2,288,65752063
202003,06,017,4,9,El Dorado County              ,111,111,36985071,1,2,150000,0,0,0,0,0,0,111,111,36985071,1,2,150000,0,0,0,0,0,0
202003,06,019,4,9,Fresno County                 ,566,566,167385262,7,14,2487650,4,16,1398335,10,88,8906076,355,355,104897422,2,4,451684,4,16,1398335,2,30,2676617
202003,06,037,4,9,Los Angeles County            ,1643,1643,594519718,178,356,68280659,13,42,10578346,112,4110,719045553,1498,1498,520338808,176,352,67326898,9,30,7402990,100,4031,707389973
202003,06,041,4,9,Marin County                  ,18,18,15596034,2,4,3062500,0,0,0,1,5,687500,9,9,6492628,0,0,0,0,0,0,0,0,0
202003,06,059,4,9,Orange County                 ,872,872,246027705,18,36,8918916,27,97,22944903,24,469,84855633,741,741,193329003,14,28,6252201,26,93,22064647,19,332,56766395
202003,06,061,4,9,Placer County                 ,555,555,168262338,2,4,665108,0,0,0,7,316,38613617,555,555,168262338,2,4,665108,0,0,0,7,316,38613617
202003,06,063,4,9,Plumas County                 ,10,10,2518880,0,0,0,0,0,0,0,0,0,10,10,2518880,0,0,0,0,0,0,0,0,0
202003,06,067,4,9,Sacramento County             ,912,912,260428840,24,48,7432991,5,20,3590718,3,278,60356312,907,907,259300320,24,48,7432991,5,20,3590718,3,278,60356312
202003,06,069,4,9,San Benito County             ,106,106,36947590,0,0,0,0,0,0,0,0,0,37,37,13515838,0,0,0,0,0,0,0,0,0
202003,06,071,4,9,San Bernardino County         ,835,835,208060011,10,20,2183109,5,18,4847638,7,49,6329402,757,757,190348610,10,20,2183109,5,18,4847638,3,24,4458797
202003,06,073,4,9,San Diego County              ,852,852,269740479,13,26,5331616,38,128,26132684,27,1025,170575895,784,784,253382931,12,24,4164949,34,115,24444137,19,918,156745930
202003,06,075,4,9,San Francisco County          ,5,5,1389675,1,2,587000,2,7,2817673,11,868,390835354,5,5,1389675,1,2,587000,2,7,2817673,11,868,390835354
202003,06,081,4,9,San Mateo County              ,58,58,38413962,1,2,600000,0,0,0,8,79,16141491,21,21,16406872,0,0,0,0,0,0,0,0,0
202003,06,085,4,9,Santa Clara County            ,302,302,116468306,0,0,0,0,0,0,12,501,78850796,263,263,95849151,0,0,0,0,0,0,8,415,65080830
202003,06,091,4,9,Sierra County                 ,2,2,565670,0,0,0,0,0,0,0,0,0,2,2,565670,0,0,0,0,0,0,0,0,0
202003,06,113,4,9,Yolo County                   ,123,123,39473287,0,0,0,0,0,0,37,408,47297482,119,119,38128792,0,0,0,0,0,0,37,408,47297482
202003,08,001,4,8,Adams County                  ,518,518,150300899,0,0,0,0,0,0,1,67,10383000,518,518,150300899,0,0,0,0,0,0,1,67,10383000
202003,08,005,4,8,Arapahoe County               ,593,593,148104871,0,0,0,4,12,1977719,12,320,45914236,578,578,144085715,0,0,0,2,6,1257375,11,311,44410930
202003,08,014,4,8,Broomfield County             ,66,66,23692510,5,10,2450938,0,0,0,0,0,0,66,66,23692510,5,10,2450938,0,0,0,0,0,0
202003,08,015,4,8,Chaffee County                ,30,30,7442413,0,0,0,1,3,549700,0,0,0,11,11,2408693,0,0,0,0,0,0,0,0,0
202003,08,019,4,8,Clear Creek County            ,3,3,845220,0,0,0,0,0,0,0,0,0,3,3,845220,0,0,0,0,0,0,0,0,0
202003,08,031,4,8,Denver County                 ,341,341,94775867,0,0,0,0,0,0,6,506,64322724,341,341,94775867,0,0,0,0,0,0,6,506,64322724
202003,08,035,4,8,Douglas County                ,605,605,188554213,2,4,802084,2,6,1057426,1,5,617200,593,593,184257055,2,4,802084,1,3,538524,1,5,617200
202003,08,039,4,8,Elbert County                 ,54,54,17002953,0,0,0,0,0,0,0,0,0,41,41,12928513,0,0,0,0,0,0,0,0,0
202003,08,041,4,8,El Paso County                ,1151,1151,446014050,0,0,0,0,0,0,13,451,61747351,1151,1151,446014050,0,0,0,0,0,0,13,451,61747351
202003,08,047,4,8,Gilpin County                 ,2,2,555870,0,0,0,0,0,0,0,0,0,2,2,555870,0,0,0,0,0,0,0,0,0
202003,08,059,4,8,Jefferson County              ,188,188,59148638,0,0,0,0,0,0,7,264,43825600,184,184,57902020,0,0,0,0,0,0,7,264,43825600
202003,08,069,4,8,Larimer County                ,672,672,186603086,2,4,866561,0,0,0,7,45,8569188,540,540,156758847,2,4,866561,0,0,0,7,45,8569188
202003,08,077,4,8,Mesa County                   ,174,174,40180212,2,4,581724,0,0,0,1,12,1769234,174,174,40180212,2,4,581724,0,0,0,1,12,1769234
202003,08,093,4,8,Park County                   ,22,22,5538599,0,0,0,0,0,0,0,0,0,22,22,5538599,0,0,0,0,0,0,0,0,0
202003,08,101,4,8,Pueblo County                 ,138,138,21840775,0,0,0,0,0,0,0,0,0,97,97,15486699,0,0,0,0,0,0,0,0,0
202003,08,119,4,8,Teller County                 ,16,16,4519726,0,0,0,0,0,0,0,0,0,15,15,4449726,0,0,0,0,0,0,0,0,0
202003,09,001,1,1,Fairfield County              ,149,149,69763542,10,20,3167201,0,0,0,6,202,20052997,138,138,56878916,10,20,3167201,0,0,0,5,197,19622187
202003,09,003,1,1,Hartford County               ,107,107,20058259,1,2,400000,3,11,1996500,11,120,9784718,83,83,15210547,1,2,400000,3,11,1996500,3,71,6432000
202003,09,007,1,1,Middlesex County              ,27,27,6839901,0,0,0,0,0,0,0,0,0,16,16,4581945,0,0,0,0,0,0,0,0,0
202003,09,013,1,1,Tolland County                ,28,28,6103472,0,0,0,0,0,0,6,40,3992632,11,11,2412949,0,0,0,0,0,0,0,0,0
202003,10,001,3,5,Kent County                   ,377,377,52237113,9,18,1877347,1,3,402817,0,0,0,372,372,51165926,9,18,1877347,1,3,402817,0,0,0
202003,10,003,3,5,New Castle County             ,319,319,31428294,0,0,0,0,0,0,1,5,55544,94,94,9820829,0,0,0,0,0,0,0,0,0
202003,10,005,3,5,Sussex County                 ,868,868,119514021,28,56,6437483,3,10,566400,9,53,7084620,868,868,119514021,28,56,6437483,3,10,566400,9,53,7084620
202003,11,001,3,5,Washington  DC                ,20,20,4749135,18,36,4026282,0,0,0,9,1649,185092005,20,20,4749135,18,36,4026282,0,0,0,9,1649,185092005
202003,12,003,3,5,Baker County                  ,21,21,3502780,0,0,0,0,0,0,0,0,0,21,21,3502780,0,0,0,0,0,0,0,0,0
202003,12,019,3,5,Clay County                   ,218,218,48188698,2,4,515000,0,0,0,0,0,0,218,218,48188698,2,4,515000,0,0,0,0,0,0
202003,12,029,3,5,Dixie County                  ,9,9,1136910,0,0,0,0,0,0,0,0,0,0,0,0,0,0,0,0,0,0,0,0,0
202003,12,031,3,5,Duval County                  ,1265,1265,304665132,1,2,515000,3,12,1611268,11,726,81489870,1250,1250,299091749,1,2,515000,3,12,1611268,11,726,81489870
202003,12,033,3,5,Escambia County               ,485,485,115166501,3,6,443682,2,6,480000,1,14,1571430,485,485,115166501,3,6,443682,2,6,480000,1,14,1571430
202003,12,053,3,5,Hernando County               ,274,274,51386693,1,2,166667,3,12,1095000,1,6,751026,186,186,34979768,0,0,0,3,12,1095000,0,0,0
202003,12,057,3,5,Hillsborough County           ,2150,2150,727785773,4,8,1367300,1,3,144000,3,495,51633509,2150,2150,727785773,4,8,1367300,1,3,144000,3,495,51633509
202003,12,067,3,5,Lafayette County              ,27,27,900380,0,0,0,0,0,0,0,0,0,27,27,900380,0,0,0,0,0,0,0,0,0
202003,12,071,3,5,Lee County                    ,1579,1579,340698519,47,94,11599949,8,32,8520272,56,1796,212524749,1569,1569,338878200,46,92,11453700,8,32,8520272,55,1778,210017695
202003,12,073,3,5,Leon County                   ,190,190,37251502,3,6,664800,0,0,0,10,262,32918577,0,0,0,0,0,0,0,0,0,0,0,0
202003,12,081,3,5,Manatee County                ,1006,1006,204045031,26,52,3833950,1,4,479020,8,111,8861496,1002,1002,202467546,26,52,3833950,1,4,479020,8,111,8861496
202003,12,086,3,5,Miami-Dade County             ,494,494,147786959,35,70,12945655,0,0,0,40,1667,346013825,423,423,126294774,35,70,12945655,0,0,0,40,1667,346013825
202003,12,089,3,5,Nassau County                 ,239,239,72525641,0,0,0,0,0,0,2,39,4478004,125,125,40311127,0,0,0,0,0,0,0,0,0
202003,12,091,3,5,Okaloosa County               ,248,248,75283229,0,0,0,0,0,0,2,24,7084818,188,188,58543900,0,0,0,0,0,0,2,24,7084818
202003,12,095,3,5,Orange County                 ,1022,1022,301368972,33,66,14307848,0,0,0,23,1731,258162201,996,996,294268881,33,66,14307848,0,0,0,23,1731,258162201
202003,12,097,3,5,Osceola County                ,1269,1269,317586420,11,22,2460506,5,20,2685445,3,51,5724495,1269,1269,317586420,11,22,2460506,5,20,2685445,3,51,5724495
202003,12,101,3,5,Pasco County                  ,1410,1410,293597832,1,2,440461,0,0,0,0,0,0,1404,1404,292872445,1,2,440461,0,0,0,0,0,0
202003,12,103,3,5,Pinellas County               ,262,262,75648614,1,2,199558,0,0,0,3,46,6622579,225,225,63586076,1,2,199558,0,0,0,1,36,2062579
202003,12,109,3,5,St. Johns County              ,1059,1059,312032569,0,0,0,0,0,0,0,0,0,1059,1059,312032569,0,0,0,0,0,0,0,0,0
202003,12,113,3,5,Santa Rosa County             ,631,631,111377863,0,0,0,0,0,0,0,0,0,631,631,111377863,0,0,0,0,0,0,0,0,0
202003,12,115,3,5,Sarasota County               ,1057,1057,300066519,10,20,4950993,5,19,4462655,5,56,8188061,1033,1033,292841068,9,18,4719018,4,16,3893554,4,28,4401250
202003,12,117,3,5,Seminole County               ,305,305,95785447,12,24,4923499,0,0,0,2,72,11083810,304,304,95624057,12,24,4923499,0,0,0,2,72,11083810
202003,12,119,3,5,Sumter County                 ,780,780,215324591,0,0,0,1,4,896000,18,332,26672558,780,780,215324591,0,0,0,1,4,896000,18,332,26672558
202003,12,129,3,5,Wakulla County                ,95,95,16394509,0,0,0,0,0,0,0,0,0,95,95,16394509,0,0,0,0,0,0,0,0,0
202003,12,131,3,5,Walton County                 ,368,368,187022546,1,2,1800000,0,0,0,9,66,9675756,368,368,187022546,1,2,1800000,0,0,0,9,66,9675756
202003,12,133,3,5,Washington County             ,12,12,1537848,0,0,0,0,0,0,0,0,0,0,0,0,0,0,0,0,0,0,0,0,0
202003,13,007,3,5,Baker County                  ,0,0,0,0,0,0,0,0,0,0,0,0,0,0,0,0,0,0,0,0,0,0,0,0
202003,13,013,3,5,Barrow County                 ,187,187,26416376,0,0,0,0,0,0,0,0,0,134,134,19306555,0,0,0,0,0,0,0,0,0
202003,13,015,3,5,Bartow County                 ,176,176,30598528,1,2,153760,0,0,0,0,0,0,175,175,29849306,1,2,153760,0,0,0,0,0,0
202003,13,021,3,5,Bibb County                   ,40,40,6855575,0,0,0,0,0,0,0,0,0,0,0,0,0,0,0,0,0,0,0,0,0
202003,13,029,3,5,Bryan County                  ,132,132,29423999,0,0,0,0,0,0,2,15,1683675,50,50,11872835,0,0,0,0,0,0,2,15,1683675
202003,13,033,3,5,Burke County                  ,14,14,2691784,0,0,0,0,0,0,0,0,0,4,4,911000,0,0,0,0,0,0,0,0,0
202003,13,035,3,5,Butts County                  ,40,40,13544700,0,0,0,0,0,0,0,0,0,40,40,13544700,0,0,0,0,0,0,0,0,0
202003,13,045,3,5,Carroll County                ,213,213,54864407,0,0,0,0,0,0,0,0,0,213,213,54864407,0,0,0,0,0,0,0,0,0
202003,13,051,3,5,Chatham County                ,198,198,47836609,0,0,0,0,0,0,0,0,0,156,156,39353459,0,0,0,0,0,0,0,0,0
202003,13,057,3,5,Cherokee County               ,564,564,157219850,0,0,0,0,0,0,0,0,0,564,564,157219850,0,0,0,0,0,0,0,0,0
202003,13,059,3,5,Clarke County                 ,73,73,14292439,19,38,4703915,23,87,8858237,0,0,0,73,73,14292439,19,38,4703915,23,87,8858237,0,0,0
202003,13,063,3,5,Clayton County                ,177,177,36732522,0,0,0,0,0,0,0,0,0,105,105,27022796,0,0,0,0,0,0,0,0,0
202003,13,067,3,5,Cobb County                   ,406,406,109398155,5,10,2042971,15,51,9000049,17,319,40668623,351,351,97778451,5,10,2042971,15,51,9000049,17,319,40668623
202003,13,073,3,5,Columbia County               ,334,334,65815602,0,0,0,2,7,641940,0,0,0,81,81,13287619,0,0,0,2,7,641940,0,0,0
202003,13,077,3,5,Coweta County                 ,253,253,94213940,0,0,0,0,0,0,3,66,5874271,180,180,69747082,0,0,0,0,0,0,0,0,0
202003,13,085,3,5,Dawson County                 ,96,96,22161124,0,0,0,0,0,0,0,0,0,96,96,22161124,0,0,0,0,0,0,0,0,0
202003,13,095,3,5,Dougherty County              ,4,4,598880,0,0,0,0,0,0,2,54,6783342,1,1,185000,0,0,0,0,0,0,2,54,6783342
202003,13,097,3,5,Douglas County                ,119,119,29358855,0,0,0,0,0,0,0,0,0,119,119,29358855,0,0,0,0,0,0,0,0,0
202003,13,111,3,5,Fannin County                 ,74,74,14605990,0,0,0,0,0,0,2,10,858498,18,18,3688157,0,0,0,0,0,0,0,0,0
202003,13,113,3,5,Fayette County                ,98,98,30824482,0,0,0,0,0,0,0,0,0,75,75,24457170,0,0,0,0,0,0,0,0,0
202003,13,115,3,5,Floyd County                  ,70,70,10453624,0,0,0,0,0,0,0,0,0,70,70,10453624,0,0,0,0,0,0,0,0,0
202003,13,117,3,5,Forsyth County                ,544,544,94231561,0,0,0,0,0,0,0,0,0,544,544,94231561,0,0,0,0,0,0,0,0,0
202003,13,121,3,5,Fulton County                 ,678,678,158255079,3,6,1225000,0,0,0,8,779,87438855,599,599,148749327,3,6,1225000,0,0,0,8,779,87438855
202003,13,127,3,5,Glynn County                  ,158,158,46539597,0,0,0,0,0,0,0,0,0,0,0,0,0,0,0,0,0,0,0,0,0
202003,13,135,3,5,Gwinnett County               ,929,929,227789227,0,0,0,0,0,0,6,282,38521278,910,910,222204104,0,0,0,0,0,0,6,282,38521278
202003,13,143,3,5,Haralson County               ,14,14,3096141,0,0,0,0,0,0,0,0,0,0,0,0,0,0,0,0,0,0,0,0,0
202003,13,145,3,5,Harris County                 ,62,62,14935140,0,0,0,0,0,0,0,0,0,62,62,14935140,0,0,0,0,0,0,0,0,0
202003,13,149,3,5,Heard County                  ,8,8,1880677,0,0,0,0,0,0,0,0,0,6,6,1424740,0,0,0,0,0,0,0,0,0
202003,13,151,3,5,Henry County                  ,457,457,116727961,0,0,0,0,0,0,0,0,0,326,326,90981557,0,0,0,0,0,0,0,0,0
202003,13,159,3,5,Jasper County                 ,22,22,2947428,0,0,0,0,0,0,0,0,0,0,0,0,0,0,0,0,0,0,0,0,0
202003,13,171,3,5,Lamar County                  ,21,21,5958152,0,0,0,0,0,0,0,0,0,20,20,5830770,0,0,0,0,0,0,0,0,0
202003,13,177,3,5,Lee County                    ,28,28,2722476,0,0,0,0,0,0,0,0,0,28,28,2722476,0,0,0,0,0,0,0,0,0
202003,13,179,3,5,Liberty County                ,88,88,18551987,0,0,0,0,0,0,0,0,0,88,88,18551987,0,0,0,0,0,0,0,0,0
202003,13,189,3,5,McDuffie County               ,7,7,1346910,0,0,0,0,0,0,0,0,0,1,1,210000,0,0,0,0,0,0,0,0,0
202003,13,199,3,5,Meriwether County             ,16,16,2924314,0,0,0,0,0,0,0,0,0,11,11,1747600,0,0,0,0,0,0,0,0,0
202003,13,201,3,5,Miller County                 ,2,2,600000,0,0,0,0,0,0,0,0,0,2,2,600000,0,0,0,0,0,0,0,0,0
202003,13,207,3,5,Monroe County                 ,37,37,596359,0,0,0,0,0,0,0,0,0,0,0,0,0,0,0,0,0,0,0,0,0
202003,13,215,3,5,Muscogee County               ,90,90,17503582,0,0,0,3,11,677014,6,35,6574709,0,0,0,0,0,0,0,0,0,0,0,0
202003,13,217,3,5,Newton County                 ,220,220,45846046,0,0,0,0,0,0,0,0,0,220,220,45846046,0,0,0,0,0,0,0,0,0
202003,13,227,3,5,Pickens County                ,31,31,8450425,0,0,0,0,0,0,0,0,0,31,31,8450425,0,0,0,0,0,0,0,0,0
202003,13,231,3,5,Pike County                   ,38,38,8573874,0,0,0,0,0,0,0,0,0,26,26,6173874,0,0,0,0,0,0,0,0,0
202003,13,235,3,5,Pulaski County                ,4,4,540000,0,0,0,0,0,0,0,0,0,4,4,540000,0,0,0,0,0,0,0,0,0
202003,13,245,3,5,Richmond County               ,120,120,21152076,0,0,0,0,0,0,1,13,796203,86,86,15634579,0,0,0,0,0,0,0,0,0
202003,13,247,3,5,Rockdale County               ,35,35,8704639,0,0,0,0,0,0,0,0,0,35,35,8704639,0,0,0,0,0,0,0,0,0
202003,13,255,3,5,Spalding County               ,64,64,12860579,0,0,0,0,0,0,0,0,0,63,63,12782129,0,0,0,0,0,0,0,0,0
202003,13,275,3,5,Thomas County                 ,24,24,5476769,1,2,797000,0,0,0,0,0,0,8,8,1964576,0,0,0,0,0,0,0,0,0
202003,13,291,3,5,Union County                  ,45,45,11059585,0,0,0,0,0,0,0,0,0,45,45,11059585,0,0,0,0,0,0,0,0,0
202003,15,001,4,9,Hawaii County                 ,216,216,84173197,0,0,0,0,0,0,0,0,0,216,216,84173197,0,0,0,0,0,0,0,0,0
202003,15,003,4,9,Honolulu County               ,184,184,72224407,0,0,0,0,0,0,4,161,28783105,99,99,40521078,0,0,0,0,0,0,1,39,4913168
202003,15,007,4,9,Kauai County                  ,45,45,29562777,4,8,2960909,1,3,751700,2,11,1997722,30,30,20993435,3,6,2248582,0,0,0,0,0,0
202003,15,009,4,9,Maui County                   ,57,57,29834547,4,8,1439345,0,0,0,0,0,0,57,57,29834547,4,8,1439345,0,0,0,0,0,0
202003,16,001,4,8,Ada County                    ,1223,1223,336371074,12,24,3489487,3,11,1115865,10,195,27041393,995,995,274555588,12,24,3489487,2,8,900125,3,85,16398199
202003,16,015,4,8,Boise County                  ,8,8,2219310,0,0,0,0,0,0,0,0,0,7,7,2066540,0,0,0,0,0,0,0,0,0
202003,16,027,4,8,Canyon County                 ,663,663,94353167,5,10,1488525,2,8,343367,5,86,3572640,636,636,87389683,5,10,1488525,2,8,343367,5,86,3572640
202003,16,045,4,8,Gem County                    ,19,19,4344097,0,0,0,0,0,0,0,0,0,13,13,3613156,0,0,0,0,0,0,0,0,0
202003,16,073,4,8,Owyhee County                 ,8,8,1492355,0,0,0,0,0,0,0,0,0,2,2,391187,0,0,0,0,0,0,0,0,0
202003,17,005,2,3,Bond County                   ,0,0,0,0,0,0,0,0,0,0,0,0,0,0,0,0,0,0,0,0,0,0,0,0
202003,17,013,2,3,Calhoun County                ,2,2,501336,0,0,0,0,0,0,0,0,0,1,1,350000,0,0,0,0,0,0,0,0,0
202003,17,031,2,3,Cook County                   ,250,250,81236267,7,14,3142200,24,73,14846343,36,1513,121872346,211,211,67949322,6,12,2627200,23,70,14147200,34,1488,119102264
202003,17,037,2,3,DeKalb County                 ,28,28,6333693,0,0,0,0,0,0,0,0,0,24,24,5787337,0,0,0,0,0,0,0,0,0
202003,17,039,2,3,De Witt County                ,7,7,1715000,0,0,0,0,0,0,0,0,0,7,7,1715000,0,0,0,0,0,0,0,0,0
202003,17,043,2,3,DuPage County                 ,185,185,69274088,1,2,357340,1,4,721806,7,501,51607420,150,150,52101626,1,2,357340,1,4,721806,5,485,48568321
202003,17,063,2,3,Grundy County                 ,16,16,3366569,0,0,0,0,0,0,3,22,1128204,12,12,2566585,0,0,0,0,0,0,0,0,0
202003,17,083,2,3,Jersey County                 ,6,6,904875,0,0,0,0,0,0,0,0,0,3,3,438048,0,0,0,0,0,0,0,0,0
202003,17,093,2,3,Kendall County                ,71,71,12269961,4,8,1065965,0,0,0,2,26,2052143,54,54,9244952,1,2,284500,0,0,0,0,0,0
202003,17,097,2,3,Lake County                   ,129,129,42961859,4,8,1516079,0,0,0,2,11,2264042,93,93,31344430,4,8,1516079,0,0,0,0,0,0
202003,17,111,2,3,McHenry County                ,65,65,13018917,1,2,220000,0,0,0,1,6,90000,41,41,8241154,0,0,0,0,0,0,0,0,0
202003,17,119,2,3,Madison County                ,91,91,23771794,0,0,0,0,0,0,1,10,1279666,77,77,19395121,0,0,0,0,0,0,0,0,0
202003,17,133,2,3,Monroe County                 ,12,12,3407643,0,0,0,0,0,0,0,0,0,12,12,3407643,0,0,0,0,0,0,0,0,0
202003,17,197,2,3,Will County                   ,261,261,64253119,8,16,1869663,4,16,2130568,1,16,1625500,236,236,59733543,8,16,1869663,4,16,2130568,1,16,1625500
202003,18,003,2,3,Allen County                  ,277,277,74992817,0,0,0,0,0,0,2,36,1200000,277,277,74992817,0,0,0,0,0,0,2,36,1200000
202003,18,011,2,3,Boone County                  ,168,168,62502347,0,0,0,0,0,0,0,0,0,166,166,61824171,0,0,0,0,0,0,0,0,0
202003,18,013,2,3,Brown County                  ,5,5,1353660,0,0,0,0,0,0,0,0,0,5,5,1353660,0,0,0,0,0,0,0,0,0
202003,18,019,2,3,Clark County                  ,163,163,31527206,0,0,0,1,3,461400,1,24,1500000,149,149,28643806,0,0,0,1,3,461400,1,24,1500000
202003,18,047,2,3,Franklin County               ,9,9,2453000,0,0,0,0,0,0,0,0,0,9,9,2453000,0,0,0,0,0,0,0,0,0
202003,18,057,2,3,Hamilton County               ,575,575,196032082,3,6,1375700,5,18,2800000,11,143,12307217,534,534,177073337,3,6,1375700,5,18,2800000,10,124,9800000
202003,18,059,2,3,Hancock County                ,112,112,28313158,0,0,0,0,0,0,0,0,0,112,112,28313158,0,0,0,0,0,0,0,0,0
202003,18,061,2,3,Harrison County               ,15,15,3568661,0,0,0,0,0,0,0,0,0,15,15,3568661,0,0,0,0,0,0,0,0,0
202003,18,063,2,3,Hendricks County              ,255,255,65975777,2,4,400000,1,4,227193,1,8,594150,224,224,58214672,2,4,400000,1,4,227193,1,8,594150
202003,18,069,2,3,Huntington County             ,11,11,2461892,0,0,0,0,0,0,0,0,0,11,11,2461892,0,0,0,0,0,0,0,0,0
202003,18,073,2,3,Jasper County                 ,33,33,8431432,0,0,0,0,0,0,0,0,0,30,30,8088100,0,0,0,0,0,0,0,0,0
202003,18,081,2,3,Johnson County                ,186,186,51766929,6,12,2126700,0,0,0,0,0,0,186,186,51766929,6,12,2126700,0,0,0,0,0,0
202003,18,087,2,3,Lagrange County               ,15,15,3774258,0,0,0,0,0,0,0,0,0,7,7,1344000,0,0,0,0,0,0,0,0,0
202003,18,089,2,3,Lake County                   ,233,233,58987818,4,8,1054274,0,0,0,0,0,0,201,201,50454115,2,4,678438,0,0,0,0,0,0
202003,18,097,2,3,Marion County                 ,259,259,69136327,2,4,566900,1,4,741118,0,0,0,259,259,69136327,2,4,566900,1,4,741118,0,0,0
202003,18,105,2,3,Monroe County                 ,58,58,15493714,2,4,537968,0,0,0,1,9,1035933,41,41,11100020,0,0,0,0,0,0,0,0,0
202003,18,109,2,3,Morgan County                 ,55,55,12404952,4,8,1453500,0,0,0,0,0,0,39,39,8989176,4,8,1453500,0,0,0,0,0,0
202003,18,111,2,3,Newton County                 ,4,4,816993,0,0,0,0,0,0,0,0,0,0,0,0,0,0,0,0,0,0,0,0,0
202003,18,115,2,3,Ohio County                   ,7,7,1760000,0,0,0,0,0,0,0,0,0,7,7,1760000,0,0,0,0,0,0,0,0,0
202003,18,119,2,3,Owen County                   ,19,19,5143911,0,0,0,0,0,0,0,0,0,19,19,5143911,0,0,0,0,0,0,0,0,0
202003,18,127,2,3,Porter County                 ,90,90,25861085,1,2,419280,0,0,0,1,12,2476849,67,67,18856532,1,2,419280,0,0,0,1,12,2476849
202003,18,133,2,3,Putnam County                 ,22,22,5268569,0,0,0,0,0,0,0,0,0,11,11,2765858,0,0,0,0,0,0,0,0,0
202003,18,145,2,3,Shelby County                 ,16,16,4335698,0,0,0,0,0,0,0,0,0,12,12,3681338,0,0,0,0,0,0,0,0,0
202003,18,151,2,3,Steuben County                ,27,27,7659266,0,0,0,0,0,0,0,0,0,27,27,7659266,0,0,0,0,0,0,0,0,0
202003,18,157,2,3,Tippecanoe County             ,99,99,24654402,0,0,0,0,0,0,6,117,13434263,58,58,15581735,0,0,0,0,0,0,3,95,10878384
202003,18,163,2,3,Vanderburgh County            ,60,60,10442315,2,4,295400,0,0,0,0,0,0,39,39,6771056,1,2,150000,0,0,0,0,0,0
202003,18,167,2,3,Vigo County                   ,9,9,1289458,2,4,690000,0,0,0,0,0,0,3,3,441000,2,4,690000,0,0,0,0,0,0
202003,18,175,2,3,Washington County             ,15,15,3612792,0,0,0,0,0,0,0,0,0,0,0,0,0,0,0,0,0,0,0,0,0
202003,18,183,2,3,Whitley County                ,18,18,4503533,0,0,0,0,0,0,1,5,462857,18,18,4503533,0,0,0,0,0,0,0,0,0
202003,19,049,2,4,Dallas County                 ,91,91,23168167,0,0,0,0,0,0,1,9,1794920,87,87,22184254,0,0,0,0,0,0,1,9,1794920
202003,19,085,2,4,Harrison County               ,4,4,1205000,0,0,0,0,0,0,0,0,0,3,3,980000,0,0,0,0,0,0,0,0,0
202003,19,129,2,4,Mills County                  ,3,3,650000,0,0,0,0,0,0,0,0,0,3,3,650000,0,0,0,0,0,0,0,0,0
202003,19,153,2,4,Polk County                   ,469,469,127510634,4,8,1581875,0,0,0,5,155,20794551,407,407,111798179,4,8,1581875,0,0,0,3,125,18053041
202003,19,181,2,4,Warren County                 ,100,100,25847804,0,0,0,0,0,0,0,0,0,98,98,25364971,0,0,0,0,0,0,0,0,0
202003,20,061,2,4,Geary County                  ,4,4,1020000,0,0,0,0,0,0,0,0,0,4,4,1020000,0,0,0,0,0,0,0,0,0
202003,20,091,2,4,Johnson County                ,369,369,135121300,6,12,3153765,8,32,10650000,7,111,12078709,351,351,125141193,6,12,3153765,8,32,10650000,6,106,11594877
202003,20,103,2,4,Leavenworth County            ,42,42,9605384,8,16,2020826,0,0,0,6,32,3676830,41,41,9368327,8,16,2020826,0,0,0,6,32,3676830
202003,20,107,2,4,Linn County                   ,7,7,1592928,0,0,0,0,0,0,0,0,0,7,7,1592928,0,0,0,0,0,0,0,0,0
202003,20,121,2,4,Miami County                  ,15,15,4559676,0,0,0,0,0,0,0,0,0,2,2,470000,0,0,0,0,0,0,0,0,0
202003,20,209,2,4,Wyandotte County              ,36,36,7310722,3,6,577044,0,0,0,0,0,0,3,3,791464,0,0,0,0,0,0,0,0,0
202003,21,005,3,6,Anderson County               ,12,12,2280586,0,0,0,0,0,0,0,0,0,12,12,2280586,0,0,0,0,0,0,0,0,0
202003,21,015,3,6,Boone County                  ,94,94,18880965,0,0,0,0,0,0,2,54,6015719,94,94,18880965,0,0,0,0,0,0,2,54,6015719
202003,21,017,3,6,Bourbon County                ,10,10,2673738,0,0,0,0,0,0,0,0,0,10,10,2673738,0,0,0,0,0,0,0,0,0
202003,21,021,3,6,Boyle County                  ,9,9,1790859,0,0,0,0,0,0,0,0,0,2,2,460000,0,0,0,0,0,0,0,0,0
202003,21,029,3,6,Bullitt County                ,103,103,25581175,1,2,135000,1,3,650000,0,0,0,103,103,25581175,1,2,135000,1,3,650000,0,0,0
202003,21,035,3,6,Calloway County               ,2,2,297500,0,0,0,0,0,0,0,0,0,2,2,297500,0,0,0,0,0,0,0,0,0
202003,21,037,3,6,Campbell County               ,41,41,9947252,0,0,0,0,0,0,3,70,8055118,1,1,430000,0,0,0,0,0,0,0,0,0
202003,21,045,3,6,Casey County                  ,0,0,0,0,0,0,0,0,0,0,0,0,0,0,0,0,0,0,0,0,0,0,0,0
202003,21,047,3,6,Christian County              ,26,26,2649400,0,0,0,0,0,0,0,0,0,19,19,2151000,0,0,0,0,0,0,0,0,0
202003,21,049,3,6,Clark County                  ,19,19,4052271,1,2,400000,0,0,0,2,10,692500,10,10,1930000,0,0,0,0,0,0,0,0,0
202003,21,059,3,6,Daviess County                ,68,68,5920720,0,0,0,1,3,207350,0,0,0,68,68,5920720,0,0,0,1,3,207350,0,0,0
202003,21,067,3,6,Fayette County                ,190,190,38250054,2,4,438286,0,0,0,7,213,14125405,0,0,0,0,0,0,0,0,0,0,0,0
202003,21,069,3,6,Fleming County                ,0,0,0,0,0,0,0,0,0,0,0,0,0,0,0,0,0,0,0,0,0,0,0,0
202003,21,077,3,6,Gallatin County               ,6,6,1345431,0,0,0,0,0,0,0,0,0,0,0,0,0,0,0,0,0,0,0,0,0
202003,21,081,3,6,Grant County                  ,17,17,2664959,0,0,0,0,0,0,0,0,0,11,11,1252800,0,0,0,0,0,0,0,0,0
202003,21,091,3,6,Hancock County                ,3,3,583950,1,2,173138,0,0,0,0,0,0,0,0,0,0,0,0,0,0,0,0,0,0
202003,21,099,3,6,Hart County                   ,0,0,0,0,0,0,0,0,0,0,0,0,0,0,0,0,0,0,0,0,0,0,0,0
202003,21,101,3,6,Henderson County              ,16,16,4178854,0,0,0,0,0,0,0,0,0,16,16,4178854,0,0,0,0,0,0,0,0,0
202003,21,103,3,6,Henry County                  ,10,10,1641013,0,0,0,0,0,0,0,0,0,5,5,740000,0,0,0,0,0,0,0,0,0
202003,21,111,3,6,Jefferson County              ,291,291,89410335,2,4,360000,0,0,0,13,321,42942528,78,78,21047965,2,4,360000,0,0,0,0,0,0
202003,21,113,3,6,Jessamine County              ,39,39,12026072,0,0,0,3,10,1686000,0,0,0,15,15,8225000,0,0,0,1,4,681000,0,0,0
202003,21,115,3,6,Johnson County                ,0,0,0,0,0,0,0,0,0,0,0,0,0,0,0,0,0,0,0,0,0,0,0,0
202003,21,117,3,6,Kenton County                 ,54,54,12801712,0,0,0,0,0,0,0,0,0,54,54,12801712,0,0,0,0,0,0,0,0,0
202003,21,121,3,6,Knox County                   ,0,0,0,0,0,0,0,0,0,0,0,0,0,0,0,0,0,0,0,0,0,0,0,0
202003,21,123,3,6,Larue County                  ,6,6,1424739,0,0,0,0,0,0,0,0,0,6,6,1424739,0,0,0,0,0,0,0,0,0
202003,21,137,3,6,Lincoln County                ,8,8,822873,0,0,0,0,0,0,0,0,0,3,3,300000,0,0,0,0,0,0,0,0,0
202003,21,145,3,6,McCracken County              ,17,17,4092012,0,0,0,0,0,0,0,0,0,5,5,1230134,0,0,0,0,0,0,0,0,0
202003,21,151,3,6,Madison County                ,53,53,5464071,5,10,564980,0,0,0,3,16,539430,14,14,2050000,0,0,0,0,0,0,0,0,0
202003,21,157,3,6,Marshall County               ,17,17,4261200,2,4,350000,0,0,0,0,0,0,17,17,4261200,2,4,350000,0,0,0,0,0,0
202003,21,161,3,6,Mason County                  ,3,3,625000,0,0,0,0,0,0,0,0,0,3,3,625000,0,0,0,0,0,0,0,0,0
202003,21,163,3,6,Meade County                  ,16,16,3350000,1,2,120000,0,0,0,0,0,0,16,16,3350000,1,2,120000,0,0,0,0,0,0
202003,21,167,3,6,Mercer County                 ,13,13,2213286,0,0,0,0,0,0,0,0,0,0,0,0,0,0,0,0,0,0,0,0,0
202003,21,175,3,6,Morgan County                 ,6,6,450000,0,0,0,0,0,0,0,0,0,0,0,0,0,0,0,0,0,0,0,0,0
202003,21,179,3,6,Nelson County                 ,46,46,7986628,10,20,1400000,1,4,530000,0,0,0,46,46,7986628,10,20,1400000,1,4,530000,0,0,0
202003,21,185,3,6,Oldham County                 ,71,71,24459566,0,0,0,0,0,0,0,0,0,47,47,16150140,0,0,0,0,0,0,0,0,0
202003,21,191,3,6,Pendleton County              ,0,0,0,0,0,0,0,0,0,0,0,0,0,0,0,0,0,0,0,0,0,0,0,0
202003,21,209,3,6,Scott County                  ,99,99,16114557,0,0,0,0,0,0,0,0,0,99,99,16114557,0,0,0,0,0,0,0,0,0
202003,21,211,3,6,Shelby County                 ,57,57,15597342,0,0,0,0,0,0,0,0,0,57,57,15597342,0,0,0,0,0,0,0,0,0
202003,21,213,3,6,Simpson County                ,24,24,3538409,1,2,70000,0,0,0,1,5,287067,13,13,2074950,1,2,70000,0,0,0,0,0,0
202003,21,215,3,6,Spencer County                ,37,37,8406434,0,0,0,0,0,0,0,0,0,24,24,5698961,0,0,0,0,0,0,0,0,0
202003,21,221,3,6,Trigg County                  ,6,6,1229385,0,0,0,0,0,0,1,70,5984160,6,6,1229385,0,0,0,0,0,0,1,70,5984160
202003,21,239,3,6,Woodford County               ,35,35,7016862,0,0,0,0,0,0,0,0,0,35,35,7016862,0,0,0,0,0,0,0,0,0
202003,22,005,3,7,Ascension Parish              ,220,220,35572748,0,0,0,0,0,0,0,0,0,59,59,11314486,0,0,0,0,0,0,0,0,0
202003,22,015,3,7,Bossier Parish                ,117,117,20343437,0,0,0,0,0,0,0,0,0,85,85,15008702,0,0,0,0,0,0,0,0,0
202003,22,017,3,7,Caddo Parish                  ,28,28,27352686,0,0,0,0,0,0,0,0,0,28,28,27352686,0,0,0,0,0,0,0,0,0
202003,22,031,3,7,De Soto Parish                ,20,20,5232654,0,0,0,0,0,0,0,0,0,20,20,5232654,0,0,0,0,0,0,0,0,0
202003,22,033,3,7,East Baton Rouge Parish       ,288,288,74028315,0,0,0,0,0,0,0,0,0,288,288,74028315,0,0,0,0,0,0,0,0,0
202003,22,037,3,7,East Feliciana Parish         ,10,10,2048976,0,0,0,0,0,0,0,0,0,10,10,2048976,0,0,0,0,0,0,0,0,0
202003,22,047,3,7,Iberville Parish              ,32,32,7684997,0,0,0,0,0,0,0,0,0,2,2,137000,0,0,0,0,0,0,0,0,0
202003,22,051,3,7,Jefferson Parish              ,160,160,40595131,1,2,132270,0,0,0,0,0,0,111,111,29615994,0,0,0,0,0,0,0,0,0
202003,22,055,3,7,Lafayette Parish              ,471,471,88109663,0,0,0,0,0,0,0,0,0,276,276,40666170,0,0,0,0,0,0,0,0,0
202003,22,063,3,7,Livingston Parish             ,205,205,40496348,0,0,0,0,0,0,0,0,0,66,66,13366467,0,0,0,0,0,0,0,0,0
202003,22,071,3,7,Orleans Parish                ,147,147,33109536,24,48,4962474,3,11,2647246,3,135,27842771,0,0,0,0,0,0,0,0,0,0,0,0
202003,22,075,3,7,Plaquemines Parish            ,12,12,3179454,0,0,0,0,0,0,0,0,0,0,0,0,0,0,0,0,0,0,0,0,0
202003,22,077,3,7,Pointe Coupee Parish          ,12,12,3634964,0,0,0,0,0,0,0,0,0,12,12,3634964,0,0,0,0,0,0,0,0,0
202003,22,087,3,7,St. Bernard Parish            ,50,50,8682000,4,8,580000,0,0,0,0,0,0,50,50,8682000,4,8,580000,0,0,0,0,0,0
202003,22,089,3,7,St. Charles Parish            ,29,29,7687567,0,0,0,0,0,0,0,0,0,29,29,7687567,0,0,0,0,0,0,0,0,0
202003,22,091,3,7,St. Helena Parish             ,7,7,1259328,0,0,0,0,0,0,0,0,0,0,0,0,0,0,0,0,0,0,0,0,0
202003,22,095,3,7,St. John the Baptist Parish   ,20,20,2928612,0,0,0,0,0,0,0,0,0,16,16,2266000,0,0,0,0,0,0,0,0,0
202003,22,099,3,7,St. Martin Parish             ,53,53,10102229,0,0,0,0,0,0,0,0,0,9,9,2034864,0,0,0,0,0,0,0,0,0
202003,22,103,3,7,St. Tammany Parish            ,406,406,97750717,0,0,0,0,0,0,0,0,0,260,260,61245755,0,0,0,0,0,0,0,0,0
202003,22,109,3,7,Terrebonne Parish             ,34,34,8719003,4,8,622223,0,0,0,0,0,0,0,0,0,0,0,0,0,0,0,0,0,0
202003,22,121,3,7,West Baton Rouge Parish       ,54,54,10164333,0,0,0,0,0,0,0,0,0,52,52,9982209,0,0,0,0,0,0,0,0,0
202003,22,125,3,7,West Feliciana Parish         ,13,13,3310128,0,0,0,0,0,0,0,0,0,13,13,3310128,0,0,0,0,0,0,0,0,0
202003,23,000,1,1,Maine Unorganized Territory   ,11,11,1460803,0,0,0,0,0,0,0,0,0,0,0,0,0,0,0,0,0,0,0,0,0
202003,24,003,3,5,Anne Arundel County           ,485,485,79979998,0,0,0,0,0,0,2,24,6040159,480,480,79120593,0,0,0,0,0,0,2,24,6040159
202003,24,005,3,5,Baltimore County              ,179,179,38918000,0,0,0,0,0,0,2,267,65000000,179,179,38918000,0,0,0,0,0,0,2,267,65000000
202003,24,009,3,5,Calvert County                ,65,65,15434686,0,0,0,0,0,0,4,96,11000000,65,65,15434686,0,0,0,0,0,0,4,96,11000000
202003,24,013,3,5,Carroll County                ,75,75,15037247,0,0,0,0,0,0,0,0,0,75,75,15037247,0,0,0,0,0,0,0,0,0
202003,24,015,3,5,Cecil County                  ,47,47,8663600,0,0,0,0,0,0,0,0,0,47,47,8663600,0,0,0,0,0,0,0,0,0
202003,24,017,3,5,Charles County                ,141,141,41916658,0,0,0,0,0,0,0,0,0,133,133,40614500,0,0,0,0,0,0,0,0,0
202003,24,021,3,5,Frederick County              ,275,275,63118154,2,4,447365,11,42,5639437,22,208,29948686,275,275,63118154,2,4,447365,11,42,5639437,22,208,29948686
202003,24,023,3,5,Garrett County                ,18,18,8342000,0,0,0,0,0,0,0,0,0,18,18,8342000,0,0,0,0,0,0,0,0,0
202003,24,025,3,5,Harford County                ,221,221,52554967,0,0,0,0,0,0,1,24,2628350,221,221,52554967,0,0,0,0,0,0,1,24,2628350
202003,24,027,3,5,Howard County                 ,145,145,31950834,0,0,0,0,0,0,3,135,13850000,145,145,31950834,0,0,0,0,0,0,3,135,13850000
202003,24,031,3,5,Montgomery County             ,313,313,70869514,4,8,680000,0,0,0,2,95,12849581,225,225,50169711,4,8,680000,0,0,0,1,16,1795920
202003,24,033,3,5,Prince George County          ,481,481,114428786,3,6,731511,0,0,0,0,0,0,472,472,112079564,0,0,0,0,0,0,0,0,0
202003,24,035,3,5,Queen Anne County             ,63,63,14374528,0,0,0,0,0,0,1,21,2400000,63,63,14374528,0,0,0,0,0,0,1,21,2400000
202003,24,037,3,5,St. Marys County              ,251,251,51981446,0,0,0,0,0,0,2,11,216801,96,96,21505000,0,0,0,0,0,0,0,0,0
202003,24,039,3,5,Somerset County               ,5,5,1057477,0,0,0,0,0,0,0,0,0,0,0,0,0,0,0,0,0,0,0,0,0
202003,24,045,3,5,Wicomico County               ,53,53,9976294,0,0,0,0,0,0,1,8,795000,45,45,8439659,0,0,0,0,0,0,1,8,795000
202003,24,510,3,5,Baltimore (Independent City)  ,19,19,2993503,0,0,0,0,0,0,5,319,52218480,0,0,0,0,0,0,0,0,0,3,107,20092126
202003,25,005,1,1,Bristol County                ,132,132,27920429,4,8,699286,0,0,0,0,0,0,84,84,18686411,3,6,605000,0,0,0,0,0,0
202003,25,009,1,1,Essex County                  ,115,115,35234259,10,20,3625034,1,3,330000,4,21,4090346,78,78,25323084,5,10,1982430,1,3,330000,0,0,0
202003,25,017,1,1,Middlesex County              ,392,392,111103281,47,94,14011665,8,28,6626872,19,503,83936529,261,261,70575465,40,80,10344103,5,19,4375920,4,216,38542000
202003,25,021,1,1,Norfolk County                ,163,163,61553029,12,24,4300200,1,3,551220,13,228,29749565,96,96,41204754,10,20,3599700,0,0,0,1,87,14000000
202003,25,023,1,1,Plymouth County               ,258,258,64735772,1,2,320000,1,3,397800,4,74,13209042,101,101,25725215,1,2,320000,0,0,0,1,58,11059614
202003,25,025,1,1,Suffolk County                ,5,5,1137938,17,34,7959356,14,47,8560712,30,984,155931873,3,3,787226,15,30,7520586,14,47,8560712,24,949,148417023
202003,26,000,2,3,Michigan Balance of State     ,7,7,1314058,0,0,0,0,0,0,0,0,0,0,0,0,0,0,0,0,0,0,0,0,0
202003,26,019,2,3,Benzie County                 ,10,10,2741180,0,0,0,0,0,0,0,0,0,0,0,0,0,0,0,0,0,0,0,0,0
202003,26,029,2,3,Charlevoix County             ,13,13,3306737,2,4,452780,0,0,0,0,0,0,0,0,0,0,0,0,0,0,0,0,0,0
202003,26,089,2,3,Leelanau County               ,21,21,4671820,0,0,0,0,0,0,0,0,0,21,21,4671820,0,0,0,0,0,0,0,0,0
202003,26,093,2,3,Livingston County             ,118,118,30105872,0,0,0,0,0,0,0,0,0,113,113,29439072,0,0,0,0,0,0,0,0,0
202003,26,095,2,3,Luce County                   ,5,5,1192000,0,0,0,0,0,0,0,0,0,5,5,1192000,0,0,0,0,0,0,0,0,0
202003,26,099,2,3,Macomb County                 ,255,255,88690578,9,18,1260000,0,0,0,2,192,21291478,234,234,82290037,9,18,1260000,0,0,0,2,192,21291478
202003,26,103,2,3,Marquette County              ,3,3,2455000,0,0,0,0,0,0,0,0,0,3,3,2455000,0,0,0,0,0,0,0,0,0
202003,26,137,2,3,Otsego County                 ,3,3,243000,0,0,0,0,0,0,0,0,0,0,0,0,0,0,0,0,0,0,0,0,0
202003,26,147,2,3,St. Clair County              ,38,38,7290106,0,0,0,0,0,0,0,0,0,22,22,4532360,0,0,0,0,0,0,0,0,0
202003,26,163,2,3,Wayne County                  ,226,226,47648419,2,4,658224,2,8,1409560,6,97,28807544,184,184,39116611,2,4,658224,2,8,1409560,6,97,28807544
202003,27,003,2,4,Anoka County                  ,173,173,50027995,0,0,0,0,0,0,0,0,0,160,160,46148214,0,0,0,0,0,0,0,0,0
202003,27,019,2,4,Carver County                 ,133,133,44288678,2,4,588000,0,0,0,0,0,0,129,129,43270923,2,4,588000,0,0,0,0,0,0
202003,27,025,2,4,Chisago County                ,19,19,3029963,0,0,0,0,0,0,0,0,0,18,18,2820630,0,0,0,0,0,0,0,0,0
202003,27,027,2,4,Clay County                   ,12,12,3702000,0,0,0,0,0,0,0,0,0,12,12,3702000,0,0,0,0,0,0,0,0,0
202003,27,037,2,4,Dakota County                 ,224,224,66700793,0,0,0,0,0,0,10,173,18787966,220,220,65310769,0,0,0,0,0,0,7,140,14105000
202003,27,053,2,4,Hennepin County               ,397,397,152846134,3,6,1006118,2,7,1912609,17,2062,349401206,338,338,135485647,3,6,1006118,1,4,1375939,17,2062,349401206
202003,27,059,2,4,Isanti County                 ,33,33,6832900,0,0,0,0,0,0,0,0,0,16,16,3305416,0,0,0,0,0,0,0,0,0
202003,27,123,2,4,Ramsey County                 ,35,35,10768230,0,0,0,1,4,782136,2,136,23245188,34,34,10494615,0,0,0,1,4,782136,2,136,23245188
202003,27,139,2,4,Scott County                  ,124,124,39121085,1,2,723000,1,3,462000,1,5,728250,105,105,34248069,1,2,723000,0,0,0,0,0,0
202003,27,141,2,4,Sherburne County              ,67,67,15265223,0,0,0,0,0,0,0,0,0,56,56,12939182,0,0,0,0,0,0,0,0,0
202003,27,163,2,4,Washington County             ,205,205,67375716,0,0,0,1,3,526000,0,0,0,187,187,60126603,0,0,0,1,3,526000,0,0,0
202003,27,171,2,4,Wright County                 ,178,178,53544330,1,2,430000,0,0,0,3,59,9779045,166,166,50769914,1,2,430000,0,0,0,1,49,8749793
202003,28,033,3,6,DeSoto County                 ,358,358,63360698,0,0,0,0,0,0,0,0,0,267,267,50174295,0,0,0,0,0,0,0,0,0
202003,28,041,3,6,Greene County                 ,0,0,0,0,0,0,0,0,0,0,0,0,0,0,0,0,0,0,0,0,0,0,0,0
202003,28,045,3,6,Hancock County                ,129,129,22245493,0,0,0,4,12,1204336,3,23,1947242,29,29,6420926,0,0,0,0,0,0,0,0,0
202003,28,047,3,6,Harrison County               ,394,394,73262219,4,8,845000,0,0,0,0,0,0,313,313,60399619,3,6,600000,0,0,0,0,0,0
202003,28,067,3,6,Jones County                  ,92,92,11904000,0,0,0,0,0,0,0,0,0,92,92,11904000,0,0,0,0,0,0,0,0,0
202003,28,129,3,6,Smith County                  ,0,0,0,0,0,0,0,0,0,0,0,0,0,0,0,0,0,0,0,0,0,0,0,0
202003,28,137,3,6,Tate County                   ,27,27,5733454,0,0,0,0,0,0,0,0,0,14,14,3363300,0,0,0,0,0,0,0,0,0
202003,28,143,3,6,Tunica County                 ,31,31,7123806,0,0,0,0,0,0,0,0,0,0,0,0,0,0,0,0,0,0,0,0,0
202003,28,145,3,6,Union County                  ,2,2,280000,0,0,0,0,0,0,0,0,0,2,2,280000,0,0,0,0,0,0,0,0,0
202003,28,149,3,6,Warren County                 ,2,2,600000,0,0,0,0,0,0,0,0,0,0,0,0,0,0,0,0,0,0,0,0,0
202003,29,013,2,4,Bates County                  ,0,0,0,0,0,0,0,0,0,0,0,0,0,0,0,0,0,0,0,0,0,0,0,0
202003,29,017,2,4,Bollinger County              ,0,0,0,0,0,0,0,0,0,0,0,0,0,0,0,0,0,0,0,0,0,0,0,0
202003,29,019,2,4,Boone County                  ,164,164,46108552,0,0,0,0,0,0,0,0,0,164,164,46108552,0,0,0,0,0,0,0,0,0
202003,29,049,2,4,Clinton County                ,12,12,2653317,0,0,0,0,0,0,0,0,0,1,1,338000,0,0,0,0,0,0,0,0,0
202003,29,065,2,4,Dent County                   ,0,0,0,0,0,0,0,0,0,0,0,0,0,0,0,0,0,0,0,0,0,0,0,0
202003,29,071,2,4,Franklin County               ,77,77,23822076,1,2,290559,0,0,0,3,28,1755000,62,62,20220853,1,2,290559,0,0,0,3,28,1755000
202003,29,095,2,4,Jackson County                ,403,403,99154894,20,40,2512542,1,4,771184,27,664,72468749,378,378,92830883,20,40,2512542,1,4,771184,27,664,72468749
202003,29,099,2,4,Jefferson County              ,171,171,44713321,1,2,250000,0,0,0,0,0,0,162,162,43491079,1,2,250000,0,0,0,0,0,0
202003,29,105,2,4,Laclede County                ,6,6,933450,1,2,199050,0,0,0,0,0,0,6,6,933450,1,2,199050,0,0,0,0,0,0
202003,29,107,2,4,Lafayette County              ,16,16,4065251,0,0,0,0,0,0,0,0,0,15,15,3995251,0,0,0,0,0,0,0,0,0
202003,29,113,2,4,Lincoln County                ,50,50,7140791,0,0,0,0,0,0,0,0,0,50,50,7140791,0,0,0,0,0,0,0,0,0
202003,29,165,2,4,Platte County                 ,132,132,24171747,2,4,1120000,0,0,0,2,48,3600000,130,130,23508405,2,4,1120000,0,0,0,2,48,3600000
202003,29,185,2,4,St. Clair County              ,0,0,0,0,0,0,0,0,0,0,0,0,0,0,0,0,0,0,0,0,0,0,0,0
202003,29,189,2,4,St. Louis County              ,214,214,95970634,0,0,0,0,0,0,2,202,14487013,201,201,89552118,0,0,0,0,0,0,1,188,12166157
202003,29,219,2,4,Warren County                 ,58,58,13818241,0,0,0,0,0,0,1,6,438180,58,58,13818241,0,0,0,0,0,0,1,6,438180
202003,29,221,2,4,Washington County             ,0,0,0,0,0,0,0,0,0,0,0,0,0,0,0,0,0,0,0,0,0,0,0,0
202003,29,510,2,4,St. Louis (Independent City)  ,35,35,6597060,1,2,330000,0,0,0,2,54,3383199,11,11,2002000,1,2,330000,0,0,0,0,0,0
202003,30,013,4,8,Cascade County                ,20,20,4991736,0,0,0,0,0,0,0,0,0,20,20,4991736,0,0,0,0,0,0,0,0,0
202003,30,033,4,8,Garfield County               ,0,0,0,0,0,0,0,0,0,0,0,0,0,0,0,0,0,0,0,0,0,0,0,0
202003,30,063,4,8,Missoula County               ,96,96,23274810,2,4,341174,0,0,0,1,6,396351,96,96,23274810,2,4,341174,0,0,0,1,6,396351
202003,30,093,4,8,Silver Bow County             ,4,4,709827,5,10,620000,0,0,0,0,0,0,4,4,709827,5,10,620000,0,0,0,0,0,0
202003,31,001,2,4,Adams County                  ,10,10,2451783,0,0,0,0,0,0,0,0,0,8,8,1905533,0,0,0,0,0,0,0,0,0
202003,31,025,2,4,Cass County                   ,30,30,5912968,1,2,217585,0,0,0,0,0,0,14,14,3159503,0,0,0,0,0,0,0,0,0
202003,31,033,2,4,Cheyenne County               ,0,0,0,0,0,0,0,0,0,0,0,0,0,0,0,0,0,0,0,0,0,0,0,0
202003,31,055,2,4,Douglas County                ,361,361,54179533,2,4,444204,0,0,0,3,60,4842838,353,353,51757769,2,4,444204,0,0,0,3,60,4842838
202003,31,105,2,4,Kimball County                ,0,0,0,0,0,0,0,0,0,0,0,0,0,0,0,0,0,0,0,0,0,0,0,0
202003,31,153,2,4,Sarpy County                  ,230,230,63608249,1,2,414435,0,0,0,3,72,3892353,212,212,59603890,1,2,414435,0,0,0,3,72,3892353
202003,31,165,2,4,Sioux County                  ,0,0,0,0,0,0,0,0,0,0,0,0,0,0,0,0,0,0,0,0,0,0,0,0
202003,31,177,2,4,Washington County             ,15,15,4845233,0,0,0,0,0,0,0,0,0,15,15,4845233,0,0,0,0,0,0,0,0,0
202003,32,001,4,8,Churchill County              ,26,26,5714515,0,0,0,0,0,0,0,0,0,26,26,5714515,0,0,0,0,0,0,0,0,0
202003,32,003,4,8,Clark County                  ,2799,2799,721096334,46,92,4921129,60,198,21730688,45,697,46100838,2792,2792,719456089,46,92,4921129,60,198,21730688,45,697,46100838
202003,32,005,4,8,Douglas County                ,48,48,18242814,0,0,0,0,0,0,0,0,0,48,48,18242814,0,0,0,0,0,0,0,0,0
202003,32,007,4,8,Elko County                   ,31,31,5109535,0,0,0,0,0,0,0,0,0,30,30,5042868,0,0,0,0,0,0,0,0,0
202003,32,013,4,8,Humboldt County               ,3,3,414858,0,0,0,0,0,0,0,0,0,2,2,275464,0,0,0,0,0,0,0,0,0
202003,32,015,4,8,Lander County                 ,3,3,232974,0,0,0,0,0,0,0,0,0,3,3,232974,0,0,0,0,0,0,0,0,0
202003,32,017,4,8,Lincoln County                ,1,1,75000,0,0,0,0,0,0,0,0,0,1,1,75000,0,0,0,0,0,0,0,0,0
202003,32,019,4,8,Lyon County                   ,91,91,21433706,0,0,0,0,0,0,0,0,0,75,75,17617231,0,0,0,0,0,0,0,0,0
202003,32,021,4,8,Mineral County                ,0,0,0,0,0,0,0,0,0,0,0,0,0,0,0,0,0,0,0,0,0,0,0,0
202003,32,027,4,8,Pershing County               ,0,0,0,0,0,0,0,0,0,0,0,0,0,0,0,0,0,0,0,0,0,0,0,0
202003,32,029,4,8,Storey County                 ,2,2,265616,0,0,0,0,0,0,0,0,0,1,1,77902,0,0,0,0,0,0,0,0,0
202003,32,031,4,8,Washoe County                 ,624,624,166354837,3,6,692142,2,6,649806,23,422,46575699,140,140,32132420,0,0,0,0,0,0,0,0,0
202003,32,033,4,8,White Pine County             ,0,0,0,0,0,0,0,0,0,0,0,0,0,0,0,0,0,0,0,0,0,0,0,0
202003,32,510,4,8,Carson City (Independent City),45,45,11730361,0,0,0,0,0,0,3,30,2995337,0,0,0,0,0,0,0,0,0,0,0,0
202003,33,015,1,1,Rockingham County             ,150,150,44517396,13,26,4380915,2,6,785169,9,113,27713628,90,90,27934205,8,16,2574657,0,0,0,3,82,24415000
202003,33,017,1,1,Strafford County              ,93,93,11312190,0,0,0,0,0,0,2,20,2009301,28,28,6576448,0,0,0,0,0,0,0,0,0
202003,34,001,1,2,Atlantic County               ,119,119,23252826,0,0,0,0,0,0,3,63,8368861,112,112,21588664,0,0,0,0,0,0,0,0,0
202003,34,003,1,2,Bergen County                 ,297,297,59967820,44,88,12715472,2,6,8419000,33,333,53994046,204,204,37271866,37,74,10032019,2,6,8419000,13,155,37248350
202003,34,005,1,2,Burlington County             ,229,229,29825637,1,2,24000,1,3,203526,11,113,11953220,160,160,22102286,1,2,24000,0,0,0,4,69,7349724
202003,34,007,1,2,Camden County                 ,133,133,10726227,1,2,70250,0,0,0,7,70,4162369,113,113,6060037,1,2,70250,0,0,0,1,5,500
202003,34,009,1,2,Cape May County               ,115,115,37618294,27,54,10925932,1,3,20000,1,5,616200,109,109,36561069,25,50,10546094,0,0,0,1,5,616200
202003,34,011,1,2,Cumberland County             ,52,52,1611514,0,0,0,0,0,0,0,0,0,51,51,1499308,0,0,0,0,0,0,0,0,0
202003,34,013,1,2,Essex County                  ,150,150,23375201,16,32,3485161,13,43,2958488,18,472,25604186,116,116,19669962,10,20,2459970,11,36,1649846,4,279,9655000
202003,34,015,1,2,Gloucester County             ,138,138,16720254,1,2,24035,0,0,0,6,31,3833850,100,100,11837983,1,2,24035,0,0,0,0,0,0
202003,34,017,1,2,Hudson County                 ,26,26,8824373,10,20,1929577,19,62,80365040,12,731,147698718,25,25,8014686,7,14,1233500,18,59,80015040,8,654,77393857
202003,34,019,1,2,Hunterdon County              ,77,77,6625607,1,2,233200,0,0,0,5,33,1773378,66,66,4631745,0,0,0,0,0,0,0,0,0
202003,34,021,1,2,Mercer County                 ,72,72,10939220,1,2,3770,0,0,0,9,62,2030572,70,70,10469807,0,0,0,0,0,0,4,35,1551750
202003,34,023,1,2,Middlesex County              ,209,209,33067478,7,14,1124458,29,99,2941993,17,263,25844087,185,185,28610088,6,12,914058,29,99,2941993,11,143,3716437
202003,34,025,1,2,Monmouth County               ,389,389,78927915,0,0,0,1,4,737600,5,35,4752501,343,343,63741336,0,0,0,1,4,737600,1,12,3300000
202003,34,027,1,2,Morris County                 ,282,282,38212238,0,0,0,0,0,0,9,118,10451120,221,221,22823182,0,0,0,0,0,0,3,68,4276000
202003,34,029,1,2,Ocean County                  ,709,709,98345135,9,18,872784,18,62,23007,3,72,6970856,614,614,86532420,8,16,542202,18,62,23007,1,55,5750000
202003,34,031,1,2,Passaic County                ,20,20,4228482,5,10,635314,0,0,0,8,88,3086833,10,10,1740231,2,4,232500,0,0,0,3,52,1163500
202003,34,033,1,2,Salem County                  ,9,9,1148476,0,0,0,0,0,0,0,0,0,7,7,810310,0,0,0,0,0,0,0,0,0
202003,34,035,1,2,Somerset County               ,80,80,14912190,1,2,166500,2,6,699144,8,166,11789363,51,51,10601345,0,0,0,1,3,399144,2,81,5357500
202003,34,037,1,2,Sussex County                 ,93,93,7252683,0,0,0,0,0,0,0,0,0,90,90,6439692,0,0,0,0,0,0,0,0,0
202003,34,039,1,2,Union County                  ,62,62,12948807,21,42,3329011,2,6,446423,21,361,18160319,33,33,7439718,14,28,2177750,0,0,0,5,31,2318326
202003,34,041,1,2,Warren County                 ,46,46,5754623,3,6,76302,0,0,0,2,10,266544,29,29,2463693,3,6,76302,0,0,0,1,5,86000
202003,35,000,4,8,New Mexico Balance of State   ,78,78,21141351,0,0,0,0,0,0,0,0,0,0,0,0,0,0,0,0,0,0,0,0,0
202003,35,001,4,8,Bernalillo County             ,354,354,99470294,0,0,0,0,0,0,0,0,0,354,354,99470294,0,0,0,0,0,0,0,0,0
202003,35,005,4,8,Chaves County                 ,16,16,3275039,0,0,0,0,0,0,0,0,0,12,12,2577500,0,0,0,0,0,0,0,0,0
202003,35,009,4,8,Curry County                  ,10,10,2518340,0,0,0,0,0,0,3,15,1382814,0,0,0,0,0,0,0,0,0,0,0,0
202003,35,013,4,8,Dona Ana County               ,224,224,56021734,1,2,256944,0,0,0,0,0,0,209,209,51881031,1,2,256944,0,0,0,0,0,0
202003,35,015,4,8,Eddy County                   ,41,41,9170208,0,0,0,0,0,0,3,24,1811321,14,14,3901300,0,0,0,0,0,0,0,0,0
202003,35,017,4,8,Grant County                  ,0,0,0,0,0,0,0,0,0,0,0,0,0,0,0,0,0,0,0,0,0,0,0,0
202003,35,025,4,8,Lea County                    ,31,31,6560331,0,0,0,0,0,0,0,0,0,0,0,0,0,0,0,0,0,0,0,0,0
202003,35,027,4,8,Lincoln County                ,16,16,5914323,0,0,0,0,0,0,0,0,0,16,16,5914323,0,0,0,0,0,0,0,0,0
202003,35,028,4,8,Los Alamos County             ,0,0,0,0,0,0,0,0,0,0,0,0,0,0,0,0,0,0,0,0,0,0,0,0
202003,35,029,4,8,Luna County                   ,3,3,599717,0,0,0,0,0,0,0,0,0,1,1,282835,0,0,0,0,0,0,0,0,0
202003,35,031,4,8,McKinley County               ,0,0,0,0,0,0,0,0,0,0,0,0,0,0,0,0,0,0,0,0,0,0,0,0
202003,35,035,4,8,Otero County                  ,0,0,0,0,0,0,0,0,0,0,0,0,0,0,0,0,0,0,0,0,0,0,0,0
202003,35,041,4,8,Roosevelt County              ,3,3,461721,0,0,0,0,0,0,0,0,0,0,0,0,0,0,0,0,0,0,0,0,0
202003,35,043,4,8,Sandoval County               ,176,176,39096088,0,0,0,1,3,348242,3,18,749999,0,0,0,0,0,0,0,0,0,0,0,0
202003,35,045,4,8,San Juan County               ,13,13,2360462,0,0,0,0,0,0,0,0,0,13,13,2360462,0,0,0,0,0,0,0,0,0
202003,35,047,4,8,San Miguel County             ,1,1,70000,0,0,0,0,0,0,0,0,0,1,1,70000,0,0,0,0,0,0,0,0,0
202003,35,049,4,8,Santa Fe County               ,98,98,25158928,0,0,0,0,0,0,0,0,0,98,98,25158928,0,0,0,0,0,0,0,0,0
202003,35,051,4,8,Sierra County                 ,0,0,0,0,0,0,0,0,0,0,0,0,0,0,0,0,0,0,0,0,0,0,0,0
202003,35,055,4,8,Taos County                   ,10,10,2558672,0,0,0,0,0,0,0,0,0,8,8,2081394,0,0,0,0,0,0,0,0,0
202003,35,061,4,8,Valencia County               ,41,41,6559122,0,0,0,0,0,0,0,0,0,41,41,6559122,0,0,0,0,0,0,0,0,0
202003,36,001,1,2,Albany County                 ,44,44,10841444,1,2,315000,2,6,900000,5,58,4572340,24,24,5913134,1,2,315000,0,0,0,3,48,2700000
202003,36,005,1,2,Bronx County                  ,4,4,1049634,4,8,1202628,5,17,2261816,20,744,95987381,4,4,1049634,4,8,1202628,5,17,2261816,20,744,95987381
202003,36,029,1,2,Erie County                   ,179,179,57761077,3,6,828000,3,12,2898200,3,56,12564152,133,133,41259769,2,4,478000,3,12,2898200,0,0,0
202003,36,047,1,2,Kings County                  ,15,15,3936130,15,30,4509857,4,12,1596576,37,1664,214681454,15,15,3936130,15,30,4509857,4,12,1596576,37,1664,214681454
202003,36,051,1,2,Livingston County             ,8,8,1931230,0,0,0,0,0,0,2,12,914500,4,4,1285000,0,0,0,0,0,0,0,0,0
202003,36,055,1,2,Monroe County                 ,128,128,32591763,1,2,500000,3,11,1322727,6,237,32170553,103,103,28689329,1,2,500000,2,8,840000,3,182,28475521
202003,36,059,1,2,Nassau County                 ,177,177,78207962,3,6,1050000,1,3,399144,5,65,9203000,96,96,56586012,1,2,500000,1,3,399144,3,54,6400000
202003,36,061,1,2,New York County               ,0,0,0,1,2,300657,0,0,0,10,662,85408127,0,0,0,1,2,300657,0,0,0,10,662,85408127
202003,36,063,1,2,Niagara County                ,19,19,5735984,1,2,100000,0,0,0,1,39,681080,14,14,4437265,0,0,0,0,0,0,1,39,681080
202003,36,069,1,2,Ontario County                ,57,57,14841992,0,0,0,0,0,0,0,0,0,42,42,11386979,0,0,0,0,0,0,0,0,0
202003,36,073,1,2,Orleans County                ,4,4,557600,0,0,0,0,0,0,0,0,0,1,1,245000,0,0,0,0,0,0,0,0,0
202003,36,079,1,2,Putnam County                 ,8,8,1593800,0,0,0,0,0,0,0,0,0,3,3,710000,0,0,0,0,0,0,0,0,0
202003,36,081,1,2,Queens County                 ,12,12,3148904,29,58,8719059,7,21,2794008,31,2348,302927917,12,12,3148904,29,58,8719059,7,21,2794008,31,2348,302927917
202003,36,083,1,2,Rensselaer County             ,22,22,5420331,0,0,0,0,0,0,3,17,2599038,11,11,2443500,0,0,0,0,0,0,0,0,0
202003,36,085,1,2,Richmond County               ,15,15,3936130,18,36,5411830,0,0,0,0,0,0,15,15,3936130,18,36,5411830,0,0,0,0,0,0
202003,36,087,1,2,Rockland County               ,20,20,5224385,5,10,1493304,3,9,982233,10,152,19791454,7,7,1765000,0,0,0,0,0,0,7,132,17030019
202003,36,091,1,2,Saratoga County               ,137,137,38286289,0,0,0,2,6,1110000,4,30,2420831,92,92,24319122,0,0,0,2,6,1110000,1,12,1722291
202003,36,093,1,2,Schenectady County            ,11,11,2863802,0,0,0,0,0,0,2,31,2906250,7,7,1985000,0,0,0,0,0,0,1,25,2250000
202003,36,095,1,2,Schoharie County              ,4,4,808838,0,0,0,0,0,0,0,0,0,1,1,120000,0,0,0,0,0,0,0,0,0
202003,36,099,1,2,Seneca County                 ,4,4,776433,0,0,0,0,0,0,0,0,0,2,2,470000,0,0,0,0,0,0,0,0,0
202003,36,103,1,2,Suffolk County                ,136,136,118202330,0,0,0,1,3,560670,3,27,3062676,117,117,103024449,0,0,0,1,3,560670,0,0,0
202003,36,117,1,2,Wayne County                  ,16,16,3570276,1,2,200000,0,0,0,1,6,275000,10,10,2196500,1,2,200000,0,0,0,1,6,275000
202003,36,119,1,2,Westchester County            ,84,84,48386416,8,16,2521051,2,6,240000,12,399,63902071,67,67,38473445,0,0,0,0,0,0,4,202,40838628
202003,37,007,3,5,Anson County                  ,13,13,1948245,0,0,0,0,0,0,0,0,0,0,0,0,0,0,0,0,0,0,0,0,0
202003,37,011,3,5,Avery County                  ,25,25,13475436,0,0,0,0,0,0,1,8,350000,25,25,13475436,0,0,0,0,0,0,1,8,350000
202003,37,015,3,5,Bertie County                 ,2,2,461466,0,0,0,0,0,0,0,0,0,2,2,461466,0,0,0,0,0,0,0,0,0
202003,37,025,3,5,Cabarrus County               ,493,493,81438209,0,0,0,0,0,0,0,0,0,493,493,81438209,0,0,0,0,0,0,0,0,0
202003,37,033,3,5,Caswell County                ,1,1,350000,0,0,0,0,0,0,0,0,0,1,1,350000,0,0,0,0,0,0,0,0,0
202003,37,037,3,5,Chatham County                ,130,130,46111548,0,0,0,0,0,0,0,0,0,130,130,46111548,0,0,0,0,0,0,0,0,0
202003,37,051,3,5,Cumberland County             ,142,142,25180339,1,2,343204,0,0,0,3,66,12000000,142,142,25180339,0,0,0,0,0,0,3,66,12000000
202003,37,053,3,5,Currituck County              ,118,118,29162668,0,0,0,0,0,0,0,0,0,0,0,0,0,0,0,0,0,0,0,0,0
202003,37,059,3,5,Davie County                  ,43,43,9055609,0,0,0,0,0,0,3,67,2642123,0,0,0,0,0,0,0,0,0,0,0,0
202003,37,063,3,5,Durham County                 ,564,564,107928709,3,6,509691,0,0,0,12,310,25155248,0,0,0,0,0,0,0,0,0,0,0,0
202003,37,069,3,5,Franklin County               ,108,108,20194477,0,0,0,0,0,0,0,0,0,108,108,20194477,0,0,0,0,0,0,0,0,0
202003,37,071,3,5,Gaston County                 ,354,354,109234700,2,4,533048,0,0,0,1,8,797273,278,278,85244740,1,2,256304,0,0,0,0,0,0
202003,37,077,3,5,Granville County              ,58,58,13519871,0,0,0,0,0,0,0,0,0,58,58,13519871,0,0,0,0,0,0,0,0,0
202003,37,081,3,5,Guilford County               ,390,390,95331755,1,2,133000,0,0,0,5,224,28869576,335,335,75696915,1,2,133000,0,0,0,5,224,28869576
202003,37,089,3,5,Henderson County              ,133,133,33432879,0,0,0,0,0,0,0,0,0,133,133,33432879,0,0,0,0,0,0,0,0,0
202003,37,093,3,5,Hoke County                   ,87,87,20658733,0,0,0,0,0,0,0,0,0,87,87,20658733,0,0,0,0,0,0,0,0,0
202003,37,097,3,5,Iredell County                ,409,409,106162707,0,0,0,0,0,0,0,0,0,409,409,106162707,0,0,0,0,0,0,0,0,0
202003,37,101,3,5,Johnston County               ,710,710,122122431,0,0,0,0,0,0,0,0,0,461,461,80155269,0,0,0,0,0,0,0,0,0
202003,37,119,3,5,Mecklenburg County            ,1708,1708,405576049,4,8,880625,0,0,0,22,884,93077918,1708,1708,405576049,4,8,880625,0,0,0,22,884,93077918
202003,37,133,3,5,Onslow County                 ,285,285,44555337,0,0,0,1,4,320000,0,0,0,285,285,44555337,0,0,0,1,4,320000,0,0,0
202003,37,135,3,5,Orange County                 ,86,86,24632661,1,2,152000,0,0,0,0,0,0,86,86,24632661,1,2,152000,0,0,0,0,0,0
202003,37,145,3,5,Person County                 ,21,21,5235300,0,0,0,0,0,0,0,0,0,21,21,5235300,0,0,0,0,0,0,0,0,0
202003,37,151,3,5,Randolph County               ,97,97,22147270,1,2,84091,0,0,0,0,0,0,89,89,21439020,0,0,0,0,0,0,0,0,0
202003,37,157,3,5,Rockingham County             ,45,45,13536245,0,0,0,0,0,0,0,0,0,44,44,13303974,0,0,0,0,0,0,0,0,0
202003,37,179,3,5,Union County                  ,565,565,121102354,0,0,0,0,0,0,0,0,0,565,565,121102354,0,0,0,0,0,0,0,0,0
202003,37,181,3,5,Vance County                  ,27,27,3654959,0,0,0,0,0,0,0,0,0,27,27,3654959,0,0,0,0,0,0,0,0,0
202003,37,183,3,5,Wake County                   ,1965,1965,493298126,2,4,373682,0,0,0,29,1606,228180955,1937,1937,489721218,2,4,373682,0,0,0,28,1581,226292129
202003,37,195,3,5,Wilson County                 ,54,54,9996838,3,6,180000,0,0,0,0,0,0,54,54,9996838,3,6,180000,0,0,0,0,0,0
202003,39,007,2,3,Ashtabula County              ,11,11,1491000,0,0,0,0,0,0,0,0,0,11,11,1491000,0,0,0,0,0,0,0,0,0
202003,39,015,2,3,Brown County                  ,24,24,6412343,0,0,0,0,0,0,0,0,0,17,17,4602447,0,0,0,0,0,0,0,0,0
202003,39,017,2,3,Butler County                 ,173,173,37568816,3,6,840000,0,0,0,0,0,0,109,109,24293033,3,6,840000,0,0,0,0,0,0
202003,39,025,2,3,Clermont County               ,124,124,28830061,7,14,2012971,0,0,0,0,0,0,124,124,28830061,7,14,2012971,0,0,0,0,0,0
202003,39,041,2,3,Delaware County               ,353,353,93168162,0,0,0,0,0,0,4,56,3269145,302,302,84101210,0,0,0,0,0,0,4,56,3269145
202003,39,049,2,3,Franklin County               ,373,373,120573022,5,10,1925000,4,12,2284199,30,997,124518016,342,342,109674383,5,10,1925000,4,12,2284199,29,992,124293016
202003,39,055,2,3,Geauga County                 ,18,18,6136083,0,0,0,0,0,0,0,0,0,18,18,6136083,0,0,0,0,0,0,0,0,0
202003,39,085,2,3,Lake County                   ,139,139,28098859,0,0,0,0,0,0,1,119,6000000,139,139,28098859,0,0,0,0,0,0,1,119,6000000
202003,39,089,2,3,Licking County                ,51,51,14719807,0,0,0,0,0,0,0,0,0,51,51,14719807,0,0,0,0,0,0,0,0,0
202003,39,093,2,3,Lorain County                 ,228,228,64176866,1,2,231220,4,15,1270000,2,18,1640000,176,176,55294690,0,0,0,4,15,1270000,2,18,1640000
202003,39,097,2,3,Madison County                ,33,33,8426760,0,0,0,0,0,0,0,0,0,23,23,5359626,0,0,0,0,0,0,0,0,0
202003,39,103,2,3,Medina County                 ,91,91,30775029,0,0,0,0,0,0,0,0,0,91,91,30775029,0,0,0,0,0,0,0,0,0
202003,39,117,2,3,Morrow County                 ,20,20,4860964,0,0,0,0,0,0,0,0,0,19,19,4665214,0,0,0,0,0,0,0,0,0
202003,39,159,2,3,Union County                  ,63,63,18865468,2,4,790000,0,0,0,2,12,800000,63,63,18865468,2,4,790000,0,0,0,2,12,800000
202003,39,165,2,3,Warren County                 ,329,329,95726688,0,0,0,0,0,0,10,154,16003395,327,327,95219878,0,0,0,0,0,0,10,154,16003395
202003,40,001,3,7,Adair County                  ,0,0,0,1,2,300000,0,0,0,0,0,0,0,0,0,1,2,300000,0,0,0,0,0,0
202003,40,017,3,7,Canadian County               ,110,110,24855504,5,10,1553039,0,0,0,0,0,0,82,82,18603207,4,8,1320000,0,0,0,0,0,0
202003,40,021,3,7,Cherokee County               ,18,18,2362288,1,2,130000,0,0,0,3,15,732144,0,0,0,0,0,0,0,0,0,0,0,0
202003,40,027,3,7,Cleveland County              ,171,171,43985897,2,4,780888,2,7,979500,0,0,0,38,38,8335200,0,0,0,1,4,720000,0,0,0
202003,40,029,3,7,Coal County                   ,0,0,0,0,0,0,0,0,0,0,0,0,0,0,0,0,0,0,0,0,0,0,0,0
202003,40,037,3,7,Creek County                  ,26,26,5481407,1,2,223682,0,0,0,3,36,2769231,9,9,1698457,1,2,223682,0,0,0,0,0,0
202003,40,051,3,7,Grady County                  ,23,23,2573000,5,10,825000,0,0,0,0,0,0,23,23,2573000,5,10,825000,0,0,0,0,0,0
202003,40,055,3,7,Greer County                  ,1,1,262500,0,0,0,0,0,0,0,0,0,0,0,0,0,0,0,0,0,0,0,0,0
202003,40,081,3,7,Lincoln County                ,1,1,237457,0,0,0,0,0,0,0,0,0,1,1,237457,0,0,0,0,0,0,0,0,0
202003,40,083,3,7,Logan County                  ,2,2,260000,0,0,0,0,0,0,0,0,0,2,2,260000,0,0,0,0,0,0,0,0,0
202003,40,087,3,7,McClain County                ,109,109,24534704,3,6,697365,0,0,0,0,0,0,72,72,16606690,2,4,447365,0,0,0,0,0,0
202003,40,109,3,7,Oklahoma County               ,1091,1091,258157586,37,74,6158472,1,3,337941,0,0,0,820,820,202372491,33,66,5395560,0,0,0,0,0,0
202003,40,111,3,7,Okmulgee County               ,1,1,180000,0,0,0,0,0,0,0,0,0,1,1,180000,0,0,0,0,0,0,0,0,0
202003,40,113,3,7,Osage County                  ,33,33,7279004,0,0,0,0,0,0,1,8,500000,33,33,7279004,0,0,0,0,0,0,1,8,500000
202003,40,117,3,7,Pawnee County                 ,1,1,325000,0,0,0,0,0,0,0,0,0,1,1,325000,0,0,0,0,0,0,0,0,0
202003,40,131,3,7,Rogers County                 ,119,119,20644160,3,6,247320,0,0,0,0,0,0,117,117,20243160,3,6,247320,0,0,0,0,0,0
202003,40,143,3,7,Tulsa County                  ,598,598,126609701,4,8,801316,10,40,3875440,27,408,43905868,580,580,121699501,4,8,801316,10,40,3875440,27,408,43905868
202003,40,145,3,7,Wagoner County                ,113,113,22980319,0,0,0,0,0,0,0,0,0,113,113,22980319,0,0,0,0,0,0,0,0,0
202003,41,000,4,9,Oregon Balance of State       ,73,73,8423900,0,0,0,0,0,0,0,0,0,73,73,8423900,0,0,0,0,0,0,0,0,0
202003,41,005,4,9,Clackamas County              ,388,388,124323989,4,8,546480,0,0,0,15,495,59703573,357,357,108537170,4,8,546480,0,0,0,12,470,56068148
202003,41,017,4,9,Deschutes County              ,385,385,95178273,16,32,3903523,0,0,0,1,14,1100000,385,385,95178273,16,32,3903523,0,0,0,1,14,1100000
202003,41,019,4,9,Douglas County                ,32,32,8647375,2,4,458490,0,0,0,0,0,0,32,32,8647375,2,4,458490,0,0,0,0,0,0
202003,41,025,4,9,Harney County                 ,3,3,829158,0,0,0,0,0,0,0,0,0,3,3,829158,0,0,0,0,0,0,0,0,0
202003,41,035,4,9,Klamath County                ,18,18,4341271,0,0,0,0,0,0,0,0,0,18,18,4341271,0,0,0,0,0,0,0,0,0
202003,41,051,4,9,Multnomah County              ,209,209,54304909,11,22,3933065,2,6,1450227,17,745,98000513,143,143,38394439,7,14,2125684,0,0,0,12,344,43712801
202003,41,065,4,9,Wasco County                  ,22,22,5241398,1,2,80000,0,0,0,0,0,0,22,22,5241398,1,2,80000,0,0,0,0,0,0
202003,41,067,4,9,Washington County             ,411,411,126079847,0,0,0,0,0,0,5,332,27371955,411,411,126079847,0,0,0,0,0,0,5,332,27371955
202003,41,071,4,9,Yamhill County                ,77,77,21037969,11,22,2778321,0,0,0,0,0,0,67,67,18721190,11,22,2778321,0,0,0,0,0,0
202003,42,001,1,2,Adams County                  ,46,46,10641466,0,0,0,0,0,0,0,0,0,27,27,6439433,0,0,0,0,0,0,0,0,0
202003,42,017,1,2,Bucks County                  ,129,129,35658036,0,0,0,0,0,0,0,0,0,72,72,20833071,0,0,0,0,0,0,0,0,0
202003,42,029,1,2,Chester County                ,326,326,74460815,1,2,465014,4,16,2514100,6,31,7389700,252,252,58425975,1,2,465014,4,16,2514100,6,31,7389700
202003,42,037,1,2,Columbia County               ,8,8,1938618,0,0,0,0,0,0,2,10,1317822,6,6,1549818,0,0,0,0,0,0,0,0,0
202003,42,041,1,2,Cumberland County             ,223,223,46064955,2,4,458053,3,10,1347639,2,36,4750814,169,169,36139245,2,4,458053,2,7,982907,0,0,0
202003,42,043,1,2,Dauphin County                ,116,116,22476289,4,8,1296895,2,6,1008640,4,81,10038176,94,94,18551760,4,8,1296895,2,6,1008640,3,76,9362500
202003,42,045,1,2,Delaware County               ,45,45,10433016,7,14,2104600,0,0,0,2,10,4112144,16,16,3889254,7,14,2104600,0,0,0,0,0,0
202003,42,055,1,2,Franklin County               ,73,73,17077483,0,0,0,0,0,0,2,10,1301534,48,48,10948050,0,0,0,0,0,0,0,0,0
202003,42,091,1,2,Montgomery County             ,290,290,71177840,0,0,0,7,25,3021472,7,475,100798697,243,243,60055717,0,0,0,6,22,2724772,3,231,52436678
202003,42,093,1,2,Montour County                ,7,7,2040161,0,0,0,0,0,0,0,0,0,5,5,1434920,0,0,0,0,0,0,0,0,0
202003,42,099,1,2,Perry County                  ,20,20,5183328,0,0,0,0,0,0,0,0,0,0,0,0,0,0,0,0,0,0,0,0,0
202003,42,101,1,2,Philadelphia County           ,126,126,33218753,40,80,12512663,34,120,14620268,12,382,29802978,70,70,18368608,25,50,7433910,20,72,8998360,6,259,13611458
202003,42,103,1,2,Pike County                   ,15,15,4466527,0,0,0,0,0,0,0,0,0,7,7,2499992,0,0,0,0,0,0,0,0,0
202003,44,001,1,1,Bristol County                ,7,7,2182904,0,0,0,0,0,0,0,0,0,6,6,1925900,0,0,0,0,0,0,0,0,0
202003,44,003,1,1,Kent County                   ,33,33,5421183,0,0,0,4,14,1285000,0,0,0,25,25,4084103,0,0,0,3,11,985000,0,0,0
202003,44,005,1,1,Newport County                ,33,33,8487220,0,0,0,0,0,0,0,0,0,29,29,7007226,0,0,0,0,0,0,0,0,0
202003,44,007,1,1,Providence County             ,81,81,15270751,4,8,800020,0,0,0,0,0,0,55,55,10710377,3,6,520000,0,0,0,0,0,0
202003,44,009,1,1,Washington County             ,89,89,31562282,2,4,796364,0,0,0,0,0,0,68,68,26728044,0,0,0,0,0,0,0,0,0
202003,45,003,3,5,Aiken County                  ,273,273,61104084,0,0,0,0,0,0,0,0,0,273,273,61104084,0,0,0,0,0,0,0,0,0
202003,45,009,3,5,Bamberg County                ,5,5,709000,0,0,0,0,0,0,0,0,0,5,5,709000,0,0,0,0,0,0,0,0,0
202003,45,015,3,5,Berkeley County               ,475,475,133201432,0,0,0,0,0,0,11,459,39846990,296,296,85732772,0,0,0,0,0,0,7,345,34240382
202003,45,017,3,5,Calhoun County                ,6,6,1004104,0,0,0,0,0,0,0,0,0,0,0,0,0,0,0,0,0,0,0,0,0
202003,45,019,3,5,Charleston County             ,693,693,170673455,0,0,0,4,13,617500,8,222,14034642,301,301,88243556,0,0,0,3,9,300000,0,0,0
202003,45,035,3,5,Dorchester County             ,305,305,92671620,0,0,0,0,0,0,0,0,0,304,304,92564120,0,0,0,0,0,0,0,0,0
202003,45,037,3,5,Edgefield County              ,38,38,7653172,0,0,0,0,0,0,0,0,0,38,38,7653172,0,0,0,0,0,0,0,0,0
202003,45,039,3,5,Fairfield County              ,14,14,3534707,0,0,0,0,0,0,0,0,0,14,14,3534707,0,0,0,0,0,0,0,0,0
202003,45,045,3,5,Greenville County             ,943,943,250808225,0,0,0,0,0,0,1,5,176376,938,938,249481740,0,0,0,0,0,0,0,0,0
202003,45,051,3,5,Horry County                  ,1256,1256,217444643,18,36,4185250,0,0,0,7,92,7477900,1051,1051,177766914,17,34,3616770,0,0,0,5,82,6631829
202003,45,055,3,5,Kershaw County                ,100,100,18228306,0,0,0,0,0,0,1,8,635000,100,100,18228306,0,0,0,0,0,0,1,8,635000
202003,45,059,3,5,Laurens County                ,50,50,6227800,0,0,0,0,0,0,0,0,0,44,44,5804716,0,0,0,0,0,0,0,0,0
202003,45,063,3,5,Lexington County              ,506,506,129221305,0,0,0,0,0,0,2,10,978672,65,65,15676523,0,0,0,0,0,0,0,0,0
202003,45,077,3,5,Pickens County                ,184,184,42799562,1,2,253268,0,0,0,0,0,0,119,119,32964022,0,0,0,0,0,0,0,0,0
202003,45,079,3,5,Richland County               ,364,364,71428655,1,2,165000,0,0,0,1,5,843131,314,314,59619073,1,2,165000,0,0,0,0,0,0
202003,45,081,3,5,Saluda County                 ,11,11,2339483,0,0,0,0,0,0,0,0,0,0,0,0,0,0,0,0,0,0,0,0,0
202003,45,085,3,5,Sumter County                 ,76,76,8134808,0,0,0,12,44,992826,0,0,0,76,76,8134808,0,0,0,12,44,992826,0,0,0
202003,45,091,3,5,York County                   ,553,553,194166564,0,0,0,0,0,0,3,42,4767615,216,216,70858423,0,0,0,0,0,0,0,0,0
202003,46,007,2,4,Bennett County                ,0,0,0,0,0,0,0,0,0,0,0,0,0,0,0,0,0,0,0,0,0,0,0,0
202003,46,055,2,4,Haakon County                 ,0,0,0,0,0,0,0,0,0,0,0,0,0,0,0,0,0,0,0,0,0,0,0,0
202003,46,071,2,4,Jackson County                ,0,0,0,0,0,0,0,0,0,0,0,0,0,0,0,0,0,0,0,0,0,0,0,0
202003,46,111,2,4,Sanborn County                ,0,0,0,0,0,0,0,0,0,0,0,0,0,0,0,0,0,0,0,0,0,0,0,0
202003,47,001,3,6,Anderson County               ,54,54,9523681,0,0,0,0,0,0,0,0,0,43,43,7068226,0,0,0,0,0,0,0,0,0
202003,47,015,3,6,Cannon County                 ,1,1,33100,0,0,0,0,0,0,0,0,0,1,1,33100,0,0,0,0,0,0,0,0,0
202003,47,021,3,6,Cheatham County               ,75,75,12649222,0,0,0,0,0,0,0,0,0,69,69,11702090,0,0,0,0,0,0,0,0,0
202003,47,037,3,6,Davidson County               ,1027,1027,265436420,2,4,733573,4,14,1879812,23,1299,135580049,1021,1021,261753794,2,4,733573,4,14,1879812,23,1299,135580049
202003,47,043,3,6,Dickson County                ,117,117,23590242,0,0,0,0,0,0,0,0,0,86,86,17242773,0,0,0,0,0,0,0,0,0
202003,47,049,3,6,Fentress County               ,0,0,0,0,0,0,0,0,0,0,0,0,0,0,0,0,0,0,0,0,0,0,0,0
202003,47,081,3,6,Hickman County                ,20,20,3269952,0,0,0,0,0,0,0,0,0,7,7,1021054,0,0,0,0,0,0,0,0,0
202003,47,093,3,6,Knox County                   ,485,485,100239624,0,0,0,0,0,0,8,192,24610058,87,87,22333984,0,0,0,0,0,0,8,192,24610058
202003,47,105,3,6,Loudon County                 ,101,101,26523759,1,2,400000,0,0,0,0,0,0,90,90,24479643,1,2,400000,0,0,0,0,0,0
202003,47,117,3,6,Marshall County               ,45,45,8528487,0,0,0,0,0,0,0,0,0,0,0,0,0,0,0,0,0,0,0,0,0
202003,47,125,3,6,Montgomery County             ,672,672,97532570,3,6,805000,1,3,150000,11,264,24257400,594,594,82274782,3,6,805000,0,0,0,11,264,24257400
202003,47,139,3,6,Polk County                   ,54,54,9726699,0,0,0,0,0,0,0,0,0,0,0,0,0,0,0,0,0,0,0,0,0
202003,47,149,3,6,Rutherford County             ,803,803,197487417,0,0,0,3,12,1388964,1,10,831891,750,750,188209119,0,0,0,3,12,1388964,0,0,0
202003,47,153,3,6,Sequatchie County             ,2,2,1101000,0,0,0,0,0,0,0,0,0,2,2,1101000,0,0,0,0,0,0,0,0,0
202003,47,157,3,6,Shelby County                 ,242,242,57215870,8,16,2408656,1,4,750000,4,140,15046950,242,242,57215870,8,16,2408656,1,4,750000,4,140,15046950
202003,47,159,3,6,Smith County                  ,8,8,1238200,0,0,0,0,0,0,0,0,0,8,8,1238200,0,0,0,0,0,0,0,0,0
202003,47,161,3,6,Stewart County                ,1,1,162250,0,0,0,0,0,0,0,0,0,0,0,0,0,0,0,0,0,0,0,0,0
202003,47,165,3,6,Sumner County                 ,336,336,91762636,0,0,0,0,0,0,0,0,0,308,308,86523145,0,0,0,0,0,0,0,0,0
202003,47,167,3,6,Tipton County                 ,48,48,9574780,0,0,0,0,0,0,0,0,0,14,14,3820967,0,0,0,0,0,0,0,0,0
202003,47,169,3,6,Trousdale County              ,12,12,1890000,0,0,0,0,0,0,0,0,0,12,12,1890000,0,0,0,0,0,0,0,0,0
202003,47,173,3,6,Union County                  ,5,5,1095000,0,0,0,0,0,0,0,0,0,5,5,1095000,0,0,0,0,0,0,0,0,0
202003,47,175,3,6,Van Buren County              ,0,0,0,0,0,0,0,0,0,0,0,0,0,0,0,0,0,0,0,0,0,0,0,0
202003,47,189,3,6,Wilson County                 ,322,322,84233142,1,2,200000,1,4,1000000,1,5,326667,232,232,58207937,1,2,200000,1,4,1000000,0,0,0
202003,48,013,3,7,Atascosa County               ,8,8,1557604,0,0,0,0,0,0,0,0,0,3,3,649984,0,0,0,0,0,0,0,0,0
202003,48,015,3,7,Austin County                 ,4,4,689223,0,0,0,0,0,0,0,0,0,0,0,0,0,0,0,0,0,0,0,0,0
202003,48,019,3,7,Bandera County                ,1,1,237457,0,0,0,0,0,0,0,0,0,1,1,237457,0,0,0,0,0,0,0,0,0
202003,48,021,3,7,Bastrop County                ,59,59,10989076,0,0,0,0,0,0,0,0,0,52,52,9580714,0,0,0,0,0,0,0,0,0
202003,48,025,3,7,Bee County                    ,2,2,310000,2,4,300000,0,0,0,0,0,0,0,0,0,0,0,0,0,0,0,0,0,0
202003,48,027,3,7,Bell County                   ,570,570,91350007,47,94,8319253,0,0,0,0,0,0,521,521,80044907,42,84,7376197,0,0,0,0,0,0
202003,48,029,3,7,Bexar County                  ,1415,1415,317960676,1,2,126730,7,28,3759624,36,736,89764246,1269,1269,297616921,1,2,126730,7,28,3759624,36,736,89764246
202003,48,051,3,7,Burleson County               ,5,5,745000,0,0,0,0,0,0,0,0,0,5,5,745000,0,0,0,0,0,0,0,0,0
202003,48,055,3,7,Caldwell County               ,79,79,16622037,1,2,173138,0,0,0,1,12,1312644,15,15,3073464,0,0,0,0,0,0,0,0,0
202003,48,085,3,7,Collin County                 ,2959,2959,769676465,15,30,5444880,0,0,0,33,868,90392997,2537,2537,668540895,15,30,5444880,0,0,0,33,868,90392997
202003,48,091,3,7,Comal County                  ,797,797,189041296,0,0,0,0,0,0,0,0,0,792,792,188065709,0,0,0,0,0,0,0,0,0
202003,48,099,3,7,Coryell County                ,51,51,6589871,17,34,2810175,0,0,0,1,5,250000,32,32,3915726,15,30,2520742,0,0,0,0,0,0
202003,48,107,3,7,Crosby County                 ,0,0,0,0,0,0,0,0,0,0,0,0,0,0,0,0,0,0,0,0,0,0,0,0
202003,48,113,3,7,Dallas County                 ,1352,1352,383622630,32,64,3526287,5,20,3409296,30,953,110259677,1249,1249,346605793,30,60,2964102,5,20,3409296,23,667,76316809
202003,48,119,3,7,Delta County                  ,0,0,0,0,0,0,0,0,0,0,0,0,0,0,0,0,0,0,0,0,0,0,0,0
202003,48,135,3,7,Ector County                  ,243,243,57701979,1,2,223682,0,0,0,0,0,0,243,243,57701979,1,2,223682,0,0,0,0,0,0
202003,48,139,3,7,Ellis County                  ,566,566,135239430,0,0,0,0,0,0,3,22,3744947,372,372,95615600,0,0,0,0,0,0,0,0,0
202003,48,141,3,7,El Paso County                ,620,620,143022094,23,46,5754153,3,10,1311907,11,114,19909424,167,167,39655268,1,2,223682,0,0,0,0,0,0
202003,48,157,3,7,Fort Bend County              ,2717,2717,236223574,0,0,0,0,0,0,3,18,1408652,487,487,115637738,0,0,0,0,0,0,0,0,0
202003,48,167,3,7,Galveston County              ,662,662,146655632,0,0,0,1,4,200000,0,0,0,339,339,66847746,0,0,0,1,4,200000,0,0,0
202003,48,185,3,7,Grimes County                 ,18,18,3318171,0,0,0,0,0,0,0,0,0,18,18,3318171,0,0,0,0,0,0,0,0,0
202003,48,187,3,7,Guadalupe County              ,259,259,60280542,11,22,2460507,0,0,0,1,5,561225,253,253,58599681,11,22,2460507,0,0,0,1,5,561225
202003,48,193,3,7,Hamilton County               ,1,1,80000,0,0,0,0,0,0,0,0,0,0,0,0,0,0,0,0,0,0,0,0,0
202003,48,195,3,7,Hansford County               ,0,0,0,0,0,0,0,0,0,0,0,0,0,0,0,0,0,0,0,0,0,0,0,0
202003,48,201,3,7,Harris County                 ,4505,4505,944095001,36,72,8311113,0,0,0,95,4634,639091237,4461,4461,923981842,35,70,8216113,0,0,0,95,4634,639091237
202003,48,211,3,7,Hemphill County               ,0,0,0,0,0,0,0,0,0,0,0,0,0,0,0,0,0,0,0,0,0,0,0,0
202003,48,215,3,7,Hidalgo County                ,724,724,130250420,30,60,3166165,73,291,12897146,17,246,23870272,591,591,114699445,3,6,403682,65,260,9688100,16,218,20970542
202003,48,233,3,7,Hutchinson County             ,0,0,0,0,0,0,0,0,0,0,0,0,0,0,0,0,0,0,0,0,0,0,0,0
202003,48,251,3,7,Johnson County                ,352,352,72623718,8,16,1789459,0,0,0,3,210,20125392,345,345,71279635,8,16,1789459,0,0,0,3,210,20125392
202003,48,257,3,7,Kaufman County                ,122,122,27343651,0,0,0,0,0,0,0,0,0,115,115,25381031,0,0,0,0,0,0,0,0,0
202003,48,259,3,7,Kendall County                ,78,78,19858660,0,0,0,0,0,0,0,0,0,19,19,4511677,0,0,0,0,0,0,0,0,0
202003,48,271,3,7,Kinney County                 ,0,0,0,0,0,0,0,0,0,0,0,0,0,0,0,0,0,0,0,0,0,0,0,0
202003,48,281,3,7,Lampasas County               ,10,10,1235000,0,0,0,0,0,0,0,0,0,10,10,1235000,0,0,0,0,0,0,0,0,0
202003,48,291,3,7,Liberty County                ,197,197,25856542,0,0,0,0,0,0,0,0,0,113,113,14396950,0,0,0,0,0,0,0,0,0
202003,48,303,3,7,Lubbock County                ,521,521,106190946,23,46,5430223,1,4,400000,57,425,35879664,519,519,105844946,23,46,5430223,1,4,400000,57,425,35879664
202003,48,323,3,7,Maverick County               ,19,19,5002130,1,2,110981,0,0,0,0,0,0,0,0,0,0,0,0,0,0,0,0,0,0
202003,48,325,3,7,Medina County                 ,5,5,1269000,0,0,0,0,0,0,0,0,0,5,5,1269000,0,0,0,0,0,0,0,0,0
202003,48,329,3,7,Midland County                ,445,445,72874563,0,0,0,0,0,0,0,0,0,445,445,72874563,0,0,0,0,0,0,0,0,0
202003,48,339,3,7,Montgomery County             ,2066,2066,433576309,2,4,291538,2,7,400188,9,183,23597065,1862,1862,398249656,0,0,0,0,0,0,5,140,19002750
202003,48,367,3,7,Parker County                 ,142,142,31936422,0,0,0,0,0,0,2,41,3569287,94,94,22202181,0,0,0,0,0,0,0,0,0
202003,48,375,3,7,Potter County                 ,115,115,27307520,0,0,0,0,0,0,0,0,0,115,115,27307520,0,0,0,0,0,0,0,0,0
202003,48,383,3,7,Reagan County                 ,0,0,0,0,0,0,0,0,0,0,0,0,0,0,0,0,0,0,0,0,0,0,0,0
202003,48,385,3,7,Real County                   ,0,0,0,0,0,0,0,0,0,0,0,0,0,0,0,0,0,0,0,0,0,0,0,0
202003,48,395,3,7,Robertson County              ,24,24,4912645,0,0,0,0,0,0,0,0,0,24,24,4912645,0,0,0,0,0,0,0,0,0
202003,48,397,3,7,Rockwall County               ,475,475,145377942,0,0,0,0,0,0,0,0,0,262,262,75389527,0,0,0,0,0,0,0,0,0
202003,48,407,3,7,San Jacinto County            ,108,108,23834347,0,0,0,0,0,0,0,0,0,0,0,0,0,0,0,0,0,0,0,0,0
202003,48,411,3,7,San Saba County               ,0,0,0,0,0,0,0,0,0,0,0,0,0,0,0,0,0,0,0,0,0,0,0,0
202003,48,451,3,7,Tom Green County              ,92,92,18850578,3,6,561434,0,0,0,0,0,0,92,92,18850578,3,6,561434,0,0,0,0,0,0
202003,48,453,3,7,Travis County                 ,2494,2494,591684099,22,44,4117185,0,0,0,84,4562,351160040,2472,2472,585553981,22,44,4117185,0,0,0,84,4562,351160040
202003,48,473,3,7,Waller County                 ,16,16,2011074,0,0,0,0,0,0,3,16,354890,0,0,0,0,0,0,0,0,0,0,0,0
202003,48,491,3,7,Williamson County             ,1501,1501,362316043,38,76,9902235,0,0,0,11,581,62000000,1433,1433,346427771,38,76,9902235,0,0,0,11,581,62000000
202003,48,493,3,7,Wilson County                 ,17,17,3484516,0,0,0,0,0,0,0,0,0,1,1,237457,0,0,0,0,0,0,0,0,0
202003,48,497,3,7,Wise County                   ,20,20,4841696,0,0,0,0,0,0,0,0,0,19,19,4672392,0,0,0,0,0,0,0,0,0
202003,49,011,4,8,Davis County                  ,401,401,113964360,0,0,0,2,6,938094,6,195,18545211,355,355,99754125,0,0,0,0,0,0,3,180,16780000
202003,49,023,4,8,Juab County                   ,17,17,4883790,0,0,0,2,6,450698,0,0,0,4,4,1111740,0,0,0,0,0,0,0,0,0
202003,49,029,4,8,Morgan County                 ,21,21,9969699,0,0,0,0,0,0,0,0,0,15,15,8493579,0,0,0,0,0,0,0,0,0
202003,49,035,4,8,Salt Lake County              ,1036,1036,267233446,29,58,8212439,13,42,7973262,20,1541,269104923,757,757,198421056,27,54,7630013,9,30,6132004,14,1492,261905008
202003,49,039,4,8,Sanpete County                ,12,12,2648407,0,0,0,0,0,0,0,0,0,7,7,1678443,0,0,0,0,0,0,0,0,0
202003,49,043,4,8,Summit County                 ,33,33,16520115,0,0,0,2,6,1683060,3,16,2733709,9,9,4935691,0,0,0,0,0,0,0,0,0
202003,49,057,4,8,Weber County                  ,397,397,77785415,0,0,0,14,49,8823707,2,33,3697900,349,349,64135370,0,0,0,12,42,7974702,2,33,3697900
202003,51,003,3,5,Albemarle County              ,160,160,50447331,0,0,0,0,0,0,2,30,2670951,103,103,34242887,0,0,0,0,0,0,0,0,0
202003,51,007,3,5,Amelia County                 ,16,16,4013120,0,0,0,0,0,0,0,0,0,16,16,4013120,0,0,0,0,0,0,0,0,0
202003,51,009,3,5,Amherst County                ,17,17,3889596,0,0,0,0,0,0,0,0,0,4,4,1131856,0,0,0,0,0,0,0,0,0
202003,51,013,3,5,Arlington County              ,44,44,18776960,0,0,0,0,0,0,1,203,21596923,24,24,9832720,0,0,0,0,0,0,0,0,0
202003,51,015,3,5,Augusta County                ,77,77,14480292,0,0,0,0,0,0,0,0,0,77,77,14480292,0,0,0,0,0,0,0,0,0
202003,51,019,3,5,Bedford County                ,0,0,0,0,0,0,1,4,940000,2,108,2800000,0,0,0,0,0,0,1,4,940000,2,108,2800000
202003,51,033,3,5,Caroline County               ,39,39,6448392,0,0,0,0,0,0,0,0,0,39,39,6448392,0,0,0,0,0,0,0,0,0
202003,51,036,3,5,Charles City County           ,4,4,655841,0,0,0,0,0,0,0,0,0,0,0,0,0,0,0,0,0,0,0,0,0
202003,51,037,3,5,Charlotte County              ,3,3,460000,0,0,0,0,0,0,0,0,0,3,3,460000,0,0,0,0,0,0,0,0,0
202003,51,041,3,5,Chesterfield County           ,434,434,88925556,2,4,700383,18,67,8140732,14,260,13462468,434,434,88925556,2,4,700383,18,67,8140732,14,260,13462468
202003,51,043,3,5,Clarke County                 ,16,16,4799906,0,0,0,0,0,0,0,0,0,16,16,4799906,0,0,0,0,0,0,0,0,0
202003,51,049,3,5,Cumberland County             ,14,14,1245000,0,0,0,0,0,0,0,0,0,14,14,1245000,0,0,0,0,0,0,0,0,0
202003,51,051,3,5,Dickenson County              ,2,2,1310000,0,0,0,0,0,0,0,0,0,2,2,1310000,0,0,0,0,0,0,0,0,0
202003,51,053,3,5,Dinwiddie County              ,22,22,3389418,0,0,0,0,0,0,0,0,0,0,0,0,0,0,0,0,0,0,0,0,0
202003,51,059,3,5,Fairfax County                ,294,294,69812271,0,0,0,0,0,0,3,22,2940000,294,294,69812271,0,0,0,0,0,0,3,22,2940000
202003,51,061,3,5,Fauquier County               ,46,46,15499396,0,0,0,0,0,0,0,0,0,46,46,15499396,0,0,0,0,0,0,0,0,0
202003,51,069,3,5,Frederick County              ,177,177,40078372,0,0,0,0,0,0,0,0,0,177,177,40078372,0,0,0,0,0,0,0,0,0
202003,51,073,3,5,Gloucester County             ,30,30,7006348,0,0,0,0,0,0,0,0,0,15,15,2862500,0,0,0,0,0,0,0,0,0
202003,51,075,3,5,Goochland County              ,65,65,16177232,0,0,0,0,0,0,0,0,0,46,46,10550007,0,0,0,0,0,0,0,0,0
202003,51,085,3,5,Hanover County                ,160,160,34915679,0,0,0,0,0,0,0,0,0,160,160,34915679,0,0,0,0,0,0,0,0,0
202003,51,087,3,5,Henrico County                ,181,181,27465716,76,152,5225000,0,0,0,1,121,13395857,181,181,27465716,76,152,5225000,0,0,0,1,121,13395857
202003,51,093,3,5,Isle of Wight County          ,51,51,10186900,0,0,0,0,0,0,0,0,0,51,51,10186900,0,0,0,0,0,0,0,0,0
202003,51,095,3,5,James City County             ,62,62,19523249,0,0,0,4,13,2126289,0,0,0,62,62,19523249,0,0,0,4,13,2126289,0,0,0
202003,51,097,3,5,King and Queen County         ,3,3,423201,0,0,0,0,0,0,0,0,0,1,1,110000,0,0,0,0,0,0,0,0,0
202003,51,099,3,5,King George County            ,46,46,9425289,0,0,0,0,0,0,0,0,0,46,46,9425289,0,0,0,0,0,0,0,0,0
202003,51,107,3,5,Loudoun County                ,460,460,106218162,0,0,0,0,0,0,7,407,38646255,460,460,106218162,0,0,0,0,0,0,7,407,38646255
202003,51,109,3,5,Louisa County                 ,92,92,17847810,0,0,0,0,0,0,0,0,0,61,61,11136288,0,0,0,0,0,0,0,0,0
202003,51,115,3,5,Mathews County                ,10,10,3187000,0,0,0,0,0,0,0,0,0,10,10,3187000,0,0,0,0,0,0,0,0,0
202003,51,127,3,5,New Kent County               ,77,77,29385000,0,0,0,1,4,868000,0,0,0,77,77,29385000,0,0,0,1,4,868000,0,0,0
202003,51,139,3,5,Page County                   ,15,15,1911000,0,0,0,0,0,0,0,0,0,15,15,1911000,0,0,0,0,0,0,0,0,0
202003,51,145,3,5,Powhatan County               ,52,52,10694581,1,2,240000,0,0,0,0,0,0,52,52,10694581,1,2,240000,0,0,0,0,0,0
202003,51,149,3,5,Prince George County          ,13,13,2099270,0,0,0,0,0,0,0,0,0,13,13,2099270,0,0,0,0,0,0,0,0,0
202003,51,153,3,5,Prince William County         ,399,399,78351422,0,0,0,0,0,0,3,50,5676975,399,399,78351422,0,0,0,0,0,0,0,0,0
202003,51,165,3,5,Rockingham County             ,143,143,42969980,0,0,0,0,0,0,0,0,0,143,143,42969980,0,0,0,0,0,0,0,0,0
202003,51,175,3,5,Southampton County            ,8,8,1534382,0,0,0,0,0,0,0,0,0,3,3,727996,0,0,0,0,0,0,0,0,0
202003,51,177,3,5,Spotsylvania County           ,181,181,47798350,0,0,0,0,0,0,6,220,25945328,0,0,0,0,0,0,0,0,0,0,0,0
202003,51,179,3,5,Stafford County               ,204,204,49636214,0,0,0,0,0,0,0,0,0,204,204,49636214,0,0,0,0,0,0,0,0,0
202003,51,181,3,5,Surry County                  ,9,9,1681672,0,0,0,0,0,0,0,0,0,6,6,1034059,0,0,0,0,0,0,0,0,0
202003,51,183,3,5,Sussex County                 ,10,10,1769298,0,0,0,0,0,0,0,0,0,10,10,1769298,0,0,0,0,0,0,0,0,0
202003,51,187,3,5,Warren County                 ,35,35,7667000,0,0,0,0,0,0,0,0,0,35,35,7667000,0,0,0,0,0,0,0,0,0
202003,51,199,3,5,York County                   ,65,65,14667939,0,0,0,0,0,0,0,0,0,65,65,14667939,0,0,0,0,0,0,0,0,0
202003,51,510,3,5,Alexandria (Independent City) ,28,28,7435516,0,0,0,0,0,0,0,0,0,28,28,7435516,0,0,0,0,0,0,0,0,0
202003,51,540,3,5,Charlottesville (Independent C,17,17,5735580,1,2,237500,0,0,0,3,23,4918772,0,0,0,0,0,0,0,0,0,0,0,0
202003,51,550,3,5,Chesapeake(Independent City)  ,261,261,77123400,0,0,0,0,0,0,0,0,0,261,261,77123400,0,0,0,0,0,0,0,0,0
202003,51,570,3,5,Colonial Heights (Independent ,1,1,300000,0,0,0,0,0,0,0,0,0,1,1,300000,0,0,0,0,0,0,0,0,0
202003,51,580,3,5,Covington (Independent City)  ,1,1,159000,0,0,0,0,0,0,0,0,0,1,1,159000,0,0,0,0,0,0,0,0,0
202003,51,600,3,5,Fairfax (Independent City)    ,1,1,295000,0,0,0,0,0,0,0,0,0,1,1,295000,0,0,0,0,0,0,0,0,0
202003,51,610,3,5,Falls Church (Independent City,7,7,3394231,0,0,0,0,0,0,0,0,0,3,3,1500000,0,0,0,0,0,0,0,0,0
202003,51,630,3,5,Fredericksburg(Independent Cit,18,18,3375000,0,0,0,0,0,0,0,0,0,18,18,3375000,0,0,0,0,0,0,0,0,0
202003,51,650,3,5,Hampton (Independent City)    ,51,51,3178393,0,0,0,0,0,0,0,0,0,0,0,0,0,0,0,0,0,0,0,0,0
202003,51,660,3,5,Harrisonburg (Independent City,17,17,3513000,0,0,0,0,0,0,0,0,0,17,17,3513000,0,0,0,0,0,0,0,0,0
202003,51,670,3,5,Hopewell (Independent City)   ,6,6,249614,0,0,0,0,0,0,0,0,0,4,4,143900,0,0,0,0,0,0,0,0,0
202003,51,680,3,5,Lynchburg (Independent City)  ,11,11,2037536,0,0,0,0,0,0,3,52,5000000,11,11,2037536,0,0,0,0,0,0,3,52,5000000
202003,51,683,3,5,Manassas (Independent City)   ,20,20,4689603,2,4,485966,0,0,0,0,0,0,0,0,0,0,0,0,0,0,0,0,0,0
202003,51,685,3,5,Manassas Park (Independent Cit,0,0,0,0,0,0,0,0,0,0,0,0,0,0,0,0,0,0,0,0,0,0,0,0
202003,51,700,3,5,Newport News (Independent City,24,24,4647188,0,0,0,0,0,0,0,0,0,24,24,4647188,0,0,0,0,0,0,0,0,0
202003,51,710,3,5,Norfolk (Independent City)    ,112,112,26595150,1,2,550000,0,0,0,0,0,0,112,112,26595150,1,2,550000,0,0,0,0,0,0
202003,51,730,3,5,Petersburg (Independent City) ,2,2,185200,0,0,0,0,0,0,0,0,0,0,0,0,0,0,0,0,0,0,0,0,0
202003,51,735,3,5,Poquoson (Independent City)   ,3,3,900000,0,0,0,0,0,0,0,0,0,3,3,900000,0,0,0,0,0,0,0,0,0
202003,51,740,3,5,Portsmouth (Independent City) ,123,123,13412611,0,0,0,0,0,0,0,0,0,123,123,13412611,0,0,0,0,0,0,0,0,0
202003,51,760,3,5,Richmond (Independent City)   ,69,69,14137933,1,2,195535,0,0,0,0,0,0,69,69,14137933,1,2,195535,0,0,0,0,0,0
202003,51,800,3,5,Suffolk (Independent City)    ,120,120,28494804,0,0,0,0,0,0,0,0,0,120,120,28494804,0,0,0,0,0,0,0,0,0
202003,51,810,3,5,Virginia Beach (Independent Ci,161,161,24970134,0,0,0,0,0,0,1,226,45390681,161,161,24970134,0,0,0,0,0,0,1,226,45390681
202003,51,830,3,5,Williamsburg (Independent City,5,5,690000,0,0,0,0,0,0,0,0,0,5,5,690000,0,0,0,0,0,0,0,0,0
202003,53,005,4,9,Benton County                 ,271,271,80206894,5,10,1856981,0,0,0,3,40,3409205,239,239,71450501,3,6,1142026,0,0,0,2,16,1000000
202003,53,011,4,9,Clark County                  ,847,847,242142205,4,8,1168959,1,3,741518,15,565,80749150,809,809,232775573,4,8,1168959,1,3,741518,15,565,80749150
202003,53,021,4,9,Franklin County               ,138,138,37510895,0,0,0,0,0,0,0,0,0,14,14,4744406,0,0,0,0,0,0,0,0,0
202003,53,031,4,9,Jefferson County              ,31,31,7781504,0,0,0,0,0,0,0,0,0,17,17,4208238,0,0,0,0,0,0,0,0,0
202003,53,033,4,9,King County                   ,803,803,324705232,53,106,25866510,51,173,38493803,68,1742,201788446,671,671,270027071,53,106,25866510,48,163,36557375,63,1667,191864639
202003,53,035,4,9,Kitsap County                 ,208,208,63851663,1,2,265110,0,0,0,1,5,251599,197,197,61176012,1,2,265110,0,0,0,0,0,0
202003,53,053,4,9,Pierce County                 ,727,727,207902539,6,12,2452917,0,0,0,10,330,42597010,727,727,207902539,6,12,2452917,0,0,0,10,330,42597010
202003,53,055,4,9,San Juan County               ,26,26,6365007,0,0,0,0,0,0,0,0,0,26,26,6365007,0,0,0,0,0,0,0,0,0
202003,53,059,4,9,Skamania County               ,25,25,5329316,0,0,0,0,0,0,0,0,0,25,25,5329316,0,0,0,0,0,0,0,0,0
202003,53,061,4,9,Snohomish County              ,599,599,192634288,19,38,8473180,6,24,5670549,17,570,70388199,542,542,171174199,19,38,8473180,6,24,5670549,14,501,62604081
202003,54,011,3,5,Cabell County                 ,13,13,2638000,0,0,0,1,3,153000,1,12,1454000,13,13,2638000,0,0,0,1,3,153000,1,12,1454000
202003,54,015,3,5,Clay County                   ,3,3,75000,0,0,0,0,0,0,0,0,0,3,3,75000,0,0,0,0,0,0,0,0,0
202003,54,019,3,5,Fayette County                ,8,8,1051075,0,0,0,0,0,0,0,0,0,7,7,920075,0,0,0,0,0,0,0,0,0
202003,54,037,3,5,Jefferson County              ,64,64,16436874,1,2,410500,0,0,0,0,0,0,36,36,8385919,0,0,0,0,0,0,0,0,0
202003,54,081,3,5,Raleigh County                ,6,6,418000,0,0,0,0,0,0,0,0,0,6,6,418000,0,0,0,0,0,0,0,0,0
202003,55,025,2,3,Dane County                   ,320,320,113735538,8,16,3995961,1,3,447000,14,651,82971391,262,262,96176964,5,10,2904295,0,0,0,8,570,75300000
202003,55,031,2,3,Douglas County                ,8,8,2061464,0,0,0,0,0,0,0,0,0,8,8,2061464,0,0,0,0,0,0,0,0,0
202003,55,037,2,3,Florence County               ,0,0,0,0,0,0,0,0,0,0,0,0,0,0,0,0,0,0,0,0,0,0,0,0
202003,55,049,2,3,Iowa County                   ,16,16,4946748,0,0,0,0,0,0,0,0,0,13,13,4058000,0,0,0,0,0,0,0,0,0
202003,55,059,2,3,Kenosha County                ,41,41,11252260,1,2,400000,0,0,0,3,15,1200000,36,36,9703380,1,2,400000,0,0,0,0,0,0
202003,55,079,2,3,Milwaukee County              ,42,42,15178997,0,0,0,0,0,0,5,55,5613879,40,40,14582331,0,0,0,0,0,0,3,30,2685000
202003,55,089,2,3,Ozaukee County                ,44,44,17224075,1,2,390000,0,0,0,0,0,0,20,20,6677550,1,2,390000,0,0,0,0,0,0
202003,55,093,2,3,Pierce County                 ,22,22,6098720,0,0,0,0,0,0,0,0,0,21,21,5793720,0,0,0,0,0,0,0,0,0
202003,55,109,2,3,St. Croix County              ,90,90,23830291,3,6,1434833,0,0,0,0,0,0,76,76,20177741,2,4,1140500,0,0,0,0,0,0
202003,55,131,2,3,Washington County             ,53,53,16545758,4,8,1002500,0,0,0,0,0,0,30,30,8714000,3,6,750000,0,0,0,0,0,0
202003,56,029,4,8,Park County                   ,31,31,8021775,0,0,0,0,0,0,0,0,0,27,27,7167867,0,0,0,0,0,0,0,0,0
202003,56,039,4,8,Teton County                  ,23,23,39084071,0,0,0,1,3,116499,1,5,1040398,20,20,37506050,0,0,0,0,0,0,0,0,0
