Survey,FIPS,FIPS,Region,Division,County,,1-unit,,,2-units,,,3-4 units,,,5+ units,,,1-unit rep,,,2-units rep,,,3-4 units rep,,, 5+units rep
Date,State,County,Code,Code,Name,Bldgs,Units,Value,Bldgs,Units,Value,Bldgs,Units,Value,Bldgs,Units,Value,Bldgs,Units,Value,Bldgs,Units,Value,Bldgs,Units,Value,Bldgs,Units,Value
 
202002,01,001,3,6,Autauga County                ,50,50,15218033,0,0,0,0,0,0,0,0,0,50,50,15218033,0,0,0,0,0,0,0,0,0
202002,01,007,3,6,Bibb County                   ,8,8,450000,0,0,0,0,0,0,0,0,0,8,8,450000,0,0,0,0,0,0,0,0,0
202002,01,009,3,6,Blount County                 ,1,1,155000,0,0,0,0,0,0,0,0,0,1,1,155000,0,0,0,0,0,0,0,0,0
202002,01,021,3,6,Chilton County                ,8,8,1012500,0,0,0,0,0,0,0,0,0,8,8,1012500,0,0,0,0,0,0,0,0,0
202002,01,073,3,6,Jefferson County              ,276,276,86980258,2,4,494658,0,0,0,2,24,2420153,260,260,83595596,0,0,0,0,0,0,0,0,0
202002,01,081,3,6,Lee County                    ,205,205,55587026,0,0,0,2,8,1945280,3,25,3515245,205,205,55587026,0,0,0,2,8,1945280,3,25,3515245
202002,01,083,3,6,Limestone County              ,51,51,11617674,0,0,0,0,0,0,0,0,0,51,51,11617674,0,0,0,0,0,0,0,0,0
202002,01,089,3,6,Madison County                ,604,604,72190823,0,0,0,0,0,0,0,0,0,529,529,58682362,0,0,0,0,0,0,0,0,0
202002,01,113,3,6,Russell County                ,22,22,3226949,0,0,0,0,0,0,0,0,0,5,5,849259,0,0,0,0,0,0,0,0,0
202002,01,115,3,6,St. Clair County              ,44,44,7678818,0,0,0,0,0,0,0,0,0,36,36,6296576,0,0,0,0,0,0,0,0,0
202002,01,117,3,6,Shelby County                 ,205,205,46141498,0,0,0,0,0,0,0,0,0,84,84,16739964,0,0,0,0,0,0,0,0,0
202002,01,127,3,6,Walker County                 ,14,14,2795178,0,0,0,0,0,0,0,0,0,13,13,2558771,0,0,0,0,0,0,0,0,0
202002,02,013,4,9,Aleutians East Borough        ,0,0,0,0,0,0,0,0,0,0,0,0,0,0,0,0,0,0,0,0,0,0,0,0
202002,02,016,4,9,Aleutians West Census Area    ,0,0,0,0,0,0,0,0,0,0,0,0,0,0,0,0,0,0,0,0,0,0,0,0
202002,02,020,4,9,Anchorage Municipality        ,148,148,46363910,0,0,0,2,7,1215882,2,24,3794294,0,0,0,0,0,0,0,0,0,0,0,0
202002,02,050,4,9,Bethel Census Area            ,0,0,0,0,0,0,0,0,0,0,0,0,0,0,0,0,0,0,0,0,0,0,0,0
202002,02,060,4,9,Bristol Bay Borough           ,0,0,0,0,0,0,0,0,0,0,0,0,0,0,0,0,0,0,0,0,0,0,0,0
202002,02,070,4,9,Dillingham Census Area        ,0,0,0,0,0,0,0,0,0,0,0,0,0,0,0,0,0,0,0,0,0,0,0,0
202002,02,090,4,9,Fairbanks North Star Borough  ,0,0,0,0,0,0,0,0,0,0,0,0,0,0,0,0,0,0,0,0,0,0,0,0
202002,02,100,4,9,Haines Borough                ,0,0,0,0,0,0,0,0,0,0,0,0,0,0,0,0,0,0,0,0,0,0,0,0
202002,02,105,4,9,Hoonah-Angoon Census Area     ,0,0,0,0,0,0,0,0,0,0,0,0,0,0,0,0,0,0,0,0,0,0,0,0
202002,02,110,4,9,Juneau City and Borough       ,4,4,601262,0,0,0,0,0,0,0,0,0,4,4,601262,0,0,0,0,0,0,0,0,0
202002,02,122,4,9,Kenai Peninsula Borough       ,9,9,1865219,0,0,0,0,0,0,0,0,0,0,0,0,0,0,0,0,0,0,0,0,0
202002,02,130,4,9,Ketchikan Gateway Borough     ,1,1,282835,0,0,0,0,0,0,0,0,0,1,1,282835,0,0,0,0,0,0,0,0,0
202002,02,150,4,9,Kodiak Island Borough         ,0,0,0,0,0,0,0,0,0,0,0,0,0,0,0,0,0,0,0,0,0,0,0,0
202002,02,170,4,9,Matanuska-Susitna Borough     ,4,4,1146166,3,6,1025905,0,0,0,0,0,0,0,0,0,0,0,0,0,0,0,0,0,0
202002,02,180,4,9,Nome Census Area              ,0,0,0,0,0,0,0,0,0,0,0,0,0,0,0,0,0,0,0,0,0,0,0,0
202002,02,185,4,9,North Slope Borough           ,0,0,0,0,0,0,0,0,0,0,0,0,0,0,0,0,0,0,0,0,0,0,0,0
202002,02,188,4,9,Northwest Arctic Borough      ,0,0,0,0,0,0,0,0,0,0,0,0,0,0,0,0,0,0,0,0,0,0,0,0
202002,02,195,4,9,Petersburg Borough            ,1,1,188279,0,0,0,0,0,0,0,0,0,0,0,0,0,0,0,0,0,0,0,0,0
202002,02,198,4,9,Prince of Wales-Hyder Census A,0,0,0,0,0,0,0,0,0,0,0,0,0,0,0,0,0,0,0,0,0,0,0,0
202002,02,220,4,9,Sitka City and Borough        ,1,1,264847,1,2,306156,0,0,0,0,0,0,0,0,0,0,0,0,0,0,0,0,0,0
202002,02,230,4,9,Skagway Municipality          ,0,0,0,0,0,0,0,0,0,0,0,0,0,0,0,0,0,0,0,0,0,0,0,0
202002,02,261,4,9,Valdez-Cordova Census Area    ,0,0,0,0,0,0,0,0,0,0,0,0,0,0,0,0,0,0,0,0,0,0,0,0
202002,02,275,4,9,Wrangell City and Borough     ,0,0,0,0,0,0,0,0,0,0,0,0,0,0,0,0,0,0,0,0,0,0,0,0
202002,02,282,4,9,Yakutat City and Borough      ,2,2,333846,0,0,0,0,0,0,0,0,0,0,0,0,0,0,0,0,0,0,0,0,0
202002,02,290,4,9,Yukon-Koyukuk Census Area     ,0,0,0,0,0,0,0,0,0,0,0,0,0,0,0,0,0,0,0,0,0,0,0,0
202002,04,013,4,8,Maricopa County               ,3904,3904,1127542467,18,36,4402294,9,29,6654534,76,3016,455596812,3868,3868,1118653622,18,36,4402294,9,29,6654534,74,2790,415608961
202002,04,019,4,8,Pima County                   ,638,638,197478542,2,4,597432,0,0,0,5,122,18737801,521,521,168487719,0,0,0,0,0,0,0,0,0
202002,04,021,4,8,Pinal County                  ,873,873,169653402,0,0,0,3,12,857288,1,10,1064912,763,763,144008038,0,0,0,3,12,857288,1,10,1064912
202002,05,013,3,7,Calhoun County                ,0,0,0,0,0,0,0,0,0,0,0,0,0,0,0,0,0,0,0,0,0,0,0,0
202002,05,035,3,7,Crittenden County             ,7,7,1578485,0,0,0,0,0,0,0,0,0,6,6,1345000,0,0,0,0,0,0,0,0,0
202002,05,043,3,7,Drew County                   ,0,0,0,0,0,0,0,0,0,0,0,0,0,0,0,0,0,0,0,0,0,0,0,0
202002,05,045,3,7,Faulkner County               ,48,48,10490131,2,4,303580,0,0,0,2,14,393594,9,9,1420000,0,0,0,0,0,0,0,0,0
202002,05,053,3,7,Grant County                  ,4,4,623034,0,0,0,0,0,0,0,0,0,0,0,0,0,0,0,0,0,0,0,0,0
202002,05,085,3,7,Lonoke County                 ,56,56,6487413,0,0,0,0,0,0,1,20,261040,30,30,4248765,0,0,0,0,0,0,1,20,261040
202002,05,087,3,7,Madison County                ,4,4,685000,0,0,0,0,0,0,0,0,0,4,4,685000,0,0,0,0,0,0,0,0,0
202002,05,091,3,7,Miller County                 ,6,6,1291410,0,0,0,0,0,0,0,0,0,0,0,0,0,0,0,0,0,0,0,0,0
202002,05,105,3,7,Perry County                  ,0,0,0,0,0,0,0,0,0,0,0,0,0,0,0,0,0,0,0,0,0,0,0,0
202002,05,119,3,7,Pulaski County                ,133,133,32097142,1,2,403000,5,15,3022500,0,0,0,133,133,32097142,1,2,403000,5,15,3022500,0,0,0
202002,05,129,3,7,Searcy County                 ,0,0,0,0,0,0,0,0,0,0,0,0,0,0,0,0,0,0,0,0,0,0,0,0
202002,05,143,3,7,Washington County             ,201,201,54685866,20,40,9220458,1,4,405000,10,59,7762758,201,201,54685866,20,40,9220458,1,4,405000,10,59,7762758
202002,06,001,4,9,Alameda County                ,240,240,84475261,6,12,3415323,6,22,7741563,12,203,55951962,141,141,50483217,5,10,2846672,4,16,6028141,6,170,48273360
202002,06,013,4,9,Contra Costa County           ,321,321,100108563,1,2,343236,1,3,250000,1,135,34179136,301,301,93613062,1,2,343236,1,3,250000,1,135,34179136
202002,06,017,4,9,El Dorado County              ,86,86,30120903,1,2,150000,0,0,0,0,0,0,86,86,30120903,1,2,150000,0,0,0,0,0,0
202002,06,019,4,9,Fresno County                 ,406,406,120991196,3,6,1292957,0,0,0,4,22,2309372,288,288,85889173,1,2,443684,0,0,0,0,0,0
202002,06,037,4,9,Los Angeles County            ,1157,1157,392625942,119,238,46952632,9,30,7392382,82,2731,455267331,1052,1052,341256026,116,232,45661871,7,24,6025642,72,2667,445192653
202002,06,041,4,9,Marin County                  ,12,12,10568358,1,2,1531250,0,0,0,0,0,0,8,8,5842628,0,0,0,0,0,0,0,0,0
202002,06,059,4,9,Orange County                 ,538,538,157261549,11,22,5971997,15,55,12794865,14,144,28884888,409,409,110118457,7,14,3264217,15,55,12794865,9,59,12095016
202002,06,061,4,9,Placer County                 ,319,319,94937928,0,0,0,0,0,0,6,275,33444413,311,311,92212293,0,0,0,0,0,0,6,275,33444413
202002,06,063,4,9,Plumas County                 ,6,6,1387540,0,0,0,0,0,0,0,0,0,6,6,1387540,0,0,0,0,0,0,0,0,0
202002,06,067,4,9,Sacramento County             ,632,632,177635006,22,44,6332991,3,12,2222206,2,167,44406312,629,629,176957894,22,44,6332991,3,12,2222206,2,167,44406312
202002,06,069,4,9,San Benito County             ,58,58,21702226,0,0,0,0,0,0,0,0,0,37,37,13515838,0,0,0,0,0,0,0,0,0
202002,06,071,4,9,San Bernardino County         ,527,527,129351703,7,14,1370261,3,10,2046788,7,124,12277800,481,481,118674895,7,14,1370261,3,10,2046788,4,104,10673813
202002,06,073,4,9,San Diego County              ,642,642,212601880,10,20,4400796,25,86,15351004,11,421,72657892,593,593,200611625,9,18,3234129,22,77,14194860,5,363,65508232
202002,06,075,4,9,San Francisco County          ,3,3,833805,1,2,587000,1,3,1274323,11,868,390835354,3,3,833805,1,2,587000,1,3,1274323,11,868,390835354
202002,06,081,4,9,San Mateo County              ,40,40,28053273,0,0,0,0,0,0,4,33,6756306,19,19,15706872,0,0,0,0,0,0,0,0,0
202002,06,085,4,9,Santa Clara County            ,220,220,83866683,0,0,0,0,0,0,9,275,53529526,203,203,75343795,0,0,0,0,0,0,7,235,47073470
202002,06,091,4,9,Sierra County                 ,0,0,0,0,0,0,0,0,0,0,0,0,0,0,0,0,0,0,0,0,0,0,0,0
202002,06,113,4,9,Yolo County                   ,101,101,32724171,0,0,0,0,0,0,20,232,27646432,101,101,32724171,0,0,0,0,0,0,20,232,27646432
202002,08,001,4,8,Adams County                  ,321,321,94648069,0,0,0,0,0,0,1,67,10383000,294,294,84902533,0,0,0,0,0,0,1,67,10383000
202002,08,005,4,8,Arapahoe County               ,399,399,93309627,0,0,0,3,9,1617547,11,311,44410930,397,397,92858323,0,0,0,2,6,1257375,11,311,44410930
202002,08,014,4,8,Broomfield County             ,51,51,17536219,3,6,1438878,0,0,0,0,0,0,51,51,17536219,3,6,1438878,0,0,0,0,0,0
202002,08,015,4,8,Chaffee County                ,19,19,4528154,0,0,0,1,3,549700,0,0,0,11,11,2408693,0,0,0,0,0,0,0,0,0
202002,08,019,4,8,Clear Creek County            ,3,3,778675,0,0,0,0,0,0,0,0,0,0,0,0,0,0,0,0,0,0,0,0,0
202002,08,031,4,8,Denver County                 ,259,259,71985189,0,0,0,0,0,0,2,316,47460642,259,259,71985189,0,0,0,0,0,0,2,316,47460642
202002,08,035,4,8,Douglas County                ,400,400,122529417,2,4,802084,2,6,1057426,0,0,0,394,394,120380838,2,4,802084,1,3,538524,0,0,0
202002,08,039,4,8,Elbert County                 ,25,25,8237078,0,0,0,0,0,0,0,0,0,25,25,8237078,0,0,0,0,0,0,0,0,0
202002,08,041,4,8,El Paso County                ,707,707,277845958,0,0,0,0,0,0,2,193,26942638,707,707,277845958,0,0,0,0,0,0,2,193,26942638
202002,08,047,4,8,Gilpin County                 ,1,1,277935,0,0,0,0,0,0,0,0,0,1,1,277935,0,0,0,0,0,0,0,0,0
202002,08,059,4,8,Jefferson County              ,116,116,35172447,0,0,0,0,0,0,7,264,43825600,113,113,34250988,0,0,0,0,0,0,7,264,43825600
202002,08,069,4,8,Larimer County                ,381,381,106210107,2,4,866561,0,0,0,2,12,2844634,293,293,86313948,2,4,866561,0,0,0,2,12,2844634
202002,08,077,4,8,Mesa County                   ,105,105,29697665,2,4,581724,0,0,0,0,0,0,105,105,29697665,2,4,581724,0,0,0,0,0,0
202002,08,093,4,8,Park County                   ,13,13,3506416,0,0,0,0,0,0,0,0,0,13,13,3506416,0,0,0,0,0,0,0,0,0
202002,08,101,4,8,Pueblo County                 ,97,97,15486699,0,0,0,0,0,0,0,0,0,97,97,15486699,0,0,0,0,0,0,0,0,0
202002,08,119,4,8,Teller County                 ,9,9,2789782,0,0,0,0,0,0,0,0,0,8,8,2719782,0,0,0,0,0,0,0,0,0
202002,09,001,1,1,Fairfield County              ,106,106,55303844,1,2,800000,0,0,0,3,123,14665275,83,83,36173836,1,2,800000,0,0,0,2,118,14234465
202002,09,003,1,1,Hartford County               ,64,64,12427441,0,0,0,3,11,1996500,7,96,8104121,56,56,10821837,0,0,0,3,11,1996500,3,71,6432000
202002,09,007,1,1,Middlesex County              ,19,19,5221089,0,0,0,0,0,0,0,0,0,11,11,3161120,0,0,0,0,0,0,0,0,0
202002,09,013,1,1,Tolland County                ,18,18,3712862,0,0,0,0,0,0,4,30,2994474,7,7,1317462,0,0,0,0,0,0,0,0,0
202002,10,001,3,5,Kent County                   ,245,245,34025701,5,10,1036258,1,3,402817,0,0,0,242,242,33382989,5,10,1036258,1,3,402817,0,0,0
202002,10,003,3,5,New Castle County             ,191,191,19212377,0,0,0,0,0,0,0,0,0,93,93,9695279,0,0,0,0,0,0,0,0,0
202002,10,005,3,5,Sussex County                 ,572,572,80621463,25,50,5743728,1,3,480000,7,42,5922623,572,572,80621463,25,50,5743728,1,3,480000,7,42,5922623
202002,11,001,3,5,Washington  DC                ,12,12,2849481,17,34,3802600,0,0,0,6,972,109102140,12,12,2849481,17,34,3802600,0,0,0,6,972,109102140
202002,12,003,3,5,Baker County                  ,16,16,2538487,0,0,0,0,0,0,0,0,0,16,16,2538487,0,0,0,0,0,0,0,0,0
202002,12,019,3,5,Clay County                   ,136,136,29906623,0,0,0,0,0,0,0,0,0,136,136,29906623,0,0,0,0,0,0,0,0,0
202002,12,029,3,5,Dixie County                  ,6,6,757940,0,0,0,0,0,0,0,0,0,0,0,0,0,0,0,0,0,0,0,0,0
202002,12,031,3,5,Duval County                  ,825,825,199688690,0,0,0,3,12,1611268,9,270,30306150,801,801,191693887,0,0,0,3,12,1611268,9,270,30306150
202002,12,033,3,5,Escambia County               ,308,308,73136664,3,6,443682,0,0,0,1,14,1571430,308,308,73136664,3,6,443682,0,0,0,1,14,1571430
202002,12,053,3,5,Hernando County               ,216,216,38494910,1,2,166667,3,12,1095000,1,6,751026,128,128,22087985,0,0,0,3,12,1095000,0,0,0
202002,12,057,3,5,Hillsborough County           ,1372,1372,463996075,4,8,1367300,0,0,0,3,495,51633509,1372,1372,463996075,4,8,1367300,0,0,0,3,495,51633509
202002,12,067,3,5,Lafayette County              ,25,25,488500,0,0,0,0,0,0,0,0,0,25,25,488500,0,0,0,0,0,0,0,0,0
202002,12,071,3,5,Lee County                    ,1068,1068,223065371,33,66,8177799,6,24,7711431,38,1207,155308742,1058,1058,221245052,32,64,8031550,6,24,7711431,37,1189,152801688
202002,12,073,3,5,Leon County                   ,122,122,23915116,2,4,443200,0,0,0,6,173,21736312,0,0,0,0,0,0,0,0,0,0,0,0
202002,12,081,3,5,Manatee County                ,600,600,123723649,17,34,2682850,0,0,0,4,58,3816656,599,599,123575998,17,34,2682850,0,0,0,4,58,3816656
202002,12,086,3,5,Miami-Dade County             ,296,296,102890973,23,46,8602388,0,0,0,34,1360,279988598,250,250,88717792,23,46,8602388,0,0,0,32,1336,277294718
202002,12,089,3,5,Nassau County                 ,186,186,55687912,0,0,0,0,0,0,1,20,2296412,87,87,28089647,0,0,0,0,0,0,0,0,0
202002,12,091,3,5,Okaloosa County               ,173,173,51072936,0,0,0,0,0,0,2,24,7084818,136,136,40662000,0,0,0,0,0,0,2,24,7084818
202002,12,095,3,5,Orange County                 ,668,668,196301598,20,40,8382625,0,0,0,16,1042,153081304,668,668,196301598,20,40,8382625,0,0,0,16,1042,153081304
202002,12,097,3,5,Osceola County                ,791,791,198993244,6,12,1342094,3,12,1611267,2,38,4265310,791,791,198993244,6,12,1342094,3,12,1611267,2,38,4265310
202002,12,101,3,5,Pasco County                  ,937,937,195689810,0,0,0,0,0,0,0,0,0,935,935,195500374,0,0,0,0,0,0,0,0,0
202002,12,103,3,5,Pinellas County               ,182,182,52104099,1,2,199558,0,0,0,1,5,2280000,164,164,46228031,1,2,199558,0,0,0,0,0,0
202002,12,109,3,5,St. Johns County              ,702,702,226857494,0,0,0,0,0,0,0,0,0,702,702,226857494,0,0,0,0,0,0,0,0,0
202002,12,113,3,5,Santa Rosa County             ,360,360,64096558,0,0,0,0,0,0,0,0,0,360,360,64096558,0,0,0,0,0,0,0,0,0
202002,12,115,3,5,Sarasota County               ,673,673,190305536,4,8,2474935,3,12,2883477,3,20,3132589,673,673,190305536,4,8,2474935,3,12,2883477,3,20,3132589
202002,12,117,3,5,Seminole County               ,130,130,45156991,6,12,1659349,0,0,0,1,5,996450,123,123,42123593,6,12,1659349,0,0,0,1,5,996450
202002,12,119,3,5,Sumter County                 ,503,503,141264320,0,0,0,1,4,896000,0,0,0,503,503,141264320,0,0,0,1,4,896000,0,0,0
202002,12,129,3,5,Wakulla County                ,64,64,11729349,0,0,0,0,0,0,0,0,0,64,64,11729349,0,0,0,0,0,0,0,0,0
202002,12,131,3,5,Walton County                 ,245,245,117201783,0,0,0,0,0,0,4,32,4690504,245,245,117201783,0,0,0,0,0,0,4,32,4690504
202002,12,133,3,5,Washington County             ,7,7,897078,0,0,0,0,0,0,0,0,0,0,0,0,0,0,0,0,0,0,0,0,0
202002,13,007,3,5,Baker County                  ,0,0,0,0,0,0,0,0,0,0,0,0,0,0,0,0,0,0,0,0,0,0,0,0
202002,13,013,3,5,Barrow County                 ,109,109,15333014,0,0,0,0,0,0,0,0,0,104,104,14640615,0,0,0,0,0,0,0,0,0
202002,13,015,3,5,Bartow County                 ,128,128,21254387,1,2,153760,0,0,0,0,0,0,128,128,21254387,1,2,153760,0,0,0,0,0,0
202002,13,021,3,5,Bibb County                   ,26,26,4456124,0,0,0,0,0,0,0,0,0,0,0,0,0,0,0,0,0,0,0,0,0
202002,13,029,3,5,Bryan County                  ,82,82,18230289,0,0,0,0,0,0,0,0,0,29,29,6886244,0,0,0,0,0,0,0,0,0
202002,13,033,3,5,Burke County                  ,9,9,1801392,0,0,0,0,0,0,0,0,0,4,4,911000,0,0,0,0,0,0,0,0,0
202002,13,035,3,5,Butts County                  ,20,20,5936000,0,0,0,0,0,0,0,0,0,20,20,5936000,0,0,0,0,0,0,0,0,0
202002,13,045,3,5,Carroll County                ,157,157,41141800,0,0,0,0,0,0,0,0,0,154,154,40734620,0,0,0,0,0,0,0,0,0
202002,13,051,3,5,Chatham County                ,155,155,38116193,0,0,0,0,0,0,0,0,0,95,95,25014935,0,0,0,0,0,0,0,0,0
202002,13,057,3,5,Cherokee County               ,384,384,102184210,0,0,0,0,0,0,0,0,0,384,384,102184210,0,0,0,0,0,0,0,0,0
202002,13,059,3,5,Clarke County                 ,49,49,9783785,13,26,3254459,0,0,0,0,0,0,49,49,9783785,13,26,3254459,0,0,0,0,0,0
202002,13,063,3,5,Clayton County                ,142,142,31089122,0,0,0,0,0,0,0,0,0,96,96,24885686,0,0,0,0,0,0,0,0,0
202002,13,067,3,5,Cobb County                   ,234,234,66101781,5,10,2042971,8,29,4608563,13,299,36592832,217,217,62949967,5,10,2042971,8,29,4608563,13,299,36592832
202002,13,073,3,5,Columbia County               ,209,209,41501856,0,0,0,2,7,641940,0,0,0,46,46,7659717,0,0,0,2,7,641940,0,0,0
202002,13,077,3,5,Coweta County                 ,164,164,62258093,0,0,0,0,0,0,1,30,2670123,127,127,50006400,0,0,0,0,0,0,0,0,0
202002,13,085,3,5,Dawson County                 ,61,61,14366767,0,0,0,0,0,0,0,0,0,61,61,14366767,0,0,0,0,0,0,0,0,0
202002,13,095,3,5,Dougherty County              ,1,1,185000,0,0,0,0,0,0,2,54,6783342,1,1,185000,0,0,0,0,0,0,2,54,6783342
202002,13,097,3,5,Douglas County                ,77,77,10632651,0,0,0,0,0,0,0,0,0,77,77,10632651,0,0,0,0,0,0,0,0,0
202002,13,111,3,5,Fannin County                 ,45,45,8952112,0,0,0,0,0,0,1,5,429249,18,18,3688157,0,0,0,0,0,0,0,0,0
202002,13,113,3,5,Fayette County                ,70,70,23187511,0,0,0,0,0,0,0,0,0,39,39,13495140,0,0,0,0,0,0,0,0,0
202002,13,115,3,5,Floyd County                  ,47,47,5505042,0,0,0,0,0,0,0,0,0,47,47,5505042,0,0,0,0,0,0,0,0,0
202002,13,117,3,5,Forsyth County                ,313,313,53892558,0,0,0,0,0,0,0,0,0,313,313,53892558,0,0,0,0,0,0,0,0,0
202002,13,121,3,5,Fulton County                 ,435,435,104104046,0,0,0,0,0,0,9,797,89207696,350,350,81933494,0,0,0,0,0,0,8,779,87438855
202002,13,127,3,5,Glynn County                  ,102,102,30044550,0,0,0,0,0,0,0,0,0,0,0,0,0,0,0,0,0,0,0,0,0
202002,13,135,3,5,Gwinnett County               ,632,632,157396136,0,0,0,0,0,0,8,349,45850221,614,614,152564841,0,0,0,0,0,0,6,282,38521278
202002,13,143,3,5,Haralson County               ,9,9,2005205,0,0,0,0,0,0,0,0,0,0,0,0,0,0,0,0,0,0,0,0,0
202002,13,145,3,5,Harris County                 ,36,36,9128950,0,0,0,0,0,0,0,0,0,36,36,9128950,0,0,0,0,0,0,0,0,0
202002,13,149,3,5,Heard County                  ,6,6,1424740,0,0,0,0,0,0,0,0,0,6,6,1424740,0,0,0,0,0,0,0,0,0
202002,13,151,3,5,Henry County                  ,317,317,90261036,0,0,0,0,0,0,0,0,0,317,317,90261036,0,0,0,0,0,0,0,0,0
202002,13,159,3,5,Jasper County                 ,14,14,1875636,0,0,0,0,0,0,0,0,0,0,0,0,0,0,0,0,0,0,0,0,0
202002,13,171,3,5,Lamar County                  ,15,15,4893152,0,0,0,0,0,0,0,0,0,14,14,4765770,0,0,0,0,0,0,0,0,0
202002,13,177,3,5,Lee County                    ,21,21,2394956,0,0,0,0,0,0,0,0,0,21,21,2394956,0,0,0,0,0,0,0,0,0
202002,13,179,3,5,Liberty County                ,57,57,12380362,0,0,0,0,0,0,0,0,0,57,57,12380362,0,0,0,0,0,0,0,0,0
202002,13,189,3,5,McDuffie County               ,4,4,778455,0,0,0,0,0,0,0,0,0,1,1,210000,0,0,0,0,0,0,0,0,0
202002,13,199,3,5,Meriwether County             ,13,13,2739314,0,0,0,0,0,0,0,0,0,8,8,1562600,0,0,0,0,0,0,0,0,0
202002,13,201,3,5,Miller County                 ,2,2,600000,0,0,0,0,0,0,0,0,0,2,2,600000,0,0,0,0,0,0,0,0,0
202002,13,207,3,5,Monroe County                 ,24,24,386828,0,0,0,0,0,0,0,0,0,0,0,0,0,0,0,0,0,0,0,0,0
202002,13,215,3,5,Muscogee County               ,58,58,11280086,0,0,0,2,7,430827,4,23,4320523,0,0,0,0,0,0,0,0,0,0,0,0
202002,13,217,3,5,Newton County                 ,124,124,22494861,0,0,0,0,0,0,0,0,0,124,124,22494861,0,0,0,0,0,0,0,0,0
202002,13,227,3,5,Pickens County                ,24,24,6560425,0,0,0,0,0,0,0,0,0,24,24,6560425,0,0,0,0,0,0,0,0,0
202002,13,231,3,5,Pike County                   ,23,23,4600000,0,0,0,0,0,0,0,0,0,0,0,0,0,0,0,0,0,0,0,0,0
202002,13,235,3,5,Pulaski County                ,3,3,340000,0,0,0,0,0,0,0,0,0,3,3,340000,0,0,0,0,0,0,0,0,0
202002,13,245,3,5,Richmond County               ,86,86,15634579,0,0,0,0,0,0,0,0,0,86,86,15634579,0,0,0,0,0,0,0,0,0
202002,13,247,3,5,Rockdale County               ,14,14,3432540,0,0,0,0,0,0,0,0,0,14,14,3432540,0,0,0,0,0,0,0,0,0
202002,13,255,3,5,Spalding County               ,43,43,10191591,0,0,0,0,0,0,0,0,0,43,43,10191591,0,0,0,0,0,0,0,0,0
202002,13,275,3,5,Thomas County                 ,14,14,3322820,0,0,0,0,0,0,0,0,0,8,8,1964576,0,0,0,0,0,0,0,0,0
202002,13,291,3,5,Union County                  ,27,27,6935110,0,0,0,0,0,0,0,0,0,27,27,6935110,0,0,0,0,0,0,0,0,0
202002,15,001,4,9,Hawaii County                 ,116,116,36009938,0,0,0,0,0,0,0,0,0,0,0,0,0,0,0,0,0,0,0,0,0
202002,15,003,4,9,Honolulu County               ,99,99,40521078,0,0,0,0,0,0,1,39,4913168,99,99,40521078,0,0,0,0,0,0,1,39,4913168
202002,15,007,4,9,Kauai County                  ,30,30,20993435,3,6,2248582,0,0,0,0,0,0,30,30,20993435,3,6,2248582,0,0,0,0,0,0
202002,15,009,4,9,Maui County                   ,35,35,22231929,4,8,1439345,0,0,0,0,0,0,35,35,22231929,4,8,1439345,0,0,0,0,0,0
202002,16,001,4,8,Ada County                    ,811,811,223192224,3,6,1134090,2,8,900125,3,85,16398199,765,765,208295403,3,6,1134090,2,8,900125,3,85,16398199
202002,16,015,4,8,Boise County                  ,5,5,1576911,0,0,0,0,0,0,0,0,0,4,4,1424141,0,0,0,0,0,0,0,0,0
202002,16,027,4,8,Canyon County                 ,462,462,62215327,5,10,1488525,1,4,263367,5,86,3572640,449,449,58799757,5,10,1488525,1,4,263367,5,86,3572640
202002,16,045,4,8,Gem County                    ,9,9,1876969,0,0,0,0,0,0,0,0,0,5,5,1389675,0,0,0,0,0,0,0,0,0
202002,16,073,4,8,Owyhee County                 ,6,6,1134789,0,0,0,0,0,0,0,0,0,2,2,391187,0,0,0,0,0,0,0,0,0
202002,17,005,2,3,Bond County                   ,0,0,0,0,0,0,0,0,0,0,0,0,0,0,0,0,0,0,0,0,0,0,0,0
202002,17,013,2,3,Calhoun County                ,1,1,350000,0,0,0,0,0,0,0,0,0,1,1,350000,0,0,0,0,0,0,0,0,0
202002,17,031,2,3,Cook County                   ,177,177,57786724,6,12,2627200,15,45,7450425,25,674,72053676,154,154,50580536,6,12,2627200,15,45,7450425,23,664,69650514
202002,17,037,2,3,DeKalb County                 ,13,13,3261178,0,0,0,0,0,0,0,0,0,11,11,2988000,0,0,0,0,0,0,0,0,0
202002,17,039,2,3,De Witt County                ,3,3,855000,0,0,0,0,0,0,0,0,0,3,3,855000,0,0,0,0,0,0,0,0,0
202002,17,043,2,3,DuPage County                 ,106,106,42491943,0,0,0,0,0,0,4,321,32744331,95,95,37873630,0,0,0,0,0,0,3,316,32625732
202002,17,063,2,3,Grundy County                 ,14,14,2887683,0,0,0,0,0,0,2,15,769230,12,12,2566585,0,0,0,0,0,0,0,0,0
202002,17,083,2,3,Jersey County                 ,2,2,311218,0,0,0,0,0,0,0,0,0,0,0,0,0,0,0,0,0,0,0,0,0
202002,17,093,2,3,Kendall County                ,40,40,6883636,3,6,805477,0,0,0,1,7,552500,32,32,5460102,1,2,284500,0,0,0,0,0,0
202002,17,097,2,3,Lake County                   ,90,90,30232760,1,2,488711,0,0,0,1,6,1234932,68,68,20948282,1,2,488711,0,0,0,0,0,0
202002,17,111,2,3,McHenry County                ,42,42,7846022,0,0,0,0,0,0,0,0,0,27,27,5338188,0,0,0,0,0,0,0,0,0
202002,17,119,2,3,Madison County                ,49,49,12398748,0,0,0,0,0,0,0,0,0,46,46,11494598,0,0,0,0,0,0,0,0,0
202002,17,133,2,3,Monroe County                 ,7,7,1767929,0,0,0,0,0,0,0,0,0,7,7,1767929,0,0,0,0,0,0,0,0,0
202002,17,197,2,3,Will County                   ,170,170,40595692,4,8,785200,3,12,1607379,1,16,1625500,154,154,37735970,4,8,785200,3,12,1607379,1,16,1625500
202002,18,003,2,3,Allen County                  ,162,162,43858615,0,0,0,0,0,0,0,0,0,162,162,43858615,0,0,0,0,0,0,0,0,0
202002,18,011,2,3,Boone County                  ,101,101,36229760,0,0,0,0,0,0,0,0,0,101,101,36229760,0,0,0,0,0,0,0,0,0
202002,18,013,2,3,Brown County                  ,3,3,812196,0,0,0,0,0,0,0,0,0,3,3,812196,0,0,0,0,0,0,0,0,0
202002,18,019,2,3,Clark County                  ,119,119,22419018,0,0,0,1,3,461400,0,0,0,113,113,21140284,0,0,0,1,3,461400,0,0,0
202002,18,047,2,3,Franklin County               ,6,6,1143000,0,0,0,0,0,0,0,0,0,6,6,1143000,0,0,0,0,0,0,0,0,0
202002,18,057,2,3,Hamilton County               ,376,376,126757957,0,0,0,3,10,1200000,7,109,6800000,375,375,126436776,0,0,0,3,10,1200000,7,109,6800000
202002,18,059,2,3,Hancock County                ,71,71,16837431,0,0,0,0,0,0,0,0,0,71,71,16837431,0,0,0,0,0,0,0,0,0
202002,18,061,2,3,Harrison County               ,11,11,2485732,0,0,0,0,0,0,0,0,0,11,11,2485732,0,0,0,0,0,0,0,0,0
202002,18,063,2,3,Hendricks County              ,170,170,43937861,2,4,400000,0,0,0,0,0,0,163,163,42015277,2,4,400000,0,0,0,0,0,0
202002,18,069,2,3,Huntington County             ,8,8,1886792,0,0,0,0,0,0,0,0,0,8,8,1886792,0,0,0,0,0,0,0,0,0
202002,18,073,2,3,Jasper County                 ,22,22,5537327,0,0,0,0,0,0,0,0,0,20,20,5308439,0,0,0,0,0,0,0,0,0
202002,18,081,2,3,Johnson County                ,124,124,32029943,4,8,1477500,0,0,0,0,0,0,118,118,31109334,4,8,1477500,0,0,0,0,0,0
202002,18,087,2,3,Lagrange County               ,7,7,1344000,0,0,0,0,0,0,0,0,0,7,7,1344000,0,0,0,0,0,0,0,0,0
202002,18,089,2,3,Lake County                   ,137,137,34956298,1,2,187918,0,0,0,0,0,0,122,122,30824678,0,0,0,0,0,0,0,0,0
202002,18,097,2,3,Marion County                 ,148,148,39448108,1,2,180000,1,4,741118,0,0,0,148,148,39448108,1,2,180000,1,4,741118,0,0,0
202002,18,105,2,3,Monroe County                 ,41,41,11100020,0,0,0,0,0,0,0,0,0,41,41,11100020,0,0,0,0,0,0,0,0,0
202002,18,109,2,3,Morgan County                 ,36,36,8518651,3,6,1072900,0,0,0,0,0,0,30,30,7240226,3,6,1072900,0,0,0,0,0,0
202002,18,111,2,3,Newton County                 ,3,3,612745,0,0,0,0,0,0,0,0,0,0,0,0,0,0,0,0,0,0,0,0,0
202002,18,115,2,3,Ohio County                   ,4,4,1250000,0,0,0,0,0,0,0,0,0,4,4,1250000,0,0,0,0,0,0,0,0,0
202002,18,119,2,3,Owen County                   ,12,12,3248786,0,0,0,0,0,0,0,0,0,12,12,3248786,0,0,0,0,0,0,0,0,0
202002,18,127,2,3,Porter County                 ,51,51,13864433,0,0,0,0,0,0,1,12,2476849,51,51,13864433,0,0,0,0,0,0,1,12,2476849
202002,18,133,2,3,Putnam County                 ,12,12,2840332,0,0,0,0,0,0,0,0,0,10,10,2550858,0,0,0,0,0,0,0,0,0
202002,18,145,2,3,Shelby County                 ,4,4,881156,0,0,0,0,0,0,0,0,0,3,3,581365,0,0,0,0,0,0,0,0,0
202002,18,151,2,3,Steuben County                ,16,16,5128266,0,0,0,0,0,0,0,0,0,16,16,5128266,0,0,0,0,0,0,0,0,0
202002,18,157,2,3,Tippecanoe County             ,65,65,16500636,0,0,0,0,0,0,4,53,6157439,58,58,15581735,0,0,0,0,0,0,2,42,4878384
202002,18,163,2,3,Vanderburgh County            ,39,39,6771056,1,2,150000,0,0,0,0,0,0,39,39,6771056,1,2,150000,0,0,0,0,0,0
202002,18,167,2,3,Vigo County                   ,6,6,865229,0,0,0,0,0,0,0,0,0,3,3,441000,0,0,0,0,0,0,0,0,0
202002,18,175,2,3,Washington County             ,9,9,2172138,0,0,0,0,0,0,0,0,0,0,0,0,0,0,0,0,0,0,0,0,0
202002,18,183,2,3,Whitley County                ,11,11,2608407,0,0,0,0,0,0,0,0,0,11,11,2608407,0,0,0,0,0,0,0,0,0
202002,19,049,2,4,Dallas County                 ,55,55,15189658,0,0,0,0,0,0,1,9,1794920,53,53,14790361,0,0,0,0,0,0,1,9,1794920
202002,19,085,2,4,Harrison County               ,3,3,740090,0,0,0,0,0,0,0,0,0,1,1,300000,0,0,0,0,0,0,0,0,0
202002,19,129,2,4,Mills County                  ,0,0,0,0,0,0,0,0,0,0,0,0,0,0,0,0,0,0,0,0,0,0,0,0
202002,19,153,2,4,Polk County                   ,243,243,64156718,4,8,1581875,0,0,0,1,24,2800000,239,239,63342422,4,8,1581875,0,0,0,1,24,2800000
202002,19,181,2,4,Warren County                 ,35,35,8390476,0,0,0,0,0,0,0,0,0,35,35,8390476,0,0,0,0,0,0,0,0,0
202002,20,061,2,4,Geary County                  ,2,2,508666,0,0,0,0,0,0,0,0,0,0,0,0,0,0,0,0,0,0,0,0,0
202002,20,091,2,4,Johnson County                ,225,225,83343565,6,12,3153765,8,32,10650000,5,96,10344877,216,216,77851459,6,12,3153765,8,32,10650000,5,96,10344877
202002,20,103,2,4,Leavenworth County            ,28,28,6711246,5,10,1269260,0,0,0,6,32,3676830,28,28,6711246,5,10,1269260,0,0,0,6,32,3676830
202002,20,107,2,4,Linn County                   ,3,3,345272,0,0,0,0,0,0,0,0,0,1,1,150000,0,0,0,0,0,0,0,0,0
202002,20,121,2,4,Miami County                  ,9,9,2816724,0,0,0,0,0,0,0,0,0,1,1,300000,0,0,0,0,0,0,0,0,0
202002,20,209,2,4,Wyandotte County              ,21,21,4201066,2,4,384696,0,0,0,0,0,0,1,1,250000,0,0,0,0,0,0,0,0,0
202002,21,005,3,6,Anderson County               ,5,5,702238,0,0,0,0,0,0,0,0,0,5,5,702238,0,0,0,0,0,0,0,0,0
202002,21,015,3,6,Boone County                  ,61,61,11556880,0,0,0,0,0,0,2,54,6015719,61,61,11556880,0,0,0,0,0,0,2,54,6015719
202002,21,017,3,6,Bourbon County                ,6,6,1341877,0,0,0,0,0,0,0,0,0,2,2,425000,0,0,0,0,0,0,0,0,0
202002,21,021,3,6,Boyle County                  ,7,7,1330859,0,0,0,0,0,0,0,0,0,0,0,0,0,0,0,0,0,0,0,0,0
202002,21,029,3,6,Bullitt County                ,60,60,13606906,1,2,135000,0,0,0,0,0,0,60,60,13606906,1,2,135000,0,0,0,0,0,0
202002,21,035,3,6,Calloway County               ,1,1,98500,0,0,0,0,0,0,0,0,0,1,1,98500,0,0,0,0,0,0,0,0,0
202002,21,037,3,6,Campbell County               ,27,27,6616214,0,0,0,0,0,0,2,46,5293363,1,1,430000,0,0,0,0,0,0,0,0,0
202002,21,045,3,6,Casey County                  ,0,0,0,0,0,0,0,0,0,0,0,0,0,0,0,0,0,0,0,0,0,0,0,0
202002,21,047,3,6,Christian County              ,15,15,1457800,0,0,0,0,0,0,0,0,0,11,11,1173000,0,0,0,0,0,0,0,0,0
202002,21,049,3,6,Clark County                  ,14,14,2873232,1,2,400000,0,0,0,1,5,346250,10,10,1930000,0,0,0,0,0,0,0,0,0
202002,21,059,3,6,Daviess County                ,44,44,3844230,0,0,0,0,0,0,0,0,0,44,44,3844230,0,0,0,0,0,0,0,0,0
202002,21,067,3,6,Fayette County                ,125,125,24518455,1,2,219143,0,0,0,5,147,8719391,0,0,0,0,0,0,0,0,0,0,0,0
202002,21,069,3,6,Fleming County                ,0,0,0,0,0,0,0,0,0,0,0,0,0,0,0,0,0,0,0,0,0,0,0,0
202002,21,077,3,6,Gallatin County               ,4,4,896954,0,0,0,0,0,0,0,0,0,0,0,0,0,0,0,0,0,0,0,0,0
202002,21,081,3,6,Grant County                  ,11,11,1252800,0,0,0,0,0,0,0,0,0,11,11,1252800,0,0,0,0,0,0,0,0,0
202002,21,091,3,6,Hancock County                ,2,2,389300,0,0,0,0,0,0,0,0,0,0,0,0,0,0,0,0,0,0,0,0,0
202002,21,099,3,6,Hart County                   ,0,0,0,0,0,0,0,0,0,0,0,0,0,0,0,0,0,0,0,0,0,0,0,0
202002,21,101,3,6,Henderson County              ,8,8,2312954,0,0,0,0,0,0,0,0,0,8,8,2312954,0,0,0,0,0,0,0,0,0
202002,21,103,3,6,Henry County                  ,7,7,1100405,0,0,0,0,0,0,0,0,0,5,5,740000,0,0,0,0,0,0,0,0,0
202002,21,111,3,6,Jefferson County              ,220,220,70552470,0,0,0,0,0,0,13,321,42942528,7,7,2190100,0,0,0,0,0,0,0,0,0
202002,21,113,3,6,Jessamine County              ,25,25,8266048,0,0,0,1,3,502500,0,0,0,9,9,5732000,0,0,0,0,0,0,0,0,0
202002,21,115,3,6,Johnson County                ,0,0,0,0,0,0,0,0,0,0,0,0,0,0,0,0,0,0,0,0,0,0,0,0
202002,21,117,3,6,Kenton County                 ,38,38,9324100,0,0,0,0,0,0,0,0,0,38,38,9324100,0,0,0,0,0,0,0,0,0
202002,21,121,3,6,Knox County                   ,0,0,0,0,0,0,0,0,0,0,0,0,0,0,0,0,0,0,0,0,0,0,0,0
202002,21,123,3,6,Larue County                  ,4,4,949826,0,0,0,0,0,0,0,0,0,4,4,949826,0,0,0,0,0,0,0,0,0
202002,21,137,3,6,Lincoln County                ,3,3,300000,0,0,0,0,0,0,0,0,0,3,3,300000,0,0,0,0,0,0,0,0,0
202002,21,145,3,6,McCracken County              ,9,9,2225527,0,0,0,0,0,0,0,0,0,4,4,1033078,0,0,0,0,0,0,0,0,0
202002,21,151,3,6,Madison County                ,37,37,3938507,4,8,451984,0,0,0,2,11,370858,12,12,1750000,0,0,0,0,0,0,0,0,0
202002,21,157,3,6,Marshall County               ,10,10,2518700,2,4,350000,0,0,0,0,0,0,10,10,2518700,2,4,350000,0,0,0,0,0,0
202002,21,161,3,6,Mason County                  ,1,1,215000,0,0,0,0,0,0,0,0,0,1,1,215000,0,0,0,0,0,0,0,0,0
202002,21,163,3,6,Meade County                  ,4,4,740000,1,2,120000,0,0,0,0,0,0,4,4,740000,1,2,120000,0,0,0,0,0,0
202002,21,167,3,6,Mercer County                 ,8,8,1362022,0,0,0,0,0,0,0,0,0,0,0,0,0,0,0,0,0,0,0,0,0
202002,21,175,3,6,Morgan County                 ,4,4,300000,0,0,0,0,0,0,0,0,0,0,0,0,0,0,0,0,0,0,0,0,0
202002,21,179,3,6,Nelson County                 ,26,26,4936000,0,0,0,1,4,530000,0,0,0,26,26,4936000,0,0,0,1,4,530000,0,0,0
202002,21,185,3,6,Oldham County                 ,47,47,16150140,0,0,0,0,0,0,0,0,0,47,47,16150140,0,0,0,0,0,0,0,0,0
202002,21,191,3,6,Pendleton County              ,0,0,0,0,0,0,0,0,0,0,0,0,0,0,0,0,0,0,0,0,0,0,0,0
202002,21,209,3,6,Scott County                  ,76,76,12152057,0,0,0,0,0,0,0,0,0,76,76,12152057,0,0,0,0,0,0,0,0,0
202002,21,211,3,6,Shelby County                 ,33,33,9242799,0,0,0,0,0,0,0,0,0,33,33,9242799,0,0,0,0,0,0,0,0,0
202002,21,213,3,6,Simpson County                ,13,13,2074950,1,2,70000,0,0,0,0,0,0,13,13,2074950,1,2,70000,0,0,0,0,0,0
202002,21,215,3,6,Spencer County                ,24,24,5698961,0,0,0,0,0,0,0,0,0,24,24,5698961,0,0,0,0,0,0,0,0,0
202002,21,221,3,6,Trigg County                  ,4,4,819590,0,0,0,0,0,0,1,70,5984160,4,4,819590,0,0,0,0,0,0,1,70,5984160
202002,21,239,3,6,Woodford County               ,23,23,3795320,0,0,0,0,0,0,0,0,0,23,23,3795320,0,0,0,0,0,0,0,0,0
202002,22,005,3,7,Ascension Parish              ,111,111,17848049,0,0,0,0,0,0,0,0,0,35,35,6396944,0,0,0,0,0,0,0,0,0
202002,22,015,3,7,Bossier Parish                ,69,69,12306202,0,0,0,0,0,0,0,0,0,69,69,12306202,0,0,0,0,0,0,0,0,0
202002,22,017,3,7,Caddo Parish                  ,16,16,3397346,0,0,0,0,0,0,0,0,0,16,16,3397346,0,0,0,0,0,0,0,0,0
202002,22,031,3,7,De Soto Parish                ,13,13,3653006,0,0,0,0,0,0,0,0,0,3,3,712370,0,0,0,0,0,0,0,0,0
202002,22,033,3,7,East Baton Rouge Parish       ,192,192,50565715,0,0,0,0,0,0,0,0,0,192,192,50565715,0,0,0,0,0,0,0,0,0
202002,22,037,3,7,East Feliciana Parish         ,5,5,1024488,0,0,0,0,0,0,0,0,0,5,5,1024488,0,0,0,0,0,0,0,0,0
202002,22,047,3,7,Iberville Parish              ,20,20,4572474,0,0,0,0,0,0,0,0,0,2,2,137000,0,0,0,0,0,0,0,0,0
202002,22,051,3,7,Jefferson Parish              ,103,103,27456850,0,0,0,0,0,0,0,0,0,103,103,27456850,0,0,0,0,0,0,0,0,0
202002,22,055,3,7,Lafayette Parish              ,286,286,55865903,0,0,0,0,0,0,0,0,0,176,176,27490139,0,0,0,0,0,0,0,0,0
202002,22,063,3,7,Livingston Parish             ,142,142,28008325,0,0,0,0,0,0,0,0,0,1,1,340000,0,0,0,0,0,0,0,0,0
202002,22,071,3,7,Orleans Parish                ,95,95,21397319,14,28,2894776,2,7,1684611,2,89,18355605,0,0,0,0,0,0,0,0,0,0,0,0
202002,22,075,3,7,Plaquemines Parish            ,8,8,2119636,0,0,0,0,0,0,0,0,0,0,0,0,0,0,0,0,0,0,0,0,0
202002,22,077,3,7,Pointe Coupee Parish          ,7,7,2067264,0,0,0,0,0,0,0,0,0,7,7,2067264,0,0,0,0,0,0,0,0,0
202002,22,087,3,7,St. Bernard Parish            ,39,39,6824000,2,4,330000,0,0,0,0,0,0,39,39,6824000,2,4,330000,0,0,0,0,0,0
202002,22,089,3,7,St. Charles Parish            ,14,14,3517567,0,0,0,0,0,0,0,0,0,14,14,3517567,0,0,0,0,0,0,0,0,0
202002,22,091,3,7,St. Helena Parish             ,4,4,719616,0,0,0,0,0,0,0,0,0,0,0,0,0,0,0,0,0,0,0,0,0
202002,22,095,3,7,St. John the Baptist Parish   ,16,16,2266000,0,0,0,0,0,0,0,0,0,16,16,2266000,0,0,0,0,0,0,0,0,0
202002,22,099,3,7,St. Martin Parish             ,34,34,6655385,0,0,0,0,0,0,0,0,0,6,6,1503115,0,0,0,0,0,0,0,0,0
202002,22,103,3,7,St. Tammany Parish            ,266,266,62846498,0,0,0,0,0,0,0,0,0,256,256,59344842,0,0,0,0,0,0,0,0,0
202002,22,109,3,7,Terrebonne Parish             ,22,22,5641708,2,4,311112,0,0,0,0,0,0,0,0,0,0,0,0,0,0,0,0,0,0
202002,22,121,3,7,West Baton Rouge Parish       ,33,33,5929772,0,0,0,0,0,0,2,54,5274807,8,8,2080000,0,0,0,0,0,0,0,0,0
202002,22,125,3,7,West Feliciana Parish         ,8,8,2006251,0,0,0,0,0,0,0,0,0,8,8,2006251,0,0,0,0,0,0,0,0,0
202002,23,000,1,1,Maine Unorganized Territory   ,7,7,929602,0,0,0,0,0,0,0,0,0,0,0,0,0,0,0,0,0,0,0,0,0
202002,24,003,3,5,Anne Arundel County           ,349,349,82282209,0,0,0,0,0,0,0,0,0,340,340,80735280,0,0,0,0,0,0,0,0,0
202002,24,005,3,5,Baltimore County              ,96,96,22795843,0,0,0,0,0,0,0,0,0,96,96,22795843,0,0,0,0,0,0,0,0,0
202002,24,009,3,5,Calvert County                ,38,38,9023355,0,0,0,0,0,0,4,96,11000000,38,38,9023355,0,0,0,0,0,0,4,96,11000000
202002,24,013,3,5,Carroll County                ,23,23,5461504,0,0,0,0,0,0,0,0,0,23,23,5461504,0,0,0,0,0,0,0,0,0
202002,24,015,3,5,Cecil County                  ,35,35,6497885,0,0,0,0,0,0,0,0,0,35,35,6497885,0,0,0,0,0,0,0,0,0
202002,24,017,3,5,Charles County                ,81,81,25185500,0,0,0,0,0,0,0,0,0,81,81,25185500,0,0,0,0,0,0,0,0,0
202002,24,021,3,5,Frederick County              ,184,184,41216951,0,0,0,6,23,3088263,11,140,22316026,184,184,41216951,0,0,0,6,23,3088263,11,140,22316026
202002,24,023,3,5,Garrett County                ,12,12,5633000,0,0,0,0,0,0,0,0,0,12,12,5633000,0,0,0,0,0,0,0,0,0
202002,24,025,3,5,Harford County                ,92,92,21998647,0,0,0,0,0,0,0,0,0,91,91,21608647,0,0,0,0,0,0,0,0,0
202002,24,027,3,5,Howard County                 ,133,133,31581742,0,0,0,0,0,0,1,16,2200000,133,133,31581742,0,0,0,0,0,0,1,16,2200000
202002,24,031,3,5,Montgomery County             ,251,251,56821329,4,8,680000,0,0,0,1,79,11053661,164,164,36359962,4,8,680000,0,0,0,0,0,0
202002,24,033,3,5,Prince George County          ,403,403,95836459,2,4,487674,0,0,0,0,0,0,397,397,94270311,0,0,0,0,0,0,0,0,0
202002,24,035,3,5,Queen Anne County             ,29,29,6301000,0,0,0,0,0,0,1,21,2400000,29,29,6301000,0,0,0,0,0,0,1,21,2400000
202002,24,037,3,5,St. Marys County              ,164,164,34020423,0,0,0,0,0,0,1,5,98546,91,91,19667000,0,0,0,0,0,0,0,0,0
202002,24,039,3,5,Somerset County               ,3,3,634486,0,0,0,0,0,0,0,0,0,0,0,0,0,0,0,0,0,0,0,0,0
202002,24,045,3,5,Wicomico County               ,33,33,6457032,0,0,0,0,0,0,1,8,795000,33,33,6457032,0,0,0,0,0,0,1,8,795000
202002,24,510,3,5,Baltimore (Independent City)  ,18,18,2835950,0,0,0,0,0,0,2,226,34247906,0,0,0,0,0,0,0,0,0,0,0,0
202002,25,005,1,1,Bristol County                ,79,79,17018942,2,4,425000,0,0,0,0,0,0,49,49,11074864,2,4,425000,0,0,0,0,0,0
202002,25,009,1,1,Essex County                  ,80,80,25808691,6,12,2282850,0,0,0,2,11,2472886,66,66,21563079,3,6,1122000,0,0,0,0,0,0
202002,25,017,1,1,Middlesex County              ,289,289,77957857,4,8,1921526,6,22,5689187,11,391,65558057,199,199,52384265,0,0,0,4,16,4225920,3,206,36098000
202002,25,021,1,1,Norfolk County                ,101,101,42826844,2,4,1194000,1,3,1157143,7,171,22597709,67,67,29911418,2,4,1194000,0,0,0,1,87,14000000
202002,25,023,1,1,Plymouth County               ,163,163,40831129,1,2,320000,0,0,0,1,5,650766,67,67,16916501,1,2,320000,0,0,0,0,0,0
202002,25,025,1,1,Suffolk County                ,2,2,350712,9,18,4118356,11,36,6463712,22,816,107764966,0,0,0,7,14,3679586,11,36,6463712,17,786,101406023
202002,26,000,2,3,Michigan Balance of State     ,4,4,750890,0,0,0,0,0,0,0,0,0,0,0,0,0,0,0,0,0,0,0,0,0
202002,26,019,2,3,Benzie County                 ,6,6,1644708,0,0,0,0,0,0,0,0,0,0,0,0,0,0,0,0,0,0,0,0,0
202002,26,029,2,3,Charlevoix County             ,7,7,1780551,1,2,226390,0,0,0,0,0,0,0,0,0,0,0,0,0,0,0,0,0,0
202002,26,089,2,3,Leelanau County               ,18,18,4002750,0,0,0,0,0,0,0,0,0,18,18,4002750,0,0,0,0,0,0,0,0,0
202002,26,093,2,3,Livingston County             ,84,84,21633509,0,0,0,0,0,0,0,0,0,81,81,21233429,0,0,0,0,0,0,0,0,0
202002,26,095,2,3,Luce County                   ,5,5,1192000,0,0,0,0,0,0,0,0,0,5,5,1192000,0,0,0,0,0,0,0,0,0
202002,26,099,2,3,Macomb County                 ,168,168,57643606,2,4,280000,0,0,0,3,197,21416478,164,164,57007356,0,0,0,0,0,0,2,192,21291478
202002,26,103,2,3,Marquette County              ,1,1,225000,0,0,0,0,0,0,0,0,0,1,1,225000,0,0,0,0,0,0,0,0,0
202002,26,137,2,3,Otsego County                 ,2,2,162000,0,0,0,0,0,0,0,0,0,0,0,0,0,0,0,0,0,0,0,0,0
202002,26,147,2,3,St. Clair County              ,18,18,3448497,0,0,0,0,0,0,0,0,0,12,12,2266464,0,0,0,0,0,0,0,0,0
202002,26,163,2,3,Wayne County                  ,138,138,32859047,1,2,478224,1,4,1049560,5,92,28357544,122,122,30164635,1,2,478224,1,4,1049560,5,92,28357544
202002,27,003,2,4,Anoka County                  ,105,105,30774004,0,0,0,0,0,0,0,0,0,101,101,29658666,0,0,0,0,0,0,0,0,0
202002,27,019,2,4,Carver County                 ,103,103,33481407,2,4,588000,0,0,0,0,0,0,101,101,33079271,2,4,588000,0,0,0,0,0,0
202002,27,025,2,4,Chisago County                ,11,11,1871066,0,0,0,0,0,0,0,0,0,10,10,1661733,0,0,0,0,0,0,0,0,0
202002,27,027,2,4,Clay County                   ,3,3,1144000,0,0,0,0,0,0,0,0,0,3,3,1144000,0,0,0,0,0,0,0,0,0
202002,27,037,2,4,Dakota County                 ,134,134,40129875,0,0,0,0,0,0,3,41,4995069,133,133,39744308,0,0,0,0,0,0,1,20,2015000
202002,27,053,2,4,Hennepin County               ,280,280,113454331,1,2,425000,2,7,1912609,9,1032,153440935,259,259,107444215,1,2,425000,1,4,1375939,9,1032,153440935
202002,27,059,2,4,Isanti County                 ,14,14,3070100,0,0,0,0,0,0,0,0,0,9,9,2042380,0,0,0,0,0,0,0,0,0
202002,27,123,2,4,Ramsey County                 ,19,19,6416491,0,0,0,0,0,0,2,136,23245188,19,19,6416491,0,0,0,0,0,0,2,136,23245188
202002,27,139,2,4,Scott County                  ,75,75,24086865,0,0,0,0,0,0,0,0,0,73,73,23536989,0,0,0,0,0,0,0,0,0
202002,27,141,2,4,Sherburne County              ,38,38,8519453,0,0,0,0,0,0,0,0,0,31,31,7039245,0,0,0,0,0,0,0,0,0
202002,27,163,2,4,Washington County             ,134,134,45308092,0,0,0,1,3,526000,0,0,0,125,125,41543418,0,0,0,1,3,526000,0,0,0
202002,27,171,2,4,Wright County                 ,100,100,29642853,0,0,0,0,0,0,2,54,9264419,94,94,28377648,0,0,0,0,0,0,1,49,8749793
202002,28,033,3,6,DeSoto County                 ,221,221,39223471,0,0,0,0,0,0,0,0,0,151,151,29621703,0,0,0,0,0,0,0,0,0
202002,28,041,3,6,Greene County                 ,0,0,0,0,0,0,0,0,0,0,0,0,0,0,0,0,0,0,0,0,0,0,0,0
202002,28,045,3,6,Hancock County                ,81,81,13821112,0,0,0,2,6,602168,2,15,1269940,23,23,5012926,0,0,0,0,0,0,0,0,0
202002,28,047,3,6,Harrison County               ,256,256,48846112,1,2,300000,0,0,0,0,0,0,232,232,46119688,1,2,300000,0,0,0,0,0,0
202002,28,067,3,6,Jones County                  ,92,92,11904000,0,0,0,0,0,0,0,0,0,92,92,11904000,0,0,0,0,0,0,0,0,0
202002,28,129,3,6,Smith County                  ,0,0,0,0,0,0,0,0,0,0,0,0,0,0,0,0,0,0,0,0,0,0,0,0
202002,28,137,3,6,Tate County                   ,14,14,3363300,0,0,0,0,0,0,0,0,0,14,14,3363300,0,0,0,0,0,0,0,0,0
202002,28,143,3,6,Tunica County                 ,20,20,4596004,0,0,0,0,0,0,0,0,0,0,0,0,0,0,0,0,0,0,0,0,0
202002,28,145,3,6,Union County                  ,1,1,200000,0,0,0,0,0,0,0,0,0,1,1,200000,0,0,0,0,0,0,0,0,0
202002,28,149,3,6,Warren County                 ,1,1,300000,0,0,0,0,0,0,0,0,0,0,0,0,0,0,0,0,0,0,0,0,0
202002,29,013,2,4,Bates County                  ,0,0,0,0,0,0,0,0,0,0,0,0,0,0,0,0,0,0,0,0,0,0,0,0
202002,29,017,2,4,Bollinger County              ,0,0,0,0,0,0,0,0,0,0,0,0,0,0,0,0,0,0,0,0,0,0,0,0
202002,29,019,2,4,Boone County                  ,72,72,21416630,0,0,0,0,0,0,0,0,0,72,72,21416630,0,0,0,0,0,0,0,0,0
202002,29,049,2,4,Clinton County                ,7,7,1615230,0,0,0,0,0,0,0,0,0,1,1,338000,0,0,0,0,0,0,0,0,0
202002,29,065,2,4,Dent County                   ,0,0,0,0,0,0,0,0,0,0,0,0,0,0,0,0,0,0,0,0,0,0,0,0
202002,29,071,2,4,Franklin County               ,57,57,18733853,1,2,290559,0,0,0,0,0,0,57,57,18733853,1,2,290559,0,0,0,0,0,0
202002,29,095,2,4,Jackson County                ,275,275,69244002,12,24,1440614,1,4,771184,27,664,72468749,268,268,67435539,12,24,1440614,1,4,771184,27,664,72468749
202002,29,099,2,4,Jefferson County              ,122,122,32248637,0,0,0,0,0,0,0,0,0,118,118,31795799,0,0,0,0,0,0,0,0,0
202002,29,105,2,4,Laclede County                ,5,5,708450,1,2,199050,0,0,0,0,0,0,5,5,708450,1,2,199050,0,0,0,0,0,0
202002,29,107,2,4,Lafayette County              ,8,8,2100126,0,0,0,0,0,0,0,0,0,8,8,2100126,0,0,0,0,0,0,0,0,0
202002,29,113,2,4,Lincoln County                ,28,28,4150052,0,0,0,0,0,0,0,0,0,28,28,4150052,0,0,0,0,0,0,0,0,0
202002,29,165,2,4,Platte County                 ,99,99,15533416,0,0,0,0,0,0,2,48,3600000,92,92,13113980,0,0,0,0,0,0,2,48,3600000
202002,29,185,2,4,St. Clair County              ,0,0,0,0,0,0,0,0,0,0,0,0,0,0,0,0,0,0,0,0,0,0,0,0
202002,29,189,2,4,St. Louis County              ,128,128,55790249,0,0,0,0,0,0,2,10,1290706,63,63,30117648,0,0,0,0,0,0,0,0,0
202002,29,219,2,4,Warren County                 ,44,44,10483379,0,0,0,0,0,0,1,6,438180,44,44,10483379,0,0,0,0,0,0,1,6,438180
202002,29,221,2,4,Washington County             ,0,0,0,0,0,0,0,0,0,0,0,0,0,0,0,0,0,0,0,0,0,0,0,0
202002,29,510,2,4,St. Louis (Independent City)  ,22,22,4108069,1,2,330000,0,0,0,1,22,1378340,11,11,2002000,1,2,330000,0,0,0,0,0,0
202002,30,013,4,8,Cascade County                ,15,15,3303489,0,0,0,0,0,0,0,0,0,15,15,3303489,0,0,0,0,0,0,0,0,0
202002,30,033,4,8,Garfield County               ,0,0,0,0,0,0,0,0,0,0,0,0,0,0,0,0,0,0,0,0,0,0,0,0
202002,30,063,4,8,Missoula County               ,66,66,16187955,1,2,178688,0,0,0,0,0,0,66,66,16187955,1,2,178688,0,0,0,0,0,0
202002,30,093,4,8,Silver Bow County             ,2,2,144157,5,10,620000,0,0,0,0,0,0,2,2,144157,5,10,620000,0,0,0,0,0,0
202002,31,001,2,4,Adams County                  ,7,7,1637928,0,0,0,0,0,0,0,0,0,6,6,1364803,0,0,0,0,0,0,0,0,0
202002,31,025,2,4,Cass County                   ,17,17,3323949,1,2,217585,0,0,0,0,0,0,7,7,1603033,0,0,0,0,0,0,0,0,0
202002,31,033,2,4,Cheyenne County               ,0,0,0,0,0,0,0,0,0,0,0,0,0,0,0,0,0,0,0,0,0,0,0,0
202002,31,055,2,4,Douglas County                ,212,212,31083484,1,2,264204,0,0,0,3,60,4842838,207,207,29847552,1,2,264204,0,0,0,3,60,4842838
202002,31,105,2,4,Kimball County                ,0,0,0,0,0,0,0,0,0,0,0,0,0,0,0,0,0,0,0,0,0,0,0,0
202002,31,153,2,4,Sarpy County                  ,135,135,37458834,0,0,0,0,0,0,3,72,3892353,86,86,25183417,0,0,0,0,0,0,3,72,3892353
202002,31,165,2,4,Sioux County                  ,0,0,0,0,0,0,0,0,0,0,0,0,0,0,0,0,0,0,0,0,0,0,0,0
202002,31,177,2,4,Washington County             ,6,6,1966506,0,0,0,0,0,0,0,0,0,6,6,1966506,0,0,0,0,0,0,0,0,0
202002,32,001,4,8,Churchill County              ,17,17,3751397,0,0,0,0,0,0,0,0,0,17,17,3751397,0,0,0,0,0,0,0,0,0
202002,32,003,4,8,Clark County                  ,1914,1914,477667586,14,28,1895312,51,171,20994014,39,453,35411688,1914,1914,477667586,14,28,1895312,51,171,20994014,39,453,35411688
202002,32,005,4,8,Douglas County                ,31,31,11492756,0,0,0,0,0,0,0,0,0,31,31,11492756,0,0,0,0,0,0,0,0,0
202002,32,007,4,8,Elko County                   ,9,9,1406253,0,0,0,0,0,0,0,0,0,9,9,1406253,0,0,0,0,0,0,0,0,0
202002,32,013,4,8,Humboldt County               ,1,1,139394,0,0,0,0,0,0,0,0,0,0,0,0,0,0,0,0,0,0,0,0,0
202002,32,015,4,8,Lander County                 ,3,3,232974,0,0,0,0,0,0,0,0,0,3,3,232974,0,0,0,0,0,0,0,0,0
202002,32,017,4,8,Lincoln County                ,1,1,285178,0,0,0,0,0,0,0,0,0,0,0,0,0,0,0,0,0,0,0,0,0
202002,32,019,4,8,Lyon County                   ,60,60,13326186,0,0,0,0,0,0,0,0,0,53,53,11495688,0,0,0,0,0,0,0,0,0
202002,32,021,4,8,Mineral County                ,0,0,0,0,0,0,0,0,0,0,0,0,0,0,0,0,0,0,0,0,0,0,0,0
202002,32,027,4,8,Pershing County               ,0,0,0,0,0,0,0,0,0,0,0,0,0,0,0,0,0,0,0,0,0,0,0,0
202002,32,029,4,8,Storey County                 ,1,1,77902,0,0,0,0,0,0,0,0,0,1,1,77902,0,0,0,0,0,0,0,0,0
202002,32,031,4,8,Washoe County                 ,399,399,106973795,2,4,461428,1,3,324903,16,265,29247773,77,77,17681661,0,0,0,0,0,0,0,0,0
202002,32,033,4,8,White Pine County             ,1,1,308222,0,0,0,0,0,0,0,0,0,0,0,0,0,0,0,0,0,0,0,0,0
202002,32,510,4,8,Carson City (Independent City),30,30,7820241,0,0,0,0,0,0,2,19,1897047,0,0,0,0,0,0,0,0,0,0,0,0
202002,33,015,1,1,Rockingham County             ,100,100,30628386,6,12,2148542,0,0,0,5,66,14966164,66,66,21412817,3,6,1334000,0,0,0,2,50,13415000
202002,33,017,1,1,Strafford County              ,53,53,5872082,0,0,0,0,0,0,1,8,803720,17,17,3898979,0,0,0,0,0,0,0,0,0
202002,34,001,1,2,Atlantic County               ,89,89,18680676,0,0,0,0,0,0,2,47,6243436,84,84,17066407,0,0,0,0,0,0,0,0,0
202002,34,003,1,2,Bergen County                 ,206,206,40384104,27,54,6440944,2,6,8419000,22,214,41572818,145,145,25562582,23,46,5121434,2,6,8419000,9,98,29873600
202002,34,005,1,2,Burlington County             ,161,161,18455103,1,2,24000,1,3,203526,10,108,11295643,118,118,13727437,1,2,24000,0,0,0,4,69,7349724
202002,34,007,1,2,Camden County                 ,118,118,8092109,1,2,70250,0,0,0,4,48,3096046,108,108,5647037,1,2,70250,0,0,0,1,5,500
202002,34,009,1,2,Cape May County               ,82,82,25214390,15,30,4035732,1,3,20000,1,5,616200,80,80,24927674,13,26,3655894,0,0,0,1,5,616200
202002,34,011,1,2,Cumberland County             ,51,51,1580573,0,0,0,0,0,0,0,0,0,49,49,1365958,0,0,0,0,0,0,0,0,0
202002,34,013,1,2,Essex County                  ,72,72,11905698,17,34,3354365,4,12,1596576,10,151,14554539,47,47,9276235,16,32,3336365,4,12,1596576,2,29,4566770
202002,34,015,1,2,Gloucester County             ,75,75,9546588,0,0,0,0,0,0,3,16,1638174,51,51,6407244,0,0,0,0,0,0,0,0,0
202002,34,017,1,2,Hudson County                 ,23,23,7420373,6,12,1274320,12,39,74763483,8,147,70440067,21,21,6606686,5,10,1039500,11,36,74413483,6,101,6048398
202002,34,019,1,2,Hunterdon County              ,47,47,4305792,1,2,233200,0,0,0,3,22,1182252,43,43,3537715,0,0,0,0,0,0,0,0,0
202002,34,021,1,2,Mercer County                 ,27,27,3160413,0,0,0,0,0,0,8,57,2013375,22,22,1986881,0,0,0,0,0,0,4,35,1551750
202002,34,023,1,2,Middlesex County              ,118,118,21241261,4,8,613400,15,51,1515142,9,156,22099999,102,102,18294831,4,8,613400,15,51,1515142,4,57,3896785
202002,34,025,1,2,Monmouth County               ,262,262,49287396,1,2,52000,0,0,0,4,22,1337018,232,232,39783547,0,0,0,0,0,0,0,0,0
202002,34,027,1,2,Morris County                 ,183,183,22257983,0,0,0,1,3,121825,6,109,6611134,146,146,11895487,0,0,0,0,0,0,3,84,4431000
202002,34,029,1,2,Ocean County                  ,456,456,64142075,8,16,542202,4,14,10000,3,72,6970856,417,417,59825644,8,16,542202,4,14,10000,1,55,5750000
202002,34,031,1,2,Passaic County                ,12,12,2516451,4,8,456196,0,0,0,7,72,4082285,5,5,974451,1,2,164500,0,0,0,2,12,795000
202002,34,033,1,2,Salem County                  ,3,3,478583,0,0,0,0,0,0,0,0,0,2,2,309500,0,0,0,0,0,0,0,0,0
202002,34,035,1,2,Somerset County               ,43,43,8734966,0,0,0,1,3,399144,3,61,4219958,25,25,6092245,0,0,0,1,3,399144,1,23,2400000
202002,34,037,1,2,Sussex County                 ,36,36,4388525,0,0,0,0,0,0,0,0,0,33,33,3571693,0,0,0,0,0,0,0,0,0
202002,34,039,1,2,Union County                  ,41,41,8796851,16,32,2626450,1,3,73500,13,276,14219037,22,22,5043910,14,28,2177750,0,0,0,2,16,2064245
202002,34,041,1,2,Warren County                 ,33,33,3496983,1,2,46300,0,0,0,1,5,86000,20,20,1261544,1,2,46300,0,0,0,1,5,86000
202002,35,000,4,8,New Mexico Balance of State   ,47,47,12739019,0,0,0,0,0,0,0,0,0,0,0,0,0,0,0,0,0,0,0,0,0
202002,35,001,4,8,Bernalillo County             ,239,239,64320085,0,0,0,0,0,0,0,0,0,140,140,44550381,0,0,0,0,0,0,0,0,0
202002,35,005,4,8,Chaves County                 ,6,6,1009942,0,0,0,0,0,0,0,0,0,4,4,717500,0,0,0,0,0,0,0,0,0
202002,35,009,4,8,Curry County                  ,6,6,1511004,0,0,0,0,0,0,2,10,921876,0,0,0,0,0,0,0,0,0,0,0,0
202002,35,013,4,8,Dona Ana County               ,133,133,33970025,1,2,256944,0,0,0,0,0,0,133,133,33970025,1,2,256944,0,0,0,0,0,0
202002,35,015,4,8,Eddy County                   ,20,20,4494216,0,0,0,0,0,0,2,16,1207547,4,4,1371900,0,0,0,0,0,0,0,0,0
202002,35,017,4,8,Grant County                  ,0,0,0,0,0,0,0,0,0,0,0,0,0,0,0,0,0,0,0,0,0,0,0,0
202002,35,025,4,8,Lea County                    ,19,19,4020848,0,0,0,0,0,0,0,0,0,0,0,0,0,0,0,0,0,0,0,0,0
202002,35,027,4,8,Lincoln County                ,12,12,4893680,0,0,0,0,0,0,0,0,0,12,12,4893680,0,0,0,0,0,0,0,0,0
202002,35,028,4,8,Los Alamos County             ,0,0,0,0,0,0,0,0,0,0,0,0,0,0,0,0,0,0,0,0,0,0,0,0
202002,35,029,4,8,Luna County                   ,1,1,282835,0,0,0,0,0,0,0,0,0,1,1,282835,0,0,0,0,0,0,0,0,0
202002,35,031,4,8,McKinley County               ,0,0,0,0,0,0,0,0,0,0,0,0,0,0,0,0,0,0,0,0,0,0,0,0
202002,35,035,4,8,Otero County                  ,0,0,0,0,0,0,0,0,0,0,0,0,0,0,0,0,0,0,0,0,0,0,0,0
202002,35,041,4,8,Roosevelt County              ,2,2,307814,0,0,0,0,0,0,0,0,0,0,0,0,0,0,0,0,0,0,0,0,0
202002,35,043,4,8,Sandoval County               ,117,117,26047017,0,0,0,1,3,348242,2,11,458333,0,0,0,0,0,0,0,0,0,0,0,0
202002,35,045,4,8,San Juan County               ,4,4,1023170,0,0,0,0,0,0,0,0,0,4,4,1023170,0,0,0,0,0,0,0,0,0
202002,35,047,4,8,San Miguel County             ,0,0,0,0,0,0,0,0,0,0,0,0,0,0,0,0,0,0,0,0,0,0,0,0
202002,35,049,4,8,Santa Fe County               ,63,63,16048878,0,0,0,0,0,0,0,0,0,63,63,16048878,0,0,0,0,0,0,0,0,0
202002,35,051,4,8,Sierra County                 ,0,0,0,0,0,0,0,0,0,0,0,0,0,0,0,0,0,0,0,0,0,0,0,0
202002,35,055,4,8,Taos County                   ,1,1,238639,0,0,0,0,0,0,0,0,0,0,0,0,0,0,0,0,0,0,0,0,0
202002,35,061,4,8,Valencia County               ,33,33,5050414,0,0,0,0,0,0,0,0,0,33,33,5050414,0,0,0,0,0,0,0,0,0
202002,36,001,1,2,Albany County                 ,27,27,6360381,1,2,315000,1,3,450000,2,10,1311170,17,17,3973946,1,2,315000,0,0,0,0,0,0
202002,36,005,1,2,Bronx County                  ,2,2,524817,2,4,601314,5,17,2261816,15,446,57540823,2,2,524817,2,4,601314,5,17,2261816,15,446,57540823
202002,36,029,1,2,Erie County                   ,109,109,34512021,1,2,160000,2,8,1903200,2,41,9198754,90,90,27520850,1,2,160000,2,8,1903200,0,0,0
202002,36,047,1,2,Kings County                  ,10,10,2624087,3,6,901971,4,12,1596576,36,1616,208488720,10,10,2624087,3,6,901971,4,12,1596576,36,1616,208488720
202002,36,051,1,2,Livingston County             ,6,6,1608115,0,0,0,0,0,0,2,12,914500,4,4,1285000,0,0,0,0,0,0,0,0,0
202002,36,055,1,2,Monroe County                 ,76,76,19707247,0,0,0,2,8,840000,3,109,14850699,66,66,18475624,0,0,0,2,8,840000,2,87,13426785
202002,36,059,1,2,Nassau County                 ,122,122,55219433,3,6,1050000,0,0,0,4,59,7674091,81,81,43431742,1,2,500000,0,0,0,3,54,6400000
202002,36,061,1,2,New York County               ,0,0,0,1,2,300657,0,0,0,9,475,61282266,0,0,0,1,2,300657,0,0,0,9,475,61282266
202002,36,063,1,2,Niagara County                ,9,9,3006425,1,2,100000,0,0,0,1,39,681080,9,9,3006425,0,0,0,0,0,0,1,39,681080
202002,36,069,1,2,Ontario County                ,33,33,8030228,0,0,0,0,0,0,0,0,0,23,23,5770984,0,0,0,0,0,0,0,0,0
202002,36,073,1,2,Orleans County                ,1,1,245000,0,0,0,0,0,0,0,0,0,1,1,245000,0,0,0,0,0,0,0,0,0
202002,36,079,1,2,Putnam County                 ,3,3,482500,0,0,0,0,0,0,0,0,0,2,2,400000,0,0,0,0,0,0,0,0,0
202002,36,081,1,2,Queens County                 ,7,7,1836861,18,36,5411830,6,18,2394864,24,2297,296348137,7,7,1836861,18,36,5411830,6,18,2394864,24,2297,296348137
202002,36,083,1,2,Rensselaer County             ,9,9,2018083,0,0,0,0,0,0,2,12,1834615,4,4,518500,0,0,0,0,0,0,0,0,0
202002,36,085,1,2,Richmond County               ,15,15,3936130,18,36,5411830,0,0,0,0,0,0,15,15,3936130,18,36,5411830,0,0,0,0,0,0
202002,36,087,1,2,Rockland County               ,9,9,2810522,2,4,617351,1,3,327411,9,147,19207160,3,3,1150000,0,0,0,0,0,0,7,132,17030019
202002,36,091,1,2,Saratoga County               ,79,79,22476568,0,0,0,2,6,1110000,2,13,504501,62,62,16946865,0,0,0,2,6,1110000,0,0,0
202002,36,093,1,2,Schenectady County            ,8,8,2062500,0,0,0,0,0,0,0,0,0,6,6,1500000,0,0,0,0,0,0,0,0,0
202002,36,095,1,2,Schoharie County              ,2,2,387838,0,0,0,0,0,0,0,0,0,1,1,120000,0,0,0,0,0,0,0,0,0
202002,36,099,1,2,Seneca County                 ,2,2,470000,0,0,0,0,0,0,0,0,0,2,2,470000,0,0,0,0,0,0,0,0,0
202002,36,103,1,2,Suffolk County                ,83,83,75045597,0,0,0,1,3,560670,2,21,2382081,70,70,70574226,0,0,0,1,3,560670,0,0,0
202002,36,117,1,2,Wayne County                  ,11,11,2281359,0,0,0,0,0,0,0,0,0,7,7,1493000,0,0,0,0,0,0,0,0,0
202002,36,119,1,2,Westchester County            ,60,60,36584848,3,6,638574,1,3,120000,6,239,40960933,51,51,33014190,0,0,0,0,0,0,3,125,28539628
202002,37,007,3,5,Anson County                  ,8,8,1198920,0,0,0,0,0,0,0,0,0,0,0,0,0,0,0,0,0,0,0,0,0
202002,37,011,3,5,Avery County                  ,13,13,5511971,0,0,0,0,0,0,1,8,350000,13,13,5511971,0,0,0,0,0,0,1,8,350000
202002,37,015,3,5,Bertie County                 ,1,1,260000,0,0,0,0,0,0,0,0,0,1,1,260000,0,0,0,0,0,0,0,0,0
202002,37,025,3,5,Cabarrus County               ,338,338,54169560,0,0,0,0,0,0,0,0,0,338,338,54169560,0,0,0,0,0,0,0,0,0
202002,37,033,3,5,Caswell County                ,1,1,350000,0,0,0,0,0,0,0,0,0,1,1,350000,0,0,0,0,0,0,0,0,0
202002,37,037,3,5,Chatham County                ,66,66,25733350,0,0,0,0,0,0,0,0,0,66,66,25733350,0,0,0,0,0,0,0,0,0
202002,37,051,3,5,Cumberland County             ,74,74,13880857,0,0,0,0,0,0,3,66,12000000,74,74,13880857,0,0,0,0,0,0,3,66,12000000
202002,37,053,3,5,Currituck County              ,76,76,18782736,0,0,0,0,0,0,0,0,0,0,0,0,0,0,0,0,0,0,0,0,0
202002,37,059,3,5,Davie County                  ,28,28,5896676,0,0,0,0,0,0,2,44,1735126,0,0,0,0,0,0,0,0,0,0,0,0
202002,37,063,3,5,Durham County                 ,363,363,69430632,2,4,339794,0,0,0,7,204,16553776,0,0,0,0,0,0,0,0,0,0,0,0
202002,37,069,3,5,Franklin County               ,28,28,6648788,0,0,0,0,0,0,0,0,0,28,28,6648788,0,0,0,0,0,0,0,0,0
202002,37,071,3,5,Gaston County                 ,253,253,77581294,1,2,256304,0,0,0,0,0,0,253,253,77581294,1,2,256304,0,0,0,0,0,0
202002,37,077,3,5,Granville County              ,38,38,8204856,0,0,0,0,0,0,0,0,0,38,38,8204856,0,0,0,0,0,0,0,0,0
202002,37,081,3,5,Guilford County               ,225,225,57497389,1,2,133000,0,0,0,4,200,25789529,225,225,57497389,1,2,133000,0,0,0,4,200,25789529
202002,37,089,3,5,Henderson County              ,84,84,20958826,0,0,0,0,0,0,0,0,0,84,84,20958826,0,0,0,0,0,0,0,0,0
202002,37,093,3,5,Hoke County                   ,44,44,10448095,0,0,0,0,0,0,0,0,0,44,44,10448095,0,0,0,0,0,0,0,0,0
202002,37,097,3,5,Iredell County                ,243,243,62006450,0,0,0,0,0,0,0,0,0,243,243,62006450,0,0,0,0,0,0,0,0,0
202002,37,101,3,5,Johnston County               ,487,487,83109118,0,0,0,0,0,0,0,0,0,426,426,74834703,0,0,0,0,0,0,0,0,0
202002,37,119,3,5,Mecklenburg County            ,1176,1176,279249083,1,2,223682,0,0,0,22,884,93077918,1176,1176,279249083,1,2,223682,0,0,0,22,884,93077918
202002,37,133,3,5,Onslow County                 ,170,170,26871054,0,0,0,1,4,320000,0,0,0,170,170,26871054,0,0,0,1,4,320000,0,0,0
202002,37,135,3,5,Orange County                 ,59,59,17418956,0,0,0,0,0,0,0,0,0,59,59,17418956,0,0,0,0,0,0,0,0,0
202002,37,145,3,5,Person County                 ,13,13,3792300,0,0,0,0,0,0,0,0,0,13,13,3792300,0,0,0,0,0,0,0,0,0
202002,37,151,3,5,Randolph County               ,58,58,12901006,0,0,0,0,0,0,0,0,0,58,58,12901006,0,0,0,0,0,0,0,0,0
202002,37,157,3,5,Rockingham County             ,26,26,6023250,0,0,0,1,3,311174,0,0,0,9,9,2098878,0,0,0,0,0,0,0,0,0
202002,37,179,3,5,Union County                  ,366,366,81112095,0,0,0,0,0,0,0,0,0,366,366,81112095,0,0,0,0,0,0,0,0,0
202002,37,181,3,5,Vance County                  ,15,15,1754655,0,0,0,0,0,0,0,0,0,15,15,1754655,0,0,0,0,0,0,0,0,0
202002,37,183,3,5,Wake County                   ,1315,1315,331351164,1,2,150000,0,0,0,6,399,50863835,1315,1315,331351164,1,2,150000,0,0,0,6,399,50863835
202002,37,195,3,5,Wilson County                 ,31,31,5662862,3,6,180000,0,0,0,0,0,0,31,31,5662862,3,6,180000,0,0,0,0,0,0
202002,39,007,2,3,Ashtabula County              ,8,8,1010000,0,0,0,0,0,0,0,0,0,8,8,1010000,0,0,0,0,0,0,0,0,0
202002,39,015,2,3,Brown County                  ,17,17,4602447,0,0,0,0,0,0,0,0,0,17,17,4602447,0,0,0,0,0,0,0,0,0
202002,39,017,2,3,Butler County                 ,112,112,24783369,1,2,440000,0,0,0,0,0,0,95,95,21973532,1,2,440000,0,0,0,0,0,0
202002,39,025,2,3,Clermont County               ,84,84,21051379,1,2,162547,0,0,0,0,0,0,84,84,21051379,1,2,162547,0,0,0,0,0,0
202002,39,041,2,3,Delaware County               ,212,212,54628727,0,0,0,0,0,0,4,56,3269145,181,181,49132577,0,0,0,0,0,0,4,56,3269145
202002,39,049,2,3,Franklin County               ,247,247,77119489,2,4,800000,0,0,0,31,1330,381187259,246,246,75871271,2,4,800000,0,0,0,31,1330,381187259
202002,39,055,2,3,Geauga County                 ,12,12,4511690,0,0,0,0,0,0,0,0,0,12,12,4511690,0,0,0,0,0,0,0,0,0
202002,39,085,2,3,Lake County                   ,87,87,16254004,0,0,0,0,0,0,1,119,6000000,87,87,16254004,0,0,0,0,0,0,1,119,6000000
202002,39,089,2,3,Licking County                ,23,23,6838503,0,0,0,0,0,0,0,0,0,23,23,6838503,0,0,0,0,0,0,0,0,0
202002,39,093,2,3,Lorain County                 ,138,138,39254243,0,0,0,2,7,680000,1,10,1000000,130,130,37679254,0,0,0,2,7,680000,1,10,1000000
202002,39,097,2,3,Madison County                ,22,22,5035876,0,0,0,0,0,0,0,0,0,21,21,4772196,0,0,0,0,0,0,0,0,0
202002,39,103,2,3,Medina County                 ,43,43,11809116,0,0,0,0,0,0,0,0,0,43,43,11809116,0,0,0,0,0,0,0,0,0
202002,39,117,2,3,Morrow County                 ,3,3,812196,0,0,0,0,0,0,0,0,0,3,3,812196,0,0,0,0,0,0,0,0,0
202002,39,159,2,3,Union County                  ,41,41,11583377,1,2,350000,0,0,0,0,0,0,41,41,11583377,1,2,350000,0,0,0,0,0,0
202002,39,165,2,3,Warren County                 ,216,216,57307291,0,0,0,0,0,0,10,154,16003395,204,204,53735234,0,0,0,0,0,0,10,154,16003395
202002,40,001,3,7,Adair County                  ,0,0,0,1,2,300000,0,0,0,0,0,0,0,0,0,1,2,300000,0,0,0,0,0,0
202002,40,017,3,7,Canadian County               ,61,61,14072750,0,0,0,0,0,0,0,0,0,61,61,14072750,0,0,0,0,0,0,0,0,0
202002,40,021,3,7,Cherokee County               ,11,11,1443620,0,0,0,0,0,0,2,10,488096,0,0,0,0,0,0,0,0,0,0,0,0
202002,40,027,3,7,Cleveland County              ,120,120,30105819,1,2,390444,0,0,0,0,0,0,31,31,6213200,0,0,0,0,0,0,0,0,0
202002,40,029,3,7,Coal County                   ,0,0,0,0,0,0,0,0,0,0,0,0,0,0,0,0,0,0,0,0,0,0,0,0
202002,40,037,3,7,Creek County                  ,19,19,3846248,0,0,0,0,0,0,2,24,1846154,8,8,1398457,0,0,0,0,0,0,0,0,0
202002,40,051,3,7,Grady County                  ,17,17,2048000,0,0,0,0,0,0,0,0,0,17,17,2048000,0,0,0,0,0,0,0,0,0
202002,40,055,3,7,Greer County                  ,1,1,262500,0,0,0,0,0,0,0,0,0,0,0,0,0,0,0,0,0,0,0,0,0
202002,40,081,3,7,Lincoln County                ,1,1,237457,0,0,0,0,0,0,0,0,0,1,1,237457,0,0,0,0,0,0,0,0,0
202002,40,083,3,7,Logan County                  ,2,2,260000,0,0,0,0,0,0,0,0,0,2,2,260000,0,0,0,0,0,0,0,0,0
202002,40,087,3,7,McClain County                ,68,68,15628068,3,6,697365,0,0,0,0,0,0,46,46,10888250,2,4,447365,0,0,0,0,0,0
202002,40,109,3,7,Oklahoma County               ,668,668,155455423,23,46,4635712,1,3,337941,0,0,0,374,374,96126441,19,38,3872800,0,0,0,0,0,0
202002,40,111,3,7,Okmulgee County               ,1,1,180000,0,0,0,0,0,0,0,0,0,1,1,180000,0,0,0,0,0,0,0,0,0
202002,40,113,3,7,Osage County                  ,15,15,3945004,0,0,0,0,0,0,0,0,0,15,15,3945004,0,0,0,0,0,0,0,0,0
202002,40,117,3,7,Pawnee County                 ,1,1,325000,0,0,0,0,0,0,0,0,0,1,1,325000,0,0,0,0,0,0,0,0,0
202002,40,131,3,7,Rogers County                 ,75,75,13592396,3,6,415000,0,0,0,0,0,0,74,74,13391896,3,6,415000,0,0,0,0,0,0
202002,40,143,3,7,Tulsa County                  ,388,388,90244698,1,2,220000,0,0,0,0,0,0,388,388,90244698,1,2,220000,0,0,0,0,0,0
202002,40,145,3,7,Wagoner County                ,71,71,13521421,0,0,0,0,0,0,0,0,0,71,71,13521421,0,0,0,0,0,0,0,0,0
202002,41,000,4,9,Oregon Balance of State       ,44,44,4648200,0,0,0,0,0,0,0,0,0,44,44,4648200,0,0,0,0,0,0,0,0,0
202002,41,005,4,9,Clackamas County              ,253,253,80648868,0,0,0,0,0,0,12,301,36872939,232,232,69860488,0,0,0,0,0,0,10,286,34691684
202002,41,017,4,9,Deschutes County              ,238,238,58539380,14,28,3597860,0,0,0,0,0,0,238,238,58539380,14,28,3597860,0,0,0,0,0,0
202002,41,019,4,9,Douglas County                ,20,20,5369984,0,0,0,0,0,0,0,0,0,20,20,5369984,0,0,0,0,0,0,0,0,0
202002,41,025,4,9,Harney County                 ,1,1,117992,0,0,0,0,0,0,0,0,0,1,1,117992,0,0,0,0,0,0,0,0,0
202002,41,035,4,9,Klamath County                ,11,11,2453987,0,0,0,0,0,0,0,0,0,11,11,2453987,0,0,0,0,0,0,0,0,0
202002,41,051,4,9,Multnomah County              ,135,135,35268342,7,14,2125684,0,0,0,4,56,5397695,135,135,35268342,7,14,2125684,0,0,0,4,56,5397695
202002,41,065,4,9,Wasco County                  ,0,0,0,0,0,0,0,0,0,0,0,0,0,0,0,0,0,0,0,0,0,0,0,0
202002,41,067,4,9,Washington County             ,296,296,87459216,0,0,0,0,0,0,1,5,1000000,296,296,87459216,0,0,0,0,0,0,1,5,1000000
202002,41,071,4,9,Yamhill County                ,40,40,11141372,11,22,2778321,0,0,0,0,0,0,40,40,11141372,11,22,2778321,0,0,0,0,0,0
202002,42,001,1,2,Adams County                  ,27,27,6439433,0,0,0,0,0,0,0,0,0,27,27,6439433,0,0,0,0,0,0,0,0,0
202002,42,017,1,2,Bucks County                  ,94,94,26061373,0,0,0,0,0,0,0,0,0,52,52,14671712,0,0,0,0,0,0,0,0,0
202002,42,029,1,2,Chester County                ,223,223,51079624,1,2,465014,2,8,1114100,5,26,6832200,168,168,40238704,1,2,465014,2,8,1114100,5,26,6832200
202002,42,037,1,2,Columbia County               ,5,5,991672,0,0,0,0,0,0,1,5,658911,0,0,0,0,0,0,0,0,0,0,0,0
202002,42,041,1,2,Cumberland County             ,139,139,28673780,1,2,305373,1,4,583200,1,17,2243440,118,118,24713952,1,2,305373,1,4,583200,0,0,0
202002,42,043,1,2,Dauphin County                ,81,81,16495401,1,2,333700,0,0,0,4,81,10038176,69,69,14225072,1,2,333700,0,0,0,3,76,9362500
202002,42,045,1,2,Delaware County               ,32,32,7470516,6,12,1803943,0,0,0,1,5,2056072,15,15,3707000,6,12,1803943,0,0,0,0,0,0
202002,42,055,1,2,Franklin County               ,45,45,10810399,0,0,0,0,0,0,1,5,650767,34,34,7884175,0,0,0,0,0,0,0,0,0
202002,42,091,1,2,Montgomery County             ,204,204,55081733,0,0,0,2,8,862100,5,409,76779825,178,178,49353729,0,0,0,2,8,862100,1,205,38880000
202002,42,093,1,2,Montour County                ,5,5,1415664,0,0,0,0,0,0,0,0,0,4,4,1172511,0,0,0,0,0,0,0,0,0
202002,42,099,1,2,Perry County                  ,12,12,3135618,0,0,0,0,0,0,0,0,0,0,0,0,0,0,0,0,0,0,0,0,0
202002,42,101,1,2,Philadelphia County           ,70,70,18368608,25,50,7433910,20,72,8998360,6,259,13611458,70,70,18368608,25,50,7433910,20,72,8998360,6,259,13611458
202002,42,103,1,2,Pike County                   ,6,6,2158414,0,0,0,0,0,0,0,0,0,5,5,1975000,0,0,0,0,0,0,0,0,0
202002,44,001,1,1,Bristol County                ,5,5,1525900,0,0,0,0,0,0,0,0,0,5,5,1525900,0,0,0,0,0,0,0,0,0
202002,44,003,1,1,Kent County                   ,21,21,2550185,0,0,0,0,0,0,0,0,0,16,16,1602078,0,0,0,0,0,0,0,0,0
202002,44,005,1,1,Newport County                ,21,21,4579197,0,0,0,0,0,0,0,0,0,19,19,4107817,0,0,0,0,0,0,0,0,0
202002,44,007,1,1,Providence County             ,53,53,10032452,3,6,520000,0,0,0,0,0,0,45,45,8946241,3,6,520000,0,0,0,0,0,0
202002,44,009,1,1,Washington County             ,59,59,19849227,1,2,398182,0,0,0,0,0,0,40,40,15265671,0,0,0,0,0,0,0,0,0
202002,45,003,3,5,Aiken County                  ,143,143,32288111,0,0,0,0,0,0,0,0,0,143,143,32288111,0,0,0,0,0,0,0,0,0
202002,45,009,3,5,Bamberg County                ,5,5,709000,0,0,0,0,0,0,0,0,0,5,5,709000,0,0,0,0,0,0,0,0,0
202002,45,015,3,5,Berkeley County               ,332,332,93907273,0,0,0,0,0,0,9,403,35608723,288,288,83401102,0,0,0,0,0,0,7,345,34240382
202002,45,017,3,5,Calhoun County                ,3,3,502052,0,0,0,0,0,0,0,0,0,0,0,0,0,0,0,0,0,0,0,0,0
202002,45,019,3,5,Charleston County             ,469,469,127085673,0,0,0,3,9,300000,5,129,8053636,182,182,54129825,0,0,0,3,9,300000,0,0,0
202002,45,035,3,5,Dorchester County             ,163,163,49346971,0,0,0,0,0,0,0,0,0,163,163,49346971,0,0,0,0,0,0,0,0,0
202002,45,037,3,5,Edgefield County              ,28,28,5406552,0,0,0,0,0,0,0,0,0,28,28,5406552,0,0,0,0,0,0,0,0,0
202002,45,039,3,5,Fairfield County              ,8,8,1809968,0,0,0,0,0,0,0,0,0,0,0,0,0,0,0,0,0,0,0,0,0
202002,45,045,3,5,Greenville County             ,580,580,151535811,0,0,0,0,0,0,0,0,0,577,577,150739920,0,0,0,0,0,0,0,0,0
202002,45,051,3,5,Horry County                  ,784,784,137936407,17,34,4070460,0,0,0,6,87,7227900,653,653,112701641,16,32,3501980,0,0,0,5,82,6631829
202002,45,055,3,5,Kershaw County                ,42,42,6356240,0,0,0,0,0,0,0,0,0,42,42,6356240,0,0,0,0,0,0,0,0,0
202002,45,059,3,5,Laurens County                ,26,26,3313458,0,0,0,0,0,0,0,0,0,22,22,3031402,0,0,0,0,0,0,0,0,0
202002,45,063,3,5,Lexington County              ,333,333,85290585,0,0,0,0,0,0,1,5,489336,49,49,12181385,0,0,0,0,0,0,0,0,0
202002,45,077,3,5,Pickens County                ,113,113,28021901,0,0,0,0,0,0,0,0,0,67,67,21178393,0,0,0,0,0,0,0,0,0
202002,45,079,3,5,Richland County               ,228,228,44586245,1,2,165000,0,0,0,1,5,843131,197,197,37269371,1,2,165000,0,0,0,0,0,0
202002,45,081,3,5,Saluda County                 ,7,7,1488762,0,0,0,0,0,0,0,0,0,0,0,0,0,0,0,0,0,0,0,0,0
202002,45,085,3,5,Sumter County                 ,47,47,6129528,0,0,0,12,44,992826,0,0,0,47,47,6129528,0,0,0,12,44,992826,0,0,0
202002,45,091,3,5,York County                   ,330,330,117935912,0,0,0,0,0,0,3,32,4071337,165,165,58461041,0,0,0,0,0,0,0,0,0
202002,46,007,2,4,Bennett County                ,0,0,0,0,0,0,0,0,0,0,0,0,0,0,0,0,0,0,0,0,0,0,0,0
202002,46,055,2,4,Haakon County                 ,0,0,0,0,0,0,0,0,0,0,0,0,0,0,0,0,0,0,0,0,0,0,0,0
202002,46,071,2,4,Jackson County                ,0,0,0,0,0,0,0,0,0,0,0,0,0,0,0,0,0,0,0,0,0,0,0,0
202002,46,111,2,4,Sanborn County                ,0,0,0,0,0,0,0,0,0,0,0,0,0,0,0,0,0,0,0,0,0,0,0,0
202002,47,001,3,6,Anderson County               ,22,22,3265345,0,0,0,0,0,0,0,0,0,12,12,2073173,0,0,0,0,0,0,0,0,0
202002,47,015,3,6,Cannon County                 ,1,1,33100,0,0,0,0,0,0,0,0,0,1,1,33100,0,0,0,0,0,0,0,0,0
202002,47,021,3,6,Cheatham County               ,51,51,8740701,0,0,0,0,0,0,0,0,0,51,51,8740701,0,0,0,0,0,0,0,0,0
202002,47,037,3,6,Davidson County               ,671,671,173614953,2,4,733573,3,11,1476995,19,1230,135022560,671,671,173614953,2,4,733573,3,11,1476995,19,1230,135022560
202002,47,043,3,6,Dickson County                ,77,77,15041565,0,0,0,0,0,0,0,0,0,75,75,14632023,0,0,0,0,0,0,0,0,0
202002,47,049,3,6,Fentress County               ,0,0,0,0,0,0,0,0,0,0,0,0,0,0,0,0,0,0,0,0,0,0,0,0
202002,47,081,3,6,Hickman County                ,13,13,2059007,0,0,0,0,0,0,0,0,0,7,7,1021054,0,0,0,0,0,0,0,0,0
202002,47,093,3,6,Knox County                   ,312,312,64801363,0,0,0,0,0,0,0,0,0,55,55,14495460,0,0,0,0,0,0,0,0,0
202002,47,105,3,6,Loudon County                 ,57,57,14919224,1,2,400000,0,0,0,0,0,0,50,50,13618423,1,2,400000,0,0,0,0,0,0
202002,47,125,3,6,Montgomery County             ,406,406,60683727,4,8,929167,3,11,625837,12,274,24875309,346,346,53454842,3,6,805000,0,0,0,11,264,24257400
202002,47,139,3,6,Polk County                   ,35,35,6304342,0,0,0,0,0,0,0,0,0,0,0,0,0,0,0,0,0,0,0,0,0
202002,47,149,3,6,Rutherford County             ,485,485,120319569,0,0,0,3,12,1388964,0,0,0,471,471,117839075,0,0,0,3,12,1388964,0,0,0
202002,47,153,3,6,Sequatchie County             ,2,2,1102200,0,0,0,0,0,0,0,0,0,1,1,991000,0,0,0,0,0,0,0,0,0
202002,47,157,3,6,Shelby County                 ,152,152,35952136,8,16,2408656,1,4,750000,3,110,12346950,152,152,35952136,8,16,2408656,1,4,750000,3,110,12346950
202002,47,159,3,6,Smith County                  ,2,2,370116,0,0,0,0,0,0,0,0,0,1,1,237457,0,0,0,0,0,0,0,0,0
202002,47,161,3,6,Stewart County                ,0,0,0,0,0,0,0,0,0,0,0,0,0,0,0,0,0,0,0,0,0,0,0,0
202002,47,165,3,6,Sumner County                 ,210,210,62680039,0,0,0,0,0,0,0,0,0,210,210,62680039,0,0,0,0,0,0,0,0,0
202002,47,167,3,6,Tipton County                 ,31,31,5897360,0,0,0,0,0,0,0,0,0,10,10,2413977,0,0,0,0,0,0,0,0,0
202002,47,169,3,6,Trousdale County              ,7,7,1008000,0,0,0,0,0,0,0,0,0,7,7,1008000,0,0,0,0,0,0,0,0,0
202002,47,173,3,6,Union County                  ,4,4,830000,0,0,0,0,0,0,0,0,0,4,4,830000,0,0,0,0,0,0,0,0,0
202002,47,175,3,6,Van Buren County              ,0,0,0,0,0,0,0,0,0,0,0,0,0,0,0,0,0,0,0,0,0,0,0,0
202002,47,189,3,6,Wilson County                 ,201,201,50621251,1,2,200000,1,4,1000000,0,0,0,201,201,50621251,1,2,200000,1,4,1000000,0,0,0
202002,48,013,3,7,Atascosa County               ,5,5,1000544,0,0,0,0,0,0,0,0,0,3,3,649984,0,0,0,0,0,0,0,0,0
202002,48,015,3,7,Austin County                 ,3,3,504815,0,0,0,0,0,0,0,0,0,0,0,0,0,0,0,0,0,0,0,0,0
202002,48,019,3,7,Bandera County                ,1,1,237457,0,0,0,0,0,0,0,0,0,1,1,237457,0,0,0,0,0,0,0,0,0
202002,48,021,3,7,Bastrop County                ,45,45,8466110,0,0,0,0,0,0,0,0,0,38,38,7057748,0,0,0,0,0,0,0,0,0
202002,48,025,3,7,Bee County                    ,1,1,155000,2,4,300000,0,0,0,0,0,0,0,0,0,0,0,0,0,0,0,0,0,0
202002,48,027,3,7,Bell County                   ,366,366,64091659,23,46,3820228,0,0,0,0,0,0,353,353,61436076,22,44,3633303,0,0,0,0,0,0
202002,48,029,3,7,Bexar County                  ,870,870,193792375,1,2,126730,1,4,537089,14,300,40825426,778,778,182062045,1,2,126730,1,4,537089,14,300,40825426
202002,48,051,3,7,Burleson County               ,2,2,375000,0,0,0,0,0,0,0,0,0,2,2,375000,0,0,0,0,0,0,0,0,0
202002,48,055,3,7,Caldwell County               ,47,47,9870258,1,2,173138,0,0,0,3,28,3062836,1,1,204898,0,0,0,0,0,0,0,0,0
202002,48,085,3,7,Collin County                 ,2026,2026,527453428,15,30,5444880,0,0,0,32,508,49984797,1726,1726,449527863,15,30,5444880,0,0,0,32,508,49984797
202002,48,091,3,7,Comal County                  ,501,501,118879026,0,0,0,0,0,0,0,0,0,498,498,118253439,0,0,0,0,0,0,0,0,0
202002,48,099,3,7,Coryell County                ,41,41,5366370,9,18,1642773,0,0,0,0,0,0,24,24,2979052,8,16,1497158,0,0,0,0,0,0
202002,48,107,3,7,Crosby County                 ,0,0,0,0,0,0,0,0,0,0,0,0,0,0,0,0,0,0,0,0,0,0,0,0
202002,48,113,3,7,Dallas County                 ,991,991,264672106,24,48,1167000,5,20,3409296,24,657,78338683,945,945,253112066,24,48,1167000,5,20,3409296,21,627,75716809
202002,48,119,3,7,Delta County                  ,0,0,0,0,0,0,0,0,0,0,0,0,0,0,0,0,0,0,0,0,0,0,0,0
202002,48,135,3,7,Ector County                  ,128,128,30394458,1,2,223682,0,0,0,0,0,0,128,128,30394458,1,2,223682,0,0,0,0,0,0
202002,48,139,3,7,Ellis County                  ,342,342,81714263,0,0,0,0,0,0,2,16,2723598,233,233,59952755,0,0,0,0,0,0,0,0,0
202002,48,141,3,7,El Paso County                ,432,432,100807495,13,26,3344432,2,6,787144,7,75,13098305,147,147,34906134,1,2,223682,0,0,0,0,0,0
202002,48,157,3,7,Fort Bend County              ,1731,1731,150234931,0,0,0,0,0,0,2,12,939101,270,270,64109633,0,0,0,0,0,0,0,0,0
202002,48,167,3,7,Galveston County              ,431,431,97274889,0,0,0,0,0,0,0,0,0,233,233,48140643,0,0,0,0,0,0,0,0,0
202002,48,185,3,7,Grimes County                 ,15,15,2826765,0,0,0,0,0,0,0,0,0,15,15,2826765,0,0,0,0,0,0,0,0,0
202002,48,187,3,7,Guadalupe County              ,170,170,39768186,2,4,447365,0,0,0,1,5,561225,166,166,38647612,2,4,447365,0,0,0,1,5,561225
202002,48,193,3,7,Hamilton County               ,1,1,80000,0,0,0,0,0,0,0,0,0,0,0,0,0,0,0,0,0,0,0,0,0
202002,48,195,3,7,Hansford County               ,0,0,0,0,0,0,0,0,0,0,0,0,0,0,0,0,0,0,0,0,0,0,0,0
202002,48,201,3,7,Harris County                 ,2810,2810,585543783,18,36,4608065,0,0,0,37,2035,311482688,2796,2796,577747161,18,36,4608065,0,0,0,37,2035,311482688
202002,48,211,3,7,Hemphill County               ,0,0,0,0,0,0,0,0,0,0,0,0,0,0,0,0,0,0,0,0,0,0,0,0
202002,48,215,3,7,Hidalgo County                ,524,524,97417542,0,0,0,44,175,8606868,13,194,20170542,478,478,92907061,0,0,0,43,172,8494368,13,194,20170542
202002,48,233,3,7,Hutchinson County             ,0,0,0,0,0,0,0,0,0,0,0,0,0,0,0,0,0,0,0,0,0,0,0,0
202002,48,251,3,7,Johnson County                ,190,190,37916826,0,0,0,0,0,0,3,210,20125392,185,185,37045557,0,0,0,0,0,0,3,210,20125392
202002,48,257,3,7,Kaufman County                ,106,106,23147057,0,0,0,0,0,0,0,0,0,103,103,22306377,0,0,0,0,0,0,0,0,0
202002,48,259,3,7,Kendall County                ,47,47,11794991,0,0,0,0,0,0,0,0,0,19,19,4511677,0,0,0,0,0,0,0,0,0
202002,48,271,3,7,Kinney County                 ,0,0,0,0,0,0,0,0,0,0,0,0,0,0,0,0,0,0,0,0,0,0,0,0
202002,48,281,3,7,Lampasas County               ,11,11,1399061,0,0,0,0,0,0,0,0,0,7,7,850000,0,0,0,0,0,0,0,0,0
202002,48,291,3,7,Liberty County                ,119,119,15053618,0,0,0,0,0,0,0,0,0,104,104,12259840,0,0,0,0,0,0,0,0,0
202002,48,303,3,7,Lubbock County                ,328,328,63215686,22,44,5209223,0,0,0,26,184,9589260,327,327,63042686,22,44,5209223,0,0,0,26,184,9589260
202002,48,323,3,7,Maverick County               ,12,12,3159240,0,0,0,0,0,0,0,0,0,0,0,0,0,0,0,0,0,0,0,0,0
202002,48,325,3,7,Medina County                 ,5,5,1031708,0,0,0,0,0,0,0,0,0,4,4,919000,0,0,0,0,0,0,0,0,0
202002,48,329,3,7,Midland County                ,287,287,44665746,0,0,0,0,0,0,0,0,0,287,287,44665746,0,0,0,0,0,0,0,0,0
202002,48,339,3,7,Montgomery County             ,1341,1341,283196429,0,0,0,0,0,0,7,155,20643555,1290,1290,276810116,0,0,0,0,0,0,5,140,19002750
202002,48,367,3,7,Parker County                 ,104,104,23418351,0,0,0,0,0,0,1,18,1567004,86,86,19763041,0,0,0,0,0,0,0,0,0
202002,48,375,3,7,Potter County                 ,86,86,20421276,0,0,0,0,0,0,0,0,0,86,86,20421276,0,0,0,0,0,0,0,0,0
202002,48,383,3,7,Reagan County                 ,0,0,0,0,0,0,0,0,0,0,0,0,0,0,0,0,0,0,0,0,0,0,0,0
202002,48,385,3,7,Real County                   ,0,0,0,0,0,0,0,0,0,0,0,0,0,0,0,0,0,0,0,0,0,0,0,0
202002,48,395,3,7,Robertson County              ,15,15,3068567,0,0,0,0,0,0,0,0,0,15,15,3068567,0,0,0,0,0,0,0,0,0
202002,48,397,3,7,Rockwall County               ,298,298,91629563,0,0,0,0,0,0,0,0,0,195,195,56742290,0,0,0,0,0,0,0,0,0
202002,48,407,3,7,San Jacinto County            ,68,68,15006811,0,0,0,0,0,0,0,0,0,0,0,0,0,0,0,0,0,0,0,0,0
202002,48,411,3,7,San Saba County               ,0,0,0,0,0,0,0,0,0,0,0,0,0,0,0,0,0,0,0,0,0,0,0,0
202002,48,451,3,7,Tom Green County              ,53,53,10859572,0,0,0,0,0,0,0,0,0,53,53,10859572,0,0,0,0,0,0,0,0,0
202002,48,453,3,7,Travis County                 ,1499,1499,359387331,19,38,3527737,0,0,0,70,3633,280461464,1445,1445,348847665,17,34,3181461,0,0,0,70,3633,280461464
202002,48,473,3,7,Waller County                 ,9,9,1286787,0,0,0,0,0,0,2,11,243987,0,0,0,0,0,0,0,0,0,0,0,0
202002,48,491,3,7,Williamson County             ,948,948,230169530,24,48,6379560,0,0,0,10,325,27000000,906,906,220272541,24,48,6379560,0,0,0,10,325,27000000
202002,48,493,3,7,Wilson County                 ,11,11,2266869,0,0,0,0,0,0,0,0,0,1,1,237457,0,0,0,0,0,0,0,0,0
202002,48,497,3,7,Wise County                   ,14,14,3327479,0,0,0,0,0,0,0,0,0,14,14,3327479,0,0,0,0,0,0,0,0,0
202002,49,011,4,8,Davis County                  ,273,273,66932917,0,0,0,3,9,1170493,4,39,4468244,170,170,42532369,0,0,0,0,0,0,1,24,2640000
202002,49,023,4,8,Juab County                   ,11,11,3181061,0,0,0,1,3,225349,0,0,0,2,2,555870,0,0,0,0,0,0,0,0,0
202002,49,029,4,8,Morgan County                 ,14,14,6550315,0,0,0,0,0,0,0,0,0,10,10,5566235,0,0,0,0,0,0,0,0,0
202002,49,035,4,8,Salt Lake County              ,676,676,167880715,16,32,4792956,11,34,6581084,14,418,68072671,493,493,121061430,14,28,4230013,7,22,4796004,7,367,60596000
202002,49,039,4,8,Sanpete County                ,7,7,1678443,0,0,0,0,0,0,0,0,0,7,7,1678443,0,0,0,0,0,0,0,0,0
202002,49,043,4,8,Summit County                 ,18,18,9288699,0,0,0,2,6,1683060,2,10,1708568,4,4,2350368,0,0,0,0,0,0,0,0,0
202002,49,057,4,8,Weber County                  ,290,290,56397190,0,0,0,13,46,8498081,2,33,3697900,263,263,49156003,0,0,0,12,42,7974702,2,33,3697900
202002,51,003,3,5,Albemarle County              ,90,90,27677068,0,0,0,0,0,0,2,30,2670951,33,33,11472624,0,0,0,0,0,0,0,0,0
202002,51,007,3,5,Amelia County                 ,9,9,1704060,0,0,0,0,0,0,0,0,0,9,9,1704060,0,0,0,0,0,0,0,0,0
202002,51,009,3,5,Amherst County                ,10,10,2404659,0,0,0,0,0,0,0,0,0,4,4,1131856,0,0,0,0,0,0,0,0,0
202002,51,013,3,5,Arlington County              ,24,24,9832720,0,0,0,0,0,0,0,0,0,24,24,9832720,0,0,0,0,0,0,0,0,0
202002,51,015,3,5,Augusta County                ,30,30,7879290,0,0,0,0,0,0,0,0,0,30,30,7879290,0,0,0,0,0,0,0,0,0
202002,51,019,3,5,Bedford County                ,6,6,1219740,0,0,0,0,0,0,2,10,644444,0,0,0,0,0,0,0,0,0,0,0,0
202002,51,033,3,5,Caroline County               ,25,25,3724492,0,0,0,0,0,0,0,0,0,25,25,3724492,0,0,0,0,0,0,0,0,0
202002,51,036,3,5,Charles City County           ,2,2,327920,0,0,0,0,0,0,0,0,0,0,0,0,0,0,0,0,0,0,0,0,0
202002,51,037,3,5,Charlotte County              ,3,3,451498,0,0,0,0,0,0,0,0,0,1,1,45000,0,0,0,0,0,0,0,0,0
202002,51,041,3,5,Chesterfield County           ,283,283,57986019,2,4,700383,11,40,4821297,8,228,10992758,283,283,57986019,2,4,700383,11,40,4821297,8,228,10992758
202002,51,043,3,5,Clarke County                 ,9,9,2706208,0,0,0,0,0,0,0,0,0,9,9,2706208,0,0,0,0,0,0,0,0,0
202002,51,049,3,5,Cumberland County             ,11,11,1059000,0,0,0,0,0,0,0,0,0,11,11,1059000,0,0,0,0,0,0,0,0,0
202002,51,051,3,5,Dickenson County              ,1,1,1200000,0,0,0,0,0,0,0,0,0,1,1,1200000,0,0,0,0,0,0,0,0,0
202002,51,053,3,5,Dinwiddie County              ,14,14,2156902,0,0,0,0,0,0,0,0,0,0,0,0,0,0,0,0,0,0,0,0,0
202002,51,059,3,5,Fairfax County                ,212,212,50340821,0,0,0,0,0,0,2,16,2220000,212,212,50340821,0,0,0,0,0,0,2,16,2220000
202002,51,061,3,5,Fauquier County               ,26,26,7581376,0,0,0,0,0,0,0,0,0,26,26,7581376,0,0,0,0,0,0,0,0,0
202002,51,069,3,5,Frederick County              ,130,130,28754126,0,0,0,0,0,0,0,0,0,130,130,28754126,0,0,0,0,0,0,0,0,0
202002,51,073,3,5,Gloucester County             ,15,15,2862500,0,0,0,0,0,0,0,0,0,15,15,2862500,0,0,0,0,0,0,0,0,0
202002,51,075,3,5,Goochland County              ,46,46,10550007,0,0,0,0,0,0,0,0,0,46,46,10550007,0,0,0,0,0,0,0,0,0
202002,51,085,3,5,Hanover County                ,103,103,22569390,0,0,0,0,0,0,0,0,0,103,103,22569390,0,0,0,0,0,0,0,0,0
202002,51,087,3,5,Henrico County                ,108,108,15876829,38,76,2612500,0,0,0,1,121,13395857,108,108,15876829,38,76,2612500,0,0,0,1,121,13395857
202002,51,093,3,5,Isle of Wight County          ,32,32,6534672,0,0,0,0,0,0,0,0,0,0,0,0,0,0,0,0,0,0,0,0,0
202002,51,095,3,5,James City County             ,33,33,12637005,0,0,0,4,13,2126289,0,0,0,33,33,12637005,0,0,0,4,13,2126289,0,0,0
202002,51,097,3,5,King and Queen County         ,1,1,110000,0,0,0,0,0,0,0,0,0,1,1,110000,0,0,0,0,0,0,0,0,0
202002,51,099,3,5,King George County            ,36,36,7376313,0,0,0,0,0,0,0,0,0,36,36,7376313,0,0,0,0,0,0,0,0,0
202002,51,107,3,5,Loudoun County                ,313,313,71312026,0,0,0,0,0,0,4,367,38286255,313,313,71312026,0,0,0,0,0,0,4,367,38286255
202002,51,109,3,5,Louisa County                 ,61,61,11136288,0,0,0,0,0,0,0,0,0,61,61,11136288,0,0,0,0,0,0,0,0,0
202002,51,115,3,5,Mathews County                ,9,9,3047000,0,0,0,0,0,0,0,0,0,9,9,3047000,0,0,0,0,0,0,0,0,0
202002,51,127,3,5,New Kent County               ,55,55,20524000,0,0,0,1,4,868000,0,0,0,55,55,20524000,0,0,0,1,4,868000,0,0,0
202002,51,139,3,5,Page County                   ,12,12,1505700,0,0,0,0,0,0,0,0,0,12,12,1505700,0,0,0,0,0,0,0,0,0
202002,51,145,3,5,Powhatan County               ,34,34,7482596,1,2,240000,0,0,0,0,0,0,34,34,7482596,1,2,240000,0,0,0,0,0,0
202002,51,149,3,5,Prince George County          ,7,7,1057500,0,0,0,0,0,0,0,0,0,7,7,1057500,0,0,0,0,0,0,0,0,0
202002,51,153,3,5,Prince William County         ,242,242,46259606,0,0,0,0,0,0,3,38,4293522,130,130,22640000,0,0,0,0,0,0,0,0,0
202002,51,165,3,5,Rockingham County             ,90,90,25724810,0,0,0,0,0,0,0,0,0,90,90,25724810,0,0,0,0,0,0,0,0,0
202002,51,175,3,5,Southampton County            ,3,3,727996,0,0,0,0,0,0,0,0,0,3,3,727996,0,0,0,0,0,0,0,0,0
202002,51,177,3,5,Spotsylvania County           ,117,117,30897276,0,0,0,0,0,0,3,145,17100330,0,0,0,0,0,0,0,0,0,0,0,0
202002,51,179,3,5,Stafford County               ,142,142,34913898,0,0,0,0,0,0,0,0,0,142,142,34913898,0,0,0,0,0,0,0,0,0
202002,51,181,3,5,Surry County                  ,6,6,1034059,0,0,0,0,0,0,0,0,0,6,6,1034059,0,0,0,0,0,0,0,0,0
202002,51,183,3,5,Sussex County                 ,5,5,1129000,0,0,0,0,0,0,0,0,0,5,5,1129000,0,0,0,0,0,0,0,0,0
202002,51,187,3,5,Warren County                 ,19,19,4135000,0,0,0,0,0,0,0,0,0,19,19,4135000,0,0,0,0,0,0,0,0,0
202002,51,199,3,5,York County                   ,45,45,10040754,0,0,0,0,0,0,0,0,0,45,45,10040754,0,0,0,0,0,0,0,0,0
202002,51,510,3,5,Alexandria (Independent City) ,12,12,2245500,0,0,0,0,0,0,0,0,0,12,12,2245500,0,0,0,0,0,0,0,0,0
202002,51,540,3,5,Charlottesville (Independent C,10,10,3373870,1,2,237500,0,0,0,2,17,3635614,0,0,0,0,0,0,0,0,0,0,0,0
202002,51,550,3,5,Chesapeake(Independent City)  ,155,155,46303800,0,0,0,0,0,0,0,0,0,155,155,46303800,0,0,0,0,0,0,0,0,0
202002,51,570,3,5,Colonial Heights (Independent ,0,0,0,0,0,0,0,0,0,0,0,0,0,0,0,0,0,0,0,0,0,0,0,0
202002,51,580,3,5,Covington (Independent City)  ,1,1,159000,0,0,0,0,0,0,0,0,0,1,1,159000,0,0,0,0,0,0,0,0,0
202002,51,600,3,5,Fairfax (Independent City)    ,1,1,295000,0,0,0,0,0,0,0,0,0,1,1,295000,0,0,0,0,0,0,0,0,0
202002,51,610,3,5,Falls Church (Independent City,3,3,1500000,0,0,0,0,0,0,0,0,0,3,3,1500000,0,0,0,0,0,0,0,0,0
202002,51,630,3,5,Fredericksburg(Independent Cit,17,17,2975000,0,0,0,0,0,0,0,0,0,17,17,2975000,0,0,0,0,0,0,0,0,0
202002,51,650,3,5,Hampton (Independent City)    ,33,33,2056607,0,0,0,0,0,0,0,0,0,0,0,0,0,0,0,0,0,0,0,0,0
202002,51,660,3,5,Harrisonburg (Independent City,15,15,2933000,0,0,0,0,0,0,0,0,0,15,15,2933000,0,0,0,0,0,0,0,0,0
202002,51,670,3,5,Hopewell (Independent City)   ,5,5,196757,0,0,0,0,0,0,0,0,0,4,4,143900,0,0,0,0,0,0,0,0,0
202002,51,680,3,5,Lynchburg (Independent City)  ,9,9,1687536,0,0,0,0,0,0,1,28,2200000,9,9,1687536,0,0,0,0,0,0,1,28,2200000
202002,51,683,3,5,Manassas (Independent City)   ,13,13,3048242,1,2,242983,0,0,0,0,0,0,0,0,0,0,0,0,0,0,0,0,0,0
202002,51,685,3,5,Manassas Park (Independent Cit,0,0,0,0,0,0,0,0,0,0,0,0,0,0,0,0,0,0,0,0,0,0,0,0
202002,51,700,3,5,Newport News (Independent City,15,15,3080108,0,0,0,0,0,0,0,0,0,15,15,3080108,0,0,0,0,0,0,0,0,0
202002,51,710,3,5,Norfolk (Independent City)    ,80,80,18996536,1,2,550000,0,0,0,0,0,0,80,80,18996536,1,2,550000,0,0,0,0,0,0
202002,51,730,3,5,Petersburg (Independent City) ,1,1,92600,0,0,0,0,0,0,0,0,0,0,0,0,0,0,0,0,0,0,0,0,0
202002,51,735,3,5,Poquoson (Independent City)   ,1,1,325000,0,0,0,0,0,0,0,0,0,1,1,325000,0,0,0,0,0,0,0,0,0
202002,51,740,3,5,Portsmouth (Independent City) ,114,114,11821711,0,0,0,0,0,0,0,0,0,114,114,11821711,0,0,0,0,0,0,0,0,0
202002,51,760,3,5,Richmond (Independent City)   ,42,42,8605698,1,2,195535,0,0,0,0,0,0,42,42,8605698,1,2,195535,0,0,0,0,0,0
202002,51,800,3,5,Suffolk (Independent City)    ,88,88,20896190,0,0,0,0,0,0,0,0,0,88,88,20896190,0,0,0,0,0,0,0,0,0
202002,51,810,3,5,Virginia Beach (Independent Ci,110,110,16520765,0,0,0,0,0,0,1,226,45390681,110,110,16520765,0,0,0,0,0,0,1,226,45390681
202002,51,830,3,5,Williamsburg (Independent City,1,1,90000,0,0,0,0,0,0,0,0,0,1,1,90000,0,0,0,0,0,0,0,0,0
202002,53,005,4,9,Benton County                 ,183,183,54743702,1,2,386623,0,0,0,2,16,1000000,170,170,50291202,1,2,386623,0,0,0,2,16,1000000
202002,53,011,4,9,Clark County                  ,561,561,160493622,4,8,1168959,1,3,741518,7,355,55184941,253,253,67270813,4,8,1168959,1,3,741518,7,355,55184941
202002,53,021,4,9,Franklin County               ,92,92,25039309,0,0,0,0,0,0,0,0,0,10,10,3371147,0,0,0,0,0,0,0,0,0
202002,53,031,4,9,Jefferson County              ,21,21,5455862,0,0,0,0,0,0,0,0,0,15,15,3924462,0,0,0,0,0,0,0,0,0
202002,53,033,4,9,King County                   ,509,509,205261015,32,64,13419985,29,100,23163435,48,1151,144846957,441,441,174940751,32,64,13419985,27,93,21756538,45,1107,138974262
202002,53,035,4,9,Kitsap County                 ,141,141,42455959,1,2,265110,0,0,0,0,0,0,141,141,42455959,1,2,265110,0,0,0,0,0,0
202002,53,053,4,9,Pierce County                 ,476,476,137312267,3,6,945875,0,0,0,12,346,44068892,471,471,135688784,3,6,945875,0,0,0,10,330,42597010
202002,53,055,4,9,San Juan County               ,19,19,3973634,0,0,0,0,0,0,0,0,0,5,5,1055200,0,0,0,0,0,0,0,0,0
202002,53,059,4,9,Skamania County               ,17,17,3488090,0,0,0,0,0,0,0,0,0,17,17,3488090,0,0,0,0,0,0,0,0,0
202002,53,061,4,9,Snohomish County              ,387,387,125981725,15,30,6223474,4,16,3779257,10,103,14471185,337,337,109586858,14,28,5906003,4,16,3779257,7,53,8964691
202002,54,011,3,5,Cabell County                 ,9,9,1733000,0,0,0,0,0,0,1,12,1454000,9,9,1733000,0,0,0,0,0,0,1,12,1454000
202002,54,015,3,5,Clay County                   ,2,2,50000,0,0,0,0,0,0,0,0,0,2,2,50000,0,0,0,0,0,0,0,0,0
202002,54,019,3,5,Fayette County                ,3,3,673450,0,0,0,0,0,0,0,0,0,3,3,673450,0,0,0,0,0,0,0,0,0
202002,54,037,3,5,Jefferson County              ,35,35,9771136,1,2,410500,0,0,0,0,0,0,22,22,6016959,0,0,0,0,0,0,0,0,0
202002,54,081,3,5,Raleigh County                ,4,4,322000,0,0,0,0,0,0,0,0,0,4,4,322000,0,0,0,0,0,0,0,0,0
202002,55,025,2,3,Dane County                   ,191,191,67355485,6,12,3302628,1,3,447000,7,138,19959971,145,145,52481149,5,10,2904295,0,0,0,1,42,7000000
202002,55,031,2,3,Douglas County                ,6,6,1575732,0,0,0,0,0,0,0,0,0,6,6,1575732,0,0,0,0,0,0,0,0,0
202002,55,037,2,3,Florence County               ,0,0,0,0,0,0,0,0,0,0,0,0,0,0,0,0,0,0,0,0,0,0,0,0
202002,55,049,2,3,Iowa County                   ,5,5,2319000,0,0,0,0,0,0,0,0,0,5,5,2319000,0,0,0,0,0,0,0,0,0
202002,55,059,2,3,Kenosha County                ,20,20,5094867,1,2,400000,0,0,0,2,10,800000,18,18,4489821,1,2,400000,0,0,0,0,0,0
202002,55,079,2,3,Milwaukee County              ,25,25,8182713,0,0,0,0,0,0,5,55,5613879,24,24,7884380,0,0,0,0,0,0,3,30,2685000
202002,55,089,2,3,Ozaukee County                ,30,30,11283625,1,2,390000,0,0,0,0,0,0,16,16,5085678,1,2,390000,0,0,0,0,0,0
202002,55,093,2,3,Pierce County                 ,13,13,3772160,0,0,0,0,0,0,0,0,0,12,12,3467160,0,0,0,0,0,0,0,0,0
202002,55,109,2,3,St. Croix County              ,43,43,13412276,2,4,1140500,0,0,0,0,0,0,41,41,12671200,2,4,1140500,0,0,0,0,0,0
202002,55,131,2,3,Washington County             ,28,28,9085833,3,6,750000,0,0,0,0,0,0,20,20,6043700,3,6,750000,0,0,0,0,0,0
202002,56,029,4,8,Park County                   ,22,22,5707558,0,0,0,0,0,0,0,0,0,19,19,5025858,0,0,0,0,0,0,0,0,0
202002,56,039,4,8,Teton County                  ,11,11,17748814,0,0,0,0,0,0,0,0,0,9,9,16696800,0,0,0,0,0,0,0,0,0
