Survey,FIPS,FIPS,Region,Division,County,,1-unit,,,2-units,,,3-4 units,,,5+ units,,,1-unit rep,,,2-units rep,,,3-4 units rep,,, 5+units rep
Date,State,County,Code,Code,Name,Bldgs,Units,Value,Bldgs,Units,Value,Bldgs,Units,Value,Bldgs,Units,Value,Bldgs,Units,Value,Bldgs,Units,Value,Bldgs,Units,Value,Bldgs,Units,Value
 
202004,01,001,3,6,Autauga County                ,111,111,34363160,0,0,0,0,0,0,0,0,0,111,111,34363160,0,0,0,0,0,0,0,0,0
202004,01,007,3,6,Bibb County                   ,11,11,1310000,0,0,0,0,0,0,0,0,0,11,11,1310000,0,0,0,0,0,0,0,0,0
202004,01,009,3,6,Blount County                 ,6,6,891457,0,0,0,0,0,0,0,0,0,6,6,891457,0,0,0,0,0,0,0,0,0
202004,01,021,3,6,Chilton County                ,16,16,2220312,0,0,0,0,0,0,0,0,0,16,16,2220312,0,0,0,0,0,0,0,0,0
202004,01,073,3,6,Jefferson County              ,520,520,173074621,5,10,1236645,0,0,0,5,49,5035757,400,400,132353218,0,0,0,0,0,0,0,0,0
202004,01,081,3,6,Lee County                    ,500,500,129610404,1,2,429270,3,11,2345280,13,306,39127120,451,451,117977966,0,0,0,3,11,2345280,13,306,39127120
202004,01,083,3,6,Limestone County              ,112,112,25607788,0,0,0,0,0,0,0,0,0,112,112,25607788,0,0,0,0,0,0,0,0,0
202004,01,089,3,6,Madison County                ,1280,1280,273111626,0,0,0,0,0,0,0,0,0,1280,1280,273111626,0,0,0,0,0,0,0,0,0
202004,01,113,3,6,Russell County                ,52,52,7349060,0,0,0,0,0,0,0,0,0,18,18,2567268,0,0,0,0,0,0,0,0,0
202004,01,115,3,6,St. Clair County              ,96,96,14627791,0,0,0,0,0,0,0,0,0,94,94,14042791,0,0,0,0,0,0,0,0,0
202004,01,117,3,6,Shelby County                 ,412,412,96733279,0,0,0,0,0,0,0,0,0,168,168,34895037,0,0,0,0,0,0,0,0,0
202004,01,127,3,6,Walker County                 ,19,19,3711424,0,0,0,0,0,0,0,0,0,18,18,3475017,0,0,0,0,0,0,0,0,0
202004,02,013,4,9,Aleutians East Borough        ,0,0,0,0,0,0,0,0,0,0,0,0,0,0,0,0,0,0,0,0,0,0,0,0
202004,02,016,4,9,Aleutians West Census Area    ,1,1,98118,0,0,0,0,0,0,0,0,0,0,0,0,0,0,0,0,0,0,0,0,0
202004,02,020,4,9,Anchorage Municipality        ,86,86,31869539,1,2,564514,3,11,1839677,4,87,12266850,35,35,15893190,1,2,564514,2,8,1318544,3,75,10369703
202004,02,050,4,9,Bethel Census Area            ,5,5,1484169,2,4,691450,0,0,0,0,0,0,5,5,1484169,2,4,691450,0,0,0,0,0,0
202004,02,060,4,9,Bristol Bay Borough           ,1,1,115625,0,0,0,0,0,0,0,0,0,0,0,0,0,0,0,0,0,0,0,0,0
202004,02,070,4,9,Dillingham Census Area        ,0,0,0,0,0,0,0,0,0,0,0,0,0,0,0,0,0,0,0,0,0,0,0,0
202004,02,090,4,9,Fairbanks North Star Borough  ,1,1,274000,0,0,0,0,0,0,0,0,0,1,1,274000,0,0,0,0,0,0,0,0,0
202004,02,100,4,9,Haines Borough                ,0,0,0,0,0,0,0,0,0,0,0,0,0,0,0,0,0,0,0,0,0,0,0,0
202004,02,105,4,9,Hoonah-Angoon Census Area     ,0,0,0,0,0,0,0,0,0,0,0,0,0,0,0,0,0,0,0,0,0,0,0,0
202004,02,110,4,9,Juneau City and Borough       ,8,8,1518492,0,0,0,0,0,0,0,0,0,8,8,1518492,0,0,0,0,0,0,0,0,0
202004,02,122,4,9,Kenai Peninsula Borough       ,20,20,6171502,1,2,300000,0,0,0,0,0,0,12,12,4496000,1,2,300000,0,0,0,0,0,0
202004,02,130,4,9,Ketchikan Gateway Borough     ,5,5,1456171,1,2,345725,0,0,0,0,0,0,5,5,1456171,1,2,345725,0,0,0,0,0,0
202004,02,150,4,9,Kodiak Island Borough         ,1,1,366700,0,0,0,0,0,0,0,0,0,1,1,366700,0,0,0,0,0,0,0,0,0
202004,02,170,4,9,Matanuska-Susitna Borough     ,7,7,1824690,3,6,1025905,0,0,0,0,0,0,3,3,676705,0,0,0,0,0,0,0,0,0
202004,02,180,4,9,Nome Census Area              ,1,1,181950,0,0,0,0,0,0,0,0,0,0,0,0,0,0,0,0,0,0,0,0,0
202004,02,185,4,9,North Slope Borough           ,0,0,0,0,0,0,0,0,0,0,0,0,0,0,0,0,0,0,0,0,0,0,0,0
202004,02,188,4,9,Northwest Arctic Borough      ,0,0,0,0,0,0,0,0,0,0,0,0,0,0,0,0,0,0,0,0,0,0,0,0
202004,02,195,4,9,Petersburg Borough            ,1,1,188279,2,4,775000,0,0,0,0,0,0,0,0,0,2,4,775000,0,0,0,0,0,0
202004,02,198,4,9,Prince of Wales-Hyder Census A,0,0,0,0,0,0,0,0,0,0,0,0,0,0,0,0,0,0,0,0,0,0,0,0
202004,02,220,4,9,Sitka City and Borough        ,2,2,529694,1,2,306156,0,0,0,0,0,0,0,0,0,0,0,0,0,0,0,0,0,0
202004,02,230,4,9,Skagway Municipality          ,0,0,0,1,2,219444,0,0,0,0,0,0,0,0,0,0,0,0,0,0,0,0,0,0
202004,02,261,4,9,Valdez-Cordova Census Area    ,2,2,660000,0,0,0,0,0,0,0,0,0,2,2,660000,0,0,0,0,0,0,0,0,0
202004,02,275,4,9,Wrangell City and Borough     ,1,1,150000,0,0,0,0,0,0,0,0,0,1,1,150000,0,0,0,0,0,0,0,0,0
202004,02,282,4,9,Yakutat City and Borough      ,3,3,500769,0,0,0,0,0,0,0,0,0,0,0,0,0,0,0,0,0,0,0,0,0
202004,02,290,4,9,Yukon-Koyukuk Census Area     ,0,0,0,0,0,0,0,0,0,0,0,0,0,0,0,0,0,0,0,0,0,0,0,0
202004,04,013,4,8,Maricopa County               ,7631,7631,2230583751,37,74,9361513,13,42,9288702,177,5017,770814634,7587,7587,2220207587,36,72,9101833,12,39,8584492,173,4560,690216556
202004,04,019,4,8,Pima County                   ,1155,1155,355298287,4,8,1133199,0,0,0,11,247,37755850,920,920,296378977,0,0,0,0,0,0,0,0,0
202004,04,021,4,8,Pinal County                  ,1585,1585,309862026,0,0,0,3,12,857288,1,10,1064912,1542,1542,301419784,0,0,0,3,12,857288,1,10,1064912
202004,05,013,3,7,Calhoun County                ,0,0,0,0,0,0,0,0,0,0,0,0,0,0,0,0,0,0,0,0,0,0,0,0
202004,05,035,3,7,Crittenden County             ,17,17,3889823,0,0,0,0,0,0,0,0,0,14,14,3189800,0,0,0,0,0,0,0,0,0
202004,05,043,3,7,Drew County                   ,1,1,62167,0,0,0,0,0,0,0,0,0,0,0,0,0,0,0,0,0,0,0,0,0
202004,05,045,3,7,Faulkner County               ,99,99,21425113,4,8,607038,0,0,0,4,26,725669,15,15,2520236,0,0,0,0,0,0,0,0,0
202004,05,053,3,7,Grant County                  ,9,9,1426172,0,0,0,0,0,0,0,0,0,0,0,0,0,0,0,0,0,0,0,0,0
202004,05,085,3,7,Lonoke County                 ,130,130,15163622,0,0,0,0,0,0,0,0,0,78,78,10686575,0,0,0,0,0,0,0,0,0
202004,05,087,3,7,Madison County                ,5,5,835000,0,0,0,0,0,0,0,0,0,5,5,835000,0,0,0,0,0,0,0,0,0
202004,05,091,3,7,Miller County                 ,4,4,840181,0,0,0,0,0,0,0,0,0,1,1,212000,0,0,0,0,0,0,0,0,0
202004,05,105,3,7,Perry County                  ,1,1,18500,0,0,0,0,0,0,0,0,0,1,1,18500,0,0,0,0,0,0,0,0,0
202004,05,119,3,7,Pulaski County                ,264,264,70001823,1,2,403000,11,33,4371900,7,84,11050000,264,264,70001823,1,2,403000,11,33,4371900,7,84,11050000
202004,05,129,3,7,Searcy County                 ,0,0,0,0,0,0,0,0,0,0,0,0,0,0,0,0,0,0,0,0,0,0,0,0
202004,05,143,3,7,Washington County             ,497,497,126424110,32,64,12717566,1,4,405000,16,260,40026626,492,492,124826453,32,64,12717566,1,4,405000,16,260,40026626
202004,06,001,4,9,Alameda County                ,437,437,144747374,6,12,3415323,7,25,8598274,32,953,289955751,269,269,88539996,5,10,2846672,4,16,6028141,18,863,269551332
202004,06,013,4,9,Contra Costa County           ,401,401,124643601,1,2,343236,1,3,250000,4,305,69555813,386,386,118133196,1,2,343236,1,3,250000,2,288,65752063
202004,06,017,4,9,El Dorado County              ,160,160,53562409,1,2,150000,0,0,0,0,0,0,160,160,53562409,1,2,150000,0,0,0,0,0,0
202004,06,019,4,9,Fresno County                 ,730,730,206014432,12,24,1759559,7,28,3039335,3,118,17267105,647,647,182438720,12,24,1759559,7,28,3039335,3,118,17267105
202004,06,037,4,9,Los Angeles County            ,1956,1956,686260518,211,422,82121800,19,63,15379374,131,5070,869738506,1775,1775,593781921,206,412,79615467,12,41,9922225,115,4960,851916556
202004,06,041,4,9,Marin County                  ,23,23,18420179,2,4,3062500,0,0,0,0,0,0,13,13,8551228,0,0,0,0,0,0,0,0,0
202004,06,059,4,9,Orange County                 ,992,992,287132837,21,42,10857845,31,110,25944171,29,820,140768509,822,822,216415076,15,30,6857773,30,107,25282603,21,605,99967566
202004,06,061,4,9,Placer County                 ,706,706,209442470,2,4,665108,0,0,0,7,316,38613617,705,705,209250468,2,4,665108,0,0,0,7,316,38613617
202004,06,063,4,9,Plumas County                 ,14,14,2628947,0,0,0,0,0,0,0,0,0,14,14,2628947,0,0,0,0,0,0,0,0,0
202004,06,067,4,9,Sacramento County             ,1032,1032,288986436,25,50,7808422,5,20,3590718,4,287,61339320,1026,1026,287625997,25,50,7808422,5,20,3590718,4,287,61339320
202004,06,069,4,9,San Benito County             ,132,132,50087159,0,0,0,0,0,0,0,0,0,50,50,20761104,0,0,0,0,0,0,0,0,0
202004,06,071,4,9,San Bernardino County         ,996,996,251932198,39,78,8988997,8,28,7119878,16,128,18589021,909,909,231283579,39,78,8988997,7,24,6532080,11,84,14527331
202004,06,073,4,9,San Diego County              ,989,989,304220081,14,28,5277409,54,180,39921928,30,1443,231133286,986,986,303747737,14,28,5277409,54,180,39921928,28,1427,229459743
202004,06,075,4,9,San Francisco County          ,5,5,1389675,1,2,587000,2,7,2817673,11,868,390835354,5,5,1389675,1,2,587000,2,7,2817673,11,868,390835354
202004,06,081,4,9,San Mateo County              ,65,65,41207161,2,4,1289396,0,0,0,8,96,24032508,21,21,16406872,1,2,689396,0,0,0,0,0,0
202004,06,085,4,9,Santa Clara County            ,351,351,136680732,1,2,592814,1,3,795129,15,698,106284845,267,267,97746214,0,0,0,0,0,0,9,545,79055628
202004,06,091,4,9,Sierra County                 ,2,2,565670,0,0,0,0,0,0,0,0,0,2,2,565670,0,0,0,0,0,0,0,0,0
202004,06,113,4,9,Yolo County                   ,150,150,46078853,0,0,0,0,0,0,38,413,48580610,143,143,43892694,0,0,0,0,0,0,37,408,47297482
202004,08,001,4,8,Adams County                  ,688,688,201033374,0,0,0,1,4,664084,2,341,62101000,688,688,201033374,0,0,0,1,4,664084,2,341,62101000
202004,08,005,4,8,Arapahoe County               ,770,770,201893417,0,0,0,4,12,1977719,20,661,81726067,712,712,185596405,0,0,0,2,6,1257375,17,631,77882006
202004,08,014,4,8,Broomfield County             ,91,91,33117948,8,16,4244968,0,0,0,0,0,0,91,91,33117948,8,16,4244968,0,0,0,0,0,0
202004,08,015,4,8,Chaffee County                ,40,40,10022488,0,0,0,2,6,1099400,0,0,0,11,11,2408693,0,0,0,0,0,0,0,0,0
202004,08,019,4,8,Clear Creek County            ,4,4,1130511,0,0,0,0,0,0,0,0,0,3,3,845220,0,0,0,0,0,0,0,0,0
202004,08,031,4,8,Denver County                 ,443,443,123099565,0,0,0,0,0,0,6,506,64322724,443,443,123099565,0,0,0,0,0,0,6,506,64322724
202004,08,035,4,8,Douglas County                ,732,732,232185688,2,4,802084,2,6,1057426,2,139,12534239,717,717,226736309,2,4,802084,1,3,538524,2,139,12534239
202004,08,039,4,8,Elbert County                 ,62,62,18811896,0,0,0,0,0,0,0,0,0,58,58,17774566,0,0,0,0,0,0,0,0,0
202004,08,041,4,8,El Paso County                ,1524,1524,587204267,0,0,0,1,4,1007100,19,705,95102119,1524,1524,587204267,0,0,0,1,4,1007100,19,705,95102119
202004,08,047,4,8,Gilpin County                 ,2,2,555870,0,0,0,0,0,0,0,0,0,2,2,555870,0,0,0,0,0,0,0,0,0
202004,08,059,4,8,Jefferson County              ,227,227,71988363,0,0,0,0,0,0,7,264,43825600,219,219,69569957,0,0,0,0,0,0,7,264,43825600
202004,08,069,4,8,Larimer County                ,847,847,227576245,1,2,274061,0,0,0,8,54,9367144,693,693,192476640,1,2,274061,0,0,0,7,45,8569188
202004,08,077,4,8,Mesa County                   ,226,226,50092001,2,4,581724,0,0,0,8,208,16516270,226,226,50092001,2,4,581724,0,0,0,8,208,16516270
202004,08,093,4,8,Park County                   ,30,30,7438054,0,0,0,0,0,0,0,0,0,30,30,7438054,0,0,0,0,0,0,0,0,0
202004,08,101,4,8,Pueblo County                 ,176,176,27672434,0,0,0,0,0,0,0,0,0,176,176,27672434,0,0,0,0,0,0,0,0,0
202004,08,119,4,8,Teller County                 ,22,22,6472113,0,0,0,0,0,0,0,0,0,21,21,6402113,0,0,0,0,0,0,0,0,0
202004,09,001,1,1,Fairfield County              ,198,198,94745572,13,26,3936063,0,0,0,8,213,21768905,175,175,71484546,12,24,3784501,0,0,0,6,203,19957187
202004,09,003,1,1,Hartford County               ,143,143,27329426,1,2,400000,3,11,1996500,13,127,10985741,120,120,23036606,1,2,400000,3,11,1996500,4,77,7466100
202004,09,007,1,1,Middlesex County              ,37,37,9658344,0,0,0,0,0,0,0,0,0,23,23,6678625,0,0,0,0,0,0,0,0,0
202004,09,013,1,1,Tolland County                ,32,32,7851548,0,0,0,0,0,0,4,25,2839108,13,13,3567649,0,0,0,0,0,0,0,0,0
202004,10,001,3,5,Kent County                   ,477,477,66698334,10,20,2045597,1,3,402817,0,0,0,469,469,65079789,10,20,2045597,1,3,402817,0,0,0
202004,10,003,3,5,New Castle County             ,423,423,42577770,0,0,0,0,0,0,6,72,9268332,124,124,12945596,0,0,0,0,0,0,4,53,8384005
202004,10,005,3,5,Sussex County                 ,1106,1106,154329739,31,62,7297496,3,10,566400,12,72,10255481,1106,1106,154329739,31,62,7297496,3,10,566400,12,72,10255481
202004,11,001,3,5,Washington  DC                ,28,28,6614167,20,40,4520314,0,0,0,12,1893,214337210,28,28,6614167,20,40,4520314,0,0,0,12,1893,214337210
202004,12,003,3,5,Baker County                  ,33,33,5697476,0,0,0,0,0,0,0,0,0,33,33,5697476,0,0,0,0,0,0,0,0,0
202004,12,019,3,5,Clay County                   ,315,315,70524078,2,4,515000,0,0,0,0,0,0,315,315,70524078,2,4,515000,0,0,0,0,0,0
202004,12,029,3,5,Dixie County                  ,12,12,1515880,0,0,0,0,0,0,0,0,0,0,0,0,0,0,0,0,0,0,0,0,0
202004,12,031,3,5,Duval County                  ,1625,1625,387669748,3,6,1009032,9,36,4750360,12,910,103543631,1618,1618,385068836,3,6,1009032,9,36,4750360,12,910,103543631
202004,12,033,3,5,Escambia County               ,649,649,153399657,4,8,690698,3,9,872386,1,14,1571430,649,649,153399657,4,8,690698,3,9,872386,1,14,1571430
202004,12,053,3,5,Hernando County               ,327,327,67048401,0,0,0,3,12,1095000,1,12,1149445,327,327,67048401,0,0,0,3,12,1095000,1,12,1149445
202004,12,057,3,5,Hillsborough County           ,3079,3079,1042509364,4,8,1367300,1,3,144000,4,1017,207633509,3079,3079,1042509364,4,8,1367300,1,3,144000,4,1017,207633509
202004,12,067,3,5,Lafayette County              ,28,28,1070380,0,0,0,0,0,0,0,0,0,28,28,1070380,0,0,0,0,0,0,0,0,0
202004,12,071,3,5,Lee County                    ,1968,1968,440908314,75,150,18695839,9,36,9515297,56,1796,212524749,1956,1956,437741624,74,148,18549590,9,36,9515297,55,1778,210017695
202004,12,073,3,5,Leon County                   ,243,243,47727230,4,8,886400,0,0,0,13,353,44610232,0,0,0,0,0,0,0,0,0,0,0,0
202004,12,081,3,5,Manatee County                ,1302,1302,270217794,33,66,4729250,3,12,1437060,12,323,32261496,1295,1295,266808790,33,66,4729250,3,12,1437060,12,323,32261496
202004,12,086,3,5,Miami-Dade County             ,641,641,191524682,49,98,17273288,1,3,627900,45,2076,365540267,446,446,134115855,35,70,12945655,0,0,0,40,1667,346013825
202004,12,089,3,5,Nassau County                 ,328,328,92154306,0,0,0,0,0,0,1,5,1161440,152,152,46087997,0,0,0,0,0,0,0,0,0
202004,12,091,3,5,Okaloosa County               ,308,308,94221794,0,0,0,0,0,0,3,30,8084818,244,244,76018116,0,0,0,0,0,0,3,30,8084818
202004,12,095,3,5,Orange County                 ,1400,1400,392461586,53,106,20994033,0,0,0,37,2644,425992896,1366,1366,380844921,53,106,20994033,0,0,0,37,2644,425992896
202004,12,097,3,5,Osceola County                ,1607,1607,387477452,11,22,2460506,5,20,2685445,5,421,40029689,1607,1607,387477452,11,22,2460506,5,20,2685445,5,421,40029689
202004,12,101,3,5,Pasco County                  ,1735,1735,361253820,1,2,440461,0,0,0,0,0,0,1730,1730,360682681,1,2,440461,0,0,0,0,0,0
202004,12,103,3,5,Pinellas County               ,308,308,90571888,2,4,584891,0,0,0,3,46,6622579,292,292,84875938,1,2,199558,0,0,0,1,36,2062579
202004,12,109,3,5,St. Johns County              ,1492,1492,422100830,0,0,0,1,4,808443,0,0,0,1492,1492,422100830,0,0,0,1,4,808443,0,0,0
202004,12,113,3,5,Santa Rosa County             ,927,927,180384047,0,0,0,7,21,2746706,0,0,0,927,927,180384047,0,0,0,7,21,2746706,0,0,0
202004,12,115,3,5,Sarasota County               ,1321,1321,386714698,11,22,6200993,5,19,4462655,7,79,10567159,1284,1284,375116617,10,20,5969018,4,16,3893554,4,28,4401250
202004,12,117,3,5,Seminole County               ,399,399,123880271,15,30,5744599,0,0,0,7,179,22843129,392,392,122464536,15,30,5744599,0,0,0,5,142,19371318
202004,12,119,3,5,Sumter County                 ,1021,1021,286869496,0,0,0,1,4,896000,19,338,28006558,1021,1021,286869496,0,0,0,1,4,896000,19,338,28006558
202004,12,129,3,5,Wakulla County                ,125,125,21365983,0,0,0,0,0,0,0,0,0,125,125,21365983,0,0,0,0,0,0,0,0,0
202004,12,131,3,5,Walton County                 ,525,525,248988021,1,2,1800000,0,0,0,10,106,19875756,525,525,248988021,1,2,1800000,0,0,0,10,106,19875756
202004,12,133,3,5,Washington County             ,20,20,2732490,0,0,0,0,0,0,0,0,0,5,5,673160,0,0,0,0,0,0,0,0,0
202004,13,007,3,5,Baker County                  ,0,0,0,0,0,0,0,0,0,0,0,0,0,0,0,0,0,0,0,0,0,0,0,0
202004,13,013,3,5,Barrow County                 ,246,246,34339810,0,0,0,0,0,0,0,0,0,144,144,20673555,0,0,0,0,0,0,0,0,0
202004,13,015,3,5,Bartow County                 ,226,226,40811664,1,2,153760,0,0,0,0,0,0,226,226,40811664,1,2,153760,0,0,0,0,0,0
202004,13,021,3,5,Bibb County                   ,50,50,8623668,0,0,0,0,0,0,0,0,0,0,0,0,0,0,0,0,0,0,0,0,0
202004,13,029,3,5,Bryan County                  ,166,166,36738745,0,0,0,0,0,0,2,15,1683675,61,61,14437254,0,0,0,0,0,0,2,15,1683675
202004,13,033,3,5,Burke County                  ,23,23,4810200,0,0,0,0,0,0,0,0,0,23,23,4810200,0,0,0,0,0,0,0,0,0
202004,13,035,3,5,Butts County                  ,43,43,14693400,0,0,0,0,0,0,0,0,0,43,43,14693400,0,0,0,0,0,0,0,0,0
202004,13,045,3,5,Carroll County                ,267,267,61467522,0,0,0,0,0,0,0,0,0,267,267,61467522,0,0,0,0,0,0,0,0,0
202004,13,051,3,5,Chatham County                ,279,279,65122279,0,0,0,0,0,0,0,0,0,187,187,45977955,0,0,0,0,0,0,0,0,0
202004,13,057,3,5,Cherokee County               ,703,703,197832437,0,0,0,0,0,0,0,0,0,703,703,197832437,0,0,0,0,0,0,0,0,0
202004,13,059,3,5,Clarke County                 ,97,97,18488421,19,38,4703915,23,87,8858237,0,0,0,97,97,18488421,19,38,4703915,23,87,8858237,0,0,0
202004,13,063,3,5,Clayton County                ,202,202,40861363,0,0,0,0,0,0,1,5,317891,114,114,29120957,0,0,0,0,0,0,0,0,0
202004,13,067,3,5,Cobb County                   ,561,561,150886118,5,10,2042971,15,51,9000049,13,299,36592832,520,520,140863182,5,10,2042971,15,51,9000049,13,299,36592832
202004,13,073,3,5,Columbia County               ,420,420,81504154,0,0,0,4,14,1295902,1,6,540000,177,177,31994975,0,0,0,4,14,1295902,1,6,540000
202004,13,077,3,5,Coweta County                 ,311,311,115605037,0,0,0,0,0,0,0,0,0,296,296,111649096,0,0,0,0,0,0,0,0,0
202004,13,085,3,5,Dawson County                 ,141,141,28078522,0,0,0,0,0,0,0,0,0,141,141,28078522,0,0,0,0,0,0,0,0,0
202004,13,095,3,5,Dougherty County              ,5,5,803956,0,0,0,0,0,0,3,69,9022388,1,1,185000,0,0,0,0,0,0,2,54,6783342
202004,13,097,3,5,Douglas County                ,141,141,35537224,0,0,0,0,0,0,0,0,0,141,141,35537224,0,0,0,0,0,0,0,0,0
202004,13,111,3,5,Fannin County                 ,93,93,19368842,0,0,0,0,0,0,0,0,0,93,93,19368842,0,0,0,0,0,0,0,0,0
202004,13,113,3,5,Fayette County                ,168,168,42311550,0,0,0,0,0,0,0,0,0,125,125,29694337,0,0,0,0,0,0,0,0,0
202004,13,115,3,5,Floyd County                  ,80,80,12753124,0,0,0,0,0,0,0,0,0,80,80,12753124,0,0,0,0,0,0,0,0,0
202004,13,117,3,5,Forsyth County                ,706,706,122236199,0,0,0,0,0,0,1,95,4890700,706,706,122236199,0,0,0,0,0,0,1,95,4890700
202004,13,121,3,5,Fulton County                 ,809,809,196914084,3,6,1225000,0,0,0,8,779,87438855,738,738,187752524,3,6,1225000,0,0,0,8,779,87438855
202004,13,127,3,5,Glynn County                  ,187,187,55874711,0,0,0,0,0,0,0,0,0,0,0,0,0,0,0,0,0,0,0,0,0
202004,13,135,3,5,Gwinnett County               ,1163,1163,283854700,0,0,0,0,0,0,7,287,40021278,1133,1133,275100815,0,0,0,0,0,0,6,282,38521278
202004,13,143,3,5,Haralson County               ,17,17,3856192,0,0,0,0,0,0,0,0,0,1,1,250000,0,0,0,0,0,0,0,0,0
202004,13,145,3,5,Harris County                 ,82,82,19839650,0,0,0,0,0,0,0,0,0,82,82,19839650,0,0,0,0,0,0,0,0,0
202004,13,149,3,5,Heard County                  ,9,9,2131907,0,0,0,0,0,0,0,0,0,7,7,1657869,0,0,0,0,0,0,0,0,0
202004,13,151,3,5,Henry County                  ,567,567,138374567,0,0,0,0,0,0,0,0,0,488,488,127240553,0,0,0,0,0,0,0,0,0
202004,13,159,3,5,Jasper County                 ,28,28,3751272,0,0,0,0,0,0,0,0,0,0,0,0,0,0,0,0,0,0,0,0,0
202004,13,171,3,5,Lamar County                  ,33,33,8370534,0,0,0,0,0,0,0,0,0,31,31,8115770,0,0,0,0,0,0,0,0,0
202004,13,177,3,5,Lee County                    ,37,37,3409676,0,0,0,0,0,0,0,0,0,37,37,3409676,0,0,0,0,0,0,0,0,0
202004,13,179,3,5,Liberty County                ,102,102,20837647,0,0,0,0,0,0,0,0,0,102,102,20837647,0,0,0,0,0,0,0,0,0
202004,13,189,3,5,McDuffie County               ,9,9,1845426,0,0,0,0,0,0,0,0,0,3,3,675000,0,0,0,0,0,0,0,0,0
202004,13,199,3,5,Meriwether County             ,27,27,4800571,0,0,0,0,0,0,0,0,0,22,22,3623857,0,0,0,0,0,0,0,0,0
202004,13,201,3,5,Miller County                 ,2,2,600000,0,0,0,0,0,0,0,0,0,2,2,600000,0,0,0,0,0,0,0,0,0
202004,13,207,3,5,Monroe County                 ,49,49,2304369,0,0,0,0,0,0,0,0,0,0,0,0,0,0,0,0,0,0,0,0,0
202004,13,215,3,5,Muscogee County               ,113,113,21842230,0,0,0,4,14,772334,7,64,10691052,0,0,0,0,0,0,0,0,0,0,0,0
202004,13,217,3,5,Newton County                 ,251,251,53074139,0,0,0,0,0,0,0,0,0,251,251,53074139,0,0,0,0,0,0,0,0,0
202004,13,227,3,5,Pickens County                ,40,40,11435425,0,0,0,0,0,0,0,0,0,40,40,11435425,0,0,0,0,0,0,0,0,0
202004,13,231,3,5,Pike County                   ,51,51,11604551,0,0,0,0,0,0,0,0,0,39,39,9204551,0,0,0,0,0,0,0,0,0
202004,13,235,3,5,Pulaski County                ,6,6,890000,0,0,0,0,0,0,0,0,0,6,6,890000,0,0,0,0,0,0,0,0,0
202004,13,245,3,5,Richmond County               ,149,149,25449510,0,0,0,0,0,0,1,5,287197,122,122,21175845,0,0,0,0,0,0,0,0,0
202004,13,247,3,5,Rockdale County               ,49,49,12213121,0,0,0,0,0,0,0,0,0,49,49,12213121,0,0,0,0,0,0,0,0,0
202004,13,255,3,5,Spalding County               ,83,83,15931979,0,0,0,0,0,0,0,0,0,82,82,15853529,0,0,0,0,0,0,0,0,0
202004,13,275,3,5,Thomas County                 ,32,32,6408168,0,0,0,0,0,0,0,0,0,32,32,6408168,0,0,0,0,0,0,0,0,0
202004,13,291,3,5,Union County                  ,55,55,13651109,0,0,0,0,0,0,0,0,0,55,55,13651109,0,0,0,0,0,0,0,0,0
202004,15,001,4,9,Hawaii County                 ,266,266,100456233,0,0,0,0,0,0,0,0,0,266,266,100456233,0,0,0,0,0,0,0,0,0
202004,15,003,4,9,Honolulu County               ,239,239,94786141,0,0,0,1,3,1948873,6,256,46574484,99,99,40521078,0,0,0,0,0,0,1,39,4913168
202004,15,007,4,9,Kauai County                  ,57,57,37984811,4,8,2960909,1,3,751700,2,11,1997722,30,30,20993435,3,6,2248582,0,0,0,0,0,0
202004,15,009,4,9,Maui County                   ,81,81,40264832,5,10,1939345,0,0,0,0,0,0,81,81,40264832,5,10,1939345,0,0,0,0,0,0
202004,16,001,4,8,Ada County                    ,1493,1493,410291464,13,26,3783403,2,8,900125,7,384,48698573,1404,1404,381083167,13,26,3783403,2,8,900125,7,384,48698573
202004,16,015,4,8,Boise County                  ,20,20,5897230,0,0,0,0,0,0,0,0,0,19,19,5743560,0,0,0,0,0,0,0,0,0
202004,16,027,4,8,Canyon County                 ,837,837,121319213,6,12,1612235,4,16,1318463,6,125,6769592,733,733,102675572,5,10,1488525,3,12,1021066,5,86,3572640
202004,16,045,4,8,Gem County                    ,29,29,5989985,0,0,0,0,0,0,0,0,0,20,20,4847962,0,0,0,0,0,0,0,0,0
202004,16,073,4,8,Owyhee County                 ,15,15,3941624,0,0,0,0,0,0,0,0,0,12,12,3354138,0,0,0,0,0,0,0,0,0
202004,17,005,2,3,Bond County                   ,0,0,0,0,0,0,0,0,0,0,0,0,0,0,0,0,0,0,0,0,0,0,0,0
202004,17,013,2,3,Calhoun County                ,2,2,501336,0,0,0,0,0,0,0,0,0,1,1,350000,0,0,0,0,0,0,0,0,0
202004,17,031,2,3,Cook County                   ,327,327,105465458,9,18,3852550,34,104,21886700,48,1886,218992024,282,282,91167047,9,18,3852550,33,101,21386700,46,1868,213737364
202004,17,037,2,3,DeKalb County                 ,27,27,6931337,0,0,0,2,8,1600000,0,0,0,27,27,6931337,0,0,0,2,8,1600000,0,0,0
202004,17,039,2,3,De Witt County                ,10,10,2079000,0,0,0,0,0,0,0,0,0,10,10,2079000,0,0,0,0,0,0,0,0,0
202004,17,043,2,3,DuPage County                 ,244,244,92765210,1,2,357340,1,4,721806,12,599,66293513,194,194,68164132,1,2,357340,1,4,721806,9,575,61868321
202004,17,063,2,3,Grundy County                 ,24,24,5321585,1,2,400000,0,0,0,0,0,0,24,24,5321585,1,2,400000,0,0,0,0,0,0
202004,17,083,2,3,Jersey County                 ,7,7,1593943,0,0,0,0,0,0,1,45,9010000,3,3,438048,0,0,0,0,0,0,1,45,9010000
202004,17,093,2,3,Kendall County                ,96,96,17415062,5,10,1350777,0,0,0,2,26,2052143,72,72,13161261,2,4,569312,0,0,0,0,0,0
202004,17,097,2,3,Lake County                   ,167,167,55298069,4,8,3302961,0,0,0,3,16,3293152,117,117,38090643,4,8,3302961,0,0,0,0,0,0
202004,17,111,2,3,McHenry County                ,104,104,16304038,1,2,220000,0,0,0,1,6,90000,85,85,13600444,0,0,0,0,0,0,0,0,0
202004,17,119,2,3,Madison County                ,126,126,34829772,1,2,231801,0,0,0,1,5,249559,118,118,33122107,0,0,0,0,0,0,0,0,0
202004,17,133,2,3,Monroe County                 ,23,23,6062798,1,2,300708,0,0,0,0,0,0,23,23,6062798,1,2,300708,0,0,0,0,0,0
202004,17,197,2,3,Will County                   ,365,365,92101116,8,16,1869663,5,19,2685568,1,16,1625500,335,335,86556711,8,16,1869663,5,19,2685568,1,16,1625500
202004,18,003,2,3,Allen County                  ,366,366,99773924,0,0,0,0,0,0,2,36,1200000,366,366,99773924,0,0,0,0,0,0,2,36,1200000
202004,18,011,2,3,Boone County                  ,204,204,73158023,2,4,400000,0,0,0,0,0,0,200,200,71933291,2,4,400000,0,0,0,0,0,0
202004,18,013,2,3,Brown County                  ,11,11,3024296,0,0,0,0,0,0,0,0,0,11,11,3024296,0,0,0,0,0,0,0,0,0
202004,18,019,2,3,Clark County                  ,208,208,40347194,0,0,0,1,3,461400,1,24,1500000,184,184,35479429,0,0,0,1,3,461400,1,24,1500000
202004,18,047,2,3,Franklin County               ,16,16,4350000,0,0,0,0,0,0,0,0,0,16,16,4350000,0,0,0,0,0,0,0,0,0
202004,18,057,2,3,Hamilton County               ,735,735,253465248,3,6,1375700,6,22,3600000,30,658,54317461,727,727,251371045,3,6,1375700,6,22,3600000,30,658,54317461
202004,18,059,2,3,Hancock County                ,186,186,46288898,2,4,888587,0,0,0,0,0,0,186,186,46288898,2,4,888587,0,0,0,0,0,0
202004,18,061,2,3,Harrison County               ,31,31,8023691,0,0,0,0,0,0,0,0,0,31,31,8023691,0,0,0,0,0,0,0,0,0
202004,18,063,2,3,Hendricks County              ,318,318,82961470,2,4,400000,1,4,227193,2,13,960522,250,250,65454097,2,4,400000,1,4,227193,1,8,594150
202004,18,069,2,3,Huntington County             ,17,17,3979295,0,0,0,0,0,0,0,0,0,12,12,2706448,0,0,0,0,0,0,0,0,0
202004,18,073,2,3,Jasper County                 ,41,41,10614921,0,0,0,0,0,0,0,0,0,37,37,10139367,0,0,0,0,0,0,0,0,0
202004,18,081,2,3,Johnson County                ,260,260,73639424,8,16,2909800,0,0,0,0,0,0,260,260,73639424,8,16,2909800,0,0,0,0,0,0
202004,18,087,2,3,Lagrange County               ,28,28,6552738,0,0,0,0,0,0,0,0,0,28,28,6552738,0,0,0,0,0,0,0,0,0
202004,18,089,2,3,Lake County                   ,313,313,82874739,7,14,2057359,0,0,0,0,0,0,269,269,71885032,4,8,1477270,0,0,0,0,0,0
202004,18,097,2,3,Marion County                 ,406,406,109765647,4,8,1419900,1,4,741118,2,109,15103333,406,406,109765647,4,8,1419900,1,4,741118,1,104,15000000
202004,18,105,2,3,Monroe County                 ,75,75,20019874,3,6,821453,0,0,0,2,41,4751069,41,41,11100020,0,0,0,0,0,0,0,0,0
202004,18,109,2,3,Morgan County                 ,71,71,15897501,4,8,1453500,0,0,0,0,0,0,48,48,10828499,4,8,1453500,0,0,0,0,0,0
202004,18,111,2,3,Newton County                 ,6,6,1237422,0,0,0,0,0,0,0,0,0,0,0,0,0,0,0,0,0,0,0,0,0
202004,18,115,2,3,Ohio County                   ,9,9,2060000,0,0,0,0,0,0,0,0,0,9,9,2060000,0,0,0,0,0,0,0,0,0
202004,18,119,2,3,Owen County                   ,21,21,5678858,0,0,0,0,0,0,0,0,0,19,19,5143911,0,0,0,0,0,0,0,0,0
202004,18,127,2,3,Porter County                 ,128,128,36527016,2,4,688515,0,0,0,1,12,2476849,83,83,23484130,2,4,688515,0,0,0,1,12,2476849
202004,18,133,2,3,Putnam County                 ,32,32,8025060,0,0,0,0,0,0,0,0,0,12,12,3020858,0,0,0,0,0,0,0,0,0
202004,18,145,2,3,Shelby County                 ,18,18,4704883,0,0,0,0,0,0,0,0,0,14,14,4050523,0,0,0,0,0,0,0,0,0
202004,18,151,2,3,Steuben County                ,33,33,9255266,0,0,0,0,0,0,0,0,0,33,33,9255266,0,0,0,0,0,0,0,0,0
202004,18,157,2,3,Tippecanoe County             ,132,132,32991846,1,2,290559,0,0,0,8,185,20851808,58,58,15581735,0,0,0,0,0,0,4,143,16878384
202004,18,163,2,3,Vanderburgh County            ,89,89,16331086,3,6,900000,0,0,0,0,0,0,89,89,16331086,3,6,900000,0,0,0,0,0,0
202004,18,167,2,3,Vigo County                   ,10,10,1511267,2,4,690000,0,0,0,0,0,0,3,3,441000,2,4,690000,0,0,0,0,0,0
202004,18,175,2,3,Washington County             ,18,18,4317792,0,0,0,0,0,0,0,0,0,0,0,0,0,0,0,0,0,0,0,0,0
202004,18,183,2,3,Whitley County                ,26,26,7062156,0,0,0,0,0,0,0,0,0,26,26,7062156,0,0,0,0,0,0,0,0,0
202004,19,049,2,4,Dallas County                 ,153,153,40695955,0,0,0,0,0,0,1,9,1794920,150,150,40170955,0,0,0,0,0,0,1,9,1794920
202004,19,085,2,4,Harrison County               ,6,6,1508000,0,0,0,0,0,0,0,0,0,5,5,1283000,0,0,0,0,0,0,0,0,0
202004,19,129,2,4,Mills County                  ,3,3,650000,0,0,0,0,0,0,0,0,0,3,3,650000,0,0,0,0,0,0,0,0,0
202004,19,153,2,4,Polk County                   ,697,697,195004838,6,12,2444777,0,0,0,8,228,29223131,679,679,190150938,6,12,2444777,0,0,0,6,209,27303339
202004,19,181,2,4,Warren County                 ,127,127,33147028,0,0,0,0,0,0,1,59,7841568,120,120,31668928,0,0,0,0,0,0,1,59,7841568
202004,20,061,2,4,Geary County                  ,5,5,1280128,0,0,0,0,0,0,0,0,0,4,4,1020000,0,0,0,0,0,0,0,0,0
202004,20,091,2,4,Johnson County                ,521,521,197131293,9,18,5130923,8,32,10650000,7,111,12078709,483,483,180463407,8,16,4690765,8,32,10650000,6,106,11594877
202004,20,103,2,4,Leavenworth County            ,56,56,12413378,8,16,2020826,0,0,0,6,32,3676830,56,56,12413378,8,16,2020826,0,0,0,6,32,3676830
202004,20,107,2,4,Linn County                   ,9,9,1792928,0,0,0,0,0,0,0,0,0,9,9,1792928,0,0,0,0,0,0,0,0,0
202004,20,121,2,4,Miami County                  ,22,22,6528332,0,0,0,0,0,0,0,0,0,5,5,972000,0,0,0,0,0,0,0,0,0
202004,20,209,2,4,Wyandotte County              ,51,51,10340934,3,6,577044,0,0,0,0,0,0,5,5,1311464,0,0,0,0,0,0,0,0,0
202004,21,005,3,6,Anderson County               ,19,19,3668002,0,0,0,0,0,0,0,0,0,19,19,3668002,0,0,0,0,0,0,0,0,0
202004,21,015,3,6,Boone County                  ,138,138,27083553,0,0,0,0,0,0,2,54,6015719,138,138,27083553,0,0,0,0,0,0,2,54,6015719
202004,21,017,3,6,Bourbon County                ,14,14,3725646,0,0,0,0,0,0,0,0,0,10,10,2673738,0,0,0,0,0,0,0,0,0
202004,21,021,3,6,Boyle County                  ,11,11,2167475,1,2,182926,0,0,0,0,0,0,2,2,460000,0,0,0,0,0,0,0,0,0
202004,21,029,3,6,Bullitt County                ,132,132,33811916,1,2,135000,1,3,650000,0,0,0,132,132,33811916,1,2,135000,1,3,650000,0,0,0
202004,21,035,3,6,Calloway County               ,5,5,712500,0,0,0,0,0,0,1,8,550000,5,5,712500,0,0,0,0,0,0,1,8,550000
202004,21,037,3,6,Campbell County               ,54,54,13998059,0,0,0,0,0,0,4,75,9077062,2,2,830000,0,0,0,0,0,0,0,0,0
202004,21,045,3,6,Casey County                  ,0,0,0,0,0,0,0,0,0,0,0,0,0,0,0,0,0,0,0,0,0,0,0,0
202004,21,047,3,6,Christian County              ,35,35,3557800,0,0,0,0,0,0,0,0,0,26,26,2917000,0,0,0,0,0,0,0,0,0
202004,21,049,3,6,Clark County                  ,23,23,4984965,1,2,400000,0,0,0,3,15,1038750,10,10,1930000,0,0,0,0,0,0,0,0,0
202004,21,059,3,6,Daviess County                ,95,95,8496957,0,0,0,6,23,1507350,0,0,0,95,95,8496957,0,0,0,6,23,1507350,0,0,0
202004,21,067,3,6,Fayette County                ,236,236,48607927,2,4,438286,0,0,0,8,266,19891093,0,0,0,0,0,0,0,0,0,0,0,0
202004,21,069,3,6,Fleming County                ,0,0,0,0,0,0,0,0,0,0,0,0,0,0,0,0,0,0,0,0,0,0,0,0
202004,21,077,3,6,Gallatin County               ,8,8,1757706,0,0,0,0,0,0,0,0,0,0,0,0,0,0,0,0,0,0,0,0,0
202004,21,081,3,6,Grant County                  ,21,21,3406356,0,0,0,0,0,0,0,0,0,11,11,1252800,0,0,0,0,0,0,0,0,0
202004,21,091,3,6,Hancock County                ,4,4,788848,1,2,173138,0,0,0,0,0,0,0,0,0,0,0,0,0,0,0,0,0,0
202004,21,099,3,6,Hart County                   ,1,1,87321,0,0,0,0,0,0,0,0,0,0,0,0,0,0,0,0,0,0,0,0,0
202004,21,101,3,6,Henderson County              ,20,20,4972754,0,0,0,0,0,0,0,0,0,20,20,4972754,0,0,0,0,0,0,0,0,0
202004,21,103,3,6,Henry County                  ,13,13,1918699,0,0,0,0,0,0,0,0,0,8,8,960000,0,0,0,0,0,0,0,0,0
202004,21,111,3,6,Jefferson County              ,296,296,63544239,4,8,1257740,1,3,600000,0,0,0,296,296,63544239,4,8,1257740,1,3,600000,0,0,0
202004,21,113,3,6,Jessamine County              ,50,50,14319445,0,0,0,3,10,1686000,0,0,0,17,17,9160000,0,0,0,1,4,681000,0,0,0
202004,21,115,3,6,Johnson County                ,0,0,0,0,0,0,0,0,0,0,0,0,0,0,0,0,0,0,0,0,0,0,0,0
202004,21,117,3,6,Kenton County                 ,83,83,20340837,0,0,0,0,0,0,0,0,0,83,83,20340837,0,0,0,0,0,0,0,0,0
202004,21,121,3,6,Knox County                   ,0,0,0,0,0,0,0,0,0,0,0,0,0,0,0,0,0,0,0,0,0,0,0,0
202004,21,123,3,6,Larue County                  ,12,12,2823513,0,0,0,0,0,0,0,0,0,12,12,2823513,0,0,0,0,0,0,0,0,0
202004,21,137,3,6,Lincoln County                ,13,13,1267771,0,0,0,0,0,0,0,0,0,3,3,300000,0,0,0,0,0,0,0,0,0
202004,21,145,3,6,McCracken County              ,26,26,6049916,0,0,0,0,0,0,0,0,0,6,6,1372170,0,0,0,0,0,0,0,0,0
202004,21,151,3,6,Madison County                ,69,69,7000969,7,14,817976,0,0,0,4,21,708002,18,18,2535000,1,2,140000,0,0,0,0,0,0
202004,21,157,3,6,Marshall County               ,24,24,6115200,2,4,350000,0,0,0,0,0,0,24,24,6115200,2,4,350000,0,0,0,0,0,0
202004,21,161,3,6,Mason County                  ,4,4,1245000,0,0,0,0,0,0,0,0,0,4,4,1245000,0,0,0,0,0,0,0,0,0
202004,21,163,3,6,Meade County                  ,25,25,4990000,1,2,120000,1,3,265000,0,0,0,25,25,4990000,1,2,120000,1,3,265000,0,0,0
202004,21,167,3,6,Mercer County                 ,21,21,3774000,1,2,120000,0,0,0,0,0,0,21,21,3774000,1,2,120000,0,0,0,0,0,0
202004,21,175,3,6,Morgan County                 ,9,9,675000,0,0,0,0,0,0,0,0,0,0,0,0,0,0,0,0,0,0,0,0,0
202004,21,179,3,6,Nelson County                 ,63,63,11596272,10,20,1400000,4,13,1700000,0,0,0,63,63,11596272,10,20,1400000,4,13,1700000,0,0,0
202004,21,185,3,6,Oldham County                 ,88,88,30681146,0,0,0,0,0,0,1,5,246094,47,47,16150140,0,0,0,0,0,0,0,0,0
202004,21,191,3,6,Pendleton County              ,0,0,0,0,0,0,0,0,0,0,0,0,0,0,0,0,0,0,0,0,0,0,0,0
202004,21,209,3,6,Scott County                  ,117,117,19489918,0,0,0,0,0,0,0,0,0,117,117,19489918,0,0,0,0,0,0,0,0,0
202004,21,211,3,6,Shelby County                 ,77,77,20296867,0,0,0,0,0,0,0,0,0,77,77,20296867,0,0,0,0,0,0,0,0,0
202004,21,213,3,6,Simpson County                ,32,32,4879914,2,4,237333,0,0,0,0,0,0,21,21,3274137,1,2,70000,0,0,0,0,0,0
202004,21,215,3,6,Spencer County                ,47,47,10894575,0,0,0,0,0,0,0,0,0,24,24,5698961,0,0,0,0,0,0,0,0,0
202004,21,221,3,6,Trigg County                  ,6,6,1229385,0,0,0,0,0,0,1,70,5984160,6,6,1229385,0,0,0,0,0,0,1,70,5984160
202004,21,239,3,6,Woodford County               ,40,40,8316308,0,0,0,0,0,0,0,0,0,40,40,8316308,0,0,0,0,0,0,0,0,0
202004,22,005,3,7,Ascension Parish              ,288,288,46122060,0,0,0,0,0,0,0,0,0,59,59,11314486,0,0,0,0,0,0,0,0,0
202004,22,015,3,7,Bossier Parish                ,167,167,30118019,0,0,0,0,0,0,0,0,0,85,85,15008702,0,0,0,0,0,0,0,0,0
202004,22,017,3,7,Caddo Parish                  ,64,64,16916943,0,0,0,0,0,0,0,0,0,64,64,16916943,0,0,0,0,0,0,0,0,0
202004,22,031,3,7,De Soto Parish                ,31,31,7870075,0,0,0,0,0,0,0,0,0,27,27,6921499,0,0,0,0,0,0,0,0,0
202004,22,033,3,7,East Baton Rouge Parish       ,398,398,98720124,0,0,0,0,0,0,0,0,0,397,397,98569440,0,0,0,0,0,0,0,0,0
202004,22,037,3,7,East Feliciana Parish         ,19,19,3930658,0,0,0,0,0,0,0,0,0,19,19,3930658,0,0,0,0,0,0,0,0,0
202004,22,047,3,7,Iberville Parish              ,38,38,8970954,0,0,0,0,0,0,0,0,0,2,2,137000,0,0,0,0,0,0,0,0,0
202004,22,051,3,7,Jefferson Parish              ,203,203,50200093,1,2,132270,0,0,0,0,0,0,118,118,31404697,0,0,0,0,0,0,0,0,0
202004,22,055,3,7,Lafayette Parish              ,663,663,113527898,0,0,0,0,0,0,1,5,645833,449,449,58126238,0,0,0,0,0,0,0,0,0
202004,22,063,3,7,Livingston Parish             ,243,243,50355254,0,0,0,0,0,0,0,0,0,241,241,49954732,0,0,0,0,0,0,0,0,0
202004,22,071,3,7,Orleans Parish                ,191,191,42754773,34,68,7112798,3,11,2647246,4,172,34728166,0,0,0,0,0,0,0,0,0,0,0,0
202004,22,075,3,7,Plaquemines Parish            ,19,19,5188248,0,0,0,0,0,0,0,0,0,0,0,0,0,0,0,0,0,0,0,0,0
202004,22,077,3,7,Pointe Coupee Parish          ,17,17,5327164,0,0,0,0,0,0,0,0,0,17,17,5327164,0,0,0,0,0,0,0,0,0
202004,22,087,3,7,St. Bernard Parish            ,62,62,11139000,4,8,580000,0,0,0,0,0,0,62,62,11139000,4,8,580000,0,0,0,0,0,0
202004,22,089,3,7,St. Charles Parish            ,41,41,11684147,0,0,0,0,0,0,0,0,0,41,41,11684147,0,0,0,0,0,0,0,0,0
202004,22,091,3,7,St. Helena Parish             ,9,9,1615572,0,0,0,0,0,0,0,0,0,0,0,0,0,0,0,0,0,0,0,0,0
202004,22,095,3,7,St. John the Baptist Parish   ,18,18,2659326,0,0,0,0,0,0,0,0,0,18,18,2659326,0,0,0,0,0,0,0,0,0
202004,22,099,3,7,St. Martin Parish             ,66,66,12486019,0,0,0,0,0,0,0,0,0,9,9,2034864,0,0,0,0,0,0,0,0,0
202004,22,103,3,7,St. Tammany Parish            ,534,534,132411457,0,0,0,0,0,0,0,0,0,517,517,125959730,0,0,0,0,0,0,0,0,0
202004,22,109,3,7,Terrebonne Parish             ,45,45,11718799,4,8,622223,0,0,0,0,0,0,0,0,0,0,0,0,0,0,0,0,0,0
202004,22,121,3,7,West Baton Rouge Parish       ,75,75,14138352,0,0,0,0,0,0,0,0,0,71,71,13689722,0,0,0,0,0,0,0,0,0
202004,22,125,3,7,West Feliciana Parish         ,19,19,4889919,0,0,0,0,0,0,0,0,0,19,19,4889919,0,0,0,0,0,0,0,0,0
202004,23,000,1,1,Maine Unorganized Territory   ,18,18,2390405,0,0,0,0,0,0,0,0,0,0,0,0,0,0,0,0,0,0,0,0,0
202004,24,003,3,5,Anne Arundel County           ,637,637,115409289,0,0,0,0,0,0,3,38,9571915,629,629,113856814,0,0,0,0,0,0,2,24,6040159
202004,24,005,3,5,Baltimore County              ,227,227,50108192,0,0,0,0,0,0,2,267,65000000,227,227,50108192,0,0,0,0,0,0,2,267,65000000
202004,24,009,3,5,Calvert County                ,71,71,16833460,0,0,0,0,0,0,4,96,11000000,71,71,16833460,0,0,0,0,0,0,4,96,11000000
202004,24,013,3,5,Carroll County                ,90,90,18534182,0,0,0,0,0,0,0,0,0,90,90,18534182,0,0,0,0,0,0,0,0,0
202004,24,015,3,5,Cecil County                  ,64,64,11881740,0,0,0,0,0,0,0,0,0,50,50,8977560,0,0,0,0,0,0,0,0,0
202004,24,017,3,5,Charles County                ,209,209,61924500,0,0,0,0,0,0,0,0,0,209,209,61924500,0,0,0,0,0,0,0,0,0
202004,24,021,3,5,Frederick County              ,342,342,78737797,3,6,694381,15,57,7601369,28,256,35701841,342,342,78737797,3,6,694381,15,57,7601369,28,256,35701841
202004,24,023,3,5,Garrett County                ,30,30,11887000,0,0,0,0,0,0,0,0,0,30,30,11887000,0,0,0,0,0,0,0,0,0
202004,24,025,3,5,Harford County                ,264,264,62841236,0,0,0,0,0,0,5,80,9340364,263,263,62438869,0,0,0,0,0,0,5,80,9340364
202004,24,027,3,5,Howard County                 ,205,205,46004806,0,0,0,0,0,0,3,135,13850000,145,145,31950834,0,0,0,0,0,0,3,135,13850000
202004,24,031,3,5,Montgomery County             ,419,419,88749508,4,8,680000,0,0,0,2,95,12849581,333,333,68526577,4,8,680000,0,0,0,1,16,1795920
202004,24,033,3,5,Prince George County          ,710,710,167940539,3,6,731511,0,0,0,0,0,0,699,699,164999847,0,0,0,0,0,0,0,0,0
202004,24,035,3,5,Queen Anne County             ,79,79,17692076,0,0,0,0,0,0,1,21,2400000,79,79,17692076,0,0,0,0,0,0,1,21,2400000
202004,24,037,3,5,St. Marys County              ,285,285,58706446,0,0,0,0,0,0,14,79,12500801,130,130,28230000,0,0,0,0,0,0,12,68,12284000
202004,24,039,3,5,Somerset County               ,6,6,1279431,0,0,0,0,0,0,0,0,0,0,0,0,0,0,0,0,0,0,0,0,0
202004,24,045,3,5,Wicomico County               ,67,67,12749712,0,0,0,0,0,0,4,29,2824865,53,53,10157215,0,0,0,0,0,0,4,29,2824865
202004,24,510,3,5,Baltimore (Independent City)  ,29,29,4667657,0,0,0,1,3,462976,6,345,56002658,0,0,0,0,0,0,0,0,0,3,107,20092126
202004,25,005,1,1,Bristol County                ,166,166,36095128,4,8,699286,0,0,0,0,0,0,100,100,22902161,3,6,605000,0,0,0,0,0,0
202004,25,009,1,1,Essex County                  ,149,149,45938736,10,20,4368280,1,3,330000,5,26,5482513,109,109,34564887,5,10,1982430,1,3,330000,0,0,0
202004,25,017,1,1,Middlesex County              ,487,487,136286566,45,90,13304361,9,31,7077406,37,637,99432696,348,348,93670977,39,78,9536584,6,22,4952938,7,264,46964200
202004,25,021,1,1,Norfolk County                ,202,202,75839345,12,24,4244802,2,6,945596,15,235,29596863,120,120,48720948,10,20,3599700,0,0,0,1,87,14000000
202004,25,023,1,1,Plymouth County               ,310,310,77200164,1,2,320000,1,3,397800,4,74,13209042,140,140,34601831,1,2,320000,0,0,0,1,58,11059614
202004,25,025,1,1,Suffolk County                ,6,6,1637938,18,36,8359356,11,35,7264135,33,999,824446081,4,4,1287226,16,32,7920586,11,35,7264135,25,954,815013419
202004,26,000,2,3,Michigan Balance of State     ,13,13,2440594,0,0,0,0,0,0,0,0,0,0,0,0,0,0,0,0,0,0,0,0,0
202004,26,019,2,3,Benzie County                 ,10,10,2741180,0,0,0,0,0,0,0,0,0,0,0,0,0,0,0,0,0,0,0,0,0
202004,26,029,2,3,Charlevoix County             ,23,23,5717626,2,4,452780,0,0,0,0,0,0,0,0,0,0,0,0,0,0,0,0,0,0
202004,26,089,2,3,Leelanau County               ,23,23,5295345,0,0,0,0,0,0,0,0,0,23,23,5295345,0,0,0,0,0,0,0,0,0
202004,26,093,2,3,Livingston County             ,123,123,31297002,0,0,0,0,0,0,0,0,0,117,117,30455124,0,0,0,0,0,0,0,0,0
202004,26,095,2,3,Luce County                   ,6,6,1430400,0,0,0,0,0,0,0,0,0,5,5,1192000,0,0,0,0,0,0,0,0,0
202004,26,099,2,3,Macomb County                 ,284,284,98272413,9,18,1260000,0,0,0,3,197,21862907,238,238,83946620,9,18,1260000,0,0,0,2,192,21291478
202004,26,103,2,3,Marquette County              ,3,3,2455000,0,0,0,0,0,0,0,0,0,3,3,2455000,0,0,0,0,0,0,0,0,0
202004,26,137,2,3,Otsego County                 ,5,5,405000,0,0,0,0,0,0,0,0,0,0,0,0,0,0,0,0,0,0,0,0,0
202004,26,147,2,3,St. Clair County              ,38,38,7703048,0,0,0,0,0,0,0,0,0,28,28,6023613,0,0,0,0,0,0,0,0,0
202004,26,163,2,3,Wayne County                  ,263,263,56954306,2,4,658224,2,8,1409560,9,134,38034817,214,214,46601223,2,4,658224,2,8,1409560,7,122,35307544
202004,27,003,2,4,Anoka County                  ,228,228,66831429,0,0,0,0,0,0,2,41,6314513,215,215,63187687,0,0,0,0,0,0,2,41,6314513
202004,27,019,2,4,Carver County                 ,169,169,55743797,2,4,588000,0,0,0,0,0,0,165,165,54517133,2,4,588000,0,0,0,0,0,0
202004,27,025,2,4,Chisago County                ,56,56,10461254,1,2,357000,0,0,0,0,0,0,55,55,10251921,0,0,0,0,0,0,0,0,0
202004,27,027,2,4,Clay County                   ,37,37,9106500,0,0,0,0,0,0,0,0,0,36,36,8797500,0,0,0,0,0,0,0,0,0
202004,27,037,2,4,Dakota County                 ,331,331,98333212,0,0,0,0,0,0,10,173,18787966,327,327,97025604,0,0,0,0,0,0,7,140,14105000
202004,27,053,2,4,Hennepin County               ,498,498,205846899,3,6,1006118,1,4,1375939,20,2253,369448313,447,447,189025590,3,6,1006118,1,4,1375939,20,2253,369448313
202004,27,059,2,4,Isanti County                 ,41,41,8383062,0,0,0,0,0,0,0,0,0,30,30,6204229,0,0,0,0,0,0,0,0,0
202004,27,123,2,4,Ramsey County                 ,46,46,15291700,0,0,0,1,4,782136,4,278,40784817,44,44,14671221,0,0,0,1,4,782136,3,273,40254475
202004,27,139,2,4,Scott County                  ,169,169,54474645,1,2,723000,0,0,0,1,16,2000000,139,139,46440865,1,2,723000,0,0,0,1,16,2000000
202004,27,141,2,4,Sherburne County              ,98,98,22632673,0,0,0,0,0,0,1,5,931316,80,80,19049849,0,0,0,0,0,0,0,0,0
202004,27,163,2,4,Washington County             ,283,283,94566566,0,0,0,1,3,526000,2,260,35488873,261,261,86224914,0,0,0,1,3,526000,1,253,34911000
202004,27,171,2,4,Wright County                 ,236,236,71698404,1,2,430000,0,0,0,4,64,10618622,214,214,66593000,1,2,430000,0,0,0,1,49,8749793
202004,28,033,3,6,DeSoto County                 ,486,486,89335197,0,0,0,0,0,0,0,0,0,352,352,66562241,0,0,0,0,0,0,0,0,0
202004,28,041,3,6,Greene County                 ,0,0,0,0,0,0,0,0,0,0,0,0,0,0,0,0,0,0,0,0,0,0,0,0
202004,28,045,3,6,Hancock County                ,174,174,30923005,0,0,0,5,15,1505420,4,31,2624544,49,49,11047332,0,0,0,0,0,0,0,0,0
202004,28,047,3,6,Harrison County               ,502,502,92864440,4,8,845000,0,0,0,0,0,0,454,454,87411592,3,6,600000,0,0,0,0,0,0
202004,28,067,3,6,Jones County                  ,92,92,11904000,0,0,0,0,0,0,0,0,0,92,92,11904000,0,0,0,0,0,0,0,0,0
202004,28,129,3,6,Smith County                  ,0,0,0,0,0,0,0,0,0,0,0,0,0,0,0,0,0,0,0,0,0,0,0,0
202004,28,137,3,6,Tate County                   ,35,35,7329588,0,0,0,0,0,0,0,0,0,14,14,3363300,0,0,0,0,0,0,0,0,0
202004,28,143,3,6,Tunica County                 ,37,37,8462397,0,0,0,0,0,0,0,0,0,0,0,0,0,0,0,0,0,0,0,0,0
202004,28,145,3,6,Union County                  ,3,3,330000,0,0,0,0,0,0,0,0,0,3,3,330000,0,0,0,0,0,0,0,0,0
202004,28,149,3,6,Warren County                 ,4,4,1045465,0,0,0,0,0,0,0,0,0,0,0,0,0,0,0,0,0,0,0,0,0
202004,29,013,2,4,Bates County                  ,0,0,0,0,0,0,0,0,0,0,0,0,0,0,0,0,0,0,0,0,0,0,0,0
202004,29,017,2,4,Bollinger County              ,0,0,0,0,0,0,0,0,0,0,0,0,0,0,0,0,0,0,0,0,0,0,0,0
202004,29,019,2,4,Boone County                  ,255,255,67293993,0,0,0,0,0,0,0,0,0,255,255,67293993,0,0,0,0,0,0,0,0,0
202004,29,049,2,4,Clinton County                ,17,17,4638672,0,0,0,0,0,0,0,0,0,15,15,4236152,0,0,0,0,0,0,0,0,0
202004,29,065,2,4,Dent County                   ,0,0,0,0,0,0,0,0,0,0,0,0,0,0,0,0,0,0,0,0,0,0,0,0
202004,29,071,2,4,Franklin County               ,96,96,28305830,1,2,290559,0,0,0,3,28,1755000,82,82,24603749,1,2,290559,0,0,0,3,28,1755000
202004,29,095,2,4,Jackson County                ,546,546,132161862,20,40,2512542,1,4,771184,27,664,72468749,524,524,126738674,20,40,2512542,1,4,771184,27,664,72468749
202004,29,099,2,4,Jefferson County              ,221,221,57606414,1,2,250000,0,0,0,0,0,0,214,214,56877034,1,2,250000,0,0,0,0,0,0
202004,29,105,2,4,Laclede County                ,12,12,2162725,1,2,199050,0,0,0,0,0,0,12,12,2162725,1,2,199050,0,0,0,0,0,0
202004,29,107,2,4,Lafayette County              ,22,22,4880764,0,0,0,0,0,0,0,0,0,20,20,4552251,0,0,0,0,0,0,0,0,0
202004,29,113,2,4,Lincoln County                ,60,60,8385279,0,0,0,0,0,0,0,0,0,60,60,8385279,0,0,0,0,0,0,0,0,0
202004,29,165,2,4,Platte County                 ,159,159,31108905,2,4,1120000,0,0,0,3,71,5470570,147,147,28481459,2,4,1120000,0,0,0,2,48,3600000
202004,29,185,2,4,St. Clair County              ,0,0,0,0,0,0,0,0,0,0,0,0,0,0,0,0,0,0,0,0,0,0,0,0
202004,29,189,2,4,St. Louis County              ,282,282,124829694,0,0,0,0,0,0,3,206,13914210,232,232,101503117,0,0,0,0,0,0,1,188,12166157
202004,29,219,2,4,Warren County                 ,92,92,21910854,0,0,0,0,0,0,1,6,438180,92,92,21910854,0,0,0,0,0,0,1,6,438180
202004,29,221,2,4,Washington County             ,0,0,0,0,0,0,0,0,0,0,0,0,0,0,0,0,0,0,0,0,0,0,0,0
202004,29,510,2,4,St. Louis (Independent City)  ,43,43,8190555,1,2,330000,0,0,0,3,72,4794593,11,11,2002000,1,2,330000,0,0,0,0,0,0
202004,30,013,4,8,Cascade County                ,35,35,9801567,0,0,0,0,0,0,0,0,0,35,35,9801567,0,0,0,0,0,0,0,0,0
202004,30,033,4,8,Garfield County               ,0,0,0,0,0,0,0,0,0,0,0,0,0,0,0,0,0,0,0,0,0,0,0,0
202004,30,063,4,8,Missoula County               ,124,124,29306748,2,4,341174,0,0,0,2,14,759658,124,124,29306748,2,4,341174,0,0,0,2,14,759658
202004,30,093,4,8,Silver Bow County             ,9,9,1251487,6,12,935000,0,0,0,0,0,0,9,9,1251487,6,12,935000,0,0,0,0,0,0
202004,31,001,2,4,Adams County                  ,13,13,2898249,0,0,0,0,0,0,0,0,0,13,13,2898249,0,0,0,0,0,0,0,0,0
202004,31,025,2,4,Cass County                   ,37,37,7183098,2,4,361782,0,0,0,0,0,0,17,17,3680395,1,2,144197,0,0,0,0,0,0
202004,31,033,2,4,Cheyenne County               ,1,1,237744,0,0,0,0,0,0,0,0,0,1,1,237744,0,0,0,0,0,0,0,0,0
202004,31,055,2,4,Douglas County                ,451,451,73205633,3,6,1094204,0,0,0,15,361,28560287,448,448,72505212,3,6,1094204,0,0,0,15,361,28560287
202004,31,105,2,4,Kimball County                ,0,0,0,0,0,0,0,0,0,0,0,0,0,0,0,0,0,0,0,0,0,0,0,0
202004,31,153,2,4,Sarpy County                  ,317,317,89298890,2,4,1173065,0,0,0,5,108,8426587,290,290,82187255,2,4,1173065,0,0,0,5,108,8426587
202004,31,165,2,4,Sioux County                  ,0,0,0,0,0,0,0,0,0,0,0,0,0,0,0,0,0,0,0,0,0,0,0,0
202004,31,177,2,4,Washington County             ,21,21,6742633,0,0,0,0,0,0,0,0,0,21,21,6742633,0,0,0,0,0,0,0,0,0
202004,32,001,4,8,Churchill County              ,29,29,6300730,0,0,0,0,0,0,0,0,0,29,29,6300730,0,0,0,0,0,0,0,0,0
202004,32,003,4,8,Clark County                  ,3223,3223,836633056,73,146,6885999,63,207,23347236,49,828,56608298,3223,3223,836633056,73,146,6885999,63,207,23347236,49,828,56608298
202004,32,005,4,8,Douglas County                ,66,66,25363327,0,0,0,0,0,0,0,0,0,66,66,25363327,0,0,0,0,0,0,0,0,0
202004,32,007,4,8,Elko County                   ,50,50,8138085,0,0,0,0,0,0,0,0,0,49,49,8071418,0,0,0,0,0,0,0,0,0
202004,32,013,4,8,Humboldt County               ,4,4,585703,0,0,0,0,0,0,0,0,0,2,2,275464,0,0,0,0,0,0,0,0,0
202004,32,015,4,8,Lander County                 ,4,4,376535,0,0,0,0,0,0,0,0,0,3,3,232974,0,0,0,0,0,0,0,0,0
202004,32,017,4,8,Lincoln County                ,2,2,371834,0,0,0,0,0,0,0,0,0,2,2,371834,0,0,0,0,0,0,0,0,0
202004,32,019,4,8,Lyon County                   ,116,116,27924454,0,0,0,0,0,0,0,0,0,115,115,27694454,0,0,0,0,0,0,0,0,0
202004,32,021,4,8,Mineral County                ,0,0,0,0,0,0,0,0,0,0,0,0,0,0,0,0,0,0,0,0,0,0,0,0
202004,32,027,4,8,Pershing County               ,0,0,0,0,0,0,0,0,0,0,0,0,0,0,0,0,0,0,0,0,0,0,0,0
202004,32,029,4,8,Storey County                 ,3,3,179669,0,0,0,0,0,0,0,0,0,3,3,179669,0,0,0,0,0,0,0,0,0
202004,32,031,4,8,Washoe County                 ,795,795,212767971,5,10,1105946,3,10,1189134,29,566,65452954,203,203,47849704,0,0,0,0,0,0,0,0,0
202004,32,033,4,8,White Pine County             ,0,0,0,0,0,0,0,0,0,0,0,0,0,0,0,0,0,0,0,0,0,0,0,0
202004,32,510,4,8,Carson City (Independent City),55,55,14392352,0,0,0,0,0,0,4,35,3494560,0,0,0,0,0,0,0,0,0,0,0,0
202004,33,015,1,1,Rockingham County             ,201,201,59251701,12,24,4433089,3,10,1315715,10,118,28134363,127,127,38674637,9,18,2974657,1,4,530546,3,82,24415000
202004,33,017,1,1,Strafford County              ,109,109,14567069,0,0,0,0,0,0,2,20,2009301,41,41,9075429,0,0,0,0,0,0,0,0,0
202004,34,001,1,2,Atlantic County               ,164,164,33785027,0,0,0,0,0,0,5,73,8966183,156,156,31813865,0,0,0,0,0,0,1,5,1
202004,34,003,1,2,Bergen County                 ,343,343,72974939,45,90,13920729,5,16,702906,48,518,80694914,252,252,47607146,40,80,11935359,4,13,329983,18,288,56012481
202004,34,005,1,2,Burlington County             ,262,262,35374272,1,2,24000,1,3,203526,13,123,12596016,185,185,26395881,1,2,24000,0,0,0,4,69,7349724
202004,34,007,1,2,Camden County                 ,118,118,12855929,0,0,0,0,0,0,8,123,7178826,104,104,11025947,0,0,0,0,0,0,2,60,2805000
202004,34,009,1,2,Cape May County               ,134,134,41176642,29,58,11344532,1,3,20000,1,5,616200,128,128,40111024,27,54,10964694,0,0,0,1,5,616200
202004,34,011,1,2,Cumberland County             ,53,53,1727613,0,0,0,0,0,0,0,0,0,52,52,1615407,0,0,0,0,0,0,0,0,0
202004,34,013,1,2,Essex County                  ,170,170,26830018,33,66,5887204,13,42,3851319,23,492,27673106,121,121,20960998,28,56,4976513,11,35,2542677,7,291,9749186
202004,34,015,1,2,Gloucester County             ,183,183,23319106,0,0,0,0,0,0,6,31,3833850,137,137,17399585,0,0,0,0,0,0,0,0,0
202004,34,017,1,2,Hudson County                 ,38,38,11225597,14,28,3117026,17,56,7776933,23,1368,151274828,36,36,10147790,12,24,2612500,17,56,7776933,20,1293,85075246
202004,34,019,1,2,Hunterdon County              ,81,81,7080377,1,2,233200,0,0,0,7,43,2299884,67,67,4657770,0,0,0,0,0,0,0,0,0
202004,34,021,1,2,Mercer County                 ,103,103,14615041,0,0,0,1,3,16500,9,62,2426967,98,98,13509684,0,0,0,0,0,0,4,35,1551750
202004,34,023,1,2,Middlesex County              ,240,240,36254761,3,6,797800,5,16,663222,15,200,23877065,221,221,32925946,2,4,587400,5,16,663222,11,107,5243035
202004,34,025,1,2,Monmouth County               ,475,475,102961418,0,0,0,1,4,737600,6,117,11190090,427,427,86086612,0,0,0,1,4,737600,4,105,10638234
202004,34,027,1,2,Morris County                 ,353,353,53962616,0,0,0,0,0,0,9,129,9532102,291,291,40075182,0,0,0,0,0,0,5,109,6621000
202004,34,029,1,2,Ocean County                  ,811,811,118727383,11,22,997584,4,14,10000,17,142,9287856,712,712,104453185,8,16,542202,4,14,10000,15,125,8067000
202004,34,031,1,2,Passaic County                ,25,25,5907659,6,12,748448,0,0,0,10,124,9669661,10,10,2925281,2,4,232500,0,0,0,4,79,7515500
202004,34,033,1,2,Salem County                  ,10,10,1488566,0,0,0,0,0,0,0,0,0,8,8,1150400,0,0,0,0,0,0,0,0,0
202004,34,035,1,2,Somerset County               ,100,100,15784391,1,2,166500,12,40,5595382,6,88,8695510,82,82,13531165,0,0,0,12,40,5595382,1,23,2400000
202004,34,037,1,2,Sussex County                 ,66,66,7608130,0,0,0,3,12,1455300,0,0,0,62,62,6642443,0,0,0,3,12,1455300,0,0,0
202004,34,039,1,2,Union County                  ,72,72,14614409,25,50,4085118,3,9,5909051,22,350,19503056,36,36,7712319,15,30,2443050,1,3,5462628,3,21,2189245
202004,34,041,1,2,Warren County                 ,59,59,6904169,1,2,46300,0,0,0,15,79,3792792,41,41,3605011,1,2,46300,0,0,0,15,79,3792792
202004,35,000,4,8,New Mexico Balance of State   ,103,103,27918556,0,0,0,0,0,0,0,0,0,0,0,0,0,0,0,0,0,0,0,0,0
202004,35,001,4,8,Bernalillo County             ,417,417,117757567,0,0,0,0,0,0,0,0,0,417,417,117757567,0,0,0,0,0,0,0,0,0
202004,35,005,4,8,Chaves County                 ,20,20,3974270,0,0,0,0,0,0,0,0,0,12,12,2577500,0,0,0,0,0,0,0,0,0
202004,35,009,4,8,Curry County                  ,14,14,3527766,0,0,0,0,0,0,4,20,1843752,0,0,0,0,0,0,0,0,0,0,0,0
202004,35,013,4,8,Dona Ana County               ,308,308,77747978,1,2,256944,0,0,0,0,0,0,293,293,73607275,1,2,256944,0,0,0,0,0,0
202004,35,015,4,8,Eddy County                   ,61,61,15003706,0,0,0,0,0,0,3,24,1811321,20,20,5790900,0,0,0,0,0,0,0,0,0
202004,35,017,4,8,Grant County                  ,1,1,162080,0,0,0,0,0,0,0,0,0,0,0,0,0,0,0,0,0,0,0,0,0
202004,35,025,4,8,Lea County                    ,42,42,8970823,0,0,0,0,0,0,0,0,0,0,0,0,0,0,0,0,0,0,0,0,0
202004,35,027,4,8,Lincoln County                ,20,20,6446570,0,0,0,0,0,0,0,0,0,20,20,6446570,0,0,0,0,0,0,0,0,0
202004,35,028,4,8,Los Alamos County             ,3,3,712493,0,0,0,0,0,0,0,0,0,3,3,712493,0,0,0,0,0,0,0,0,0
202004,35,029,4,8,Luna County                   ,4,4,849380,0,0,0,0,0,0,0,0,0,1,1,282835,0,0,0,0,0,0,0,0,0
202004,35,031,4,8,McKinley County               ,0,0,0,0,0,0,0,0,0,0,0,0,0,0,0,0,0,0,0,0,0,0,0,0
202004,35,035,4,8,Otero County                  ,0,0,0,0,0,0,0,0,0,0,0,0,0,0,0,0,0,0,0,0,0,0,0,0
202004,35,041,4,8,Roosevelt County              ,4,4,614578,0,0,0,0,0,0,0,0,0,0,0,0,0,0,0,0,0,0,0,0,0
202004,35,043,4,8,Sandoval County               ,217,217,48234055,0,0,0,2,6,672314,4,23,958332,0,0,0,0,0,0,0,0,0,0,0,0
202004,35,045,4,8,San Juan County               ,19,19,4269644,0,0,0,0,0,0,0,0,0,19,19,4269644,0,0,0,0,0,0,0,0,0
202004,35,047,4,8,San Miguel County             ,1,1,70000,0,0,0,0,0,0,0,0,0,1,1,70000,0,0,0,0,0,0,0,0,0
202004,35,049,4,8,Santa Fe County               ,119,119,32479683,0,0,0,0,0,0,2,48,6000000,119,119,32479683,0,0,0,0,0,0,2,48,6000000
202004,35,051,4,8,Sierra County                 ,0,0,0,0,0,0,0,0,0,0,0,0,0,0,0,0,0,0,0,0,0,0,0,0
202004,35,055,4,8,Taos County                   ,15,15,3820185,0,0,0,0,0,0,0,0,0,14,14,3581546,0,0,0,0,0,0,0,0,0
202004,35,061,4,8,Valencia County               ,46,46,7631924,0,0,0,0,0,0,0,0,0,46,46,7631924,0,0,0,0,0,0,0,0,0
202004,36,001,1,2,Albany County                 ,54,54,13364647,2,4,612500,2,6,900000,5,58,4572340,28,28,6897273,1,2,315000,0,0,0,3,48,2700000
202004,36,005,1,2,Bronx County                  ,4,4,1049634,4,8,1202628,5,17,2261816,20,744,95987381,4,4,1049634,4,8,1202628,5,17,2261816,20,744,95987381
202004,36,029,1,2,Erie County                   ,214,214,70183014,2,4,478000,3,12,2898200,4,61,13685142,171,171,53150359,2,4,478000,3,12,2898200,0,0,0
202004,36,047,1,2,Kings County                  ,19,19,4997438,18,36,5420680,6,18,2392394,52,2180,272895131,19,19,4997438,18,36,5420680,6,18,2392394,52,2180,272895131
202004,36,051,1,2,Livingston County             ,11,11,3191000,0,0,0,0,0,0,0,0,0,9,9,2825000,0,0,0,0,0,0,0,0,0
202004,36,055,1,2,Monroe County                 ,153,153,38943402,2,4,1150000,2,8,840000,7,225,31971639,131,131,35554729,2,4,1150000,2,8,840000,3,182,28475521
202004,36,059,1,2,Nassau County                 ,204,204,90158358,3,6,1050000,1,3,399144,7,79,11352987,101,101,64058556,1,2,500000,1,3,399144,3,54,6400000
202004,36,061,1,2,New York County               ,0,0,0,1,2,300657,0,0,0,10,662,85408127,0,0,0,1,2,300657,0,0,0,10,662,85408127
202004,36,063,1,2,Niagara County                ,26,26,7536764,1,2,100000,0,0,0,1,39,681080,21,21,5967265,0,0,0,0,0,0,1,39,681080
202004,36,069,1,2,Ontario County                ,62,62,16631178,0,0,0,0,0,0,0,0,0,44,44,12046979,0,0,0,0,0,0,0,0,0
202004,36,073,1,2,Orleans County                ,2,2,355000,0,0,0,0,0,0,0,0,0,1,1,245000,0,0,0,0,0,0,0,0,0
202004,36,079,1,2,Putnam County                 ,10,10,2667868,0,0,0,0,0,0,0,0,0,4,4,1546200,0,0,0,0,0,0,0,0,0
202004,36,081,1,2,Queens County                 ,12,12,3148904,29,58,8719059,7,21,2794008,31,2348,302927917,12,12,3148904,29,58,8719059,7,21,2794008,31,2348,302927917
202004,36,083,1,2,Rensselaer County             ,30,30,7189192,0,0,0,0,0,0,3,17,2599038,17,17,3933500,0,0,0,0,0,0,0,0,0
202004,36,085,1,2,Richmond County               ,15,15,3936130,18,36,5411830,0,0,0,0,0,0,15,15,3936130,18,36,5411830,0,0,0,0,0,0
202004,36,087,1,2,Rockland County               ,23,23,6202910,6,12,1751905,4,12,1515735,10,152,19791454,8,8,2265000,0,0,0,0,0,0,7,132,17030019
202004,36,091,1,2,Saratoga County               ,147,147,40951835,2,4,600000,3,10,1710000,6,47,4342231,106,106,27689430,2,4,600000,3,10,1710000,2,24,3444582
202004,36,093,1,2,Schenectady County            ,13,13,3192413,0,0,0,0,0,0,2,55,7328415,10,10,2465000,0,0,0,0,0,0,2,55,7328415
202004,36,095,1,2,Schoharie County              ,5,5,855978,0,0,0,0,0,0,0,0,0,1,1,120000,0,0,0,0,0,0,0,0,0
202004,36,099,1,2,Seneca County                 ,9,9,1157287,0,0,0,0,0,0,0,0,0,4,4,502000,0,0,0,0,0,0,0,0,0
202004,36,103,1,2,Suffolk County                ,154,154,132438186,0,0,0,2,6,1121340,3,27,3062676,131,131,112980480,0,0,0,1,3,560670,0,0,0
202004,36,117,1,2,Wayne County                  ,18,18,3950576,2,4,462500,0,0,0,1,6,275000,13,13,2881500,2,4,462500,0,0,0,1,6,275000
202004,36,119,1,2,Westchester County            ,92,92,56552074,9,18,2528198,2,6,240000,15,443,73553714,68,68,42473445,1,2,70000,0,0,0,4,202,40838628
202004,37,007,3,5,Anson County                  ,17,17,2547705,0,0,0,0,0,0,0,0,0,0,0,0,0,0,0,0,0,0,0,0,0
202004,37,011,3,5,Avery County                  ,41,41,19362733,0,0,0,0,0,0,1,8,350000,41,41,19362733,0,0,0,0,0,0,1,8,350000
202004,37,015,3,5,Bertie County                 ,2,2,461466,0,0,0,0,0,0,0,0,0,2,2,461466,0,0,0,0,0,0,0,0,0
202004,37,025,3,5,Cabarrus County               ,735,735,115165365,0,0,0,0,0,0,0,0,0,735,735,115165365,0,0,0,0,0,0,0,0,0
202004,37,033,3,5,Caswell County                ,4,4,1232576,0,0,0,0,0,0,0,0,0,4,4,1232576,0,0,0,0,0,0,0,0,0
202004,37,037,3,5,Chatham County                ,174,174,60398597,0,0,0,0,0,0,0,0,0,174,174,60398597,0,0,0,0,0,0,0,0,0
202004,37,051,3,5,Cumberland County             ,168,168,28916694,1,2,343204,0,0,0,3,66,12000000,168,168,28916694,0,0,0,0,0,0,3,66,12000000
202004,37,053,3,5,Currituck County              ,153,153,38538877,0,0,0,0,0,0,0,0,0,0,0,0,0,0,0,0,0,0,0,0,0
202004,37,059,3,5,Davie County                  ,55,55,11779292,0,0,0,0,0,0,4,72,2839296,0,0,0,0,0,0,0,0,0,0,0,0
202004,37,063,3,5,Durham County                 ,727,727,139387054,4,8,679588,0,0,0,15,442,45154514,0,0,0,0,0,0,0,0,0,0,0,0
202004,37,069,3,5,Franklin County               ,174,174,35580991,0,0,0,0,0,0,0,0,0,174,174,35580991,0,0,0,0,0,0,0,0,0
202004,37,071,3,5,Gaston County                 ,371,371,115405691,2,4,533048,0,0,0,1,8,797273,295,295,91415731,1,2,256304,0,0,0,0,0,0
202004,37,077,3,5,Granville County              ,107,107,21532139,0,0,0,0,0,0,0,0,0,107,107,21532139,0,0,0,0,0,0,0,0,0
202004,37,081,3,5,Guilford County               ,506,506,121224256,1,2,133000,0,0,0,7,272,34730964,458,458,104754480,1,2,133000,0,0,0,7,272,34730964
202004,37,089,3,5,Henderson County              ,176,176,48401113,0,0,0,0,0,0,0,0,0,176,176,48401113,0,0,0,0,0,0,0,0,0
202004,37,093,3,5,Hoke County                   ,116,116,27419474,0,0,0,0,0,0,0,0,0,116,116,27419474,0,0,0,0,0,0,0,0,0
202004,37,097,3,5,Iredell County                ,508,508,130035738,0,0,0,0,0,0,0,0,0,508,508,130035738,0,0,0,0,0,0,0,0,0
202004,37,101,3,5,Johnston County               ,1000,1000,165939623,0,0,0,0,0,0,0,0,0,932,932,156311552,0,0,0,0,0,0,0,0,0
202004,37,119,3,5,Mecklenburg County            ,2108,2108,498827649,4,8,880625,0,0,0,23,889,93829853,2108,2108,498827649,4,8,880625,0,0,0,23,889,93829853
202004,37,133,3,5,Onslow County                 ,370,370,59836153,0,0,0,1,4,320000,0,0,0,370,370,59836153,0,0,0,1,4,320000,0,0,0
202004,37,135,3,5,Orange County                 ,112,112,33814737,1,2,152000,0,0,0,0,0,0,112,112,33814737,1,2,152000,0,0,0,0,0,0
202004,37,145,3,5,Person County                 ,26,26,6400300,0,0,0,0,0,0,0,0,0,26,26,6400300,0,0,0,0,0,0,0,0,0
202004,37,151,3,5,Randolph County               ,132,132,30657749,1,2,84091,0,0,0,0,0,0,121,121,29659261,0,0,0,0,0,0,0,0,0
202004,37,157,3,5,Rockingham County             ,66,66,18210463,2,4,647682,0,0,0,0,0,0,63,63,17618568,1,2,269332,0,0,0,0,0,0
202004,37,179,3,5,Union County                  ,701,701,151489720,0,0,0,0,0,0,0,0,0,701,701,151489720,0,0,0,0,0,0,0,0,0
202004,37,181,3,5,Vance County                  ,31,31,4195959,0,0,0,0,0,0,0,0,0,31,31,4195959,0,0,0,0,0,0,0,0,0
202004,37,183,3,5,Wake County                   ,2676,2676,663241561,5,10,1542380,0,0,0,34,1799,266821298,2491,2491,629030741,4,8,1342509,0,0,0,31,1730,260261113
202004,37,195,3,5,Wilson County                 ,62,62,11189697,3,6,180000,0,0,0,0,0,0,62,62,11189697,3,6,180000,0,0,0,0,0,0
202004,39,007,2,3,Ashtabula County              ,19,19,2882000,1,2,200000,1,3,240000,0,0,0,19,19,2882000,1,2,200000,1,3,240000,0,0,0
202004,39,015,2,3,Brown County                  ,25,25,6829962,0,0,0,0,0,0,0,0,0,25,25,6829962,0,0,0,0,0,0,0,0,0
202004,39,017,2,3,Butler County                 ,213,213,44819413,3,6,840000,0,0,0,0,0,0,175,175,38587125,3,6,840000,0,0,0,0,0,0
202004,39,025,2,3,Clermont County               ,168,168,39743107,7,14,2012971,4,15,1400000,3,24,1153550,168,168,39743107,7,14,2012971,4,15,1400000,3,24,1153550
202004,39,041,2,3,Delaware County               ,472,472,125309632,0,0,0,1,4,658857,7,83,5848474,378,378,105262605,0,0,0,0,0,0,4,56,3269145
202004,39,049,2,3,Franklin County               ,509,509,169172455,7,14,2775000,4,12,2284199,34,1330,159168016,465,465,153954053,7,14,2775000,4,12,2284199,33,1325,158943016
202004,39,055,2,3,Geauga County                 ,32,32,10034235,0,0,0,0,0,0,0,0,0,32,32,10034235,0,0,0,0,0,0,0,0,0
202004,39,085,2,3,Lake County                   ,183,183,37992017,0,0,0,0,0,0,1,119,6000000,183,183,37992017,0,0,0,0,0,0,1,119,6000000
202004,39,089,2,3,Licking County                ,71,71,20009600,0,0,0,0,0,0,0,0,0,71,71,20009600,0,0,0,0,0,0,0,0,0
202004,39,093,2,3,Lorain County                 ,323,323,90538987,1,2,231220,4,15,1270000,5,33,3963324,260,260,75889519,0,0,0,4,15,1270000,5,33,3963324
202004,39,097,2,3,Madison County                ,46,46,12016742,0,0,0,0,0,0,0,0,0,23,23,5359626,0,0,0,0,0,0,0,0,0
202004,39,103,2,3,Medina County                 ,130,130,48263726,0,0,0,0,0,0,0,0,0,130,130,48263726,0,0,0,0,0,0,0,0,0
202004,39,117,2,3,Morrow County                 ,27,27,6810039,0,0,0,0,0,0,0,0,0,26,26,6614289,0,0,0,0,0,0,0,0,0
202004,39,159,2,3,Union County                  ,103,103,31510422,4,8,1230000,2,8,560000,5,28,2000000,103,103,31510422,4,8,1230000,2,8,560000,5,28,2000000
202004,39,165,2,3,Warren County                 ,418,418,120718866,0,0,0,0,0,0,10,154,16003395,418,418,120718866,0,0,0,0,0,0,10,154,16003395
202004,40,001,3,7,Adair County                  ,0,0,0,1,2,300000,0,0,0,0,0,0,0,0,0,1,2,300000,0,0,0,0,0,0
202004,40,017,3,7,Canadian County               ,156,156,34956201,4,8,1320000,0,0,0,0,0,0,141,141,30352607,4,8,1320000,0,0,0,0,0,0
202004,40,021,3,7,Cherokee County               ,32,32,3599717,1,2,130000,0,0,0,3,15,732144,8,8,450000,0,0,0,0,0,0,0,0,0
202004,40,027,3,7,Cleveland County              ,235,235,57550944,2,4,780888,1,4,720000,0,0,0,74,74,13597134,0,0,0,1,4,720000,0,0,0
202004,40,029,3,7,Coal County                   ,0,0,0,0,0,0,0,0,0,0,0,0,0,0,0,0,0,0,0,0,0,0,0,0
202004,40,037,3,7,Creek County                  ,30,30,6397239,1,2,223682,0,0,0,4,44,3384616,9,9,1698457,1,2,223682,0,0,0,0,0,0
202004,40,051,3,7,Grady County                  ,27,27,3038000,11,22,1617000,0,0,0,0,0,0,27,27,3038000,11,22,1617000,0,0,0,0,0,0
202004,40,055,3,7,Greer County                  ,1,1,262500,0,0,0,0,0,0,0,0,0,0,0,0,0,0,0,0,0,0,0,0,0
202004,40,081,3,7,Lincoln County                ,2,2,329157,0,0,0,0,0,0,0,0,0,1,1,237457,0,0,0,0,0,0,0,0,0
202004,40,083,3,7,Logan County                  ,7,7,1234000,0,0,0,0,0,0,0,0,0,7,7,1234000,0,0,0,0,0,0,0,0,0
202004,40,087,3,7,McClain County                ,156,156,33537372,3,6,697365,0,0,0,0,0,0,77,77,18444919,2,4,447365,0,0,0,0,0,0
202004,40,109,3,7,Oklahoma County               ,1409,1409,330501115,45,90,7815571,1,3,337941,0,0,0,882,882,219755234,35,70,5752680,0,0,0,0,0,0
202004,40,111,3,7,Okmulgee County               ,1,1,180000,0,0,0,0,0,0,0,0,0,1,1,180000,0,0,0,0,0,0,0,0,0
202004,40,113,3,7,Osage County                  ,40,40,8806617,0,0,0,0,0,0,1,8,500000,40,40,8806617,0,0,0,0,0,0,1,8,500000
202004,40,117,3,7,Pawnee County                 ,1,1,325000,0,0,0,0,0,0,0,0,0,1,1,325000,0,0,0,0,0,0,0,0,0
202004,40,131,3,7,Rogers County                 ,147,147,27968471,3,6,247320,0,0,0,0,0,0,144,144,27452721,3,6,247320,0,0,0,0,0,0
202004,40,143,3,7,Tulsa County                  ,832,832,188639041,4,8,801316,10,40,3875440,27,408,43905868,829,829,187977271,4,8,801316,10,40,3875440,27,408,43905868
202004,40,145,3,7,Wagoner County                ,153,153,31976563,0,0,0,0,0,0,0,0,0,153,153,31976563,0,0,0,0,0,0,0,0,0
202004,41,000,4,9,Oregon Balance of State       ,96,96,11826500,0,0,0,0,0,0,0,0,0,96,96,11826500,0,0,0,0,0,0,0,0,0
202004,41,005,4,9,Clackamas County              ,478,478,152714145,4,8,546480,0,0,0,15,495,59703573,445,445,135263250,4,8,546480,0,0,0,12,470,56068148
202004,41,017,4,9,Deschutes County              ,515,515,127404756,17,34,4268128,0,0,0,1,14,1100000,515,515,127404756,17,34,4268128,0,0,0,1,14,1100000
202004,41,019,4,9,Douglas County                ,50,50,12970688,2,4,458490,0,0,0,0,0,0,50,50,12970688,2,4,458490,0,0,0,0,0,0
202004,41,025,4,9,Harney County                 ,4,4,1082452,0,0,0,0,0,0,0,0,0,4,4,1082452,0,0,0,0,0,0,0,0,0
202004,41,035,4,9,Klamath County                ,28,28,6437060,0,0,0,0,0,0,0,0,0,28,28,6437060,0,0,0,0,0,0,0,0,0
202004,41,051,4,9,Multnomah County              ,256,256,67466052,18,36,6629112,2,6,1450227,25,1122,144805747,147,147,39770221,7,14,2125684,0,0,0,15,428,52283783
202004,41,065,4,9,Wasco County                  ,26,26,6531096,1,2,80000,0,0,0,0,0,0,26,26,6531096,1,2,80000,0,0,0,0,0,0
202004,41,067,4,9,Washington County             ,477,477,144288095,0,0,0,0,0,0,12,638,69012178,477,477,144288095,0,0,0,0,0,0,12,638,69012178
202004,41,071,4,9,Yamhill County                ,102,102,28959044,11,22,2778321,0,0,0,0,0,0,101,101,28765620,11,22,2778321,0,0,0,0,0,0
202004,42,001,1,2,Adams County                  ,61,61,13014166,0,0,0,0,0,0,0,0,0,50,50,9617935,0,0,0,0,0,0,0,0,0
202004,42,017,1,2,Bucks County                  ,178,178,47049066,0,0,0,0,0,0,0,0,0,127,127,33565450,0,0,0,0,0,0,0,0,0
202004,42,029,1,2,Chester County                ,391,391,93386689,3,6,1078638,4,16,2514100,6,31,7389700,303,303,73564623,3,6,1078638,4,16,2514100,6,31,7389700
202004,42,037,1,2,Columbia County               ,13,13,2859292,0,0,0,0,0,0,2,10,1317822,6,6,1549818,0,0,0,0,0,0,0,0,0
202004,42,041,1,2,Cumberland County             ,250,250,51801506,2,4,458053,5,18,2865708,0,0,0,194,194,41798680,2,4,458053,4,15,2095093,0,0,0
202004,42,043,1,2,Dauphin County                ,132,132,25609698,4,8,1296895,2,6,1008640,4,81,10038176,117,117,22904924,4,8,1296895,2,6,1008640,3,76,9362500
202004,42,045,1,2,Delaware County               ,48,48,10735150,7,14,2104600,0,0,0,3,15,4487144,22,22,5337754,7,14,2104600,0,0,0,0,0,0
202004,42,055,1,2,Franklin County               ,79,79,18593474,1,2,200000,0,0,0,2,10,1301534,51,51,11868050,1,2,200000,0,0,0,0,0,0
202004,42,091,1,2,Montgomery County             ,333,333,80664142,0,0,0,7,25,3021472,7,475,100318072,273,273,66776206,0,0,0,6,22,2724772,3,231,52436678
202004,42,093,1,2,Montour County                ,6,6,1702090,0,0,0,0,0,0,0,0,0,6,6,1702090,0,0,0,0,0,0,0,0,0
202004,42,099,1,2,Perry County                  ,24,24,6087592,0,0,0,0,0,0,0,0,0,0,0,0,0,0,0,0,0,0,0,0,0
202004,42,101,1,2,Philadelphia County           ,172,172,45354224,45,90,13954061,39,136,16586494,16,444,38622401,70,70,18368608,25,50,7433910,20,72,8998360,6,259,13611458
202004,42,103,1,2,Pike County                   ,18,18,5157996,0,0,0,0,0,0,0,0,0,10,10,3231219,0,0,0,0,0,0,0,0,0
202004,44,001,1,1,Bristol County                ,9,9,2699977,0,0,0,0,0,0,0,0,0,7,7,1979900,0,0,0,0,0,0,0,0,0
202004,44,003,1,1,Kent County                   ,46,46,7486040,0,0,0,5,18,1605000,0,0,0,35,35,5595003,0,0,0,4,15,1305000,0,0,0
202004,44,005,1,1,Newport County                ,39,39,10647162,0,0,0,0,0,0,0,0,0,36,36,9815553,0,0,0,0,0,0,0,0,0
202004,44,007,1,1,Providence County             ,105,105,19799396,9,18,2074172,6,23,1296240,2,12,5335920,79,79,15254346,7,14,1691104,6,23,1296240,2,12,5335920
202004,44,009,1,1,Washington County             ,117,117,38964650,2,4,796364,0,0,0,0,0,0,99,99,35030448,0,0,0,0,0,0,0,0,0
202004,45,003,3,5,Aiken County                  ,371,371,82638463,0,0,0,0,0,0,0,0,0,322,322,72527576,0,0,0,0,0,0,0,0,0
202004,45,009,3,5,Bamberg County                ,5,5,709000,0,0,0,0,0,0,0,0,0,5,5,709000,0,0,0,0,0,0,0,0,0
202004,45,015,3,5,Berkeley County               ,647,647,182766654,0,0,0,0,0,0,19,699,64841879,555,555,161317273,0,0,0,0,0,0,15,585,62152382
202004,45,017,3,5,Calhoun County                ,14,14,1972904,0,0,0,0,0,0,0,0,0,8,8,968800,0,0,0,0,0,0,0,0,0
202004,45,019,3,5,Charleston County             ,871,871,225276416,0,0,0,4,13,617500,10,292,18581795,372,372,129625164,0,0,0,3,9,300000,0,0,0
202004,45,035,3,5,Dorchester County             ,372,372,112492060,0,0,0,0,0,0,0,0,0,370,370,112277060,0,0,0,0,0,0,0,0,0
202004,45,037,3,5,Edgefield County              ,64,64,13616072,0,0,0,0,0,0,0,0,0,64,64,13616072,0,0,0,0,0,0,0,0,0
202004,45,039,3,5,Fairfield County              ,18,18,4425642,0,0,0,0,0,0,0,0,0,14,14,3534707,0,0,0,0,0,0,0,0,0
202004,45,045,3,5,Greenville County             ,1257,1257,328865644,0,0,0,0,0,0,9,45,1356527,1222,1222,322850402,0,0,0,0,0,0,6,30,249996
202004,45,051,3,5,Horry County                  ,1556,1556,270604250,18,36,4185250,0,0,0,7,92,7477900,1401,1401,236154010,17,34,3616770,0,0,0,5,82,6631829
202004,45,055,3,5,Kershaw County                ,118,118,21469141,0,0,0,0,0,0,1,8,635000,118,118,21469141,0,0,0,0,0,0,1,8,635000
202004,45,059,3,5,Laurens County                ,64,64,7926558,0,0,0,0,0,0,0,0,0,57,57,7436343,0,0,0,0,0,0,0,0,0
202004,45,063,3,5,Lexington County              ,668,668,170116063,0,0,0,0,0,0,4,25,3461501,78,78,18588554,0,0,0,0,0,0,0,0,0
202004,45,077,3,5,Pickens County                ,215,215,52969485,1,2,253268,0,0,0,1,8,899018,123,123,33642955,0,0,0,0,0,0,0,0,0
202004,45,079,3,5,Richland County               ,489,489,95341285,1,2,165000,0,0,0,1,5,843131,344,344,65118426,1,2,165000,0,0,0,0,0,0
202004,45,081,3,5,Saluda County                 ,14,14,3016928,0,0,0,0,0,0,0,0,0,0,0,0,0,0,0,0,0,0,0,0,0
202004,45,085,3,5,Sumter County                 ,109,109,11604046,0,0,0,0,0,0,0,0,0,109,109,11604046,0,0,0,0,0,0,0,0,0
202004,45,091,3,5,York County                   ,751,751,263132122,0,0,0,0,0,0,4,55,6243305,281,281,90687041,0,0,0,0,0,0,0,0,0
202004,46,007,2,4,Bennett County                ,0,0,0,0,0,0,0,0,0,0,0,0,0,0,0,0,0,0,0,0,0,0,0,0
202004,46,055,2,4,Haakon County                 ,0,0,0,0,0,0,0,0,0,0,0,0,0,0,0,0,0,0,0,0,0,0,0,0
202004,46,071,2,4,Jackson County                ,0,0,0,0,0,0,0,0,0,0,0,0,0,0,0,0,0,0,0,0,0,0,0,0
202004,46,111,2,4,Sanborn County                ,0,0,0,0,0,0,0,0,0,0,0,0,0,0,0,0,0,0,0,0,0,0,0,0
202004,47,001,3,6,Anderson County               ,67,67,12182791,0,0,0,0,0,0,0,0,0,61,61,11337897,0,0,0,0,0,0,0,0,0
202004,47,015,3,6,Cannon County                 ,3,3,253300,0,0,0,0,0,0,0,0,0,1,1,33100,0,0,0,0,0,0,0,0,0
202004,47,021,3,6,Cheatham County               ,76,76,13349322,0,0,0,0,0,0,0,0,0,75,75,13017090,0,0,0,0,0,0,0,0,0
202004,47,037,3,6,Davidson County               ,1320,1320,333431110,2,4,733573,4,14,1879812,38,2235,176174678,1308,1308,329428688,2,4,733573,4,14,1879812,38,2235,176174678
202004,47,043,3,6,Dickson County                ,143,143,28120575,0,0,0,0,0,0,0,0,0,92,92,18340902,0,0,0,0,0,0,0,0,0
202004,47,049,3,6,Fentress County               ,0,0,0,0,0,0,0,0,0,0,0,0,0,0,0,0,0,0,0,0,0,0,0,0
202004,47,081,3,6,Hickman County                ,29,29,4730982,1,2,120920,0,0,0,0,0,0,7,7,1021054,0,0,0,0,0,0,0,0,0
202004,47,093,3,6,Knox County                   ,572,572,117922010,0,0,0,0,0,0,10,352,41182462,117,117,28159055,0,0,0,0,0,0,10,352,41182462
202004,47,105,3,6,Loudon County                 ,125,125,33705367,1,2,400000,0,0,0,0,0,0,110,110,31000433,1,2,400000,0,0,0,0,0,0
202004,47,117,3,6,Marshall County               ,60,60,11380991,0,0,0,0,0,0,0,0,0,0,0,0,0,0,0,0,0,0,0,0,0
202004,47,125,3,6,Montgomery County             ,940,940,132451066,14,28,1792000,5,18,995000,13,276,24877400,940,940,132451066,14,28,1792000,5,18,995000,13,276,24877400
202004,47,139,3,6,Polk County                   ,69,69,12428560,0,0,0,0,0,0,0,0,0,0,0,0,0,0,0,0,0,0,0,0,0
202004,47,149,3,6,Rutherford County             ,1062,1062,261152655,0,0,0,3,12,1388964,2,32,3352556,966,966,244344037,0,0,0,3,12,1388964,0,0,0
202004,47,153,3,6,Sequatchie County             ,2,2,1101000,0,0,0,0,0,0,0,0,0,2,2,1101000,0,0,0,0,0,0,0,0,0
202004,47,157,3,6,Shelby County                 ,304,304,71669868,8,16,2408656,2,7,1142386,4,140,15046950,304,304,71669868,8,16,2408656,2,7,1142386,4,140,15046950
202004,47,159,3,6,Smith County                  ,12,12,2113200,0,0,0,0,0,0,0,0,0,12,12,2113200,0,0,0,0,0,0,0,0,0
202004,47,161,3,6,Stewart County                ,2,2,425583,0,0,0,0,0,0,0,0,0,0,0,0,0,0,0,0,0,0,0,0,0
202004,47,165,3,6,Sumner County                 ,446,446,120107950,0,0,0,0,0,0,0,0,0,360,360,97173336,0,0,0,0,0,0,0,0,0
202004,47,167,3,6,Tipton County                 ,57,57,11043200,0,0,0,0,0,0,0,0,0,21,21,5288025,0,0,0,0,0,0,0,0,0
202004,47,169,3,6,Trousdale County              ,16,16,2234000,0,0,0,0,0,0,0,0,0,16,16,2234000,0,0,0,0,0,0,0,0,0
202004,47,173,3,6,Union County                  ,14,14,2632778,0,0,0,0,0,0,0,0,0,12,12,2555000,0,0,0,0,0,0,0,0,0
202004,47,175,3,6,Van Buren County              ,0,0,0,0,0,0,0,0,0,0,0,0,0,0,0,0,0,0,0,0,0,0,0,0
202004,47,189,3,6,Wilson County                 ,499,499,130992492,1,2,200000,1,4,1000000,2,10,433417,398,398,111546648,1,2,200000,1,4,1000000,0,0,0
202004,48,013,3,7,Atascosa County               ,12,12,2243313,0,0,0,0,0,0,0,0,0,3,3,649984,0,0,0,0,0,0,0,0,0
202004,48,015,3,7,Austin County                 ,5,5,898767,0,0,0,0,0,0,0,0,0,0,0,0,0,0,0,0,0,0,0,0,0
202004,48,019,3,7,Bandera County                ,1,1,237457,0,0,0,0,0,0,0,0,0,1,1,237457,0,0,0,0,0,0,0,0,0
202004,48,021,3,7,Bastrop County                ,75,75,13769086,0,0,0,0,0,0,0,0,0,68,68,12360724,0,0,0,0,0,0,0,0,0
202004,48,025,3,7,Bee County                    ,3,3,428255,2,4,300000,0,0,0,0,0,0,0,0,0,0,0,0,0,0,0,0,0,0
202004,48,027,3,7,Bell County                   ,728,728,118267981,74,148,13434189,0,0,0,0,0,0,598,598,96530391,69,138,12393683,0,0,0,0,0,0
202004,48,029,3,7,Bexar County                  ,1609,1609,376415029,2,4,196730,9,36,4805988,58,1343,152933623,1577,1577,367933879,2,4,196730,9,36,4805988,57,1338,151868127
202004,48,051,3,7,Burleson County               ,11,11,1483000,0,0,0,0,0,0,0,0,0,11,11,1483000,0,0,0,0,0,0,0,0,0
202004,48,055,3,7,Caldwell County               ,101,101,21271984,2,4,360283,0,0,0,1,12,1312644,15,15,3073464,0,0,0,0,0,0,0,0,0
202004,48,085,3,7,Collin County                 ,3693,3693,951346882,15,30,5444880,0,0,0,34,1080,116592997,3164,3164,827665055,15,30,5444880,0,0,0,34,1080,116592997
202004,48,091,3,7,Comal County                  ,979,979,231660832,0,0,0,0,0,0,9,300,31000000,979,979,231660832,0,0,0,0,0,0,9,300,31000000
202004,48,099,3,7,Coryell County                ,92,92,11832622,24,48,4168625,0,0,0,0,0,0,92,92,11832622,24,48,4168625,0,0,0,0,0,0
202004,48,107,3,7,Crosby County                 ,1,1,10000,0,0,0,0,0,0,0,0,0,0,0,0,0,0,0,0,0,0,0,0,0
202004,48,113,3,7,Dallas County                 ,1739,1739,494325217,45,90,6665309,5,20,3409296,36,1051,122615213,1678,1678,473520937,44,88,6422326,5,20,3409296,32,1013,119388895
202004,48,119,3,7,Delta County                  ,1,1,209076,1,2,187711,0,0,0,0,0,0,1,1,209076,1,2,187711,0,0,0,0,0,0
202004,48,135,3,7,Ector County                  ,292,292,69125300,1,2,223682,0,0,0,0,0,0,292,292,69125300,1,2,223682,0,0,0,0,0,0
202004,48,139,3,7,Ellis County                  ,712,712,168754835,0,0,0,0,0,0,4,31,5276971,466,466,118627251,0,0,0,0,0,0,0,0,0
202004,48,141,3,7,El Paso County                ,813,813,189757397,26,52,6642325,7,26,3455676,12,138,22657158,198,198,46882267,3,6,717714,0,0,0,0,0,0
202004,48,157,3,7,Fort Bend County              ,3383,3383,549779825,0,0,0,0,0,0,15,516,60348391,1946,1946,455714820,0,0,0,0,0,0,8,346,41470660
202004,48,167,3,7,Galveston County              ,851,851,184068453,0,0,0,1,4,200000,0,0,0,436,436,78752014,0,0,0,1,4,200000,0,0,0
202004,48,185,3,7,Grimes County                 ,20,20,3512359,0,0,0,0,0,0,0,0,0,20,20,3512359,0,0,0,0,0,0,0,0,0
202004,48,187,3,7,Guadalupe County              ,323,323,75028195,11,22,2460507,0,0,0,1,5,561225,315,315,72781814,11,22,2460507,0,0,0,1,5,561225
202004,48,193,3,7,Hamilton County               ,1,1,80000,0,0,0,0,0,0,0,0,0,0,0,0,0,0,0,0,0,0,0,0,0
202004,48,195,3,7,Hansford County               ,1,1,204898,0,0,0,0,0,0,0,0,0,0,0,0,0,0,0,0,0,0,0,0,0
202004,48,201,3,7,Harris County                 ,5751,5751,1189273302,54,108,12889932,0,0,0,117,5584,759252074,5716,5716,1172573156,53,106,12794932,0,0,0,116,5559,757930645
202004,48,211,3,7,Hemphill County               ,0,0,0,0,0,0,0,0,0,0,0,0,0,0,0,0,0,0,0,0,0,0,0,0
202004,48,215,3,7,Hidalgo County                ,904,904,163899099,40,80,9370447,74,294,15832146,18,275,26082361,737,737,143836343,4,8,674032,65,260,12488100,16,218,20970542
202004,48,233,3,7,Hutchinson County             ,1,1,209076,0,0,0,0,0,0,0,0,0,1,1,209076,0,0,0,0,0,0,0,0,0
202004,48,251,3,7,Johnson County                ,438,438,91514842,8,16,1789459,0,0,0,27,882,100669564,435,435,90805621,8,16,1789459,0,0,0,27,882,100669564
202004,48,257,3,7,Kaufman County                ,168,168,37403134,0,0,0,0,0,0,1,12,1258741,163,163,36151923,0,0,0,0,0,0,0,0,0
202004,48,259,3,7,Kendall County                ,120,120,29650078,0,0,0,0,0,0,0,0,0,61,61,14303095,0,0,0,0,0,0,0,0,0
202004,48,271,3,7,Kinney County                 ,0,0,0,0,0,0,0,0,0,0,0,0,0,0,0,0,0,0,0,0,0,0,0,0
202004,48,281,3,7,Lampasas County               ,15,15,1857500,0,0,0,0,0,0,0,0,0,15,15,1857500,0,0,0,0,0,0,0,0,0
202004,48,291,3,7,Liberty County                ,217,217,29925528,0,0,0,0,0,0,0,0,0,184,184,23294706,0,0,0,0,0,0,0,0,0
202004,48,303,3,7,Lubbock County                ,635,635,131915911,29,58,6796833,1,4,400000,62,464,38552252,523,523,107228442,23,46,5430223,1,4,400000,57,425,35879664
202004,48,323,3,7,Maverick County               ,27,27,6871917,1,2,110981,0,0,0,0,0,0,0,0,0,0,0,0,0,0,0,0,0,0
202004,48,325,3,7,Medina County                 ,6,6,1441038,0,0,0,0,0,0,0,0,0,5,5,1269000,0,0,0,0,0,0,0,0,0
202004,48,329,3,7,Midland County                ,543,543,83708892,0,0,0,0,0,0,0,0,0,543,543,83708892,0,0,0,0,0,0,0,0,0
202004,48,339,3,7,Montgomery County             ,2416,2416,517703543,0,0,0,0,0,0,19,496,44747832,2378,2378,509414328,0,0,0,0,0,0,15,470,41889480
202004,48,367,3,7,Parker County                 ,192,192,43323549,1,2,295877,1,3,163068,1,5,435279,177,177,40308721,0,0,0,0,0,0,0,0,0
202004,48,375,3,7,Potter County                 ,153,153,36166422,0,0,0,0,0,0,0,0,0,153,153,36166422,0,0,0,0,0,0,0,0,0
202004,48,383,3,7,Reagan County                 ,0,0,0,0,0,0,0,0,0,0,0,0,0,0,0,0,0,0,0,0,0,0,0,0
202004,48,385,3,7,Real County                   ,0,0,0,0,0,0,0,0,0,0,0,0,0,0,0,0,0,0,0,0,0,0,0,0
202004,48,395,3,7,Robertson County              ,28,28,5748948,0,0,0,0,0,0,0,0,0,28,28,5748948,0,0,0,0,0,0,0,0,0
202004,48,397,3,7,Rockwall County               ,573,573,177569745,0,0,0,0,0,0,0,0,0,290,290,83048132,0,0,0,0,0,0,0,0,0
202004,48,407,3,7,San Jacinto County            ,144,144,31744548,0,0,0,0,0,0,0,0,0,0,0,0,0,0,0,0,0,0,0,0,0
202004,48,411,3,7,San Saba County               ,0,0,0,0,0,0,0,0,0,0,0,0,0,0,0,0,0,0,0,0,0,0,0,0
202004,48,451,3,7,Tom Green County              ,145,145,30094545,0,0,0,0,0,0,0,0,0,145,145,30094545,0,0,0,0,0,0,0,0,0
202004,48,453,3,7,Travis County                 ,3278,3278,775948075,35,70,6557428,0,0,0,116,6207,507268295,3246,3246,767891078,35,70,6557428,0,0,0,116,6207,507268295
202004,48,473,3,7,Waller County                 ,18,18,2239517,0,0,0,0,0,0,4,21,465793,0,0,0,0,0,0,0,0,0,0,0,0
202004,48,491,3,7,Williamson County             ,1994,1994,479735574,47,94,12250065,0,0,0,11,581,62000000,1896,1896,456126136,47,94,12250065,0,0,0,11,581,62000000
202004,48,493,3,7,Wilson County                 ,19,19,4082730,0,0,0,0,0,0,0,0,0,1,1,237457,0,0,0,0,0,0,0,0,0
202004,48,497,3,7,Wise County                   ,24,24,5687103,0,0,0,0,0,0,2,11,1004667,20,20,4742392,0,0,0,0,0,0,0,0,0
202004,49,011,4,8,Davis County                  ,554,554,149130243,0,0,0,0,0,0,8,222,22255179,542,542,145195399,0,0,0,0,0,0,6,212,20774362
202004,49,023,4,8,Juab County                   ,22,22,7229868,0,0,0,0,0,0,0,0,0,17,17,5527918,0,0,0,0,0,0,0,0,0
202004,49,029,4,8,Morgan County                 ,35,35,17717927,0,0,0,0,0,0,0,0,0,27,27,15697797,0,0,0,0,0,0,0,0,0
202004,49,035,4,8,Salt Lake County              ,1333,1333,344794620,46,92,9241723,18,59,12246286,26,1926,323693917,1018,1018,265587085,42,84,8130013,14,47,10405028,21,1870,315913150
202004,49,039,4,8,Sanpete County                ,13,13,3335496,0,0,0,0,0,0,0,0,0,13,13,3335496,0,0,0,0,0,0,0,0,0
202004,49,043,4,8,Summit County                 ,47,47,25870798,0,0,0,2,6,1683060,4,21,3587993,16,16,10798901,0,0,0,0,0,0,0,0,0
202004,49,057,4,8,Weber County                  ,537,537,104542821,0,0,0,15,54,10200613,8,67,7401369,482,482,88090261,0,0,0,13,46,8894063,5,50,5778494
202004,51,003,3,5,Albemarle County              ,195,195,63216333,0,0,0,0,0,0,2,30,2670951,138,138,47011889,0,0,0,0,0,0,0,0,0
202004,51,007,3,5,Amelia County                 ,19,19,4818540,0,0,0,0,0,0,0,0,0,19,19,4818540,0,0,0,0,0,0,0,0,0
202004,51,009,3,5,Amherst County                ,21,21,4646549,0,0,0,0,0,0,0,0,0,4,4,1131856,0,0,0,0,0,0,0,0,0
202004,51,013,3,5,Arlington County              ,134,134,43699720,1,2,120000,0,0,0,1,160,45000000,134,134,43699720,1,2,120000,0,0,0,1,160,45000000
202004,51,015,3,5,Augusta County                ,99,99,19459292,0,0,0,0,0,0,0,0,0,99,99,19459292,0,0,0,0,0,0,0,0,0
202004,51,019,3,5,Bedford County                ,0,0,0,0,0,0,2,8,1800000,2,108,2800000,0,0,0,0,0,0,2,8,1800000,2,108,2800000
202004,51,033,3,5,Caroline County               ,53,53,10802014,0,0,0,0,0,0,0,0,0,53,53,10802014,0,0,0,0,0,0,0,0,0
202004,51,036,3,5,Charles City County           ,5,5,838835,0,0,0,0,0,0,0,0,0,0,0,0,0,0,0,0,0,0,0,0,0
202004,51,037,3,5,Charlotte County              ,4,4,604082,0,0,0,0,0,0,0,0,0,4,4,604082,0,0,0,0,0,0,0,0,0
202004,51,041,3,5,Chesterfield County           ,602,602,124050290,4,8,1050383,25,92,12259017,14,260,13462468,602,602,124050290,4,8,1050383,25,92,12259017,14,260,13462468
202004,51,043,3,5,Clarke County                 ,17,17,5163453,0,0,0,0,0,0,0,0,0,17,17,5163453,0,0,0,0,0,0,0,0,0
202004,51,049,3,5,Cumberland County             ,16,16,1440500,0,0,0,0,0,0,0,0,0,16,16,1440500,0,0,0,0,0,0,0,0,0
202004,51,051,3,5,Dickenson County              ,2,2,1310000,0,0,0,0,0,0,0,0,0,2,2,1310000,0,0,0,0,0,0,0,0,0
202004,51,053,3,5,Dinwiddie County              ,29,29,4568969,0,0,0,0,0,0,0,0,0,0,0,0,0,0,0,0,0,0,0,0,0
202004,51,059,3,5,Fairfax County                ,335,335,79453431,0,0,0,0,0,0,5,39,5740000,334,334,79137431,0,0,0,0,0,0,5,39,5740000
202004,51,061,3,5,Fauquier County               ,68,68,21752821,0,0,0,0,0,0,0,0,0,68,68,21752821,0,0,0,0,0,0,0,0,0
202004,51,069,3,5,Frederick County              ,219,219,49788467,0,0,0,0,0,0,0,0,0,219,219,49788467,0,0,0,0,0,0,0,0,0
202004,51,073,3,5,Gloucester County             ,38,38,8896472,0,0,0,0,0,0,0,0,0,15,15,2862500,0,0,0,0,0,0,0,0,0
202004,51,075,3,5,Goochland County              ,85,85,21188360,0,0,0,0,0,0,0,0,0,66,66,15561135,0,0,0,0,0,0,0,0,0
202004,51,085,3,5,Hanover County                ,197,197,42651483,0,0,0,0,0,0,0,0,0,197,197,42651483,0,0,0,0,0,0,0,0,0
202004,51,087,3,5,Henrico County                ,266,266,42169704,112,224,7700000,0,0,0,1,121,13395857,266,266,42169704,112,224,7700000,0,0,0,1,121,13395857
202004,51,093,3,5,Isle of Wight County          ,69,69,14507500,0,0,0,0,0,0,0,0,0,69,69,14507500,0,0,0,0,0,0,0,0,0
202004,51,095,3,5,James City County             ,85,85,27996394,1,2,525000,6,20,2752083,1,5,837920,85,85,27996394,1,2,525000,6,20,2752083,1,5,837920
202004,51,097,3,5,King and Queen County         ,3,3,390000,0,0,0,0,0,0,0,0,0,3,3,390000,0,0,0,0,0,0,0,0,0
202004,51,099,3,5,King George County            ,59,59,12143274,0,0,0,0,0,0,0,0,0,59,59,12143274,0,0,0,0,0,0,0,0,0
202004,51,107,3,5,Loudoun County                ,574,574,132182671,0,0,0,0,0,0,7,407,38646255,574,574,132182671,0,0,0,0,0,0,7,407,38646255
202004,51,109,3,5,Louisa County                 ,117,117,23456191,0,0,0,0,0,0,0,0,0,61,61,11136288,0,0,0,0,0,0,0,0,0
202004,51,115,3,5,Mathews County                ,11,11,3587000,0,0,0,0,0,0,0,0,0,11,11,3587000,0,0,0,0,0,0,0,0,0
202004,51,127,3,5,New Kent County               ,91,91,32312061,0,0,0,1,4,868000,0,0,0,91,91,32312061,0,0,0,1,4,868000,0,0,0
202004,51,139,3,5,Page County                   ,20,20,2929000,0,0,0,0,0,0,0,0,0,20,20,2929000,0,0,0,0,0,0,0,0,0
202004,51,145,3,5,Powhatan County               ,70,70,15950575,1,2,240000,0,0,0,0,0,0,70,70,15950575,1,2,240000,0,0,0,0,0,0
202004,51,149,3,5,Prince George County          ,18,18,3024270,0,0,0,0,0,0,0,0,0,18,18,3024270,0,0,0,0,0,0,0,0,0
202004,51,153,3,5,Prince William County         ,492,492,95181944,0,0,0,0,0,0,5,70,7913511,399,399,78351422,0,0,0,0,0,0,0,0,0
202004,51,165,3,5,Rockingham County             ,161,161,48830380,0,0,0,0,0,0,0,0,0,161,161,48830380,0,0,0,0,0,0,0,0,0
202004,51,175,3,5,Southampton County            ,13,13,2326242,0,0,0,0,0,0,0,0,0,3,3,727996,0,0,0,0,0,0,0,0,0
202004,51,177,3,5,Spotsylvania County           ,234,234,61658686,0,0,0,0,0,0,8,265,31237769,0,0,0,0,0,0,0,0,0,0,0,0
202004,51,179,3,5,Stafford County               ,278,278,67202236,0,0,0,0,0,0,0,0,0,278,278,67202236,0,0,0,0,0,0,0,0,0
202004,51,181,3,5,Surry County                  ,12,12,2206697,0,0,0,0,0,0,0,0,0,6,6,1034059,0,0,0,0,0,0,0,0,0
202004,51,183,3,5,Sussex County                 ,14,14,2273906,0,0,0,0,0,0,0,0,0,14,14,2273906,0,0,0,0,0,0,0,0,0
202004,51,187,3,5,Warren County                 ,46,46,10192000,0,0,0,0,0,0,0,0,0,46,46,10192000,0,0,0,0,0,0,0,0,0
202004,51,199,3,5,York County                   ,86,86,19610126,2,4,600000,0,0,0,0,0,0,86,86,19610126,2,4,600000,0,0,0,0,0,0
202004,51,510,3,5,Alexandria (Independent City) ,33,33,8438241,0,0,0,0,0,0,0,0,0,33,33,8438241,0,0,0,0,0,0,0,0,0
202004,51,540,3,5,Charlottesville (Independent C,24,24,7470000,2,4,450000,0,0,0,2,102,9950657,24,24,7470000,2,4,450000,0,0,0,2,102,9950657
202004,51,550,3,5,Chesapeake(Independent City)  ,379,379,109093344,0,0,0,0,0,0,0,0,0,379,379,109093344,0,0,0,0,0,0,0,0,0
202004,51,570,3,5,Colonial Heights (Independent ,1,1,300000,0,0,0,0,0,0,0,0,0,1,1,300000,0,0,0,0,0,0,0,0,0
202004,51,580,3,5,Covington (Independent City)  ,2,2,416000,0,0,0,0,0,0,0,0,0,2,2,416000,0,0,0,0,0,0,0,0,0
202004,51,600,3,5,Fairfax (Independent City)    ,2,2,614583,0,0,0,0,0,0,0,0,0,1,1,295000,0,0,0,0,0,0,0,0,0
202004,51,610,3,5,Falls Church (Independent City,4,4,1950000,0,0,0,0,0,0,0,0,0,4,4,1950000,0,0,0,0,0,0,0,0,0
202004,51,630,3,5,Fredericksburg(Independent Cit,27,27,5013000,0,0,0,0,0,0,0,0,0,27,27,5013000,0,0,0,0,0,0,0,0,0
202004,51,650,3,5,Hampton (Independent City)    ,65,65,4051796,0,0,0,0,0,0,0,0,0,0,0,0,0,0,0,0,0,0,0,0,0
202004,51,660,3,5,Harrisonburg (Independent City,17,17,3513000,0,0,0,0,0,0,1,12,1975000,17,17,3513000,0,0,0,0,0,0,1,12,1975000
202004,51,670,3,5,Hopewell (Independent City)   ,9,9,528294,0,0,0,0,0,0,1,5,430895,4,4,143900,0,0,0,0,0,0,0,0,0
202004,51,680,3,5,Lynchburg (Independent City)  ,14,14,2706975,0,0,0,0,0,0,4,69,6456592,11,11,2037536,0,0,0,0,0,0,3,52,5000000
202004,51,683,3,5,Manassas (Independent City)   ,28,28,6586315,2,4,485966,0,0,0,0,0,0,0,0,0,0,0,0,0,0,0,0,0,0
202004,51,685,3,5,Manassas Park (Independent Cit,0,0,0,0,0,0,0,0,0,0,0,0,0,0,0,0,0,0,0,0,0,0,0,0
202004,51,700,3,5,Newport News (Independent City,38,38,6613028,0,0,0,0,0,0,0,0,0,38,38,6613028,0,0,0,0,0,0,0,0,0
202004,51,710,3,5,Norfolk (Independent City)    ,148,148,34987794,2,4,797016,0,0,0,1,258,30923209,148,148,34987794,2,4,797016,0,0,0,1,258,30923209
202004,51,730,3,5,Petersburg (Independent City) ,3,3,320222,0,0,0,0,0,0,0,0,0,0,0,0,0,0,0,0,0,0,0,0,0
202004,51,735,3,5,Poquoson (Independent City)   ,4,4,1025000,0,0,0,0,0,0,0,0,0,4,4,1025000,0,0,0,0,0,0,0,0,0
202004,51,740,3,5,Portsmouth (Independent City) ,132,132,14365611,0,0,0,0,0,0,0,0,0,132,132,14365611,0,0,0,0,0,0,0,0,0
202004,51,760,3,5,Richmond (Independent City)   ,88,88,17303941,1,2,195535,0,0,0,0,0,0,88,88,17303941,1,2,195535,0,0,0,0,0,0
202004,51,800,3,5,Suffolk (Independent City)    ,158,158,37353706,0,0,0,0,0,0,0,0,0,158,158,37353706,0,0,0,0,0,0,0,0,0
202004,51,810,3,5,Virginia Beach (Independent Ci,207,207,36246803,0,0,0,0,0,0,2,445,55456825,207,207,36246803,0,0,0,0,0,0,2,445,55456825
202004,51,830,3,5,Williamsburg (Independent City,9,9,1290000,0,0,0,0,0,0,0,0,0,9,9,1290000,0,0,0,0,0,0,0,0,0
202004,53,005,4,9,Benton County                 ,300,300,92553234,4,8,1510310,0,0,0,2,16,1000000,300,300,92553234,4,8,1510310,0,0,0,2,16,1000000
202004,53,011,4,9,Clark County                  ,986,986,284133992,4,8,1168959,1,3,741518,15,565,80749150,839,839,241570335,4,8,1168959,1,3,741518,15,565,80749150
202004,53,021,4,9,Franklin County               ,168,168,45511872,0,0,0,0,0,0,0,0,0,16,16,5451215,0,0,0,0,0,0,0,0,0
202004,53,031,4,9,Jefferson County              ,41,41,10220205,0,0,0,0,0,0,0,0,0,18,18,4407357,0,0,0,0,0,0,0,0,0
202004,53,033,4,9,King County                   ,983,983,396058440,74,148,35886330,71,242,53586093,79,2538,319674051,778,778,310830779,72,144,34860710,68,232,51649665,70,2342,296539661
202004,53,035,4,9,Kitsap County                 ,231,231,70428753,1,2,265110,0,0,0,2,18,1348250,209,209,65069643,1,2,265110,0,0,0,0,0,0
202004,53,053,4,9,Pierce County                 ,868,868,250424719,13,26,4910266,6,23,3657696,14,526,72761831,856,856,246831520,12,24,4544308,5,20,3193195,13,462,64785823
202004,53,055,4,9,San Juan County               ,32,32,7777079,0,0,0,0,0,0,0,0,0,26,26,6365007,0,0,0,0,0,0,0,0,0
202004,53,059,4,9,Skamania County               ,31,31,6589870,0,0,0,0,0,0,0,0,0,31,31,6589870,0,0,0,0,0,0,0,0,0
202004,53,061,4,9,Snohomish County              ,690,690,212190832,20,40,8944245,6,24,5670549,19,617,75620317,633,633,192423143,19,38,8473180,6,24,5670549,14,501,62604081
202004,54,011,3,5,Cabell County                 ,21,21,4551212,0,0,0,1,3,153000,1,12,1454000,20,20,4121000,0,0,0,1,3,153000,1,12,1454000
202004,54,015,3,5,Clay County                   ,6,6,150000,0,0,0,0,0,0,0,0,0,3,3,75000,0,0,0,0,0,0,0,0,0
202004,54,019,3,5,Fayette County                ,12,12,1746292,0,0,0,0,0,0,0,0,0,8,8,1204075,0,0,0,0,0,0,0,0,0
202004,54,037,3,5,Jefferson County              ,84,84,20728555,1,2,410500,0,0,0,0,0,0,57,57,12894878,0,0,0,0,0,0,0,0,0
202004,54,081,3,5,Raleigh County                ,12,12,1653815,0,0,0,0,0,0,0,0,0,12,12,1653815,0,0,0,0,0,0,0,0,0
202004,55,025,2,3,Dane County                   ,393,393,140756835,11,22,6025445,1,3,447000,16,742,101871944,325,325,121018952,9,18,5310259,0,0,0,10,662,93700000
202004,55,031,2,3,Douglas County                ,12,12,3086952,1,2,450000,0,0,0,0,0,0,12,12,3086952,1,2,450000,0,0,0,0,0,0
202004,55,037,2,3,Florence County               ,1,1,48000,0,0,0,0,0,0,0,0,0,1,1,48000,0,0,0,0,0,0,0,0,0
202004,55,049,2,3,Iowa County                   ,20,20,6073940,3,6,650000,0,0,0,0,0,0,15,15,4520000,3,6,650000,0,0,0,0,0,0
202004,55,059,2,3,Kenosha County                ,52,52,15211687,1,2,400000,0,0,0,5,31,2330795,45,45,13112733,1,2,400000,0,0,0,0,0,0
202004,55,079,2,3,Milwaukee County              ,54,54,19980887,0,0,0,0,0,0,6,60,6183767,51,51,18943221,0,0,0,0,0,0,3,30,2685000
202004,55,089,2,3,Ozaukee County                ,58,58,21925416,1,2,390000,0,0,0,2,22,1635938,27,27,8581568,1,2,390000,0,0,0,1,16,1600000
202004,55,093,2,3,Pierce County                 ,40,40,10045720,0,0,0,0,0,0,1,50,6185831,39,39,9740720,0,0,0,0,0,0,1,50,6185831
202004,55,109,2,3,St. Croix County              ,136,136,35033507,4,8,2002500,1,4,612000,1,62,6500000,115,115,29591340,4,8,2002500,1,4,612000,1,62,6500000
202004,55,131,2,3,Washington County             ,74,74,23767157,6,12,1547944,0,0,0,0,0,0,41,41,12442250,3,6,750000,0,0,0,0,0,0
202004,56,029,4,8,Park County                   ,50,50,12809308,0,0,0,0,0,0,0,0,0,50,50,12809308,0,0,0,0,0,0,0,0,0
202004,56,039,4,8,Teton County                  ,35,35,57229451,1,2,623319,2,6,232998,1,5,1040398,30,30,54606050,0,0,0,0,0,0,0,0,0
